             A     R     N     D     C     Q     E     G     H     I     L     K     M     F     P     S     T     W     Y     V
1     K     0.0   0.0   0.0   0.0   0.0   0.0   0.0   0.0   0.0   0.0   0.0   1.0   0.0   0.0   0.0   0.0   0.0   0.0   0.0   0.0   
2     R     0.0   0.7   0.0   0.0   0.0   0.0   0.0   0.0   0.0   0.0   0.0   0.3   0.0   0.0   0.0   0.0   0.0   0.0   0.0   0.0   
3     L     0.0   0.17  0.0   0.0   0.0   0.32  0.0   0.0   0.0   0.3   0.21  0.0   0.0   0.0   0.0   0.0   0.0   0.0   0.0   0.0   
4     Q     0.0   0.15  0.0   0.0   0.0   0.62  0.0   0.0   0.0   0.0   0.0   0.12  0.0   0.0   0.0   0.0   0.11  0.0   0.0   0.0   
5     F     0.0   0.0   0.0   0.0   0.0   0.0   0.0   0.0   0.0   0.0   0.0   0.0   0.0   0.84  0.0   0.0   0.0   0.0   0.0   0.16  
6     N     0.0   0.16  0.42  0.0   0.0   0.0   0.0   0.0   0.0   0.0   0.0   0.0   0.13  0.0   0.0   0.14  0.0   0.0   0.0   0.15  
7     E     0.15  0.0   0.0   0.16  0.0   0.0   0.42  0.0   0.0   0.0   0.0   0.0   0.0   0.0   0.0   0.27  0.0   0.0   0.0   0.0   
8     T     0.0   0.15  0.0   0.0   0.0   0.0   0.0   0.0   0.0   0.0   0.13  0.0   0.0   0.0   0.0   0.0   0.72  0.0   0.0   0.0   
9     L     0.14  0.0   0.0   0.0   0.0   0.0   0.0   0.0   0.0   0.0   0.86  0.0   0.0   0.0   0.0   0.0   0.0   0.0   0.0   0.0   
10    S     0.0   0.0   0.0   0.0   0.0   0.0   0.0   0.0   0.0   0.0   0.0   0.0   0.0   0.0   0.0   1.0   0.0   0.0   0.0   0.0   
11    K     0.0   0.0   0.0   0.0   0.0   0.28  0.0   0.0   0.0   0.0   0.0   0.58  0.0   0.0   0.0   0.14  0.0   0.0   0.0   0.0   
12    L     0.0   0.0   0.0   0.0   0.42  0.0   0.0   0.0   0.0   0.0   0.58  0.0   0.0   0.0   0.0   0.0   0.0   0.0   0.0   0.0   
13    I     0.0   0.0   0.0   0.0   0.0   0.0   0.0   0.0   0.0   1.0   0.0   0.0   0.0   0.0   0.0   0.0   0.0   0.0   0.0   0.0   
14    L     0.0   0.0   0.0   0.0   0.0   0.0   0.0   0.0   0.0   0.0   1.0   0.0   0.0   0.0   0.0   0.0   0.0   0.0   0.0   0.0   
15    G     0.16  0.0   0.0   0.0   0.0   0.0   0.0   0.59  0.0   0.0   0.0   0.0   0.0   0.0   0.0   0.25  0.0   0.0   0.0   0.0   
16    G     0.0   0.0   0.0   0.0   0.0   0.0   0.0   1.0   0.0   0.0   0.0   0.0   0.0   0.0   0.0   0.0   0.0   0.0   0.0   0.0   
17    L     0.0   0.0   0.0   0.0   0.0   0.0   0.0   0.0   0.0   0.0   1.0   0.0   0.0   0.0   0.0   0.0   0.0   0.0   0.0   0.0   
18    R     0.0   1.0   0.0   0.0   0.0   0.0   0.0   0.0   0.0   0.0   0.0   0.0   0.0   0.0   0.0   0.0   0.0   0.0   0.0   0.0   
19    L     0.0   0.0   0.0   0.0   0.0   0.0   0.0   0.0   0.0   0.0   1.0   0.0   0.0   0.0   0.0   0.0   0.0   0.0   0.0   0.0   
20    R     0.0   1.0   0.0   0.0   0.0   0.0   0.0   0.0   0.0   0.0   0.0   0.0   0.0   0.0   0.0   0.0   0.0   0.0   0.0   0.0   
21    G     0.15  0.0   0.0   0.0   0.0   0.0   0.0   0.85  0.0   0.0   0.0   0.0   0.0   0.0   0.0   0.0   0.0   0.0   0.0   0.0   
22    I     0.0   0.0   0.0   0.0   0.0   0.0   0.0   0.0   0.0   0.56  0.16  0.0   0.0   0.0   0.0   0.0   0.0   0.0   0.0   0.28  
23    S     0.0   0.14  0.0   0.0   0.0   0.0   0.0   0.0   0.13  0.0   0.0   0.0   0.0   0.0   0.38  0.35  0.0   0.0   0.0   0.0   
24    N     0.0   0.13  0.42  0.0   0.0   0.15  0.14  0.0   0.0   0.0   0.0   0.0   0.0   0.0   0.0   0.16  0.0   0.0   0.0   0.0   
25    S     0.16  0.01  0.01  0.01  0.0   0.01  0.01  0.01  0.0   0.01  0.01  0.01  0.0   0.01  0.01  0.34  0.4   0.0   0.0   0.01  
26    I     0.02  0.01  0.01  0.01  0.01  0.24  0.16  0.02  0.01  0.2   0.03  0.18  0.01  0.01  0.01  0.02  0.02  0.0   0.01  0.02  
27    T     0.16  0.01  0.01  0.01  0.0   0.01  0.01  0.01  0.0   0.01  0.01  0.01  0.0   0.01  0.01  0.4   0.32  0.0   0.0   0.01  
28    D     0.0   0.15  0.0   0.33  0.0   0.13  0.16  0.23  0.0   0.0   0.0   0.0   0.0   0.0   0.0   0.0   0.0   0.0   0.0   0.0   
29    Y     0.0   0.0   0.0   0.0   0.0   0.0   0.0   0.0   0.13  0.0   0.0   0.0   0.0   0.23  0.0   0.0   0.16  0.0   0.48  0.0   
30    Q     0.0   0.0   0.0   0.0   0.0   0.58  0.28  0.0   0.14  0.0   0.0   0.0   0.0   0.0   0.0   0.0   0.0   0.0   0.0   0.0   
31    K     0.0   0.0   0.0   0.0   0.0   0.0   0.0   0.0   0.0   0.0   0.0   1.0   0.0   0.0   0.0   0.0   0.0   0.0   0.0   0.0   
32    L     0.0   0.0   0.0   0.0   0.0   0.0   0.0   0.0   0.0   0.26  0.74  0.0   0.0   0.0   0.0   0.0   0.0   0.0   0.0   0.0   
33    Y     0.0   0.0   0.0   0.0   0.0   0.0   0.0   0.0   0.0   0.0   0.0   0.0   0.0   0.16  0.0   0.0   0.0   0.0   0.84  0.0   
34    K     0.0   0.31  0.0   0.0   0.0   0.0   0.0   0.0   0.0   0.0   0.0   0.69  0.0   0.0   0.0   0.0   0.0   0.0   0.0   0.0   
35    I     0.15  0.0   0.0   0.0   0.0   0.0   0.0   0.0   0.0   0.36  0.0   0.0   0.39  0.0   0.0   0.0   0.0   0.0   0.0   0.09  
36    T     0.0   0.0   0.0   0.0   0.0   0.0   0.0   0.0   0.0   0.0   0.0   0.0   0.0   0.0   0.0   0.0   0.85  0.0   0.0   0.15  
37    F     0.0   0.0   0.0   0.0   0.0   0.0   0.0   0.0   0.0   0.0   0.16  0.0   0.0   0.56  0.0   0.0   0.0   0.0   0.27  0.0   
38    D     0.0   0.0   0.0   0.42  0.0   0.15  0.0   0.0   0.0   0.0   0.0   0.13  0.0   0.0   0.0   0.31  0.0   0.0   0.0   0.0   
39    A     0.88  0.0   0.0   0.0   0.0   0.0   0.0   0.0   0.0   0.0   0.0   0.0   0.0   0.0   0.0   0.0   0.12  0.0   0.0   0.0   
40    A     0.29  0.0   0.0   0.0   0.0   0.0   0.0   0.0   0.0   0.14  0.0   0.0   0.0   0.0   0.0   0.44  0.12  0.0   0.0   0.0   
41    E     0.0   0.0   0.0   0.0   0.0   0.0   1.0   0.0   0.0   0.0   0.0   0.0   0.0   0.0   0.0   0.0   0.0   0.0   0.0   0.0   
42    F     0.0   0.0   0.0   0.0   0.0   0.0   0.0   0.0   0.0   0.0   0.0   0.0   0.0   1.0   0.0   0.0   0.0   0.0   0.0   0.0   
43    T     0.81  0.0   0.0   0.0   0.0   0.0   0.0   0.0   0.0   0.0   0.0   0.0   0.0   0.0   0.0   0.0   0.19  0.0   0.0   0.0   
44    H     0.0   0.0   0.0   0.0   0.0   0.0   0.0   0.0   0.58  0.0   0.0   0.0   0.0   0.42  0.0   0.0   0.0   0.0   0.0   0.0   
45    R     0.0   1.0   0.0   0.0   0.0   0.0   0.0   0.0   0.0   0.0   0.0   0.0   0.0   0.0   0.0   0.0   0.0   0.0   0.0   0.0   
46    D     0.0   0.0   0.0   0.57  0.0   0.0   0.12  0.0   0.0   0.0   0.0   0.16  0.0   0.0   0.0   0.14  0.0   0.0   0.0   0.0   
47    E     0.0   0.0   0.0   0.16  0.0   0.0   0.84  0.0   0.0   0.0   0.0   0.0   0.0   0.0   0.0   0.0   0.0   0.0   0.0   0.0   
48    L     0.0   0.0   0.0   0.0   0.0   0.0   0.0   0.0   0.0   0.0   1.0   0.0   0.0   0.0   0.0   0.0   0.0   0.0   0.0   0.0   
49    K     0.01  0.14  0.01  0.01  0.0   0.01  0.01  0.01  0.0   0.17  0.01  0.3   0.0   0.01  0.01  0.15  0.01  0.0   0.0   0.13  
50    R     0.02  0.2   0.16  0.01  0.01  0.17  0.02  0.02  0.11  0.01  0.03  0.14  0.01  0.01  0.01  0.02  0.02  0.0   0.01  0.02  
51    I     0.17  0.02  0.02  0.02  0.01  0.02  0.02  0.03  0.01  0.21  0.32  0.02  0.01  0.01  0.02  0.03  0.02  0.01  0.01  0.02  
52    S     0.03  0.02  0.02  0.02  0.01  0.18  0.02  0.03  0.01  0.02  0.03  0.02  0.01  0.01  0.02  0.48  0.02  0.01  0.01  0.02  
53    M     0.04  0.19  0.02  0.03  0.01  0.02  0.03  0.04  0.13  0.03  0.05  0.03  0.2   0.02  0.03  0.04  0.03  0.01  0.02  0.03  
54    G     0.18  0.02  0.14  0.02  0.01  0.02  0.02  0.38  0.01  0.02  0.03  0.02  0.01  0.01  0.02  0.03  0.02  0.01  0.01  0.02  
55    S     0.16  0.01  0.01  0.01  0.0   0.01  0.14  0.01  0.17  0.01  0.01  0.01  0.0   0.01  0.01  0.3   0.13  0.0   0.0   0.01  
56    G     0.01  0.01  0.01  0.12  0.0   0.01  0.01  0.2   0.0   0.13  0.01  0.01  0.0   0.01  0.01  0.16  0.3   0.0   0.0   0.01  
57    E     0.26  0.0   0.0   0.0   0.0   0.0   0.32  0.0   0.12  0.0   0.0   0.16  0.0   0.0   0.14  0.0   0.0   0.0   0.0   0.0   
58    E     0.16  0.0   0.0   0.15  0.0   0.0   0.42  0.0   0.0   0.0   0.0   0.0   0.0   0.0   0.27  0.0   0.0   0.0   0.0   0.0   
59    V     0.0   0.0   0.0   0.0   0.0   0.0   0.0   0.0   0.0   0.56  0.0   0.0   0.0   0.0   0.0   0.0   0.0   0.0   0.0   0.44  
60    S     0.0   0.0   0.0   0.0   0.0   0.0   0.0   0.0   0.0   0.0   0.0   0.0   0.0   0.0   0.54  0.46  0.0   0.0   0.0   0.0   
61    F     0.0   0.0   0.0   0.0   0.0   0.0   0.0   0.0   0.0   0.0   0.0   0.0   0.0   1.0   0.0   0.0   0.0   0.0   0.0   0.0   
62    E     0.0   0.0   0.0   0.0   0.0   0.0   1.0   0.0   0.0   0.0   0.0   0.0   0.0   0.0   0.0   0.0   0.0   0.0   0.0   0.0   
63    S     0.15  0.0   0.0   0.12  0.0   0.14  0.16  0.0   0.0   0.0   0.0   0.0   0.0   0.0   0.0   0.32  0.11  0.0   0.0   0.0   
64    L     0.0   0.0   0.0   0.0   0.0   0.0   0.0   0.0   0.0   0.25  0.44  0.0   0.16  0.0   0.0   0.0   0.0   0.0   0.0   0.14  
65    Q     0.0   0.0   0.0   0.0   0.0   1.0   0.0   0.0   0.0   0.0   0.0   0.0   0.0   0.0   0.0   0.0   0.0   0.0   0.0   0.0   
66    E     0.0   0.0   0.0   0.28  0.0   0.0   0.72  0.0   0.0   0.0   0.0   0.0   0.0   0.0   0.0   0.0   0.0   0.0   0.0   0.0   
67    T     0.0   0.0   0.0   0.0   0.28  0.0   0.0   0.0   0.0   0.0   0.0   0.0   0.0   0.0   0.0   0.0   0.72  0.0   0.0   0.0   
68    V     0.0   0.0   0.0   0.0   0.0   0.0   0.0   0.0   0.0   0.0   0.0   0.0   0.0   0.0   0.0   0.0   0.0   0.0   0.0   1.0   
69    E     0.0   0.0   0.0   0.0   0.0   0.0   1.0   0.0   0.0   0.0   0.0   0.0   0.0   0.0   0.0   0.0   0.0   0.0   0.0   0.0   
70    T     0.0   0.0   0.0   0.0   0.0   0.0   0.0   0.0   0.0   0.0   0.0   0.0   0.0   0.0   0.0   0.0   0.89  0.0   0.0   0.11  
71    L     0.0   0.0   0.0   0.0   0.0   0.0   0.0   0.0   0.0   0.0   1.0   0.0   0.0   0.0   0.0   0.0   0.0   0.0   0.0   0.0   
72    L     0.0   0.0   0.0   0.0   0.0   0.0   0.0   0.0   0.0   0.0   1.0   0.0   0.0   0.0   0.0   0.0   0.0   0.0   0.0   0.0   
73    K     0.0   0.0   0.16  0.0   0.0   0.0   0.0   0.0   0.0   0.0   0.0   0.84  0.0   0.0   0.0   0.0   0.0   0.0   0.0   0.0   
74    L     0.0   0.0   0.0   0.0   0.0   0.0   0.0   0.0   0.0   0.0   0.86  0.0   0.0   0.0   0.0   0.0   0.0   0.0   0.0   0.14  
75    F     0.0   0.0   0.0   0.0   0.0   0.0   0.0   0.0   0.0   0.0   0.0   0.0   0.0   1.0   0.0   0.0   0.0   0.0   0.0   0.0   
76    T     0.0   0.0   0.0   0.0   0.11  0.0   0.0   0.0   0.0   0.0   0.0   0.0   0.0   0.0   0.0   0.0   0.89  0.0   0.0   0.0   
77    K     0.0   0.45  0.0   0.0   0.0   0.0   0.0   0.0   0.0   0.0   0.0   0.55  0.0   0.0   0.0   0.0   0.0   0.0   0.0   0.0   
78    S     0.0   0.0   0.16  0.0   0.0   0.0   0.0   0.0   0.0   0.0   0.0   0.0   0.0   0.0   0.0   0.71  0.13  0.0   0.0   0.0   
