             A     R     N     D     C     Q     E     G     H     I     L     K     M     F     P     S     T     W     Y     V
1     S     0.5   0.0   0.0   0.0   0.0   0.0   0.0   0.0   0.0   0.0   0.0   0.0   0.0   0.0   0.0   0.5   0.0   0.0   0.0   0.0   
2     L     0.0   0.0   0.0   0.0   0.0   0.0   0.0   0.0   0.0   0.0   1.0   0.0   0.0   0.0   0.0   0.0   0.0   0.0   0.0   0.0   
3     K     0.0   0.32  0.0   0.0   0.0   0.0   0.0   0.0   0.0   0.0   0.0   0.68  0.0   0.0   0.0   0.0   0.0   0.0   0.0   0.0   
4     E     0.09  0.0   0.0   0.32  0.0   0.0   0.14  0.0   0.0   0.0   0.0   0.0   0.0   0.0   0.45  0.0   0.0   0.0   0.0   0.0   
5     R     0.09  0.14  0.0   0.0   0.0   0.1   0.0   0.0   0.0   0.08  0.0   0.3   0.0   0.0   0.0   0.0   0.28  0.0   0.0   0.0   
6     K     0.0   0.0   0.0   0.0   0.0   0.86  0.0   0.0   0.0   0.0   0.0   0.14  0.0   0.0   0.0   0.0   0.0   0.0   0.0   0.0   
7     L     0.11  0.0   0.0   0.08  0.0   0.09  0.17  0.0   0.0   0.08  0.14  0.32  0.0   0.0   0.0   0.0   0.0   0.0   0.0   0.0   
8     A     0.35  0.0   0.0   0.0   0.0   0.0   0.43  0.0   0.0   0.08  0.0   0.08  0.0   0.0   0.0   0.0   0.0   0.0   0.0   0.05  
9     K     0.0   0.0   0.43  0.0   0.0   0.42  0.0   0.0   0.0   0.0   0.0   0.14  0.0   0.0   0.0   0.0   0.0   0.0   0.0   0.0   
10    K     0.51  0.15  0.0   0.0   0.0   0.0   0.0   0.0   0.0   0.0   0.0   0.34  0.0   0.0   0.0   0.0   0.0   0.0   0.0   0.0   
11    R     0.04  0.1   0.0   0.0   0.0   0.06  0.06  0.0   0.0   0.0   0.37  0.0   0.0   0.0   0.0   0.0   0.09  0.0   0.0   0.28  
12    D     0.0   0.0   0.0   0.1   0.0   0.06  0.0   0.0   0.0   0.0   0.56  0.0   0.0   0.09  0.0   0.0   0.0   0.0   0.19  0.0   
13    E     0.0   0.0   0.1   0.8   0.0   0.0   0.1   0.0   0.0   0.0   0.0   0.0   0.0   0.0   0.0   0.0   0.0   0.0   0.0   0.0   
14    L     0.0   0.0   0.0   0.0   0.0   0.0   0.0   0.0   0.0   0.0   0.1   0.8   0.0   0.0   0.0   0.0   0.1   0.0   0.0   0.0   
15    Q     0.0   0.0   0.0   0.0   0.0   0.72  0.0   0.0   0.0   0.0   0.0   0.28  0.0   0.0   0.0   0.0   0.0   0.0   0.0   0.0   
16    R     0.0   0.25  0.0   0.0   0.0   0.0   0.0   0.06  0.0   0.0   0.0   0.28  0.0   0.0   0.0   0.32  0.09  0.0   0.0   0.0   
17    Y     0.0   0.0   0.24  0.0   0.0   0.19  0.0   0.0   0.09  0.0   0.0   0.23  0.0   0.0   0.0   0.08  0.0   0.0   0.16  0.0   
18    V     0.0   0.0   0.0   0.0   0.0   0.0   0.0   0.0   0.0   0.62  0.28  0.0   0.0   0.0   0.0   0.0   0.0   0.0   0.0   0.1   
19    L     0.0   0.0   0.0   0.0   0.0   0.0   0.0   0.0   0.0   0.04  0.81  0.0   0.0   0.0   0.0   0.0   0.0   0.0   0.0   0.15  
20    M     0.15  0.0   0.06  0.0   0.0   0.1   0.38  0.0   0.0   0.0   0.0   0.09  0.1   0.0   0.0   0.12  0.0   0.0   0.0   0.0   
21    A     0.16  0.0   0.0   0.0   0.0   0.0   0.0   0.0   0.0   0.18  0.0   0.0   0.0   0.0   0.0   0.0   0.0   0.0   0.0   0.66  
22    A     0.9   0.0   0.0   0.0   0.0   0.0   0.0   0.0   0.0   0.0   0.0   0.0   0.0   0.0   0.0   0.1   0.0   0.0   0.0   0.0   
23    D     0.0   0.0   0.0   0.19  0.0   0.0   0.0   0.62  0.0   0.0   0.0   0.0   0.0   0.0   0.0   0.1   0.09  0.0   0.0   0.0   
24    V     0.0   0.0   0.0   0.0   0.0   0.09  0.0   0.0   0.0   0.23  0.39  0.09  0.0   0.0   0.0   0.0   0.1   0.0   0.0   0.1   
25    N     0.01  0.01  0.15  0.13  0.0   0.01  0.09  0.1   0.09  0.01  0.08  0.1   0.0   0.01  0.17  0.01  0.01  0.0   0.01  0.01  
26    L     0.14  0.01  0.01  0.01  0.0   0.07  0.1   0.01  0.0   0.01  0.18  0.01  0.12  0.01  0.11  0.01  0.07  0.0   0.01  0.1   
27    G     0.12  0.0   0.0   0.06  0.0   0.06  0.0   0.1   0.06  0.0   0.0   0.14  0.0   0.0   0.24  0.13  0.06  0.0   0.0   0.0   
28    Q     0.0   0.06  0.08  0.0   0.0   0.1   0.29  0.12  0.0   0.0   0.0   0.16  0.0   0.0   0.0   0.0   0.0   0.0   0.0   0.19  
29    G     0.06  0.0   0.18  0.06  0.0   0.0   0.0   0.33  0.0   0.0   0.0   0.0   0.0   0.0   0.0   0.08  0.19  0.0   0.0   0.09  
30    N     0.0   0.0   0.1   0.0   0.0   0.0   0.06  0.04  0.0   0.0   0.0   0.28  0.0   0.0   0.0   0.24  0.28  0.0   0.0   0.0   
31    E     0.0   0.0   0.12  0.06  0.0   0.04  0.31  0.0   0.0   0.0   0.0   0.15  0.0   0.0   0.0   0.13  0.1   0.0   0.09  0.0   
32    F     0.0   0.0   0.0   0.0   0.0   0.0   0.0   0.0   0.0   0.14  0.08  0.0   0.0   0.08  0.07  0.0   0.0   0.0   0.0   0.63  
33    R     0.0   0.08  0.0   0.0   0.0   0.11  0.07  0.05  0.0   0.0   0.07  0.18  0.0   0.15  0.16  0.08  0.0   0.0   0.0   0.03  
34    D     0.23  0.0   0.0   0.15  0.0   0.06  0.38  0.0   0.0   0.0   0.0   0.05  0.0   0.0   0.0   0.08  0.05  0.0   0.0   0.0   
35    I     0.28  0.0   0.0   0.0   0.0   0.0   0.0   0.0   0.0   0.13  0.34  0.0   0.0   0.0   0.0   0.0   0.16  0.0   0.08  0.0   
36    F     0.0   0.0   0.0   0.0   0.0   0.0   0.0   0.0   0.0   0.0   0.15  0.0   0.0   0.53  0.0   0.0   0.0   0.0   0.32  0.0   
37    A     0.71  0.0   0.03  0.07  0.0   0.12  0.0   0.0   0.0   0.0   0.0   0.0   0.0   0.0   0.0   0.0   0.07  0.0   0.0   0.0   
38    K     0.0   0.0   0.17  0.0   0.0   0.1   0.21  0.0   0.0   0.0   0.0   0.24  0.0   0.0   0.0   0.07  0.2   0.0   0.0   0.0   
39    S     0.0   0.24  0.05  0.0   0.0   0.0   0.0   0.15  0.0   0.0   0.0   0.0   0.0   0.29  0.0   0.11  0.0   0.0   0.16  0.0   
40    V     0.0   0.0   0.0   0.0   0.0   0.0   0.0   0.0   0.0   0.52  0.15  0.0   0.0   0.0   0.0   0.0   0.0   0.0   0.0   0.33  
41    K     0.0   0.25  0.0   0.0   0.0   0.0   0.45  0.0   0.0   0.0   0.0   0.08  0.0   0.0   0.0   0.0   0.22  0.0   0.0   0.0   
42    P     0.28  0.0   0.0   0.0   0.0   0.05  0.0   0.0   0.0   0.0   0.0   0.0   0.0   0.0   0.56  0.0   0.0   0.0   0.0   0.12  
43    L     0.0   0.4   0.0   0.0   0.0   0.0   0.0   0.0   0.0   0.0   0.48  0.12  0.0   0.0   0.0   0.0   0.0   0.0   0.0   0.0   
44    L     0.0   0.0   0.0   0.0   0.0   0.0   0.0   0.0   0.0   0.05  0.63  0.0   0.0   0.05  0.0   0.0   0.0   0.0   0.0   0.27  
45    I     0.07  0.0   0.15  0.0   0.0   0.0   0.0   0.0   0.0   0.11  0.05  0.0   0.0   0.0   0.0   0.0   0.18  0.0   0.0   0.44  
46    N     0.0   0.0   0.08  0.77  0.0   0.0   0.0   0.15  0.0   0.0   0.0   0.0   0.0   0.0   0.0   0.0   0.0   0.0   0.0   0.0   
47    L     0.07  0.0   0.0   0.0   0.0   0.0   0.0   0.01  0.0   0.0   0.6   0.0   0.0   0.16  0.0   0.06  0.06  0.0   0.0   0.0   
48    D     0.21  0.0   0.09  0.08  0.0   0.31  0.04  0.0   0.0   0.0   0.0   0.13  0.0   0.0   0.0   0.0   0.15  0.0   0.0   0.0   
49    T     0.01  0.0   0.0   0.0   0.0   0.0   0.0   0.12  0.0   0.0   0.07  0.0   0.0   0.0   0.0   0.13  0.63  0.0   0.0   0.0   
50    G     0.0   0.0   0.12  0.0   0.0   0.0   0.0   0.73  0.0   0.0   0.0   0.0   0.0   0.0   0.0   0.15  0.0   0.0   0.0   0.0   
51    K     0.0   0.0   0.07  0.2   0.0   0.07  0.18  0.0   0.0   0.0   0.12  0.14  0.0   0.0   0.0   0.0   0.22  0.0   0.0   0.0   
52    V     0.0   0.0   0.0   0.0   0.0   0.0   0.0   0.0   0.0   0.11  0.11  0.0   0.06  0.34  0.0   0.1   0.0   0.0   0.14  0.13  
53    D     0.0   0.0   0.0   0.18  0.0   0.0   0.26  0.0   0.0   0.0   0.0   0.05  0.0   0.0   0.0   0.17  0.09  0.0   0.0   0.21  
54    S     0.01  0.12  0.01  0.11  0.0   0.22  0.09  0.01  0.0   0.01  0.02  0.18  0.0   0.11  0.01  0.08  0.01  0.0   0.01  0.01  
55    D     0.12  0.0   0.12  0.27  0.0   0.15  0.2   0.03  0.0   0.0   0.0   0.0   0.0   0.0   0.0   0.0   0.0   0.0   0.0   0.11  
56    A     0.3   0.0   0.0   0.11  0.0   0.07  0.0   0.12  0.0   0.06  0.07  0.0   0.0   0.0   0.1   0.03  0.0   0.0   0.0   0.11  
57    N     0.24  0.0   0.26  0.18  0.0   0.0   0.01  0.01  0.11  0.0   0.01  0.01  0.0   0.0   0.12  0.01  0.04  0.0   0.0   0.01  
58    V     0.29  0.11  0.11  0.0   0.0   0.05  0.0   0.0   0.0   0.0   0.0   0.0   0.0   0.0   0.18  0.0   0.05  0.0   0.0   0.18  
59    L     0.17  0.0   0.0   0.0   0.0   0.11  0.11  0.0   0.0   0.07  0.24  0.05  0.0   0.05  0.05  0.04  0.09  0.0   0.0   0.0   
60    D     0.03  0.0   0.35  0.17  0.0   0.11  0.13  0.12  0.0   0.0   0.0   0.0   0.0   0.0   0.0   0.0   0.07  0.0   0.0   0.0   
61    F     0.0   0.05  0.0   0.0   0.0   0.0   0.0   0.0   0.0   0.0   0.11  0.0   0.11  0.34  0.0   0.0   0.0   0.0   0.36  0.0   
62    D     0.0   0.0   0.0   0.52  0.0   0.11  0.11  0.0   0.0   0.06  0.0   0.0   0.0   0.06  0.0   0.1   0.0   0.0   0.0   0.0   
63    E     0.15  0.0   0.11  0.0   0.0   0.23  0.3   0.0   0.0   0.0   0.11  0.0   0.0   0.0   0.07  0.0   0.0   0.0   0.0   0.0   
64    R     0.1   0.3   0.0   0.11  0.0   0.0   0.0   0.0   0.0   0.0   0.18  0.17  0.0   0.11  0.0   0.0   0.0   0.0   0.0   0.0   
65    M     0.05  0.0   0.0   0.11  0.0   0.0   0.04  0.0   0.06  0.05  0.16  0.26  0.18  0.0   0.0   0.0   0.0   0.0   0.06  0.0   
66    A     0.41  0.05  0.0   0.0   0.0   0.34  0.0   0.0   0.0   0.0   0.0   0.0   0.0   0.05  0.0   0.11  0.0   0.0   0.0   0.0   
67    A     0.38  0.0   0.0   0.14  0.0   0.05  0.06  0.05  0.05  0.0   0.01  0.01  0.0   0.0   0.0   0.07  0.01  0.0   0.0   0.14  
68    I     0.01  0.0   0.13  0.0   0.0   0.0   0.09  0.01  0.0   0.06  0.01  0.43  0.0   0.0   0.09  0.06  0.01  0.0   0.0   0.09  
69    N     0.1   0.0   0.15  0.38  0.09  0.04  0.03  0.0   0.0   0.0   0.0   0.0   0.0   0.0   0.13  0.0   0.09  0.0   0.0   0.0   
70    P     0.15  0.0   0.02  0.0   0.0   0.0   0.0   0.05  0.0   0.0   0.08  0.0   0.04  0.0   0.52  0.07  0.0   0.0   0.07  0.0   
71    E     0.33  0.0   0.0   0.17  0.0   0.08  0.09  0.0   0.05  0.0   0.0   0.07  0.0   0.0   0.0   0.1   0.0   0.0   0.0   0.11  
72    T     0.08  0.03  0.0   0.0   0.0   0.16  0.16  0.0   0.0   0.08  0.13  0.0   0.0   0.14  0.0   0.0   0.12  0.0   0.0   0.11  
73    S     0.15  0.0   0.0   0.0   0.0   0.11  0.09  0.0   0.04  0.0   0.0   0.0   0.0   0.0   0.0   0.42  0.07  0.0   0.12  0.0   
74    S     0.09  0.0   0.07  0.17  0.0   0.05  0.0   0.04  0.07  0.25  0.04  0.0   0.08  0.0   0.05  0.06  0.04  0.0   0.0   0.0   
75    T     0.09  0.08  0.07  0.07  0.0   0.05  0.0   0.0   0.04  0.0   0.09  0.07  0.0   0.0   0.03  0.07  0.24  0.0   0.0   0.09  
76    P     0.33  0.0   0.07  0.0   0.0   0.06  0.0   0.0   0.0   0.0   0.0   0.0   0.0   0.0   0.5   0.04  0.0   0.0   0.0   0.0   
77    K     0.18  0.0   0.0   0.05  0.0   0.0   0.29  0.0   0.0   0.0   0.25  0.06  0.0   0.05  0.0   0.0   0.07  0.0   0.0   0.06  
78    K     0.1   0.0   0.0   0.11  0.0   0.12  0.1   0.07  0.04  0.0   0.18  0.15  0.0   0.0   0.0   0.06  0.0   0.0   0.08  0.0   
79    D     0.0   0.0   0.07  0.7   0.0   0.0   0.0   0.0   0.0   0.0   0.04  0.0   0.0   0.0   0.0   0.0   0.0   0.0   0.07  0.12  
80    I     0.01  0.0   0.0   0.03  0.0   0.0   0.07  0.0   0.0   0.29  0.04  0.23  0.07  0.05  0.0   0.0   0.0   0.0   0.0   0.19  
81    A     0.59  0.05  0.0   0.0   0.06  0.0   0.09  0.0   0.0   0.0   0.05  0.0   0.0   0.0   0.0   0.0   0.0   0.0   0.11  0.0   
82    K     0.08  0.03  0.04  0.07  0.07  0.0   0.05  0.1   0.0   0.0   0.01  0.26  0.0   0.0   0.07  0.06  0.05  0.0   0.06  0.04  
83    I     0.0   0.0   0.05  0.0   0.0   0.0   0.0   0.0   0.07  0.73  0.11  0.0   0.0   0.0   0.0   0.0   0.0   0.0   0.0   0.0   
84    K     0.1   0.27  0.0   0.0   0.0   0.03  0.0   0.0   0.0   0.05  0.23  0.15  0.0   0.0   0.0   0.05  0.05  0.0   0.0   0.06  
85    T     0.14  0.23  0.0   0.05  0.0   0.0   0.0   0.0   0.04  0.0   0.01  0.0   0.04  0.0   0.0   0.2   0.16  0.0   0.0   0.1   
86    R     0.05  0.45  0.16  0.05  0.0   0.0   0.15  0.0   0.0   0.0   0.05  0.06  0.0   0.0   0.0   0.0   0.0   0.0   0.0   0.0   
87    A     0.37  0.0   0.05  0.04  0.0   0.0   0.18  0.0   0.0   0.0   0.0   0.0   0.0   0.0   0.04  0.09  0.19  0.0   0.0   0.0   
88    N     0.04  0.05  0.32  0.03  0.0   0.0   0.26  0.05  0.0   0.0   0.0   0.19  0.0   0.0   0.0   0.03  0.0   0.0   0.0   0.0   
89    D     0.07  0.0   0.04  0.14  0.0   0.07  0.0   0.04  0.0   0.0   0.12  0.06  0.0   0.03  0.04  0.0   0.23  0.0   0.11  0.05  
90    A     0.32  0.0   0.0   0.0   0.0   0.0   0.0   0.13  0.06  0.04  0.14  0.0   0.1   0.0   0.0   0.0   0.11  0.0   0.0   0.06  
91    R     0.0   0.25  0.0   0.0   0.0   0.0   0.24  0.0   0.04  0.03  0.03  0.06  0.06  0.0   0.02  0.12  0.04  0.0   0.0   0.1   
92    V     0.12  0.02  0.0   0.0   0.0   0.0   0.0   0.02  0.0   0.12  0.15  0.0   0.0   0.0   0.04  0.03  0.0   0.0   0.0   0.49  
93    F     0.06  0.0   0.0   0.0   0.0   0.0   0.0   0.0   0.0   0.0   0.0   0.0   0.02  0.08  0.0   0.04  0.0   0.07  0.71  0.02  
94    K     0.0   0.02  0.0   0.05  0.0   0.05  0.0   0.0   0.0   0.17  0.46  0.09  0.0   0.02  0.04  0.0   0.0   0.0   0.06  0.03  
95    V     0.34  0.0   0.0   0.0   0.0   0.0   0.0   0.11  0.0   0.06  0.06  0.0   0.0   0.0   0.0   0.0   0.0   0.0   0.0   0.44  
96    F     0.27  0.14  0.0   0.0   0.0   0.03  0.04  0.01  0.0   0.03  0.03  0.17  0.0   0.09  0.0   0.06  0.06  0.0   0.0   0.05  
97    D     0.02  0.13  0.02  0.12  0.0   0.09  0.0   0.04  0.0   0.0   0.03  0.36  0.01  0.0   0.0   0.08  0.09  0.0   0.0   0.0   
98    D     0.05  0.03  0.31  0.25  0.0   0.03  0.07  0.02  0.0   0.02  0.03  0.1   0.0   0.0   0.0   0.08  0.0   0.0   0.0   0.0   
99    S     0.1   0.0   0.05  0.07  0.0   0.03  0.0   0.44  0.02  0.0   0.02  0.08  0.02  0.0   0.06  0.08  0.0   0.0   0.0   0.0   
100   G     0.0   0.0   0.04  0.11  0.0   0.12  0.14  0.39  0.01  0.0   0.0   0.1   0.0   0.0   0.0   0.04  0.03  0.0   0.0   0.02  
101   K     0.11  0.0   0.06  0.05  0.0   0.16  0.06  0.01  0.04  0.0   0.0   0.17  0.0   0.0   0.21  0.03  0.03  0.0   0.0   0.07  
102   L     0.02  0.0   0.0   0.0   0.0   0.0   0.0   0.0   0.0   0.17  0.09  0.03  0.0   0.0   0.09  0.03  0.15  0.0   0.0   0.42  
103   S     0.23  0.02  0.02  0.03  0.0   0.05  0.04  0.11  0.0   0.04  0.0   0.0   0.0   0.0   0.0   0.17  0.15  0.0   0.0   0.13  
104   S     0.52  0.0   0.0   0.0   0.0   0.08  0.0   0.07  0.0   0.05  0.02  0.1   0.0   0.0   0.0   0.07  0.03  0.0   0.05  0.01  
105   V     0.19  0.0   0.0   0.0   0.0   0.0   0.0   0.0   0.0   0.18  0.1   0.0   0.0   0.0   0.0   0.0   0.07  0.0   0.11  0.34  
106   V     0.12  0.0   0.0   0.0   0.0   0.0   0.0   0.0   0.0   0.46  0.07  0.0   0.0   0.0   0.0   0.0   0.03  0.0   0.0   0.31  
107   V     0.0   0.0   0.0   0.0   0.0   0.0   0.31  0.0   0.0   0.07  0.26  0.05  0.04  0.1   0.0   0.0   0.0   0.0   0.03  0.13  
108   P     0.09  0.0   0.0   0.0   0.0   0.07  0.19  0.0   0.0   0.0   0.0   0.0   0.0   0.0   0.39  0.1   0.17  0.0   0.0   0.0   
109   F     0.08  0.05  0.0   0.0   0.0   0.0   0.0   0.05  0.0   0.33  0.05  0.0   0.06  0.05  0.0   0.0   0.18  0.0   0.0   0.16  
110   Y     0.39  0.03  0.05  0.0   0.0   0.0   0.06  0.0   0.1   0.0   0.0   0.02  0.0   0.0   0.05  0.11  0.08  0.0   0.11  0.0   
111   G     0.07  0.0   0.0   0.0   0.0   0.05  0.0   0.38  0.0   0.0   0.0   0.0   0.0   0.0   0.39  0.04  0.07  0.0   0.0   0.0   
112   K     0.0   0.0   0.13  0.44  0.0   0.0   0.0   0.0   0.0   0.0   0.0   0.11  0.0   0.08  0.02  0.06  0.02  0.0   0.06  0.08  
113   G     0.0   0.0   0.0   0.0   0.0   0.0   0.0   1.0   0.0   0.0   0.0   0.0   0.0   0.0   0.0   0.0   0.0   0.0   0.0   0.0   
114   L     0.05  0.0   0.0   0.0   0.0   0.0   0.0   0.0   0.0   0.0   0.32  0.0   0.0   0.0   0.0   0.0   0.0   0.0   0.63  0.0   
115   W     0.09  0.0   0.12  0.0   0.0   0.05  0.0   0.1   0.0   0.0   0.0   0.0   0.0   0.0   0.0   0.32  0.0   0.32  0.0   0.0   
116   S     0.0   0.0   0.0   0.0   0.0   0.0   0.0   0.75  0.0   0.0   0.0   0.0   0.0   0.0   0.0   0.25  0.0   0.0   0.0   0.0   
117   M     0.3   0.03  0.1   0.01  0.0   0.03  0.07  0.0   0.0   0.02  0.0   0.0   0.22  0.0   0.11  0.03  0.03  0.0   0.0   0.04  
118   I     0.0   0.0   0.0   0.0   0.0   0.0   0.0   0.0   0.0   0.74  0.03  0.0   0.19  0.0   0.0   0.0   0.0   0.0   0.0   0.04  
119   Y     0.0   0.13  0.03  0.01  0.0   0.19  0.06  0.0   0.04  0.0   0.0   0.17  0.0   0.0   0.0   0.03  0.0   0.0   0.31  0.03  
120   G     0.1   0.0   0.0   0.0   0.0   0.03  0.0   0.22  0.0   0.1   0.37  0.0   0.06  0.0   0.0   0.0   0.0   0.0   0.0   0.11  
121   Y     0.0   0.0   0.0   0.0   0.0   0.0   0.0   0.0   0.0   0.18  0.44  0.0   0.0   0.26  0.0   0.0   0.0   0.0   0.07  0.04  
122   V     0.05  0.0   0.0   0.0   0.0   0.0   0.0   0.0   0.0   0.08  0.12  0.0   0.05  0.0   0.0   0.0   0.07  0.0   0.0   0.63  
123   A     0.44  0.0   0.0   0.0   0.0   0.0   0.0   0.49  0.0   0.0   0.0   0.0   0.0   0.0   0.0   0.06  0.0   0.0   0.0   0.0   
124   V     0.2   0.0   0.0   0.0   0.0   0.0   0.0   0.0   0.0   0.26  0.17  0.0   0.01  0.0   0.0   0.0   0.0   0.0   0.0   0.37  
125   E     0.06  0.0   0.03  0.3   0.0   0.08  0.17  0.0   0.0   0.0   0.0   0.06  0.0   0.02  0.0   0.13  0.08  0.0   0.06  0.0   
126   P     0.13  0.0   0.06  0.0   0.0   0.0   0.0   0.05  0.0   0.04  0.05  0.05  0.0   0.16  0.2   0.12  0.14  0.0   0.0   0.0   
127   D     0.01  0.0   0.12  0.59  0.0   0.05  0.03  0.0   0.04  0.0   0.0   0.09  0.0   0.0   0.0   0.05  0.01  0.0   0.0   0.0   
128   F     0.07  0.0   0.03  0.0   0.0   0.0   0.0   0.79  0.0   0.0   0.03  0.0   0.0   0.08  0.0   0.0   0.0   0.0   0.0   0.0   
129   N     0.02  0.08  0.3   0.05  0.0   0.01  0.11  0.04  0.01  0.01  0.02  0.19  0.01  0.01  0.01  0.08  0.01  0.0   0.01  0.02  
130   T     0.02  0.01  0.01  0.01  0.0   0.01  0.02  0.02  0.01  0.11  0.02  0.04  0.02  0.01  0.01  0.02  0.54  0.0   0.01  0.1   
131   I     0.0   0.0   0.0   0.0   0.0   0.0   0.0   0.0   0.0   0.39  0.06  0.0   0.0   0.0   0.0   0.0   0.0   0.0   0.0   0.55  
132   K     0.05  0.02  0.11  0.05  0.0   0.0   0.0   0.0   0.0   0.0   0.47  0.03  0.0   0.0   0.0   0.1   0.13  0.0   0.01  0.0   
133   G     0.04  0.0   0.0   0.0   0.0   0.0   0.0   0.92  0.0   0.0   0.0   0.0   0.0   0.04  0.0   0.0   0.0   0.0   0.0   0.0   
134   V     0.04  0.0   0.0   0.0   0.0   0.0   0.0   0.0   0.0   0.22  0.02  0.0   0.0   0.08  0.0   0.06  0.17  0.0   0.0   0.4   
135   V     0.04  0.54  0.0   0.0   0.02  0.05  0.0   0.03  0.0   0.04  0.0   0.0   0.0   0.0   0.0   0.02  0.23  0.0   0.0   0.03  
136   V     0.0   0.0   0.0   0.0   0.0   0.0   0.0   0.0   0.0   0.04  0.0   0.0   0.0   0.03  0.0   0.0   0.07  0.08  0.19  0.59  
137   Y     0.0   0.0   0.0   0.0   0.0   0.02  0.0   0.0   0.0   0.09  0.36  0.0   0.05  0.0   0.0   0.0   0.1   0.0   0.33  0.04  
138   E     0.06  0.0   0.02  0.06  0.0   0.12  0.31  0.02  0.0   0.0   0.0   0.09  0.0   0.0   0.0   0.31  0.02  0.0   0.0   0.0   
139   H     0.0   0.0   0.0   0.0   0.0   0.2   0.0   0.0   0.75  0.0   0.0   0.0   0.0   0.0   0.0   0.04  0.0   0.0   0.0   0.0   
140   G     0.02  0.02  0.13  0.0   0.0   0.16  0.0   0.3   0.15  0.0   0.0   0.13  0.0   0.0   0.0   0.05  0.04  0.0   0.0   0.0   
141   E     0.0   0.0   0.0   0.0   0.0   0.0   1.0   0.0   0.0   0.0   0.0   0.0   0.0   0.0   0.0   0.0   0.0   0.0   0.0   0.0   
142   T     0.0   0.0   0.0   0.0   0.0   0.0   0.0   0.0   0.0   0.0   0.0   0.0   0.0   0.0   0.0   0.0   1.0   0.0   0.0   0.0   
143   P     0.02  0.0   0.0   0.0   0.0   0.0   0.0   0.0   0.0   0.0   0.0   0.0   0.0   0.0   0.98  0.0   0.0   0.0   0.0   0.0   
144   G     0.0   0.0   0.0   0.0   0.0   0.0   0.0   1.0   0.0   0.0   0.0   0.0   0.0   0.0   0.0   0.0   0.0   0.0   0.0   0.0   
145   I     0.0   0.0   0.0   0.0   0.0   0.0   0.0   0.0   0.0   0.09  0.91  0.0   0.0   0.0   0.0   0.0   0.0   0.0   0.0   0.0   
146   G     0.03  0.0   0.0   0.0   0.0   0.0   0.0   0.97  0.0   0.0   0.0   0.0   0.0   0.0   0.0   0.0   0.0   0.0   0.0   0.0   
147   D     0.21  0.0   0.0   0.57  0.0   0.0   0.0   0.22  0.0   0.0   0.0   0.0   0.0   0.0   0.0   0.0   0.0   0.0   0.0   0.0   
148   F     0.0   0.02  0.12  0.0   0.0   0.0   0.34  0.0   0.0   0.0   0.05  0.44  0.0   0.03  0.0   0.0   0.0   0.0   0.0   0.0   
149   V     0.09  0.0   0.0   0.0   0.0   0.0   0.0   0.0   0.0   0.72  0.0   0.0   0.0   0.0   0.0   0.0   0.0   0.0   0.0   0.19  
150   T     0.08  0.01  0.0   0.2   0.0   0.0   0.36  0.05  0.0   0.0   0.0   0.0   0.0   0.0   0.0   0.15  0.15  0.0   0.0   0.0   
151   D     0.0   0.05  0.29  0.03  0.0   0.0   0.0   0.04  0.0   0.16  0.04  0.2   0.0   0.0   0.0   0.0   0.09  0.0   0.0   0.09  
152   P     0.0   0.0   0.0   0.09  0.0   0.0   0.0   0.0   0.0   0.0   0.0   0.0   0.0   0.0   0.37  0.43  0.07  0.0   0.0   0.0   
153   H     0.02  0.04  0.19  0.3   0.0   0.06  0.07  0.0   0.03  0.02  0.02  0.05  0.0   0.0   0.02  0.13  0.0   0.0   0.0   0.06  
154   W     0.0   0.0   0.0   0.0   0.0   0.0   0.0   0.0   0.0   0.0   0.0   0.0   0.0   0.05  0.0   0.0   0.0   0.91  0.0   0.0   
155   L     0.02  0.1   0.05  0.0   0.0   0.19  0.0   0.0   0.0   0.38  0.04  0.03  0.0   0.0   0.0   0.0   0.0   0.0   0.0   0.17  
156   S     0.12  0.02  0.06  0.12  0.0   0.04  0.05  0.05  0.02  0.0   0.13  0.09  0.0   0.0   0.0   0.06  0.21  0.0   0.0   0.0   
157   L     0.05  0.06  0.04  0.0   0.0   0.27  0.0   0.18  0.06  0.0   0.08  0.11  0.0   0.0   0.0   0.13  0.0   0.0   0.0   0.01  
158   W     0.0   0.0   0.0   0.0   0.0   0.0   0.0   0.0   0.0   0.0   0.0   0.0   0.0   0.89  0.0   0.0   0.0   0.11  0.0   0.0   
159   K     0.09  0.1   0.07  0.05  0.0   0.04  0.02  0.0   0.0   0.03  0.04  0.07  0.0   0.0   0.02  0.1   0.11  0.0   0.04  0.22  
160   G     0.0   0.0   0.06  0.04  0.0   0.02  0.0   0.85  0.0   0.0   0.0   0.0   0.0   0.0   0.0   0.0   0.0   0.0   0.0   0.0   
161   K     0.01  0.03  0.01  0.02  0.0   0.16  0.01  0.01  0.0   0.01  0.02  0.62  0.04  0.0   0.01  0.01  0.01  0.0   0.0   0.03  
162   Q     0.01  0.03  0.04  0.01  0.0   0.12  0.01  0.01  0.02  0.01  0.03  0.33  0.0   0.01  0.01  0.14  0.13  0.0   0.01  0.06  
163   L     0.01  0.01  0.01  0.01  0.0   0.01  0.01  0.01  0.0   0.15  0.46  0.01  0.04  0.01  0.01  0.01  0.01  0.0   0.0   0.24  
164   F     0.02  0.04  0.02  0.01  0.01  0.03  0.04  0.03  0.03  0.05  0.02  0.03  0.01  0.35  0.01  0.08  0.06  0.0   0.1   0.03  
165   D     0.01  0.01  0.09  0.28  0.0   0.04  0.03  0.06  0.0   0.01  0.12  0.05  0.0   0.01  0.01  0.13  0.1   0.0   0.01  0.04  
166   D     0.26  0.0   0.0   0.28  0.0   0.04  0.15  0.11  0.0   0.0   0.04  0.0   0.0   0.0   0.02  0.08  0.0   0.0   0.0   0.0   
167   K     0.02  0.0   0.19  0.14  0.0   0.12  0.05  0.01  0.01  0.0   0.07  0.18  0.0   0.0   0.05  0.13  0.02  0.0   0.0   0.0   
168   G     0.09  0.0   0.1   0.18  0.0   0.0   0.04  0.14  0.12  0.03  0.0   0.05  0.0   0.0   0.09  0.02  0.11  0.01  0.01  0.0   
169   K     0.07  0.0   0.04  0.19  0.0   0.11  0.09  0.0   0.0   0.0   0.04  0.23  0.0   0.0   0.08  0.02  0.04  0.0   0.0   0.05  
170   F     0.12  0.03  0.01  0.17  0.0   0.03  0.05  0.02  0.0   0.01  0.17  0.04  0.02  0.04  0.16  0.04  0.03  0.0   0.0   0.06  
171   A     0.34  0.07  0.0   0.16  0.0   0.02  0.06  0.15  0.04  0.0   0.01  0.01  0.0   0.04  0.0   0.06  0.01  0.01  0.0   0.01  
172   M     0.01  0.02  0.01  0.01  0.0   0.03  0.01  0.01  0.03  0.12  0.31  0.01  0.03  0.06  0.01  0.01  0.05  0.23  0.0   0.04  
173   R     0.13  0.09  0.01  0.01  0.0   0.05  0.08  0.01  0.04  0.01  0.05  0.21  0.0   0.0   0.01  0.08  0.07  0.07  0.03  0.05  
174   L     0.06  0.01  0.01  0.01  0.0   0.0   0.01  0.01  0.0   0.12  0.14  0.06  0.0   0.0   0.01  0.01  0.01  0.0   0.0   0.54  
175   V     0.01  0.11  0.01  0.01  0.0   0.03  0.01  0.08  0.0   0.09  0.01  0.23  0.0   0.0   0.01  0.01  0.05  0.0   0.0   0.34  
176   K     0.0   0.03  0.0   0.0   0.0   0.0   0.0   0.0   0.0   0.0   0.01  0.88  0.0   0.0   0.0   0.0   0.0   0.0   0.04  0.0   
177   G     0.01  0.03  0.1   0.25  0.0   0.0   0.04  0.46  0.0   0.01  0.01  0.01  0.0   0.0   0.01  0.01  0.01  0.0   0.05  0.01  
178   G     0.06  0.03  0.01  0.01  0.0   0.02  0.01  0.52  0.0   0.01  0.01  0.01  0.0   0.01  0.01  0.12  0.05  0.12  0.0   0.01  
179   V     0.27  0.01  0.01  0.01  0.0   0.01  0.01  0.4   0.0   0.01  0.01  0.01  0.0   0.01  0.01  0.03  0.05  0.0   0.0   0.15  
180   K     0.04  0.01  0.01  0.18  0.0   0.12  0.05  0.01  0.0   0.01  0.02  0.14  0.0   0.01  0.13  0.11  0.01  0.0   0.01  0.13  
181   E     0.1   0.02  0.02  0.07  0.01  0.09  0.12  0.03  0.01  0.02  0.04  0.16  0.01  0.02  0.13  0.03  0.03  0.01  0.02  0.04  
182   G     0.03  0.04  0.06  0.02  0.01  0.05  0.03  0.19  0.01  0.02  0.04  0.32  0.01  0.02  0.02  0.07  0.02  0.01  0.01  0.03  
183   D     0.13  0.02  0.06  0.27  0.01  0.02  0.04  0.03  0.01  0.02  0.04  0.03  0.01  0.02  0.02  0.19  0.03  0.01  0.01  0.03  
184   I     0.05  0.04  0.04  0.02  0.01  0.02  0.19  0.2   0.01  0.06  0.08  0.03  0.01  0.02  0.04  0.03  0.1   0.01  0.01  0.03  
185   H     0.03  0.02  0.06  0.02  0.01  0.02  0.03  0.22  0.26  0.02  0.04  0.07  0.01  0.02  0.02  0.11  0.02  0.01  0.01  0.03  
186   G     0.08  0.01  0.09  0.02  0.01  0.13  0.08  0.2   0.01  0.01  0.03  0.05  0.05  0.01  0.01  0.09  0.04  0.0   0.01  0.06  
187   V     0.0   0.0   0.0   0.0   0.0   0.0   0.0   0.0   0.0   0.29  0.0   0.0   0.0   0.44  0.0   0.0   0.0   0.0   0.0   0.27  
188   D     0.0   0.0   0.0   0.85  0.0   0.09  0.06  0.0   0.0   0.0   0.0   0.0   0.0   0.0   0.0   0.0   0.0   0.0   0.0   0.0   
189   A     0.21  0.0   0.0   0.0   0.0   0.54  0.0   0.25  0.0   0.0   0.0   0.0   0.0   0.0   0.0   0.0   0.0   0.0   0.0   0.0   
190   V     0.0   0.0   0.0   0.0   0.0   0.0   0.0   0.0   0.0   0.19  0.19  0.0   0.04  0.54  0.0   0.0   0.0   0.0   0.0   0.03  
191   S     0.12  0.0   0.0   0.0   0.0   0.0   0.0   0.0   0.0   0.0   0.0   0.0   0.0   0.0   0.0   0.4   0.49  0.0   0.0   0.0   
192   G     0.0   0.0   0.0   0.0   0.0   0.0   0.0   1.0   0.0   0.0   0.0   0.0   0.0   0.0   0.0   0.0   0.0   0.0   0.0   0.0   
193   A     0.93  0.0   0.0   0.0   0.0   0.0   0.0   0.0   0.0   0.0   0.0   0.0   0.0   0.0   0.0   0.07  0.0   0.0   0.0   0.0   
194   T     0.0   0.0   0.0   0.0   0.0   0.0   0.0   0.0   0.0   0.0   0.0   0.0   0.0   0.0   0.0   0.02  0.98  0.0   0.0   0.0   
195   M     0.0   0.0   0.0   0.0   0.0   0.0   0.0   0.0   0.0   0.65  0.29  0.0   0.03  0.0   0.0   0.0   0.0   0.0   0.0   0.02  
196   T     0.0   0.0   0.0   0.0   0.0   0.0   0.0   0.0   0.0   0.0   0.0   0.0   0.0   0.0   0.0   0.05  0.95  0.0   0.0   0.0   
197   G     0.0   0.0   0.0   0.0   0.08  0.0   0.0   0.08  0.0   0.0   0.0   0.0   0.0   0.0   0.54  0.31  0.0   0.0   0.0   0.0   
198   R     0.0   0.49  0.22  0.0   0.0   0.11  0.0   0.0   0.0   0.0   0.02  0.16  0.0   0.0   0.0   0.0   0.0   0.0   0.0   0.0   
199   G     0.61  0.0   0.0   0.0   0.0   0.0   0.0   0.32  0.0   0.0   0.0   0.0   0.0   0.0   0.0   0.06  0.0   0.0   0.0   0.0   
200   V     0.0   0.0   0.0   0.0   0.0   0.0   0.0   0.0   0.0   0.03  0.0   0.0   0.0   0.0   0.0   0.0   0.0   0.0   0.07  0.9   
201   Q     0.0   0.0   0.02  0.05  0.0   0.17  0.0   0.0   0.0   0.04  0.02  0.0   0.01  0.0   0.0   0.03  0.19  0.0   0.0   0.45  
202   R     0.0   0.07  0.36  0.05  0.0   0.0   0.08  0.11  0.04  0.0   0.01  0.23  0.0   0.0   0.0   0.06  0.0   0.0   0.0   0.0   
203   A     0.48  0.0   0.0   0.0   0.0   0.02  0.0   0.12  0.0   0.0   0.03  0.0   0.0   0.0   0.0   0.21  0.15  0.0   0.0   0.0   
204   M     0.0   0.0   0.0   0.0   0.0   0.0   0.0   0.0   0.0   0.1   0.08  0.0   0.03  0.22  0.0   0.0   0.0   0.0   0.04  0.53  
205   E     0.06  0.04  0.08  0.09  0.0   0.0   0.04  0.0   0.16  0.0   0.0   0.47  0.0   0.0   0.0   0.04  0.0   0.0   0.0   0.02  
206   F     0.01  0.16  0.16  0.01  0.0   0.07  0.01  0.01  0.03  0.01  0.01  0.01  0.06  0.25  0.01  0.01  0.03  0.0   0.09  0.08  
207   W     0.01  0.01  0.01  0.01  0.0   0.0   0.01  0.01  0.0   0.01  0.01  0.01  0.0   0.0   0.01  0.27  0.18  0.45  0.0   0.01  
208   F     0.11  0.0   0.0   0.0   0.0   0.0   0.07  0.0   0.0   0.07  0.43  0.0   0.0   0.23  0.0   0.0   0.0   0.0   0.0   0.06  
209   G     0.34  0.0   0.0   0.0   0.0   0.0   0.0   0.42  0.0   0.0   0.09  0.0   0.0   0.0   0.0   0.04  0.0   0.0   0.0   0.07  
210   V     0.0   0.0   0.0   0.13  0.0   0.04  0.07  0.0   0.0   0.05  0.01  0.09  0.0   0.07  0.0   0.0   0.04  0.0   0.33  0.14  
211   E     0.01  0.22  0.11  0.1   0.0   0.0   0.15  0.01  0.0   0.08  0.12  0.07  0.11  0.0   0.0   0.01  0.0   0.0   0.0   0.0   
212   G     0.04  0.0   0.04  0.06  0.0   0.24  0.0   0.51  0.0   0.0   0.0   0.08  0.0   0.0   0.04  0.0   0.0   0.0   0.0   0.0   
213   F     0.08  0.0   0.0   0.0   0.0   0.0   0.0   0.0   0.0   0.06  0.15  0.08  0.0   0.39  0.0   0.0   0.11  0.0   0.04  0.09  
214   Q     0.0   0.06  0.0   0.06  0.0   0.05  0.0   0.28  0.0   0.12  0.34  0.0   0.0   0.0   0.0   0.0   0.09  0.0   0.0   0.0   
215   T     0.06  0.08  0.0   0.0   0.0   0.0   0.0   0.0   0.0   0.08  0.0   0.0   0.0   0.0   0.57  0.0   0.22  0.0   0.0   0.0   
216   F     0.0   0.0   0.05  0.0   0.0   0.0   0.0   0.0   0.08  0.0   0.0   0.0   0.0   0.62  0.0   0.05  0.0   0.0   0.21  0.0   
217   F     0.0   0.0   0.0   0.0   0.0   0.0   0.0   0.0   0.0   0.12  0.53  0.0   0.0   0.36  0.0   0.0   0.0   0.0   0.0   0.0   
218   N     0.59  0.0   0.12  0.12  0.0   0.0   0.04  0.0   0.0   0.0   0.0   0.04  0.0   0.0   0.0   0.06  0.03  0.0   0.0   0.0   
219   Q     0.0   0.0   0.22  0.0   0.0   0.08  0.0   0.0   0.0   0.0   0.0   0.58  0.0   0.0   0.0   0.12  0.0   0.0   0.0   0.0   
220   L     0.0   0.0   0.0   0.0   0.0   0.0   0.0   0.0   0.12  0.0   0.56  0.0   0.0   0.05  0.0   0.05  0.0   0.0   0.0   0.22  
221   K     0.0   0.49  0.14  0.0   0.0   0.0   0.0   0.0   0.05  0.0   0.0   0.31  0.0   0.0   0.0   0.0   0.0   0.0   0.0   0.0   
222   A     0.57  0.0   0.0   0.0   0.0   0.0   0.0   0.0   0.0   0.0   0.0   0.0   0.0   0.0   0.11  0.32  0.0   0.0   0.0   0.0   
223   S     0.19  0.0   0.0   0.0   0.0   0.0   0.0   0.0   0.0   0.0   0.0   0.0   0.0   0.0   0.0   0.61  0.2   0.0   0.0   0.0   
