             A     R     N     D     C     Q     E     G     H     I     L     K     M     F     P     S     T     W     Y     V
1     R     0.0   0.17  0.0   0.0   0.0   0.0   0.36  0.0   0.0   0.0   0.0   0.47  0.0   0.0   0.0   0.0   0.0   0.0   0.0   0.0   
2     L     0.0   0.0   0.0   0.0   0.0   0.0   0.0   0.0   0.0   0.0   0.33  0.0   0.52  0.0   0.0   0.0   0.0   0.0   0.0   0.15  
3     R     0.03  0.12  0.21  0.0   0.0   0.08  0.2   0.09  0.0   0.0   0.0   0.09  0.0   0.0   0.0   0.13  0.04  0.0   0.0   0.0   
4     A     0.11  0.0   0.0   0.0   0.0   0.0   0.0   0.0   0.0   0.21  0.37  0.0   0.07  0.0   0.0   0.0   0.0   0.0   0.0   0.24  
5     D     0.0   0.06  0.18  0.29  0.0   0.0   0.02  0.04  0.0   0.0   0.0   0.22  0.02  0.0   0.07  0.1   0.0   0.0   0.0   0.0   
6     E     0.0   0.0   0.0   0.09  0.0   0.0   0.86  0.05  0.0   0.0   0.0   0.0   0.0   0.0   0.0   0.0   0.0   0.0   0.0   0.0   
7     Y     0.23  0.06  0.0   0.0   0.0   0.0   0.0   0.04  0.02  0.08  0.08  0.01  0.0   0.0   0.0   0.2   0.07  0.0   0.02  0.2   
8     A     0.09  0.0   0.0   0.02  0.0   0.14  0.08  0.0   0.02  0.13  0.02  0.16  0.0   0.0   0.06  0.0   0.24  0.0   0.04  0.01  
9     T     0.0   0.0   0.0   0.0   0.0   0.0   0.0   0.0   0.0   0.38  0.07  0.0   0.0   0.0   0.0   0.03  0.04  0.0   0.0   0.47  
10    T     0.12  0.03  0.02  0.0   0.0   0.01  0.07  0.03  0.0   0.0   0.0   0.0   0.0   0.0   0.0   0.47  0.25  0.0   0.0   0.0   
11    R     0.0   0.59  0.0   0.0   0.0   0.1   0.09  0.04  0.0   0.0   0.0   0.18  0.0   0.0   0.0   0.0   0.0   0.0   0.0   0.0   
12    A     0.63  0.0   0.0   0.0   0.03  0.0   0.17  0.0   0.0   0.0   0.06  0.0   0.0   0.0   0.0   0.03  0.02  0.0   0.06  0.0   
13    I     0.03  0.06  0.0   0.0   0.0   0.0   0.0   0.0   0.0   0.58  0.02  0.0   0.3   0.0   0.0   0.0   0.0   0.0   0.0   0.0   
14    L     0.03  0.0   0.0   0.0   0.03  0.02  0.0   0.02  0.0   0.18  0.16  0.05  0.0   0.06  0.0   0.02  0.32  0.0   0.0   0.1   
15    K     0.01  0.21  0.0   0.12  0.0   0.04  0.15  0.0   0.0   0.0   0.13  0.24  0.0   0.0   0.0   0.06  0.01  0.0   0.0   0.02  
16    S     0.13  0.22  0.0   0.01  0.0   0.06  0.13  0.06  0.06  0.0   0.0   0.07  0.0   0.04  0.0   0.13  0.06  0.0   0.01  0.03  
17    A     0.06  0.0   0.0   0.0   0.0   0.02  0.03  0.04  0.0   0.0   0.0   0.02  0.0   0.08  0.1   0.08  0.09  0.1   0.35  0.02  
18    F     0.0   0.02  0.0   0.02  0.0   0.0   0.02  0.01  0.05  0.0   0.13  0.0   0.14  0.4   0.02  0.04  0.04  0.0   0.04  0.06  
19    D     0.07  0.08  0.03  0.08  0.0   0.08  0.33  0.0   0.0   0.0   0.0   0.09  0.05  0.0   0.07  0.07  0.03  0.0   0.0   0.0   
20    M     0.04  0.0   0.06  0.38  0.0   0.02  0.1   0.01  0.0   0.0   0.0   0.07  0.06  0.0   0.02  0.08  0.1   0.0   0.0   0.04  
21    W     0.02  0.03  0.0   0.03  0.0   0.0   0.03  0.0   0.0   0.0   0.26  0.0   0.25  0.11  0.02  0.0   0.07  0.13  0.03  0.01  
22    L     0.0   0.02  0.08  0.13  0.0   0.02  0.03  0.0   0.01  0.09  0.18  0.06  0.17  0.02  0.01  0.06  0.04  0.0   0.04  0.03  
23    D     0.03  0.01  0.12  0.26  0.0   0.09  0.14  0.01  0.04  0.0   0.02  0.12  0.0   0.0   0.01  0.04  0.09  0.0   0.01  0.01  
24    I     0.04  0.08  0.07  0.04  0.01  0.01  0.04  0.02  0.06  0.03  0.06  0.04  0.06  0.07  0.03  0.07  0.04  0.02  0.11  0.1   
25    I     0.16  0.02  0.01  0.01  0.0   0.03  0.05  0.02  0.01  0.15  0.09  0.03  0.07  0.02  0.01  0.08  0.16  0.0   0.02  0.07  
26    D     0.01  0.02  0.09  0.23  0.0   0.07  0.26  0.03  0.03  0.04  0.01  0.08  0.0   0.0   0.02  0.03  0.04  0.01  0.01  0.04  
27    V     0.05  0.02  0.0   0.0   0.03  0.02  0.0   0.0   0.01  0.01  0.03  0.05  0.01  0.09  0.05  0.06  0.14  0.01  0.3   0.12  
28    D     0.0   0.02  0.02  0.8   0.0   0.01  0.06  0.0   0.01  0.0   0.0   0.05  0.0   0.0   0.0   0.02  0.01  0.0   0.0   0.0   
29    V     0.06  0.0   0.0   0.0   0.03  0.0   0.0   0.0   0.0   0.08  0.04  0.0   0.0   0.01  0.0   0.0   0.01  0.0   0.01  0.75  
30    A     0.26  0.0   0.0   0.0   0.03  0.0   0.0   0.0   0.0   0.3   0.12  0.0   0.0   0.01  0.0   0.0   0.03  0.0   0.0   0.26  
31    I     0.0   0.01  0.0   0.0   0.0   0.0   0.0   0.0   0.0   0.46  0.02  0.0   0.0   0.0   0.0   0.0   0.01  0.0   0.0   0.5   
32    V     0.03  0.0   0.01  0.0   0.01  0.0   0.0   0.01  0.0   0.44  0.03  0.0   0.0   0.0   0.0   0.01  0.0   0.0   0.0   0.46  
33    G     0.0   0.0   0.0   0.0   0.0   0.0   0.0   1.0   0.0   0.0   0.0   0.0   0.0   0.0   0.0   0.0   0.0   0.0   0.0   0.0   
34    G     0.48  0.0   0.0   0.0   0.02  0.0   0.0   0.37  0.0   0.0   0.0   0.0   0.0   0.0   0.0   0.1   0.02  0.0   0.0   0.0   
35    G     0.0   0.01  0.0   0.0   0.0   0.0   0.0   0.96  0.0   0.0   0.0   0.0   0.0   0.0   0.0   0.03  0.0   0.0   0.0   0.0   
36    P     0.02  0.0   0.0   0.0   0.01  0.0   0.0   0.0   0.1   0.11  0.05  0.0   0.04  0.03  0.49  0.07  0.0   0.0   0.02  0.07  
37    S     0.5   0.0   0.01  0.0   0.03  0.0   0.0   0.09  0.0   0.01  0.01  0.0   0.01  0.01  0.0   0.26  0.03  0.0   0.0   0.05  
38    G     0.02  0.0   0.02  0.0   0.0   0.0   0.0   0.95  0.0   0.0   0.0   0.0   0.0   0.0   0.0   0.01  0.0   0.0   0.0   0.0   
39    L     0.04  0.0   0.01  0.0   0.01  0.0   0.04  0.0   0.0   0.05  0.53  0.0   0.05  0.01  0.01  0.1   0.11  0.0   0.03  0.02  
40    T     0.18  0.01  0.02  0.0   0.01  0.01  0.11  0.05  0.01  0.02  0.02  0.0   0.03  0.04  0.0   0.17  0.14  0.0   0.05  0.14  
41    A     0.65  0.0   0.0   0.0   0.07  0.0   0.0   0.0   0.0   0.01  0.09  0.0   0.02  0.0   0.0   0.03  0.09  0.0   0.01  0.03  
42    A     0.88  0.0   0.0   0.0   0.01  0.01  0.0   0.04  0.0   0.0   0.01  0.0   0.0   0.0   0.0   0.02  0.01  0.0   0.01  0.02  
43    R     0.02  0.09  0.03  0.03  0.01  0.01  0.02  0.01  0.02  0.04  0.14  0.08  0.06  0.08  0.0   0.02  0.04  0.03  0.25  0.02  
44    Y     0.12  0.06  0.04  0.03  0.0   0.08  0.16  0.02  0.05  0.02  0.05  0.02  0.01  0.01  0.0   0.01  0.04  0.02  0.15  0.09  
45    I     0.19  0.0   0.0   0.0   0.02  0.0   0.0   0.0   0.0   0.02  0.61  0.0   0.02  0.02  0.01  0.07  0.01  0.0   0.0   0.03  
46    A     0.51  0.05  0.02  0.0   0.0   0.04  0.01  0.1   0.01  0.0   0.02  0.05  0.01  0.0   0.0   0.11  0.05  0.0   0.0   0.03  
47    K     0.01  0.26  0.03  0.06  0.0   0.08  0.11  0.03  0.03  0.01  0.07  0.25  0.01  0.01  0.0   0.02  0.0   0.01  0.0   0.01  
48    E     0.26  0.11  0.04  0.02  0.0   0.06  0.06  0.04  0.03  0.01  0.09  0.04  0.09  0.01  0.06  0.03  0.01  0.0   0.03  0.01  
49    G     0.0   0.01  0.03  0.07  0.0   0.01  0.01  0.82  0.01  0.0   0.0   0.02  0.0   0.0   0.0   0.02  0.01  0.0   0.0   0.0   
50    Y     0.08  0.06  0.0   0.0   0.03  0.02  0.0   0.0   0.09  0.06  0.26  0.06  0.03  0.13  0.0   0.01  0.01  0.0   0.04  0.13  
51    K     0.0   0.13  0.06  0.09  0.0   0.06  0.05  0.01  0.0   0.0   0.01  0.42  0.0   0.01  0.01  0.12  0.03  0.0   0.0   0.0   
52    V     0.01  0.0   0.01  0.0   0.01  0.0   0.0   0.0   0.0   0.05  0.0   0.0   0.0   0.01  0.02  0.0   0.21  0.0   0.02  0.65  
53    V     0.24  0.01  0.0   0.02  0.03  0.01  0.01  0.0   0.02  0.04  0.25  0.01  0.02  0.0   0.0   0.01  0.16  0.0   0.0   0.16  
54    V     0.0   0.0   0.0   0.0   0.04  0.01  0.0   0.01  0.0   0.16  0.33  0.0   0.05  0.0   0.0   0.01  0.0   0.0   0.0   0.39  
55    L     0.01  0.0   0.0   0.0   0.0   0.0   0.0   0.0   0.0   0.22  0.35  0.0   0.01  0.16  0.0   0.0   0.01  0.01  0.07  0.16  
56    E     0.0   0.0   0.0   0.15  0.0   0.0   0.74  0.0   0.0   0.0   0.0   0.01  0.0   0.01  0.0   0.02  0.07  0.0   0.0   0.0   
57    R     0.2   0.25  0.01  0.01  0.0   0.07  0.03  0.01  0.08  0.01  0.0   0.22  0.0   0.0   0.03  0.05  0.01  0.0   0.02  0.02  
58    H     0.05  0.2   0.16  0.04  0.0   0.03  0.04  0.06  0.05  0.0   0.04  0.11  0.0   0.0   0.0   0.17  0.02  0.0   0.04  0.0   
59    L     0.06  0.01  0.07  0.12  0.0   0.03  0.07  0.04  0.02  0.09  0.09  0.02  0.02  0.01  0.14  0.08  0.01  0.0   0.01  0.1   
60    A     0.05  0.16  0.03  0.07  0.01  0.06  0.18  0.02  0.02  0.01  0.02  0.05  0.02  0.03  0.01  0.17  0.04  0.0   0.03  0.03  
61    F     0.03  0.01  0.01  0.01  0.0   0.0   0.01  0.0   0.0   0.17  0.17  0.01  0.01  0.07  0.25  0.01  0.1   0.0   0.01  0.15  
62    G     0.03  0.01  0.01  0.01  0.01  0.01  0.02  0.73  0.0   0.02  0.09  0.0   0.01  0.0   0.01  0.02  0.01  0.0   0.0   0.0   
63    G     0.05  0.03  0.01  0.02  0.01  0.0   0.02  0.75  0.0   0.0   0.01  0.02  0.0   0.0   0.0   0.03  0.04  0.0   0.0   0.01  
64    G     0.06  0.12  0.03  0.02  0.0   0.12  0.01  0.28  0.03  0.0   0.03  0.06  0.0   0.01  0.08  0.06  0.04  0.01  0.02  0.02  
65    T     0.12  0.01  0.02  0.0   0.09  0.02  0.01  0.05  0.0   0.11  0.08  0.06  0.18  0.02  0.01  0.04  0.07  0.0   0.02  0.08  
66    W     0.03  0.15  0.0   0.01  0.0   0.04  0.0   0.03  0.02  0.03  0.05  0.02  0.02  0.02  0.0   0.16  0.03  0.3   0.05  0.04  
67    G     0.03  0.01  0.04  0.01  0.19  0.02  0.0   0.19  0.01  0.03  0.16  0.01  0.02  0.01  0.08  0.07  0.04  0.0   0.03  0.03  
68    G     0.06  0.01  0.04  0.02  0.0   0.01  0.01  0.59  0.02  0.03  0.03  0.02  0.01  0.01  0.0   0.07  0.01  0.0   0.01  0.03  
69    G     0.13  0.01  0.05  0.04  0.0   0.0   0.1   0.52  0.0   0.01  0.01  0.04  0.0   0.0   0.03  0.02  0.02  0.0   0.0   0.01  
70    M     0.04  0.04  0.02  0.03  0.03  0.16  0.06  0.05  0.01  0.11  0.05  0.04  0.12  0.05  0.01  0.07  0.05  0.01  0.02  0.03  
71    G     0.03  0.04  0.02  0.02  0.04  0.0   0.01  0.26  0.0   0.07  0.22  0.03  0.09  0.04  0.01  0.01  0.03  0.02  0.01  0.04  
72    F     0.06  0.01  0.0   0.03  0.01  0.01  0.03  0.03  0.01  0.07  0.18  0.11  0.04  0.22  0.03  0.01  0.02  0.0   0.05  0.08  
73    P     0.06  0.02  0.15  0.04  0.01  0.01  0.05  0.11  0.06  0.01  0.04  0.05  0.01  0.02  0.19  0.13  0.03  0.0   0.0   0.02  
74    Y     0.11  0.07  0.02  0.04  0.0   0.04  0.04  0.08  0.11  0.02  0.02  0.14  0.01  0.0   0.04  0.09  0.06  0.01  0.04  0.06  
75    I     0.07  0.03  0.0   0.02  0.01  0.02  0.04  0.06  0.0   0.13  0.16  0.04  0.12  0.05  0.04  0.03  0.06  0.02  0.01  0.08  
76    V     0.07  0.04  0.01  0.03  0.05  0.0   0.02  0.09  0.02  0.03  0.08  0.03  0.01  0.02  0.03  0.02  0.05  0.0   0.02  0.37  
77    V     0.02  0.03  0.03  0.07  0.0   0.0   0.05  0.01  0.0   0.15  0.14  0.1   0.05  0.0   0.01  0.03  0.03  0.01  0.02  0.25  
78    E     0.05  0.15  0.03  0.02  0.0   0.11  0.31  0.03  0.05  0.03  0.03  0.05  0.01  0.0   0.05  0.02  0.01  0.01  0.01  0.01  
79    E     0.04  0.05  0.07  0.07  0.0   0.03  0.11  0.02  0.01  0.1   0.05  0.17  0.0   0.03  0.08  0.06  0.02  0.0   0.04  0.05  
80    P     0.01  0.04  0.02  0.19  0.01  0.01  0.17  0.03  0.0   0.03  0.03  0.03  0.03  0.02  0.31  0.06  0.0   0.0   0.01  0.0   
81    A     0.38  0.02  0.01  0.01  0.01  0.02  0.05  0.03  0.01  0.05  0.12  0.03  0.02  0.01  0.06  0.03  0.02  0.01  0.0   0.1   
82    D     0.12  0.13  0.02  0.1   0.01  0.09  0.11  0.02  0.08  0.0   0.07  0.09  0.05  0.01  0.01  0.01  0.01  0.0   0.01  0.05  
83    E     0.06  0.11  0.03  0.07  0.0   0.04  0.18  0.01  0.07  0.02  0.1   0.05  0.02  0.04  0.04  0.01  0.01  0.1   0.01  0.02  
84    I     0.1   0.01  0.0   0.0   0.0   0.03  0.0   0.03  0.02  0.26  0.15  0.0   0.04  0.12  0.0   0.02  0.02  0.0   0.08  0.09  
85    L     0.08  0.02  0.02  0.0   0.06  0.02  0.01  0.0   0.01  0.15  0.41  0.01  0.03  0.04  0.0   0.02  0.09  0.0   0.0   0.02  
86    R     0.07  0.14  0.03  0.28  0.0   0.02  0.06  0.03  0.01  0.01  0.02  0.18  0.0   0.01  0.01  0.05  0.05  0.0   0.0   0.02  
87    E     0.04  0.11  0.01  0.1   0.02  0.11  0.34  0.01  0.03  0.0   0.02  0.11  0.0   0.01  0.0   0.02  0.02  0.0   0.02  0.02  
88    V     0.08  0.03  0.02  0.01  0.0   0.02  0.02  0.03  0.03  0.1   0.28  0.02  0.07  0.12  0.01  0.04  0.02  0.01  0.02  0.08  
89    G     0.02  0.03  0.02  0.05  0.0   0.03  0.04  0.67  0.01  0.0   0.0   0.04  0.0   0.01  0.01  0.02  0.01  0.01  0.0   0.01  
90    V     0.09  0.01  0.02  0.0   0.0   0.01  0.01  0.03  0.0   0.33  0.16  0.01  0.01  0.04  0.0   0.02  0.03  0.0   0.02  0.21  
91    K     0.06  0.13  0.01  0.04  0.0   0.13  0.11  0.0   0.01  0.02  0.01  0.1   0.05  0.01  0.18  0.05  0.05  0.03  0.01  0.01  
92    L     0.04  0.02  0.0   0.02  0.0   0.01  0.02  0.0   0.02  0.03  0.25  0.03  0.02  0.24  0.0   0.02  0.02  0.02  0.19  0.05  
93    E     0.02  0.16  0.09  0.06  0.0   0.02  0.23  0.02  0.01  0.0   0.0   0.16  0.01  0.05  0.04  0.02  0.05  0.0   0.04  0.03  
94    K     0.04  0.07  0.03  0.1   0.0   0.02  0.15  0.03  0.01  0.06  0.09  0.11  0.02  0.02  0.07  0.06  0.07  0.0   0.01  0.05  
95    V     0.06  0.04  0.03  0.05  0.0   0.05  0.03  0.03  0.02  0.06  0.14  0.06  0.03  0.08  0.07  0.04  0.07  0.01  0.03  0.1   
96    E     0.05  0.02  0.14  0.16  0.0   0.03  0.18  0.01  0.04  0.04  0.01  0.03  0.03  0.02  0.03  0.08  0.05  0.0   0.02  0.06  
97    G     0.09  0.03  0.09  0.07  0.02  0.02  0.07  0.19  0.01  0.04  0.05  0.07  0.01  0.04  0.03  0.12  0.05  0.0   0.01  0.02  
98    E     0.03  0.07  0.11  0.13  0.0   0.04  0.11  0.07  0.1   0.02  0.01  0.05  0.0   0.04  0.01  0.12  0.04  0.0   0.02  0.03  
99    D     0.08  0.05  0.07  0.12  0.04  0.03  0.1   0.02  0.01  0.01  0.01  0.14  0.0   0.03  0.1   0.05  0.01  0.0   0.09  0.03  
100   G     0.08  0.04  0.02  0.02  0.0   0.0   0.03  0.42  0.0   0.02  0.01  0.03  0.01  0.01  0.1   0.05  0.01  0.0   0.03  0.13  
101   L     0.09  0.04  0.03  0.01  0.01  0.0   0.0   0.06  0.02  0.05  0.18  0.01  0.02  0.09  0.05  0.03  0.02  0.1   0.08  0.1   
102   Y     0.1   0.01  0.01  0.0   0.0   0.0   0.04  0.03  0.01  0.06  0.04  0.02  0.02  0.11  0.02  0.02  0.02  0.0   0.31  0.18  
103   T     0.07  0.09  0.01  0.08  0.0   0.0   0.01  0.01  0.01  0.05  0.03  0.06  0.02  0.05  0.0   0.07  0.12  0.0   0.01  0.31  
104   A     0.2   0.05  0.01  0.01  0.0   0.04  0.04  0.04  0.11  0.09  0.09  0.03  0.01  0.02  0.03  0.02  0.04  0.0   0.0   0.2   
105   D     0.12  0.03  0.14  0.19  0.0   0.02  0.11  0.02  0.03  0.02  0.04  0.07  0.0   0.01  0.0   0.04  0.1   0.02  0.0   0.01  
106   S     0.14  0.22  0.02  0.0   0.0   0.0   0.01  0.23  0.01  0.03  0.05  0.04  0.01  0.0   0.07  0.1   0.05  0.0   0.0   0.02  
107   V     0.16  0.1   0.03  0.02  0.0   0.02  0.06  0.04  0.02  0.06  0.12  0.12  0.01  0.01  0.04  0.04  0.04  0.0   0.0   0.09  
108   E     0.08  0.05  0.01  0.05  0.0   0.14  0.21  0.01  0.06  0.02  0.04  0.08  0.0   0.1   0.01  0.05  0.02  0.0   0.01  0.06  
109   V     0.12  0.0   0.0   0.01  0.0   0.05  0.01  0.03  0.01  0.06  0.16  0.03  0.0   0.2   0.0   0.07  0.06  0.01  0.01  0.15  
110   P     0.12  0.01  0.01  0.22  0.01  0.02  0.03  0.02  0.0   0.04  0.02  0.05  0.04  0.02  0.14  0.09  0.05  0.01  0.01  0.09  
111   A     0.15  0.14  0.04  0.08  0.01  0.02  0.08  0.03  0.0   0.0   0.0   0.12  0.0   0.0   0.04  0.12  0.13  0.01  0.0   0.01  
112   K     0.07  0.08  0.03  0.03  0.0   0.07  0.06  0.03  0.02  0.04  0.06  0.16  0.02  0.01  0.02  0.04  0.06  0.08  0.03  0.09  
113   L     0.05  0.05  0.01  0.0   0.01  0.01  0.01  0.0   0.0   0.05  0.52  0.02  0.15  0.02  0.0   0.03  0.02  0.0   0.02  0.05  
114   A     0.19  0.02  0.0   0.04  0.01  0.01  0.02  0.06  0.0   0.08  0.13  0.05  0.08  0.04  0.0   0.09  0.05  0.0   0.06  0.07  
115   V     0.12  0.08  0.03  0.03  0.0   0.04  0.13  0.03  0.01  0.04  0.01  0.17  0.04  0.0   0.01  0.05  0.07  0.01  0.09  0.04  
116   G     0.14  0.07  0.03  0.03  0.0   0.13  0.04  0.07  0.04  0.02  0.05  0.2   0.02  0.01  0.0   0.02  0.01  0.0   0.05  0.06  
117   A     0.54  0.01  0.01  0.0   0.02  0.02  0.01  0.03  0.02  0.02  0.14  0.03  0.02  0.0   0.01  0.02  0.02  0.0   0.01  0.05  
118   I     0.2   0.02  0.01  0.0   0.05  0.07  0.09  0.05  0.0   0.13  0.03  0.06  0.01  0.0   0.02  0.05  0.07  0.0   0.01  0.13  
119   D     0.05  0.12  0.03  0.12  0.0   0.12  0.13  0.04  0.0   0.0   0.06  0.17  0.03  0.03  0.01  0.06  0.01  0.0   0.01  0.01  
120   A     0.33  0.03  0.08  0.01  0.01  0.03  0.03  0.03  0.01  0.01  0.04  0.02  0.02  0.04  0.2   0.06  0.0   0.0   0.01  0.04  
121   G     0.03  0.01  0.28  0.0   0.0   0.0   0.0   0.45  0.05  0.03  0.0   0.01  0.0   0.06  0.03  0.01  0.01  0.0   0.0   0.01  
122   A     0.33  0.01  0.03  0.01  0.0   0.01  0.03  0.01  0.01  0.03  0.14  0.02  0.0   0.0   0.04  0.01  0.01  0.0   0.0   0.3   
123   K     0.02  0.08  0.01  0.07  0.0   0.06  0.18  0.0   0.01  0.02  0.03  0.34  0.01  0.0   0.0   0.02  0.08  0.04  0.01  0.01  
124   V     0.01  0.0   0.01  0.0   0.0   0.0   0.01  0.01  0.0   0.28  0.27  0.0   0.04  0.07  0.0   0.03  0.02  0.0   0.03  0.2   
125   L     0.0   0.04  0.0   0.0   0.0   0.06  0.04  0.0   0.03  0.11  0.19  0.01  0.03  0.36  0.0   0.0   0.01  0.01  0.07  0.04  
126   T     0.03  0.0   0.25  0.04  0.01  0.15  0.09  0.04  0.06  0.03  0.04  0.04  0.0   0.0   0.06  0.01  0.07  0.0   0.03  0.05  
127   G     0.16  0.06  0.04  0.01  0.01  0.12  0.05  0.27  0.0   0.0   0.07  0.09  0.05  0.01  0.0   0.04  0.0   0.0   0.0   0.0   
128   I     0.04  0.01  0.05  0.01  0.0   0.01  0.04  0.01  0.0   0.09  0.02  0.02  0.03  0.04  0.01  0.05  0.32  0.0   0.02  0.22  
129   V     0.2   0.06  0.02  0.01  0.04  0.04  0.09  0.04  0.03  0.04  0.02  0.12  0.02  0.01  0.01  0.12  0.08  0.0   0.0   0.05  
130   V     0.2   0.0   0.0   0.0   0.02  0.0   0.0   0.01  0.0   0.05  0.05  0.01  0.01  0.04  0.04  0.02  0.03  0.0   0.0   0.53  
131   E     0.04  0.06  0.0   0.19  0.0   0.05  0.3   0.03  0.0   0.01  0.02  0.05  0.0   0.0   0.0   0.04  0.16  0.0   0.0   0.03  
132   D     0.03  0.03  0.06  0.55  0.0   0.0   0.09  0.03  0.01  0.0   0.01  0.03  0.0   0.0   0.0   0.11  0.02  0.0   0.0   0.01  
133   L     0.02  0.02  0.0   0.0   0.0   0.02  0.0   0.02  0.0   0.12  0.53  0.0   0.0   0.01  0.0   0.01  0.0   0.02  0.0   0.22  
134   V     0.05  0.0   0.0   0.0   0.0   0.03  0.03  0.01  0.0   0.37  0.16  0.04  0.06  0.0   0.03  0.04  0.03  0.0   0.0   0.16  
135   L     0.0   0.05  0.01  0.01  0.0   0.02  0.08  0.01  0.03  0.19  0.08  0.01  0.03  0.12  0.0   0.01  0.09  0.0   0.05  0.22  
136   R     0.02  0.21  0.0   0.06  0.0   0.02  0.26  0.02  0.05  0.01  0.0   0.25  0.0   0.0   0.04  0.02  0.0   0.0   0.03  0.02  
137   E     0.03  0.02  0.11  0.19  0.0   0.06  0.25  0.18  0.02  0.0   0.0   0.04  0.0   0.0   0.07  0.03  0.0   0.0   0.02  0.0   
138   N     0.04  0.04  0.15  0.32  0.0   0.0   0.09  0.22  0.01  0.0   0.0   0.01  0.0   0.02  0.01  0.03  0.01  0.0   0.02  0.02  
139   R     0.04  0.33  0.04  0.02  0.01  0.07  0.06  0.1   0.01  0.0   0.02  0.15  0.0   0.02  0.01  0.04  0.05  0.0   0.0   0.03  
140   V     0.04  0.0   0.0   0.01  0.0   0.0   0.01  0.02  0.01  0.2   0.08  0.03  0.0   0.0   0.01  0.03  0.0   0.0   0.0   0.54  
141   A     0.18  0.03  0.01  0.0   0.04  0.02  0.05  0.05  0.0   0.04  0.02  0.12  0.02  0.03  0.0   0.12  0.11  0.0   0.0   0.15  
142   G     0.03  0.0   0.01  0.01  0.0   0.03  0.0   0.8   0.01  0.0   0.0   0.0   0.01  0.0   0.0   0.03  0.02  0.0   0.01  0.0   
143   V     0.05  0.0   0.0   0.02  0.01  0.0   0.01  0.01  0.0   0.17  0.08  0.05  0.0   0.0   0.0   0.05  0.0   0.0   0.0   0.54  
144   V     0.09  0.01  0.01  0.01  0.01  0.01  0.04  0.01  0.02  0.11  0.07  0.04  0.0   0.03  0.01  0.03  0.04  0.0   0.02  0.45  
145   I     0.04  0.01  0.01  0.03  0.02  0.01  0.01  0.05  0.0   0.15  0.08  0.01  0.02  0.01  0.01  0.01  0.36  0.03  0.02  0.12  
146   N     0.02  0.02  0.38  0.01  0.0   0.18  0.09  0.03  0.01  0.02  0.02  0.05  0.01  0.01  0.02  0.04  0.05  0.0   0.01  0.02  
147   S     0.07  0.01  0.02  0.08  0.01  0.01  0.05  0.02  0.01  0.02  0.02  0.07  0.09  0.02  0.01  0.08  0.02  0.31  0.02  0.05  
148   Y     0.08  0.04  0.04  0.01  0.0   0.01  0.04  0.16  0.04  0.02  0.03  0.01  0.04  0.02  0.01  0.1   0.22  0.0   0.06  0.04  
149   A     0.09  0.04  0.05  0.01  0.0   0.01  0.04  0.1   0.06  0.05  0.19  0.04  0.0   0.01  0.12  0.07  0.03  0.0   0.01  0.06  
150   I     0.05  0.02  0.01  0.01  0.03  0.01  0.02  0.02  0.0   0.15  0.08  0.07  0.02  0.05  0.01  0.02  0.07  0.0   0.02  0.33  
151   E     0.07  0.05  0.03  0.11  0.0   0.08  0.11  0.05  0.1   0.07  0.05  0.04  0.02  0.04  0.01  0.07  0.06  0.0   0.01  0.04  
152   K     0.05  0.07  0.02  0.06  0.0   0.01  0.04  0.08  0.05  0.1   0.02  0.14  0.22  0.01  0.01  0.03  0.03  0.0   0.01  0.05  
153   A     0.21  0.03  0.03  0.09  0.0   0.03  0.16  0.04  0.03  0.01  0.05  0.04  0.02  0.01  0.01  0.08  0.12  0.0   0.01  0.03  
154   G     0.01  0.03  0.01  0.03  0.0   0.12  0.01  0.4   0.02  0.03  0.05  0.11  0.01  0.05  0.02  0.08  0.01  0.0   0.01  0.01  
155   L     0.04  0.04  0.01  0.01  0.01  0.01  0.04  0.02  0.03  0.06  0.21  0.06  0.04  0.04  0.01  0.2   0.05  0.0   0.01  0.1   
156   H     0.06  0.01  0.02  0.04  0.16  0.03  0.16  0.04  0.28  0.02  0.02  0.02  0.01  0.02  0.03  0.02  0.02  0.0   0.01  0.02  
157   I     0.11  0.02  0.02  0.03  0.01  0.01  0.02  0.07  0.01  0.08  0.05  0.04  0.13  0.03  0.02  0.03  0.04  0.0   0.02  0.27  
158   D     0.02  0.01  0.07  0.48  0.0   0.01  0.06  0.04  0.01  0.01  0.02  0.06  0.01  0.01  0.04  0.03  0.07  0.0   0.01  0.02  
159   P     0.05  0.05  0.05  0.01  0.01  0.02  0.03  0.09  0.01  0.01  0.02  0.05  0.01  0.01  0.49  0.02  0.02  0.0   0.02  0.04  
160   I     0.06  0.01  0.12  0.03  0.0   0.01  0.04  0.04  0.0   0.15  0.19  0.03  0.04  0.03  0.01  0.05  0.08  0.0   0.01  0.09  
161   T     0.09  0.02  0.02  0.01  0.0   0.04  0.07  0.01  0.0   0.04  0.01  0.04  0.01  0.04  0.04  0.01  0.33  0.0   0.05  0.16  
162   I     0.01  0.02  0.0   0.0   0.0   0.0   0.0   0.0   0.0   0.45  0.15  0.0   0.04  0.09  0.0   0.0   0.02  0.0   0.02  0.15  
163   T     0.01  0.18  0.1   0.07  0.0   0.08  0.18  0.01  0.07  0.0   0.01  0.07  0.01  0.01  0.0   0.09  0.08  0.0   0.02  0.01  
164   A     0.7   0.0   0.0   0.02  0.01  0.02  0.05  0.0   0.0   0.0   0.01  0.0   0.0   0.04  0.0   0.06  0.08  0.0   0.0   0.0   
165   K     0.01  0.05  0.04  0.12  0.0   0.01  0.03  0.04  0.03  0.0   0.0   0.5   0.0   0.0   0.1   0.03  0.03  0.0   0.0   0.0   
166   Y     0.13  0.0   0.02  0.0   0.02  0.02  0.0   0.0   0.02  0.1   0.06  0.01  0.01  0.05  0.0   0.09  0.11  0.0   0.1   0.26  
167   V     0.0   0.0   0.0   0.0   0.0   0.0   0.0   0.0   0.0   0.24  0.08  0.0   0.0   0.03  0.0   0.0   0.07  0.0   0.0   0.56  
168   V     0.0   0.0   0.0   0.0   0.01  0.0   0.0   0.0   0.0   0.34  0.19  0.0   0.0   0.0   0.0   0.0   0.0   0.0   0.0   0.45  
169   D     0.08  0.0   0.0   0.33  0.0   0.0   0.01  0.06  0.0   0.05  0.16  0.0   0.0   0.05  0.0   0.17  0.0   0.0   0.0   0.07  
170   A     0.51  0.0   0.0   0.0   0.0   0.0   0.0   0.09  0.0   0.0   0.0   0.0   0.0   0.01  0.0   0.19  0.18  0.0   0.0   0.0   
171   T     0.06  0.01  0.05  0.14  0.04  0.0   0.07  0.0   0.0   0.0   0.02  0.01  0.0   0.0   0.0   0.04  0.54  0.0   0.0   0.03  
172   G     0.0   0.0   0.0   0.0   0.0   0.0   0.0   0.9   0.02  0.03  0.03  0.0   0.0   0.0   0.0   0.0   0.0   0.0   0.0   0.0   
173   H     0.05  0.07  0.01  0.01  0.04  0.01  0.07  0.02  0.41  0.03  0.02  0.04  0.01  0.02  0.03  0.02  0.04  0.0   0.01  0.09  
174   D     0.08  0.03  0.05  0.41  0.01  0.01  0.14  0.04  0.05  0.03  0.02  0.01  0.01  0.01  0.04  0.02  0.02  0.0   0.01  0.02  
175   A     0.35  0.01  0.0   0.01  0.01  0.0   0.01  0.39  0.0   0.01  0.01  0.01  0.0   0.0   0.04  0.12  0.01  0.0   0.0   0.02  
176   S     0.02  0.06  0.07  0.01  0.0   0.03  0.12  0.01  0.04  0.01  0.18  0.07  0.02  0.01  0.21  0.06  0.01  0.0   0.0   0.08  
177   V     0.04  0.0   0.0   0.0   0.0   0.0   0.06  0.02  0.0   0.13  0.09  0.0   0.03  0.14  0.0   0.1   0.0   0.0   0.08  0.31  
178   V     0.08  0.0   0.03  0.0   0.03  0.0   0.03  0.34  0.0   0.17  0.08  0.02  0.0   0.04  0.0   0.06  0.01  0.0   0.0   0.1   
179   T     0.22  0.15  0.03  0.0   0.01  0.07  0.0   0.02  0.05  0.0   0.0   0.14  0.0   0.0   0.0   0.22  0.07  0.0   0.0   0.02  
180   T     0.11  0.03  0.0   0.0   0.0   0.1   0.0   0.0   0.01  0.08  0.04  0.11  0.03  0.17  0.0   0.02  0.18  0.0   0.0   0.12  
181   L     0.13  0.0   0.0   0.0   0.06  0.04  0.03  0.12  0.0   0.08  0.26  0.04  0.0   0.0   0.0   0.03  0.01  0.0   0.05  0.16  
182   S     0.25  0.03  0.0   0.03  0.0   0.03  0.02  0.09  0.01  0.04  0.09  0.0   0.0   0.0   0.17  0.06  0.0   0.0   0.03  0.14  
183   R     0.0   0.3   0.0   0.02  0.0   0.0   0.13  0.0   0.0   0.0   0.0   0.51  0.0   0.0   0.03  0.0   0.0   0.0   0.0   0.0   
184   K     0.0   0.39  0.0   0.0   0.0   0.0   0.0   0.03  0.0   0.0   0.0   0.54  0.0   0.0   0.0   0.04  0.0   0.0   0.0   0.0   
185   N     0.0   0.0   0.05  0.0   0.0   0.0   0.03  0.13  0.0   0.13  0.35  0.0   0.03  0.0   0.03  0.0   0.0   0.04  0.0   0.2   
186   P     0.07  0.09  0.0   0.0   0.0   0.08  0.02  0.07  0.0   0.02  0.02  0.04  0.01  0.0   0.27  0.01  0.0   0.0   0.0   0.27  
187   E     0.07  0.01  0.02  0.04  0.0   0.01  0.22  0.04  0.04  0.06  0.01  0.05  0.0   0.0   0.0   0.15  0.0   0.0   0.0   0.27  
188   L     0.09  0.0   0.02  0.0   0.0   0.0   0.01  0.02  0.0   0.26  0.36  0.0   0.06  0.0   0.11  0.0   0.05  0.0   0.0   0.01  
189   G     0.02  0.0   0.12  0.01  0.0   0.01  0.06  0.61  0.0   0.04  0.01  0.02  0.0   0.0   0.04  0.04  0.01  0.0   0.0   0.01  
190   L     0.22  0.0   0.0   0.0   0.0   0.02  0.03  0.01  0.05  0.14  0.15  0.03  0.09  0.01  0.0   0.07  0.07  0.0   0.0   0.1   
191   E     0.05  0.1   0.01  0.1   0.0   0.04  0.14  0.2   0.01  0.0   0.0   0.16  0.0   0.0   0.0   0.04  0.07  0.0   0.0   0.08  
192   V     0.04  0.0   0.0   0.0   0.0   0.0   0.0   0.0   0.0   0.13  0.17  0.05  0.02  0.0   0.0   0.06  0.0   0.0   0.0   0.5   
193   P     0.01  0.05  0.01  0.0   0.0   0.03  0.04  0.18  0.01  0.19  0.07  0.04  0.0   0.0   0.3   0.0   0.0   0.0   0.0   0.04  
194   G     0.05  0.05  0.01  0.04  0.0   0.0   0.0   0.77  0.0   0.0   0.01  0.0   0.0   0.0   0.0   0.0   0.02  0.0   0.03  0.0   
195   E     0.0   0.0   0.0   0.06  0.0   0.0   0.33  0.0   0.06  0.0   0.24  0.0   0.22  0.0   0.0   0.0   0.0   0.0   0.0   0.09  
196   K     0.0   0.15  0.0   0.06  0.0   0.03  0.0   0.29  0.0   0.0   0.0   0.39  0.0   0.05  0.0   0.02  0.0   0.0   0.0   0.0   
197   S     0.09  0.0   0.0   0.0   0.01  0.0   0.05  0.11  0.0   0.0   0.0   0.0   0.0   0.02  0.21  0.45  0.0   0.0   0.06  0.0   
198   M     0.09  0.0   0.0   0.0   0.0   0.0   0.06  0.0   0.0   0.0   0.23  0.0   0.38  0.0   0.0   0.0   0.04  0.0   0.0   0.2   
199   W     0.0   0.0   0.0   0.34  0.0   0.0   0.0   0.0   0.0   0.0   0.0   0.0   0.0   0.0   0.0   0.0   0.0   0.61  0.05  0.0   
200   A     0.38  0.0   0.0   0.0   0.0   0.12  0.0   0.0   0.0   0.0   0.0   0.0   0.24  0.0   0.0   0.13  0.0   0.0   0.0   0.13  
201   E     0.08  0.21  0.19  0.11  0.0   0.01  0.35  0.04  0.0   0.0   0.0   0.0   0.0   0.0   0.0   0.02  0.0   0.0   0.0   0.0   
202   K     0.09  0.12  0.03  0.02  0.0   0.03  0.05  0.0   0.01  0.01  0.23  0.08  0.02  0.0   0.0   0.06  0.07  0.0   0.0   0.19  
203   G     0.46  0.0   0.0   0.0   0.0   0.0   0.0   0.4   0.0   0.0   0.0   0.0   0.0   0.0   0.0   0.14  0.0   0.0   0.0   0.0   
204   E     0.09  0.0   0.0   0.0   0.0   0.0   0.77  0.07  0.0   0.0   0.0   0.0   0.0   0.0   0.0   0.0   0.0   0.0   0.0   0.06  
205   N     0.04  0.06  0.08  0.24  0.0   0.03  0.08  0.03  0.09  0.03  0.0   0.21  0.0   0.0   0.02  0.03  0.0   0.0   0.0   0.04  
206   A     0.18  0.0   0.03  0.03  0.0   0.04  0.09  0.04  0.02  0.02  0.23  0.02  0.02  0.03  0.0   0.05  0.11  0.0   0.0   0.09  
207   L     0.07  0.0   0.0   0.0   0.0   0.0   0.0   0.0   0.0   0.28  0.18  0.0   0.0   0.0   0.0   0.0   0.22  0.0   0.0   0.24  
208   L     0.05  0.0   0.0   0.0   0.0   0.0   0.0   0.0   0.0   0.1   0.12  0.0   0.0   0.0   0.0   0.0   0.12  0.0   0.0   0.61  
209   R     0.04  0.13  0.11  0.11  0.0   0.0   0.42  0.0   0.0   0.05  0.0   0.15  0.0   0.0   0.0   0.0   0.0   0.0   0.0   0.0   
210   N     0.07  0.02  0.25  0.0   0.0   0.05  0.04  0.06  0.18  0.0   0.13  0.06  0.0   0.07  0.0   0.0   0.03  0.0   0.05  0.0   
211   T     0.0   0.0   0.0   0.0   0.0   0.0   0.0   0.02  0.0   0.0   0.07  0.0   0.0   0.0   0.09  0.1   0.72  0.0   0.0   0.0   
212   R     0.0   0.37  0.0   0.0   0.0   0.04  0.0   0.37  0.0   0.0   0.0   0.21  0.0   0.0   0.0   0.0   0.0   0.0   0.0   0.0   
213   E     0.09  0.04  0.0   0.0   0.0   0.0   0.58  0.01  0.0   0.0   0.04  0.07  0.02  0.0   0.0   0.09  0.0   0.0   0.0   0.03  
214   V     0.04  0.0   0.0   0.0   0.0   0.0   0.0   0.01  0.0   0.24  0.04  0.0   0.0   0.0   0.0   0.0   0.04  0.0   0.05  0.55  
215   Y     0.14  0.0   0.0   0.0   0.0   0.0   0.01  0.01  0.11  0.0   0.04  0.01  0.0   0.18  0.0   0.01  0.03  0.0   0.18  0.27  
216   P     0.01  0.0   0.0   0.11  0.0   0.0   0.09  0.01  0.0   0.0   0.01  0.07  0.0   0.0   0.67  0.01  0.01  0.0   0.0   0.01  
217   G     0.01  0.0   0.11  0.0   0.0   0.0   0.01  0.77  0.0   0.0   0.01  0.01  0.0   0.0   0.0   0.01  0.01  0.0   0.05  0.01  
218   L     0.01  0.0   0.0   0.0   0.0   0.0   0.01  0.01  0.0   0.0   0.7   0.01  0.19  0.0   0.0   0.01  0.01  0.0   0.0   0.03  
219   F     0.0   0.0   0.0   0.0   0.0   0.0   0.0   0.0   0.09  0.3   0.02  0.0   0.0   0.09  0.0   0.0   0.0   0.0   0.36  0.14  
220   V     0.1   0.0   0.0   0.0   0.0   0.0   0.0   0.0   0.0   0.06  0.03  0.0   0.0   0.09  0.0   0.0   0.04  0.0   0.0   0.68  
221   C     0.4   0.0   0.0   0.0   0.09  0.0   0.0   0.22  0.0   0.0   0.0   0.0   0.02  0.0   0.0   0.04  0.25  0.0   0.0   0.0   
222   G     0.0   0.0   0.0   0.0   0.0   0.0   0.0   1.0   0.0   0.0   0.0   0.0   0.0   0.0   0.0   0.0   0.0   0.0   0.0   0.0   
223   M     0.0   0.0   0.0   0.0   0.0   0.0   0.0   0.0   0.0   0.05  0.04  0.0   0.91  0.0   0.0   0.0   0.0   0.0   0.0   0.0   
224   A     0.55  0.0   0.0   0.0   0.0   0.0   0.36  0.0   0.0   0.0   0.0   0.0   0.0   0.0   0.0   0.06  0.03  0.0   0.0   0.0   
225   A     0.28  0.0   0.0   0.0   0.0   0.0   0.0   0.02  0.0   0.0   0.19  0.0   0.0   0.0   0.0   0.05  0.13  0.0   0.0   0.32  
226   N     0.35  0.0   0.3   0.0   0.06  0.0   0.0   0.0   0.0   0.0   0.0   0.0   0.0   0.0   0.0   0.17  0.09  0.0   0.0   0.03  
227   A     0.38  0.0   0.0   0.0   0.0   0.0   0.39  0.0   0.0   0.0   0.0   0.0   0.0   0.0   0.0   0.03  0.19  0.0   0.0   0.0   
228   V     0.06  0.0   0.0   0.0   0.0   0.0   0.0   0.0   0.03  0.18  0.05  0.05  0.0   0.04  0.0   0.03  0.08  0.0   0.04  0.43  
229   Y     0.09  0.02  0.0   0.31  0.0   0.0   0.03  0.03  0.19  0.0   0.0   0.1   0.0   0.02  0.0   0.01  0.06  0.0   0.14  0.0   
230   A     0.1   0.03  0.02  0.0   0.02  0.0   0.0   0.83  0.0   0.0   0.0   0.0   0.0   0.0   0.0   0.0   0.0   0.0   0.0   0.0   
231   G     0.24  0.0   0.0   0.0   0.0   0.0   0.02  0.19  0.02  0.02  0.28  0.0   0.0   0.04  0.0   0.12  0.0   0.02  0.0   0.05  
232   H     0.03  0.0   0.15  0.0   0.02  0.0   0.0   0.0   0.03  0.0   0.0   0.0   0.0   0.0   0.56  0.05  0.04  0.0   0.1   0.0   
233   R     0.0   1.0   0.0   0.0   0.0   0.0   0.0   0.0   0.0   0.0   0.0   0.0   0.0   0.0   0.0   0.0   0.0   0.0   0.0   0.0   
234   M     0.0   0.0   0.0   0.0   0.0   0.0   0.0   0.0   0.0   0.0   0.0   0.0   1.0   0.0   0.0   0.0   0.0   0.0   0.0   0.0   
235   G     0.0   0.0   0.0   0.0   0.0   0.0   0.0   1.0   0.0   0.0   0.0   0.0   0.0   0.0   0.0   0.0   0.0   0.0   0.0   0.0   
236   A     0.13  0.0   0.0   0.0   0.0   0.0   0.0   0.0   0.0   0.0   0.0   0.0   0.0   0.0   0.87  0.0   0.0   0.0   0.0   0.0   
237   I     0.0   0.0   0.0   0.0   0.0   0.0   0.0   0.0   0.0   0.47  0.0   0.0   0.0   0.0   0.0   0.02  0.43  0.0   0.0   0.08  
238   F     0.0   0.0   0.0   0.0   0.0   0.0   0.0   0.0   0.0   0.0   0.0   0.0   0.0   1.0   0.0   0.0   0.0   0.0   0.0   0.0   
239   G     0.0   0.0   0.0   0.0   0.0   0.0   0.0   0.98  0.0   0.0   0.0   0.0   0.0   0.0   0.0   0.02  0.0   0.0   0.0   0.0   
240   G     0.48  0.0   0.0   0.0   0.0   0.0   0.0   0.5   0.0   0.0   0.0   0.0   0.0   0.0   0.0   0.02  0.0   0.0   0.0   0.0   
241   M     0.0   0.0   0.0   0.0   0.0   0.0   0.0   0.0   0.0   0.0   0.0   0.0   1.0   0.0   0.0   0.0   0.0   0.0   0.0   0.0   
242   Y     0.1   0.0   0.0   0.0   0.0   0.0   0.0   0.0   0.0   0.12  0.41  0.0   0.13  0.04  0.0   0.0   0.0   0.0   0.09  0.1   
243   I     0.0   0.0   0.0   0.0   0.0   0.0   0.0   0.04  0.0   0.12  0.68  0.0   0.07  0.01  0.0   0.0   0.0   0.0   0.0   0.08  
244   S     0.0   0.0   0.0   0.0   0.0   0.0   0.0   0.0   0.0   0.0   0.0   0.0   0.0   0.0   0.0   1.0   0.0   0.0   0.0   0.0   
245   G     0.0   0.0   0.0   0.0   0.0   0.0   0.0   1.0   0.0   0.0   0.0   0.0   0.0   0.0   0.0   0.0   0.0   0.0   0.0   0.0   
246   K     0.0   0.1   0.0   0.0   0.0   0.13  0.16  0.0   0.02  0.03  0.05  0.35  0.02  0.0   0.0   0.0   0.0   0.0   0.0   0.14  
247   K     0.02  0.24  0.0   0.0   0.0   0.02  0.0   0.0   0.02  0.02  0.02  0.64  0.0   0.0   0.0   0.0   0.0   0.0   0.0   0.03  
248   C     0.64  0.0   0.0   0.0   0.07  0.0   0.0   0.02  0.0   0.02  0.0   0.0   0.0   0.0   0.0   0.0   0.0   0.0   0.0   0.25  
249   A     0.99  0.0   0.0   0.0   0.0   0.0   0.0   0.01  0.0   0.0   0.0   0.0   0.0   0.0   0.0   0.0   0.0   0.0   0.0   0.0   
250   E     0.08  0.03  0.03  0.02  0.0   0.12  0.5   0.0   0.12  0.0   0.02  0.04  0.01  0.0   0.0   0.02  0.0   0.0   0.02  0.0   
251   M     0.07  0.0   0.0   0.06  0.0   0.02  0.25  0.0   0.0   0.11  0.29  0.0   0.08  0.0   0.0   0.02  0.01  0.0   0.0   0.09  
252   I     0.38  0.0   0.0   0.0   0.02  0.0   0.0   0.0   0.0   0.42  0.0   0.0   0.0   0.0   0.0   0.0   0.0   0.0   0.0   0.17  
253   V     0.1   0.0   0.0   0.0   0.0   0.0   0.04  0.03  0.02  0.15  0.53  0.0   0.03  0.0   0.0   0.03  0.03  0.0   0.02  0.03  
254   E     0.05  0.08  0.04  0.09  0.0   0.06  0.37  0.0   0.0   0.0   0.0   0.32  0.0   0.0   0.0   0.0   0.0   0.0   0.0   0.0   
255   K     0.1   0.12  0.02  0.14  0.0   0.0   0.14  0.0   0.05  0.02  0.0   0.28  0.0   0.0   0.0   0.05  0.0   0.0   0.0   0.08  
256   L     0.0   0.0   0.0   0.0   0.0   0.0   0.0   0.0   0.0   0.0   0.89  0.0   0.0   0.11  0.0   0.0   0.0   0.0   0.0   0.0   
257   K     0.04  0.11  0.06  0.08  0.0   0.03  0.28  0.0   0.0   0.0   0.03  0.37  0.0   0.0   0.0   0.0   0.0   0.0   0.0   0.0   
258   N     0.06  0.0   0.27  0.0   0.0   0.15  0.14  0.0   0.0   0.0   0.0   0.17  0.0   0.0   0.0   0.07  0.09  0.0   0.05  0.0   
259   N     0.0   0.32  0.16  0.0   0.0   0.0   0.0   0.0   0.0   0.0   0.0   0.18  0.0   0.0   0.0   0.34  0.0   0.0   0.0   0.0   
