             A     R     N     D     C     Q     E     G     H     I     L     K     M     F     P     S     T     W     Y     V
1     P     0.0   0.0   0.0   0.0   0.0   0.0   0.0   0.0   0.0   0.0   0.0   0.0   0.0   0.0   1.0   0.0   0.0   0.0   0.0   0.0   
2     T     0.05  0.0   0.0   0.0   0.0   0.0   0.0   0.0   0.0   0.22  0.0   0.0   0.0   0.0   0.0   0.0   0.32  0.0   0.15  0.27  
3     F     0.0   0.0   0.0   0.0   0.0   0.0   0.0   0.12  0.0   0.0   0.05  0.0   0.0   0.41  0.21  0.0   0.0   0.0   0.21  0.0   
4     N     0.11  0.0   0.54  0.0   0.0   0.0   0.0   0.0   0.21  0.0   0.0   0.0   0.0   0.0   0.05  0.09  0.0   0.0   0.0   0.0   
5     P     0.0   0.0   0.0   0.0   0.0   0.0   0.0   0.0   0.0   0.0   0.17  0.08  0.0   0.0   0.68  0.0   0.0   0.0   0.07  0.0   
6     P     0.02  0.02  0.0   0.06  0.03  0.0   0.0   0.0   0.0   0.14  0.0   0.07  0.0   0.0   0.4   0.03  0.1   0.0   0.0   0.15  
7     V     0.0   0.0   0.0   0.0   0.0   0.0   0.0   0.0   0.0   0.08  0.12  0.0   0.02  0.0   0.0   0.0   0.0   0.0   0.0   0.78  
8     P     0.0   0.0   0.0   0.0   0.0   0.0   0.0   0.0   0.0   0.0   0.0   0.0   0.0   0.0   0.97  0.0   0.0   0.0   0.03  0.0   
9     Y     0.0   0.0   0.0   0.0   0.0   0.0   0.0   0.0   0.07  0.0   0.0   0.0   0.0   0.33  0.0   0.09  0.0   0.0   0.46  0.06  
10    F     0.07  0.03  0.03  0.06  0.14  0.0   0.18  0.04  0.0   0.02  0.01  0.1   0.0   0.06  0.0   0.01  0.04  0.0   0.06  0.13  
11    G     0.14  0.0   0.05  0.0   0.0   0.0   0.04  0.2   0.04  0.0   0.08  0.0   0.02  0.0   0.0   0.09  0.26  0.0   0.05  0.01  
12    R     0.07  0.1   0.05  0.0   0.0   0.09  0.0   0.09  0.09  0.0   0.0   0.06  0.0   0.04  0.12  0.12  0.16  0.0   0.0   0.0   
13    L     0.0   0.0   0.0   0.0   0.07  0.0   0.0   0.0   0.0   0.37  0.54  0.0   0.0   0.0   0.0   0.0   0.0   0.0   0.0   0.0   
14    Q     0.16  0.06  0.05  0.0   0.0   0.08  0.04  0.0   0.0   0.0   0.02  0.08  0.0   0.05  0.39  0.0   0.0   0.0   0.04  0.0   
15    G     0.06  0.0   0.1   0.05  0.11  0.04  0.1   0.4   0.0   0.0   0.0   0.0   0.0   0.0   0.0   0.02  0.02  0.0   0.0   0.08  
16    G     0.0   0.0   0.17  0.0   0.0   0.03  0.0   0.64  0.0   0.0   0.0   0.0   0.0   0.0   0.02  0.15  0.0   0.0   0.0   0.0   
17    L     0.0   0.0   0.0   0.0   0.0   0.0   0.0   0.0   0.0   0.01  0.52  0.0   0.24  0.1   0.0   0.0   0.0   0.0   0.0   0.12  
18    T     0.06  0.15  0.0   0.0   0.02  0.02  0.04  0.04  0.02  0.04  0.0   0.24  0.04  0.0   0.07  0.06  0.12  0.0   0.07  0.03  
19    A     0.13  0.0   0.0   0.0   0.02  0.02  0.03  0.0   0.0   0.02  0.07  0.0   0.0   0.0   0.45  0.04  0.02  0.0   0.0   0.19  
20    R     0.0   0.12  0.0   0.05  0.0   0.0   0.0   0.78  0.0   0.0   0.0   0.0   0.0   0.0   0.0   0.05  0.0   0.0   0.0   0.0   
21    R     0.02  0.1   0.0   0.04  0.0   0.03  0.06  0.0   0.02  0.0   0.0   0.24  0.13  0.0   0.0   0.2   0.07  0.06  0.0   0.02  
22    T     0.0   0.04  0.06  0.0   0.14  0.0   0.09  0.0   0.03  0.0   0.05  0.11  0.04  0.02  0.0   0.17  0.18  0.0   0.02  0.04  
23    I     0.0   0.0   0.0   0.0   0.0   0.0   0.0   0.0   0.0   0.39  0.34  0.0   0.03  0.0   0.0   0.0   0.0   0.0   0.0   0.24  
24    I     0.02  0.07  0.01  0.0   0.0   0.0   0.07  0.0   0.02  0.15  0.12  0.12  0.03  0.0   0.0   0.0   0.33  0.0   0.0   0.07  
25    I     0.0   0.0   0.0   0.0   0.0   0.0   0.0   0.0   0.0   0.48  0.13  0.0   0.0   0.0   0.0   0.0   0.0   0.0   0.0   0.4   
26    K     0.0   0.11  0.05  0.0   0.0   0.07  0.0   0.04  0.0   0.03  0.02  0.31  0.1   0.03  0.0   0.07  0.08  0.0   0.01  0.07  
27    G     0.0   0.0   0.0   0.0   0.0   0.0   0.0   1.0   0.0   0.0   0.0   0.0   0.0   0.0   0.0   0.0   0.0   0.0   0.0   0.0   
28    Y     0.02  0.05  0.01  0.02  0.02  0.0   0.11  0.0   0.09  0.14  0.03  0.05  0.0   0.02  0.0   0.03  0.17  0.0   0.07  0.16  
29    V     0.04  0.0   0.0   0.0   0.0   0.0   0.0   0.0   0.0   0.19  0.03  0.0   0.0   0.03  0.18  0.0   0.02  0.0   0.0   0.5   
30    P     0.08  0.04  0.13  0.15  0.0   0.0   0.04  0.0   0.02  0.06  0.14  0.05  0.0   0.0   0.17  0.04  0.02  0.04  0.02  0.0   
31    P     0.13  0.0   0.04  0.1   0.0   0.04  0.03  0.02  0.07  0.02  0.11  0.07  0.0   0.0   0.27  0.07  0.02  0.0   0.0   0.0   
32    T     0.03  0.0   0.32  0.23  0.0   0.03  0.04  0.07  0.07  0.0   0.02  0.04  0.0   0.0   0.0   0.06  0.08  0.0   0.0   0.0   
33    G     0.53  0.0   0.0   0.06  0.02  0.0   0.08  0.02  0.05  0.0   0.0   0.0   0.0   0.0   0.13  0.05  0.01  0.0   0.0   0.05  
34    K     0.0   0.06  0.07  0.12  0.0   0.04  0.06  0.05  0.02  0.0   0.0   0.3   0.0   0.0   0.11  0.1   0.06  0.0   0.0   0.0   
35    S     0.0   0.26  0.04  0.04  0.0   0.17  0.04  0.06  0.0   0.0   0.0   0.04  0.0   0.0   0.0   0.32  0.02  0.0   0.02  0.0   
36    F     0.0   0.0   0.0   0.0   0.0   0.0   0.0   0.0   0.0   0.05  0.12  0.0   0.0   0.71  0.0   0.04  0.0   0.02  0.0   0.06  
37    A     0.14  0.04  0.06  0.1   0.0   0.12  0.08  0.02  0.06  0.02  0.02  0.0   0.0   0.0   0.0   0.11  0.05  0.0   0.01  0.17  
38    I     0.0   0.0   0.0   0.0   0.0   0.0   0.0   0.0   0.0   0.48  0.09  0.0   0.02  0.14  0.0   0.0   0.02  0.0   0.0   0.25  
39    N     0.0   0.02  0.56  0.19  0.0   0.03  0.06  0.0   0.05  0.0   0.0   0.0   0.0   0.0   0.0   0.08  0.0   0.0   0.0   0.0   
40    F     0.0   0.0   0.0   0.0   0.0   0.0   0.0   0.0   0.0   0.0   0.54  0.0   0.0   0.3   0.0   0.0   0.06  0.0   0.0   0.07  
41    K     0.0   0.05  0.0   0.0   0.01  0.09  0.09  0.26  0.0   0.0   0.2   0.07  0.0   0.0   0.0   0.0   0.13  0.0   0.05  0.03  
42    V     0.05  0.06  0.01  0.01  0.2   0.05  0.06  0.01  0.0   0.01  0.03  0.03  0.13  0.01  0.03  0.14  0.02  0.0   0.0   0.15  
43    G     0.04  0.0   0.03  0.06  0.0   0.0   0.0   0.6   0.05  0.0   0.01  0.17  0.0   0.0   0.0   0.0   0.0   0.0   0.0   0.0   
44    S     0.0   0.04  0.05  0.18  0.06  0.0   0.31  0.03  0.0   0.0   0.03  0.06  0.03  0.0   0.0   0.15  0.04  0.0   0.0   0.0   
45    S     0.09  0.01  0.02  0.23  0.02  0.01  0.13  0.01  0.0   0.01  0.01  0.01  0.0   0.01  0.01  0.32  0.09  0.0   0.0   0.01  
46    G     0.14  0.02  0.06  0.02  0.0   0.0   0.08  0.17  0.0   0.0   0.01  0.02  0.02  0.0   0.15  0.18  0.07  0.0   0.0   0.03  
47    D     0.0   0.02  0.13  0.55  0.0   0.0   0.08  0.02  0.04  0.0   0.0   0.08  0.0   0.0   0.06  0.0   0.02  0.0   0.0   0.0   
48    I     0.03  0.04  0.0   0.0   0.0   0.0   0.0   0.0   0.0   0.57  0.14  0.0   0.0   0.02  0.0   0.0   0.0   0.0   0.0   0.2   
49    A     0.6   0.0   0.03  0.0   0.04  0.0   0.0   0.02  0.0   0.09  0.08  0.0   0.03  0.0   0.0   0.06  0.0   0.0   0.0   0.06  
50    L     0.0   0.0   0.0   0.0   0.0   0.0   0.0   0.0   0.0   0.13  0.51  0.0   0.03  0.28  0.0   0.0   0.0   0.0   0.0   0.06  
51    H     0.0   0.06  0.0   0.03  0.0   0.03  0.09  0.0   0.79  0.0   0.0   0.0   0.0   0.0   0.0   0.0   0.0   0.0   0.0   0.0   
52    I     0.0   0.0   0.0   0.0   0.0   0.0   0.0   0.0   0.0   0.16  0.2   0.0   0.08  0.39  0.0   0.03  0.0   0.0   0.05  0.09  
53    N     0.0   0.11  0.53  0.08  0.03  0.04  0.0   0.03  0.0   0.0   0.0   0.11  0.0   0.0   0.0   0.05  0.0   0.0   0.0   0.0   
54    P     0.1   0.0   0.0   0.0   0.0   0.0   0.0   0.0   0.05  0.06  0.03  0.0   0.04  0.04  0.45  0.0   0.0   0.0   0.0   0.24  
55    R     0.0   0.73  0.03  0.0   0.02  0.0   0.04  0.0   0.08  0.0   0.0   0.0   0.0   0.0   0.0   0.0   0.0   0.0   0.03  0.07  
56    M     0.0   0.03  0.0   0.0   0.0   0.0   0.0   0.0   0.0   0.03  0.14  0.0   0.02  0.71  0.03  0.0   0.0   0.04  0.0   0.0   
57    G     0.06  0.03  0.17  0.18  0.0   0.0   0.07  0.22  0.01  0.0   0.0   0.04  0.0   0.0   0.0   0.1   0.11  0.0   0.02  0.0   
58    N     0.08  0.0   0.04  0.12  0.04  0.03  0.28  0.0   0.08  0.02  0.0   0.07  0.01  0.0   0.0   0.03  0.1   0.0   0.05  0.04  
59    G     0.03  0.12  0.26  0.06  0.0   0.03  0.0   0.03  0.05  0.0   0.04  0.08  0.0   0.0   0.15  0.1   0.0   0.03  0.02  0.0   
60    T     0.17  0.04  0.03  0.02  0.03  0.09  0.06  0.06  0.07  0.01  0.02  0.02  0.0   0.0   0.0   0.09  0.17  0.0   0.0   0.11  
61    V     0.0   0.0   0.0   0.05  0.0   0.0   0.0   0.0   0.0   0.43  0.09  0.0   0.0   0.08  0.0   0.0   0.02  0.0   0.0   0.33  
62    V     0.0   0.0   0.0   0.0   0.0   0.0   0.04  0.0   0.0   0.1   0.08  0.04  0.0   0.03  0.0   0.0   0.0   0.0   0.0   0.7   
63    R     0.0   0.31  0.0   0.0   0.21  0.09  0.0   0.03  0.0   0.0   0.07  0.0   0.17  0.09  0.0   0.0   0.0   0.0   0.04  0.01  
64    N     0.0   0.0   0.96  0.0   0.0   0.04  0.0   0.0   0.0   0.0   0.0   0.0   0.0   0.0   0.0   0.0   0.0   0.0   0.0   0.0   
65    S     0.07  0.02  0.0   0.0   0.0   0.0   0.0   0.0   0.0   0.0   0.04  0.0   0.0   0.0   0.0   0.62  0.2   0.0   0.0   0.0   
66    L     0.0   0.14  0.0   0.0   0.16  0.04  0.0   0.0   0.02  0.07  0.14  0.18  0.02  0.08  0.0   0.01  0.02  0.05  0.08  0.0   
67    L     0.03  0.0   0.0   0.1   0.0   0.09  0.11  0.0   0.02  0.12  0.14  0.06  0.04  0.04  0.03  0.0   0.07  0.0   0.02  0.12  
68    N     0.1   0.02  0.24  0.07  0.0   0.07  0.04  0.17  0.03  0.0   0.0   0.02  0.02  0.05  0.0   0.06  0.0   0.04  0.07  0.0   
69    G     0.0   0.03  0.16  0.06  0.0   0.0   0.03  0.6   0.0   0.0   0.0   0.02  0.02  0.0   0.0   0.07  0.0   0.0   0.0   0.0   
70    S     0.19  0.07  0.06  0.07  0.0   0.04  0.19  0.0   0.0   0.06  0.07  0.04  0.04  0.0   0.0   0.11  0.03  0.0   0.0   0.03  
71    W     0.02  0.01  0.0   0.0   0.0   0.0   0.0   0.03  0.0   0.0   0.0   0.0   0.03  0.0   0.0   0.05  0.0   0.85  0.0   0.0   
72    G     0.01  0.02  0.04  0.03  0.0   0.0   0.03  0.73  0.0   0.01  0.01  0.01  0.04  0.0   0.01  0.01  0.01  0.04  0.0   0.01  
73    S     0.09  0.09  0.07  0.01  0.0   0.18  0.1   0.0   0.0   0.0   0.06  0.06  0.0   0.0   0.15  0.06  0.09  0.0   0.06  0.0   
74    E     0.02  0.04  0.0   0.02  0.0   0.09  0.77  0.0   0.0   0.0   0.0   0.04  0.0   0.0   0.0   0.0   0.0   0.0   0.02  0.0   
75    E     0.0   0.0   0.02  0.01  0.0   0.25  0.58  0.0   0.01  0.02  0.02  0.02  0.0   0.04  0.01  0.0   0.0   0.0   0.0   0.0   
76    K     0.03  0.65  0.0   0.0   0.0   0.02  0.06  0.0   0.0   0.04  0.03  0.06  0.0   0.0   0.0   0.03  0.0   0.0   0.0   0.07  
77    K     0.05  0.11  0.05  0.02  0.0   0.04  0.24  0.03  0.07  0.06  0.0   0.05  0.03  0.0   0.02  0.17  0.04  0.0   0.0   0.02  
78    I     0.05  0.01  0.05  0.03  0.06  0.01  0.07  0.01  0.0   0.11  0.07  0.01  0.0   0.03  0.09  0.16  0.09  0.06  0.04  0.04  
79    T     0.12  0.0   0.06  0.07  0.0   0.0   0.0   0.07  0.06  0.02  0.03  0.07  0.0   0.0   0.19  0.05  0.09  0.0   0.07  0.09  
80    H     0.06  0.06  0.06  0.0   0.02  0.0   0.03  0.07  0.14  0.0   0.0   0.09  0.0   0.24  0.0   0.02  0.04  0.0   0.16  0.0   
81    N     0.02  0.04  0.11  0.03  0.0   0.01  0.05  0.07  0.01  0.04  0.07  0.01  0.14  0.23  0.01  0.03  0.03  0.0   0.01  0.07  
82    P     0.06  0.0   0.0   0.0   0.04  0.0   0.0   0.0   0.0   0.0   0.0   0.06  0.0   0.0   0.75  0.0   0.03  0.0   0.0   0.0   
83    F     0.0   0.0   0.0   0.0   0.0   0.0   0.0   0.0   0.0   0.0   0.16  0.0   0.0   0.84  0.0   0.0   0.0   0.0   0.0   0.0   
84    G     0.06  0.05  0.01  0.0   0.0   0.22  0.14  0.08  0.0   0.04  0.02  0.09  0.0   0.01  0.0   0.14  0.06  0.0   0.0   0.03  
85    P     0.06  0.2   0.0   0.1   0.0   0.08  0.04  0.0   0.02  0.01  0.01  0.13  0.0   0.0   0.26  0.06  0.0   0.0   0.0   0.03  
86    G     0.0   0.03  0.0   0.05  0.0   0.0   0.04  0.77  0.05  0.0   0.02  0.0   0.0   0.0   0.03  0.0   0.0   0.0   0.0   0.0   
87    Q     0.07  0.04  0.03  0.1   0.0   0.22  0.06  0.0   0.0   0.0   0.03  0.13  0.03  0.03  0.02  0.17  0.02  0.0   0.0   0.04  
88    F     0.04  0.01  0.02  0.04  0.0   0.01  0.11  0.04  0.04  0.01  0.07  0.01  0.0   0.03  0.34  0.08  0.02  0.0   0.06  0.06  
89    F     0.03  0.0   0.0   0.0   0.0   0.0   0.0   0.0   0.0   0.02  0.0   0.0   0.0   0.66  0.06  0.03  0.02  0.0   0.03  0.14  
90    D     0.0   0.05  0.04  0.12  0.0   0.05  0.25  0.0   0.03  0.0   0.04  0.12  0.03  0.0   0.0   0.15  0.02  0.0   0.0   0.1   
91    L     0.05  0.0   0.0   0.0   0.0   0.0   0.0   0.0   0.0   0.28  0.31  0.0   0.04  0.02  0.0   0.0   0.02  0.0   0.0   0.28  
92    S     0.04  0.04  0.0   0.0   0.14  0.05  0.12  0.0   0.0   0.05  0.08  0.02  0.0   0.0   0.0   0.13  0.27  0.05  0.0   0.02  
93    I     0.0   0.0   0.0   0.0   0.0   0.0   0.0   0.0   0.0   0.55  0.15  0.0   0.0   0.1   0.0   0.0   0.0   0.0   0.0   0.21  
94    R     0.0   0.13  0.0   0.0   0.0   0.02  0.03  0.0   0.04  0.08  0.15  0.02  0.01  0.04  0.0   0.17  0.13  0.02  0.12  0.04  
95    C     0.1   0.03  0.06  0.09  0.17  0.0   0.0   0.0   0.0   0.02  0.0   0.0   0.0   0.25  0.0   0.02  0.01  0.01  0.05  0.19  
96    G     0.0   0.01  0.07  0.17  0.01  0.07  0.24  0.19  0.15  0.0   0.03  0.0   0.0   0.0   0.01  0.01  0.02  0.0   0.0   0.0   
97    L     0.08  0.0   0.06  0.04  0.0   0.1   0.13  0.1   0.05  0.06  0.07  0.0   0.03  0.02  0.1   0.03  0.1   0.0   0.01  0.03  
98    D     0.06  0.03  0.07  0.3   0.0   0.03  0.19  0.05  0.07  0.0   0.0   0.04  0.0   0.02  0.05  0.02  0.02  0.0   0.04  0.0   
99    R     0.06  0.16  0.01  0.1   0.06  0.0   0.14  0.15  0.11  0.0   0.0   0.1   0.0   0.0   0.0   0.0   0.03  0.0   0.08  0.0   
100   F     0.0   0.0   0.0   0.0   0.0   0.0   0.0   0.0   0.0   0.03  0.11  0.0   0.03  0.55  0.0   0.0   0.0   0.0   0.23  0.05  
101   K     0.0   0.06  0.02  0.07  0.0   0.17  0.03  0.0   0.14  0.03  0.03  0.32  0.0   0.0   0.0   0.0   0.08  0.0   0.05  0.0   
102   V     0.03  0.0   0.0   0.0   0.0   0.0   0.0   0.0   0.0   0.42  0.0   0.0   0.04  0.0   0.0   0.0   0.02  0.0   0.0   0.48  
103   Y     0.12  0.03  0.03  0.03  0.0   0.02  0.0   0.0   0.02  0.03  0.05  0.16  0.05  0.1   0.0   0.07  0.09  0.0   0.15  0.05  
104   A     0.08  0.0   0.0   0.0   0.0   0.0   0.0   0.05  0.0   0.13  0.19  0.0   0.0   0.09  0.0   0.0   0.0   0.0   0.0   0.47  
105   N     0.0   0.0   0.4   0.24  0.0   0.02  0.0   0.06  0.0   0.0   0.03  0.0   0.0   0.0   0.2   0.06  0.0   0.0   0.0   0.0   
106   G     0.0   0.0   0.07  0.27  0.0   0.0   0.04  0.47  0.0   0.0   0.0   0.02  0.0   0.0   0.0   0.07  0.0   0.0   0.06  0.0   
107   Q     0.12  0.05  0.0   0.06  0.0   0.2   0.1   0.26  0.07  0.03  0.0   0.08  0.0   0.0   0.0   0.0   0.0   0.0   0.0   0.04  
108   H     0.0   0.08  0.0   0.04  0.0   0.08  0.06  0.0   0.42  0.0   0.03  0.06  0.0   0.0   0.03  0.03  0.08  0.0   0.04  0.03  
109   L     0.03  0.0   0.03  0.0   0.0   0.08  0.13  0.0   0.0   0.1   0.2   0.0   0.01  0.06  0.0   0.08  0.03  0.0   0.08  0.15  
110   F     0.06  0.0   0.0   0.0   0.03  0.0   0.0   0.0   0.02  0.09  0.25  0.0   0.02  0.24  0.0   0.02  0.11  0.0   0.08  0.05  
111   D     0.02  0.0   0.02  0.12  0.0   0.1   0.17  0.02  0.12  0.0   0.0   0.05  0.0   0.0   0.0   0.21  0.06  0.0   0.08  0.0   
112   F     0.0   0.0   0.0   0.0   0.0   0.0   0.0   0.0   0.0   0.0   0.0   0.0   0.0   0.68  0.0   0.0   0.0   0.0   0.27  0.0   
113   A     0.12  0.05  0.07  0.04  0.0   0.0   0.0   0.0   0.05  0.0   0.0   0.1   0.0   0.0   0.35  0.05  0.05  0.0   0.08  0.03  
114   H     0.0   0.0   0.23  0.0   0.02  0.0   0.0   0.0   0.45  0.0   0.0   0.08  0.0   0.03  0.0   0.0   0.0   0.0   0.12  0.04  
115   R     0.0   0.91  0.02  0.0   0.0   0.0   0.0   0.0   0.02  0.0   0.0   0.0   0.0   0.0   0.0   0.0   0.0   0.0   0.0   0.0   
116   L     0.03  0.01  0.03  0.01  0.0   0.04  0.01  0.01  0.02  0.15  0.35  0.01  0.06  0.11  0.02  0.01  0.04  0.0   0.03  0.08  
117   S     0.02  0.06  0.01  0.1   0.0   0.05  0.1   0.17  0.0   0.01  0.02  0.23  0.03  0.01  0.09  0.06  0.01  0.0   0.01  0.01  
118   A     0.07  0.01  0.15  0.07  0.0   0.01  0.07  0.04  0.0   0.01  0.01  0.04  0.0   0.01  0.29  0.01  0.11  0.0   0.0   0.08  
119   F     0.02  0.01  0.07  0.01  0.0   0.01  0.02  0.02  0.08  0.03  0.45  0.01  0.05  0.05  0.01  0.04  0.01  0.03  0.02  0.06  
120   Q     0.16  0.04  0.06  0.01  0.0   0.08  0.23  0.03  0.0   0.01  0.01  0.04  0.0   0.01  0.08  0.21  0.01  0.0   0.0   0.01  
121   R     0.26  0.07  0.02  0.13  0.0   0.01  0.07  0.01  0.06  0.0   0.02  0.03  0.01  0.09  0.03  0.11  0.05  0.0   0.02  0.02  
122   V     0.06  0.0   0.0   0.0   0.0   0.0   0.0   0.0   0.0   0.45  0.09  0.0   0.0   0.05  0.0   0.0   0.03  0.0   0.03  0.29  
123   D     0.03  0.1   0.17  0.17  0.0   0.06  0.01  0.0   0.01  0.0   0.0   0.13  0.0   0.0   0.06  0.11  0.14  0.0   0.0   0.0   
124   T     0.04  0.06  0.01  0.0   0.0   0.03  0.03  0.13  0.01  0.0   0.06  0.11  0.07  0.06  0.0   0.03  0.16  0.0   0.2   0.0   
125   L     0.0   0.0   0.0   0.0   0.0   0.0   0.0   0.0   0.0   0.19  0.5   0.0   0.08  0.07  0.0   0.0   0.0   0.0   0.0   0.16  
126   E     0.09  0.07  0.0   0.04  0.0   0.15  0.17  0.15  0.02  0.0   0.0   0.06  0.0   0.03  0.0   0.15  0.02  0.0   0.04  0.0   
127   I     0.07  0.0   0.0   0.0   0.0   0.0   0.0   0.0   0.0   0.35  0.1   0.0   0.03  0.05  0.0   0.0   0.03  0.0   0.0   0.37  
128   Q     0.08  0.01  0.08  0.08  0.0   0.06  0.07  0.1   0.03  0.05  0.05  0.06  0.0   0.03  0.0   0.15  0.04  0.03  0.0   0.05  
129   G     0.0   0.06  0.03  0.0   0.0   0.0   0.0   0.87  0.0   0.0   0.0   0.0   0.0   0.0   0.0   0.05  0.0   0.0   0.0   0.0   
130   D     0.02  0.02  0.02  0.75  0.0   0.0   0.03  0.06  0.0   0.0   0.0   0.0   0.0   0.0   0.0   0.09  0.0   0.0   0.0   0.0   
131   V     0.13  0.0   0.0   0.0   0.0   0.0   0.0   0.0   0.05  0.33  0.12  0.0   0.0   0.17  0.0   0.0   0.0   0.0   0.0   0.21  
132   T     0.05  0.13  0.02  0.1   0.03  0.2   0.05  0.0   0.03  0.0   0.03  0.15  0.0   0.0   0.0   0.06  0.14  0.0   0.0   0.0   
133   L     0.0   0.0   0.0   0.0   0.0   0.0   0.0   0.0   0.0   0.28  0.59  0.0   0.02  0.0   0.0   0.0   0.0   0.0   0.0   0.11  
134   S     0.05  0.03  0.0   0.06  0.0   0.0   0.04  0.0   0.14  0.03  0.05  0.13  0.0   0.02  0.0   0.15  0.28  0.0   0.03  0.0   
135   Y     0.05  0.02  0.05  0.02  0.07  0.1   0.04  0.05  0.05  0.0   0.03  0.01  0.0   0.03  0.0   0.42  0.0   0.0   0.06  0.0   
136   V     0.0   0.0   0.0   0.0   0.0   0.0   0.0   0.0   0.0   0.23  0.05  0.0   0.0   0.08  0.0   0.0   0.0   0.0   0.0   0.64  
137   Q     0.0   0.1   0.04  0.0   0.02  0.18  0.2   0.0   0.1   0.0   0.05  0.17  0.0   0.03  0.0   0.11  0.0   0.0   0.0   0.0   
138   I     0.0   0.0   0.0   0.0   0.0   0.0   0.0   0.0   0.0   0.44  0.26  0.0   0.0   0.0   0.0   0.0   0.0   0.0   0.0   0.29  
