             A     R     N     D     C     Q     E     G     H     I     L     K     M     F     P     S     T     W     Y     V
1     M     0.0   0.0   0.0   0.0   0.0   0.0   0.0   0.0   0.0   0.0   0.0   0.0   1.0   0.0   0.0   0.0   0.0   0.0   0.0   0.0   
2     R     0.01  0.02  0.01  0.0   0.0   0.0   0.0   0.0   0.0   0.48  0.11  0.04  0.0   0.0   0.0   0.0   0.13  0.0   0.0   0.19  
3     R     0.0   0.39  0.11  0.01  0.0   0.01  0.0   0.0   0.0   0.0   0.0   0.45  0.0   0.0   0.0   0.04  0.0   0.0   0.0   0.0   
4     I     0.01  0.0   0.0   0.0   0.0   0.0   0.0   0.0   0.0   0.37  0.08  0.0   0.0   0.02  0.0   0.0   0.03  0.0   0.01  0.47  
5     A     0.3   0.0   0.0   0.0   0.0   0.0   0.0   0.26  0.0   0.14  0.09  0.0   0.02  0.0   0.0   0.01  0.05  0.0   0.0   0.13  
6     V     0.0   0.0   0.0   0.0   0.0   0.0   0.0   0.0   0.0   0.42  0.13  0.0   0.01  0.0   0.0   0.0   0.01  0.0   0.0   0.45  
7     V     0.21  0.0   0.13  0.0   0.03  0.0   0.0   0.0   0.05  0.08  0.07  0.0   0.02  0.04  0.0   0.06  0.09  0.01  0.03  0.19  
8     G     0.0   0.0   0.0   0.0   0.0   0.0   0.0   0.97  0.0   0.0   0.01  0.0   0.0   0.0   0.0   0.01  0.0   0.0   0.0   0.0   
9     A     0.54  0.0   0.0   0.01  0.11  0.0   0.0   0.04  0.0   0.03  0.01  0.0   0.0   0.07  0.04  0.03  0.0   0.0   0.07  0.04  
10    A     0.14  0.06  0.09  0.0   0.03  0.01  0.0   0.09  0.0   0.01  0.09  0.08  0.01  0.01  0.0   0.22  0.14  0.0   0.0   0.0   
11    G     0.0   0.0   0.0   0.0   0.0   0.0   0.0   0.99  0.0   0.0   0.0   0.01  0.0   0.0   0.0   0.0   0.0   0.0   0.0   0.0   
12    R     0.03  0.6   0.01  0.0   0.0   0.01  0.01  0.0   0.0   0.0   0.0   0.23  0.0   0.0   0.01  0.01  0.05  0.0   0.04  0.0   
13    M     0.0   0.0   0.0   0.0   0.0   0.01  0.0   0.0   0.0   0.08  0.01  0.0   0.79  0.0   0.0   0.0   0.05  0.0   0.0   0.06  
14    G     0.01  0.0   0.01  0.0   0.0   0.0   0.0   0.98  0.0   0.0   0.0   0.0   0.0   0.0   0.0   0.0   0.0   0.0   0.0   0.0   
15    K     0.06  0.29  0.01  0.01  0.0   0.17  0.0   0.02  0.02  0.01  0.02  0.21  0.0   0.0   0.0   0.11  0.03  0.0   0.01  0.02  
16    N     0.14  0.1   0.03  0.0   0.0   0.09  0.2   0.01  0.02  0.03  0.08  0.02  0.06  0.0   0.0   0.03  0.14  0.0   0.0   0.05  
17    L     0.11  0.0   0.0   0.0   0.0   0.0   0.0   0.0   0.0   0.26  0.38  0.0   0.02  0.0   0.0   0.0   0.02  0.0   0.0   0.2   
18    I     0.13  0.0   0.0   0.0   0.02  0.02  0.01  0.01  0.0   0.37  0.09  0.0   0.01  0.01  0.0   0.02  0.04  0.0   0.01  0.25  
19    E     0.06  0.14  0.04  0.05  0.0   0.1   0.24  0.01  0.02  0.0   0.02  0.19  0.0   0.0   0.0   0.07  0.03  0.0   0.01  0.02  
20    A     0.39  0.02  0.04  0.01  0.03  0.01  0.08  0.01  0.01  0.03  0.14  0.01  0.08  0.0   0.0   0.02  0.09  0.0   0.0   0.04  
21    V     0.19  0.0   0.0   0.0   0.02  0.0   0.0   0.0   0.0   0.21  0.16  0.0   0.01  0.02  0.0   0.01  0.02  0.0   0.0   0.37  
22    Q     0.11  0.03  0.05  0.04  0.03  0.09  0.09  0.01  0.06  0.05  0.13  0.08  0.01  0.0   0.0   0.1   0.07  0.0   0.01  0.05  
23    Q     0.14  0.06  0.14  0.06  0.01  0.13  0.16  0.03  0.03  0.01  0.03  0.09  0.0   0.0   0.0   0.08  0.02  0.0   0.0   0.0   
24    T     0.22  0.04  0.07  0.09  0.0   0.08  0.06  0.02  0.07  0.01  0.02  0.03  0.02  0.03  0.0   0.12  0.13  0.0   0.0   0.0   
25    G     0.05  0.01  0.03  0.15  0.0   0.04  0.2   0.09  0.0   0.0   0.0   0.08  0.01  0.01  0.18  0.11  0.02  0.0   0.01  0.0   
26    G     0.02  0.02  0.08  0.31  0.0   0.04  0.06  0.22  0.07  0.01  0.03  0.05  0.0   0.0   0.02  0.02  0.03  0.0   0.0   0.02  
27    A     0.12  0.01  0.02  0.02  0.05  0.02  0.02  0.02  0.02  0.09  0.17  0.03  0.1   0.11  0.0   0.02  0.02  0.0   0.02  0.13  
28    A     0.09  0.02  0.02  0.01  0.02  0.07  0.26  0.01  0.03  0.04  0.05  0.08  0.01  0.04  0.01  0.05  0.1   0.01  0.01  0.07  
29    G     0.04  0.06  0.03  0.04  0.01  0.04  0.08  0.05  0.02  0.09  0.16  0.04  0.01  0.03  0.03  0.05  0.05  0.01  0.02  0.14  
30    L     0.03  0.0   0.0   0.0   0.0   0.0   0.01  0.03  0.0   0.11  0.49  0.01  0.01  0.02  0.01  0.04  0.02  0.0   0.0   0.21  
31    T     0.18  0.0   0.01  0.0   0.01  0.01  0.0   0.2   0.02  0.01  0.02  0.02  0.01  0.01  0.0   0.13  0.07  0.0   0.03  0.26  
32    A     0.47  0.01  0.0   0.0   0.01  0.0   0.0   0.25  0.0   0.04  0.04  0.01  0.01  0.0   0.02  0.07  0.02  0.0   0.0   0.05  
33    A     0.38  0.01  0.0   0.02  0.02  0.0   0.02  0.12  0.01  0.03  0.07  0.02  0.0   0.02  0.0   0.06  0.01  0.0   0.02  0.17  
34    V     0.01  0.01  0.01  0.07  0.0   0.0   0.02  0.01  0.0   0.18  0.21  0.05  0.01  0.09  0.0   0.08  0.04  0.0   0.04  0.18  
35    D     0.05  0.02  0.06  0.27  0.0   0.02  0.2   0.04  0.01  0.03  0.02  0.01  0.0   0.0   0.0   0.04  0.05  0.0   0.01  0.16  
36    R     0.05  0.4   0.05  0.02  0.01  0.02  0.02  0.01  0.06  0.03  0.02  0.07  0.01  0.01  0.02  0.1   0.03  0.0   0.02  0.06  
37    P     0.09  0.03  0.07  0.02  0.0   0.04  0.06  0.04  0.03  0.01  0.02  0.08  0.01  0.03  0.3   0.07  0.06  0.0   0.01  0.03  
38    D     0.03  0.01  0.11  0.14  0.0   0.02  0.09  0.27  0.02  0.03  0.02  0.04  0.01  0.01  0.05  0.06  0.05  0.01  0.01  0.02  
39    S     0.05  0.02  0.04  0.07  0.02  0.02  0.04  0.06  0.06  0.01  0.03  0.04  0.0   0.02  0.05  0.35  0.04  0.0   0.04  0.03  
40    T     0.05  0.02  0.03  0.06  0.0   0.05  0.1   0.03  0.01  0.02  0.07  0.07  0.01  0.03  0.16  0.13  0.07  0.0   0.03  0.06  
41    L     0.1   0.02  0.03  0.04  0.01  0.05  0.06  0.04  0.05  0.05  0.19  0.05  0.02  0.08  0.03  0.05  0.03  0.02  0.06  0.05  
42    V     0.05  0.03  0.03  0.03  0.01  0.02  0.04  0.02  0.02  0.12  0.16  0.08  0.02  0.02  0.01  0.04  0.04  0.0   0.03  0.22  
43    G     0.04  0.02  0.02  0.04  0.0   0.01  0.04  0.49  0.02  0.05  0.06  0.01  0.01  0.01  0.03  0.05  0.03  0.01  0.01  0.06  
44    A     0.1   0.06  0.03  0.05  0.02  0.12  0.09  0.03  0.02  0.04  0.05  0.1   0.02  0.02  0.03  0.08  0.06  0.0   0.02  0.09  
45    D     0.02  0.01  0.05  0.53  0.01  0.03  0.08  0.03  0.01  0.02  0.03  0.03  0.01  0.01  0.04  0.03  0.03  0.0   0.01  0.04  
46    A     0.3   0.03  0.01  0.03  0.0   0.01  0.02  0.02  0.01  0.13  0.13  0.03  0.01  0.05  0.02  0.05  0.03  0.01  0.03  0.09  
47    G     0.04  0.03  0.04  0.04  0.01  0.01  0.05  0.47  0.01  0.02  0.02  0.04  0.01  0.01  0.03  0.09  0.03  0.0   0.03  0.02  
48    E     0.07  0.06  0.02  0.04  0.01  0.04  0.31  0.03  0.01  0.04  0.08  0.08  0.01  0.02  0.02  0.07  0.03  0.0   0.02  0.04  
49    L     0.07  0.02  0.02  0.02  0.01  0.02  0.03  0.03  0.02  0.09  0.32  0.03  0.02  0.07  0.02  0.03  0.03  0.0   0.02  0.12  
50    A     0.26  0.01  0.02  0.05  0.02  0.02  0.05  0.03  0.01  0.11  0.1   0.04  0.01  0.01  0.03  0.08  0.05  0.0   0.01  0.09  
51    G     0.08  0.04  0.02  0.02  0.01  0.02  0.07  0.44  0.03  0.02  0.02  0.03  0.01  0.03  0.03  0.06  0.02  0.01  0.01  0.03  
52    L     0.06  0.03  0.02  0.03  0.04  0.03  0.03  0.04  0.01  0.11  0.17  0.04  0.03  0.09  0.03  0.06  0.05  0.0   0.02  0.1   
53    G     0.09  0.03  0.02  0.05  0.03  0.03  0.07  0.26  0.01  0.03  0.04  0.07  0.01  0.02  0.07  0.07  0.03  0.0   0.01  0.04  
54    R     0.1   0.04  0.05  0.08  0.01  0.05  0.1   0.04  0.03  0.02  0.03  0.13  0.01  0.03  0.13  0.06  0.03  0.0   0.02  0.03  
55    I     0.06  0.02  0.04  0.02  0.02  0.02  0.03  0.03  0.01  0.1   0.24  0.05  0.03  0.03  0.03  0.06  0.07  0.01  0.04  0.07  
56    G     0.03  0.02  0.07  0.14  0.0   0.02  0.08  0.4   0.0   0.02  0.03  0.02  0.0   0.01  0.04  0.06  0.02  0.0   0.01  0.03  
57    V     0.07  0.01  0.02  0.01  0.02  0.01  0.02  0.01  0.0   0.19  0.04  0.02  0.0   0.03  0.01  0.02  0.05  0.0   0.03  0.42  
58    P     0.09  0.02  0.04  0.04  0.0   0.02  0.07  0.02  0.0   0.05  0.11  0.08  0.01  0.03  0.24  0.05  0.08  0.0   0.01  0.03  
59    L     0.03  0.01  0.02  0.01  0.01  0.01  0.03  0.02  0.0   0.3   0.12  0.01  0.01  0.03  0.03  0.02  0.03  0.0   0.01  0.31  
60    S     0.05  0.01  0.03  0.03  0.02  0.03  0.04  0.04  0.02  0.01  0.05  0.02  0.01  0.09  0.03  0.2   0.21  0.0   0.06  0.07  
61    G     0.07  0.01  0.08  0.29  0.0   0.01  0.08  0.11  0.02  0.01  0.02  0.03  0.0   0.0   0.02  0.11  0.08  0.0   0.0   0.04  
62    D     0.03  0.02  0.07  0.47  0.01  0.02  0.05  0.01  0.03  0.0   0.01  0.04  0.01  0.0   0.03  0.13  0.06  0.0   0.0   0.01  
63    L     0.03  0.01  0.01  0.01  0.0   0.01  0.02  0.01  0.0   0.1   0.47  0.05  0.03  0.04  0.08  0.02  0.02  0.01  0.02  0.06  
64    G     0.14  0.01  0.04  0.1   0.0   0.04  0.26  0.03  0.02  0.02  0.06  0.07  0.0   0.01  0.04  0.09  0.04  0.02  0.01  0.02  
65    K     0.15  0.03  0.03  0.08  0.0   0.06  0.18  0.04  0.02  0.02  0.02  0.11  0.01  0.01  0.04  0.11  0.05  0.0   0.01  0.03  
66    V     0.14  0.01  0.01  0.02  0.05  0.02  0.02  0.03  0.0   0.07  0.17  0.03  0.05  0.04  0.01  0.02  0.05  0.0   0.0   0.25  
67    C     0.07  0.01  0.02  0.02  0.04  0.02  0.02  0.01  0.0   0.11  0.25  0.06  0.02  0.16  0.01  0.03  0.04  0.0   0.01  0.1   
68    E     0.14  0.04  0.03  0.13  0.0   0.05  0.15  0.04  0.01  0.01  0.04  0.14  0.0   0.03  0.04  0.05  0.04  0.0   0.0   0.04  
69    E     0.1   0.02  0.09  0.14  0.01  0.06  0.19  0.06  0.02  0.01  0.02  0.12  0.01  0.0   0.01  0.06  0.04  0.0   0.01  0.02  
70    F     0.31  0.0   0.04  0.0   0.09  0.0   0.0   0.04  0.01  0.02  0.0   0.0   0.01  0.11  0.07  0.15  0.07  0.0   0.03  0.04  
71    D     0.02  0.0   0.01  0.7   0.0   0.04  0.08  0.04  0.01  0.0   0.01  0.0   0.0   0.0   0.04  0.0   0.01  0.0   0.0   0.01  
72    V     0.06  0.0   0.0   0.0   0.03  0.0   0.0   0.05  0.0   0.11  0.03  0.0   0.02  0.01  0.0   0.0   0.01  0.0   0.01  0.64  
73    L     0.07  0.0   0.0   0.0   0.0   0.0   0.0   0.0   0.0   0.25  0.23  0.0   0.05  0.02  0.0   0.0   0.0   0.04  0.0   0.31  
74    I     0.0   0.0   0.0   0.0   0.0   0.0   0.0   0.0   0.0   0.49  0.07  0.0   0.0   0.05  0.0   0.0   0.0   0.0   0.0   0.35  
75    D     0.01  0.0   0.0   0.83  0.0   0.0   0.06  0.01  0.0   0.0   0.04  0.01  0.0   0.0   0.0   0.01  0.01  0.0   0.0   0.01  
76    F     0.07  0.0   0.0   0.0   0.01  0.0   0.0   0.01  0.0   0.0   0.05  0.0   0.0   0.81  0.0   0.0   0.01  0.0   0.02  0.01  
77    T     0.06  0.0   0.0   0.0   0.0   0.0   0.0   0.0   0.0   0.0   0.0   0.0   0.0   0.0   0.0   0.27  0.67  0.0   0.0   0.0   
78    H     0.11  0.1   0.07  0.01  0.0   0.02  0.02  0.0   0.14  0.05  0.07  0.01  0.0   0.01  0.05  0.09  0.15  0.0   0.01  0.11  
79    P     0.08  0.03  0.0   0.0   0.0   0.0   0.01  0.04  0.06  0.01  0.0   0.02  0.0   0.02  0.71  0.02  0.0   0.0   0.01  0.01  
80    S     0.12  0.01  0.03  0.13  0.0   0.06  0.24  0.04  0.04  0.01  0.01  0.1   0.0   0.0   0.01  0.15  0.02  0.0   0.0   0.01  
81    V     0.31  0.02  0.01  0.0   0.02  0.0   0.0   0.19  0.01  0.03  0.05  0.0   0.01  0.02  0.03  0.07  0.05  0.0   0.01  0.17  
82    T     0.1   0.0   0.0   0.0   0.02  0.0   0.01  0.08  0.0   0.02  0.13  0.0   0.03  0.04  0.0   0.16  0.21  0.0   0.0   0.2   
83    L     0.06  0.02  0.02  0.04  0.0   0.01  0.07  0.0   0.02  0.05  0.25  0.05  0.07  0.03  0.05  0.02  0.0   0.0   0.12  0.1   
84    K     0.14  0.03  0.04  0.13  0.0   0.03  0.21  0.04  0.01  0.01  0.03  0.1   0.03  0.02  0.04  0.04  0.07  0.0   0.01  0.02  
85    N     0.01  0.01  0.36  0.0   0.03  0.0   0.0   0.0   0.16  0.04  0.18  0.0   0.02  0.04  0.0   0.01  0.05  0.0   0.03  0.05  
86    I     0.22  0.01  0.0   0.0   0.01  0.0   0.0   0.0   0.0   0.11  0.36  0.03  0.02  0.01  0.02  0.02  0.06  0.0   0.01  0.14  
87    E     0.14  0.12  0.05  0.1   0.0   0.03  0.2   0.02  0.01  0.01  0.04  0.15  0.0   0.0   0.07  0.03  0.03  0.0   0.0   0.0   
88    Q     0.18  0.01  0.0   0.0   0.01  0.02  0.04  0.0   0.01  0.09  0.2   0.03  0.03  0.13  0.0   0.04  0.04  0.03  0.11  0.05  
89    C     0.38  0.0   0.0   0.01  0.27  0.0   0.02  0.02  0.0   0.03  0.08  0.0   0.02  0.03  0.0   0.03  0.02  0.0   0.07  0.02  
90    R     0.17  0.09  0.01  0.0   0.01  0.01  0.09  0.01  0.0   0.15  0.2   0.04  0.01  0.02  0.0   0.04  0.02  0.0   0.02  0.1   
91    K     0.15  0.07  0.02  0.04  0.0   0.16  0.21  0.02  0.01  0.01  0.03  0.23  0.0   0.0   0.0   0.03  0.02  0.0   0.0   0.01  
92    A     0.15  0.05  0.15  0.0   0.02  0.06  0.01  0.0   0.18  0.0   0.04  0.07  0.01  0.05  0.0   0.04  0.04  0.0   0.09  0.02  
93    R     0.01  0.06  0.11  0.02  0.0   0.02  0.01  0.54  0.02  0.0   0.0   0.12  0.0   0.0   0.07  0.01  0.0   0.0   0.0   0.0   
94    R     0.03  0.02  0.01  0.0   0.01  0.0   0.0   0.01  0.01  0.15  0.11  0.28  0.02  0.02  0.0   0.02  0.05  0.0   0.0   0.27  
95    A     0.15  0.1   0.07  0.02  0.01  0.0   0.0   0.03  0.04  0.02  0.0   0.11  0.0   0.01  0.34  0.03  0.0   0.0   0.01  0.06  
96    M     0.07  0.0   0.0   0.0   0.01  0.0   0.0   0.0   0.07  0.11  0.27  0.0   0.15  0.02  0.14  0.01  0.0   0.01  0.0   0.14  
97    V     0.0   0.0   0.0   0.0   0.01  0.0   0.0   0.0   0.0   0.16  0.03  0.0   0.0   0.0   0.0   0.0   0.01  0.0   0.0   0.79  
98    I     0.01  0.0   0.0   0.0   0.0   0.0   0.0   0.0   0.0   0.49  0.06  0.0   0.03  0.03  0.0   0.07  0.01  0.0   0.0   0.28  
99    G     0.08  0.0   0.0   0.0   0.03  0.0   0.0   0.83  0.0   0.0   0.0   0.0   0.0   0.0   0.0   0.0   0.0   0.0   0.02  0.0   
100   T     0.0   0.0   0.0   0.0   0.0   0.0   0.0   0.0   0.0   0.01  0.0   0.0   0.0   0.0   0.0   0.04  0.89  0.0   0.0   0.02  
101   T     0.0   0.0   0.0   0.0   0.0   0.0   0.0   0.0   0.0   0.0   0.0   0.0   0.0   0.0   0.02  0.03  0.92  0.0   0.0   0.0   
102   G     0.03  0.02  0.0   0.0   0.0   0.0   0.0   0.9   0.0   0.0   0.0   0.0   0.0   0.0   0.0   0.02  0.0   0.0   0.0   0.0   
103   F     0.0   0.0   0.0   0.0   0.02  0.0   0.03  0.0   0.0   0.05  0.27  0.0   0.02  0.45  0.02  0.0   0.0   0.08  0.03  0.01  
104   S     0.02  0.0   0.06  0.18  0.0   0.05  0.02  0.02  0.0   0.0   0.0   0.07  0.0   0.0   0.01  0.27  0.26  0.0   0.0   0.01  
105   A     0.11  0.01  0.02  0.17  0.0   0.03  0.24  0.07  0.02  0.01  0.02  0.06  0.0   0.0   0.16  0.04  0.02  0.0   0.0   0.02  
106   D     0.13  0.03  0.01  0.1   0.0   0.05  0.39  0.08  0.02  0.01  0.02  0.06  0.01  0.0   0.01  0.04  0.05  0.0   0.0   0.02  
107   E     0.02  0.06  0.01  0.12  0.01  0.27  0.25  0.09  0.05  0.04  0.01  0.01  0.03  0.0   0.0   0.01  0.03  0.0   0.0   0.0   
108   K     0.01  0.1   0.02  0.02  0.0   0.02  0.07  0.01  0.01  0.16  0.22  0.21  0.02  0.03  0.01  0.02  0.02  0.0   0.01  0.04  
109   L     0.29  0.01  0.06  0.08  0.0   0.11  0.18  0.01  0.01  0.01  0.01  0.07  0.02  0.0   0.0   0.06  0.04  0.0   0.0   0.03  
110   L     0.14  0.07  0.03  0.06  0.0   0.07  0.17  0.01  0.01  0.03  0.13  0.12  0.02  0.01  0.0   0.01  0.04  0.0   0.0   0.09  
111   L     0.03  0.02  0.01  0.0   0.0   0.0   0.0   0.0   0.0   0.29  0.47  0.0   0.04  0.04  0.0   0.0   0.0   0.01  0.0   0.1   
112   A     0.14  0.11  0.04  0.05  0.0   0.09  0.19  0.02  0.03  0.02  0.01  0.13  0.01  0.0   0.0   0.06  0.04  0.0   0.02  0.03  
113   E     0.15  0.04  0.03  0.13  0.0   0.05  0.28  0.01  0.01  0.01  0.02  0.11  0.01  0.0   0.01  0.05  0.06  0.0   0.0   0.03  
114   A     0.38  0.01  0.01  0.0   0.01  0.01  0.01  0.0   0.01  0.03  0.24  0.01  0.01  0.08  0.0   0.03  0.03  0.02  0.06  0.05  
115   A     0.42  0.0   0.0   0.0   0.05  0.0   0.02  0.04  0.0   0.06  0.01  0.01  0.0   0.0   0.0   0.3   0.04  0.0   0.0   0.04  
116   K     0.14  0.08  0.05  0.05  0.0   0.1   0.15  0.01  0.03  0.01  0.01  0.28  0.0   0.0   0.02  0.02  0.04  0.0   0.0   0.01  
117   D     0.01  0.05  0.08  0.09  0.0   0.07  0.14  0.05  0.07  0.01  0.01  0.25  0.0   0.0   0.0   0.06  0.06  0.0   0.03  0.01  
118   I     0.14  0.01  0.0   0.0   0.0   0.01  0.0   0.02  0.0   0.32  0.04  0.01  0.1   0.01  0.0   0.04  0.08  0.0   0.0   0.22  
119   P     0.08  0.02  0.02  0.0   0.0   0.0   0.0   0.25  0.0   0.01  0.01  0.02  0.0   0.0   0.45  0.07  0.03  0.0   0.0   0.02  
120   I     0.09  0.0   0.0   0.0   0.08  0.0   0.0   0.04  0.0   0.32  0.11  0.0   0.02  0.02  0.0   0.0   0.01  0.0   0.0   0.31  
121   V     0.03  0.0   0.0   0.0   0.01  0.0   0.0   0.0   0.0   0.1   0.31  0.0   0.01  0.12  0.0   0.0   0.01  0.0   0.0   0.42  
122   F     0.0   0.04  0.0   0.0   0.0   0.07  0.0   0.01  0.02  0.24  0.05  0.07  0.02  0.15  0.0   0.0   0.0   0.08  0.13  0.11  
123   A     0.52  0.0   0.0   0.0   0.04  0.0   0.0   0.01  0.0   0.06  0.0   0.0   0.0   0.0   0.0   0.36  0.02  0.0   0.0   0.0   
124   A     0.21  0.0   0.0   0.0   0.01  0.01  0.01  0.08  0.01  0.0   0.0   0.0   0.0   0.0   0.46  0.09  0.08  0.0   0.03  0.01  
125   N     0.0   0.0   0.93  0.0   0.0   0.03  0.0   0.0   0.0   0.0   0.0   0.0   0.0   0.0   0.0   0.01  0.03  0.0   0.0   0.0   
126   F     0.01  0.0   0.0   0.0   0.0   0.0   0.0   0.0   0.0   0.0   0.03  0.0   0.38  0.42  0.0   0.0   0.06  0.0   0.09  0.01  
127   S     0.15  0.0   0.0   0.0   0.01  0.01  0.0   0.05  0.0   0.0   0.0   0.0   0.0   0.0   0.0   0.77  0.0   0.0   0.0   0.0   
128   V     0.02  0.0   0.0   0.0   0.0   0.01  0.0   0.0   0.0   0.27  0.29  0.03  0.01  0.03  0.02  0.0   0.02  0.0   0.04  0.26  
129   G     0.02  0.0   0.0   0.0   0.01  0.03  0.0   0.9   0.0   0.0   0.0   0.0   0.0   0.0   0.0   0.05  0.0   0.0   0.0   0.0   
130   V     0.21  0.0   0.0   0.0   0.0   0.0   0.0   0.0   0.0   0.13  0.01  0.0   0.07  0.0   0.0   0.04  0.0   0.0   0.0   0.54  
131   N     0.08  0.0   0.52  0.0   0.0   0.02  0.0   0.0   0.03  0.07  0.01  0.0   0.01  0.0   0.0   0.0   0.02  0.0   0.04  0.2   
132   L     0.08  0.0   0.0   0.0   0.0   0.0   0.0   0.0   0.0   0.12  0.53  0.0   0.03  0.0   0.0   0.0   0.0   0.0   0.0   0.24  
133   C     0.03  0.0   0.0   0.0   0.03  0.03  0.0   0.0   0.01  0.03  0.49  0.0   0.12  0.12  0.0   0.03  0.06  0.0   0.0   0.06  
134   L     0.05  0.0   0.08  0.01  0.0   0.09  0.0   0.01  0.0   0.02  0.18  0.06  0.16  0.16  0.0   0.02  0.06  0.02  0.01  0.04  
135   K     0.08  0.15  0.04  0.0   0.0   0.15  0.08  0.01  0.03  0.01  0.0   0.35  0.01  0.0   0.0   0.03  0.0   0.01  0.03  0.03  
136   L     0.13  0.0   0.0   0.0   0.0   0.0   0.0   0.0   0.0   0.09  0.54  0.0   0.01  0.15  0.0   0.0   0.05  0.0   0.0   0.03  
137   L     0.29  0.0   0.01  0.0   0.0   0.0   0.0   0.0   0.0   0.03  0.31  0.0   0.04  0.0   0.0   0.02  0.06  0.0   0.0   0.24  
138   D     0.09  0.1   0.01  0.03  0.0   0.09  0.29  0.02  0.01  0.05  0.01  0.17  0.01  0.01  0.03  0.04  0.02  0.0   0.0   0.01  
139   T     0.06  0.05  0.02  0.03  0.0   0.15  0.15  0.0   0.0   0.08  0.08  0.18  0.09  0.01  0.0   0.01  0.04  0.0   0.0   0.04  
140   A     0.64  0.0   0.0   0.0   0.0   0.0   0.0   0.01  0.0   0.04  0.13  0.0   0.05  0.01  0.0   0.01  0.04  0.0   0.0   0.08  
141   A     0.63  0.0   0.01  0.0   0.0   0.0   0.0   0.01  0.01  0.01  0.0   0.0   0.0   0.0   0.0   0.2   0.06  0.0   0.0   0.08  
142   R     0.1   0.22  0.02  0.01  0.0   0.09  0.09  0.03  0.01  0.0   0.01  0.3   0.0   0.0   0.09  0.03  0.01  0.0   0.0   0.0   
143   V     0.12  0.01  0.01  0.0   0.0   0.05  0.01  0.01  0.01  0.11  0.11  0.05  0.04  0.08  0.0   0.02  0.04  0.0   0.15  0.17  
144   L     0.01  0.0   0.01  0.0   0.01  0.0   0.0   0.0   0.0   0.06  0.48  0.0   0.08  0.27  0.0   0.01  0.0   0.0   0.04  0.0   
145   G     0.07  0.04  0.04  0.17  0.0   0.03  0.06  0.23  0.0   0.01  0.0   0.05  0.0   0.05  0.16  0.05  0.01  0.0   0.02  0.0   
146   D     0.02  0.01  0.08  0.31  0.0   0.02  0.15  0.03  0.09  0.0   0.02  0.03  0.0   0.01  0.04  0.14  0.02  0.0   0.01  0.01  
147   E     0.13  0.03  0.06  0.12  0.01  0.06  0.06  0.16  0.02  0.02  0.03  0.03  0.01  0.02  0.02  0.05  0.05  0.0   0.1   0.02  
148   V     0.04  0.01  0.04  0.01  0.03  0.01  0.01  0.02  0.01  0.02  0.03  0.01  0.01  0.2   0.01  0.06  0.05  0.08  0.3   0.04  
149   D     0.01  0.01  0.05  0.75  0.0   0.01  0.01  0.01  0.01  0.01  0.02  0.02  0.0   0.01  0.01  0.03  0.01  0.0   0.01  0.01  
150   I     0.03  0.0   0.0   0.0   0.03  0.0   0.0   0.0   0.0   0.52  0.07  0.0   0.01  0.01  0.0   0.01  0.0   0.0   0.0   0.29  
151   E     0.04  0.04  0.0   0.05  0.0   0.01  0.85  0.0   0.0   0.0   0.0   0.01  0.0   0.0   0.0   0.01  0.0   0.0   0.0   0.0   
152   I     0.0   0.0   0.0   0.0   0.0   0.0   0.0   0.0   0.0   0.65  0.13  0.0   0.02  0.02  0.0   0.0   0.0   0.0   0.0   0.18  
153   I     0.02  0.02  0.0   0.0   0.01  0.01  0.02  0.0   0.0   0.39  0.11  0.0   0.04  0.03  0.0   0.03  0.06  0.03  0.01  0.22  
154   E     0.0   0.0   0.0   0.01  0.0   0.0   0.99  0.0   0.0   0.0   0.0   0.0   0.0   0.0   0.0   0.0   0.0   0.0   0.0   0.0   
155   A     0.24  0.02  0.0   0.0   0.01  0.04  0.0   0.02  0.01  0.06  0.17  0.02  0.16  0.0   0.0   0.11  0.08  0.0   0.01  0.04  
156   H     0.0   0.0   0.0   0.0   0.0   0.0   0.0   0.0   0.97  0.0   0.0   0.0   0.0   0.0   0.0   0.0   0.0   0.0   0.0   0.0   
157   H     0.0   0.04  0.0   0.0   0.0   0.04  0.0   0.01  0.91  0.0   0.0   0.0   0.0   0.0   0.0   0.0   0.0   0.0   0.0   0.0   
158   R     0.05  0.4   0.22  0.07  0.0   0.01  0.01  0.0   0.01  0.0   0.01  0.07  0.0   0.0   0.09  0.02  0.04  0.0   0.0   0.01  
159   H     0.04  0.08  0.11  0.01  0.0   0.14  0.02  0.06  0.25  0.0   0.03  0.09  0.02  0.04  0.0   0.02  0.03  0.0   0.05  0.0   
160   K     0.03  0.0   0.0   0.0   0.0   0.0   0.0   0.0   0.0   0.0   0.0   0.97  0.0   0.0   0.0   0.0   0.0   0.0   0.0   0.0   
161   V     0.15  0.04  0.0   0.0   0.0   0.02  0.0   0.0   0.0   0.08  0.11  0.3   0.01  0.0   0.0   0.01  0.0   0.0   0.0   0.29  
162   D     0.0   0.0   0.0   1.0   0.0   0.0   0.0   0.0   0.0   0.0   0.0   0.0   0.0   0.0   0.0   0.0   0.0   0.0   0.0   0.0   
163   A     0.71  0.01  0.0   0.0   0.0   0.0   0.0   0.0   0.0   0.05  0.03  0.01  0.0   0.03  0.02  0.13  0.0   0.0   0.01  0.0   
164   P     0.0   0.0   0.0   0.0   0.0   0.0   0.0   0.0   0.0   0.02  0.01  0.0   0.0   0.0   0.92  0.0   0.0   0.0   0.0   0.01  
165   S     0.0   0.0   0.0   0.0   0.0   0.0   0.0   0.0   0.0   0.0   0.0   0.0   0.0   0.0   0.0   1.0   0.0   0.0   0.0   0.0   
166   G     0.01  0.0   0.0   0.0   0.0   0.0   0.0   0.95  0.0   0.0   0.0   0.0   0.0   0.0   0.03  0.0   0.0   0.0   0.0   0.0   
167   T     0.01  0.0   0.0   0.0   0.0   0.0   0.03  0.0   0.0   0.0   0.0   0.0   0.0   0.0   0.0   0.01  0.94  0.0   0.0   0.0   
168   A     0.9   0.0   0.0   0.0   0.02  0.0   0.0   0.0   0.0   0.0   0.02  0.0   0.0   0.0   0.0   0.04  0.01  0.0   0.0   0.0   
169   L     0.02  0.01  0.02  0.0   0.0   0.01  0.03  0.0   0.0   0.2   0.48  0.06  0.04  0.0   0.0   0.01  0.01  0.0   0.01  0.1   
170   R     0.1   0.15  0.0   0.01  0.0   0.05  0.04  0.02  0.03  0.01  0.13  0.21  0.08  0.0   0.0   0.06  0.11  0.0   0.0   0.0   
171   M     0.07  0.0   0.0   0.0   0.0   0.0   0.0   0.0   0.0   0.12  0.38  0.0   0.15  0.02  0.0   0.0   0.22  0.0   0.0   0.04  
172   G     0.43  0.01  0.0   0.0   0.0   0.01  0.0   0.33  0.0   0.04  0.06  0.04  0.0   0.01  0.0   0.0   0.0   0.0   0.03  0.03  
173   E     0.04  0.04  0.07  0.08  0.0   0.13  0.46  0.01  0.02  0.0   0.0   0.08  0.0   0.0   0.0   0.06  0.01  0.0   0.0   0.0   
174   V     0.22  0.02  0.06  0.0   0.06  0.01  0.01  0.03  0.02  0.08  0.11  0.01  0.08  0.01  0.0   0.02  0.08  0.0   0.0   0.17  
175   V     0.12  0.0   0.0   0.0   0.02  0.0   0.0   0.0   0.0   0.5   0.12  0.0   0.04  0.04  0.0   0.0   0.01  0.0   0.0   0.15  
176   A     0.51  0.02  0.02  0.01  0.03  0.08  0.07  0.01  0.0   0.0   0.08  0.03  0.0   0.0   0.0   0.11  0.01  0.0   0.0   0.01  
177   Q     0.07  0.03  0.06  0.1   0.01  0.09  0.31  0.05  0.01  0.0   0.01  0.15  0.0   0.0   0.0   0.07  0.01  0.0   0.01  0.0   
178   A     0.38  0.01  0.06  0.01  0.0   0.02  0.07  0.17  0.0   0.04  0.03  0.01  0.01  0.0   0.0   0.03  0.08  0.0   0.0   0.07  
179   L     0.02  0.38  0.04  0.0   0.0   0.02  0.0   0.0   0.0   0.02  0.27  0.07  0.06  0.0   0.0   0.01  0.01  0.0   0.04  0.05  
180   G     0.02  0.03  0.16  0.06  0.0   0.06  0.02  0.4   0.01  0.01  0.01  0.07  0.0   0.01  0.04  0.07  0.01  0.0   0.0   0.01  
181   R     0.03  0.26  0.02  0.01  0.0   0.02  0.14  0.02  0.01  0.05  0.07  0.15  0.0   0.01  0.01  0.04  0.02  0.03  0.03  0.1   
182   D     0.1   0.03  0.08  0.25  0.0   0.02  0.12  0.03  0.0   0.01  0.01  0.12  0.02  0.01  0.05  0.07  0.05  0.0   0.0   0.03  
183   L     0.03  0.03  0.01  0.04  0.01  0.01  0.04  0.06  0.02  0.03  0.36  0.08  0.03  0.09  0.01  0.03  0.03  0.04  0.04  0.03  
184   Q     0.05  0.01  0.14  0.12  0.0   0.08  0.11  0.03  0.02  0.01  0.02  0.15  0.01  0.0   0.07  0.11  0.04  0.0   0.01  0.01  
185   E     0.05  0.02  0.04  0.11  0.0   0.15  0.12  0.02  0.02  0.07  0.02  0.1   0.01  0.01  0.07  0.07  0.04  0.0   0.0   0.06  
186   V     0.07  0.05  0.05  0.03  0.06  0.04  0.05  0.07  0.05  0.04  0.02  0.03  0.02  0.01  0.07  0.04  0.08  0.0   0.01  0.22  
187   A     0.24  0.07  0.03  0.07  0.0   0.06  0.03  0.03  0.03  0.03  0.08  0.03  0.02  0.03  0.09  0.08  0.01  0.0   0.04  0.02  
188   V     0.05  0.02  0.03  0.06  0.01  0.04  0.03  0.02  0.0   0.1   0.05  0.02  0.01  0.0   0.12  0.03  0.03  0.0   0.02  0.38  
189   Y     0.04  0.06  0.02  0.11  0.0   0.06  0.05  0.01  0.05  0.03  0.03  0.05  0.0   0.06  0.01  0.09  0.03  0.01  0.26  0.03  
190   G     0.11  0.04  0.03  0.03  0.01  0.02  0.16  0.3   0.04  0.03  0.02  0.02  0.0   0.01  0.0   0.06  0.07  0.0   0.01  0.04  
191   R     0.02  0.54  0.01  0.05  0.0   0.03  0.05  0.02  0.02  0.01  0.01  0.06  0.0   0.01  0.0   0.04  0.08  0.0   0.01  0.02  
192   E     0.01  0.02  0.04  0.12  0.0   0.05  0.42  0.08  0.05  0.0   0.05  0.02  0.0   0.0   0.02  0.03  0.06  0.0   0.01  0.02  
193   G     0.02  0.03  0.03  0.02  0.0   0.04  0.05  0.44  0.01  0.01  0.04  0.06  0.0   0.01  0.03  0.08  0.08  0.01  0.02  0.0   
194   Q     0.04  0.02  0.03  0.02  0.0   0.08  0.05  0.02  0.09  0.18  0.2   0.05  0.05  0.01  0.01  0.02  0.02  0.0   0.03  0.08  
195   T     0.07  0.04  0.02  0.06  0.02  0.01  0.05  0.01  0.01  0.13  0.04  0.05  0.01  0.01  0.06  0.04  0.28  0.0   0.01  0.09  
196   G     0.03  0.01  0.02  0.02  0.0   0.01  0.06  0.7   0.0   0.01  0.02  0.03  0.0   0.01  0.01  0.03  0.01  0.0   0.01  0.01  
197   A     0.27  0.05  0.01  0.02  0.03  0.04  0.22  0.01  0.0   0.02  0.01  0.07  0.0   0.01  0.09  0.06  0.01  0.0   0.0   0.07  
198   R     0.02  0.71  0.01  0.01  0.0   0.04  0.01  0.01  0.0   0.01  0.03  0.04  0.0   0.0   0.07  0.01  0.01  0.0   0.0   0.01  
199   A     0.03  0.03  0.02  0.13  0.01  0.05  0.13  0.24  0.0   0.0   0.01  0.08  0.0   0.0   0.06  0.07  0.09  0.0   0.01  0.03  
200   R     0.19  0.08  0.02  0.05  0.0   0.04  0.12  0.05  0.03  0.0   0.01  0.17  0.0   0.0   0.13  0.04  0.02  0.0   0.01  0.03  
201   E     0.02  0.01  0.09  0.29  0.0   0.03  0.13  0.16  0.05  0.0   0.0   0.13  0.0   0.01  0.01  0.04  0.01  0.0   0.01  0.0   
202   T     0.03  0.01  0.04  0.06  0.01  0.02  0.33  0.15  0.0   0.02  0.01  0.02  0.0   0.02  0.0   0.08  0.13  0.0   0.02  0.04  
203   I     0.0   0.0   0.0   0.04  0.0   0.02  0.02  0.01  0.0   0.68  0.07  0.0   0.01  0.0   0.0   0.03  0.0   0.0   0.0   0.1   
204   G     0.03  0.1   0.03  0.0   0.01  0.03  0.05  0.6   0.03  0.0   0.01  0.02  0.0   0.0   0.07  0.0   0.0   0.0   0.0   0.0   
205   F     0.0   0.0   0.0   0.0   0.0   0.0   0.0   0.0   0.04  0.29  0.05  0.0   0.04  0.27  0.0   0.0   0.0   0.0   0.03  0.25  
206   A     0.27  0.0   0.02  0.0   0.0   0.05  0.01  0.01  0.45  0.0   0.01  0.0   0.04  0.02  0.0   0.11  0.0   0.0   0.0   0.01  
207   T     0.24  0.0   0.0   0.0   0.01  0.0   0.0   0.02  0.0   0.01  0.0   0.0   0.0   0.04  0.01  0.4   0.19  0.0   0.0   0.08  
208   V     0.01  0.01  0.0   0.0   0.01  0.0   0.0   0.0   0.04  0.24  0.24  0.01  0.04  0.01  0.0   0.08  0.0   0.0   0.0   0.31  
209   R     0.0   0.92  0.0   0.0   0.0   0.0   0.0   0.0   0.0   0.0   0.03  0.0   0.01  0.0   0.0   0.0   0.0   0.0   0.0   0.03  
210   A     0.16  0.01  0.0   0.0   0.0   0.0   0.01  0.39  0.0   0.01  0.28  0.01  0.02  0.0   0.0   0.01  0.0   0.0   0.04  0.05  
211   G     0.03  0.02  0.0   0.0   0.0   0.01  0.01  0.67  0.04  0.0   0.0   0.0   0.0   0.0   0.19  0.01  0.01  0.0   0.0   0.0   
212   D     0.01  0.0   0.09  0.33  0.0   0.02  0.02  0.32  0.0   0.0   0.05  0.0   0.0   0.0   0.0   0.08  0.07  0.0   0.0   0.01  
213   V     0.01  0.0   0.01  0.01  0.0   0.0   0.01  0.01  0.0   0.35  0.2   0.0   0.03  0.01  0.0   0.0   0.05  0.0   0.01  0.31  
214   V     0.02  0.01  0.01  0.0   0.0   0.0   0.0   0.0   0.02  0.15  0.05  0.0   0.0   0.07  0.07  0.07  0.01  0.0   0.0   0.51  
215   G     0.23  0.0   0.0   0.0   0.0   0.0   0.0   0.67  0.0   0.0   0.0   0.0   0.0   0.0   0.04  0.06  0.0   0.0   0.0   0.0   
216   D     0.0   0.04  0.01  0.27  0.0   0.01  0.3   0.0   0.21  0.02  0.0   0.05  0.0   0.0   0.0   0.04  0.01  0.0   0.0   0.03  
217   H     0.0   0.0   0.0   0.01  0.0   0.18  0.08  0.0   0.69  0.0   0.0   0.01  0.0   0.0   0.0   0.0   0.03  0.0   0.0   0.0   
218   T     0.02  0.02  0.0   0.05  0.0   0.06  0.29  0.0   0.0   0.0   0.01  0.04  0.0   0.0   0.0   0.13  0.37  0.0   0.0   0.01  
219   V     0.11  0.0   0.0   0.0   0.0   0.0   0.0   0.0   0.0   0.11  0.03  0.0   0.0   0.0   0.0   0.0   0.01  0.0   0.0   0.75  
220   L     0.03  0.0   0.01  0.0   0.0   0.02  0.0   0.04  0.01  0.22  0.22  0.0   0.13  0.05  0.0   0.08  0.03  0.01  0.09  0.06  
221   F     0.01  0.0   0.0   0.0   0.01  0.0   0.0   0.0   0.0   0.04  0.07  0.0   0.0   0.85  0.0   0.0   0.0   0.0   0.01  0.0   
222   A     0.3   0.0   0.01  0.04  0.01  0.0   0.01  0.24  0.0   0.07  0.05  0.0   0.02  0.01  0.0   0.08  0.04  0.0   0.05  0.04  
223   A     0.1   0.0   0.09  0.07  0.0   0.01  0.01  0.38  0.0   0.0   0.02  0.01  0.01  0.01  0.0   0.2   0.07  0.0   0.0   0.01  
224   E     0.07  0.01  0.05  0.19  0.0   0.04  0.15  0.01  0.01  0.09  0.06  0.02  0.02  0.0   0.15  0.05  0.03  0.0   0.0   0.03  
225   G     0.02  0.0   0.02  0.11  0.0   0.0   0.04  0.66  0.01  0.01  0.01  0.03  0.01  0.01  0.0   0.03  0.01  0.0   0.02  0.01  
226   E     0.0   0.0   0.0   0.09  0.0   0.1   0.76  0.0   0.0   0.0   0.0   0.0   0.0   0.0   0.0   0.0   0.0   0.0   0.0   0.0   
227   R     0.03  0.34  0.0   0.01  0.01  0.05  0.03  0.03  0.01  0.06  0.04  0.03  0.03  0.03  0.0   0.04  0.16  0.0   0.02  0.08  
228   V     0.0   0.0   0.0   0.0   0.0   0.0   0.0   0.0   0.0   0.47  0.29  0.0   0.01  0.01  0.0   0.0   0.0   0.0   0.08  0.11  
229   E     0.01  0.0   0.0   0.01  0.0   0.01  0.5   0.0   0.0   0.0   0.02  0.03  0.0   0.0   0.0   0.05  0.3   0.0   0.0   0.06  
230   I     0.0   0.0   0.0   0.0   0.0   0.0   0.0   0.0   0.0   0.47  0.36  0.0   0.0   0.08  0.0   0.0   0.0   0.0   0.0   0.09  
231   T     0.02  0.23  0.07  0.0   0.0   0.05  0.01  0.01  0.01  0.01  0.0   0.11  0.0   0.0   0.0   0.2   0.25  0.0   0.0   0.04  
232   H     0.01  0.0   0.0   0.0   0.0   0.03  0.0   0.0   0.95  0.0   0.0   0.0   0.0   0.0   0.0   0.0   0.0   0.0   0.0   0.01  
233   K     0.01  0.19  0.07  0.25  0.0   0.04  0.05  0.0   0.01  0.01  0.0   0.18  0.0   0.0   0.0   0.03  0.13  0.01  0.0   0.01  
234   A     0.61  0.0   0.0   0.0   0.0   0.0   0.0   0.01  0.0   0.03  0.0   0.0   0.0   0.0   0.0   0.17  0.09  0.0   0.0   0.1   
235   S     0.0   0.01  0.0   0.0   0.04  0.06  0.05  0.01  0.04  0.12  0.1   0.04  0.03  0.11  0.01  0.16  0.13  0.0   0.07  0.0   
236   S     0.01  0.0   0.18  0.34  0.0   0.0   0.02  0.04  0.01  0.0   0.0   0.0   0.0   0.0   0.0   0.38  0.02  0.0   0.0   0.0   
237   R     0.0   0.88  0.0   0.0   0.0   0.0   0.0   0.0   0.01  0.0   0.0   0.06  0.0   0.0   0.02  0.0   0.0   0.0   0.0   0.03  
238   M     0.11  0.1   0.07  0.08  0.0   0.06  0.1   0.01  0.0   0.03  0.02  0.05  0.11  0.0   0.0   0.19  0.06  0.0   0.0   0.01  
239   T     0.08  0.0   0.01  0.0   0.06  0.01  0.0   0.05  0.0   0.18  0.03  0.0   0.02  0.0   0.0   0.22  0.18  0.0   0.0   0.15  
240   F     0.0   0.0   0.0   0.0   0.0   0.0   0.0   0.0   0.0   0.0   0.03  0.0   0.0   0.76  0.0   0.0   0.01  0.0   0.2   0.0   
241   A     0.66  0.0   0.0   0.0   0.0   0.0   0.01  0.02  0.0   0.02  0.01  0.0   0.2   0.0   0.0   0.04  0.0   0.0   0.0   0.05  
242   R     0.06  0.13  0.1   0.04  0.0   0.06  0.08  0.02  0.02  0.03  0.04  0.11  0.0   0.0   0.19  0.09  0.02  0.0   0.0   0.01  
243   G     0.0   0.0   0.0   0.0   0.0   0.0   0.0   1.0   0.0   0.0   0.0   0.0   0.0   0.0   0.0   0.0   0.0   0.0   0.0   0.0   
244   A     0.61  0.0   0.0   0.0   0.0   0.0   0.0   0.0   0.0   0.05  0.03  0.0   0.0   0.0   0.0   0.05  0.04  0.0   0.0   0.22  
245   V     0.02  0.0   0.01  0.0   0.0   0.0   0.0   0.0   0.0   0.15  0.46  0.04  0.02  0.01  0.0   0.0   0.0   0.0   0.0   0.28  
246   R     0.03  0.26  0.0   0.06  0.0   0.04  0.05  0.0   0.03  0.01  0.2   0.19  0.02  0.01  0.0   0.02  0.02  0.0   0.01  0.03  
247   A     0.78  0.0   0.0   0.0   0.01  0.0   0.0   0.06  0.0   0.04  0.0   0.0   0.0   0.0   0.0   0.06  0.03  0.0   0.0   0.02  
248   A     0.61  0.01  0.0   0.0   0.03  0.0   0.0   0.01  0.0   0.13  0.05  0.0   0.0   0.0   0.0   0.01  0.01  0.0   0.0   0.13  
249   L     0.05  0.27  0.01  0.03  0.01  0.02  0.14  0.01  0.0   0.07  0.15  0.14  0.02  0.01  0.0   0.01  0.02  0.0   0.0   0.04  
250   W     0.0   0.04  0.01  0.01  0.0   0.02  0.04  0.0   0.0   0.0   0.0   0.18  0.0   0.13  0.0   0.0   0.02  0.5   0.03  0.0   
251   L     0.06  0.0   0.0   0.0   0.0   0.0   0.0   0.02  0.0   0.14  0.48  0.0   0.01  0.0   0.0   0.0   0.0   0.0   0.0   0.28  
252   E     0.18  0.07  0.01  0.01  0.01  0.05  0.02  0.04  0.05  0.08  0.05  0.07  0.06  0.01  0.01  0.06  0.01  0.0   0.01  0.21  
253   G     0.02  0.07  0.1   0.15  0.01  0.08  0.08  0.27  0.02  0.0   0.01  0.11  0.0   0.0   0.0   0.05  0.04  0.0   0.0   0.0   
254   K     0.03  0.17  0.02  0.01  0.0   0.15  0.01  0.01  0.03  0.01  0.15  0.32  0.0   0.01  0.03  0.0   0.01  0.0   0.01  0.03  
255   E     0.05  0.01  0.05  0.08  0.0   0.06  0.11  0.03  0.03  0.0   0.0   0.27  0.0   0.0   0.2   0.06  0.04  0.0   0.0   0.02  
256   N     0.1   0.01  0.12  0.01  0.01  0.04  0.04  0.07  0.01  0.03  0.0   0.06  0.0   0.0   0.35  0.07  0.06  0.0   0.01  0.01  
257   G     0.02  0.04  0.0   0.0   0.0   0.0   0.0   0.66  0.0   0.0   0.21  0.03  0.0   0.01  0.0   0.0   0.0   0.0   0.0   0.01  
258   L     0.01  0.01  0.0   0.0   0.02  0.01  0.0   0.0   0.0   0.11  0.42  0.02  0.03  0.1   0.0   0.01  0.04  0.01  0.03  0.17  
259   Y     0.0   0.0   0.0   0.02  0.0   0.0   0.01  0.0   0.01  0.02  0.0   0.0   0.0   0.13  0.0   0.0   0.0   0.0   0.76  0.05  
260   D     0.01  0.03  0.07  0.24  0.0   0.01  0.02  0.28  0.01  0.0   0.0   0.0   0.0   0.0   0.0   0.17  0.15  0.0   0.0   0.0   
261   M     0.0   0.0   0.0   0.0   0.0   0.0   0.0   0.0   0.0   0.07  0.3   0.0   0.54  0.05  0.0   0.0   0.01  0.0   0.0   0.02  
262   Q     0.03  0.07  0.05  0.12  0.0   0.14  0.25  0.02  0.0   0.07  0.04  0.05  0.01  0.04  0.0   0.08  0.02  0.0   0.0   0.0   
263   D     0.02  0.01  0.1   0.64  0.0   0.02  0.04  0.0   0.06  0.0   0.0   0.08  0.0   0.0   0.01  0.01  0.0   0.0   0.0   0.0   
264   V     0.01  0.0   0.0   0.0   0.02  0.0   0.0   0.0   0.0   0.14  0.17  0.0   0.05  0.12  0.0   0.0   0.02  0.0   0.01  0.45  
265   L     0.0   0.0   0.0   0.01  0.0   0.0   0.0   0.0   0.0   0.08  0.85  0.0   0.02  0.01  0.0   0.0   0.0   0.0   0.01  0.01  
266   G     0.01  0.0   0.16  0.2   0.0   0.01  0.04  0.54  0.0   0.0   0.0   0.03  0.0   0.0   0.0   0.01  0.0   0.0   0.0   0.0   
267   L     0.0   0.0   0.0   0.0   0.0   0.0   0.03  0.0   0.0   0.08  0.77  0.0   0.04  0.04  0.0   0.02  0.0   0.0   0.0   0.0   
268   R     0.0   0.3   0.35  0.0   0.0   0.06  0.0   0.0   0.0   0.0   0.0   0.29  0.0   0.0   0.0   0.0   0.0   0.0   0.0   0.0   
