             A     R     N     D     C     Q     E     G     H     I     L     K     M     F     P     S     T     W     Y     V
1     E     0.0   0.0   0.0   0.0   0.0   0.0   0.0   0.0   0.0   0.0   0.0   0.0   0.0   0.0   0.0   0.0   0.0   0.0   0.0   0.0   
2     I     0.0   0.0   0.0   0.0   0.0   0.0   0.0   0.0   0.0   0.73  0.0   0.0   0.0   0.0   0.0   0.0   0.0   0.0   0.0   0.27  
3     T     0.0   0.18  0.0   0.0   0.0   0.0   0.0   0.0   0.0   0.0   0.0   0.6   0.0   0.0   0.0   0.0   0.22  0.0   0.0   0.0   
4     I     0.0   0.0   0.0   0.0   0.0   0.0   0.0   0.0   0.0   0.73  0.0   0.0   0.0   0.0   0.0   0.0   0.0   0.0   0.0   0.27  
5     A     0.22  0.0   0.0   0.0   0.0   0.0   0.0   0.78  0.0   0.0   0.0   0.0   0.0   0.0   0.0   0.0   0.0   0.0   0.0   0.0   
6     G     0.51  0.0   0.0   0.0   0.0   0.0   0.0   0.22  0.0   0.0   0.0   0.0   0.0   0.0   0.0   0.27  0.0   0.0   0.0   0.0   
7     K     0.0   0.0   0.0   0.0   0.0   0.33  0.0   0.0   0.0   0.0   0.0   0.49  0.18  0.0   0.0   0.0   0.0   0.0   0.0   0.0   
8     L     0.18  0.0   0.0   0.0   0.0   0.0   0.0   0.0   0.0   0.27  0.22  0.0   0.0   0.0   0.0   0.33  0.0   0.0   0.0   0.0   
9     G     0.0   0.0   0.0   0.27  0.0   0.0   0.0   0.22  0.0   0.0   0.0   0.0   0.33  0.0   0.0   0.0   0.18  0.0   0.0   0.0   
10    A     0.22  0.0   0.0   0.0   0.0   0.0   0.0   0.0   0.0   0.0   0.0   0.0   0.0   0.0   0.0   0.17  0.61  0.0   0.0   0.0   
11    E     0.0   0.0   0.0   0.0   0.0   0.0   1.0   0.0   0.0   0.0   0.0   0.0   0.0   0.0   0.0   0.0   0.0   0.0   0.0   0.0   
12    P     0.0   0.0   0.0   0.0   0.0   0.0   0.0   0.27  0.0   0.0   0.0   0.0   0.0   0.0   0.22  0.51  0.0   0.0   0.0   0.0   
13    E     0.2   0.0   0.0   0.0   0.0   0.14  0.65  0.0   0.0   0.0   0.0   0.0   0.0   0.0   0.0   0.0   0.0   0.0   0.0   0.0   
14    I     0.0   0.0   0.0   0.0   0.0   0.0   0.0   0.0   0.0   0.57  0.43  0.0   0.0   0.0   0.0   0.0   0.0   0.0   0.0   0.0   
15    L     0.0   0.0   0.0   0.0   0.0   0.0   0.0   0.0   0.0   0.13  0.6   0.0   0.0   0.0   0.0   0.0   0.0   0.0   0.0   0.27  
16    I     0.49  0.0   0.0   0.0   0.0   0.0   0.0   0.2   0.0   0.17  0.0   0.0   0.0   0.0   0.0   0.14  0.0   0.0   0.0   0.0   
17    N     0.0   0.0   0.87  0.0   0.0   0.0   0.0   0.0   0.0   0.0   0.0   0.0   0.0   0.0   0.0   0.13  0.0   0.0   0.0   0.0   
18    M     0.0   0.0   0.0   0.0   0.0   0.0   0.0   0.0   0.0   0.35  0.0   0.0   0.43  0.0   0.0   0.0   0.23  0.0   0.0   0.0   
19    Y     0.0   0.0   0.0   0.0   0.0   0.0   0.0   0.0   0.0   0.33  0.28  0.0   0.0   0.0   0.0   0.0   0.23  0.0   0.17  0.0   
20    K     0.13  0.0   0.23  0.0   0.0   0.0   0.0   0.13  0.0   0.0   0.2   0.31  0.0   0.0   0.0   0.0   0.0   0.0   0.0   0.0   
21    L     0.23  0.0   0.0   0.0   0.0   0.46  0.14  0.0   0.0   0.0   0.17  0.0   0.0   0.0   0.0   0.0   0.0   0.0   0.0   0.0   
22    V     0.0   0.0   0.0   0.0   0.0   0.0   0.0   0.0   0.0   0.0   0.4   0.0   0.0   0.0   0.0   0.0   0.23  0.0   0.0   0.37  
23    I     0.0   0.0   0.0   0.0   0.0   0.0   0.0   0.0   0.0   0.57  0.43  0.0   0.0   0.0   0.0   0.0   0.0   0.0   0.0   0.0   
24    E     0.0   0.0   0.0   0.0   0.0   0.0   0.77  0.0   0.0   0.0   0.0   0.0   0.0   0.0   0.0   0.0   0.0   0.0   0.0   0.23  
25    D     0.0   0.0   0.0   0.39  0.0   0.0   0.0   0.0   0.4   0.0   0.0   0.0   0.0   0.0   0.0   0.2   0.0   0.0   0.0   0.0   
26    E     0.0   0.0   0.0   0.27  0.0   0.0   0.39  0.0   0.34  0.0   0.0   0.0   0.0   0.0   0.0   0.0   0.0   0.0   0.0   0.0   
27    T     0.0   0.0   0.0   0.0   0.0   0.0   0.0   0.2   0.0   0.0   0.0   0.0   0.0   0.0   0.0   0.0   0.8   0.0   0.0   0.0   
28    D     0.02  0.01  0.01  0.44  0.0   0.01  0.01  0.16  0.0   0.01  0.02  0.01  0.01  0.01  0.01  0.02  0.01  0.0   0.01  0.22  
29    L     0.02  0.01  0.01  0.01  0.0   0.01  0.01  0.02  0.0   0.01  0.59  0.01  0.01  0.01  0.22  0.02  0.01  0.0   0.01  0.01  
30    K     0.02  0.01  0.14  0.01  0.0   0.01  0.01  0.02  0.0   0.01  0.02  0.46  0.01  0.01  0.01  0.02  0.22  0.0   0.01  0.01  
31    V     0.02  0.01  0.01  0.01  0.0   0.01  0.01  0.02  0.0   0.01  0.02  0.01  0.01  0.01  0.01  0.02  0.27  0.0   0.01  0.53  
32    N     0.14  0.01  0.38  0.01  0.0   0.01  0.16  0.02  0.0   0.01  0.02  0.01  0.01  0.01  0.01  0.02  0.15  0.0   0.01  0.01  
33    V     0.03  0.02  0.02  0.02  0.01  0.02  0.03  0.03  0.01  0.16  0.17  0.02  0.01  0.02  0.02  0.03  0.16  0.01  0.01  0.19  
34    K     0.02  0.01  0.01  0.01  0.0   0.01  0.01  0.02  0.0   0.15  0.02  0.38  0.01  0.01  0.01  0.02  0.01  0.0   0.01  0.28  
35    P     0.02  0.01  0.15  0.01  0.0   0.01  0.01  0.02  0.0   0.01  0.02  0.27  0.01  0.01  0.18  0.02  0.01  0.0   0.01  0.22  
36    N     0.0   0.0   0.57  0.0   0.0   0.2   0.0   0.23  0.0   0.0   0.0   0.0   0.0   0.0   0.0   0.0   0.0   0.0   0.0   0.0   
37    M     0.0   0.0   0.0   0.0   0.0   0.0   0.0   0.0   0.0   0.0   0.61  0.0   0.17  0.23  0.0   0.0   0.0   0.0   0.0   0.0   
38    G     0.0   0.0   0.0   0.0   0.0   0.0   0.0   1.0   0.0   0.0   0.0   0.0   0.0   0.0   0.0   0.0   0.0   0.0   0.0   0.0   
39    K     0.0   0.0   0.0   0.0   0.0   0.0   0.0   0.23  0.0   0.0   0.0   0.17  0.0   0.0   0.0   0.4   0.2   0.0   0.0   0.0   
40    T     0.0   0.0   0.49  0.0   0.0   0.0   0.0   0.0   0.0   0.0   0.0   0.0   0.0   0.0   0.0   0.0   0.51  0.0   0.0   0.0   
41    S     0.36  0.0   0.0   0.0   0.0   0.0   0.0   0.0   0.0   0.14  0.0   0.0   0.0   0.0   0.2   0.17  0.0   0.0   0.13  0.0   
42    F     0.23  0.0   0.0   0.0   0.0   0.0   0.0   0.0   0.0   0.0   0.0   0.0   0.0   0.17  0.0   0.0   0.0   0.0   0.0   0.61  
43    V     0.0   0.0   0.0   0.0   0.0   0.4   0.0   0.0   0.0   0.23  0.0   0.0   0.0   0.0   0.0   0.0   0.0   0.0   0.0   0.37  
44    F     0.0   0.2   0.0   0.0   0.0   0.13  0.0   0.0   0.27  0.0   0.0   0.0   0.0   0.17  0.0   0.23  0.0   0.0   0.0   0.0   
45    N     0.0   0.0   0.29  0.0   0.0   0.34  0.2   0.17  0.0   0.0   0.0   0.0   0.0   0.0   0.0   0.0   0.0   0.0   0.0   0.0   
46    A     1.0   0.0   0.0   0.0   0.0   0.0   0.0   0.0   0.0   0.0   0.0   0.0   0.0   0.0   0.0   0.0   0.0   0.0   0.0   0.0   
47    L     0.0   0.0   0.0   0.0   0.0   0.0   0.0   0.0   0.0   0.17  0.25  0.0   0.38  0.0   0.0   0.0   0.0   0.0   0.2   0.0   
48    K     0.0   0.2   0.0   0.0   0.0   0.0   0.0   0.0   0.0   0.0   0.23  0.14  0.11  0.0   0.0   0.0   0.17  0.0   0.0   0.15  
49    S     0.0   0.0   0.38  0.0   0.0   0.0   0.0   0.11  0.0   0.0   0.0   0.0   0.0   0.0   0.0   0.31  0.2   0.0   0.0   0.0   
50    G     0.0   0.0   0.0   0.0   0.0   0.0   0.0   0.85  0.0   0.0   0.0   0.15  0.0   0.0   0.0   0.0   0.0   0.0   0.0   0.0   
51    D     0.0   0.0   0.2   0.37  0.0   0.15  0.29  0.0   0.0   0.0   0.0   0.0   0.0   0.0   0.0   0.0   0.0   0.0   0.0   0.0   
52    I     0.0   0.0   0.0   0.0   0.0   0.0   0.0   0.0   0.0   0.51  0.17  0.0   0.0   0.0   0.0   0.0   0.0   0.0   0.0   0.32  
53    D     0.0   0.0   0.0   0.8   0.0   0.0   0.0   0.0   0.2   0.0   0.0   0.0   0.0   0.0   0.0   0.0   0.0   0.0   0.0   0.0   
54    I     0.2   0.0   0.0   0.0   0.0   0.0   0.0   0.0   0.0   0.8   0.0   0.0   0.0   0.0   0.0   0.0   0.0   0.0   0.0   0.0   
55    Y     0.11  0.0   0.0   0.0   0.0   0.0   0.0   0.0   0.0   0.0   0.0   0.0   0.0   0.0   0.0   0.11  0.27  0.0   0.51  0.0   
56    P     0.34  0.0   0.0   0.0   0.0   0.0   0.0   0.0   0.0   0.0   0.0   0.0   0.0   0.0   0.31  0.0   0.0   0.15  0.2   0.0   
57    E     0.0   0.34  0.0   0.2   0.0   0.0   0.46  0.0   0.0   0.0   0.0   0.0   0.0   0.0   0.0   0.0   0.0   0.0   0.0   0.0   
58    F     0.0   0.0   0.0   0.0   0.0   0.0   0.0   0.0   0.0   0.0   0.0   0.0   0.0   0.14  0.0   0.0   0.0   0.0   0.86  0.0   
59    T     0.0   0.0   0.0   0.0   0.0   0.0   0.0   0.0   0.0   0.0   0.0   0.0   0.2   0.0   0.0   0.11  0.7   0.0   0.0   0.0   
60    G     0.0   0.0   0.0   0.0   0.0   0.0   0.0   1.0   0.0   0.0   0.0   0.0   0.0   0.0   0.0   0.0   0.0   0.0   0.0   0.0   
61    T     0.0   0.0   0.17  0.11  0.0   0.0   0.0   0.0   0.0   0.0   0.0   0.0   0.0   0.0   0.0   0.2   0.52  0.0   0.0   0.0   
62    V     0.11  0.0   0.0   0.23  0.0   0.0   0.0   0.17  0.0   0.0   0.2   0.0   0.0   0.0   0.0   0.15  0.0   0.0   0.0   0.14  
63    L     0.17  0.0   0.0   0.0   0.0   0.0   0.0   0.0   0.0   0.0   0.63  0.0   0.0   0.0   0.0   0.0   0.0   0.2   0.0   0.0   
64    E     0.0   0.0   0.0   0.0   0.0   0.0   0.14  0.0   0.0   0.15  0.0   0.0   0.0   0.17  0.0   0.2   0.22  0.0   0.0   0.12  
65    T     0.0   0.0   0.0   0.0   0.0   0.0   0.0   0.23  0.0   0.15  0.0   0.0   0.0   0.17  0.0   0.3   0.14  0.0   0.0   0.0   
66    F     0.0   0.0   0.0   0.0   0.0   0.0   0.0   0.0   0.2   0.0   0.0   0.0   0.0   0.46  0.12  0.0   0.22  0.0   0.0   0.0   
67    L     0.0   0.0   0.15  0.0   0.0   0.0   0.0   0.0   0.0   0.0   0.48  0.37  0.0   0.0   0.0   0.0   0.0   0.0   0.0   0.0   
68    K     0.0   0.26  0.0   0.17  0.0   0.0   0.0   0.23  0.2   0.0   0.0   0.14  0.0   0.0   0.0   0.0   0.0   0.0   0.0   0.0   
69    E     0.0   0.0   0.0   0.2   0.0   0.0   0.43  0.0   0.0   0.15  0.0   0.11  0.11  0.0   0.0   0.0   0.0   0.0   0.0   0.0   
70    N     0.0   0.0   0.31  0.15  0.0   0.0   0.34  0.0   0.0   0.0   0.0   0.0   0.0   0.0   0.0   0.2   0.0   0.0   0.0   0.0   
71    A     0.75  0.01  0.01  0.01  0.0   0.01  0.01  0.01  0.0   0.01  0.01  0.01  0.0   0.01  0.12  0.01  0.01  0.0   0.0   0.01  
72    K     0.18  0.01  0.01  0.2   0.0   0.01  0.23  0.01  0.0   0.01  0.01  0.3   0.0   0.0   0.01  0.01  0.01  0.0   0.0   0.01  
73    T     0.01  0.15  0.01  0.01  0.0   0.0   0.01  0.01  0.0   0.13  0.01  0.11  0.0   0.2   0.01  0.01  0.15  0.17  0.0   0.01  
74    H     0.01  0.01  0.0   0.2   0.0   0.0   0.01  0.01  0.14  0.01  0.01  0.41  0.15  0.0   0.01  0.01  0.01  0.0   0.0   0.01  
75    D     0.0   0.0   0.17  0.48  0.0   0.0   0.0   0.0   0.0   0.0   0.0   0.0   0.0   0.0   0.0   0.15  0.2   0.0   0.0   0.0   
76    P     0.17  0.0   0.0   0.0   0.0   0.0   0.0   0.0   0.0   0.0   0.0   0.0   0.0   0.0   0.83  0.0   0.0   0.0   0.0   0.0   
77    E     0.0   0.0   0.0   0.31  0.0   0.32  0.26  0.0   0.0   0.0   0.0   0.11  0.0   0.0   0.0   0.0   0.0   0.0   0.0   0.0   
78    E     0.2   0.0   0.0   0.0   0.0   0.17  0.29  0.0   0.0   0.0   0.0   0.34  0.0   0.0   0.0   0.0   0.0   0.0   0.0   0.0   
79    V     0.34  0.0   0.0   0.0   0.0   0.2   0.0   0.17  0.0   0.0   0.0   0.0   0.0   0.0   0.0   0.0   0.15  0.0   0.0   0.14  
80    Y     0.0   0.0   0.0   0.0   0.0   0.0   0.0   0.0   0.0   0.0   0.34  0.0   0.0   0.0   0.0   0.0   0.0   0.0   0.66  0.0   
81    T     0.23  0.0   0.11  0.34  0.0   0.0   0.17  0.0   0.0   0.0   0.0   0.0   0.0   0.0   0.0   0.0   0.14  0.0   0.0   0.0   
82    Q     0.32  0.0   0.0   0.0   0.0   0.14  0.0   0.0   0.0   0.11  0.11  0.17  0.0   0.0   0.0   0.0   0.15  0.0   0.0   0.0   
83    A     0.14  0.0   0.0   0.0   0.0   0.0   0.0   0.0   0.0   0.0   0.2   0.0   0.0   0.0   0.0   0.0   0.11  0.0   0.0   0.55  
84    R     0.0   0.14  0.0   0.0   0.0   0.22  0.0   0.0   0.0   0.0   0.0   0.64  0.0   0.0   0.0   0.0   0.0   0.0   0.0   0.0   
85    D     0.0   0.26  0.11  0.14  0.0   0.0   0.0   0.0   0.0   0.0   0.0   0.29  0.0   0.0   0.0   0.2   0.0   0.0   0.0   0.0   
86    G     0.0   0.0   0.0   0.0   0.0   0.0   0.42  0.26  0.0   0.0   0.32  0.0   0.0   0.0   0.0   0.0   0.0   0.0   0.0   0.0   
87    L     0.0   0.0   0.0   0.32  0.0   0.0   0.0   0.0   0.0   0.0   0.14  0.0   0.2   0.34  0.0   0.0   0.0   0.0   0.0   0.0   
88    A     0.29  0.0   0.0   0.0   0.0   0.11  0.32  0.0   0.0   0.0   0.0   0.11  0.0   0.0   0.0   0.17  0.0   0.0   0.0   0.0   
89    K     0.0   0.0   0.0   0.0   0.0   0.0   0.29  0.0   0.0   0.0   0.0   0.51  0.0   0.0   0.0   0.2   0.0   0.0   0.0   0.0   
90    D     0.01  0.35  0.01  0.15  0.0   0.01  0.21  0.01  0.18  0.01  0.01  0.01  0.0   0.01  0.01  0.01  0.01  0.0   0.0   0.01  
91    F     0.0   0.0   0.17  0.0   0.0   0.0   0.0   0.0   0.2   0.0   0.15  0.0   0.0   0.37  0.0   0.0   0.0   0.0   0.11  0.0   
92    D     0.0   0.0   0.0   0.25  0.0   0.0   0.0   0.15  0.12  0.0   0.0   0.17  0.0   0.0   0.2   0.11  0.0   0.0   0.0   0.0   
93    M     0.0   0.0   0.0   0.0   0.0   0.12  0.0   0.0   0.0   0.2   0.43  0.0   0.14  0.0   0.0   0.0   0.0   0.0   0.11  0.0   
94    T     0.0   0.2   0.0   0.0   0.0   0.0   0.0   0.0   0.0   0.17  0.0   0.22  0.0   0.0   0.0   0.0   0.26  0.0   0.0   0.15  
95    Y     0.0   0.0   0.0   0.0   0.0   0.0   0.0   0.0   0.0   0.2   0.0   0.0   0.0   0.0   0.0   0.0   0.0   0.66  0.14  0.0   
96    L     0.0   0.0   0.0   0.0   0.0   0.0   0.0   0.0   0.0   0.0   0.66  0.0   0.0   0.23  0.0   0.0   0.0   0.0   0.11  0.0   
97    K     0.0   0.0   0.0   0.54  0.0   0.0   0.0   0.0   0.0   0.0   0.0   0.29  0.0   0.0   0.0   0.0   0.17  0.0   0.0   0.0   
98    P     0.0   0.2   0.0   0.0   0.0   0.0   0.0   0.0   0.0   0.0   0.0   0.0   0.0   0.0   0.46  0.34  0.0   0.0   0.0   0.0   
99    M     0.52  0.0   0.0   0.0   0.0   0.0   0.0   0.0   0.0   0.0   0.0   0.0   0.14  0.0   0.0   0.0   0.0   0.0   0.34  0.0   
100   K     0.0   0.0   0.0   0.34  0.0   0.0   0.0   0.34  0.0   0.0   0.0   0.14  0.0   0.0   0.17  0.0   0.0   0.0   0.0   0.0   
101   Y     0.17  0.0   0.0   0.0   0.0   0.0   0.0   0.0   0.0   0.0   0.0   0.0   0.15  0.34  0.0   0.0   0.0   0.2   0.14  0.0   
102   N     0.12  0.0   0.46  0.22  0.0   0.2   0.0   0.0   0.0   0.0   0.0   0.0   0.0   0.0   0.0   0.0   0.0   0.0   0.0   0.0   
103   N     0.0   0.0   1.0   0.0   0.0   0.0   0.0   0.0   0.0   0.0   0.0   0.0   0.0   0.0   0.0   0.0   0.0   0.0   0.0   0.0   
104   T     0.0   0.0   0.0   0.0   0.0   0.0   0.0   0.0   0.0   0.0   0.0   0.0   0.0   0.0   0.0   0.0   1.0   0.0   0.0   0.0   
105   Y     0.0   0.0   0.0   0.0   0.0   0.0   0.0   0.0   0.0   0.0   0.0   0.0   0.0   0.0   0.0   0.0   0.0   0.37  0.63  0.0   
106   A     0.71  0.0   0.0   0.0   0.0   0.0   0.0   0.0   0.0   0.0   0.0   0.0   0.0   0.0   0.0   0.0   0.17  0.0   0.0   0.12  
107   L     0.0   0.0   0.0   0.0   0.0   0.0   0.0   0.0   0.0   0.17  0.14  0.0   0.0   0.49  0.0   0.0   0.0   0.0   0.0   0.2   
108   A     0.46  0.0   0.0   0.0   0.0   0.0   0.0   0.0   0.0   0.0   0.0   0.0   0.12  0.2   0.0   0.0   0.22  0.0   0.0   0.0   
109   V     0.0   0.0   0.0   0.0   0.0   0.0   0.0   0.0   0.0   0.0   0.0   0.0   0.15  0.0   0.0   0.0   0.0   0.0   0.0   0.85  
110   S     0.2   0.29  0.0   0.0   0.0   0.15  0.0   0.0   0.0   0.0   0.0   0.0   0.0   0.0   0.0   0.25  0.11  0.0   0.0   0.0   
111   P     0.0   0.15  0.0   0.0   0.0   0.29  0.2   0.0   0.0   0.0   0.0   0.22  0.0   0.0   0.14  0.0   0.0   0.0   0.0   0.0   
112   E     0.0   0.2   0.0   0.29  0.0   0.0   0.25  0.0   0.0   0.0   0.0   0.26  0.0   0.0   0.0   0.0   0.0   0.0   0.0   0.0   
113   F     0.2   0.15  0.0   0.0   0.0   0.0   0.0   0.0   0.0   0.0   0.11  0.0   0.0   0.25  0.0   0.0   0.12  0.0   0.0   0.17  
114   A     0.8   0.0   0.0   0.0   0.0   0.0   0.0   0.0   0.0   0.0   0.0   0.0   0.0   0.0   0.0   0.0   0.0   0.0   0.0   0.2   
115   K     0.0   0.0   0.0   0.11  0.0   0.0   0.62  0.0   0.0   0.0   0.0   0.26  0.0   0.0   0.0   0.0   0.0   0.0   0.0   0.0   
116   E     0.0   0.0   0.0   0.0   0.0   0.11  0.14  0.2   0.0   0.0   0.0   0.4   0.0   0.0   0.0   0.15  0.0   0.0   0.0   0.0   
117   N     0.0   0.0   0.31  0.0   0.0   0.0   0.26  0.0   0.0   0.0   0.0   0.0   0.0   0.0   0.0   0.0   0.2   0.0   0.23  0.0   
118   N     0.0   0.0   0.41  0.0   0.0   0.0   0.0   0.2   0.22  0.0   0.0   0.17  0.0   0.0   0.0   0.0   0.0   0.0   0.0   0.0   
119   L     0.0   0.0   0.0   0.0   0.0   0.0   0.0   0.0   0.0   0.45  0.55  0.0   0.0   0.0   0.0   0.0   0.0   0.0   0.0   0.0   
120   E     0.0   0.0   0.23  0.0   0.0   0.2   0.25  0.0   0.0   0.0   0.0   0.0   0.0   0.0   0.0   0.0   0.32  0.0   0.0   0.0   
121   K     0.0   0.0   0.0   0.0   0.0   0.0   0.0   0.0   0.0   0.0   0.0   0.14  0.0   0.0   0.0   0.37  0.49  0.0   0.0   0.0   
122   I     0.0   0.0   0.0   0.0   0.0   0.0   0.0   0.0   0.0   0.49  0.17  0.0   0.0   0.0   0.0   0.0   0.0   0.0   0.0   0.34  
123   S     0.17  0.0   0.0   0.0   0.0   0.0   0.0   0.0   0.0   0.0   0.0   0.0   0.0   0.0   0.0   0.83  0.0   0.0   0.0   0.0   
124   D     0.0   0.0   0.0   0.85  0.0   0.15  0.0   0.0   0.0   0.0   0.0   0.0   0.0   0.0   0.0   0.0   0.0   0.0   0.0   0.0   
125   L     0.0   0.0   0.0   0.0   0.0   0.0   0.0   0.0   0.0   0.0   0.62  0.0   0.27  0.0   0.0   0.0   0.0   0.0   0.0   0.11  
126   G     0.21  0.13  0.01  0.01  0.0   0.01  0.01  0.15  0.0   0.01  0.02  0.23  0.0   0.01  0.01  0.01  0.01  0.0   0.01  0.16  
127   P     0.36  0.01  0.01  0.01  0.0   0.01  0.01  0.01  0.0   0.01  0.02  0.35  0.0   0.01  0.15  0.01  0.01  0.0   0.01  0.01  
128   V     0.01  0.01  0.12  0.01  0.0   0.01  0.01  0.01  0.2   0.01  0.02  0.16  0.0   0.01  0.01  0.01  0.01  0.12  0.01  0.27  
129   S     0.22  0.0   0.0   0.0   0.0   0.0   0.12  0.0   0.0   0.15  0.0   0.0   0.0   0.0   0.0   0.31  0.0   0.0   0.0   0.2   
130   D     0.0   0.17  0.32  0.14  0.0   0.0   0.15  0.0   0.0   0.0   0.0   0.0   0.0   0.0   0.11  0.11  0.0   0.0   0.0   0.0   
131   Q     0.0   0.0   0.0   0.0   0.0   0.51  0.12  0.0   0.0   0.0   0.0   0.0   0.0   0.0   0.0   0.2   0.0   0.0   0.17  0.0   
132   V     0.0   0.0   0.0   0.0   0.0   0.0   0.0   0.0   0.0   0.2   0.41  0.0   0.0   0.0   0.0   0.0   0.0   0.0   0.11  0.29  
133   K     0.0   0.34  0.0   0.0   0.0   0.17  0.0   0.0   0.0   0.0   0.0   0.36  0.0   0.0   0.0   0.0   0.12  0.0   0.0   0.0   
134   A     0.26  0.0   0.0   0.0   0.0   0.15  0.17  0.0   0.0   0.0   0.22  0.0   0.0   0.0   0.2   0.0   0.0   0.0   0.0   0.0   
135   G     0.2   0.0   0.0   0.0   0.0   0.0   0.0   0.8   0.0   0.0   0.0   0.0   0.0   0.0   0.0   0.0   0.0   0.0   0.0   0.0   
136   F     0.0   0.0   0.0   0.0   0.0   0.0   0.0   0.17  0.0   0.0   0.15  0.0   0.0   0.34  0.0   0.0   0.0   0.0   0.0   0.34  
137   T     0.0   0.0   0.22  0.27  0.0   0.0   0.0   0.2   0.0   0.0   0.0   0.0   0.0   0.0   0.0   0.0   0.31  0.0   0.0   0.0   
138   L     0.11  0.0   0.12  0.2   0.0   0.0   0.0   0.0   0.0   0.0   0.29  0.0   0.0   0.17  0.0   0.0   0.0   0.0   0.11  0.0   
139   E     0.0   0.0   0.0   0.0   0.0   0.0   0.46  0.2   0.0   0.0   0.0   0.0   0.0   0.0   0.0   0.12  0.0   0.22  0.0   0.0   
140   F     0.0   0.0   0.0   0.0   0.0   0.0   0.0   0.0   0.0   0.0   0.11  0.0   0.11  0.66  0.0   0.0   0.0   0.12  0.0   0.0   
141   K     0.15  0.2   0.0   0.0   0.0   0.0   0.0   0.0   0.0   0.17  0.0   0.36  0.12  0.0   0.0   0.0   0.0   0.0   0.0   0.0   
142   D     0.0   0.11  0.0   0.14  0.0   0.0   0.29  0.15  0.0   0.0   0.11  0.0   0.0   0.0   0.0   0.2   0.0   0.0   0.0   0.0   
143   R     0.0   0.78  0.0   0.0   0.0   0.0   0.0   0.0   0.0   0.0   0.0   0.22  0.0   0.0   0.0   0.0   0.0   0.0   0.0   0.0   
144   S     0.17  0.0   0.0   0.0   0.0   0.0   0.0   0.34  0.0   0.0   0.0   0.0   0.0   0.0   0.0   0.49  0.0   0.0   0.0   0.0   
145   D     0.0   0.0   0.11  0.89  0.0   0.0   0.0   0.0   0.0   0.0   0.0   0.0   0.0   0.0   0.0   0.0   0.0   0.0   0.0   0.0   
146   G     0.17  0.0   0.0   0.0   0.0   0.0   0.0   0.83  0.0   0.0   0.0   0.0   0.0   0.0   0.0   0.0   0.0   0.0   0.0   0.0   
147   Y     0.0   0.0   0.0   0.0   0.0   0.0   0.0   0.0   0.0   0.0   0.37  0.0   0.15  0.0   0.0   0.0   0.0   0.0   0.48  0.0   
148   K     0.0   0.0   0.0   0.2   0.0   0.11  0.0   0.0   0.0   0.0   0.0   0.52  0.0   0.0   0.17  0.0   0.0   0.0   0.0   0.0   
149   G     0.49  0.0   0.0   0.11  0.0   0.0   0.0   0.25  0.0   0.0   0.0   0.0   0.0   0.0   0.15  0.0   0.0   0.0   0.0   0.0   
150   I     0.0   0.0   0.0   0.0   0.0   0.0   0.0   0.0   0.0   0.14  0.34  0.0   0.0   0.51  0.0   0.0   0.0   0.0   0.0   0.0   
151   Q     0.0   0.0   0.0   0.0   0.0   0.29  0.17  0.0   0.0   0.0   0.2   0.0   0.0   0.0   0.0   0.12  0.11  0.0   0.0   0.11  
152   D     0.0   0.0   0.0   0.34  0.0   0.15  0.0   0.0   0.0   0.0   0.0   0.41  0.0   0.0   0.0   0.11  0.0   0.0   0.0   0.0   
153   K     0.44  0.0   0.0   0.0   0.0   0.0   0.0   0.0   0.0   0.0   0.0   0.14  0.0   0.0   0.0   0.0   0.22  0.0   0.2   0.0   
154   Y     0.0   0.0   0.0   0.0   0.0   0.0   0.0   0.0   0.0   0.0   0.0   0.0   0.0   0.0   0.0   0.0   0.0   0.0   1.0   0.0   
155   G     0.0   0.0   0.0   0.12  0.0   0.15  0.2   0.53  0.0   0.0   0.0   0.0   0.0   0.0   0.0   0.0   0.0   0.0   0.0   0.0   
156   L     0.0   0.0   0.0   0.0   0.0   0.0   0.0   0.0   0.0   0.12  0.14  0.0   0.26  0.48  0.0   0.0   0.0   0.0   0.0   0.0   
157   T     0.2   0.0   0.0   0.0   0.0   0.15  0.23  0.0   0.0   0.0   0.0   0.17  0.0   0.0   0.0   0.0   0.25  0.0   0.0   0.0   
158   F     0.0   0.0   0.0   0.0   0.0   0.0   0.0   0.0   0.0   0.0   0.32  0.0   0.0   0.48  0.0   0.0   0.0   0.2   0.0   0.0   
159   S     0.2   0.0   0.0   0.15  0.0   0.0   0.0   0.39  0.0   0.0   0.0   0.12  0.0   0.0   0.0   0.14  0.0   0.0   0.0   0.0   
160   N     0.0   0.0   0.14  0.0   0.0   0.32  0.0   0.11  0.0   0.0   0.0   0.12  0.0   0.0   0.0   0.2   0.11  0.0   0.0   0.0   
161   L     0.0   0.0   0.0   0.17  0.0   0.0   0.0   0.0   0.0   0.27  0.34  0.0   0.0   0.0   0.0   0.0   0.22  0.0   0.0   0.0   
162   K     0.0   0.15  0.0   0.0   0.0   0.17  0.2   0.0   0.0   0.0   0.0   0.14  0.0   0.12  0.0   0.0   0.0   0.0   0.22  0.0   
163   T     0.0   0.0   0.0   0.0   0.0   0.15  0.0   0.0   0.0   0.0   0.17  0.0   0.0   0.0   0.34  0.0   0.34  0.0   0.0   0.0   
164   M     0.2   0.0   0.0   0.0   0.0   0.0   0.0   0.0   0.0   0.0   0.17  0.0   0.63  0.0   0.0   0.0   0.0   0.0   0.0   0.0   
165   E     0.0   0.0   0.0   0.15  0.0   0.34  0.14  0.0   0.0   0.0   0.0   0.0   0.0   0.0   0.0   0.37  0.0   0.0   0.0   0.0   
166   P     0.2   0.0   0.0   0.0   0.0   0.0   0.0   0.0   0.0   0.34  0.0   0.0   0.0   0.0   0.29  0.0   0.0   0.0   0.0   0.17  
167   K     0.0   0.0   0.0   0.0   0.0   0.2   0.0   0.49  0.0   0.0   0.0   0.14  0.0   0.0   0.0   0.0   0.17  0.0   0.0   0.0   
168   L     0.2   0.0   0.0   0.0   0.0   0.0   0.0   0.0   0.0   0.17  0.63  0.0   0.0   0.0   0.0   0.0   0.0   0.0   0.0   0.0   
169   R     0.2   0.14  0.0   0.0   0.0   0.0   0.0   0.0   0.0   0.12  0.0   0.17  0.0   0.0   0.0   0.0   0.0   0.0   0.0   0.37  
170   Y     0.17  0.0   0.0   0.0   0.0   0.0   0.0   0.2   0.0   0.0   0.0   0.0   0.0   0.0   0.0   0.0   0.0   0.0   0.63  0.0   
171   N     0.17  0.0   0.29  0.22  0.0   0.0   0.0   0.0   0.0   0.0   0.0   0.0   0.0   0.0   0.0   0.0   0.32  0.0   0.0   0.0   
172   A     1.0   0.0   0.0   0.0   0.0   0.0   0.0   0.0   0.0   0.0   0.0   0.0   0.0   0.0   0.0   0.0   0.0   0.0   0.0   0.0   
173   I     0.0   0.0   0.0   0.0   0.0   0.17  0.0   0.0   0.0   0.14  0.12  0.0   0.0   0.0   0.0   0.0   0.0   0.0   0.0   0.57  
174   K     0.0   0.15  0.0   0.2   0.0   0.17  0.0   0.0   0.0   0.0   0.0   0.48  0.0   0.0   0.0   0.0   0.0   0.0   0.0   0.0   
175   S     0.0   0.0   0.23  0.15  0.0   0.0   0.2   0.0   0.0   0.0   0.0   0.0   0.0   0.0   0.0   0.25  0.17  0.0   0.0   0.0   
176   G     0.0   0.0   0.12  0.0   0.0   0.0   0.0   0.71  0.0   0.0   0.0   0.0   0.0   0.0   0.0   0.17  0.0   0.0   0.0   0.0   
177   D     0.0   0.0   0.0   0.14  0.0   0.12  0.0   0.17  0.0   0.0   0.15  0.22  0.0   0.0   0.0   0.0   0.0   0.0   0.2   0.0   
178   I     0.2   0.0   0.0   0.0   0.0   0.0   0.0   0.0   0.0   0.14  0.0   0.0   0.34  0.0   0.0   0.0   0.0   0.0   0.0   0.32  
179   N     0.0   0.0   0.31  0.69  0.0   0.0   0.0   0.0   0.0   0.0   0.0   0.0   0.0   0.0   0.0   0.0   0.0   0.0   0.0   0.0   
180   L     0.43  0.0   0.0   0.0   0.0   0.0   0.0   0.0   0.0   0.11  0.34  0.0   0.0   0.0   0.0   0.0   0.0   0.0   0.0   0.12  
181   L     0.29  0.0   0.0   0.0   0.0   0.0   0.0   0.34  0.0   0.0   0.14  0.0   0.0   0.0   0.0   0.0   0.0   0.0   0.0   0.22  
182   D     0.0   0.0   0.0   0.14  0.0   0.0   0.0   0.0   0.0   0.0   0.49  0.0   0.17  0.0   0.0   0.0   0.0   0.0   0.0   0.2   
183   A     0.53  0.0   0.0   0.0   0.0   0.0   0.0   0.32  0.0   0.0   0.0   0.0   0.0   0.0   0.0   0.0   0.0   0.0   0.0   0.15  
184   Y     0.0   0.0   0.0   0.0   0.0   0.0   0.0   0.0   0.0   0.0   0.0   0.0   0.0   0.0   0.0   0.0   0.0   0.0   1.0   0.0   
185   S     0.0   0.0   0.0   0.0   0.0   0.0   0.0   0.17  0.0   0.0   0.0   0.0   0.0   0.0   0.0   0.68  0.15  0.0   0.0   0.0   
186   T     0.0   0.0   0.0   0.0   0.0   0.0   0.0   0.0   0.0   0.0   0.0   0.0   0.0   0.0   0.0   0.0   1.0   0.0   0.0   0.0   
187   D     0.0   0.0   0.0   0.8   0.0   0.0   0.0   0.0   0.0   0.0   0.0   0.0   0.0   0.0   0.0   0.2   0.0   0.0   0.0   0.0   
188   S     0.2   0.0   0.0   0.0   0.0   0.0   0.0   0.66  0.0   0.0   0.0   0.0   0.0   0.0   0.0   0.14  0.0   0.0   0.0   0.0   
189   E     0.0   0.49  0.0   0.0   0.0   0.0   0.14  0.0   0.0   0.0   0.0   0.0   0.0   0.0   0.17  0.0   0.0   0.2   0.0   0.0   
190   L     0.0   0.0   0.0   0.0   0.0   0.0   0.0   0.0   0.0   0.34  0.34  0.0   0.0   0.0   0.0   0.0   0.0   0.0   0.0   0.32  
191   A     0.31  0.0   0.0   0.0   0.0   0.0   0.0   0.0   0.0   0.0   0.0   0.37  0.0   0.0   0.12  0.0   0.2   0.0   0.0   0.0   
192   Q     0.28  0.0   0.0   0.2   0.0   0.14  0.0   0.15  0.0   0.0   0.0   0.0   0.0   0.0   0.0   0.11  0.12  0.0   0.0   0.0   
193   Y     0.0   0.0   0.0   0.0   0.0   0.0   0.0   0.0   0.0   0.0   0.17  0.0   0.0   0.15  0.0   0.0   0.0   0.0   0.48  0.2   
194   K     0.0   0.0   0.12  0.26  0.0   0.0   0.0   0.29  0.0   0.0   0.0   0.14  0.0   0.0   0.0   0.2   0.0   0.0   0.0   0.0   
195   L     0.0   0.0   0.0   0.0   0.0   0.0   0.0   0.0   0.0   0.0   0.8   0.0   0.0   0.0   0.0   0.0   0.0   0.0   0.0   0.2   
196   K     0.0   0.2   0.0   0.0   0.0   0.17  0.0   0.0   0.0   0.0   0.0   0.63  0.0   0.0   0.0   0.0   0.0   0.0   0.0   0.0   
197   V     0.0   0.0   0.0   0.0   0.0   0.0   0.0   0.0   0.0   0.11  0.12  0.0   0.11  0.0   0.0   0.0   0.17  0.0   0.0   0.49  
198   L     0.0   0.0   0.0   0.0   0.0   0.0   0.0   0.0   0.0   0.0   1.0   0.0   0.0   0.0   0.0   0.0   0.0   0.0   0.0   0.0   
199   E     0.0   0.0   0.0   0.2   0.0   0.0   0.29  0.0   0.0   0.0   0.0   0.34  0.0   0.0   0.0   0.17  0.0   0.0   0.0   0.0   
200   D     0.0   0.0   0.0   1.0   0.0   0.0   0.0   0.0   0.0   0.0   0.0   0.0   0.0   0.0   0.0   0.0   0.0   0.0   0.0   0.0   
201   D     0.0   0.0   0.0   0.83  0.0   0.0   0.0   0.0   0.0   0.0   0.0   0.0   0.0   0.0   0.17  0.0   0.0   0.0   0.0   0.0   
202   Q     0.0   0.2   0.0   0.0   0.0   0.31  0.0   0.0   0.0   0.0   0.0   0.49  0.0   0.0   0.0   0.0   0.0   0.0   0.0   0.0   
203   Q     0.0   0.11  0.2   0.0   0.0   0.25  0.0   0.32  0.0   0.0   0.0   0.12  0.0   0.0   0.0   0.0   0.0   0.0   0.0   0.0   
204   L     0.0   0.0   0.0   0.0   0.0   0.0   0.0   0.0   0.0   0.0   0.14  0.0   0.0   0.69  0.0   0.0   0.0   0.0   0.0   0.17  
205   F     0.0   0.0   0.0   0.0   0.0   0.17  0.0   0.0   0.0   0.0   0.0   0.0   0.0   0.63  0.0   0.0   0.0   0.2   0.0   0.0   
206   P     0.0   0.0   0.0   0.0   0.0   0.0   0.0   0.0   0.0   0.0   0.0   0.0   0.0   0.0   1.0   0.0   0.0   0.0   0.0   0.0   
207   P     0.0   0.0   0.0   0.0   0.0   0.0   0.0   0.0   0.0   0.17  0.0   0.0   0.0   0.2   0.48  0.15  0.0   0.0   0.0   0.0   
208   Y     0.0   0.0   0.0   0.0   0.0   0.0   0.0   0.0   0.0   0.0   0.0   0.0   0.0   0.2   0.0   0.0   0.0   0.0   0.8   0.0   
209   Q     0.32  0.0   0.0   0.34  0.0   0.14  0.0   0.0   0.2   0.0   0.0   0.0   0.0   0.0   0.0   0.0   0.0   0.0   0.0   0.0   
210   G     0.14  0.01  0.01  0.01  0.22  0.01  0.01  0.16  0.0   0.01  0.02  0.01  0.0   0.01  0.18  0.01  0.01  0.0   0.01  0.16  
211   A     0.33  0.01  0.01  0.01  0.0   0.01  0.01  0.01  0.0   0.01  0.02  0.01  0.0   0.01  0.01  0.36  0.16  0.0   0.01  0.01  
212   P     0.12  0.0   0.0   0.0   0.0   0.0   0.0   0.0   0.0   0.0   0.0   0.0   0.0   0.0   0.88  0.0   0.0   0.0   0.0   0.0   
213   L     0.0   0.0   0.0   0.0   0.0   0.0   0.0   0.0   0.0   0.0   0.26  0.0   0.0   0.0   0.0   0.0   0.0   0.0   0.0   0.74  
214   M     0.12  0.0   0.0   0.0   0.0   0.0   0.0   0.2   0.0   0.11  0.0   0.0   0.14  0.0   0.0   0.0   0.0   0.0   0.0   0.43  
215   L     0.0   0.32  0.0   0.0   0.0   0.0   0.0   0.0   0.0   0.0   0.14  0.0   0.0   0.0   0.22  0.0   0.12  0.0   0.0   0.2   
216   T     0.0   0.0   0.0   0.12  0.0   0.0   0.39  0.0   0.0   0.0   0.0   0.15  0.0   0.0   0.0   0.0   0.14  0.0   0.0   0.2   
217   K     0.0   0.0   0.0   0.0   0.0   0.0   0.27  0.0   0.2   0.0   0.0   0.36  0.0   0.0   0.0   0.17  0.0   0.0   0.0   0.0   
218   T     0.0   0.0   0.0   0.0   0.0   0.0   0.2   0.0   0.0   0.12  0.0   0.0   0.0   0.0   0.0   0.0   0.14  0.0   0.0   0.54  
219   L     0.0   0.0   0.0   0.2   0.0   0.0   0.0   0.0   0.0   0.0   0.8   0.0   0.0   0.0   0.0   0.0   0.0   0.0   0.0   0.0   
220   D     0.0   0.17  0.0   0.14  0.0   0.0   0.15  0.0   0.0   0.0   0.0   0.34  0.0   0.0   0.0   0.0   0.0   0.0   0.0   0.2   
221   K     0.34  0.0   0.0   0.0   0.0   0.0   0.39  0.0   0.0   0.0   0.0   0.26  0.0   0.0   0.0   0.0   0.0   0.0   0.0   0.0   
222   Y     0.0   0.0   0.15  0.0   0.0   0.0   0.0   0.0   0.34  0.0   0.0   0.0   0.0   0.0   0.0   0.0   0.2   0.0   0.31  0.0   
223   P     0.0   0.0   0.0   0.2   0.0   0.0   0.0   0.0   0.0   0.0   0.0   0.0   0.0   0.0   0.8   0.0   0.0   0.0   0.0   0.0   
224   E     0.2   0.0   0.0   0.0   0.0   0.17  0.48  0.15  0.0   0.0   0.0   0.0   0.0   0.0   0.0   0.0   0.0   0.0   0.0   0.0   
225   L     0.0   0.0   0.0   0.0   0.0   0.0   0.0   0.0   0.0   0.0   0.63  0.0   0.17  0.0   0.0   0.0   0.0   0.0   0.0   0.2   
226   K     0.17  0.0   0.0   0.15  0.0   0.0   0.22  0.0   0.0   0.0   0.0   0.26  0.0   0.0   0.0   0.0   0.0   0.0   0.0   0.2   
227   K     0.2   0.0   0.0   0.15  0.0   0.17  0.0   0.22  0.0   0.0   0.0   0.14  0.0   0.0   0.0   0.0   0.12  0.0   0.0   0.0   
228   P     0.34  0.0   0.0   0.0   0.0   0.0   0.0   0.0   0.0   0.11  0.0   0.0   0.0   0.0   0.14  0.0   0.12  0.17  0.0   0.11  
229   L     0.0   0.0   0.0   0.0   0.0   0.0   0.0   0.0   0.0   0.34  0.66  0.0   0.0   0.0   0.0   0.0   0.0   0.0   0.0   0.0   
230   N     0.0   0.0   0.71  0.0   0.0   0.17  0.0   0.0   0.0   0.0   0.0   0.11  0.0   0.0   0.0   0.0   0.0   0.0   0.0   0.0   
231   K     0.0   0.0   0.0   0.0   0.0   0.0   0.0   0.0   0.0   0.0   0.0   0.48  0.0   0.0   0.17  0.0   0.34  0.0   0.0   0.0   
232   L     0.0   0.0   0.0   0.0   0.0   0.0   0.0   0.0   0.0   0.0   0.52  0.0   0.31  0.0   0.0   0.0   0.0   0.0   0.0   0.17  
233   A     0.14  0.0   0.0   0.0   0.0   0.0   0.0   0.0   0.0   0.11  0.11  0.12  0.0   0.17  0.2   0.15  0.0   0.0   0.0   0.0   
234   G     0.17  0.0   0.0   0.2   0.0   0.0   0.0   0.63  0.0   0.0   0.0   0.0   0.0   0.0   0.0   0.0   0.0   0.0   0.0   0.0   
235   K     0.2   0.0   0.0   0.0   0.0   0.11  0.0   0.0   0.0   0.0   0.15  0.38  0.0   0.0   0.0   0.17  0.0   0.0   0.0   0.0   
236   I     0.0   0.0   0.0   0.0   0.0   0.0   0.0   0.0   0.0   0.68  0.32  0.0   0.0   0.0   0.0   0.0   0.0   0.0   0.0   0.0   
237   T     0.0   0.0   0.15  0.39  0.0   0.0   0.0   0.0   0.0   0.0   0.0   0.0   0.0   0.0   0.2   0.12  0.14  0.0   0.0   0.0   
238   D     0.17  0.0   0.15  0.34  0.0   0.0   0.0   0.0   0.0   0.0   0.0   0.0   0.0   0.0   0.0   0.0   0.34  0.0   0.0   0.0   
239   D     0.31  0.0   0.0   0.29  0.0   0.0   0.23  0.0   0.0   0.0   0.0   0.17  0.0   0.0   0.0   0.0   0.0   0.0   0.0   0.0   
240   E     0.0   0.0   0.0   0.0   0.0   0.0   0.46  0.0   0.0   0.0   0.0   0.0   0.0   0.0   0.0   0.0   0.39  0.0   0.0   0.15  
241   M     0.0   0.0   0.0   0.0   0.0   0.0   0.0   0.0   0.0   0.15  0.17  0.0   0.68  0.0   0.0   0.0   0.0   0.0   0.0   0.0   
242   R     0.0   0.14  0.0   0.0   0.0   0.71  0.0   0.0   0.0   0.0   0.0   0.0   0.0   0.0   0.0   0.15  0.0   0.0   0.0   0.0   
243   K     0.2   0.0   0.0   0.0   0.0   0.17  0.22  0.0   0.0   0.0   0.0   0.26  0.0   0.0   0.0   0.0   0.15  0.0   0.0   0.0   
244   M     0.0   0.0   0.0   0.0   0.0   0.0   0.0   0.0   0.0   0.0   0.86  0.0   0.14  0.0   0.0   0.0   0.0   0.0   0.0   0.0   
245   N     0.0   0.0   1.0   0.0   0.0   0.0   0.0   0.0   0.0   0.0   0.0   0.0   0.0   0.0   0.0   0.0   0.0   0.0   0.0   0.0   
246   Y     0.32  0.0   0.0   0.0   0.0   0.0   0.0   0.0   0.0   0.0   0.0   0.0   0.0   0.0   0.0   0.2   0.0   0.0   0.48  0.0   
247   E     0.0   0.2   0.0   0.0   0.0   0.15  0.48  0.0   0.0   0.0   0.0   0.0   0.0   0.0   0.0   0.17  0.0   0.0   0.0   0.0   
248   V     0.32  0.0   0.0   0.0   0.0   0.0   0.0   0.0   0.0   0.17  0.0   0.0   0.0   0.0   0.0   0.0   0.0   0.0   0.0   0.51  
249   N     0.37  0.0   0.14  0.49  0.0   0.0   0.0   0.0   0.0   0.0   0.0   0.0   0.0   0.0   0.0   0.0   0.0   0.0   0.0   0.0   
250   V     0.2   0.0   0.0   0.0   0.0   0.0   0.0   0.34  0.0   0.15  0.0   0.0   0.0   0.0   0.0   0.0   0.0   0.0   0.0   0.31  
251   N     0.0   0.0   0.25  0.0   0.0   0.0   0.32  0.0   0.0   0.0   0.0   0.23  0.0   0.0   0.0   0.2   0.0   0.0   0.0   0.0   
252   G     0.0   0.0   0.0   0.0   0.0   0.0   0.0   0.51  0.15  0.0   0.34  0.0   0.0   0.0   0.0   0.0   0.0   0.0   0.0   0.0   
253   K     0.0   0.15  0.2   0.0   0.0   0.0   0.0   0.0   0.0   0.0   0.17  0.48  0.0   0.0   0.0   0.0   0.0   0.0   0.0   0.0   
254   S     0.0   0.0   0.0   0.17  0.0   0.2   0.34  0.0   0.0   0.0   0.0   0.0   0.0   0.0   0.0   0.14  0.15  0.0   0.0   0.0   
255   A     0.33  0.01  0.01  0.01  0.0   0.01  0.01  0.01  0.0   0.01  0.02  0.01  0.0   0.01  0.5   0.01  0.01  0.0   0.01  0.01  
256   Y     0.02  0.01  0.01  0.01  0.0   0.16  0.01  0.01  0.0   0.01  0.02  0.18  0.0   0.01  0.01  0.36  0.01  0.0   0.15  0.01  
257   T     0.0   0.0   0.0   0.0   0.0   0.34  0.0   0.0   0.0   0.12  0.0   0.17  0.0   0.0   0.0   0.0   0.14  0.0   0.0   0.22  
258   V     0.2   0.0   0.0   0.0   0.0   0.0   0.0   0.0   0.0   0.0   0.0   0.0   0.0   0.0   0.0   0.0   0.0   0.0   0.0   0.8   
259   A     1.0   0.0   0.0   0.0   0.0   0.0   0.0   0.0   0.0   0.0   0.0   0.0   0.0   0.0   0.0   0.0   0.0   0.0   0.0   0.0   
260   K     0.37  0.0   0.0   0.0   0.0   0.12  0.0   0.0   0.15  0.0   0.0   0.36  0.0   0.0   0.0   0.0   0.0   0.0   0.0   0.0   
261   D     0.0   0.0   0.0   0.51  0.0   0.15  0.34  0.0   0.0   0.0   0.0   0.0   0.0   0.0   0.0   0.0   0.0   0.0   0.0   0.0   
262   Y     0.0   0.0   0.0   0.0   0.0   0.0   0.0   0.0   0.2   0.0   0.0   0.0   0.0   0.38  0.0   0.0   0.0   0.0   0.43  0.0   
263   L     0.0   0.0   0.0   0.0   0.0   0.0   0.0   0.0   0.0   0.0   1.0   0.0   0.0   0.0   0.0   0.0   0.0   0.0   0.0   0.0   
264   K     0.0   0.0   0.0   0.0   0.0   0.47  0.22  0.0   0.0   0.0   0.0   0.31  0.0   0.0   0.0   0.0   0.0   0.0   0.0   0.0   
265   D     0.0   0.0   0.27  0.47  0.0   0.25  0.0   0.0   0.0   0.0   0.0   0.0   0.0   0.0   0.0   0.0   0.0   0.0   0.0   0.0   
266   Q     0.0   0.0   0.27  0.0   0.0   0.24  0.0   0.0   0.0   0.0   0.0   0.49  0.0   0.0   0.0   0.0   0.0   0.0   0.0   0.0   
267   G     0.0   0.0   0.0   0.27  0.0   0.0   0.0   0.73  0.0   0.0   0.0   0.0   0.0   0.0   0.0   0.0   0.0   0.0   0.0   0.0   
268   I     0.0   0.0   0.0   0.0   0.0   0.0   0.0   0.0   0.0   0.24  0.24  0.0   0.0   0.27  0.0   0.0   0.0   0.25  0.0   0.0   
269   I     0.0   0.0   0.0   0.0   0.0   0.0   0.0   0.0   0.0   0.51  0.24  0.0   0.0   0.0   0.0   0.0   0.25  0.0   0.0   0.0   
270   K     0.0   0.0   0.0   0.0   0.0   0.0   0.0   0.0   0.0   0.0   0.0   1.0   0.0   0.0   0.0   0.0   0.0   0.0   0.0   0.0   
