             A     R     N     D     C     Q     E     G     H     I     L     K     M     F     P     S     T     W     Y     V
1     F     0.0   0.0   0.0   0.0   0.0   0.0   0.0   0.0   0.0   0.0   0.0   0.0   0.0   1.0   0.0   0.0   0.0   0.0   0.0   0.0   
2     E     0.0   0.0   0.0   0.0   0.0   0.0   1.0   0.0   0.0   0.0   0.0   0.0   0.0   0.0   0.0   0.0   0.0   0.0   0.0   0.0   
3     D     0.0   0.0   0.0   0.5   0.0   0.0   0.5   0.0   0.0   0.0   0.0   0.0   0.0   0.0   0.0   0.0   0.0   0.0   0.0   0.0   
4     I     0.0   0.0   0.0   0.0   0.0   0.0   0.0   0.0   0.0   0.5   0.0   0.0   0.0   0.5   0.0   0.0   0.0   0.0   0.0   0.0   
5     D     0.0   0.0   0.5   0.5   0.0   0.0   0.0   0.0   0.0   0.0   0.0   0.0   0.0   0.0   0.0   0.0   0.0   0.0   0.0   0.0   
6     T     0.0   0.0   0.5   0.0   0.0   0.0   0.0   0.0   0.0   0.0   0.0   0.0   0.0   0.0   0.0   0.0   0.5   0.0   0.0   0.0   
7     F     0.0   0.0   0.0   0.0   0.0   0.0   0.0   0.0   0.0   0.0   0.0   0.0   0.0   1.0   0.0   0.0   0.0   0.0   0.0   0.0   
8     E     0.0   0.0   0.0   0.5   0.0   0.0   0.5   0.0   0.0   0.0   0.0   0.0   0.0   0.0   0.0   0.0   0.0   0.0   0.0   0.0   
9     E     0.0   0.0   0.0   0.0   0.0   0.0   1.0   0.0   0.0   0.0   0.0   0.0   0.0   0.0   0.0   0.0   0.0   0.0   0.0   0.0   
10    A     1.0   0.0   0.0   0.0   0.0   0.0   0.0   0.0   0.0   0.0   0.0   0.0   0.0   0.0   0.0   0.0   0.0   0.0   0.0   0.0   
11    F     0.0   0.0   0.0   0.0   0.0   0.0   0.0   0.0   0.0   0.0   0.0   0.0   0.0   1.0   0.0   0.0   0.0   0.0   0.0   0.0   
12    N     0.0   0.0   0.31  0.0   0.0   0.0   0.0   0.0   0.0   0.0   0.0   0.0   0.0   0.0   0.0   0.69  0.0   0.0   0.0   0.0   
13    K     0.69  0.0   0.0   0.0   0.0   0.0   0.0   0.0   0.0   0.0   0.0   0.31  0.0   0.0   0.0   0.0   0.0   0.0   0.0   0.0   
14    L     0.0   0.0   0.0   0.0   0.0   0.0   0.0   0.0   0.0   0.0   1.0   0.0   0.0   0.0   0.0   0.0   0.0   0.0   0.0   0.0   
15    L     0.0   0.22  0.0   0.0   0.0   0.0   0.0   0.0   0.0   0.0   0.34  0.0   0.45  0.0   0.0   0.0   0.0   0.0   0.0   0.0   
16    R     0.22  0.17  0.0   0.22  0.0   0.0   0.0   0.0   0.0   0.0   0.0   0.23  0.0   0.0   0.0   0.17  0.0   0.0   0.0   0.0   
17    E     0.0   0.0   0.23  0.0   0.0   0.0   0.17  0.0   0.0   0.0   0.0   0.39  0.0   0.0   0.0   0.0   0.0   0.0   0.0   0.22  
18    V     0.01  0.01  0.01  0.01  0.0   0.01  0.01  0.23  0.23  0.01  0.02  0.01  0.0   0.01  0.01  0.01  0.01  0.0   0.01  0.4   
19    L     0.0   0.0   0.0   0.0   0.0   0.0   0.0   0.0   0.0   0.0   0.78  0.0   0.0   0.0   0.0   0.0   0.0   0.0   0.0   0.22  
20    E     0.0   0.0   0.21  0.49  0.0   0.0   0.3   0.0   0.0   0.0   0.0   0.0   0.0   0.0   0.0   0.0   0.0   0.0   0.0   0.0   
21    F     0.0   0.0   0.21  0.0   0.0   0.0   0.0   0.0   0.0   0.0   0.16  0.0   0.0   0.28  0.0   0.35  0.0   0.0   0.0   0.0   
22    D     0.3   0.14  0.19  0.13  0.0   0.0   0.0   0.0   0.0   0.0   0.0   0.12  0.0   0.0   0.13  0.0   0.0   0.0   0.0   0.0   
23    L     0.0   0.0   0.0   0.0   0.0   0.0   0.17  0.0   0.0   0.11  0.5   0.0   0.11  0.0   0.0   0.1   0.0   0.0   0.0   0.0   
24    Q     0.09  0.0   0.11  0.17  0.0   0.11  0.0   0.11  0.0   0.0   0.24  0.0   0.18  0.0   0.0   0.0   0.0   0.0   0.0   0.0   
25    N     0.0   0.0   0.26  0.17  0.0   0.0   0.17  0.0   0.0   0.0   0.0   0.0   0.0   0.0   0.0   0.22  0.17  0.0   0.0   0.0   
26    P     0.0   0.15  0.0   0.0   0.0   0.0   0.06  0.0   0.0   0.0   0.0   0.0   0.0   0.0   0.43  0.36  0.0   0.0   0.0   0.0   
27    F     0.16  0.0   0.0   0.0   0.0   0.0   0.0   0.04  0.0   0.0   0.14  0.0   0.27  0.13  0.0   0.04  0.19  0.0   0.0   0.04  
28    K     0.03  0.0   0.2   0.04  0.0   0.0   0.06  0.06  0.03  0.0   0.21  0.14  0.0   0.0   0.0   0.1   0.1   0.0   0.0   0.0   
29    D     0.06  0.0   0.16  0.24  0.0   0.04  0.15  0.0   0.0   0.09  0.0   0.09  0.0   0.0   0.06  0.0   0.09  0.0   0.0   0.0   
30    A     0.14  0.06  0.06  0.02  0.0   0.12  0.21  0.0   0.0   0.0   0.0   0.14  0.0   0.0   0.08  0.06  0.04  0.0   0.0   0.07  
31    K     0.0   0.33  0.0   0.0   0.0   0.04  0.04  0.0   0.0   0.03  0.09  0.36  0.0   0.0   0.07  0.05  0.0   0.0   0.0   0.0   
32    K     0.0   0.62  0.0   0.0   0.0   0.0   0.0   0.05  0.13  0.0   0.0   0.1   0.0   0.0   0.0   0.09  0.02  0.0   0.0   0.0   
33    V     0.12  0.0   0.0   0.0   0.0   0.0   0.0   0.0   0.0   0.16  0.29  0.0   0.02  0.0   0.0   0.0   0.09  0.0   0.0   0.31  
34    L     0.0   0.0   0.0   0.0   0.03  0.0   0.0   0.0   0.0   0.0   0.76  0.0   0.12  0.0   0.0   0.0   0.0   0.0   0.0   0.09  
35    C     0.23  0.0   0.0   0.0   0.05  0.0   0.0   0.0   0.0   0.06  0.29  0.0   0.03  0.21  0.0   0.0   0.0   0.0   0.0   0.13  
36    I     0.0   0.0   0.0   0.0   0.0   0.0   0.0   0.0   0.0   0.11  0.03  0.0   0.01  0.11  0.0   0.0   0.0   0.0   0.0   0.75  
37    E     0.0   0.0   0.0   0.0   0.0   0.0   0.05  0.11  0.47  0.11  0.02  0.0   0.0   0.08  0.0   0.14  0.02  0.0   0.0   0.0   
38    P     0.8   0.0   0.0   0.0   0.0   0.0   0.0   0.0   0.0   0.0   0.0   0.0   0.0   0.0   0.2   0.0   0.0   0.0   0.0   0.0   
39    H     0.0   0.0   0.0   0.0   0.0   0.0   0.0   0.0   1.0   0.0   0.0   0.0   0.0   0.0   0.0   0.0   0.0   0.0   0.0   0.0   
40    P     0.04  0.0   0.0   0.0   0.0   0.0   0.0   0.0   0.0   0.0   0.0   0.0   0.0   0.0   0.87  0.1   0.0   0.0   0.0   0.0   
41    D     0.06  0.0   0.0   0.94  0.0   0.0   0.0   0.0   0.0   0.0   0.0   0.0   0.0   0.0   0.0   0.0   0.0   0.0   0.0   0.0   
42    D     0.0   0.0   0.0   1.0   0.0   0.0   0.0   0.0   0.0   0.0   0.0   0.0   0.0   0.0   0.0   0.0   0.0   0.0   0.0   0.0   
43    C     0.0   0.0   0.0   0.03  0.05  0.0   0.7   0.0   0.0   0.04  0.0   0.0   0.0   0.06  0.0   0.0   0.0   0.0   0.0   0.13  
44    V     0.24  0.0   0.0   0.0   0.03  0.0   0.11  0.0   0.0   0.0   0.0   0.0   0.0   0.0   0.0   0.29  0.16  0.0   0.0   0.16  
45    I     0.0   0.0   0.0   0.0   0.0   0.0   0.0   0.0   0.0   0.42  0.17  0.0   0.15  0.0   0.0   0.05  0.03  0.06  0.12  0.0   
46    G     0.04  0.06  0.04  0.01  0.02  0.0   0.01  0.25  0.0   0.0   0.01  0.05  0.01  0.17  0.0   0.14  0.14  0.05  0.0   0.01  
47    M     0.08  0.0   0.07  0.0   0.09  0.01  0.0   0.05  0.0   0.0   0.02  0.0   0.14  0.15  0.0   0.02  0.33  0.0   0.0   0.05  
48    G     0.23  0.0   0.0   0.0   0.0   0.0   0.0   0.74  0.0   0.0   0.0   0.0   0.0   0.0   0.0   0.0   0.03  0.0   0.0   0.0   
49    G     0.3   0.0   0.0   0.0   0.0   0.0   0.0   0.49  0.0   0.02  0.03  0.0   0.0   0.0   0.15  0.0   0.0   0.0   0.0   0.02  
50    T     0.1   0.0   0.0   0.0   0.0   0.0   0.0   0.0   0.0   0.0   0.11  0.0   0.0   0.0   0.0   0.04  0.73  0.0   0.0   0.01  
51    I     0.02  0.0   0.0   0.0   0.0   0.0   0.0   0.0   0.0   0.47  0.26  0.0   0.2   0.0   0.0   0.0   0.02  0.0   0.0   0.04  
52    K     0.7   0.05  0.0   0.03  0.0   0.03  0.0   0.0   0.01  0.0   0.11  0.05  0.0   0.0   0.0   0.02  0.0   0.0   0.0   0.0   
53    K     0.13  0.27  0.01  0.01  0.01  0.0   0.0   0.07  0.12  0.0   0.12  0.19  0.0   0.0   0.0   0.03  0.0   0.0   0.05  0.0   
54    L     0.02  0.0   0.02  0.0   0.0   0.0   0.0   0.0   0.06  0.0   0.31  0.0   0.0   0.04  0.0   0.02  0.0   0.0   0.48  0.05  
55    S     0.49  0.04  0.03  0.0   0.0   0.0   0.0   0.08  0.0   0.0   0.02  0.0   0.0   0.0   0.0   0.06  0.15  0.0   0.0   0.12  
56    D     0.29  0.16  0.04  0.12  0.0   0.06  0.1   0.0   0.0   0.0   0.01  0.13  0.0   0.03  0.0   0.04  0.01  0.0   0.0   0.0   
57    M     0.04  0.14  0.0   0.02  0.0   0.22  0.22  0.0   0.0   0.03  0.08  0.06  0.02  0.0   0.1   0.03  0.01  0.0   0.0   0.02  
58    G     0.05  0.03  0.02  0.08  0.0   0.0   0.05  0.66  0.0   0.0   0.0   0.05  0.0   0.0   0.0   0.03  0.02  0.0   0.0   0.0   
59    V     0.29  0.01  0.03  0.0   0.0   0.03  0.0   0.01  0.15  0.11  0.0   0.04  0.0   0.0   0.0   0.03  0.08  0.0   0.1   0.13  
60    E     0.11  0.08  0.01  0.16  0.0   0.1   0.18  0.02  0.14  0.0   0.0   0.04  0.0   0.0   0.08  0.01  0.01  0.02  0.04  0.0   
61    V     0.0   0.0   0.0   0.0   0.0   0.0   0.0   0.0   0.0   0.08  0.09  0.0   0.06  0.0   0.0   0.0   0.02  0.0   0.0   0.75  
62    I     0.06  0.03  0.0   0.0   0.01  0.02  0.0   0.0   0.16  0.02  0.03  0.03  0.06  0.05  0.0   0.07  0.35  0.0   0.04  0.06  
63    Y     0.04  0.0   0.0   0.0   0.0   0.0   0.0   0.0   0.0   0.07  0.3   0.0   0.0   0.0   0.0   0.0   0.0   0.0   0.12  0.45  
64    V     0.12  0.0   0.0   0.0   0.0   0.0   0.0   0.01  0.0   0.03  0.22  0.0   0.0   0.05  0.0   0.01  0.0   0.0   0.0   0.53  
65    C     0.01  0.0   0.0   0.0   0.3   0.0   0.0   0.01  0.0   0.0   0.03  0.0   0.0   0.0   0.0   0.01  0.53  0.0   0.04  0.05  
66    M     0.05  0.05  0.0   0.0   0.42  0.0   0.04  0.03  0.0   0.0   0.23  0.0   0.06  0.08  0.0   0.01  0.0   0.0   0.0   0.0   
67    T     0.01  0.0   0.0   0.0   0.0   0.0   0.0   0.01  0.0   0.0   0.01  0.0   0.0   0.0   0.0   0.26  0.67  0.0   0.0   0.0   
68    D     0.1   0.03  0.06  0.05  0.0   0.0   0.0   0.06  0.0   0.0   0.45  0.0   0.0   0.06  0.0   0.11  0.04  0.0   0.0   0.0   
69    G     0.0   0.0   0.0   0.0   0.0   0.0   0.0   0.91  0.0   0.0   0.0   0.0   0.0   0.0   0.0   0.0   0.0   0.05  0.0   0.0   
70    Y     0.05  0.0   0.2   0.0   0.0   0.02  0.59  0.0   0.0   0.04  0.0   0.0   0.03  0.0   0.0   0.03  0.0   0.0   0.02  0.0   
71    M     0.04  0.14  0.0   0.01  0.1   0.04  0.32  0.01  0.0   0.04  0.08  0.01  0.14  0.0   0.0   0.05  0.01  0.0   0.0   0.01  
72    G     0.07  0.0   0.0   0.11  0.0   0.0   0.01  0.7   0.0   0.0   0.01  0.01  0.0   0.0   0.06  0.01  0.01  0.0   0.0   0.01  
73    T     0.03  0.13  0.01  0.02  0.0   0.01  0.5   0.01  0.0   0.01  0.11  0.01  0.0   0.0   0.01  0.03  0.09  0.0   0.0   0.04  
74    T     0.03  0.06  0.05  0.07  0.0   0.01  0.01  0.04  0.0   0.08  0.04  0.01  0.03  0.0   0.01  0.07  0.13  0.0   0.0   0.36  
75    D     0.07  0.01  0.01  0.14  0.0   0.01  0.08  0.01  0.03  0.27  0.16  0.01  0.11  0.01  0.01  0.01  0.01  0.0   0.01  0.05  
76    E     0.14  0.06  0.02  0.02  0.0   0.01  0.07  0.27  0.0   0.02  0.05  0.07  0.0   0.01  0.1   0.01  0.01  0.0   0.01  0.14  
77    S     0.05  0.06  0.03  0.16  0.0   0.01  0.22  0.01  0.0   0.01  0.1   0.03  0.0   0.01  0.24  0.03  0.01  0.0   0.01  0.01  
78    L     0.17  0.01  0.01  0.2   0.0   0.02  0.21  0.02  0.0   0.01  0.11  0.04  0.0   0.01  0.01  0.02  0.03  0.06  0.01  0.07  
79    S     0.03  0.09  0.06  0.03  0.0   0.03  0.03  0.11  0.06  0.01  0.24  0.01  0.0   0.01  0.01  0.16  0.03  0.01  0.01  0.08  
80    G     0.42  0.09  0.0   0.0   0.0   0.02  0.02  0.08  0.03  0.01  0.01  0.06  0.0   0.0   0.0   0.14  0.03  0.0   0.06  0.0   
81    H     0.01  0.06  0.09  0.23  0.0   0.04  0.13  0.11  0.17  0.0   0.01  0.0   0.0   0.0   0.0   0.03  0.0   0.0   0.06  0.04  
82    E     0.07  0.07  0.08  0.0   0.0   0.26  0.11  0.17  0.01  0.0   0.02  0.04  0.02  0.0   0.0   0.03  0.06  0.0   0.0   0.05  
83    L     0.0   0.0   0.0   0.0   0.0   0.06  0.0   0.0   0.0   0.07  0.61  0.0   0.06  0.0   0.0   0.0   0.08  0.0   0.04  0.05  
84    A     0.14  0.0   0.0   0.0   0.0   0.0   0.0   0.59  0.02  0.04  0.0   0.0   0.0   0.0   0.04  0.05  0.06  0.0   0.02  0.04  
85    A     0.05  0.01  0.0   0.01  0.0   0.0   0.37  0.3   0.05  0.04  0.05  0.03  0.0   0.0   0.02  0.07  0.0   0.0   0.0   0.0   
86    I     0.06  0.07  0.0   0.0   0.0   0.0   0.0   0.0   0.08  0.27  0.12  0.0   0.0   0.09  0.0   0.0   0.02  0.02  0.21  0.06  
87    R     0.0   0.9   0.0   0.04  0.0   0.0   0.0   0.0   0.0   0.0   0.0   0.06  0.0   0.0   0.0   0.0   0.0   0.0   0.0   0.0   
88    R     0.01  0.19  0.0   0.0   0.0   0.0   0.09  0.0   0.0   0.28  0.04  0.24  0.0   0.0   0.0   0.0   0.01  0.0   0.01  0.13  
89    K     0.06  0.03  0.0   0.04  0.0   0.05  0.15  0.25  0.09  0.0   0.01  0.3   0.0   0.01  0.0   0.01  0.02  0.0   0.0   0.01  
90    E     0.0   0.0   0.0   0.06  0.0   0.0   0.94  0.0   0.0   0.0   0.0   0.0   0.0   0.0   0.0   0.0   0.0   0.0   0.0   0.0   
91    E     0.13  0.0   0.0   0.0   0.0   0.0   0.14  0.0   0.0   0.01  0.62  0.03  0.05  0.0   0.0   0.0   0.0   0.01  0.0   0.0   
92    E     0.21  0.03  0.0   0.05  0.0   0.06  0.06  0.0   0.02  0.06  0.12  0.14  0.06  0.0   0.0   0.05  0.1   0.0   0.01  0.03  
93    E     0.2   0.19  0.03  0.11  0.0   0.09  0.11  0.05  0.0   0.0   0.0   0.07  0.01  0.0   0.0   0.04  0.02  0.0   0.0   0.07  
94    S     0.68  0.0   0.0   0.0   0.0   0.0   0.0   0.0   0.0   0.0   0.0   0.0   0.0   0.0   0.0   0.27  0.0   0.0   0.05  0.0   
95    A     0.26  0.05  0.0   0.0   0.31  0.0   0.0   0.02  0.0   0.0   0.24  0.0   0.08  0.0   0.0   0.0   0.02  0.0   0.0   0.02  
96    R     0.17  0.23  0.02  0.1   0.0   0.01  0.2   0.01  0.0   0.03  0.03  0.08  0.0   0.0   0.0   0.06  0.03  0.0   0.0   0.01  
97    L     0.25  0.04  0.0   0.03  0.01  0.0   0.09  0.0   0.02  0.34  0.08  0.03  0.02  0.0   0.0   0.02  0.0   0.0   0.0   0.06  
98    L     0.0   0.05  0.0   0.0   0.0   0.0   0.0   0.0   0.0   0.0   0.81  0.0   0.11  0.0   0.0   0.0   0.0   0.0   0.03  0.0   
99    G     0.0   0.01  0.0   0.03  0.0   0.03  0.0   0.88  0.0   0.0   0.0   0.0   0.0   0.0   0.0   0.02  0.03  0.0   0.0   0.0   
100   V     0.13  0.0   0.0   0.01  0.04  0.0   0.0   0.0   0.0   0.26  0.08  0.0   0.0   0.0   0.0   0.02  0.0   0.01  0.0   0.44  
101   K     0.09  0.07  0.07  0.11  0.0   0.03  0.03  0.05  0.07  0.02  0.01  0.18  0.0   0.0   0.07  0.05  0.12  0.0   0.0   0.0   
102   K     0.03  0.06  0.03  0.26  0.0   0.11  0.08  0.11  0.03  0.0   0.02  0.11  0.0   0.0   0.06  0.06  0.04  0.0   0.0   0.0   
103   I     0.0   0.1   0.0   0.0   0.01  0.04  0.09  0.0   0.17  0.06  0.1   0.0   0.0   0.01  0.12  0.08  0.08  0.02  0.06  0.07  
104   Y     0.0   0.42  0.11  0.0   0.01  0.02  0.06  0.0   0.09  0.15  0.04  0.0   0.0   0.03  0.0   0.02  0.01  0.0   0.02  0.01  
105   W     0.02  0.05  0.04  0.0   0.0   0.04  0.0   0.0   0.06  0.01  0.05  0.0   0.09  0.33  0.04  0.0   0.0   0.09  0.04  0.15  
106   L     0.0   0.0   0.0   0.0   0.0   0.0   0.0   0.05  0.03  0.0   0.72  0.0   0.1   0.06  0.0   0.0   0.0   0.0   0.0   0.0   
107   N     0.06  0.01  0.08  0.12  0.0   0.0   0.0   0.54  0.01  0.04  0.0   0.0   0.0   0.0   0.05  0.0   0.04  0.0   0.0   0.03  
108   Y     0.0   0.0   0.0   0.0   0.0   0.0   0.0   0.0   0.0   0.1   0.06  0.0   0.04  0.34  0.0   0.0   0.0   0.26  0.17  0.03  
109   R     0.1   0.47  0.0   0.02  0.0   0.0   0.02  0.08  0.02  0.0   0.0   0.0   0.0   0.04  0.11  0.03  0.0   0.01  0.05  0.04  
110   D     0.0   0.0   0.02  0.91  0.0   0.0   0.05  0.0   0.0   0.0   0.0   0.02  0.0   0.0   0.0   0.0   0.0   0.0   0.0   0.0   
111   T     0.04  0.11  0.0   0.04  0.0   0.04  0.0   0.0   0.0   0.0   0.0   0.07  0.0   0.0   0.03  0.46  0.15  0.0   0.06  0.0   
112   E     0.0   0.05  0.0   0.02  0.0   0.03  0.08  0.65  0.0   0.0   0.0   0.0   0.0   0.0   0.06  0.0   0.11  0.0   0.0   0.0   
113   L     0.05  0.0   0.04  0.0   0.0   0.0   0.0   0.0   0.0   0.0   0.3   0.05  0.5   0.04  0.0   0.0   0.0   0.0   0.0   0.02  
114   P     0.14  0.11  0.04  0.0   0.0   0.07  0.1   0.0   0.05  0.05  0.01  0.01  0.02  0.0   0.36  0.0   0.0   0.0   0.04  0.02  
115   Y     0.17  0.0   0.0   0.13  0.0   0.0   0.04  0.16  0.01  0.05  0.05  0.01  0.07  0.11  0.0   0.06  0.03  0.06  0.05  0.0   
116   S     0.06  0.01  0.13  0.11  0.0   0.09  0.11  0.09  0.02  0.01  0.01  0.04  0.0   0.0   0.01  0.13  0.12  0.0   0.04  0.02  
117   R     0.01  0.08  0.07  0.42  0.0   0.01  0.23  0.0   0.0   0.0   0.0   0.07  0.0   0.0   0.03  0.0   0.07  0.0   0.0   0.0   
118   E     0.07  0.01  0.0   0.27  0.0   0.06  0.3   0.04  0.18  0.0   0.01  0.02  0.0   0.0   0.0   0.02  0.01  0.0   0.0   0.02  
119   V     0.18  0.01  0.0   0.05  0.0   0.05  0.0   0.0   0.0   0.01  0.05  0.0   0.09  0.0   0.21  0.0   0.07  0.0   0.04  0.25  
120   R     0.28  0.29  0.0   0.0   0.0   0.0   0.08  0.0   0.0   0.12  0.06  0.0   0.0   0.0   0.0   0.0   0.04  0.0   0.0   0.13  
121   K     0.12  0.17  0.01  0.12  0.0   0.0   0.2   0.08  0.01  0.0   0.0   0.13  0.0   0.06  0.0   0.1   0.0   0.0   0.0   0.0   
122   D     0.26  0.09  0.0   0.03  0.0   0.08  0.12  0.0   0.09  0.07  0.03  0.02  0.0   0.0   0.0   0.05  0.08  0.0   0.01  0.08  
123   L     0.02  0.0   0.0   0.0   0.0   0.0   0.0   0.0   0.0   0.26  0.6   0.0   0.03  0.0   0.0   0.0   0.0   0.0   0.0   0.1   
124   T     0.21  0.05  0.0   0.0   0.0   0.02  0.1   0.0   0.0   0.01  0.15  0.02  0.0   0.0   0.0   0.03  0.05  0.0   0.0   0.35  
125   K     0.19  0.09  0.05  0.13  0.0   0.14  0.17  0.01  0.01  0.0   0.0   0.11  0.0   0.0   0.0   0.04  0.07  0.0   0.0   0.0   
126   I     0.07  0.0   0.0   0.0   0.02  0.01  0.01  0.0   0.08  0.3   0.09  0.02  0.0   0.04  0.0   0.0   0.01  0.0   0.0   0.34  
127   L     0.0   0.0   0.0   0.0   0.0   0.0   0.0   0.0   0.0   0.6   0.15  0.0   0.02  0.03  0.0   0.0   0.0   0.0   0.06  0.13  
128   R     0.01  0.6   0.01  0.07  0.0   0.04  0.12  0.01  0.04  0.0   0.01  0.09  0.0   0.0   0.0   0.01  0.01  0.0   0.0   0.0   
129   K     0.08  0.13  0.05  0.1   0.0   0.04  0.42  0.0   0.0   0.04  0.0   0.05  0.01  0.0   0.0   0.04  0.04  0.0   0.0   0.02  
130   E     0.04  0.0   0.08  0.0   0.04  0.05  0.07  0.0   0.01  0.09  0.13  0.0   0.0   0.08  0.0   0.0   0.04  0.0   0.07  0.3   
131   Q     0.03  0.47  0.08  0.0   0.01  0.1   0.0   0.1   0.0   0.05  0.0   0.12  0.0   0.0   0.0   0.04  0.0   0.0   0.0   0.0   
132   P     0.08  0.0   0.0   0.0   0.0   0.0   0.0   0.0   0.0   0.07  0.0   0.0   0.0   0.0   0.81  0.0   0.04  0.0   0.0   0.0   
133   D     0.0   0.01  0.02  0.16  0.0   0.23  0.1   0.02  0.22  0.0   0.0   0.13  0.0   0.0   0.0   0.11  0.0   0.0   0.0   0.0   
134   G     0.04  0.02  0.0   0.05  0.0   0.05  0.0   0.02  0.0   0.07  0.19  0.0   0.0   0.06  0.0   0.0   0.07  0.0   0.0   0.42  
135   V     0.0   0.0   0.0   0.0   0.0   0.0   0.0   0.0   0.0   0.14  0.2   0.0   0.04  0.0   0.0   0.0   0.0   0.0   0.0   0.62  
136   F     0.0   0.0   0.0   0.0   0.0   0.0   0.05  0.0   0.0   0.18  0.15  0.0   0.0   0.14  0.0   0.0   0.04  0.0   0.0   0.44  
137   A     0.1   0.0   0.0   0.0   0.0   0.0   0.0   0.02  0.0   0.05  0.0   0.0   0.06  0.0   0.0   0.15  0.59  0.0   0.0   0.05  
138   P     0.05  0.0   0.0   0.0   0.0   0.0   0.0   0.0   0.07  0.0   0.0   0.0   0.05  0.22  0.16  0.0   0.0   0.0   0.45  0.0   
139   D     0.07  0.05  0.0   0.56  0.0   0.0   0.01  0.11  0.0   0.0   0.0   0.0   0.0   0.0   0.0   0.06  0.0   0.0   0.14  0.0   
140   P     0.14  0.01  0.01  0.08  0.0   0.03  0.17  0.02  0.0   0.01  0.07  0.01  0.0   0.0   0.34  0.04  0.01  0.0   0.0   0.05  
141   W     0.05  0.03  0.21  0.15  0.0   0.01  0.06  0.03  0.03  0.03  0.06  0.07  0.0   0.04  0.01  0.01  0.02  0.05  0.05  0.06  
142   L     0.06  0.01  0.01  0.07  0.04  0.01  0.01  0.56  0.0   0.01  0.06  0.04  0.0   0.01  0.01  0.01  0.06  0.0   0.01  0.01  
143   P     0.01  0.0   0.01  0.02  0.0   0.0   0.03  0.63  0.01  0.0   0.0   0.04  0.05  0.03  0.11  0.0   0.02  0.0   0.04  0.0   
144   Y     0.01  0.0   0.0   0.0   0.0   0.0   0.04  0.01  0.09  0.08  0.01  0.04  0.0   0.0   0.0   0.01  0.01  0.0   0.6   0.09  
145   E     0.06  0.03  0.08  0.19  0.01  0.02  0.08  0.08  0.01  0.03  0.05  0.03  0.01  0.02  0.03  0.19  0.03  0.01  0.02  0.03  
146   S     0.05  0.08  0.0   0.0   0.0   0.0   0.0   0.56  0.0   0.0   0.0   0.0   0.0   0.0   0.09  0.07  0.0   0.0   0.06  0.07  
147   H     0.0   0.0   0.0   0.0   0.0   0.0   0.0   0.0   0.94  0.0   0.01  0.0   0.0   0.0   0.0   0.0   0.0   0.0   0.0   0.0   
148   P     0.0   0.02  0.0   0.0   0.0   0.05  0.0   0.05  0.0   0.0   0.01  0.0   0.0   0.0   0.71  0.08  0.0   0.0   0.0   0.05  
149   D     0.0   0.0   0.15  0.8   0.0   0.0   0.0   0.0   0.0   0.0   0.0   0.0   0.0   0.0   0.0   0.0   0.05  0.0   0.0   0.0   
150   H     0.0   0.0   0.0   0.0   0.0   0.0   0.0   0.0   1.0   0.0   0.0   0.0   0.0   0.0   0.0   0.0   0.0   0.0   0.0   0.0   
151   R     0.04  0.09  0.02  0.05  0.0   0.0   0.0   0.04  0.0   0.52  0.09  0.03  0.0   0.0   0.06  0.0   0.0   0.0   0.0   0.07  
152   R     0.27  0.21  0.08  0.0   0.0   0.19  0.0   0.0   0.04  0.0   0.12  0.01  0.02  0.0   0.0   0.0   0.0   0.0   0.01  0.05  
153   T     0.49  0.0   0.0   0.0   0.17  0.0   0.0   0.0   0.0   0.0   0.09  0.0   0.0   0.02  0.0   0.0   0.1   0.0   0.0   0.13  
154   G     0.07  0.0   0.05  0.0   0.0   0.0   0.0   0.12  0.5   0.0   0.0   0.0   0.06  0.0   0.0   0.0   0.05  0.0   0.15  0.0   
155   F     0.09  0.25  0.01  0.07  0.0   0.11  0.17  0.04  0.08  0.0   0.0   0.09  0.0   0.06  0.0   0.0   0.03  0.0   0.0   0.01  
156   L     0.33  0.0   0.0   0.0   0.0   0.0   0.0   0.04  0.0   0.12  0.23  0.0   0.0   0.0   0.0   0.0   0.0   0.0   0.0   0.29  
157   A     0.23  0.0   0.0   0.0   0.0   0.0   0.0   0.02  0.0   0.0   0.01  0.0   0.0   0.0   0.0   0.12  0.24  0.0   0.0   0.37  
158   I     0.05  0.15  0.0   0.0   0.0   0.06  0.07  0.0   0.06  0.07  0.03  0.0   0.19  0.05  0.0   0.0   0.1   0.01  0.0   0.15  
159   E     0.27  0.21  0.0   0.01  0.0   0.0   0.28  0.04  0.0   0.0   0.0   0.05  0.0   0.0   0.0   0.0   0.04  0.0   0.03  0.06  
160   S     0.82  0.0   0.0   0.0   0.0   0.0   0.0   0.01  0.0   0.04  0.09  0.0   0.0   0.0   0.0   0.03  0.0   0.0   0.0   0.01  
161   V     0.12  0.07  0.0   0.0   0.05  0.02  0.0   0.01  0.07  0.09  0.1   0.0   0.0   0.08  0.0   0.0   0.0   0.0   0.04  0.36  
162   A     0.18  0.01  0.0   0.09  0.0   0.05  0.19  0.09  0.0   0.07  0.02  0.02  0.0   0.09  0.02  0.1   0.02  0.0   0.03  0.02  
163   F     0.11  0.11  0.02  0.05  0.0   0.02  0.08  0.07  0.0   0.08  0.14  0.03  0.0   0.06  0.08  0.09  0.03  0.0   0.0   0.01  
164   S     0.54  0.01  0.01  0.01  0.0   0.02  0.01  0.15  0.0   0.02  0.01  0.03  0.02  0.0   0.01  0.09  0.03  0.01  0.0   0.03  
165   Q     0.29  0.05  0.01  0.02  0.0   0.12  0.05  0.22  0.0   0.01  0.03  0.13  0.0   0.0   0.02  0.03  0.02  0.0   0.0   0.01  
166   L     0.11  0.0   0.01  0.2   0.0   0.0   0.03  0.01  0.0   0.13  0.23  0.03  0.04  0.0   0.05  0.01  0.02  0.03  0.0   0.08  
167   P     0.07  0.07  0.01  0.0   0.0   0.0   0.21  0.0   0.07  0.0   0.05  0.0   0.0   0.0   0.45  0.02  0.0   0.0   0.0   0.02  
168   N     0.12  0.06  0.05  0.07  0.0   0.01  0.06  0.09  0.01  0.0   0.0   0.33  0.0   0.02  0.0   0.04  0.07  0.0   0.0   0.05  
169   F     0.02  0.1   0.03  0.0   0.0   0.0   0.09  0.08  0.02  0.02  0.1   0.0   0.01  0.23  0.0   0.01  0.05  0.0   0.23  0.02  
170   S     0.11  0.04  0.03  0.02  0.08  0.02  0.11  0.02  0.0   0.0   0.02  0.13  0.04  0.05  0.16  0.09  0.05  0.0   0.04  0.0   
171   N     0.03  0.24  0.03  0.02  0.0   0.01  0.06  0.07  0.02  0.06  0.02  0.02  0.0   0.0   0.23  0.1   0.0   0.04  0.05  0.0   
172   T     0.11  0.0   0.0   0.01  0.0   0.03  0.19  0.11  0.0   0.0   0.0   0.01  0.0   0.0   0.15  0.12  0.16  0.0   0.0   0.09  
173   D     0.09  0.03  0.0   0.14  0.0   0.07  0.18  0.05  0.0   0.01  0.14  0.08  0.02  0.0   0.02  0.01  0.04  0.0   0.0   0.09  
174   L     0.06  0.01  0.0   0.01  0.0   0.02  0.01  0.08  0.0   0.11  0.25  0.07  0.01  0.04  0.01  0.04  0.13  0.06  0.03  0.07  
175   D     0.06  0.06  0.0   0.11  0.0   0.06  0.13  0.05  0.03  0.09  0.22  0.0   0.0   0.0   0.07  0.02  0.02  0.0   0.06  0.02  
176   I     0.23  0.05  0.0   0.02  0.0   0.1   0.08  0.07  0.0   0.09  0.05  0.06  0.01  0.0   0.05  0.0   0.04  0.02  0.05  0.08  
177   G     0.11  0.01  0.02  0.06  0.03  0.0   0.08  0.3   0.0   0.0   0.0   0.04  0.0   0.0   0.0   0.11  0.04  0.05  0.05  0.07  
178   L     0.19  0.05  0.0   0.06  0.05  0.02  0.07  0.04  0.0   0.04  0.16  0.02  0.06  0.02  0.0   0.05  0.01  0.02  0.03  0.1   
179   N     0.1   0.09  0.11  0.13  0.0   0.03  0.01  0.01  0.0   0.04  0.11  0.02  0.04  0.03  0.06  0.06  0.08  0.0   0.0   0.09  
180   P     0.26  0.02  0.0   0.0   0.0   0.01  0.02  0.0   0.0   0.12  0.0   0.0   0.0   0.0   0.46  0.01  0.04  0.0   0.0   0.06  
181   Y     0.1   0.02  0.03  0.01  0.01  0.02  0.05  0.0   0.08  0.02  0.15  0.09  0.0   0.06  0.03  0.05  0.06  0.07  0.09  0.06  
182   N     0.12  0.27  0.09  0.07  0.0   0.02  0.04  0.05  0.05  0.0   0.01  0.0   0.05  0.0   0.01  0.1   0.11  0.0   0.0   0.0   
183   S     0.12  0.1   0.03  0.0   0.0   0.0   0.04  0.03  0.03  0.05  0.04  0.12  0.0   0.06  0.03  0.04  0.02  0.07  0.06  0.15  
184   G     0.07  0.13  0.0   0.02  0.0   0.03  0.29  0.05  0.0   0.04  0.15  0.0   0.0   0.0   0.03  0.01  0.04  0.0   0.05  0.08  
185   S     0.21  0.07  0.0   0.04  0.0   0.02  0.17  0.1   0.0   0.0   0.04  0.0   0.0   0.0   0.09  0.19  0.02  0.0   0.0   0.05  
186   F     0.08  0.01  0.0   0.08  0.0   0.0   0.12  0.04  0.06  0.08  0.03  0.04  0.01  0.2   0.04  0.05  0.07  0.0   0.0   0.07  
187   I     0.04  0.0   0.0   0.05  0.0   0.06  0.03  0.04  0.0   0.07  0.19  0.0   0.09  0.0   0.1   0.02  0.03  0.07  0.05  0.16  
188   A     0.09  0.06  0.04  0.06  0.0   0.02  0.05  0.19  0.0   0.0   0.04  0.01  0.02  0.08  0.17  0.02  0.05  0.02  0.06  0.02  
189   L     0.04  0.02  0.03  0.07  0.0   0.02  0.2   0.11  0.02  0.01  0.13  0.01  0.0   0.09  0.05  0.02  0.01  0.04  0.08  0.04  
190   Y     0.09  0.07  0.01  0.01  0.0   0.07  0.06  0.02  0.02  0.03  0.03  0.01  0.05  0.08  0.05  0.04  0.06  0.12  0.13  0.06  
191   Y     0.08  0.08  0.01  0.02  0.08  0.01  0.08  0.06  0.0   0.06  0.14  0.01  0.06  0.02  0.1   0.05  0.07  0.0   0.06  0.02  
192   T     0.04  0.01  0.04  0.1   0.0   0.02  0.09  0.1   0.0   0.1   0.18  0.01  0.0   0.05  0.07  0.02  0.1   0.0   0.01  0.03  
193   H     0.05  0.01  0.01  0.06  0.01  0.02  0.08  0.13  0.19  0.01  0.1   0.02  0.03  0.02  0.06  0.08  0.04  0.06  0.0   0.02  
194   K     0.02  0.11  0.05  0.06  0.0   0.08  0.16  0.0   0.0   0.0   0.04  0.09  0.0   0.0   0.12  0.1   0.04  0.0   0.0   0.11  
195   P     0.07  0.0   0.0   0.04  0.0   0.05  0.0   0.01  0.0   0.1   0.0   0.0   0.0   0.0   0.63  0.02  0.0   0.0   0.0   0.08  
196   N     0.01  0.0   0.11  0.48  0.0   0.08  0.06  0.02  0.04  0.0   0.0   0.0   0.0   0.05  0.0   0.03  0.09  0.0   0.0   0.02  
197   Y     0.23  0.03  0.0   0.03  0.0   0.0   0.02  0.0   0.0   0.02  0.01  0.0   0.06  0.19  0.02  0.0   0.17  0.0   0.07  0.13  
198   I     0.1   0.03  0.0   0.0   0.04  0.02  0.03  0.02  0.0   0.03  0.06  0.04  0.02  0.17  0.0   0.06  0.05  0.0   0.0   0.34  
199   V     0.04  0.0   0.06  0.0   0.0   0.0   0.06  0.0   0.0   0.27  0.23  0.0   0.0   0.0   0.0   0.01  0.01  0.0   0.0   0.31  
200   D     0.02  0.0   0.06  0.63  0.0   0.01  0.1   0.02  0.0   0.0   0.0   0.0   0.0   0.0   0.05  0.06  0.05  0.0   0.0   0.0   
201   I     0.12  0.0   0.0   0.02  0.0   0.0   0.0   0.07  0.0   0.4   0.08  0.0   0.0   0.0   0.0   0.08  0.03  0.0   0.0   0.21  
202   T     0.05  0.14  0.0   0.04  0.0   0.02  0.01  0.01  0.0   0.0   0.0   0.19  0.0   0.0   0.03  0.37  0.14  0.0   0.0   0.0   
203   D     0.1   0.0   0.0   0.24  0.0   0.0   0.44  0.12  0.01  0.0   0.0   0.0   0.0   0.0   0.0   0.06  0.02  0.0   0.0   0.0   
204   L     0.04  0.0   0.0   0.02  0.0   0.03  0.06  0.0   0.12  0.0   0.03  0.0   0.0   0.05  0.0   0.01  0.05  0.02  0.19  0.37  
205   M     0.14  0.03  0.0   0.0   0.0   0.0   0.01  0.0   0.02  0.06  0.23  0.0   0.05  0.13  0.0   0.0   0.02  0.1   0.06  0.15  
206   E     0.11  0.05  0.01  0.21  0.0   0.13  0.22  0.02  0.02  0.0   0.0   0.0   0.01  0.0   0.1   0.05  0.05  0.0   0.0   0.0   
207   L     0.52  0.06  0.0   0.0   0.0   0.05  0.0   0.0   0.03  0.06  0.05  0.12  0.0   0.0   0.0   0.0   0.02  0.0   0.0   0.09  
208   K     0.0   0.01  0.0   0.0   0.0   0.0   0.0   0.0   0.0   0.0   0.0   0.99  0.0   0.0   0.0   0.0   0.0   0.0   0.0   0.0   
209   L     0.04  0.09  0.0   0.0   0.0   0.03  0.03  0.01  0.0   0.08  0.24  0.04  0.04  0.03  0.0   0.02  0.04  0.0   0.06  0.24  
210   K     0.43  0.1   0.1   0.01  0.0   0.04  0.14  0.01  0.0   0.0   0.01  0.11  0.0   0.0   0.0   0.01  0.03  0.0   0.0   0.0   
211   A     0.81  0.0   0.0   0.0   0.0   0.0   0.0   0.05  0.0   0.0   0.0   0.0   0.0   0.0   0.0   0.14  0.0   0.0   0.0   0.0   
212   I     0.0   0.0   0.0   0.0   0.0   0.0   0.0   0.0   0.0   0.14  0.44  0.0   0.38  0.0   0.0   0.0   0.0   0.0   0.0   0.04  
213   R     0.02  0.49  0.04  0.0   0.0   0.1   0.04  0.03  0.0   0.0   0.05  0.06  0.0   0.0   0.0   0.12  0.01  0.0   0.05  0.0   
214   V     0.61  0.0   0.0   0.0   0.14  0.0   0.0   0.0   0.0   0.0   0.0   0.1   0.0   0.0   0.0   0.03  0.05  0.0   0.0   0.08  
215   H     0.0   0.0   0.0   0.0   0.0   0.0   0.0   0.0   0.8   0.0   0.0   0.0   0.06  0.0   0.0   0.0   0.0   0.0   0.14  0.0   
216   R     0.42  0.3   0.0   0.0   0.0   0.05  0.06  0.06  0.0   0.0   0.0   0.09  0.0   0.0   0.0   0.0   0.01  0.0   0.0   0.0   
217   S     0.0   0.0   0.0   0.0   0.0   0.0   0.0   0.06  0.0   0.0   0.0   0.0   0.0   0.0   0.0   0.46  0.48  0.0   0.0   0.0   
218   Q     0.0   0.0   0.0   0.0   0.0   1.0   0.0   0.0   0.0   0.0   0.0   0.0   0.0   0.0   0.0   0.0   0.0   0.0   0.0   0.0   
219   F     0.01  0.0   0.0   0.0   0.0   0.0   0.0   0.01  0.0   0.19  0.21  0.0   0.12  0.22  0.0   0.01  0.11  0.0   0.0   0.11  
220   P     0.23  0.01  0.01  0.08  0.0   0.01  0.06  0.01  0.0   0.01  0.01  0.01  0.02  0.01  0.15  0.21  0.16  0.0   0.0   0.01  
221   D     0.05  0.0   0.0   0.17  0.0   0.0   0.13  0.06  0.0   0.0   0.07  0.01  0.0   0.0   0.03  0.01  0.2   0.0   0.0   0.24  
222   D     0.01  0.0   0.05  0.46  0.0   0.0   0.08  0.04  0.09  0.0   0.01  0.06  0.06  0.0   0.12  0.01  0.01  0.0   0.0   0.01  
223   I     0.01  0.01  0.07  0.01  0.0   0.0   0.01  0.01  0.0   0.07  0.42  0.01  0.0   0.0   0.01  0.17  0.01  0.0   0.0   0.2   
224   W     0.01  0.09  0.0   0.01  0.0   0.0   0.01  0.01  0.06  0.01  0.01  0.01  0.0   0.0   0.01  0.01  0.25  0.5   0.0   0.01  
225   E     0.02  0.01  0.11  0.01  0.0   0.01  0.66  0.02  0.01  0.01  0.02  0.01  0.01  0.01  0.01  0.02  0.01  0.0   0.01  0.02  
226   K     0.01  0.01  0.01  0.01  0.0   0.01  0.01  0.19  0.0   0.01  0.41  0.09  0.0   0.01  0.09  0.01  0.01  0.0   0.13  0.01  
227   W     0.01  0.01  0.01  0.01  0.0   0.01  0.11  0.01  0.0   0.01  0.01  0.1   0.0   0.01  0.01  0.01  0.01  0.37  0.31  0.01  
228   E     0.01  0.11  0.01  0.01  0.0   0.01  0.29  0.01  0.0   0.11  0.01  0.01  0.0   0.14  0.01  0.01  0.14  0.0   0.01  0.1   
229   P     0.01  0.3   0.01  0.01  0.0   0.01  0.35  0.01  0.0   0.01  0.02  0.01  0.0   0.01  0.2   0.01  0.01  0.0   0.01  0.01  
230   F     0.01  0.01  0.01  0.01  0.0   0.01  0.01  0.01  0.0   0.12  0.02  0.01  0.0   0.1   0.01  0.01  0.11  0.0   0.37  0.16  
231   L     0.17  0.0   0.0   0.0   0.0   0.0   0.0   0.0   0.0   0.0   0.59  0.0   0.0   0.0   0.0   0.0   0.0   0.0   0.0   0.24  
232   R     0.0   0.22  0.0   0.0   0.0   0.0   0.12  0.0   0.0   0.12  0.17  0.0   0.0   0.0   0.0   0.0   0.0   0.0   0.37  0.0   
233   T     0.24  0.0   0.0   0.0   0.0   0.17  0.0   0.0   0.0   0.0   0.0   0.0   0.0   0.0   0.0   0.2   0.22  0.0   0.0   0.17  
234   I     0.0   0.41  0.0   0.0   0.0   0.0   0.0   0.0   0.0   0.42  0.17  0.0   0.0   0.0   0.0   0.0   0.0   0.0   0.0   0.0   
235   A     0.42  0.0   0.0   0.0   0.0   0.0   0.24  0.17  0.0   0.0   0.0   0.0   0.0   0.17  0.0   0.0   0.0   0.0   0.0   0.0   
236   M     0.1   0.0   0.0   0.0   0.0   0.0   0.0   0.1   0.0   0.0   0.11  0.24  0.11  0.0   0.0   0.17  0.0   0.0   0.0   0.17  
237   F     0.0   0.17  0.2   0.0   0.0   0.17  0.0   0.0   0.0   0.0   0.12  0.0   0.12  0.11  0.0   0.0   0.0   0.0   0.11  0.0   
238   Y     0.17  0.0   0.0   0.0   0.0   0.0   0.0   0.0   0.0   0.0   0.0   0.0   0.0   0.32  0.0   0.0   0.0   0.0   0.52  0.0   
239   G     0.0   0.0   0.0   0.0   0.0   0.0   0.0   0.66  0.0   0.0   0.0   0.17  0.17  0.0   0.0   0.0   0.0   0.0   0.0   0.0   
240   E     0.0   0.34  0.0   0.0   0.0   0.0   0.11  0.0   0.0   0.0   0.0   0.35  0.0   0.0   0.0   0.2   0.0   0.0   0.0   0.0   
241   K     0.0   0.0   0.17  0.0   0.0   0.0   0.44  0.0   0.0   0.17  0.0   0.11  0.11  0.0   0.0   0.0   0.0   0.0   0.0   0.0   
242   I     0.12  0.0   0.17  0.0   0.0   0.0   0.0   0.0   0.0   0.11  0.0   0.0   0.2   0.0   0.0   0.11  0.0   0.0   0.0   0.28  
243   G     0.0   0.0   0.0   0.0   0.0   0.0   0.0   0.83  0.0   0.0   0.0   0.0   0.0   0.0   0.0   0.17  0.0   0.0   0.0   0.0   
244   V     0.0   0.0   0.0   0.0   0.0   0.0   0.0   0.0   0.11  0.17  0.17  0.0   0.0   0.0   0.0   0.0   0.0   0.0   0.0   0.55  
245   R     0.0   0.39  0.0   0.0   0.0   0.0   0.32  0.0   0.0   0.0   0.12  0.0   0.0   0.0   0.0   0.0   0.17  0.0   0.0   0.0   
246   Y     0.0   0.0   0.0   0.0   0.0   0.0   0.0   0.0   0.0   0.0   0.0   0.0   0.0   0.17  0.0   0.17  0.0   0.0   0.66  0.0   
247   G     0.81  0.0   0.0   0.0   0.0   0.0   0.0   0.19  0.0   0.0   0.0   0.0   0.0   0.0   0.0   0.0   0.0   0.0   0.0   0.0   
248   E     0.0   0.27  0.0   0.0   0.0   0.0   0.73  0.0   0.0   0.0   0.0   0.0   0.0   0.0   0.0   0.0   0.0   0.0   0.0   0.0   
249   G     0.0   0.0   0.27  0.0   0.0   0.0   0.0   0.73  0.0   0.0   0.0   0.0   0.0   0.0   0.0   0.0   0.0   0.0   0.0   0.0   
250   F     0.0   0.0   0.0   0.0   0.0   0.0   0.0   0.0   0.0   0.44  0.0   0.0   0.0   0.56  0.0   0.0   0.0   0.0   0.0   0.0   
251   R     0.0   0.43  0.0   0.0   0.0   0.0   0.0   0.0   0.0   0.0   0.0   0.0   0.27  0.0   0.0   0.0   0.0   0.0   0.0   0.3   
252   I     0.0   0.0   0.0   0.0   0.0   0.0   0.0   0.0   0.0   0.22  0.0   0.0   0.0   0.21  0.0   0.27  0.0   0.0   0.3   0.0   
253   M     0.3   0.0   0.0   0.0   0.0   0.0   0.0   0.0   0.0   0.0   0.0   0.27  0.22  0.0   0.0   0.0   0.0   0.0   0.0   0.21  
254   P     0.0   0.0   0.0   0.0   0.0   0.0   0.3   0.0   0.0   0.0   0.0   0.27  0.0   0.0   0.43  0.0   0.0   0.0   0.0   0.0   
255   G     0.0   0.0   0.0   0.0   0.0   0.0   0.0   0.73  0.0   0.0   0.0   0.0   0.0   0.0   0.27  0.0   0.0   0.0   0.0   0.0   
256   L     0.0   0.0   0.0   0.0   0.0   0.0   0.0   0.0   0.0   0.21  0.52  0.0   0.0   0.0   0.0   0.0   0.0   0.0   0.0   0.27  
257   F     0.0   0.0   0.0   0.0   0.0   0.0   0.0   0.0   0.0   0.0   0.39  0.0   0.0   0.61  0.0   0.0   0.0   0.0   0.0   0.0   
258   Y     0.0   0.0   0.0   0.0   0.0   0.0   0.0   0.0   0.0   0.0   0.69  0.0   0.0   0.0   0.0   0.0   0.0   0.0   0.31  0.0   
259   H     0.0   0.0   0.0   0.0   0.0   0.0   0.0   0.0   1.0   0.0   0.0   0.0   0.0   0.0   0.0   0.0   0.0   0.0   0.0   0.0   
260   I     0.0   0.0   0.0   0.0   0.0   0.0   0.0   0.0   0.0   1.0   0.0   0.0   0.0   0.0   0.0   0.0   0.0   0.0   0.0   0.0   
261   T     0.0   0.0   0.0   0.0   0.5   0.0   0.0   0.0   0.0   0.0   0.0   0.0   0.0   0.0   0.0   0.0   0.5   0.0   0.0   0.0   
262   P     0.0   0.0   0.0   0.0   0.0   0.0   0.0   0.0   0.0   0.0   0.0   0.0   0.0   0.0   1.0   0.0   0.0   0.0   0.0   0.0   
263   F     0.0   0.0   0.0   0.0   0.0   0.0   0.0   0.0   0.0   0.0   0.0   0.0   0.0   1.0   0.0   0.0   0.0   0.0   0.0   0.0   
264   T     0.5   0.0   0.0   0.0   0.0   0.0   0.0   0.0   0.0   0.0   0.0   0.0   0.0   0.0   0.0   0.0   0.5   0.0   0.0   0.0   
265   D     0.0   0.0   0.0   0.5   0.0   0.0   0.0   0.0   0.5   0.0   0.0   0.0   0.0   0.0   0.0   0.0   0.0   0.0   0.0   0.0   
266   L     0.0   0.0   0.0   0.0   0.0   0.0   0.0   0.0   0.0   0.0   0.5   0.0   0.0   0.0   0.0   0.0   0.0   0.0   0.0   0.5   
267   I     0.0   0.0   0.0   0.0   0.0   0.0   0.0   0.0   0.0   1.0   0.0   0.0   0.0   0.0   0.0   0.0   0.0   0.0   0.0   0.0   
