             A     R     N     D     C     Q     E     G     H     I     L     K     M     F     P     S     T     W     Y     V
1     A     0.2   0.0   0.0   0.0   0.0   0.0   0.0   0.35  0.0   0.0   0.0   0.0   0.0   0.0   0.0   0.4   0.05  0.0   0.0   0.0   
2     N     0.04  0.0   0.24  0.36  0.0   0.06  0.13  0.03  0.0   0.0   0.0   0.03  0.0   0.0   0.0   0.11  0.0   0.0   0.0   0.0   
3     A     0.16  0.0   0.02  0.15  0.0   0.1   0.19  0.07  0.0   0.03  0.0   0.19  0.0   0.0   0.0   0.09  0.0   0.0   0.0   0.0   
4     P     0.02  0.33  0.0   0.0   0.0   0.0   0.07  0.0   0.0   0.02  0.1   0.03  0.01  0.03  0.07  0.03  0.04  0.11  0.13  0.01  
5     V     0.0   0.0   0.0   0.0   0.0   0.0   0.0   0.0   0.0   0.27  0.15  0.0   0.0   0.0   0.0   0.0   0.0   0.0   0.0   0.58  
6     H     0.0   0.1   0.06  0.0   0.0   0.02  0.06  0.0   0.05  0.08  0.02  0.17  0.0   0.0   0.02  0.05  0.17  0.0   0.03  0.16  
7     I     0.0   0.0   0.0   0.0   0.0   0.0   0.0   0.0   0.0   0.33  0.53  0.0   0.0   0.03  0.0   0.0   0.0   0.0   0.0   0.11  
8     D     0.0   0.0   0.8   0.06  0.0   0.0   0.0   0.0   0.0   0.05  0.02  0.0   0.0   0.03  0.0   0.0   0.0   0.0   0.04  0.0   
9     V     0.0   0.0   0.0   0.0   0.0   0.0   0.0   0.0   0.0   0.12  0.0   0.0   0.0   0.0   0.0   0.0   0.0   0.0   0.0   0.88  
10    G     0.03  0.0   0.0   0.04  0.0   0.0   0.02  0.81  0.0   0.0   0.0   0.0   0.0   0.0   0.0   0.1   0.0   0.0   0.0   0.0   
11    G     0.0   0.0   0.04  0.0   0.0   0.0   0.0   0.92  0.0   0.0   0.0   0.0   0.0   0.0   0.0   0.04  0.0   0.0   0.0   0.0   
12    H     0.04  0.07  0.0   0.0   0.05  0.1   0.06  0.0   0.11  0.03  0.12  0.1   0.02  0.05  0.0   0.05  0.14  0.0   0.01  0.07  
13    M     0.02  0.38  0.01  0.0   0.0   0.0   0.0   0.0   0.01  0.11  0.09  0.08  0.06  0.01  0.0   0.03  0.0   0.04  0.09  0.06  
14    Y     0.0   0.03  0.0   0.0   0.0   0.03  0.0   0.0   0.13  0.0   0.0   0.0   0.0   0.44  0.0   0.0   0.0   0.0   0.35  0.02  
15    T     0.05  0.05  0.0   0.0   0.01  0.05  0.22  0.0   0.0   0.03  0.05  0.03  0.03  0.01  0.03  0.07  0.13  0.0   0.11  0.12  
16    S     0.02  0.0   0.0   0.0   0.0   0.0   0.0   0.0   0.0   0.0   0.21  0.0   0.0   0.0   0.0   0.03  0.58  0.0   0.0   0.16  
17    S     0.01  0.16  0.03  0.07  0.0   0.12  0.05  0.0   0.0   0.0   0.05  0.02  0.0   0.01  0.03  0.12  0.22  0.03  0.07  0.0   
18    L     0.06  0.25  0.0   0.0   0.01  0.04  0.01  0.02  0.03  0.03  0.17  0.11  0.02  0.01  0.04  0.04  0.0   0.08  0.01  0.08  
19    A     0.08  0.1   0.01  0.09  0.05  0.18  0.07  0.02  0.01  0.0   0.0   0.12  0.0   0.0   0.0   0.19  0.07  0.0   0.0   0.0   
20    T     0.06  0.0   0.0   0.0   0.0   0.0   0.03  0.0   0.0   0.04  0.05  0.0   0.0   0.04  0.0   0.02  0.73  0.0   0.0   0.02  
21    L     0.0   0.0   0.0   0.0   0.0   0.0   0.0   0.0   0.0   0.06  0.88  0.0   0.0   0.04  0.0   0.0   0.0   0.0   0.0   0.02  
22    T     0.11  0.09  0.01  0.05  0.08  0.02  0.03  0.03  0.0   0.03  0.05  0.09  0.09  0.0   0.0   0.13  0.14  0.0   0.0   0.04  
23    K     0.04  0.3   0.04  0.03  0.02  0.12  0.05  0.02  0.0   0.0   0.02  0.17  0.0   0.0   0.0   0.13  0.04  0.02  0.0   0.0   
24    Y     0.04  0.03  0.04  0.02  0.04  0.02  0.05  0.0   0.05  0.06  0.1   0.0   0.0   0.28  0.0   0.0   0.0   0.0   0.19  0.08  
25    P     0.0   0.0   0.03  0.0   0.0   0.03  0.05  0.07  0.0   0.0   0.04  0.05  0.0   0.0   0.69  0.03  0.0   0.0   0.0   0.0   
26    E     0.04  0.02  0.05  0.36  0.0   0.0   0.14  0.1   0.04  0.0   0.12  0.07  0.0   0.0   0.0   0.04  0.01  0.0   0.0   0.0   
27    S     0.05  0.03  0.0   0.0   0.0   0.0   0.0   0.04  0.0   0.0   0.01  0.0   0.0   0.0   0.0   0.34  0.46  0.0   0.04  0.0   
28    R     0.05  0.31  0.0   0.0   0.0   0.0   0.0   0.0   0.0   0.0   0.22  0.02  0.11  0.17  0.0   0.0   0.02  0.0   0.06  0.0   
29    I     0.0   0.0   0.0   0.0   0.0   0.0   0.0   0.0   0.0   0.08  0.68  0.0   0.0   0.13  0.0   0.0   0.0   0.0   0.0   0.06  
30    G     0.19  0.03  0.02  0.01  0.03  0.0   0.07  0.37  0.0   0.01  0.01  0.03  0.01  0.0   0.01  0.12  0.03  0.02  0.02  0.01  
31    R     0.16  0.28  0.0   0.1   0.0   0.03  0.05  0.06  0.02  0.01  0.03  0.15  0.0   0.0   0.01  0.07  0.01  0.03  0.0   0.01  
32    L     0.01  0.0   0.0   0.0   0.0   0.0   0.01  0.01  0.0   0.05  0.51  0.0   0.2   0.03  0.08  0.01  0.0   0.0   0.0   0.07  
33    F     0.1   0.07  0.01  0.01  0.13  0.02  0.03  0.01  0.03  0.02  0.15  0.01  0.0   0.31  0.01  0.02  0.03  0.0   0.0   0.04  
34    D     0.03  0.09  0.09  0.19  0.03  0.03  0.06  0.08  0.01  0.0   0.01  0.06  0.0   0.0   0.03  0.2   0.09  0.0   0.0   0.0   
35    G     0.09  0.03  0.11  0.01  0.08  0.04  0.05  0.24  0.0   0.0   0.03  0.02  0.0   0.0   0.08  0.13  0.04  0.0   0.0   0.04  
36    T     0.03  0.18  0.07  0.06  0.0   0.05  0.1   0.02  0.03  0.03  0.07  0.07  0.0   0.02  0.04  0.04  0.11  0.0   0.07  0.02  
37    E     0.06  0.08  0.1   0.09  0.02  0.06  0.1   0.02  0.03  0.03  0.01  0.05  0.04  0.03  0.02  0.09  0.09  0.08  0.0   0.01  
38    P     0.03  0.15  0.05  0.06  0.0   0.05  0.18  0.06  0.06  0.0   0.04  0.11  0.02  0.0   0.13  0.03  0.0   0.0   0.03  0.01  
39    I     0.03  0.06  0.06  0.01  0.01  0.04  0.07  0.05  0.01  0.1   0.15  0.01  0.07  0.04  0.04  0.02  0.1   0.0   0.0   0.11  
40    V     0.07  0.01  0.0   0.06  0.03  0.03  0.08  0.01  0.03  0.02  0.1   0.06  0.01  0.11  0.06  0.07  0.03  0.0   0.12  0.08  
41    L     0.04  0.07  0.01  0.03  0.0   0.03  0.0   0.01  0.0   0.04  0.14  0.01  0.0   0.15  0.06  0.02  0.14  0.04  0.22  0.0   
42    D     0.0   0.06  0.06  0.64  0.0   0.0   0.04  0.0   0.01  0.05  0.01  0.03  0.0   0.0   0.0   0.05  0.0   0.0   0.0   0.02  
43    S     0.11  0.05  0.0   0.05  0.0   0.0   0.09  0.02  0.05  0.0   0.06  0.02  0.02  0.0   0.24  0.2   0.03  0.0   0.01  0.05  
44    L     0.06  0.03  0.05  0.15  0.0   0.04  0.11  0.07  0.0   0.05  0.12  0.05  0.02  0.01  0.02  0.08  0.02  0.0   0.04  0.07  
45    K     0.05  0.13  0.01  0.1   0.03  0.04  0.1   0.09  0.0   0.0   0.02  0.22  0.0   0.0   0.02  0.06  0.08  0.0   0.06  0.0   
46    Q     0.01  0.05  0.18  0.09  0.0   0.12  0.0   0.41  0.0   0.0   0.0   0.02  0.0   0.02  0.0   0.07  0.0   0.0   0.0   0.01  
47    H     0.09  0.1   0.03  0.02  0.0   0.03  0.41  0.0   0.06  0.02  0.0   0.0   0.0   0.03  0.01  0.06  0.04  0.07  0.03  0.0   
48    Y     0.0   0.0   0.0   0.0   0.03  0.0   0.0   0.0   0.0   0.11  0.08  0.0   0.0   0.23  0.0   0.03  0.0   0.0   0.4   0.1   
49    F     0.0   0.0   0.0   0.02  0.0   0.0   0.03  0.0   0.0   0.0   0.18  0.0   0.0   0.63  0.0   0.0   0.0   0.0   0.06  0.08  
50    I     0.0   0.0   0.0   0.0   0.0   0.0   0.0   0.0   0.0   0.47  0.03  0.0   0.0   0.38  0.0   0.03  0.0   0.0   0.0   0.09  
51    D     0.05  0.0   0.0   0.89  0.0   0.0   0.03  0.0   0.02  0.0   0.0   0.0   0.0   0.0   0.0   0.0   0.0   0.0   0.02  0.0   
52    R     0.0   0.89  0.0   0.0   0.0   0.0   0.05  0.04  0.0   0.03  0.0   0.0   0.0   0.0   0.0   0.0   0.0   0.0   0.0   0.0   
53    D     0.0   0.0   0.14  0.47  0.08  0.0   0.0   0.03  0.12  0.0   0.0   0.0   0.0   0.0   0.04  0.13  0.0   0.0   0.0   0.0   
54    G     0.02  0.09  0.0   0.0   0.0   0.0   0.0   0.34  0.0   0.0   0.0   0.0   0.0   0.0   0.42  0.1   0.0   0.0   0.03  0.0   
55    Q     0.05  0.02  0.02  0.11  0.02  0.06  0.09  0.08  0.02  0.0   0.01  0.09  0.0   0.03  0.08  0.09  0.15  0.0   0.0   0.09  
56    M     0.16  0.0   0.0   0.0   0.03  0.0   0.0   0.0   0.09  0.04  0.25  0.0   0.08  0.01  0.0   0.09  0.0   0.0   0.07  0.18  
57    F     0.0   0.0   0.0   0.0   0.0   0.0   0.0   0.0   0.0   0.0   0.0   0.0   0.0   1.0   0.0   0.0   0.0   0.0   0.0   0.0   
58    R     0.13  0.34  0.0   0.11  0.0   0.02  0.02  0.15  0.03  0.0   0.01  0.05  0.0   0.0   0.03  0.1   0.02  0.0   0.0   0.0   
59    Y     0.1   0.0   0.0   0.02  0.04  0.01  0.0   0.02  0.11  0.03  0.03  0.06  0.01  0.04  0.09  0.06  0.08  0.0   0.2   0.1   
60    I     0.0   0.0   0.0   0.0   0.0   0.0   0.0   0.0   0.0   0.64  0.09  0.0   0.0   0.0   0.0   0.0   0.0   0.0   0.0   0.27  
61    L     0.0   0.0   0.0   0.0   0.0   0.0   0.0   0.0   0.0   0.03  0.85  0.0   0.03  0.0   0.0   0.0   0.0   0.0   0.05  0.04  
62    N     0.02  0.0   0.43  0.18  0.0   0.04  0.06  0.0   0.04  0.0   0.02  0.0   0.0   0.0   0.0   0.08  0.02  0.0   0.11  0.0   
63    F     0.0   0.0   0.0   0.0   0.0   0.0   0.0   0.0   0.0   0.04  0.06  0.0   0.0   0.46  0.0   0.0   0.0   0.02  0.4   0.03  
64    L     0.0   0.0   0.03  0.0   0.0   0.0   0.0   0.0   0.0   0.0   0.57  0.0   0.02  0.0   0.0   0.0   0.0   0.0   0.35  0.03  
65    R     0.02  0.66  0.0   0.0   0.0   0.12  0.0   0.0   0.03  0.0   0.04  0.05  0.0   0.0   0.0   0.0   0.04  0.0   0.04  0.0   
66    T     0.06  0.0   0.06  0.13  0.0   0.0   0.01  0.0   0.06  0.0   0.06  0.03  0.02  0.03  0.0   0.15  0.39  0.0   0.0   0.0   
67    S     0.0   0.01  0.0   0.03  0.01  0.01  0.0   0.76  0.03  0.0   0.01  0.03  0.0   0.0   0.0   0.11  0.0   0.0   0.0   0.0   
68    K     0.0   0.08  0.03  0.05  0.0   0.09  0.14  0.1   0.01  0.05  0.01  0.29  0.0   0.0   0.0   0.01  0.07  0.0   0.0   0.07  
69    L     0.0   0.07  0.0   0.0   0.02  0.0   0.0   0.0   0.0   0.12  0.6   0.02  0.0   0.02  0.0   0.0   0.0   0.0   0.0   0.11  
70    L     0.02  0.08  0.06  0.05  0.0   0.0   0.0   0.0   0.21  0.05  0.14  0.0   0.0   0.04  0.12  0.03  0.08  0.0   0.03  0.07  
71    I     0.04  0.08  0.0   0.0   0.09  0.04  0.0   0.01  0.0   0.07  0.37  0.02  0.05  0.02  0.02  0.02  0.0   0.0   0.04  0.13  
72    P     0.02  0.16  0.05  0.01  0.0   0.0   0.0   0.0   0.0   0.0   0.1   0.03  0.08  0.0   0.5   0.0   0.02  0.0   0.0   0.01  
73    D     0.06  0.08  0.0   0.18  0.0   0.05  0.13  0.01  0.0   0.0   0.01  0.1   0.0   0.0   0.12  0.12  0.1   0.0   0.02  0.01  
74    D     0.03  0.08  0.13  0.18  0.0   0.02  0.22  0.16  0.05  0.0   0.0   0.0   0.0   0.0   0.0   0.06  0.0   0.0   0.02  0.05  
75    F     0.04  0.04  0.07  0.0   0.0   0.0   0.06  0.0   0.01  0.18  0.17  0.0   0.11  0.16  0.02  0.0   0.03  0.0   0.02  0.09  
76    K     0.03  0.06  0.01  0.03  0.29  0.07  0.03  0.02  0.02  0.0   0.0   0.07  0.0   0.05  0.08  0.12  0.01  0.0   0.01  0.1   
77    D     0.1   0.0   0.0   0.1   0.0   0.02  0.31  0.08  0.02  0.0   0.05  0.0   0.0   0.0   0.16  0.04  0.05  0.0   0.0   0.05  
78    Y     0.01  0.08  0.01  0.0   0.02  0.0   0.04  0.01  0.02  0.18  0.27  0.03  0.02  0.08  0.0   0.01  0.04  0.04  0.08  0.06  
79    T     0.03  0.03  0.08  0.14  0.0   0.04  0.06  0.08  0.01  0.01  0.03  0.03  0.02  0.0   0.14  0.2   0.05  0.0   0.0   0.03  
80    L     0.09  0.12  0.02  0.03  0.03  0.0   0.18  0.01  0.0   0.09  0.21  0.01  0.01  0.06  0.01  0.03  0.01  0.0   0.0   0.09  
81    L     0.0   0.0   0.0   0.0   0.0   0.0   0.0   0.0   0.0   0.07  0.48  0.0   0.0   0.35  0.0   0.0   0.0   0.0   0.03  0.07  
82    Y     0.04  0.11  0.0   0.04  0.05  0.1   0.07  0.03  0.06  0.06  0.12  0.08  0.05  0.0   0.01  0.08  0.01  0.0   0.09  0.02  
83    E     0.08  0.17  0.04  0.1   0.0   0.14  0.34  0.01  0.01  0.0   0.0   0.07  0.0   0.0   0.0   0.03  0.0   0.0   0.0   0.0   
84    E     0.04  0.0   0.0   0.01  0.0   0.0   0.94  0.0   0.0   0.0   0.0   0.0   0.0   0.0   0.0   0.0   0.0   0.0   0.0   0.0   
85    A     0.43  0.0   0.0   0.0   0.04  0.0   0.0   0.0   0.0   0.09  0.28  0.0   0.06  0.0   0.0   0.03  0.0   0.0   0.0   0.07  
86    K     0.07  0.1   0.0   0.19  0.03  0.1   0.24  0.02  0.0   0.02  0.04  0.08  0.03  0.0   0.0   0.04  0.03  0.0   0.0   0.03  
87    Y     0.0   0.0   0.0   0.0   0.0   0.0   0.04  0.0   0.0   0.0   0.0   0.0   0.0   0.48  0.0   0.0   0.0   0.0   0.48  0.0   
88    F     0.0   0.0   0.0   0.0   0.0   0.0   0.0   0.0   0.0   0.0   0.0   0.0   0.0   0.14  0.0   0.0   0.0   0.27  0.59  0.0   
89    Q     0.02  0.04  0.06  0.0   0.0   0.17  0.11  0.44  0.04  0.0   0.06  0.05  0.0   0.0   0.0   0.01  0.0   0.0   0.0   0.0   
90    L     0.0   0.0   0.0   0.0   0.0   0.0   0.0   0.0   0.0   0.5   0.36  0.0   0.02  0.0   0.0   0.0   0.0   0.0   0.0   0.13  
91    Q     0.03  0.08  0.03  0.18  0.0   0.1   0.13  0.17  0.01  0.03  0.03  0.03  0.01  0.0   0.07  0.01  0.07  0.0   0.0   0.01  
92    P     0.04  0.02  0.03  0.1   0.0   0.0   0.24  0.12  0.0   0.0   0.0   0.05  0.0   0.0   0.26  0.15  0.0   0.0   0.0   0.0   
93    M     0.06  0.0   0.03  0.05  0.0   0.0   0.08  0.0   0.0   0.02  0.5   0.0   0.04  0.08  0.0   0.01  0.05  0.0   0.08  0.0   
94    L     0.09  0.04  0.01  0.05  0.0   0.01  0.0   0.0   0.05  0.1   0.22  0.0   0.0   0.06  0.0   0.09  0.0   0.0   0.04  0.21  
95    L     0.06  0.08  0.03  0.12  0.0   0.02  0.19  0.0   0.0   0.15  0.17  0.07  0.03  0.0   0.0   0.01  0.01  0.0   0.0   0.06  
96    E     0.15  0.04  0.02  0.16  0.0   0.01  0.25  0.04  0.04  0.01  0.14  0.04  0.06  0.0   0.0   0.03  0.0   0.0   0.0   0.0   
97    M     0.05  0.03  0.0   0.04  0.18  0.03  0.0   0.01  0.0   0.06  0.35  0.0   0.07  0.0   0.06  0.08  0.0   0.0   0.0   0.04  
98    E     0.02  0.03  0.01  0.0   0.32  0.15  0.24  0.0   0.0   0.0   0.02  0.14  0.0   0.04  0.0   0.02  0.0   0.0   0.0   0.0   
99    R     0.06  0.2   0.0   0.02  0.24  0.02  0.07  0.02  0.14  0.01  0.03  0.06  0.0   0.0   0.02  0.09  0.0   0.0   0.0   0.02  
100   W     0.14  0.08  0.0   0.0   0.0   0.0   0.05  0.0   0.0   0.0   0.13  0.11  0.0   0.1   0.0   0.0   0.03  0.19  0.16  0.0   
101   K     0.0   0.1   0.0   0.05  0.0   0.06  0.15  0.0   0.05  0.08  0.28  0.08  0.09  0.0   0.0   0.04  0.03  0.0   0.0   0.0   
102   Q     0.04  0.06  0.0   0.05  0.0   0.41  0.29  0.0   0.0   0.0   0.0   0.08  0.0   0.0   0.0   0.0   0.07  0.0   0.0   0.0   
103   D     0.0   0.07  0.04  0.3   0.0   0.05  0.14  0.0   0.0   0.0   0.0   0.13  0.0   0.0   0.07  0.04  0.0   0.0   0.17  0.0   
104   R     0.0   0.41  0.04  0.0   0.0   0.05  0.0   0.0   0.0   0.0   0.0   0.44  0.0   0.0   0.0   0.03  0.02  0.0   0.0   0.0   
105   E     0.0   0.08  0.0   0.16  0.0   0.15  0.52  0.0   0.0   0.0   0.0   0.08  0.0   0.0   0.0   0.0   0.0   0.0   0.0   0.0   
