             A     R     N     D     C     Q     E     G     H     I     L     K     M     F     P     S     T     W     Y     V
1     V     0.0   0.0   0.0   0.0   0.0   0.0   0.0   0.0   0.0   0.11  0.03  0.0   0.0   0.0   0.0   0.0   0.0   0.0   0.0   0.86  
2     P     0.02  0.0   0.0   0.0   0.0   0.01  0.01  0.02  0.0   0.01  0.02  0.0   0.0   0.01  0.88  0.0   0.0   0.0   0.01  0.0   
3     T     0.19  0.03  0.01  0.05  0.02  0.02  0.07  0.1   0.0   0.05  0.03  0.02  0.04  0.02  0.01  0.03  0.26  0.0   0.0   0.04  
4     P     0.04  0.01  0.21  0.02  0.0   0.02  0.01  0.02  0.0   0.0   0.01  0.01  0.0   0.0   0.13  0.06  0.36  0.0   0.07  0.02  
5     K     0.06  0.23  0.01  0.01  0.0   0.11  0.24  0.01  0.0   0.0   0.01  0.1   0.0   0.0   0.03  0.04  0.13  0.0   0.01  0.0   
6     P     0.15  0.08  0.03  0.02  0.0   0.04  0.07  0.02  0.01  0.03  0.11  0.19  0.02  0.0   0.06  0.06  0.04  0.0   0.01  0.06  
7     V     0.02  0.02  0.0   0.01  0.01  0.02  0.03  0.0   0.01  0.11  0.31  0.01  0.25  0.04  0.01  0.01  0.01  0.0   0.02  0.1   
8     V     0.06  0.0   0.01  0.0   0.05  0.01  0.02  0.01  0.0   0.24  0.11  0.01  0.02  0.01  0.01  0.01  0.05  0.0   0.08  0.3   
9     D     0.14  0.11  0.05  0.15  0.01  0.05  0.15  0.06  0.01  0.01  0.05  0.05  0.0   0.0   0.0   0.1   0.02  0.0   0.01  0.02  
10    R     0.06  0.31  0.02  0.03  0.01  0.1   0.12  0.02  0.03  0.02  0.04  0.07  0.03  0.0   0.0   0.02  0.05  0.03  0.02  0.02  
11    X     0.21  0.02  0.02  0.02  0.02  0.01  0.03  0.01  0.01  0.16  0.12  0.02  0.11  0.04  0.0   0.01  0.02  0.04  0.01  0.09  
12    L     0.04  0.01  0.0   0.0   0.03  0.01  0.01  0.03  0.0   0.15  0.44  0.01  0.05  0.01  0.01  0.01  0.03  0.0   0.01  0.16  
13    E     0.06  0.1   0.03  0.16  0.0   0.08  0.25  0.02  0.01  0.01  0.01  0.11  0.02  0.0   0.01  0.09  0.02  0.0   0.0   0.01  
14    L     0.1   0.05  0.03  0.01  0.02  0.01  0.02  0.01  0.03  0.04  0.26  0.03  0.05  0.05  0.01  0.03  0.03  0.14  0.03  0.05  
15    A     0.31  0.0   0.01  0.01  0.01  0.01  0.01  0.02  0.01  0.06  0.32  0.02  0.03  0.01  0.01  0.06  0.03  0.0   0.01  0.05  
16    D     0.06  0.06  0.1   0.23  0.0   0.05  0.12  0.15  0.01  0.0   0.01  0.06  0.0   0.0   0.05  0.05  0.02  0.0   0.01  0.01  
17    V     0.06  0.01  0.02  0.01  0.01  0.01  0.03  0.02  0.01  0.11  0.29  0.01  0.02  0.02  0.1   0.04  0.02  0.01  0.01  0.21  
18    D     0.04  0.14  0.04  0.05  0.01  0.13  0.05  0.04  0.03  0.01  0.04  0.18  0.01  0.02  0.03  0.11  0.07  0.0   0.0   0.02  
19    E     0.08  0.06  0.03  0.04  0.0   0.06  0.17  0.06  0.01  0.01  0.01  0.11  0.02  0.0   0.26  0.05  0.02  0.0   0.0   0.01  
20    T     0.05  0.01  0.07  0.13  0.01  0.03  0.04  0.42  0.02  0.0   0.01  0.04  0.0   0.01  0.07  0.04  0.03  0.0   0.0   0.02  
21    D     0.05  0.05  0.02  0.2   0.01  0.05  0.14  0.05  0.02  0.0   0.02  0.16  0.04  0.0   0.03  0.08  0.04  0.01  0.01  0.02  
22    V     0.02  0.25  0.03  0.02  0.01  0.03  0.02  0.0   0.06  0.05  0.06  0.14  0.0   0.01  0.01  0.05  0.13  0.0   0.01  0.09  
23    L     0.03  0.0   0.0   0.0   0.01  0.0   0.0   0.01  0.0   0.19  0.12  0.0   0.03  0.03  0.0   0.0   0.0   0.04  0.01  0.52  
24    Y     0.06  0.0   0.0   0.0   0.02  0.0   0.0   0.0   0.0   0.08  0.61  0.01  0.01  0.02  0.0   0.0   0.01  0.01  0.05  0.1   
25    D     0.0   0.0   0.03  0.76  0.0   0.0   0.18  0.0   0.0   0.01  0.01  0.0   0.0   0.0   0.01  0.01  0.0   0.0   0.0   0.0   
26    L     0.05  0.0   0.0   0.0   0.02  0.0   0.0   0.0   0.0   0.23  0.3   0.0   0.03  0.03  0.03  0.0   0.01  0.0   0.02  0.26  
27    G     0.05  0.01  0.0   0.0   0.05  0.0   0.0   0.68  0.0   0.0   0.0   0.02  0.01  0.11  0.0   0.0   0.01  0.0   0.06  0.0   
28    S     0.08  0.0   0.0   0.0   0.48  0.0   0.0   0.06  0.0   0.0   0.01  0.0   0.01  0.01  0.04  0.13  0.17  0.0   0.0   0.02  
29    G     0.01  0.0   0.01  0.0   0.01  0.0   0.03  0.88  0.0   0.0   0.0   0.0   0.0   0.0   0.0   0.04  0.0   0.0   0.02  0.0   
30    D     0.08  0.01  0.05  0.02  0.01  0.01  0.01  0.05  0.01  0.07  0.07  0.01  0.01  0.0   0.02  0.26  0.24  0.01  0.01  0.06  
31    G     0.03  0.01  0.01  0.0   0.0   0.01  0.0   0.92  0.0   0.0   0.0   0.0   0.0   0.0   0.01  0.01  0.0   0.0   0.0   0.0   
32    R     0.1   0.02  0.09  0.07  0.03  0.01  0.01  0.09  0.01  0.16  0.07  0.0   0.0   0.01  0.02  0.04  0.09  0.01  0.05  0.12  
33    I     0.04  0.01  0.02  0.01  0.01  0.03  0.0   0.01  0.02  0.15  0.38  0.01  0.02  0.14  0.03  0.03  0.04  0.01  0.01  0.04  
34    V     0.3   0.0   0.0   0.01  0.02  0.01  0.0   0.1   0.0   0.0   0.05  0.0   0.01  0.0   0.01  0.24  0.21  0.0   0.0   0.03  
35    I     0.08  0.08  0.0   0.01  0.01  0.01  0.06  0.0   0.0   0.25  0.29  0.01  0.03  0.05  0.0   0.01  0.01  0.0   0.01  0.08  
36    R     0.26  0.06  0.0   0.01  0.01  0.02  0.06  0.02  0.02  0.02  0.06  0.03  0.06  0.05  0.12  0.07  0.03  0.01  0.04  0.05  
37    A     0.26  0.0   0.0   0.0   0.04  0.0   0.01  0.02  0.0   0.09  0.31  0.0   0.1   0.05  0.0   0.03  0.01  0.01  0.01  0.06  
38    A     0.58  0.03  0.0   0.01  0.02  0.01  0.01  0.02  0.02  0.02  0.11  0.03  0.01  0.0   0.0   0.07  0.01  0.0   0.01  0.04  
39    R     0.03  0.21  0.03  0.01  0.0   0.12  0.07  0.02  0.03  0.01  0.06  0.28  0.03  0.01  0.01  0.04  0.02  0.0   0.01  0.01  
40    T     0.15  0.1   0.04  0.03  0.02  0.02  0.04  0.03  0.03  0.03  0.22  0.08  0.02  0.03  0.02  0.04  0.04  0.01  0.01  0.02  
41    H     0.05  0.09  0.05  0.01  0.01  0.04  0.03  0.25  0.02  0.02  0.02  0.03  0.01  0.07  0.05  0.05  0.03  0.01  0.07  0.1   
42    G     0.31  0.02  0.04  0.08  0.01  0.02  0.02  0.24  0.01  0.01  0.02  0.02  0.0   0.01  0.12  0.04  0.02  0.0   0.0   0.03  
43    A     0.2   0.08  0.01  0.04  0.07  0.02  0.08  0.09  0.02  0.03  0.02  0.15  0.01  0.02  0.01  0.06  0.02  0.01  0.01  0.04  
44    R     0.04  0.13  0.05  0.04  0.01  0.09  0.09  0.01  0.1   0.02  0.04  0.12  0.01  0.02  0.03  0.09  0.05  0.01  0.01  0.03  
45    G     0.05  0.0   0.01  0.01  0.02  0.0   0.01  0.02  0.0   0.12  0.04  0.0   0.01  0.02  0.01  0.02  0.02  0.01  0.01  0.61  
46    V     0.01  0.02  0.0   0.02  0.01  0.01  0.02  0.0   0.03  0.15  0.12  0.01  0.02  0.03  0.0   0.02  0.19  0.01  0.12  0.19  
47    G     0.35  0.0   0.01  0.01  0.02  0.01  0.01  0.4   0.01  0.01  0.04  0.0   0.01  0.02  0.01  0.05  0.05  0.0   0.0   0.02  
48    I     0.04  0.0   0.03  0.0   0.04  0.0   0.0   0.01  0.0   0.26  0.13  0.0   0.02  0.03  0.0   0.02  0.07  0.01  0.03  0.33  
49    E     0.0   0.0   0.02  0.58  0.01  0.0   0.32  0.0   0.0   0.0   0.01  0.0   0.0   0.02  0.0   0.01  0.03  0.0   0.0   0.0   
50    I     0.06  0.04  0.08  0.02  0.01  0.01  0.04  0.04  0.01  0.28  0.18  0.02  0.04  0.03  0.01  0.02  0.03  0.01  0.01  0.05  
51    D     0.04  0.01  0.15  0.25  0.0   0.01  0.02  0.02  0.01  0.05  0.04  0.01  0.01  0.01  0.01  0.31  0.02  0.0   0.01  0.03  
52    P     0.09  0.05  0.01  0.06  0.01  0.04  0.18  0.02  0.01  0.01  0.02  0.09  0.01  0.01  0.28  0.05  0.02  0.01  0.02  0.01  
53    D     0.08  0.05  0.04  0.09  0.0   0.08  0.14  0.06  0.02  0.04  0.04  0.05  0.04  0.02  0.05  0.08  0.05  0.02  0.03  0.04  
54    L     0.37  0.01  0.03  0.0   0.01  0.05  0.01  0.01  0.01  0.02  0.12  0.01  0.18  0.01  0.02  0.07  0.02  0.0   0.01  0.04  
55    V     0.08  0.0   0.01  0.0   0.01  0.02  0.01  0.01  0.01  0.19  0.26  0.01  0.01  0.01  0.01  0.02  0.02  0.0   0.02  0.29  
56    K     0.14  0.08  0.04  0.1   0.0   0.09  0.22  0.02  0.01  0.02  0.03  0.09  0.01  0.0   0.02  0.03  0.05  0.01  0.01  0.02  
57    K     0.14  0.1   0.02  0.03  0.02  0.07  0.03  0.02  0.01  0.06  0.07  0.02  0.03  0.04  0.01  0.08  0.05  0.03  0.05  0.15  
58    A     0.54  0.01  0.01  0.01  0.04  0.01  0.01  0.08  0.0   0.01  0.09  0.0   0.01  0.01  0.0   0.09  0.05  0.0   0.0   0.02  
59    R     0.04  0.34  0.05  0.01  0.01  0.11  0.05  0.01  0.01  0.02  0.05  0.18  0.01  0.0   0.01  0.03  0.03  0.01  0.01  0.02  
60    K     0.07  0.09  0.02  0.1   0.0   0.08  0.25  0.01  0.03  0.02  0.08  0.1   0.01  0.01  0.01  0.04  0.03  0.0   0.03  0.02  
61    N     0.02  0.11  0.47  0.0   0.0   0.01  0.01  0.01  0.09  0.04  0.02  0.05  0.02  0.01  0.0   0.02  0.05  0.0   0.03  0.02  
62    A     0.34  0.01  0.02  0.0   0.03  0.01  0.01  0.01  0.01  0.09  0.18  0.01  0.01  0.05  0.01  0.04  0.02  0.01  0.01  0.12  
63    K     0.16  0.11  0.02  0.04  0.0   0.08  0.18  0.02  0.01  0.02  0.07  0.15  0.01  0.01  0.01  0.05  0.03  0.02  0.01  0.02  
64    E     0.13  0.14  0.03  0.04  0.01  0.07  0.13  0.02  0.02  0.03  0.14  0.1   0.01  0.01  0.02  0.04  0.02  0.0   0.02  0.02  
65    A     0.09  0.02  0.39  0.02  0.01  0.04  0.04  0.01  0.03  0.01  0.08  0.04  0.01  0.03  0.01  0.08  0.02  0.0   0.05  0.01  
66    G     0.03  0.03  0.07  0.04  0.01  0.05  0.04  0.45  0.04  0.01  0.01  0.07  0.01  0.01  0.06  0.03  0.01  0.0   0.01  0.01  
67    V     0.05  0.01  0.01  0.02  0.02  0.01  0.01  0.02  0.01  0.11  0.32  0.01  0.03  0.06  0.02  0.03  0.01  0.04  0.04  0.2   
68    A     0.14  0.02  0.03  0.12  0.0   0.05  0.12  0.07  0.04  0.02  0.04  0.04  0.01  0.01  0.03  0.13  0.06  0.01  0.01  0.03  
69    D     0.04  0.02  0.18  0.25  0.01  0.02  0.11  0.1   0.04  0.02  0.02  0.03  0.0   0.01  0.04  0.05  0.04  0.0   0.01  0.02  
70    L     0.03  0.23  0.13  0.04  0.02  0.07  0.02  0.02  0.03  0.02  0.06  0.11  0.01  0.02  0.06  0.04  0.03  0.01  0.02  0.03  
71    V     0.06  0.01  0.01  0.0   0.02  0.01  0.01  0.01  0.0   0.24  0.13  0.01  0.02  0.04  0.01  0.01  0.04  0.0   0.02  0.34  
72    E     0.04  0.09  0.03  0.06  0.01  0.08  0.23  0.01  0.05  0.01  0.03  0.06  0.0   0.02  0.03  0.08  0.12  0.0   0.01  0.03  
73    F     0.03  0.0   0.01  0.01  0.01  0.0   0.01  0.01  0.01  0.12  0.15  0.01  0.01  0.27  0.01  0.01  0.02  0.02  0.06  0.23  
74    R     0.05  0.08  0.01  0.02  0.01  0.04  0.04  0.01  0.04  0.17  0.1   0.04  0.02  0.05  0.01  0.02  0.04  0.01  0.09  0.15  
75    Q     0.11  0.05  0.04  0.03  0.05  0.15  0.1   0.01  0.1   0.02  0.08  0.05  0.01  0.01  0.04  0.03  0.05  0.02  0.01  0.06  
76    G     0.2   0.02  0.04  0.03  0.02  0.04  0.06  0.34  0.01  0.01  0.03  0.03  0.02  0.0   0.03  0.08  0.02  0.0   0.0   0.02  
77    D     0.03  0.02  0.15  0.53  0.0   0.01  0.07  0.01  0.01  0.0   0.01  0.04  0.0   0.0   0.02  0.06  0.02  0.0   0.0   0.0   
78    L     0.16  0.01  0.01  0.02  0.02  0.02  0.01  0.06  0.01  0.12  0.22  0.02  0.02  0.06  0.01  0.04  0.01  0.02  0.02  0.13  
79    F     0.08  0.07  0.01  0.02  0.01  0.04  0.08  0.01  0.01  0.03  0.24  0.02  0.06  0.13  0.04  0.02  0.05  0.03  0.03  0.02  
80    E     0.07  0.03  0.02  0.18  0.0   0.05  0.22  0.01  0.02  0.01  0.02  0.13  0.0   0.02  0.08  0.07  0.04  0.0   0.01  0.01  
81    A     0.14  0.02  0.02  0.04  0.01  0.03  0.06  0.1   0.01  0.07  0.11  0.03  0.04  0.06  0.04  0.03  0.04  0.01  0.02  0.14  
82    D     0.05  0.01  0.02  0.2   0.01  0.03  0.09  0.03  0.02  0.07  0.08  0.02  0.01  0.01  0.15  0.05  0.04  0.01  0.01  0.09  
83    I     0.06  0.02  0.03  0.07  0.01  0.03  0.11  0.05  0.02  0.07  0.12  0.04  0.01  0.11  0.09  0.03  0.04  0.02  0.03  0.04  
84    S     0.08  0.05  0.05  0.04  0.01  0.06  0.13  0.18  0.01  0.02  0.02  0.05  0.01  0.01  0.12  0.11  0.06  0.0   0.0   0.02  
85    E     0.03  0.07  0.05  0.09  0.0   0.12  0.13  0.02  0.02  0.01  0.01  0.12  0.01  0.06  0.1   0.04  0.04  0.0   0.04  0.03  
86    A     0.23  0.02  0.02  0.1   0.02  0.02  0.01  0.03  0.01  0.01  0.02  0.04  0.01  0.21  0.02  0.04  0.01  0.0   0.13  0.06  
87    T     0.05  0.03  0.05  0.47  0.01  0.01  0.02  0.02  0.02  0.01  0.02  0.01  0.0   0.03  0.02  0.09  0.04  0.0   0.04  0.05  
88    V     0.06  0.02  0.02  0.08  0.01  0.0   0.0   0.02  0.01  0.15  0.16  0.03  0.04  0.06  0.01  0.01  0.03  0.0   0.02  0.27  
89    V     0.05  0.01  0.01  0.05  0.01  0.01  0.0   0.01  0.01  0.23  0.1   0.01  0.01  0.02  0.01  0.01  0.06  0.0   0.0   0.38  
90    T     0.07  0.01  0.02  0.02  0.01  0.0   0.01  0.01  0.01  0.21  0.06  0.01  0.02  0.03  0.0   0.03  0.08  0.01  0.01  0.39  
91    L     0.28  0.0   0.01  0.0   0.04  0.02  0.01  0.03  0.01  0.11  0.13  0.0   0.08  0.01  0.0   0.13  0.04  0.0   0.0   0.11  
92    Y     0.01  0.01  0.39  0.02  0.05  0.01  0.1   0.03  0.0   0.02  0.03  0.01  0.02  0.14  0.01  0.04  0.04  0.02  0.02  0.02  
93    L     0.08  0.01  0.08  0.02  0.03  0.0   0.01  0.11  0.02  0.27  0.14  0.01  0.06  0.01  0.03  0.02  0.01  0.01  0.01  0.07  
94    L     0.09  0.02  0.01  0.02  0.0   0.01  0.01  0.02  0.02  0.1   0.32  0.01  0.01  0.02  0.15  0.02  0.05  0.0   0.01  0.1   
95    P     0.25  0.1   0.02  0.03  0.0   0.01  0.14  0.01  0.0   0.01  0.02  0.01  0.01  0.02  0.23  0.04  0.03  0.0   0.05  0.02  
96    S     0.09  0.04  0.15  0.13  0.0   0.04  0.11  0.07  0.12  0.01  0.02  0.02  0.01  0.01  0.05  0.07  0.02  0.01  0.04  0.01  
97    V     0.06  0.01  0.01  0.04  0.0   0.02  0.03  0.02  0.01  0.11  0.05  0.03  0.04  0.02  0.17  0.03  0.03  0.01  0.02  0.28  
98    N     0.05  0.09  0.03  0.02  0.01  0.02  0.02  0.04  0.04  0.1   0.24  0.03  0.04  0.01  0.07  0.03  0.06  0.0   0.04  0.05  
99    Q     0.04  0.09  0.02  0.11  0.01  0.09  0.13  0.03  0.04  0.04  0.07  0.06  0.02  0.0   0.1   0.04  0.04  0.01  0.03  0.05  
100   K     0.07  0.09  0.03  0.08  0.0   0.08  0.15  0.05  0.01  0.06  0.05  0.08  0.03  0.02  0.04  0.05  0.03  0.0   0.02  0.06  
101   L     0.06  0.0   0.01  0.03  0.0   0.0   0.03  0.02  0.0   0.07  0.4   0.01  0.05  0.08  0.08  0.05  0.01  0.01  0.01  0.08  
102   R     0.16  0.03  0.01  0.02  0.0   0.02  0.04  0.02  0.02  0.09  0.21  0.07  0.03  0.03  0.03  0.07  0.04  0.01  0.04  0.06  
103   P     0.07  0.11  0.04  0.08  0.0   0.04  0.07  0.03  0.01  0.01  0.02  0.1   0.01  0.03  0.21  0.11  0.04  0.0   0.01  0.01  
104   I     0.11  0.1   0.02  0.08  0.01  0.04  0.18  0.03  0.01  0.09  0.06  0.1   0.01  0.01  0.01  0.03  0.03  0.0   0.01  0.07  
105   L     0.14  0.01  0.0   0.0   0.06  0.0   0.0   0.01  0.0   0.2   0.3   0.01  0.07  0.04  0.0   0.01  0.03  0.01  0.02  0.1   
106   F     0.13  0.06  0.01  0.02  0.04  0.03  0.02  0.01  0.03  0.04  0.07  0.05  0.02  0.1   0.02  0.06  0.03  0.01  0.18  0.05  
107   E     0.13  0.26  0.04  0.07  0.0   0.09  0.1   0.04  0.02  0.01  0.01  0.1   0.0   0.0   0.01  0.04  0.04  0.0   0.01  0.02  
108   Q     0.07  0.06  0.01  0.01  0.01  0.09  0.03  0.04  0.07  0.03  0.19  0.03  0.05  0.02  0.0   0.05  0.01  0.01  0.02  0.19  
109   L     0.03  0.01  0.0   0.0   0.04  0.0   0.0   0.0   0.01  0.02  0.62  0.0   0.04  0.0   0.01  0.01  0.03  0.0   0.0   0.16  
110   S     0.09  0.14  0.09  0.02  0.0   0.02  0.03  0.01  0.02  0.0   0.01  0.45  0.0   0.0   0.04  0.04  0.01  0.0   0.0   0.03  
111   P     0.04  0.02  0.02  0.06  0.0   0.02  0.06  0.01  0.01  0.01  0.01  0.04  0.0   0.0   0.63  0.04  0.02  0.0   0.01  0.02  
112   G     0.03  0.01  0.06  0.05  0.0   0.02  0.02  0.73  0.01  0.0   0.01  0.02  0.0   0.0   0.0   0.02  0.01  0.0   0.0   0.0   
113   T     0.06  0.0   0.0   0.01  0.01  0.0   0.0   0.79  0.0   0.0   0.01  0.01  0.0   0.0   0.0   0.04  0.05  0.0   0.0   0.01  
114   P     0.04  0.27  0.0   0.01  0.01  0.04  0.03  0.0   0.03  0.12  0.07  0.08  0.03  0.01  0.02  0.03  0.04  0.03  0.04  0.09  
115   V     0.03  0.0   0.0   0.0   0.01  0.01  0.0   0.01  0.0   0.13  0.4   0.0   0.07  0.11  0.0   0.0   0.01  0.01  0.02  0.2   
116   V     0.13  0.0   0.0   0.0   0.01  0.0   0.0   0.02  0.01  0.25  0.2   0.0   0.03  0.04  0.0   0.01  0.0   0.0   0.01  0.28  
117   S     0.15  0.0   0.01  0.02  0.05  0.0   0.02  0.01  0.0   0.11  0.24  0.01  0.03  0.05  0.03  0.07  0.07  0.0   0.01  0.12  
118   H     0.05  0.01  0.04  0.01  0.05  0.02  0.02  0.05  0.04  0.01  0.13  0.01  0.01  0.0   0.01  0.44  0.04  0.0   0.03  0.02  
119   D     0.03  0.05  0.02  0.08  0.0   0.04  0.26  0.32  0.02  0.0   0.01  0.02  0.0   0.01  0.01  0.03  0.07  0.0   0.01  0.01  
120   F     0.02  0.0   0.01  0.01  0.01  0.01  0.01  0.01  0.0   0.32  0.1   0.01  0.02  0.3   0.02  0.01  0.04  0.01  0.04  0.07  
121   D     0.02  0.0   0.02  0.05  0.02  0.02  0.06  0.03  0.02  0.16  0.07  0.01  0.03  0.01  0.16  0.22  0.03  0.0   0.01  0.06  
122   X     0.05  0.05  0.07  0.04  0.01  0.07  0.05  0.04  0.05  0.04  0.09  0.08  0.02  0.02  0.02  0.04  0.07  0.01  0.03  0.03  
123   G     0.06  0.08  0.05  0.04  0.0   0.05  0.06  0.12  0.0   0.02  0.03  0.05  0.01  0.01  0.29  0.04  0.03  0.0   0.02  0.04  
124   R     0.03  0.16  0.08  0.04  0.01  0.07  0.04  0.09  0.05  0.02  0.03  0.11  0.0   0.03  0.02  0.04  0.13  0.01  0.02  0.03  
125   W     0.03  0.02  0.01  0.04  0.02  0.03  0.06  0.02  0.0   0.02  0.09  0.03  0.02  0.07  0.02  0.02  0.02  0.34  0.1   0.05  
126   A     0.09  0.01  0.12  0.06  0.01  0.14  0.09  0.03  0.01  0.02  0.04  0.11  0.01  0.03  0.01  0.05  0.07  0.0   0.02  0.07  
127   P     0.04  0.0   0.01  0.02  0.0   0.04  0.06  0.03  0.01  0.01  0.03  0.03  0.05  0.0   0.53  0.04  0.01  0.0   0.01  0.06  
128   D     0.02  0.03  0.0   0.23  0.01  0.02  0.08  0.02  0.01  0.06  0.07  0.09  0.02  0.07  0.02  0.06  0.04  0.01  0.0   0.12  
129   R     0.11  0.18  0.02  0.06  0.0   0.03  0.11  0.05  0.18  0.0   0.02  0.04  0.02  0.01  0.04  0.05  0.04  0.0   0.0   0.02  
130   T     0.1   0.02  0.04  0.02  0.01  0.03  0.05  0.0   0.01  0.11  0.12  0.04  0.06  0.02  0.02  0.03  0.12  0.0   0.0   0.19  
131   V     0.09  0.01  0.01  0.03  0.02  0.02  0.02  0.02  0.0   0.13  0.1   0.02  0.04  0.15  0.03  0.04  0.08  0.0   0.04  0.15  
132   D     0.08  0.07  0.01  0.15  0.0   0.04  0.04  0.16  0.01  0.05  0.03  0.1   0.06  0.01  0.08  0.07  0.01  0.0   0.02  0.02  
133   L     0.02  0.07  0.04  0.05  0.01  0.07  0.28  0.03  0.04  0.03  0.08  0.05  0.01  0.01  0.02  0.02  0.02  0.0   0.03  0.11  
134   E     0.05  0.04  0.03  0.06  0.0   0.05  0.18  0.28  0.02  0.02  0.01  0.04  0.0   0.02  0.03  0.03  0.07  0.01  0.03  0.03  
135   G     0.11  0.01  0.1   0.01  0.01  0.04  0.05  0.1   0.03  0.08  0.12  0.01  0.03  0.03  0.0   0.03  0.07  0.01  0.03  0.13  
136   D     0.01  0.02  0.05  0.26  0.0   0.02  0.14  0.02  0.16  0.0   0.04  0.05  0.0   0.04  0.03  0.07  0.03  0.0   0.04  0.02  
137   T     0.05  0.17  0.07  0.07  0.01  0.05  0.06  0.02  0.02  0.04  0.08  0.08  0.03  0.02  0.01  0.03  0.1   0.02  0.07  0.04  
138   V     0.11  0.05  0.01  0.0   0.0   0.0   0.03  0.02  0.01  0.16  0.1   0.01  0.03  0.01  0.02  0.03  0.02  0.01  0.06  0.31  
139   Y     0.06  0.02  0.02  0.02  0.02  0.04  0.02  0.0   0.04  0.04  0.12  0.0   0.03  0.04  0.0   0.01  0.0   0.19  0.29  0.03  
140   R     0.11  0.21  0.01  0.0   0.01  0.02  0.04  0.09  0.01  0.02  0.15  0.08  0.01  0.01  0.04  0.08  0.03  0.0   0.0   0.04  
141   W     0.02  0.06  0.01  0.0   0.03  0.01  0.03  0.0   0.01  0.04  0.05  0.05  0.0   0.13  0.02  0.01  0.0   0.2   0.29  0.02  
142   T     0.01  0.06  0.03  0.16  0.0   0.03  0.09  0.01  0.01  0.11  0.01  0.07  0.0   0.02  0.03  0.05  0.11  0.0   0.01  0.18  
143   I     0.06  0.05  0.01  0.01  0.0   0.02  0.01  0.0   0.0   0.16  0.15  0.02  0.15  0.04  0.02  0.03  0.04  0.0   0.02  0.22  
144   P     0.07  0.0   0.0   0.01  0.01  0.0   0.04  0.28  0.02  0.01  0.0   0.02  0.0   0.04  0.46  0.0   0.02  0.0   0.0   0.0   
145   E     0.02  0.0   0.0   0.18  0.0   0.07  0.58  0.0   0.03  0.0   0.0   0.02  0.0   0.0   0.04  0.05  0.0   0.0   0.0   0.0   
146   E     0.02  0.05  0.0   0.04  0.0   0.03  0.23  0.08  0.15  0.04  0.06  0.11  0.0   0.03  0.03  0.06  0.03  0.0   0.0   0.04  
147   I     0.04  0.02  0.0   0.0   0.0   0.03  0.0   0.03  0.0   0.27  0.12  0.04  0.11  0.06  0.03  0.02  0.07  0.0   0.0   0.16  
148   P     0.19  0.08  0.0   0.0   0.0   0.03  0.07  0.04  0.0   0.03  0.0   0.05  0.0   0.0   0.33  0.08  0.08  0.0   0.0   0.0   
149   E     0.0   0.03  0.05  0.02  0.0   0.09  0.38  0.0   0.07  0.0   0.03  0.21  0.0   0.0   0.03  0.0   0.06  0.0   0.0   0.03  
150   D     0.0   0.0   0.08  0.57  0.0   0.0   0.11  0.0   0.0   0.0   0.0   0.05  0.0   0.0   0.04  0.09  0.06  0.0   0.0   0.0   
151   L     0.17  0.0   0.06  0.0   0.04  0.0   0.0   0.0   0.0   0.06  0.38  0.0   0.05  0.11  0.0   0.0   0.0   0.0   0.0   0.13  
152   D     0.0   0.1   0.12  0.58  0.0   0.0   0.1   0.0   0.0   0.0   0.0   0.0   0.0   0.0   0.0   0.11  0.0   0.0   0.0   0.0   
153   E     0.0   0.0   0.0   0.0   0.0   0.0   1.0   0.0   0.0   0.0   0.0   0.0   0.0   0.0   0.0   0.0   0.0   0.0   0.0   0.0   
