             A     R     N     D     C     Q     E     G     H     I     L     K     M     F     P     S     T     W     Y     V
1     P     0.0   0.0   0.0   0.0   0.0   0.0   0.0   0.0   0.0   0.0   0.0   0.0   0.0   0.0   1.0   0.0   0.0   0.0   0.0   0.0   
2     I     0.0   0.0   0.0   0.0   0.0   0.0   0.0   0.0   0.0   0.2   0.46  0.0   0.1   0.0   0.0   0.0   0.14  0.0   0.0   0.11  
3     I     0.19  0.0   0.0   0.0   0.0   0.0   0.0   0.0   0.0   0.2   0.47  0.0   0.14  0.0   0.0   0.0   0.0   0.0   0.0   0.0   
4     T     0.0   0.0   0.1   0.0   0.0   0.0   0.0   0.0   0.0   0.0   0.0   0.0   0.0   0.0   0.0   0.25  0.65  0.0   0.0   0.0   
5     Q     0.0   0.0   0.12  0.0   0.0   0.3   0.0   0.0   0.25  0.0   0.0   0.0   0.0   0.0   0.0   0.0   0.0   0.0   0.14  0.19  
6     S     0.0   0.0   0.0   0.19  0.0   0.0   0.0   0.1   0.0   0.0   0.0   0.28  0.0   0.0   0.0   0.43  0.0   0.0   0.0   0.0   
7     V     0.0   0.0   0.0   0.0   0.0   0.0   0.14  0.0   0.0   0.33  0.0   0.0   0.0   0.0   0.0   0.0   0.0   0.0   0.0   0.54  
8     E     0.0   0.0   0.0   0.0   0.0   0.1   0.23  0.0   0.0   0.0   0.0   0.44  0.0   0.0   0.23  0.0   0.0   0.0   0.0   0.0   
9     V     0.0   0.0   0.0   0.0   0.0   0.0   0.0   0.0   0.0   0.26  0.11  0.0   0.0   0.0   0.0   0.0   0.0   0.0   0.0   0.63  
10    D     0.14  0.0   0.22  0.29  0.0   0.0   0.35  0.0   0.0   0.0   0.0   0.0   0.0   0.0   0.0   0.0   0.0   0.0   0.0   0.0   
11    L     0.0   0.0   0.0   0.0   0.0   0.0   0.0   0.0   0.0   0.0   1.0   0.0   0.0   0.0   0.0   0.0   0.0   0.0   0.0   0.0   
12    P     0.0   0.0   0.0   0.0   0.0   0.0   0.0   0.0   0.0   0.0   0.0   0.0   0.0   0.0   1.0   0.0   0.0   0.0   0.0   0.0   
13    D     0.19  0.0   0.0   0.2   0.0   0.0   0.14  0.0   0.0   0.0   0.0   0.23  0.0   0.0   0.0   0.14  0.11  0.0   0.0   0.0   
14    A     0.35  0.01  0.01  0.01  0.0   0.01  0.01  0.14  0.0   0.01  0.01  0.01  0.0   0.0   0.01  0.3   0.01  0.0   0.0   0.11  
15    T     0.0   0.0   0.14  0.0   0.0   0.0   0.0   0.0   0.0   0.0   0.0   0.0   0.0   0.0   0.0   0.35  0.41  0.0   0.0   0.1   
16    E     0.1   0.01  0.0   0.01  0.0   0.11  0.33  0.01  0.0   0.01  0.15  0.14  0.0   0.0   0.01  0.1   0.01  0.0   0.0   0.01  
17    S     0.01  0.01  0.0   0.01  0.0   0.0   0.01  0.01  0.0   0.15  0.01  0.1   0.0   0.0   0.01  0.43  0.24  0.0   0.0   0.01  
18    Q     0.14  0.0   0.0   0.0   0.0   0.45  0.1   0.0   0.0   0.0   0.0   0.0   0.0   0.0   0.19  0.0   0.0   0.0   0.0   0.12  
19    A     0.52  0.14  0.0   0.0   0.0   0.09  0.1   0.0   0.0   0.0   0.0   0.14  0.0   0.0   0.0   0.0   0.0   0.0   0.0   0.0   
20    V     0.15  0.01  0.11  0.01  0.0   0.01  0.15  0.01  0.0   0.01  0.11  0.01  0.0   0.0   0.2   0.01  0.01  0.0   0.0   0.21  
21    S     0.0   0.19  0.0   0.14  0.0   0.0   0.0   0.0   0.0   0.0   0.0   0.11  0.0   0.0   0.23  0.2   0.14  0.0   0.0   0.0   
22    S     0.14  0.0   0.1   0.0   0.0   0.35  0.0   0.0   0.0   0.0   0.0   0.0   0.0   0.0   0.31  0.09  0.0   0.0   0.0   0.0   
23    N     0.0   0.0   0.09  0.35  0.0   0.0   0.56  0.0   0.0   0.0   0.0   0.0   0.0   0.0   0.0   0.0   0.0   0.0   0.0   0.0   
24    D     0.0   0.0   0.1   0.2   0.0   0.12  0.0   0.0   0.0   0.0   0.0   0.57  0.0   0.0   0.0   0.0   0.0   0.0   0.0   0.0   
25    N     0.01  0.15  0.21  0.01  0.0   0.11  0.01  0.01  0.0   0.01  0.02  0.24  0.14  0.01  0.01  0.01  0.01  0.0   0.01  0.01  
26    P     0.16  0.01  0.01  0.13  0.0   0.01  0.01  0.01  0.0   0.15  0.02  0.11  0.0   0.01  0.21  0.01  0.01  0.0   0.01  0.12  
27    P     0.0   0.0   0.0   0.0   0.0   0.1   0.14  0.0   0.0   0.0   0.0   0.0   0.0   0.0   0.76  0.0   0.0   0.0   0.0   0.0   
28    V     0.0   0.0   0.0   0.0   0.0   0.0   0.0   0.0   0.0   0.28  0.23  0.0   0.0   0.0   0.0   0.0   0.0   0.0   0.0   0.49  
29    I     0.0   0.24  0.0   0.0   0.0   0.0   0.0   0.0   0.0   0.2   0.1   0.0   0.0   0.1   0.0   0.0   0.14  0.0   0.09  0.12  
30    V     0.0   0.0   0.0   0.0   0.0   0.0   0.0   0.0   0.0   0.0   0.55  0.0   0.14  0.0   0.0   0.0   0.0   0.0   0.0   0.31  
31    E     0.14  0.0   0.0   0.14  0.0   0.0   0.2   0.0   0.0   0.0   0.0   0.0   0.0   0.0   0.0   0.42  0.11  0.0   0.0   0.0   
32    V     0.0   0.0   0.0   0.0   0.0   0.0   0.0   0.0   0.0   0.23  0.0   0.14  0.0   0.0   0.0   0.0   0.0   0.0   0.0   0.63  
33    S     0.1   0.0   0.0   0.37  0.0   0.0   0.0   0.0   0.0   0.0   0.0   0.44  0.0   0.0   0.0   0.09  0.0   0.0   0.0   0.0   
34    G     0.53  0.0   0.0   0.0   0.0   0.0   0.14  0.32  0.0   0.0   0.0   0.0   0.0   0.0   0.0   0.0   0.0   0.0   0.0   0.0   
35    I     0.14  0.01  0.11  0.44  0.0   0.01  0.01  0.01  0.0   0.2   0.01  0.01  0.0   0.01  0.01  0.01  0.01  0.0   0.0   0.01  
36    G     0.01  0.01  0.1   0.01  0.0   0.1   0.01  0.68  0.0   0.01  0.01  0.01  0.0   0.01  0.01  0.01  0.01  0.0   0.0   0.01  
37    Q     0.01  0.01  0.01  0.01  0.0   0.1   0.01  0.12  0.0   0.01  0.01  0.33  0.0   0.01  0.01  0.35  0.01  0.0   0.0   0.01  
38    Y     0.03  0.02  0.01  0.02  0.01  0.01  0.02  0.02  0.01  0.02  0.3   0.02  0.01  0.01  0.02  0.02  0.02  0.0   0.42  0.02  
39    T     0.12  0.01  0.01  0.01  0.0   0.01  0.01  0.01  0.0   0.01  0.02  0.15  0.0   0.13  0.01  0.01  0.1   0.0   0.36  0.01  
40    V     0.01  0.01  0.0   0.01  0.0   0.0   0.01  0.01  0.0   0.25  0.11  0.01  0.1   0.0   0.01  0.01  0.01  0.14  0.0   0.33  
41    V     0.02  0.01  0.15  0.12  0.0   0.01  0.01  0.02  0.01  0.01  0.02  0.01  0.01  0.1   0.01  0.12  0.01  0.0   0.24  0.11  
42    V     0.01  0.01  0.01  0.15  0.0   0.01  0.01  0.01  0.0   0.34  0.01  0.01  0.0   0.0   0.01  0.01  0.11  0.0   0.0   0.3   
43    E     0.01  0.01  0.01  0.14  0.0   0.01  0.35  0.41  0.0   0.01  0.01  0.01  0.0   0.0   0.01  0.01  0.01  0.0   0.0   0.01  
44    K     0.01  0.01  0.1   0.1   0.0   0.01  0.01  0.22  0.0   0.01  0.01  0.2   0.0   0.0   0.15  0.14  0.01  0.0   0.0   0.01  
45    D     0.01  0.01  0.01  0.4   0.0   0.24  0.11  0.01  0.0   0.15  0.01  0.01  0.0   0.0   0.01  0.01  0.01  0.0   0.0   0.01  
46    R     0.01  0.2   0.13  0.01  0.0   0.1   0.01  0.01  0.0   0.0   0.01  0.01  0.0   0.0   0.0   0.26  0.24  0.0   0.0   0.01  
47    L     0.11  0.0   0.0   0.11  0.0   0.11  0.01  0.01  0.0   0.0   0.1   0.27  0.0   0.0   0.0   0.01  0.01  0.0   0.14  0.1   
48    E     0.01  0.0   0.0   0.13  0.0   0.0   0.48  0.01  0.0   0.0   0.01  0.01  0.0   0.0   0.1   0.22  0.01  0.0   0.0   0.01  
49    R     0.34  0.09  0.0   0.0   0.0   0.0   0.12  0.1   0.0   0.0   0.0   0.11  0.0   0.0   0.09  0.0   0.0   0.0   0.14  0.0   
50    L     0.01  0.0   0.14  0.01  0.0   0.0   0.01  0.01  0.0   0.13  0.35  0.01  0.0   0.0   0.0   0.01  0.01  0.0   0.0   0.31  
51    P     0.01  0.0   0.0   0.01  0.0   0.13  0.26  0.01  0.0   0.0   0.01  0.01  0.0   0.0   0.1   0.25  0.2   0.0   0.0   0.01  
52    P     0.01  0.01  0.0   0.1   0.0   0.0   0.11  0.01  0.0   0.01  0.11  0.01  0.0   0.14  0.32  0.15  0.01  0.0   0.0   0.01  
53    E     0.1   0.15  0.0   0.01  0.0   0.0   0.53  0.01  0.0   0.01  0.01  0.01  0.0   0.0   0.14  0.01  0.01  0.0   0.0   0.01  
54    Q     0.01  0.01  0.0   0.14  0.0   0.3   0.01  0.01  0.0   0.01  0.28  0.01  0.11  0.0   0.01  0.01  0.1   0.0   0.0   0.01  
55    V     0.01  0.01  0.0   0.01  0.0   0.0   0.01  0.01  0.0   0.01  0.23  0.01  0.2   0.0   0.01  0.15  0.14  0.0   0.0   0.2   
56    V     0.0   0.0   0.0   0.0   0.0   0.0   0.12  0.1   0.0   0.2   0.0   0.0   0.0   0.14  0.0   0.0   0.35  0.0   0.0   0.09  
57    A     0.33  0.0   0.14  0.1   0.0   0.1   0.0   0.11  0.0   0.0   0.0   0.0   0.0   0.0   0.0   0.12  0.09  0.0   0.0   0.0   
58    E     0.34  0.0   0.12  0.0   0.0   0.0   0.2   0.0   0.0   0.0   0.24  0.0   0.1   0.0   0.0   0.0   0.0   0.0   0.0   0.0   
59    V     0.01  0.01  0.01  0.01  0.0   0.01  0.01  0.01  0.0   0.01  0.46  0.01  0.0   0.01  0.01  0.11  0.01  0.0   0.0   0.31  
60    S     0.14  0.11  0.1   0.1   0.0   0.01  0.12  0.01  0.0   0.01  0.01  0.01  0.0   0.01  0.01  0.24  0.11  0.0   0.0   0.01  
61    S     0.33  0.01  0.01  0.01  0.0   0.11  0.01  0.01  0.0   0.01  0.01  0.25  0.0   0.01  0.01  0.21  0.01  0.0   0.0   0.01  
62    R     0.14  0.21  0.01  0.01  0.0   0.01  0.11  0.01  0.0   0.11  0.11  0.24  0.0   0.01  0.01  0.01  0.01  0.0   0.0   0.01  
63    F     0.01  0.01  0.01  0.01  0.0   0.01  0.01  0.01  0.0   0.01  0.12  0.13  0.11  0.2   0.01  0.01  0.2   0.0   0.14  0.01  
64    K     0.12  0.0   0.0   0.24  0.0   0.14  0.09  0.0   0.0   0.0   0.0   0.3   0.0   0.0   0.0   0.1   0.0   0.0   0.0   0.0   
65    A     0.3   0.0   0.0   0.0   0.0   0.14  0.0   0.19  0.0   0.0   0.0   0.36  0.0   0.0   0.0   0.0   0.0   0.0   0.0   0.0   
66    N     0.01  0.11  0.21  0.33  0.0   0.01  0.01  0.01  0.0   0.01  0.01  0.1   0.0   0.01  0.01  0.01  0.15  0.0   0.0   0.01  
67    P     0.14  0.01  0.11  0.01  0.0   0.01  0.12  0.01  0.0   0.01  0.01  0.2   0.0   0.01  0.35  0.01  0.01  0.0   0.0   0.01  
68    K     0.0   0.0   0.21  0.33  0.0   0.14  0.22  0.0   0.0   0.0   0.0   0.09  0.0   0.0   0.0   0.0   0.0   0.0   0.0   0.0   
69    T     0.0   0.0   0.0   0.0   0.0   0.0   0.0   0.0   0.0   0.0   0.0   0.0   0.0   0.0   0.14  0.0   0.63  0.0   0.0   0.23  
70    V     0.0   0.26  0.0   0.0   0.0   0.1   0.0   0.0   0.0   0.11  0.1   0.0   0.0   0.0   0.14  0.0   0.19  0.0   0.0   0.09  
71    F     0.0   0.0   0.0   0.0   0.0   0.0   0.0   0.0   0.0   0.19  0.14  0.0   0.0   0.2   0.0   0.0   0.0   0.0   0.0   0.47  
72    L     0.11  0.0   0.14  0.0   0.0   0.12  0.0   0.0   0.0   0.0   0.2   0.0   0.0   0.29  0.0   0.14  0.0   0.0   0.0   0.0   
73    I     0.0   0.0   0.0   0.0   0.0   0.0   0.0   0.0   0.0   0.44  0.27  0.0   0.0   0.19  0.0   0.0   0.0   0.0   0.0   0.1   
74    G     0.11  0.48  0.0   0.0   0.0   0.22  0.0   0.2   0.0   0.0   0.0   0.0   0.0   0.0   0.0   0.0   0.0   0.0   0.0   0.0   
75    G     0.56  0.0   0.0   0.0   0.0   0.0   0.0   0.44  0.0   0.0   0.0   0.0   0.0   0.0   0.0   0.0   0.0   0.0   0.0   0.0   
76    A     0.2   0.0   0.0   0.8   0.0   0.0   0.0   0.0   0.0   0.0   0.0   0.0   0.0   0.0   0.0   0.0   0.0   0.0   0.0   0.0   
77    K     0.0   0.14  0.0   0.0   0.0   0.0   0.12  0.0   0.0   0.0   0.0   0.73  0.0   0.0   0.0   0.0   0.0   0.0   0.0   0.0   
78    D     0.21  0.14  0.0   0.09  0.0   0.0   0.1   0.22  0.0   0.0   0.0   0.0   0.0   0.0   0.0   0.0   0.24  0.0   0.0   0.0   
79    V     0.0   0.0   0.0   0.0   0.0   0.0   0.0   0.0   0.0   0.0   0.14  0.0   0.0   0.0   0.0   0.0   0.14  0.0   0.0   0.72  
80    P     0.0   0.0   0.23  0.19  0.0   0.0   0.11  0.0   0.0   0.0   0.0   0.14  0.0   0.0   0.2   0.0   0.14  0.0   0.0   0.0   
81    Y     0.0   0.0   0.0   0.0   0.0   0.0   0.0   0.0   0.0   0.0   0.0   0.0   0.14  0.0   0.0   0.0   0.0   0.0   0.86  0.0   
82    D     0.0   0.14  0.0   0.34  0.0   0.0   0.2   0.32  0.0   0.0   0.0   0.0   0.0   0.0   0.0   0.0   0.0   0.0   0.0   0.0   
83    E     0.1   0.0   0.0   0.1   0.0   0.12  0.2   0.0   0.0   0.0   0.0   0.14  0.0   0.0   0.0   0.0   0.24  0.0   0.11  0.0   
84    I     0.0   0.0   0.0   0.0   0.0   0.0   0.0   0.0   0.0   0.24  0.19  0.0   0.0   0.0   0.0   0.0   0.0   0.0   0.0   0.57  
85    I     0.12  0.0   0.25  0.0   0.0   0.0   0.0   0.0   0.0   0.33  0.0   0.0   0.19  0.0   0.0   0.0   0.0   0.0   0.0   0.1   
86    K     0.0   0.0   0.0   0.0   0.0   0.0   0.24  0.1   0.0   0.0   0.0   0.52  0.0   0.0   0.0   0.0   0.0   0.0   0.14  0.0   
87    A     0.53  0.0   0.0   0.0   0.0   0.0   0.0   0.0   0.0   0.14  0.14  0.0   0.0   0.0   0.0   0.0   0.0   0.0   0.0   0.19  
88    L     0.0   0.0   0.0   0.0   0.0   0.0   0.0   0.0   0.0   0.0   0.44  0.0   0.42  0.0   0.0   0.0   0.14  0.0   0.0   0.0   
89    N     0.12  0.0   0.29  0.09  0.0   0.0   0.11  0.1   0.0   0.0   0.0   0.28  0.0   0.0   0.0   0.0   0.0   0.0   0.0   0.0   
90    L     0.21  0.0   0.1   0.0   0.0   0.0   0.0   0.0   0.0   0.14  0.2   0.0   0.0   0.0   0.0   0.12  0.23  0.0   0.0   0.0   
91    L     0.25  0.0   0.0   0.0   0.0   0.0   0.0   0.0   0.0   0.26  0.39  0.0   0.1   0.0   0.0   0.0   0.0   0.0   0.0   0.0   
92    H     0.0   0.2   0.0   0.0   0.0   0.25  0.12  0.0   0.29  0.0   0.0   0.14  0.0   0.0   0.0   0.0   0.0   0.0   0.0   0.0   
93    S     0.1   0.12  0.0   0.0   0.0   0.3   0.14  0.14  0.0   0.0   0.1   0.0   0.0   0.0   0.0   0.09  0.0   0.0   0.0   0.0   
94    A     0.86  0.0   0.0   0.0   0.0   0.14  0.0   0.0   0.0   0.0   0.0   0.0   0.0   0.0   0.0   0.0   0.0   0.0   0.0   0.0   
95    G     0.0   0.0   0.0   0.0   0.0   0.0   0.0   1.0   0.0   0.0   0.0   0.0   0.0   0.0   0.0   0.0   0.0   0.0   0.0   0.0   
96    V     0.0   0.0   0.0   0.0   0.0   0.0   0.0   0.0   0.0   0.34  0.0   0.0   0.14  0.14  0.0   0.0   0.0   0.0   0.19  0.2   
97    K     0.0   0.0   0.0   0.0   0.0   0.0   0.0   0.0   0.0   0.0   0.47  0.2   0.0   0.0   0.1   0.0   0.23  0.0   0.0   0.0   
98    S     0.0   0.12  0.1   0.14  0.0   0.0   0.0   0.0   0.0   0.0   0.0   0.43  0.0   0.0   0.0   0.2   0.0   0.0   0.0   0.0   
99    V     0.0   0.0   0.0   0.0   0.0   0.0   0.0   0.0   0.0   0.2   0.12  0.0   0.0   0.0   0.0   0.0   0.0   0.0   0.0   0.68  
100   G     0.12  0.0   0.0   0.0   0.0   0.0   0.0   0.74  0.0   0.0   0.0   0.0   0.0   0.0   0.0   0.14  0.0   0.0   0.0   0.0   
101   L     0.0   0.0   0.0   0.0   0.0   0.0   0.0   0.0   0.0   0.0   0.63  0.0   0.0   0.25  0.0   0.0   0.0   0.0   0.0   0.12  
102   M     0.0   0.0   0.0   0.0   0.0   0.0   0.0   0.0   0.0   0.36  0.0   0.0   0.2   0.0   0.0   0.0   0.0   0.0   0.0   0.44  
103   T     0.0   0.0   0.0   0.0   0.0   0.0   0.0   0.15  0.0   0.0   0.0   0.0   0.0   0.0   0.0   0.0   0.85  0.0   0.0   0.0   
104   Q     0.0   0.0   0.15  0.0   0.0   0.14  0.51  0.0   0.0   0.0   0.0   0.0   0.0   0.0   0.0   0.2   0.0   0.0   0.0   0.0   
105   P     0.0   0.0   0.0   0.0   0.0   0.0   0.0   0.0   0.0   0.0   0.0   0.0   0.0   0.0   1.0   0.0   0.0   0.0   0.0   0.0   
