             A     R     N     D     C     Q     E     G     H     I     L     K     M     F     P     S     T     W     Y     V
1     Q     0.0   0.13  0.0   0.0   0.0   0.67  0.2   0.0   0.0   0.0   0.0   0.0   0.0   0.0   0.0   0.0   0.0   0.0   0.0   0.0   
2     L     0.0   0.0   0.0   0.0   0.0   0.09  0.0   0.07  0.07  0.0   0.57  0.0   0.0   0.09  0.11  0.0   0.0   0.0   0.0   0.0   
3     Q     0.0   0.18  0.0   0.0   0.0   0.62  0.14  0.0   0.0   0.0   0.0   0.0   0.0   0.0   0.0   0.0   0.06  0.0   0.0   0.0   
4     G     0.23  0.0   0.0   0.0   0.0   0.0   0.0   0.54  0.0   0.0   0.0   0.0   0.0   0.0   0.0   0.06  0.11  0.0   0.0   0.06  
5     N     0.11  0.02  0.26  0.28  0.0   0.06  0.08  0.0   0.0   0.04  0.08  0.0   0.0   0.0   0.0   0.07  0.0   0.0   0.0   0.0   
6     K     0.05  0.05  0.03  0.03  0.0   0.07  0.08  0.02  0.0   0.03  0.0   0.48  0.03  0.0   0.0   0.1   0.0   0.0   0.0   0.03  
7     E     0.06  0.07  0.09  0.03  0.0   0.21  0.18  0.0   0.07  0.0   0.0   0.02  0.0   0.0   0.11  0.11  0.04  0.0   0.0   0.0   
8     Y     0.03  0.03  0.1   0.04  0.0   0.13  0.08  0.03  0.09  0.0   0.08  0.08  0.0   0.07  0.0   0.06  0.03  0.0   0.11  0.04  
9     G     0.04  0.0   0.12  0.1   0.0   0.02  0.08  0.36  0.03  0.0   0.02  0.0   0.0   0.0   0.09  0.05  0.06  0.0   0.0   0.03  
10    S     0.09  0.02  0.02  0.01  0.0   0.03  0.0   0.0   0.0   0.11  0.08  0.02  0.05  0.0   0.04  0.18  0.08  0.0   0.0   0.27  
11    E     0.05  0.01  0.0   0.08  0.0   0.01  0.24  0.01  0.0   0.08  0.03  0.09  0.0   0.01  0.0   0.06  0.14  0.0   0.0   0.16  
12    K     0.0   0.15  0.02  0.0   0.0   0.01  0.0   0.0   0.05  0.05  0.02  0.55  0.13  0.01  0.0   0.0   0.01  0.0   0.01  0.0   
13    K     0.11  0.03  0.0   0.0   0.07  0.11  0.28  0.0   0.02  0.0   0.0   0.07  0.01  0.0   0.0   0.28  0.01  0.0   0.0   0.01  
14    G     0.04  0.0   0.01  0.01  0.0   0.0   0.0   0.93  0.0   0.0   0.0   0.0   0.0   0.0   0.0   0.01  0.0   0.0   0.0   0.0   
15    F     0.01  0.0   0.02  0.0   0.01  0.01  0.05  0.0   0.04  0.01  0.01  0.0   0.01  0.12  0.02  0.0   0.02  0.28  0.34  0.04  
16    L     0.0   0.0   0.0   0.0   0.02  0.0   0.0   0.0   0.0   0.04  0.85  0.0   0.06  0.0   0.0   0.0   0.0   0.0   0.0   0.04  
17    L     0.01  0.03  0.03  0.03  0.01  0.03  0.05  0.02  0.06  0.04  0.21  0.03  0.02  0.04  0.0   0.11  0.05  0.02  0.17  0.03  
18    K     0.03  0.06  0.0   0.0   0.0   0.0   0.01  0.0   0.0   0.02  0.03  0.74  0.05  0.01  0.0   0.01  0.0   0.0   0.01  0.03  
19    K     0.01  0.27  0.01  0.0   0.01  0.13  0.01  0.01  0.02  0.02  0.1   0.25  0.03  0.02  0.01  0.05  0.01  0.04  0.0   0.0   
20    S     0.06  0.05  0.02  0.03  0.01  0.01  0.02  0.37  0.01  0.01  0.0   0.04  0.0   0.01  0.03  0.18  0.1   0.02  0.01  0.03  
21    D     0.05  0.04  0.06  0.09  0.01  0.04  0.06  0.08  0.06  0.0   0.01  0.13  0.0   0.0   0.11  0.17  0.06  0.02  0.0   0.01  
22    G     0.0   0.08  0.13  0.03  0.0   0.04  0.04  0.22  0.01  0.03  0.02  0.11  0.0   0.04  0.01  0.09  0.02  0.02  0.06  0.03  
23    I     0.04  0.01  0.09  0.0   0.0   0.02  0.01  0.15  0.01  0.13  0.12  0.05  0.01  0.11  0.04  0.06  0.03  0.01  0.02  0.1   
24    R     0.04  0.18  0.02  0.01  0.0   0.05  0.01  0.08  0.03  0.03  0.12  0.1   0.07  0.05  0.05  0.04  0.03  0.03  0.02  0.05  
25    K     0.03  0.18  0.04  0.01  0.0   0.01  0.02  0.04  0.01  0.0   0.01  0.42  0.0   0.01  0.01  0.14  0.03  0.0   0.04  0.01  
26    V     0.06  0.06  0.1   0.02  0.0   0.03  0.05  0.12  0.01  0.04  0.08  0.04  0.01  0.02  0.04  0.12  0.13  0.0   0.0   0.08  
27    W     0.01  0.0   0.01  0.0   0.0   0.0   0.0   0.01  0.01  0.0   0.02  0.01  0.0   0.07  0.0   0.01  0.0   0.77  0.08  0.01  
28    Q     0.01  0.12  0.05  0.0   0.0   0.21  0.0   0.0   0.06  0.0   0.0   0.46  0.0   0.0   0.01  0.02  0.03  0.0   0.0   0.02  
29    R     0.02  0.28  0.01  0.02  0.01  0.04  0.06  0.0   0.01  0.01  0.03  0.36  0.0   0.0   0.07  0.02  0.04  0.0   0.01  0.02  
30    R     0.01  0.74  0.02  0.0   0.01  0.0   0.0   0.01  0.02  0.0   0.03  0.05  0.01  0.04  0.0   0.0   0.0   0.0   0.08  0.0   
31    K     0.0   0.01  0.0   0.0   0.0   0.0   0.0   0.0   0.0   0.0   0.03  0.03  0.0   0.11  0.0   0.0   0.01  0.62  0.19  0.0   
32    C     0.01  0.0   0.0   0.0   0.13  0.0   0.0   0.0   0.0   0.01  0.04  0.0   0.01  0.66  0.0   0.0   0.0   0.0   0.01  0.11  
33    A     0.06  0.06  0.0   0.02  0.01  0.03  0.0   0.01  0.01  0.09  0.06  0.05  0.0   0.05  0.0   0.04  0.06  0.0   0.01  0.45  
34    V     0.0   0.0   0.0   0.0   0.0   0.01  0.0   0.0   0.0   0.09  0.74  0.0   0.0   0.05  0.0   0.0   0.0   0.0   0.01  0.1   
35    K     0.02  0.18  0.02  0.08  0.01  0.07  0.03  0.01  0.02  0.01  0.02  0.27  0.0   0.01  0.0   0.09  0.07  0.02  0.02  0.04  
36    N     0.01  0.09  0.18  0.12  0.0   0.06  0.05  0.19  0.02  0.0   0.0   0.05  0.0   0.01  0.05  0.07  0.01  0.0   0.05  0.03  
37    G     0.02  0.05  0.23  0.17  0.02  0.02  0.0   0.19  0.05  0.0   0.02  0.04  0.0   0.02  0.02  0.09  0.07  0.0   0.01  0.0   
38    I     0.02  0.04  0.01  0.01  0.07  0.09  0.03  0.08  0.03  0.05  0.07  0.06  0.04  0.08  0.02  0.07  0.06  0.0   0.06  0.11  
39    L     0.04  0.03  0.01  0.0   0.0   0.0   0.0   0.01  0.01  0.07  0.67  0.0   0.03  0.08  0.0   0.02  0.0   0.0   0.0   0.03  
40    T     0.02  0.03  0.01  0.01  0.02  0.0   0.02  0.04  0.02  0.02  0.13  0.02  0.04  0.16  0.0   0.16  0.06  0.0   0.21  0.04  
41    I     0.01  0.01  0.0   0.0   0.03  0.0   0.01  0.0   0.0   0.08  0.09  0.0   0.01  0.05  0.0   0.01  0.02  0.03  0.63  0.02  
42    S     0.04  0.01  0.0   0.01  0.0   0.03  0.0   0.02  0.04  0.0   0.01  0.02  0.0   0.23  0.0   0.13  0.02  0.01  0.43  0.0   
43    H     0.05  0.09  0.02  0.07  0.0   0.01  0.1   0.04  0.06  0.01  0.01  0.32  0.01  0.01  0.01  0.02  0.04  0.0   0.11  0.01  
44    A     0.05  0.06  0.1   0.15  0.01  0.04  0.01  0.03  0.04  0.01  0.02  0.05  0.01  0.01  0.01  0.23  0.08  0.0   0.08  0.01  
45    T     0.06  0.03  0.05  0.15  0.0   0.08  0.16  0.02  0.01  0.0   0.01  0.11  0.03  0.0   0.12  0.11  0.05  0.0   0.0   0.01  
46    S     0.06  0.02  0.04  0.1   0.0   0.09  0.14  0.06  0.02  0.03  0.03  0.18  0.0   0.0   0.01  0.12  0.09  0.0   0.0   0.01  
47    N     0.03  0.02  0.06  0.36  0.01  0.0   0.16  0.04  0.0   0.0   0.02  0.06  0.0   0.01  0.02  0.14  0.03  0.01  0.02  0.01  
48    R     0.09  0.11  0.03  0.03  0.01  0.05  0.09  0.01  0.03  0.04  0.08  0.24  0.01  0.0   0.03  0.07  0.04  0.0   0.02  0.03  
49    Q     0.04  0.03  0.02  0.1   0.02  0.08  0.24  0.0   0.02  0.01  0.02  0.11  0.0   0.01  0.22  0.03  0.01  0.01  0.02  0.01  
50    P     0.03  0.06  0.0   0.03  0.01  0.05  0.01  0.01  0.02  0.03  0.08  0.09  0.04  0.03  0.35  0.09  0.05  0.0   0.0   0.02  
51    A     0.06  0.01  0.02  0.03  0.0   0.02  0.04  0.35  0.0   0.04  0.07  0.07  0.01  0.0   0.01  0.05  0.05  0.0   0.07  0.08  
52    K     0.05  0.08  0.02  0.02  0.01  0.06  0.09  0.1   0.03  0.03  0.05  0.09  0.0   0.01  0.01  0.17  0.12  0.0   0.02  0.04  
53    L     0.02  0.01  0.01  0.01  0.0   0.0   0.0   0.01  0.0   0.4   0.21  0.04  0.03  0.04  0.0   0.01  0.04  0.0   0.0   0.17  
54    N     0.01  0.04  0.15  0.2   0.02  0.01  0.03  0.06  0.03  0.04  0.04  0.04  0.02  0.04  0.14  0.04  0.03  0.0   0.03  0.03  
55    L     0.01  0.0   0.01  0.0   0.0   0.03  0.01  0.01  0.01  0.11  0.62  0.01  0.03  0.02  0.01  0.01  0.0   0.0   0.01  0.11  
56    L     0.06  0.11  0.08  0.05  0.07  0.03  0.07  0.02  0.01  0.04  0.19  0.02  0.02  0.02  0.02  0.1   0.06  0.0   0.0   0.03  
57    T     0.03  0.02  0.07  0.05  0.02  0.03  0.1   0.15  0.02  0.02  0.07  0.04  0.02  0.0   0.01  0.12  0.14  0.0   0.04  0.04  
58    C     0.17  0.0   0.01  0.01  0.32  0.01  0.02  0.05  0.01  0.06  0.01  0.01  0.01  0.02  0.02  0.09  0.02  0.0   0.04  0.12  
59    Q     0.02  0.08  0.02  0.02  0.01  0.17  0.14  0.02  0.02  0.06  0.06  0.07  0.02  0.0   0.0   0.1   0.07  0.0   0.02  0.09  
60    V     0.04  0.04  0.01  0.03  0.01  0.03  0.04  0.0   0.01  0.21  0.13  0.02  0.02  0.02  0.02  0.08  0.03  0.0   0.01  0.25  
61    K     0.08  0.12  0.03  0.02  0.07  0.03  0.05  0.01  0.02  0.05  0.04  0.13  0.02  0.01  0.0   0.06  0.11  0.0   0.01  0.13  
62    P     0.04  0.02  0.02  0.07  0.01  0.02  0.08  0.02  0.03  0.05  0.04  0.1   0.0   0.01  0.28  0.06  0.03  0.0   0.02  0.11  
63    N     0.04  0.07  0.14  0.2   0.01  0.01  0.14  0.03  0.05  0.01  0.02  0.09  0.0   0.01  0.01  0.06  0.03  0.0   0.02  0.07  
64    A     0.1   0.05  0.02  0.04  0.01  0.01  0.1   0.07  0.01  0.04  0.07  0.05  0.01  0.01  0.15  0.12  0.1   0.0   0.0   0.04  
65    E     0.04  0.04  0.03  0.15  0.01  0.05  0.25  0.01  0.01  0.01  0.01  0.14  0.01  0.04  0.05  0.09  0.02  0.0   0.0   0.03  
66    D     0.01  0.2   0.04  0.15  0.0   0.04  0.15  0.16  0.02  0.02  0.01  0.13  0.0   0.0   0.02  0.02  0.0   0.0   0.02  0.01  
67    K     0.04  0.08  0.06  0.13  0.01  0.03  0.07  0.04  0.0   0.05  0.02  0.28  0.0   0.01  0.05  0.06  0.04  0.0   0.0   0.04  
68    K     0.02  0.09  0.14  0.02  0.04  0.04  0.01  0.04  0.06  0.0   0.04  0.11  0.01  0.22  0.0   0.05  0.03  0.0   0.06  0.01  
69    S     0.06  0.06  0.01  0.02  0.27  0.02  0.0   0.05  0.01  0.01  0.05  0.04  0.02  0.04  0.01  0.14  0.1   0.0   0.01  0.08  
70    F     0.0   0.0   0.01  0.0   0.0   0.0   0.0   0.0   0.0   0.07  0.1   0.0   0.01  0.76  0.01  0.01  0.0   0.0   0.02  0.01  
71    D     0.03  0.04  0.03  0.09  0.03  0.2   0.24  0.01  0.02  0.03  0.03  0.1   0.0   0.03  0.0   0.04  0.06  0.0   0.0   0.01  
72    L     0.04  0.0   0.0   0.0   0.0   0.0   0.01  0.0   0.0   0.28  0.34  0.0   0.01  0.03  0.0   0.0   0.01  0.03  0.0   0.26  
73    I     0.03  0.02  0.02  0.02  0.02  0.02  0.02  0.01  0.01  0.26  0.08  0.1   0.01  0.04  0.01  0.05  0.1   0.0   0.02  0.17  
74    S     0.02  0.01  0.03  0.01  0.02  0.03  0.04  0.02  0.03  0.01  0.0   0.06  0.01  0.03  0.08  0.12  0.45  0.0   0.0   0.02  
75    H     0.03  0.03  0.04  0.07  0.0   0.03  0.06  0.15  0.07  0.0   0.03  0.08  0.0   0.01  0.22  0.09  0.06  0.0   0.01  0.03  
76    N     0.02  0.02  0.12  0.14  0.01  0.14  0.14  0.07  0.04  0.0   0.0   0.09  0.01  0.01  0.0   0.12  0.06  0.0   0.0   0.0   
77    R     0.0   0.45  0.01  0.05  0.01  0.03  0.06  0.01  0.04  0.01  0.01  0.23  0.01  0.01  0.01  0.04  0.02  0.01  0.0   0.01  
78    T     0.02  0.02  0.02  0.0   0.0   0.01  0.02  0.03  0.01  0.07  0.04  0.07  0.01  0.0   0.04  0.11  0.37  0.0   0.01  0.15  
79    Y     0.01  0.02  0.0   0.0   0.03  0.01  0.0   0.0   0.05  0.06  0.09  0.01  0.02  0.2   0.0   0.01  0.01  0.03  0.41  0.04  
80    H     0.01  0.03  0.02  0.0   0.01  0.03  0.08  0.0   0.13  0.07  0.08  0.03  0.02  0.08  0.0   0.03  0.05  0.01  0.22  0.1   
81    F     0.0   0.0   0.0   0.0   0.0   0.0   0.0   0.0   0.0   0.08  0.39  0.01  0.04  0.42  0.0   0.0   0.0   0.0   0.02  0.02  
82    Q     0.11  0.14  0.01  0.0   0.1   0.23  0.06  0.0   0.0   0.01  0.01  0.13  0.02  0.01  0.0   0.06  0.06  0.0   0.0   0.03  
83    A     0.71  0.0   0.0   0.0   0.08  0.0   0.0   0.01  0.0   0.01  0.01  0.0   0.0   0.01  0.0   0.04  0.07  0.0   0.0   0.08  
84    E     0.05  0.02  0.04  0.26  0.02  0.02  0.28  0.01  0.0   0.01  0.01  0.07  0.0   0.01  0.06  0.11  0.02  0.0   0.0   0.01  
85    D     0.0   0.0   0.1   0.18  0.0   0.0   0.01  0.01  0.02  0.0   0.0   0.02  0.0   0.0   0.0   0.45  0.2   0.0   0.0   0.0   
86    E     0.1   0.07  0.02  0.03  0.01  0.06  0.29  0.03  0.03  0.01  0.02  0.06  0.0   0.0   0.15  0.05  0.03  0.0   0.01  0.03  
87    Q     0.08  0.04  0.04  0.1   0.0   0.11  0.24  0.02  0.02  0.01  0.02  0.13  0.03  0.01  0.03  0.05  0.02  0.0   0.01  0.05  
88    D     0.04  0.01  0.02  0.27  0.0   0.06  0.39  0.0   0.01  0.01  0.05  0.01  0.0   0.0   0.0   0.1   0.03  0.01  0.0   0.01  
89    Y     0.17  0.22  0.0   0.0   0.11  0.02  0.0   0.01  0.0   0.01  0.1   0.06  0.24  0.05  0.0   0.0   0.01  0.0   0.01  0.01  
90    I     0.03  0.06  0.06  0.09  0.0   0.17  0.22  0.03  0.05  0.03  0.05  0.12  0.01  0.01  0.0   0.03  0.05  0.0   0.01  0.01  
91    A     0.08  0.08  0.0   0.12  0.01  0.08  0.3   0.03  0.02  0.02  0.05  0.05  0.02  0.0   0.0   0.11  0.0   0.0   0.03  0.01  
92    W     0.0   0.0   0.0   0.0   0.0   0.0   0.0   0.0   0.0   0.0   0.0   0.0   0.0   0.0   0.0   0.0   0.0   1.0   0.0   0.0   
93    I     0.0   0.0   0.0   0.0   0.01  0.0   0.0   0.01  0.0   0.29  0.18  0.02  0.13  0.0   0.0   0.01  0.04  0.0   0.0   0.32  
94    S     0.07  0.05  0.06  0.09  0.0   0.11  0.15  0.03  0.03  0.02  0.0   0.17  0.01  0.01  0.0   0.11  0.06  0.0   0.01  0.02  
95    V     0.51  0.01  0.0   0.01  0.02  0.03  0.02  0.02  0.01  0.04  0.03  0.04  0.02  0.01  0.0   0.09  0.05  0.0   0.0   0.11  
96    L     0.0   0.0   0.0   0.0   0.0   0.0   0.0   0.0   0.0   0.4   0.47  0.0   0.06  0.03  0.0   0.0   0.0   0.0   0.0   0.03  
97    T     0.02  0.07  0.06  0.0   0.0   0.36  0.08  0.04  0.01  0.02  0.06  0.13  0.01  0.01  0.0   0.03  0.06  0.0   0.01  0.03  
98    N     0.06  0.1   0.11  0.04  0.01  0.07  0.06  0.03  0.01  0.01  0.05  0.07  0.02  0.0   0.0   0.16  0.15  0.0   0.01  0.03  
99    S     0.45  0.01  0.01  0.0   0.06  0.0   0.02  0.04  0.03  0.02  0.01  0.04  0.0   0.02  0.0   0.18  0.05  0.0   0.0   0.06  
100   K     0.05  0.1   0.0   0.0   0.0   0.06  0.01  0.0   0.0   0.32  0.07  0.2   0.01  0.02  0.0   0.1   0.05  0.0   0.0   0.04  
101   E     0.18  0.04  0.07  0.07  0.0   0.07  0.1   0.04  0.01  0.02  0.0   0.08  0.0   0.03  0.01  0.12  0.01  0.04  0.09  0.02  
102   E     0.04  0.1   0.0   0.03  0.01  0.08  0.28  0.02  0.02  0.03  0.02  0.16  0.0   0.02  0.0   0.13  0.03  0.0   0.03  0.0   
103   A     0.45  0.01  0.03  0.0   0.02  0.02  0.02  0.06  0.0   0.05  0.04  0.02  0.0   0.02  0.03  0.1   0.07  0.0   0.02  0.02  
104   L     0.02  0.05  0.02  0.0   0.0   0.0   0.06  0.0   0.03  0.07  0.37  0.04  0.1   0.07  0.02  0.0   0.03  0.0   0.06  0.05  
105   T     0.11  0.07  0.22  0.0   0.0   0.0   0.05  0.02  0.0   0.0   0.0   0.05  0.0   0.0   0.0   0.28  0.16  0.0   0.0   0.03  
106   M     0.07  0.09  0.03  0.04  0.0   0.24  0.02  0.0   0.0   0.0   0.0   0.14  0.1   0.0   0.0   0.25  0.03  0.0   0.0   0.0   
107   A     0.41  0.0   0.0   0.05  0.0   0.0   0.0   0.13  0.07  0.0   0.0   0.05  0.0   0.0   0.04  0.19  0.05  0.0   0.0   0.0   
108   F     0.0   0.0   0.0   0.0   0.0   0.0   0.0   0.08  0.0   0.06  0.2   0.0   0.07  0.51  0.0   0.0   0.0   0.0   0.08  0.0   
109   R     0.0   0.37  0.0   0.0   0.0   0.21  0.0   0.0   0.05  0.0   0.05  0.2   0.0   0.13  0.0   0.0   0.0   0.0   0.0   0.0   
110   G     0.0   0.0   0.0   0.0   0.0   0.0   0.0   1.0   0.0   0.0   0.0   0.0   0.0   0.0   0.0   0.0   0.0   0.0   0.0   0.0   
