             A     R     N     D     C     Q     E     G     H     I     L     K     M     F     P     S     T     W     Y     V
1     W     0.0   0.0   0.0   0.0   0.0   0.0   0.0   0.0   0.0   0.0   0.0   0.0   0.0   0.0   0.0   0.0   0.0   1.0   0.0   0.0   
2     T     0.0   0.0   0.0   0.0   0.0   0.0   0.0   0.0   0.0   0.0   0.0   0.0   0.0   0.0   0.0   0.0   0.58  0.0   0.0   0.42  
3     P     0.0   0.0   0.0   0.0   0.0   0.0   0.0   0.0   0.0   0.0   0.0   0.0   0.0   0.0   1.0   0.0   0.0   0.0   0.0   0.0   
4     P     0.0   0.0   0.0   0.0   0.0   0.0   0.0   0.0   0.0   0.0   0.0   0.0   0.0   0.0   1.0   0.0   0.0   0.0   0.0   0.0   
5     R     0.0   0.66  0.0   0.0   0.0   0.0   0.0   0.0   0.34  0.0   0.0   0.0   0.0   0.0   0.0   0.0   0.0   0.0   0.0   0.0   
6     S     0.34  0.0   0.0   0.0   0.0   0.0   0.0   0.0   0.0   0.0   0.0   0.0   0.0   0.0   0.0   0.66  0.0   0.0   0.0   0.0   
7     P     0.0   0.0   0.0   0.0   0.0   0.0   0.34  0.0   0.0   0.0   0.0   0.0   0.0   0.0   0.66  0.0   0.0   0.0   0.0   0.0   
8     F     0.0   0.0   0.0   0.0   0.61  0.0   0.0   0.0   0.0   0.0   0.0   0.0   0.0   0.39  0.0   0.0   0.0   0.0   0.0   0.0   
9     N     0.0   0.0   0.76  0.0   0.0   0.0   0.24  0.0   0.0   0.0   0.0   0.0   0.0   0.0   0.0   0.0   0.0   0.0   0.0   0.0   
10    L     0.0   0.0   0.0   0.0   0.0   0.0   0.0   0.0   0.0   0.0   1.0   0.0   0.0   0.0   0.0   0.0   0.0   0.0   0.0   0.0   
11    V     0.22  0.0   0.0   0.0   0.0   0.0   0.0   0.0   0.0   0.0   0.18  0.0   0.0   0.0   0.0   0.0   0.0   0.0   0.0   0.6   
12    Q     0.17  0.0   0.0   0.0   0.0   0.43  0.0   0.0   0.18  0.0   0.0   0.22  0.0   0.0   0.0   0.0   0.0   0.0   0.0   0.0   
13    E     0.0   0.0   0.0   0.0   0.0   0.0   0.88  0.0   0.0   0.0   0.0   0.0   0.0   0.0   0.0   0.12  0.0   0.0   0.0   0.0   
14    T     0.01  0.01  0.01  0.16  0.0   0.01  0.18  0.01  0.0   0.11  0.36  0.01  0.0   0.0   0.01  0.01  0.11  0.0   0.0   0.01  
15    L     0.16  0.0   0.0   0.2   0.0   0.0   0.01  0.01  0.38  0.0   0.19  0.01  0.0   0.0   0.0   0.01  0.01  0.0   0.0   0.01  
16    F     0.01  0.0   0.13  0.0   0.0   0.0   0.0   0.01  0.0   0.0   0.01  0.0   0.0   0.4   0.0   0.01  0.12  0.21  0.08  0.0   
17    H     0.01  0.21  0.0   0.0   0.0   0.08  0.07  0.01  0.27  0.0   0.01  0.0   0.0   0.0   0.0   0.13  0.17  0.0   0.0   0.0   
18    D     0.0   0.0   0.19  0.57  0.0   0.0   0.0   0.0   0.0   0.0   0.0   0.0   0.0   0.0   0.0   0.07  0.17  0.0   0.0   0.0   
19    P     0.05  0.0   0.07  0.0   0.0   0.0   0.0   0.0   0.0   0.0   0.0   0.0   0.0   0.0   0.82  0.0   0.07  0.0   0.0   0.0   
20    W     0.0   0.0   0.0   0.0   0.0   0.0   0.0   0.0   0.0   0.0   0.05  0.0   0.0   0.26  0.0   0.0   0.0   0.29  0.36  0.04  
21    K     0.17  0.15  0.0   0.0   0.0   0.1   0.2   0.0   0.0   0.0   0.0   0.22  0.0   0.0   0.0   0.0   0.1   0.0   0.0   0.06  
22    L     0.0   0.0   0.0   0.0   0.0   0.0   0.0   0.0   0.0   0.16  0.38  0.0   0.0   0.0   0.0   0.0   0.04  0.0   0.0   0.42  
23    L     0.05  0.0   0.0   0.0   0.0   0.0   0.0   0.0   0.0   0.0   0.61  0.0   0.0   0.0   0.0   0.0   0.0   0.3   0.0   0.04  
24    I     0.0   0.0   0.0   0.0   0.0   0.0   0.0   0.0   0.0   0.38  0.03  0.0   0.0   0.0   0.0   0.0   0.0   0.0   0.0   0.59  
25    A     0.41  0.0   0.0   0.0   0.0   0.0   0.0   0.0   0.0   0.07  0.0   0.0   0.0   0.0   0.0   0.46  0.06  0.0   0.0   0.0   
26    T     0.09  0.0   0.0   0.0   0.07  0.0   0.41  0.0   0.0   0.0   0.0   0.0   0.0   0.0   0.0   0.0   0.27  0.0   0.0   0.16  
27    I     0.04  0.0   0.0   0.0   0.0   0.0   0.0   0.0   0.0   0.39  0.11  0.0   0.12  0.09  0.0   0.0   0.0   0.0   0.0   0.24  
28    F     0.0   0.0   0.0   0.0   0.0   0.0   0.0   0.0   0.0   0.0   0.57  0.0   0.35  0.08  0.0   0.0   0.0   0.0   0.0   0.0   
29    L     0.0   0.0   0.0   0.0   0.0   0.0   0.0   0.0   0.0   0.0   0.65  0.0   0.0   0.0   0.0   0.35  0.0   0.0   0.0   0.0   
30    N     0.3   0.15  0.15  0.0   0.0   0.4   0.0   0.0   0.0   0.0   0.0   0.0   0.0   0.0   0.0   0.0   0.0   0.0   0.0   0.0   
31    R     0.0   0.19  0.0   0.0   0.0   0.65  0.0   0.0   0.0   0.0   0.0   0.16  0.0   0.0   0.0   0.0   0.0   0.0   0.0   0.0   
32    T     0.06  0.0   0.0   0.0   0.09  0.0   0.0   0.0   0.0   0.0   0.0   0.0   0.0   0.0   0.0   0.05  0.8   0.0   0.0   0.0   
33    S     0.0   0.08  0.0   0.0   0.0   0.18  0.0   0.0   0.0   0.0   0.0   0.0   0.0   0.0   0.05  0.15  0.54  0.0   0.0   0.0   
34    G     0.16  0.0   0.0   0.35  0.0   0.0   0.0   0.15  0.0   0.0   0.0   0.0   0.0   0.0   0.0   0.0   0.0   0.0   0.0   0.34  
35    K     0.3   0.1   0.0   0.0   0.0   0.0   0.13  0.06  0.0   0.0   0.0   0.37  0.0   0.0   0.0   0.0   0.0   0.0   0.0   0.04  
36    M     0.0   0.19  0.05  0.0   0.0   0.16  0.0   0.0   0.06  0.0   0.04  0.0   0.14  0.0   0.0   0.1   0.25  0.0   0.0   0.0   
37    A     0.17  0.0   0.0   0.0   0.0   0.0   0.0   0.0   0.0   0.0   0.0   0.0   0.0   0.0   0.0   0.0   0.12  0.0   0.0   0.72  
38    I     0.0   0.07  0.3   0.0   0.0   0.0   0.05  0.0   0.0   0.38  0.05  0.06  0.0   0.0   0.0   0.0   0.0   0.0   0.0   0.09  
39    P     0.1   0.09  0.03  0.1   0.0   0.0   0.0   0.07  0.0   0.0   0.05  0.28  0.0   0.0   0.3   0.0   0.0   0.0   0.0   0.0   
40    V     0.15  0.0   0.0   0.0   0.0   0.0   0.0   0.0   0.0   0.16  0.0   0.0   0.0   0.0   0.0   0.0   0.11  0.0   0.3   0.28  
41    L     0.0   0.0   0.0   0.0   0.0   0.0   0.0   0.0   0.0   0.07  0.08  0.0   0.0   0.15  0.0   0.05  0.3   0.05  0.3   0.0   
42    W     0.06  0.05  0.0   0.06  0.04  0.09  0.1   0.0   0.0   0.0   0.0   0.18  0.0   0.0   0.19  0.07  0.08  0.08  0.0   0.0   
43    K     0.2   0.17  0.04  0.12  0.0   0.03  0.13  0.03  0.0   0.0   0.0   0.24  0.0   0.0   0.0   0.0   0.04  0.0   0.0   0.0   
44    F     0.0   0.0   0.0   0.0   0.0   0.0   0.0   0.0   0.0   0.0   0.42  0.0   0.0   0.45  0.0   0.0   0.0   0.13  0.0   0.0   
45    L     0.0   0.0   0.0   0.0   0.0   0.0   0.0   0.0   0.0   0.16  0.17  0.0   0.14  0.48  0.0   0.0   0.0   0.0   0.0   0.05  
46    E     0.15  0.14  0.0   0.09  0.0   0.17  0.13  0.12  0.0   0.0   0.04  0.04  0.0   0.0   0.0   0.04  0.0   0.0   0.0   0.06  
47    K     0.0   0.45  0.04  0.0   0.0   0.0   0.0   0.0   0.0   0.06  0.07  0.27  0.0   0.0   0.0   0.0   0.0   0.0   0.0   0.11  
48    Y     0.12  0.0   0.0   0.0   0.07  0.0   0.0   0.0   0.0   0.0   0.0   0.0   0.0   0.26  0.0   0.0   0.0   0.13  0.42  0.0   
49    P     0.0   0.1   0.06  0.06  0.0   0.0   0.0   0.0   0.0   0.0   0.0   0.11  0.0   0.0   0.6   0.0   0.07  0.0   0.0   0.0   
50    S     0.0   0.04  0.17  0.18  0.06  0.0   0.0   0.0   0.0   0.0   0.0   0.03  0.0   0.0   0.0   0.13  0.39  0.0   0.0   0.0   
51    A     0.29  0.0   0.0   0.0   0.0   0.0   0.0   0.0   0.0   0.12  0.11  0.0   0.0   0.06  0.36  0.0   0.0   0.0   0.0   0.06  
52    E     0.05  0.05  0.04  0.04  0.0   0.26  0.22  0.0   0.04  0.0   0.0   0.15  0.0   0.0   0.0   0.11  0.03  0.0   0.0   0.0   
53    V     0.3   0.05  0.0   0.27  0.0   0.0   0.05  0.06  0.0   0.0   0.0   0.0   0.0   0.0   0.0   0.09  0.1   0.0   0.0   0.08  
54    A     0.15  0.0   0.0   0.0   0.0   0.0   0.0   0.0   0.0   0.06  0.48  0.0   0.1   0.06  0.0   0.0   0.05  0.0   0.1   0.0   
55    R     0.5   0.08  0.09  0.0   0.0   0.0   0.0   0.0   0.0   0.06  0.17  0.0   0.0   0.0   0.0   0.04  0.07  0.0   0.0   0.0   
56    T     0.19  0.0   0.03  0.16  0.0   0.12  0.07  0.0   0.0   0.0   0.0   0.11  0.0   0.0   0.0   0.18  0.09  0.0   0.04  0.0   
57    A     0.54  0.0   0.0   0.0   0.0   0.0   0.0   0.04  0.0   0.06  0.06  0.0   0.0   0.0   0.0   0.12  0.06  0.0   0.0   0.11  
58    D     0.0   0.04  0.0   0.21  0.0   0.0   0.0   0.12  0.0   0.0   0.0   0.2   0.0   0.0   0.21  0.18  0.04  0.0   0.0   0.0   
59    W     0.0   0.1   0.0   0.0   0.0   0.0   0.24  0.0   0.0   0.03  0.34  0.06  0.0   0.0   0.05  0.0   0.05  0.08  0.0   0.05  
60    R     0.05  0.08  0.0   0.26  0.0   0.04  0.35  0.0   0.06  0.0   0.0   0.0   0.0   0.0   0.04  0.06  0.05  0.0   0.0   0.0   
61    D     0.06  0.06  0.0   0.27  0.0   0.0   0.57  0.0   0.0   0.0   0.0   0.0   0.0   0.0   0.0   0.04  0.0   0.0   0.0   0.0   
62    V     0.0   0.0   0.0   0.0   0.0   0.0   0.0   0.0   0.0   0.36  0.25  0.0   0.0   0.0   0.0   0.0   0.0   0.0   0.0   0.39  
63    S     0.06  0.1   0.08  0.0   0.06  0.09  0.16  0.0   0.0   0.0   0.27  0.05  0.0   0.0   0.0   0.08  0.0   0.0   0.05  0.0   
64    E     0.05  0.05  0.1   0.05  0.04  0.12  0.27  0.0   0.06  0.0   0.0   0.09  0.0   0.0   0.0   0.11  0.0   0.0   0.04  0.0   
65    L     0.09  0.0   0.06  0.11  0.0   0.0   0.0   0.0   0.03  0.05  0.61  0.0   0.0   0.0   0.0   0.0   0.0   0.0   0.06  0.0   
66    L     0.0   0.0   0.0   0.0   0.0   0.0   0.0   0.0   0.0   0.53  0.08  0.0   0.0   0.0   0.0   0.0   0.0   0.35  0.0   0.04  
67    K     0.03  0.25  0.0   0.0   0.0   0.05  0.03  0.05  0.04  0.0   0.0   0.31  0.0   0.0   0.0   0.17  0.06  0.0   0.0   0.0   
68    P     0.0   0.0   0.0   0.0   0.0   0.0   0.11  0.3   0.0   0.0   0.0   0.11  0.0   0.0   0.29  0.13  0.06  0.0   0.0   0.0   
69    L     0.0   0.0   0.0   0.0   0.0   0.0   0.0   0.0   0.0   0.17  0.64  0.0   0.0   0.0   0.0   0.05  0.14  0.0   0.0   0.0   
70    G     0.0   0.0   0.06  0.0   0.0   0.0   0.0   0.94  0.0   0.0   0.0   0.0   0.0   0.0   0.0   0.0   0.0   0.0   0.0   0.0   
71    L     0.02  0.01  0.01  0.01  0.01  0.01  0.02  0.02  0.01  0.05  0.4   0.02  0.11  0.15  0.01  0.02  0.02  0.0   0.09  0.02  
72    Y     0.0   0.0   0.0   0.0   0.0   0.07  0.09  0.0   0.0   0.0   0.0   0.0   0.0   0.04  0.0   0.06  0.0   0.0   0.74  0.0   
73    D     0.0   0.23  0.16  0.08  0.0   0.0   0.0   0.0   0.09  0.0   0.0   0.11  0.0   0.0   0.11  0.0   0.0   0.0   0.21  0.0   
74    L     0.06  0.05  0.18  0.0   0.0   0.15  0.0   0.0   0.0   0.0   0.08  0.21  0.0   0.0   0.0   0.11  0.1   0.0   0.0   0.05  
75    R     0.0   0.56  0.0   0.0   0.0   0.0   0.0   0.0   0.0   0.0   0.0   0.35  0.0   0.0   0.0   0.04  0.04  0.0   0.0   0.0   
76    A     0.72  0.0   0.0   0.0   0.0   0.0   0.0   0.08  0.0   0.0   0.0   0.0   0.0   0.0   0.0   0.06  0.07  0.0   0.0   0.07  
77    K     0.05  0.27  0.0   0.0   0.0   0.04  0.11  0.0   0.0   0.0   0.0   0.37  0.0   0.0   0.0   0.1   0.05  0.0   0.0   0.0   
78    T     0.04  0.24  0.28  0.0   0.0   0.06  0.0   0.0   0.04  0.09  0.05  0.0   0.07  0.0   0.0   0.05  0.08  0.0   0.0   0.0   
79    I     0.0   0.0   0.0   0.0   0.0   0.0   0.0   0.0   0.0   0.57  0.43  0.0   0.0   0.0   0.0   0.0   0.0   0.0   0.0   0.0   
80    V     0.0   0.0   0.0   0.0   0.0   0.23  0.0   0.0   0.15  0.19  0.1   0.2   0.0   0.0   0.0   0.0   0.0   0.0   0.04  0.09  
81    K     0.09  0.17  0.0   0.0   0.0   0.0   0.33  0.1   0.0   0.0   0.0   0.32  0.0   0.0   0.0   0.0   0.0   0.0   0.0   0.0   
82    F     0.14  0.0   0.0   0.0   0.05  0.0   0.04  0.08  0.0   0.05  0.42  0.04  0.0   0.08  0.0   0.0   0.1   0.0   0.0   0.0   
83    S     0.33  0.0   0.0   0.0   0.1   0.0   0.0   0.05  0.0   0.0   0.0   0.0   0.0   0.04  0.0   0.39  0.0   0.0   0.04  0.03  
84    D     0.06  0.24  0.05  0.08  0.0   0.2   0.11  0.0   0.0   0.0   0.07  0.2   0.0   0.0   0.0   0.0   0.0   0.0   0.0   0.0   
85    E     0.05  0.0   0.0   0.05  0.0   0.06  0.37  0.04  0.04  0.15  0.0   0.12  0.04  0.0   0.0   0.0   0.0   0.0   0.0   0.06  
86    Y     0.0   0.0   0.0   0.0   0.0   0.0   0.0   0.0   0.0   0.2   0.35  0.04  0.0   0.0   0.0   0.0   0.0   0.0   0.15  0.26  
87    L     0.04  0.0   0.0   0.0   0.0   0.0   0.04  0.0   0.0   0.16  0.21  0.08  0.0   0.1   0.0   0.0   0.0   0.0   0.0   0.37  
88    T     0.04  0.05  0.06  0.0   0.0   0.11  0.33  0.04  0.0   0.0   0.0   0.06  0.0   0.0   0.15  0.0   0.16  0.0   0.0   0.0   
89    K     0.0   0.33  0.0   0.2   0.0   0.0   0.2   0.0   0.04  0.0   0.0   0.17  0.0   0.0   0.0   0.0   0.05  0.0   0.0   0.0   
90    Q     0.06  0.0   0.09  0.14  0.0   0.13  0.0   0.42  0.0   0.0   0.09  0.0   0.0   0.0   0.0   0.07  0.0   0.0   0.0   0.0   
91    W     0.06  0.0   0.0   0.0   0.0   0.0   0.0   0.64  0.0   0.05  0.0   0.0   0.0   0.1   0.0   0.0   0.0   0.15  0.0   0.0   
92    K     0.0   0.19  0.0   0.0   0.0   0.11  0.23  0.09  0.0   0.04  0.0   0.18  0.0   0.0   0.0   0.1   0.07  0.0   0.0   0.0   
93    Y     0.0   0.0   0.05  0.05  0.0   0.0   0.0   0.0   0.16  0.14  0.0   0.0   0.0   0.08  0.0   0.0   0.0   0.0   0.08  0.44  
94    P     0.0   0.0   0.0   0.0   0.0   0.0   0.0   0.0   0.0   0.05  0.1   0.0   0.06  0.0   0.69  0.0   0.0   0.0   0.0   0.1   
95    I     0.04  0.0   0.06  0.04  0.15  0.0   0.0   0.0   0.0   0.22  0.15  0.0   0.0   0.0   0.09  0.0   0.07  0.0   0.0   0.18  
96    E     0.08  0.09  0.06  0.2   0.0   0.12  0.13  0.0   0.0   0.0   0.0   0.18  0.0   0.0   0.0   0.0   0.15  0.0   0.0   0.0   
97    L     0.0   0.0   0.0   0.0   0.0   0.0   0.0   0.0   0.0   0.0   1.0   0.0   0.0   0.0   0.0   0.0   0.0   0.0   0.0   0.0   
98    H     0.0   0.0   0.0   0.0   0.0   0.0   0.0   0.0   0.15  0.0   0.0   0.04  0.0   0.0   0.81  0.0   0.0   0.0   0.0   0.0   
99    G     0.0   0.0   0.0   0.0   0.0   0.0   0.0   1.0   0.0   0.0   0.0   0.0   0.0   0.0   0.0   0.0   0.0   0.0   0.0   0.0   
100   I     0.0   0.0   0.0   0.0   0.0   0.0   0.0   0.0   0.0   0.22  0.0   0.0   0.0   0.0   0.0   0.0   0.0   0.0   0.0   0.78  
101   G     0.05  0.0   0.0   0.0   0.0   0.0   0.0   0.95  0.0   0.0   0.0   0.0   0.0   0.0   0.0   0.0   0.0   0.0   0.0   0.0   
102   K     0.0   0.54  0.0   0.1   0.0   0.0   0.0   0.0   0.0   0.0   0.0   0.26  0.0   0.0   0.04  0.06  0.0   0.0   0.0   0.0   
103   Y     0.0   0.0   0.0   0.0   0.0   0.0   0.0   0.0   0.0   0.0   0.0   0.28  0.0   0.05  0.0   0.15  0.0   0.0   0.52  0.0   
104   G     0.14  0.0   0.0   0.0   0.0   0.0   0.0   0.16  0.0   0.0   0.0   0.0   0.0   0.0   0.0   0.0   0.7   0.0   0.0   0.0   
105   N     0.78  0.0   0.1   0.0   0.0   0.0   0.0   0.01  0.0   0.0   0.01  0.0   0.0   0.06  0.0   0.0   0.0   0.0   0.0   0.0   
106   D     0.01  0.08  0.38  0.2   0.0   0.0   0.0   0.28  0.0   0.0   0.01  0.0   0.0   0.0   0.0   0.01  0.0   0.0   0.0   0.01  
107   S     0.63  0.0   0.0   0.0   0.13  0.0   0.0   0.0   0.0   0.0   0.08  0.0   0.0   0.0   0.0   0.16  0.0   0.0   0.0   0.0   
108   Y     0.16  0.0   0.0   0.0   0.0   0.0   0.0   0.0   0.0   0.22  0.0   0.0   0.0   0.0   0.0   0.0   0.0   0.0   0.49  0.14  
109   R     0.67  0.2   0.0   0.0   0.0   0.0   0.0   0.0   0.0   0.0   0.0   0.0   0.0   0.0   0.0   0.13  0.0   0.0   0.0   0.0   
110   I     0.0   0.0   0.0   0.0   0.31  0.0   0.0   0.0   0.0   0.37  0.0   0.0   0.0   0.0   0.0   0.15  0.0   0.0   0.0   0.17  
111   F     0.0   0.0   0.0   0.0   0.0   0.0   0.0   0.0   0.0   0.3   0.0   0.0   0.17  0.53  0.0   0.0   0.0   0.0   0.0   0.0   
112   C     0.19  0.0   0.0   0.0   0.63  0.0   0.0   0.0   0.0   0.0   0.18  0.0   0.0   0.0   0.0   0.0   0.0   0.0   0.0   0.0   
113   V     0.0   0.0   0.18  0.18  0.0   0.0   0.0   0.0   0.0   0.0   0.21  0.0   0.0   0.19  0.0   0.0   0.0   0.0   0.0   0.24  
114   N     0.21  0.0   0.24  0.0   0.0   0.0   0.0   0.55  0.0   0.0   0.0   0.0   0.0   0.0   0.0   0.0   0.0   0.0   0.0   0.0   
115   E     0.0   0.0   0.36  0.0   0.0   0.19  0.24  0.0   0.0   0.0   0.0   0.0   0.0   0.21  0.0   0.0   0.0   0.0   0.0   0.0   
116   W     0.0   0.0   0.0   0.0   0.0   0.0   0.0   0.25  0.0   0.25  0.0   0.0   0.0   0.0   0.0   0.0   0.0   0.5   0.0   0.0   
117   K     0.0   0.0   0.0   0.22  0.0   0.0   0.0   0.0   0.0   0.0   0.0   0.78  0.0   0.0   0.0   0.0   0.0   0.0   0.0   0.0   
118   Q     0.0   0.47  0.0   0.0   0.0   0.28  0.0   0.0   0.0   0.0   0.0   0.25  0.0   0.0   0.0   0.0   0.0   0.0   0.0   0.0   
119   V     0.25  0.0   0.0   0.0   0.0   0.0   0.0   0.0   0.0   0.0   0.0   0.0   0.0   0.0   0.0   0.0   0.0   0.0   0.0   0.75  
120   H     0.25  0.0   0.0   0.0   0.0   0.0   0.0   0.0   0.28  0.0   0.25  0.22  0.0   0.0   0.0   0.0   0.0   0.0   0.0   0.0   
121   P     0.0   0.0   0.0   0.0   0.0   0.0   0.0   0.0   0.0   0.25  0.0   0.0   0.25  0.0   0.5   0.0   0.0   0.0   0.0   0.0   
122   E     0.0   0.25  0.22  0.0   0.0   0.0   0.28  0.0   0.0   0.0   0.0   0.0   0.0   0.0   0.0   0.0   0.0   0.0   0.0   0.25  
123   D     0.0   0.0   0.0   0.75  0.0   0.0   0.0   0.0   0.0   0.0   0.0   0.0   0.0   0.0   0.0   0.0   0.0   0.0   0.25  0.0   
124   H     0.0   0.0   0.0   0.0   0.0   0.0   0.25  0.0   0.5   0.0   0.0   0.0   0.0   0.0   0.0   0.0   0.0   0.0   0.25  0.0   
125   K     0.0   0.0   0.25  0.0   0.0   0.0   0.0   0.0   0.0   0.0   0.0   0.28  0.22  0.0   0.0   0.25  0.0   0.0   0.0   0.0   
126   L     0.0   0.0   0.0   0.0   0.0   0.0   0.0   0.0   0.0   0.25  0.75  0.0   0.0   0.0   0.0   0.0   0.0   0.0   0.0   0.0   
127   N     0.0   0.0   1.0   0.0   0.0   0.0   0.0   0.0   0.0   0.0   0.0   0.0   0.0   0.0   0.0   0.0   0.0   0.0   0.0   0.0   
128   K     0.0   0.0   0.0   0.0   0.0   0.0   0.0   0.0   0.0   0.0   0.0   0.28  0.0   0.0   0.0   0.0   0.0   0.0   0.72  0.0   
129   Y     0.0   0.0   0.25  0.0   0.0   0.0   0.0   0.0   0.0   0.25  0.0   0.0   0.0   0.0   0.0   0.0   0.0   0.0   0.5   0.0   
130   H     0.0   0.0   0.0   0.0   0.0   0.0   0.25  0.0   0.53  0.0   0.0   0.0   0.0   0.0   0.0   0.0   0.0   0.22  0.0   0.0   
131   D     0.0   0.0   0.0   0.5   0.0   0.0   0.0   0.0   0.0   0.0   0.0   0.5   0.0   0.0   0.0   0.0   0.0   0.0   0.0   0.0   
132   W     0.25  0.0   0.0   0.0   0.0   0.0   0.0   0.0   0.0   0.0   0.25  0.0   0.0   0.0   0.0   0.0   0.0   0.28  0.22  0.0   
133   L     0.0   0.0   0.0   0.0   0.0   0.0   0.0   0.0   0.0   0.0   1.0   0.0   0.0   0.0   0.0   0.0   0.0   0.0   0.0   0.0   
134   W     0.0   0.0   0.0   0.0   0.0   0.0   0.0   0.0   0.0   0.0   0.0   0.0   0.0   0.0   0.0   0.0   0.0   1.0   0.0   0.0   
135   E     0.0   0.0   0.0   0.0   0.0   0.0   0.69  0.0   0.0   0.0   0.0   0.31  0.0   0.0   0.0   0.0   0.0   0.0   0.0   0.0   
136   N     0.0   0.0   0.38  0.0   0.0   0.0   0.0   0.0   0.0   0.0   0.31  0.0   0.0   0.0   0.0   0.0   0.31  0.0   0.0   0.0   
137   H     0.31  0.0   0.0   0.0   0.0   0.0   0.0   0.0   0.38  0.31  0.0   0.0   0.0   0.0   0.0   0.0   0.0   0.0   0.0   0.0   
138   E     0.0   0.0   0.0   0.0   0.0   0.0   1.0   0.0   0.0   0.0   0.0   0.0   0.0   0.0   0.0   0.0   0.0   0.0   0.0   0.0   
139   K     0.0   0.0   0.0   0.0   0.0   0.0   0.0   0.0   0.0   0.0   0.0   0.38  0.0   0.0   0.0   0.31  0.31  0.0   0.0   0.0   
140   L     0.0   0.0   0.0   0.0   0.0   0.0   0.0   0.0   0.0   0.31  0.69  0.0   0.0   0.0   0.0   0.0   0.0   0.0   0.0   0.0   
