             A     R     N     D     C     Q     E     G     H     I     L     K     M     F     P     S     T     W     Y     V
1     P     0.0   0.0   0.0   0.0   0.0   0.0   0.0   0.0   0.0   0.0   0.0   0.0   0.0   0.0   1.0   0.0   0.0   0.0   0.0   0.0   
2     F     0.13  0.0   0.14  0.14  0.0   0.0   0.0   0.0   0.0   0.0   0.15  0.0   0.17  0.28  0.0   0.0   0.0   0.0   0.0   0.0   
3     Q     0.13  0.12  0.0   0.0   0.0   0.12  0.27  0.0   0.0   0.0   0.23  0.0   0.0   0.0   0.0   0.13  0.0   0.0   0.0   0.0   
4     V     0.0   0.0   0.0   0.0   0.0   0.0   0.0   0.0   0.0   0.5   0.0   0.0   0.0   0.07  0.0   0.0   0.0   0.0   0.0   0.43  
5     A     0.06  0.0   0.0   0.0   0.0   0.0   0.12  0.0   0.0   0.05  0.0   0.0   0.07  0.0   0.71  0.0   0.0   0.0   0.0   0.0   
6     V     0.0   0.0   0.0   0.0   0.0   0.0   0.0   0.0   0.0   0.16  0.21  0.0   0.06  0.0   0.0   0.0   0.0   0.0   0.0   0.58  
7     G     0.06  0.0   0.0   0.0   0.0   0.0   0.3   0.64  0.0   0.0   0.0   0.0   0.0   0.0   0.0   0.0   0.0   0.0   0.0   0.0   
8     V     0.24  0.0   0.0   0.0   0.0   0.0   0.0   0.0   0.0   0.12  0.0   0.0   0.0   0.0   0.0   0.0   0.0   0.0   0.0   0.64  
9     S     0.0   0.0   0.0   0.0   0.0   0.0   0.0   0.0   0.0   0.0   0.0   0.0   0.0   0.0   0.0   1.0   0.0   0.0   0.0   0.0   
10    N     0.18  0.0   0.54  0.0   0.0   0.0   0.0   0.24  0.0   0.0   0.0   0.0   0.0   0.0   0.0   0.04  0.0   0.0   0.0   0.0   
11    R     0.0   0.88  0.0   0.0   0.0   0.0   0.0   0.0   0.12  0.0   0.0   0.0   0.0   0.0   0.0   0.0   0.0   0.0   0.0   0.0   
12    H     0.0   0.0   0.0   0.0   0.0   0.0   0.0   0.0   1.0   0.0   0.0   0.0   0.0   0.0   0.0   0.0   0.0   0.0   0.0   0.0   
13    I     0.0   0.0   0.0   0.0   0.06  0.0   0.0   0.0   0.0   0.49  0.06  0.0   0.0   0.0   0.0   0.0   0.0   0.0   0.0   0.39  
14    H     0.0   0.0   0.0   0.0   0.0   0.0   0.0   0.0   1.0   0.0   0.0   0.0   0.0   0.0   0.0   0.0   0.0   0.0   0.0   0.0   
15    L     0.0   0.0   0.0   0.0   0.0   0.0   0.0   0.0   0.0   0.0   1.0   0.0   0.0   0.0   0.0   0.0   0.0   0.0   0.0   0.0   
16    S     0.04  0.0   0.06  0.05  0.03  0.0   0.0   0.0   0.0   0.0   0.0   0.0   0.0   0.0   0.0   0.59  0.22  0.0   0.0   0.0   
17    R     0.25  0.3   0.0   0.0   0.0   0.06  0.17  0.0   0.0   0.06  0.0   0.17  0.0   0.0   0.0   0.0   0.0   0.0   0.0   0.0   
18    T     0.13  0.0   0.0   0.06  0.0   0.12  0.54  0.0   0.0   0.0   0.0   0.05  0.0   0.0   0.05  0.0   0.05  0.0   0.0   0.0   
19    D     0.0   0.0   0.0   0.69  0.0   0.0   0.05  0.0   0.21  0.0   0.0   0.0   0.0   0.0   0.0   0.0   0.05  0.0   0.0   0.0   
20    M     0.0   0.0   0.0   0.0   0.0   0.0   0.0   0.0   0.0   0.11  0.11  0.0   0.16  0.16  0.0   0.0   0.0   0.0   0.21  0.26  
21    D     0.17  0.06  0.06  0.26  0.0   0.11  0.24  0.0   0.0   0.0   0.0   0.05  0.0   0.0   0.0   0.06  0.0   0.0   0.0   0.0   
22    T     0.26  0.16  0.0   0.0   0.0   0.06  0.0   0.0   0.09  0.06  0.06  0.11  0.0   0.0   0.0   0.05  0.16  0.0   0.0   0.0   
23    L     0.0   0.0   0.0   0.0   0.0   0.0   0.0   0.0   0.0   0.0   1.0   0.0   0.0   0.0   0.0   0.0   0.0   0.0   0.0   0.0   
24    F     0.0   0.0   0.0   0.0   0.0   0.0   0.0   0.0   0.0   0.0   0.0   0.0   0.0   1.0   0.0   0.0   0.0   0.0   0.0   0.0   
25    G     0.03  0.02  0.02  0.02  0.01  0.02  0.02  0.66  0.01  0.02  0.03  0.02  0.01  0.01  0.02  0.03  0.02  0.0   0.01  0.02  
26    P     0.06  0.0   0.0   0.0   0.0   0.0   0.21  0.0   0.0   0.0   0.0   0.1   0.0   0.0   0.57  0.06  0.0   0.0   0.0   0.0   
27    G     0.04  0.0   0.12  0.05  0.0   0.0   0.09  0.7   0.0   0.0   0.0   0.0   0.0   0.0   0.0   0.0   0.0   0.0   0.0   0.0   
28    A     0.11  0.03  0.0   0.06  0.0   0.3   0.0   0.0   0.03  0.0   0.0   0.0   0.0   0.0   0.0   0.0   0.0   0.0   0.47  0.0   
29    E     0.03  0.0   0.0   0.0   0.0   0.11  0.37  0.0   0.0   0.0   0.0   0.17  0.0   0.0   0.13  0.09  0.1   0.0   0.0   0.0   
30    L     0.0   0.0   0.0   0.0   0.0   0.0   0.0   0.0   0.0   0.26  0.68  0.0   0.06  0.0   0.0   0.0   0.0   0.0   0.0   0.0   
31    Q     0.0   0.03  0.0   0.0   0.0   0.09  0.06  0.0   0.0   0.0   0.0   0.11  0.0   0.0   0.0   0.19  0.52  0.0   0.0   0.0   
32    R     0.0   0.11  0.0   0.0   0.0   0.0   0.12  0.0   0.05  0.11  0.0   0.22  0.06  0.0   0.17  0.0   0.0   0.0   0.0   0.16  
33    K     0.04  0.0   0.0   0.0   0.0   0.0   0.0   0.0   0.0   0.06  0.17  0.48  0.05  0.05  0.0   0.0   0.0   0.0   0.0   0.14  
34    K     0.0   0.05  0.0   0.0   0.0   0.0   0.0   0.0   0.0   0.0   0.0   0.82  0.0   0.0   0.0   0.12  0.0   0.0   0.0   0.0   
35    A     0.31  0.0   0.0   0.36  0.0   0.0   0.1   0.0   0.0   0.0   0.0   0.12  0.0   0.0   0.11  0.0   0.0   0.0   0.0   0.0   
36    M     0.0   0.0   0.0   0.0   0.0   0.0   0.0   0.0   0.0   0.06  0.83  0.0   0.11  0.0   0.0   0.0   0.0   0.0   0.0   0.0   
37    K     0.0   0.11  0.0   0.0   0.0   0.0   0.0   0.05  0.0   0.0   0.17  0.17  0.04  0.0   0.0   0.43  0.0   0.0   0.0   0.0   
38    Q     0.0   0.0   0.0   0.0   0.0   0.94  0.0   0.0   0.0   0.0   0.0   0.0   0.06  0.0   0.0   0.0   0.0   0.0   0.0   0.0   
39    P     0.0   0.0   0.0   0.0   0.0   0.0   0.0   0.06  0.06  0.0   0.0   0.0   0.0   0.0   0.82  0.0   0.0   0.0   0.0   0.06  
40    G     0.06  0.0   0.0   0.04  0.0   0.0   0.0   0.84  0.0   0.0   0.0   0.06  0.0   0.0   0.0   0.0   0.0   0.0   0.0   0.0   
41    Q     0.0   0.0   0.0   0.06  0.0   0.88  0.06  0.0   0.0   0.0   0.0   0.0   0.0   0.0   0.0   0.0   0.0   0.0   0.0   0.0   
42    F     0.0   0.0   0.0   0.0   0.0   0.0   0.0   0.0   0.0   0.0   0.0   0.0   0.0   0.56  0.0   0.0   0.0   0.0   0.44  0.0   
43    A     0.84  0.0   0.0   0.0   0.0   0.06  0.0   0.0   0.0   0.0   0.0   0.0   0.0   0.0   0.0   0.0   0.0   0.0   0.0   0.1   
44    A     0.68  0.0   0.0   0.0   0.2   0.0   0.0   0.0   0.0   0.0   0.0   0.0   0.0   0.0   0.0   0.06  0.0   0.0   0.06  0.0   
45    E     0.05  0.0   0.12  0.09  0.0   0.0   0.33  0.0   0.0   0.0   0.0   0.4   0.0   0.0   0.0   0.0   0.0   0.0   0.0   0.0   
46    E     0.0   0.0   0.0   0.0   0.0   0.36  0.58  0.0   0.0   0.0   0.0   0.06  0.0   0.0   0.0   0.0   0.0   0.0   0.0   0.0   
47    T     0.0   0.3   0.0   0.0   0.0   0.0   0.0   0.0   0.0   0.0   0.0   0.0   0.0   0.0   0.0   0.0   0.7   0.0   0.0   0.0   
48    V     0.0   0.0   0.0   0.0   0.0   0.0   0.0   0.0   0.0   0.13  0.04  0.0   0.0   0.0   0.0   0.0   0.0   0.0   0.0   0.83  
49    T     0.0   0.09  0.0   0.12  0.06  0.0   0.0   0.0   0.0   0.0   0.0   0.0   0.0   0.0   0.0   0.1   0.62  0.0   0.0   0.0   
50    L     0.0   0.0   0.0   0.0   0.0   0.0   0.0   0.0   0.0   0.39  0.47  0.0   0.0   0.0   0.0   0.0   0.0   0.0   0.0   0.14  
51    K     0.18  0.05  0.0   0.0   0.0   0.0   0.0   0.0   0.0   0.29  0.0   0.05  0.0   0.0   0.0   0.0   0.05  0.0   0.0   0.38  
52    G     0.0   0.0   0.0   0.0   0.0   0.0   0.0   1.0   0.0   0.0   0.0   0.0   0.0   0.0   0.0   0.0   0.0   0.0   0.0   0.0   
53    P     0.0   0.0   0.0   0.0   0.0   0.0   0.0   0.0   0.0   0.0   0.06  0.0   0.0   0.0   0.89  0.05  0.0   0.0   0.0   0.0   
54    K     0.0   0.05  0.0   0.0   0.0   0.0   0.0   0.0   0.0   0.0   0.0   0.95  0.0   0.0   0.0   0.0   0.0   0.0   0.0   0.0   
55    G     0.0   0.06  0.0   0.0   0.0   0.0   0.0   0.86  0.0   0.0   0.0   0.0   0.0   0.0   0.0   0.08  0.0   0.0   0.0   0.0   
56    S     0.1   0.04  0.0   0.05  0.06  0.14  0.12  0.0   0.0   0.0   0.05  0.04  0.0   0.0   0.0   0.22  0.12  0.0   0.0   0.05  
57    L     0.0   0.0   0.0   0.0   0.0   0.0   0.0   0.0   0.0   0.49  0.3   0.0   0.0   0.21  0.0   0.0   0.0   0.0   0.0   0.0   
58    S     0.0   0.0   0.04  0.0   0.0   0.05  0.26  0.11  0.05  0.0   0.0   0.28  0.0   0.0   0.0   0.15  0.06  0.0   0.0   0.0   
59    K     0.0   0.0   0.53  0.0   0.0   0.0   0.0   0.05  0.12  0.0   0.0   0.3   0.0   0.0   0.0   0.0   0.0   0.0   0.0   0.0   
60    V     0.0   0.0   0.0   0.0   0.0   0.0   0.0   0.0   0.0   0.0   0.0   0.0   0.0   0.0   0.0   0.0   0.0   0.0   0.0   1.0   
61    R     0.06  0.7   0.0   0.0   0.0   0.0   0.0   0.0   0.0   0.0   0.0   0.0   0.0   0.0   0.0   0.0   0.0   0.0   0.0   0.24  
62    V     0.0   0.0   0.0   0.0   0.0   0.0   0.0   0.0   0.0   0.32  0.26  0.0   0.0   0.0   0.0   0.0   0.0   0.0   0.0   0.43  
63    L     0.0   0.0   0.0   0.0   0.0   0.0   0.0   0.0   0.0   0.0   0.94  0.0   0.06  0.0   0.0   0.0   0.0   0.0   0.0   0.0   
64    G     0.0   0.0   0.0   0.0   0.0   0.0   0.0   1.0   0.0   0.0   0.0   0.0   0.0   0.0   0.0   0.0   0.0   0.0   0.0   0.0   
65    P     0.0   0.0   0.0   0.0   0.0   0.0   0.0   0.0   0.0   0.0   0.0   0.0   0.0   0.0   1.0   0.0   0.0   0.0   0.0   0.0   
66    L     0.06  0.0   0.0   0.0   0.2   0.0   0.05  0.0   0.0   0.12  0.35  0.0   0.0   0.0   0.0   0.06  0.0   0.0   0.06  0.1   
67    R     0.0   1.0   0.0   0.0   0.0   0.0   0.0   0.0   0.0   0.0   0.0   0.0   0.0   0.0   0.0   0.0   0.0   0.0   0.0   0.0   
68    R     0.06  0.09  0.13  0.06  0.0   0.04  0.06  0.05  0.0   0.0   0.0   0.21  0.0   0.0   0.0   0.31  0.0   0.0   0.0   0.0   
69    E     0.09  0.0   0.0   0.0   0.0   0.05  0.36  0.0   0.12  0.06  0.0   0.05  0.0   0.04  0.0   0.0   0.1   0.0   0.06  0.06  
70    T     0.0   0.0   0.0   0.0   0.0   0.0   0.0   0.0   0.0   0.0   0.0   0.0   0.0   0.0   0.0   0.53  0.47  0.0   0.0   0.0   
71    Q     0.0   0.0   0.0   0.0   0.0   1.0   0.0   0.0   0.0   0.0   0.0   0.0   0.0   0.0   0.0   0.0   0.0   0.0   0.0   0.0   
72    V     0.0   0.0   0.0   0.0   0.0   0.0   0.0   0.0   0.0   0.17  0.0   0.0   0.0   0.0   0.0   0.0   0.0   0.0   0.0   0.83  
73    E     0.0   0.0   0.0   0.0   0.0   0.0   1.0   0.0   0.0   0.0   0.0   0.0   0.0   0.0   0.0   0.0   0.0   0.0   0.0   0.0   
74    V     0.0   0.0   0.0   0.0   0.0   0.0   0.0   0.0   0.0   0.58  0.16  0.0   0.0   0.0   0.0   0.0   0.0   0.0   0.0   0.26  
75    S     0.12  0.0   0.0   0.0   0.0   0.0   0.0   0.0   0.0   0.0   0.0   0.0   0.0   0.0   0.0   0.88  0.0   0.0   0.0   0.0   
76    V     0.06  0.36  0.0   0.0   0.0   0.0   0.0   0.0   0.0   0.0   0.14  0.12  0.05  0.0   0.0   0.05  0.0   0.0   0.11  0.11  
77    A     0.11  0.0   0.0   0.0   0.0   0.0   0.0   0.0   0.0   0.0   0.0   0.0   0.0   0.0   0.0   0.12  0.77  0.0   0.0   0.0   
78    D     0.0   0.0   0.0   0.88  0.0   0.0   0.12  0.0   0.0   0.0   0.0   0.0   0.0   0.0   0.0   0.0   0.0   0.0   0.0   0.0   
79    G     0.47  0.0   0.06  0.0   0.09  0.0   0.0   0.21  0.0   0.0   0.0   0.0   0.0   0.0   0.0   0.12  0.05  0.0   0.0   0.0   
80    F     0.0   0.4   0.0   0.0   0.0   0.0   0.0   0.0   0.0   0.12  0.06  0.0   0.0   0.21  0.0   0.05  0.1   0.0   0.06  0.0   
81    A     0.16  0.04  0.06  0.0   0.0   0.09  0.0   0.0   0.0   0.09  0.0   0.12  0.0   0.0   0.0   0.0   0.44  0.0   0.0   0.0   
82    L     0.0   0.0   0.0   0.0   0.0   0.0   0.0   0.0   0.0   0.2   0.8   0.0   0.0   0.0   0.0   0.0   0.0   0.0   0.0   0.0   
83    G     0.0   0.0   0.0   0.0   0.0   0.0   0.0   1.0   0.0   0.0   0.0   0.0   0.0   0.0   0.0   0.0   0.0   0.0   0.0   0.0   
84    I     0.06  0.0   0.0   0.0   0.0   0.0   0.0   0.0   0.0   0.59  0.1   0.0   0.0   0.0   0.0   0.0   0.0   0.0   0.0   0.26  
85    T     0.16  0.04  0.05  0.06  0.0   0.0   0.0   0.0   0.0   0.0   0.0   0.43  0.0   0.0   0.06  0.0   0.14  0.0   0.0   0.06  
86    P     0.58  0.0   0.0   0.0   0.0   0.0   0.0   0.09  0.0   0.06  0.0   0.0   0.0   0.0   0.27  0.0   0.0   0.0   0.0   0.0   
87    P     0.0   0.0   0.0   0.0   0.0   0.0   0.0   0.0   0.0   0.0   0.0   0.0   0.0   0.0   0.91  0.0   0.0   0.0   0.0   0.09  
88    L     0.0   0.0   0.0   0.0   0.0   0.0   0.0   0.0   0.0   0.32  0.42  0.0   0.05  0.0   0.0   0.0   0.0   0.0   0.0   0.21  
89    R     0.0   0.95  0.0   0.0   0.0   0.0   0.0   0.0   0.0   0.0   0.0   0.05  0.0   0.0   0.0   0.0   0.0   0.0   0.0   0.0   
90    Q     0.0   0.0   0.0   0.04  0.0   0.1   0.37  0.0   0.0   0.0   0.11  0.0   0.31  0.0   0.0   0.0   0.0   0.0   0.0   0.06  
91    S     0.0   0.0   0.0   0.0   0.0   0.0   0.0   0.0   0.0   0.0   0.0   0.0   0.0   0.0   0.0   1.0   0.0   0.0   0.0   0.0   
92    G     0.0   0.0   0.0   0.0   0.0   0.0   0.0   1.0   0.0   0.0   0.0   0.0   0.0   0.0   0.0   0.0   0.0   0.0   0.0   0.0   
93    Q     0.0   0.0   0.13  0.56  0.0   0.05  0.0   0.0   0.06  0.0   0.0   0.2   0.0   0.0   0.0   0.0   0.0   0.0   0.0   0.0   
94    L     0.0   0.0   0.0   0.0   0.0   0.0   0.0   0.0   0.0   0.33  0.62  0.0   0.0   0.0   0.0   0.0   0.05  0.0   0.0   0.0   
95    D     0.05  0.0   0.0   0.23  0.0   0.17  0.3   0.0   0.0   0.0   0.0   0.21  0.0   0.0   0.0   0.0   0.05  0.0   0.0   0.0   
96    D     0.0   0.0   0.06  0.11  0.0   0.0   0.0   0.83  0.0   0.0   0.0   0.0   0.0   0.0   0.0   0.0   0.0   0.0   0.0   0.0   
97    T     0.06  0.0   0.0   0.0   0.0   0.0   0.0   0.0   0.0   0.0   0.0   0.0   0.0   0.0   0.0   0.28  0.66  0.0   0.0   0.0   
98    P     0.24  0.0   0.0   0.0   0.0   0.0   0.06  0.0   0.0   0.0   0.05  0.0   0.0   0.0   0.61  0.0   0.0   0.0   0.0   0.05  
99    G     0.06  0.0   0.06  0.0   0.0   0.0   0.0   0.6   0.0   0.0   0.0   0.0   0.0   0.0   0.06  0.21  0.0   0.0   0.0   0.0   
100   L     0.0   0.0   0.0   0.0   0.0   0.0   0.0   0.0   0.0   0.63  0.17  0.0   0.0   0.0   0.0   0.0   0.0   0.0   0.0   0.19  
101   T     0.06  0.2   0.0   0.0   0.06  0.0   0.0   0.0   0.0   0.06  0.14  0.17  0.0   0.0   0.0   0.0   0.26  0.0   0.0   0.04  
102   I     0.0   0.0   0.0   0.0   0.0   0.0   0.0   0.0   0.0   0.26  0.51  0.0   0.0   0.0   0.0   0.0   0.0   0.0   0.0   0.24  
103   I     0.06  0.06  0.0   0.0   0.0   0.0   0.0   0.09  0.0   0.31  0.05  0.05  0.05  0.0   0.0   0.05  0.0   0.0   0.0   0.28  
104   G     0.0   0.0   0.05  0.0   0.0   0.0   0.0   0.33  0.0   0.0   0.0   0.0   0.0   0.0   0.0   0.36  0.17  0.0   0.0   0.09  
105   P     0.05  0.0   0.0   0.0   0.0   0.05  0.05  0.2   0.0   0.0   0.0   0.0   0.0   0.0   0.65  0.0   0.0   0.0   0.0   0.0   
106   Q     0.1   0.0   0.04  0.15  0.0   0.05  0.0   0.0   0.06  0.0   0.0   0.23  0.0   0.2   0.0   0.05  0.0   0.0   0.11  0.0   
107   G     0.31  0.0   0.05  0.0   0.0   0.0   0.0   0.49  0.0   0.0   0.0   0.15  0.0   0.0   0.0   0.0   0.0   0.0   0.0   0.0   
108   S     0.12  0.0   0.0   0.0   0.0   0.0   0.41  0.0   0.0   0.04  0.0   0.0   0.06  0.05  0.0   0.22  0.0   0.0   0.04  0.05  
109   V     0.0   0.0   0.0   0.0   0.0   0.0   0.0   0.0   0.0   0.31  0.21  0.06  0.0   0.0   0.0   0.0   0.0   0.0   0.0   0.41  
110   T     0.0   0.0   0.11  0.03  0.0   0.1   0.19  0.0   0.0   0.0   0.01  0.05  0.0   0.0   0.0   0.0   0.25  0.0   0.12  0.11  
111   K     0.0   0.0   0.0   0.0   0.0   0.0   0.06  0.0   0.0   0.09  0.52  0.21  0.0   0.06  0.0   0.0   0.0   0.0   0.0   0.06  
112   D     0.1   0.0   0.07  0.26  0.0   0.0   0.16  0.0   0.0   0.06  0.01  0.06  0.0   0.0   0.03  0.14  0.09  0.0   0.0   0.0   
113   H     0.05  0.0   0.0   0.0   0.0   0.12  0.28  0.1   0.1   0.0   0.0   0.19  0.0   0.0   0.0   0.16  0.0   0.0   0.0   0.0   
114   G     0.0   0.0   0.0   0.0   0.0   0.0   0.0   0.94  0.0   0.0   0.0   0.06  0.0   0.0   0.0   0.0   0.0   0.0   0.0   0.0   
115   V     0.0   0.0   0.0   0.0   0.06  0.0   0.0   0.0   0.0   0.0   0.21  0.0   0.0   0.0   0.0   0.0   0.04  0.0   0.0   0.7   
116   I     0.0   0.0   0.0   0.0   0.0   0.0   0.0   0.0   0.0   0.89  0.0   0.0   0.11  0.0   0.0   0.0   0.0   0.0   0.0   0.0   
117   V     0.0   0.0   0.0   0.0   0.06  0.0   0.0   0.0   0.0   0.33  0.0   0.0   0.0   0.0   0.0   0.0   0.0   0.0   0.0   0.61  
118   A     1.0   0.0   0.0   0.0   0.0   0.0   0.0   0.0   0.0   0.0   0.0   0.0   0.0   0.0   0.0   0.0   0.0   0.0   0.0   0.0   
119   Q     0.0   0.11  0.0   0.0   0.0   0.3   0.0   0.0   0.0   0.0   0.05  0.54  0.0   0.0   0.0   0.0   0.0   0.0   0.0   0.0   
120   R     0.06  0.94  0.0   0.0   0.0   0.0   0.0   0.0   0.0   0.0   0.0   0.0   0.0   0.0   0.0   0.0   0.0   0.0   0.0   0.0   
121   H     0.0   0.0   0.0   0.0   0.0   0.0   0.0   0.0   1.0   0.0   0.0   0.0   0.0   0.0   0.0   0.0   0.0   0.0   0.0   0.0   
122   I     0.0   0.0   0.0   0.0   0.0   0.0   0.0   0.0   0.0   0.88  0.0   0.0   0.0   0.0   0.0   0.0   0.0   0.0   0.0   0.12  
123   H     0.0   0.0   0.0   0.0   0.0   0.0   0.0   0.0   1.0   0.0   0.0   0.0   0.0   0.0   0.0   0.0   0.0   0.0   0.0   0.0   
124   M     0.0   0.0   0.0   0.0   0.0   0.0   0.0   0.0   0.0   0.0   0.0   0.0   1.0   0.0   0.0   0.0   0.0   0.0   0.0   0.0   
125   H     0.0   0.05  0.0   0.0   0.0   0.0   0.0   0.0   0.1   0.0   0.06  0.0   0.0   0.0   0.0   0.42  0.36  0.0   0.0   0.0   
126   P     0.0   0.0   0.1   0.0   0.0   0.0   0.0   0.0   0.0   0.0   0.06  0.0   0.0   0.0   0.84  0.0   0.0   0.0   0.0   0.0   
127   S     0.05  0.0   0.0   0.06  0.0   0.0   0.32  0.0   0.0   0.0   0.25  0.22  0.0   0.0   0.0   0.05  0.06  0.0   0.0   0.0   
128   T     0.0   0.0   0.0   0.95  0.0   0.0   0.0   0.0   0.0   0.0   0.0   0.0   0.0   0.0   0.0   0.0   0.05  0.0   0.0   0.0   
129   A     1.0   0.0   0.0   0.0   0.0   0.0   0.0   0.0   0.0   0.0   0.0   0.0   0.0   0.0   0.0   0.0   0.0   0.0   0.0   0.0   
130   A     0.1   0.0   0.0   0.06  0.0   0.0   0.26  0.05  0.0   0.0   0.25  0.16  0.0   0.0   0.0   0.06  0.0   0.0   0.0   0.05  
131   K     0.06  0.27  0.0   0.0   0.0   0.0   0.0   0.0   0.0   0.25  0.0   0.27  0.0   0.0   0.0   0.0   0.06  0.0   0.04  0.06  
132   L     0.06  0.0   0.05  0.0   0.0   0.05  0.0   0.0   0.0   0.0   0.33  0.0   0.0   0.34  0.0   0.0   0.0   0.0   0.17  0.0   
133   G     0.0   0.16  0.08  0.0   0.0   0.05  0.0   0.55  0.06  0.0   0.0   0.05  0.0   0.0   0.0   0.04  0.0   0.0   0.0   0.0   
134   L     0.0   0.0   0.0   0.0   0.0   0.0   0.0   0.0   0.0   0.0   0.05  0.0   0.0   0.0   0.0   0.0   0.0   0.0   0.0   0.95  
135   R     0.06  0.05  0.0   0.0   0.05  0.0   0.0   0.0   0.0   0.0   0.0   0.55  0.0   0.0   0.0   0.2   0.08  0.0   0.0   0.0   
136   N     0.0   0.0   0.16  0.37  0.0   0.1   0.0   0.0   0.2   0.0   0.12  0.0   0.0   0.0   0.0   0.0   0.05  0.0   0.0   0.0   
137   G     0.0   0.0   0.0   0.0   0.0   0.0   0.0   0.81  0.0   0.0   0.0   0.09  0.0   0.0   0.0   0.1   0.0   0.0   0.0   0.0   
138   D     0.0   0.0   0.0   0.59  0.0   0.11  0.3   0.0   0.0   0.0   0.0   0.0   0.0   0.0   0.0   0.0   0.0   0.0   0.0   0.0   
139   E     0.0   0.0   0.0   0.0   0.06  0.0   0.05  0.0   0.06  0.3   0.06  0.07  0.03  0.0   0.0   0.18  0.18  0.0   0.0   0.0   
140   V     0.0   0.0   0.0   0.0   0.0   0.0   0.0   0.0   0.0   0.0   0.0   0.0   0.06  0.0   0.0   0.0   0.0   0.0   0.0   0.94  
141   D     0.04  0.06  0.0   0.17  0.03  0.16  0.05  0.0   0.0   0.0   0.0   0.24  0.0   0.0   0.0   0.25  0.0   0.0   0.0   0.0   
142   V     0.05  0.0   0.0   0.0   0.0   0.0   0.0   0.0   0.0   0.06  0.0   0.0   0.0   0.0   0.0   0.0   0.0   0.0   0.0   0.89  
143   E     0.2   0.11  0.0   0.0   0.0   0.0   0.24  0.05  0.0   0.04  0.0   0.25  0.0   0.0   0.0   0.0   0.06  0.0   0.0   0.05  
144   A     0.05  0.0   0.0   0.0   0.0   0.0   0.14  0.0   0.0   0.22  0.0   0.04  0.0   0.0   0.0   0.06  0.06  0.0   0.0   0.42  
145   G     0.0   0.0   0.1   0.12  0.0   0.12  0.14  0.27  0.04  0.06  0.0   0.0   0.05  0.0   0.0   0.1   0.0   0.0   0.0   0.0   
146   G     0.0   0.0   0.03  0.13  0.0   0.0   0.0   0.56  0.0   0.0   0.0   0.0   0.0   0.0   0.0   0.23  0.05  0.0   0.0   0.0   
147   E     0.03  0.05  0.0   0.38  0.0   0.11  0.24  0.0   0.0   0.0   0.0   0.06  0.0   0.0   0.05  0.0   0.08  0.0   0.0   0.0   
148   R     0.0   1.0   0.0   0.0   0.0   0.0   0.0   0.0   0.0   0.0   0.0   0.0   0.0   0.0   0.0   0.0   0.0   0.0   0.0   0.0   
149   G     0.0   0.27  0.0   0.0   0.0   0.0   0.06  0.14  0.0   0.0   0.0   0.11  0.0   0.0   0.36  0.06  0.0   0.0   0.0   0.0   
150   G     0.0   0.0   0.0   0.0   0.0   0.0   0.0   0.11  0.0   0.06  0.53  0.0   0.0   0.0   0.0   0.0   0.24  0.0   0.0   0.06  
151   V     0.0   0.0   0.0   0.0   0.0   0.0   0.0   0.0   0.0   0.6   0.0   0.0   0.0   0.0   0.0   0.0   0.11  0.0   0.0   0.29  
152   M     0.0   0.0   0.0   0.0   0.0   0.0   0.0   0.0   0.0   0.0   0.12  0.0   0.11  0.71  0.0   0.0   0.0   0.0   0.06  0.0   
153   H     0.0   0.0   0.09  0.56  0.0   0.0   0.12  0.0   0.17  0.0   0.0   0.06  0.0   0.0   0.0   0.0   0.0   0.0   0.0   0.0   
154   R     0.0   0.11  0.25  0.58  0.0   0.06  0.0   0.0   0.0   0.0   0.0   0.0   0.0   0.0   0.0   0.0   0.0   0.0   0.0   0.0   
155   V     0.0   0.0   0.0   0.0   0.0   0.0   0.0   0.0   0.0   0.0   0.0   0.0   0.0   0.0   0.0   0.0   0.0   0.0   0.0   1.0   
156   L     0.2   0.0   0.0   0.0   0.05  0.06  0.0   0.0   0.0   0.06  0.37  0.0   0.0   0.0   0.0   0.0   0.05  0.0   0.0   0.21  
157   I     0.06  0.0   0.0   0.0   0.06  0.0   0.0   0.0   0.0   0.55  0.0   0.0   0.0   0.0   0.0   0.0   0.0   0.0   0.0   0.33  
158   R     0.0   1.0   0.0   0.0   0.0   0.0   0.0   0.0   0.0   0.0   0.0   0.0   0.0   0.0   0.0   0.0   0.0   0.0   0.0   0.0   
159   V     0.0   0.0   0.0   0.0   0.0   0.0   0.0   0.0   0.0   0.1   0.0   0.0   0.0   0.0   0.12  0.05  0.0   0.0   0.0   0.73  
160   A     0.14  0.21  0.06  0.11  0.0   0.0   0.0   0.0   0.0   0.0   0.0   0.05  0.0   0.0   0.0   0.37  0.06  0.0   0.0   0.0   
161   E     0.03  0.0   0.06  0.14  0.0   0.0   0.38  0.0   0.0   0.0   0.0   0.0   0.0   0.0   0.33  0.06  0.0   0.0   0.0   0.0   
162   A     0.05  0.05  0.0   0.46  0.0   0.0   0.0   0.0   0.0   0.0   0.0   0.18  0.0   0.0   0.0   0.2   0.0   0.0   0.0   0.05  
163   S     0.0   0.0   0.0   0.0   0.0   0.0   0.0   0.0   0.0   0.0   0.0   0.0   0.25  0.47  0.0   0.17  0.0   0.0   0.11  0.0   
164   A     0.32  0.29  0.0   0.0   0.0   0.0   0.0   0.06  0.0   0.0   0.0   0.16  0.0   0.0   0.0   0.0   0.06  0.0   0.0   0.12  
165   D     0.0   0.0   0.0   0.05  0.0   0.0   0.0   0.0   0.0   0.0   0.74  0.0   0.0   0.0   0.0   0.0   0.2   0.0   0.0   0.0   
166   E     0.0   0.0   0.0   0.0   0.0   0.0   0.7   0.0   0.0   0.0   0.0   0.0   0.0   0.0   0.0   0.15  0.0   0.0   0.15  0.0   
167   M     0.0   0.0   0.0   0.0   0.0   0.0   0.0   0.0   0.0   0.0   0.0   0.0   0.96  0.04  0.0   0.0   0.0   0.0   0.0   0.0   
168   H     0.0   0.0   0.0   0.0   0.0   0.0   0.0   0.0   1.0   0.0   0.0   0.0   0.0   0.0   0.0   0.0   0.0   0.0   0.0   0.0   
169   I     0.0   0.0   0.0   0.0   0.0   0.0   0.0   0.0   0.0   0.96  0.0   0.0   0.0   0.0   0.0   0.0   0.0   0.0   0.0   0.04  
170   D     0.0   0.0   0.0   1.0   0.0   0.0   0.0   0.0   0.0   0.0   0.0   0.0   0.0   0.0   0.0   0.0   0.0   0.0   0.0   0.0   
171   V     0.0   0.0   0.0   0.0   0.0   0.0   0.0   0.0   0.06  0.0   0.0   0.0   0.0   0.04  0.0   0.0   0.59  0.0   0.2   0.11  
172   E     0.0   0.0   0.0   0.89  0.0   0.0   0.11  0.0   0.0   0.0   0.0   0.0   0.0   0.0   0.0   0.0   0.0   0.0   0.0   0.0   
173   E     0.0   0.0   0.0   0.0   0.0   0.0   1.0   0.0   0.0   0.0   0.0   0.0   0.0   0.0   0.0   0.0   0.0   0.0   0.0   0.0   
174   A     0.94  0.0   0.0   0.0   0.0   0.0   0.0   0.06  0.0   0.0   0.0   0.0   0.0   0.0   0.0   0.0   0.0   0.0   0.0   0.0   
175   N     0.0   0.0   1.0   0.0   0.0   0.0   0.0   0.0   0.0   0.0   0.0   0.0   0.0   0.0   0.0   0.0   0.0   0.0   0.0   0.0   
176   A     0.95  0.0   0.0   0.0   0.0   0.0   0.0   0.0   0.0   0.0   0.0   0.0   0.0   0.0   0.0   0.05  0.0   0.0   0.0   0.0   
177   L     0.41  0.0   0.0   0.0   0.24  0.0   0.0   0.09  0.0   0.0   0.08  0.0   0.0   0.08  0.0   0.1   0.0   0.0   0.0   0.0   
178   C     0.1   0.0   0.0   0.0   0.08  0.0   0.0   0.57  0.0   0.0   0.09  0.09  0.07  0.0   0.0   0.0   0.0   0.0   0.0   0.0   
179   L     0.15  0.0   0.0   0.0   0.0   0.0   0.0   0.0   0.0   0.17  0.31  0.0   0.0   0.08  0.0   0.0   0.0   0.0   0.18  0.1   
180   K     0.0   0.0   0.08  0.17  0.0   0.19  0.0   0.0   0.0   0.0   0.0   0.29  0.0   0.0   0.0   0.18  0.09  0.0   0.0   0.0   
181   N     0.0   0.0   0.38  0.0   0.11  0.0   0.0   0.0   0.0   0.0   0.0   0.21  0.0   0.0   0.0   0.11  0.19  0.0   0.0   0.0   
182   D     0.0   0.0   0.0   0.23  0.0   0.0   0.0   0.49  0.0   0.0   0.0   0.13  0.0   0.0   0.14  0.0   0.0   0.0   0.0   0.0   
183   D     0.11  0.0   0.0   0.48  0.0   0.27  0.0   0.0   0.0   0.0   0.0   0.0   0.0   0.0   0.0   0.0   0.14  0.0   0.0   0.0   
184   V     0.0   0.0   0.0   0.0   0.0   0.0   0.0   0.0   0.0   0.15  0.25  0.0   0.15  0.0   0.0   0.0   0.0   0.0   0.0   0.45  
185   V     0.19  0.0   0.0   0.0   0.0   0.0   0.0   0.0   0.0   0.0   0.0   0.0   0.0   0.0   0.0   0.0   0.0   0.0   0.0   0.81  
186   R     0.0   0.49  0.0   0.0   0.0   0.0   0.0   0.0   0.0   0.0   0.0   0.19  0.0   0.0   0.0   0.0   0.18  0.0   0.15  0.0   
187   I     0.0   0.0   0.0   0.0   0.0   0.0   0.0   0.0   0.0   0.85  0.0   0.0   0.0   0.0   0.0   0.0   0.0   0.0   0.0   0.15  
188   C     0.0   0.0   0.0   0.0   0.5   0.0   0.0   0.0   0.0   0.0   0.0   0.0   0.0   0.0   0.0   0.0   0.0   0.0   0.0   0.5   
