             A     R     N     D     C     Q     E     G     H     I     L     K     M     F     P     S     T     W     Y     V
1     N     0.0   0.0   0.34  0.32  0.0   0.0   0.0   0.0   0.0   0.0   0.0   0.0   0.0   0.0   0.0   0.34  0.0   0.0   0.0   0.0   
2     L     0.0   0.0   0.0   0.0   0.0   0.0   0.0   0.0   0.0   0.27  0.22  0.0   0.51  0.0   0.0   0.0   0.0   0.0   0.0   0.0   
3     T     0.0   0.0   0.0   0.0   0.0   0.0   0.0   0.0   0.0   0.0   0.0   0.0   0.0   0.0   0.0   0.34  0.66  0.0   0.0   0.0   
4     L     0.0   0.0   0.0   0.0   0.0   0.0   0.0   0.0   0.0   0.15  0.44  0.0   0.0   0.0   0.0   0.0   0.18  0.0   0.24  0.0   
5     T     0.0   0.0   0.24  0.0   0.0   0.0   0.37  0.0   0.0   0.0   0.0   0.0   0.0   0.0   0.0   0.0   0.39  0.0   0.0   0.0   
6     H     0.0   0.0   0.0   0.0   0.0   0.27  0.0   0.0   0.13  0.0   0.0   0.0   0.0   0.0   0.18  0.0   0.43  0.0   0.0   0.0   
7     F     0.0   0.0   0.0   0.0   0.0   0.0   0.13  0.0   0.0   0.11  0.09  0.0   0.0   0.48  0.0   0.0   0.0   0.0   0.0   0.19  
8     K     0.0   0.11  0.1   0.0   0.0   0.0   0.24  0.0   0.12  0.0   0.0   0.26  0.0   0.0   0.0   0.17  0.0   0.0   0.0   0.0   
9     G     0.0   0.0   0.0   0.09  0.0   0.0   0.0   0.79  0.0   0.12  0.0   0.0   0.0   0.0   0.0   0.0   0.0   0.0   0.0   0.0   
10    P     0.0   0.11  0.0   0.0   0.0   0.0   0.0   0.0   0.0   0.0   0.0   0.09  0.0   0.0   0.52  0.0   0.28  0.0   0.0   0.0   
11    L     0.12  0.0   0.0   0.12  0.0   0.11  0.0   0.0   0.0   0.13  0.08  0.15  0.0   0.0   0.0   0.0   0.0   0.0   0.0   0.28  
12    Y     0.0   0.0   0.12  0.0   0.0   0.0   0.0   0.0   0.0   0.0   0.13  0.0   0.0   0.23  0.0   0.0   0.0   0.11  0.41  0.0   
13    I     0.14  0.0   0.0   0.0   0.0   0.0   0.0   0.0   0.0   0.19  0.0   0.0   0.0   0.0   0.0   0.11  0.28  0.0   0.0   0.29  
14    V     0.12  0.0   0.0   0.11  0.0   0.0   0.0   0.0   0.0   0.16  0.2   0.0   0.0   0.0   0.0   0.0   0.1   0.0   0.1   0.21  
15    E     0.01  0.01  0.07  0.01  0.0   0.18  0.28  0.01  0.09  0.01  0.01  0.1   0.0   0.0   0.01  0.01  0.19  0.0   0.0   0.01  
16    D     0.01  0.09  0.0   0.18  0.0   0.0   0.01  0.4   0.08  0.01  0.09  0.01  0.0   0.0   0.01  0.01  0.01  0.0   0.0   0.09  
17    K     0.01  0.09  0.14  0.01  0.0   0.01  0.01  0.17  0.0   0.01  0.02  0.06  0.08  0.07  0.08  0.01  0.01  0.11  0.01  0.09  
18    E     0.02  0.01  0.01  0.01  0.0   0.01  0.2   0.34  0.01  0.01  0.02  0.01  0.01  0.08  0.09  0.02  0.01  0.0   0.05  0.09  
19    Y     0.18  0.01  0.01  0.01  0.0   0.01  0.08  0.01  0.07  0.01  0.14  0.01  0.05  0.07  0.01  0.01  0.06  0.0   0.2   0.06  
20    V     0.02  0.01  0.01  0.07  0.0   0.05  0.01  0.08  0.0   0.13  0.07  0.01  0.01  0.01  0.01  0.07  0.01  0.0   0.01  0.4   
21    Q     0.18  0.01  0.01  0.01  0.0   0.13  0.01  0.11  0.0   0.07  0.1   0.01  0.0   0.01  0.18  0.01  0.07  0.0   0.07  0.01  
22    E     0.06  0.0   0.0   0.03  0.0   0.03  0.09  0.08  0.0   0.0   0.01  0.08  0.0   0.0   0.0   0.24  0.3   0.0   0.0   0.05  
23    N     0.0   0.04  0.66  0.13  0.0   0.0   0.04  0.0   0.03  0.0   0.0   0.0   0.0   0.0   0.0   0.04  0.03  0.0   0.04  0.0   
24    S     0.07  0.0   0.3   0.0   0.0   0.0   0.0   0.11  0.0   0.05  0.0   0.0   0.04  0.0   0.0   0.05  0.31  0.0   0.06  0.0   
25    M     0.04  0.0   0.0   0.0   0.04  0.06  0.04  0.0   0.0   0.0   0.15  0.0   0.08  0.01  0.0   0.04  0.1   0.05  0.35  0.04  
26    V     0.04  0.0   0.0   0.0   0.0   0.0   0.0   0.04  0.0   0.24  0.2   0.0   0.0   0.0   0.0   0.02  0.0   0.0   0.25  0.22  
27    Y     0.0   0.0   0.0   0.0   0.0   0.0   0.0   0.0   0.0   0.1   0.27  0.0   0.02  0.09  0.0   0.0   0.0   0.0   0.18  0.35  
28    I     0.0   0.08  0.05  0.0   0.0   0.03  0.11  0.23  0.0   0.15  0.26  0.0   0.0   0.06  0.0   0.0   0.0   0.0   0.0   0.04  
29    G     0.0   0.0   0.06  0.05  0.0   0.0   0.0   0.18  0.0   0.05  0.07  0.0   0.0   0.0   0.0   0.0   0.35  0.0   0.09  0.16  
30    T     0.02  0.02  0.11  0.18  0.0   0.04  0.0   0.31  0.06  0.0   0.0   0.02  0.0   0.0   0.03  0.09  0.11  0.0   0.0   0.02  
31    D     0.04  0.09  0.0   0.26  0.02  0.0   0.1   0.07  0.03  0.0   0.0   0.23  0.0   0.0   0.06  0.04  0.07  0.0   0.0   0.0   
32    G     0.11  0.08  0.02  0.02  0.0   0.13  0.1   0.21  0.02  0.0   0.0   0.12  0.0   0.01  0.04  0.12  0.0   0.0   0.0   0.0   
33    I     0.19  0.26  0.06  0.05  0.02  0.0   0.0   0.02  0.03  0.06  0.06  0.03  0.0   0.0   0.0   0.0   0.06  0.0   0.02  0.14  
34    T     0.16  0.0   0.02  0.0   0.0   0.0   0.0   0.0   0.0   0.2   0.17  0.04  0.0   0.0   0.0   0.02  0.14  0.0   0.02  0.22  
35    I     0.07  0.0   0.04  0.0   0.0   0.02  0.0   0.06  0.0   0.26  0.39  0.0   0.0   0.03  0.0   0.0   0.0   0.0   0.0   0.13  
36    I     0.06  0.0   0.0   0.0   0.0   0.0   0.0   0.0   0.0   0.44  0.18  0.02  0.0   0.0   0.0   0.0   0.02  0.0   0.0   0.28  
37    G     0.07  0.0   0.0   0.69  0.02  0.0   0.03  0.04  0.0   0.08  0.0   0.0   0.0   0.0   0.0   0.0   0.04  0.0   0.0   0.02  
38    A     0.21  0.0   0.0   0.11  0.09  0.0   0.0   0.06  0.0   0.0   0.0   0.0   0.0   0.0   0.0   0.07  0.38  0.0   0.0   0.05  
39    T     0.1   0.0   0.0   0.0   0.0   0.03  0.0   0.26  0.0   0.0   0.04  0.02  0.0   0.03  0.24  0.08  0.07  0.0   0.0   0.11  
40    W     0.0   0.0   0.0   0.0   0.0   0.11  0.06  0.11  0.0   0.12  0.15  0.0   0.06  0.06  0.0   0.0   0.0   0.19  0.04  0.07  
41    T     0.09  0.0   0.03  0.16  0.0   0.0   0.06  0.26  0.0   0.03  0.03  0.05  0.0   0.0   0.03  0.1   0.16  0.0   0.0   0.0   
42    P     0.06  0.05  0.06  0.07  0.0   0.03  0.11  0.02  0.0   0.06  0.05  0.0   0.0   0.03  0.34  0.07  0.04  0.0   0.02  0.0   
43    E     0.12  0.06  0.02  0.2   0.0   0.01  0.07  0.13  0.0   0.01  0.0   0.08  0.02  0.04  0.16  0.06  0.0   0.0   0.0   0.0   
44    T     0.06  0.02  0.0   0.06  0.0   0.08  0.14  0.0   0.0   0.08  0.05  0.08  0.03  0.0   0.0   0.06  0.21  0.0   0.01  0.12  
45    A     0.29  0.0   0.0   0.04  0.0   0.01  0.04  0.04  0.0   0.02  0.07  0.0   0.0   0.12  0.0   0.03  0.16  0.15  0.0   0.02  
46    E     0.17  0.1   0.04  0.06  0.0   0.09  0.23  0.04  0.04  0.01  0.02  0.12  0.0   0.0   0.05  0.01  0.01  0.0   0.0   0.0   
47    T     0.06  0.0   0.01  0.07  0.0   0.08  0.24  0.04  0.0   0.03  0.07  0.03  0.06  0.0   0.15  0.11  0.03  0.0   0.0   0.02  
48    L     0.02  0.02  0.0   0.0   0.01  0.0   0.0   0.0   0.0   0.15  0.44  0.0   0.0   0.09  0.0   0.04  0.02  0.0   0.07  0.12  
49    Y     0.05  0.04  0.0   0.03  0.0   0.02  0.02  0.01  0.02  0.3   0.2   0.0   0.05  0.0   0.1   0.01  0.04  0.0   0.03  0.08  
50    K     0.09  0.08  0.14  0.12  0.0   0.02  0.16  0.01  0.01  0.01  0.01  0.16  0.0   0.01  0.01  0.08  0.03  0.0   0.0   0.04  
51    E     0.11  0.02  0.0   0.02  0.02  0.0   0.21  0.02  0.0   0.03  0.1   0.04  0.08  0.02  0.01  0.12  0.01  0.12  0.04  0.01  
52    I     0.1   0.0   0.0   0.02  0.0   0.0   0.01  0.01  0.02  0.21  0.26  0.05  0.0   0.04  0.0   0.01  0.13  0.0   0.04  0.11  
53    R     0.03  0.06  0.03  0.01  0.0   0.08  0.12  0.02  0.01  0.02  0.21  0.11  0.0   0.01  0.05  0.03  0.04  0.0   0.13  0.04  
54    K     0.11  0.23  0.0   0.12  0.0   0.08  0.07  0.02  0.01  0.04  0.0   0.24  0.0   0.0   0.0   0.06  0.0   0.0   0.0   0.0   
55    V     0.05  0.1   0.05  0.03  0.0   0.1   0.1   0.01  0.03  0.03  0.0   0.18  0.0   0.0   0.0   0.15  0.03  0.0   0.0   0.12  
56    S     0.05  0.06  0.13  0.08  0.0   0.01  0.07  0.06  0.13  0.03  0.06  0.0   0.0   0.11  0.03  0.1   0.06  0.0   0.01  0.0   
57    P     0.03  0.05  0.13  0.05  0.0   0.08  0.03  0.24  0.05  0.03  0.0   0.11  0.0   0.0   0.11  0.05  0.02  0.0   0.03  0.0   
58    L     0.06  0.08  0.0   0.0   0.0   0.0   0.06  0.0   0.0   0.13  0.17  0.25  0.0   0.01  0.02  0.02  0.04  0.1   0.02  0.04  
59    P     0.08  0.14  0.03  0.06  0.0   0.04  0.06  0.0   0.03  0.0   0.0   0.22  0.0   0.0   0.17  0.08  0.07  0.0   0.0   0.01  
60    I     0.0   0.0   0.0   0.0   0.0   0.0   0.0   0.0   0.0   0.27  0.46  0.0   0.0   0.0   0.05  0.0   0.0   0.0   0.0   0.22  
61    N     0.07  0.05  0.02  0.11  0.0   0.05  0.1   0.01  0.03  0.04  0.09  0.06  0.0   0.0   0.0   0.15  0.17  0.0   0.0   0.05  
62    E     0.15  0.01  0.0   0.1   0.0   0.0   0.09  0.1   0.11  0.0   0.12  0.0   0.03  0.0   0.0   0.0   0.12  0.0   0.17  0.0   
63    V     0.07  0.0   0.03  0.0   0.0   0.0   0.0   0.0   0.0   0.53  0.04  0.0   0.03  0.02  0.0   0.02  0.0   0.0   0.0   0.27  
64    I     0.0   0.0   0.0   0.0   0.0   0.0   0.0   0.0   0.0   0.28  0.49  0.0   0.0   0.03  0.0   0.0   0.0   0.01  0.0   0.18  
65    N     0.1   0.0   0.15  0.0   0.0   0.0   0.02  0.0   0.0   0.1   0.26  0.0   0.0   0.0   0.02  0.04  0.0   0.0   0.06  0.25  
66    T     0.0   0.0   0.05  0.0   0.0   0.0   0.0   0.0   0.0   0.0   0.0   0.0   0.0   0.0   0.0   0.11  0.84  0.0   0.0   0.0   
67    N     0.0   0.0   0.03  0.0   0.0   0.0   0.0   0.0   0.97  0.0   0.0   0.0   0.0   0.0   0.0   0.0   0.0   0.0   0.0   0.0   
68    Y     0.09  0.04  0.0   0.03  0.03  0.0   0.0   0.05  0.19  0.02  0.02  0.03  0.0   0.02  0.0   0.06  0.06  0.27  0.05  0.05  
69    H     0.0   0.0   0.0   0.0   0.0   0.0   0.04  0.0   0.96  0.0   0.0   0.0   0.0   0.0   0.0   0.0   0.0   0.0   0.0   0.0   
70    T     0.09  0.02  0.0   0.05  0.0   0.04  0.03  0.27  0.03  0.02  0.07  0.01  0.0   0.13  0.01  0.11  0.03  0.0   0.08  0.01  
71    D     0.0   0.0   0.0   1.0   0.0   0.0   0.0   0.0   0.0   0.0   0.0   0.0   0.0   0.0   0.0   0.0   0.0   0.0   0.0   0.0   
72    R     0.0   0.08  0.0   0.0   0.02  0.0   0.0   0.0   0.86  0.0   0.0   0.02  0.0   0.0   0.0   0.02  0.0   0.0   0.0   0.0   
73    A     0.15  0.0   0.0   0.0   0.03  0.0   0.0   0.0   0.0   0.18  0.02  0.0   0.02  0.0   0.0   0.08  0.32  0.0   0.03  0.17  
74    G     0.04  0.0   0.0   0.0   0.0   0.0   0.03  0.84  0.0   0.0   0.0   0.01  0.0   0.03  0.0   0.05  0.0   0.0   0.0   0.0   
75    G     0.1   0.0   0.0   0.0   0.0   0.02  0.0   0.81  0.0   0.0   0.0   0.0   0.0   0.03  0.02  0.03  0.0   0.0   0.0   0.0   
76    N     0.03  0.0   0.15  0.0   0.0   0.0   0.0   0.03  0.0   0.22  0.13  0.0   0.03  0.04  0.0   0.0   0.02  0.0   0.0   0.35  
77    A     0.21  0.0   0.0   0.09  0.0   0.03  0.07  0.14  0.02  0.0   0.03  0.1   0.0   0.0   0.23  0.01  0.01  0.0   0.04  0.01  
78    Y     0.1   0.01  0.01  0.16  0.0   0.04  0.21  0.01  0.03  0.04  0.04  0.07  0.0   0.04  0.01  0.03  0.02  0.02  0.17  0.01  
79    W     0.01  0.01  0.02  0.01  0.0   0.01  0.01  0.01  0.0   0.07  0.51  0.01  0.0   0.14  0.01  0.01  0.01  0.04  0.04  0.09  
80    K     0.05  0.04  0.03  0.05  0.01  0.03  0.03  0.04  0.03  0.07  0.07  0.39  0.04  0.02  0.02  0.02  0.04  0.0   0.01  0.02  
81    T     0.11  0.18  0.03  0.06  0.01  0.06  0.17  0.04  0.01  0.01  0.03  0.04  0.01  0.05  0.04  0.07  0.05  0.0   0.01  0.02  
82    L     0.1   0.13  0.01  0.04  0.01  0.01  0.04  0.02  0.01  0.09  0.16  0.08  0.02  0.05  0.02  0.02  0.04  0.0   0.04  0.09  
83    G     0.1   0.02  0.02  0.13  0.04  0.02  0.03  0.22  0.04  0.02  0.04  0.03  0.01  0.03  0.04  0.05  0.05  0.01  0.06  0.05  
84    A     0.18  0.02  0.02  0.05  0.03  0.02  0.06  0.03  0.01  0.14  0.07  0.03  0.01  0.04  0.1   0.03  0.04  0.01  0.01  0.1   
85    K     0.05  0.02  0.06  0.06  0.01  0.08  0.09  0.03  0.02  0.06  0.04  0.23  0.01  0.01  0.14  0.03  0.02  0.01  0.01  0.02  
86    I     0.17  0.02  0.03  0.02  0.03  0.02  0.02  0.03  0.01  0.14  0.04  0.02  0.01  0.04  0.02  0.08  0.12  0.01  0.01  0.17  
87    V     0.05  0.02  0.02  0.02  0.01  0.04  0.06  0.06  0.07  0.05  0.06  0.04  0.01  0.01  0.05  0.05  0.02  0.0   0.3   0.07  
88    A     0.22  0.04  0.03  0.02  0.08  0.01  0.05  0.11  0.02  0.02  0.03  0.03  0.03  0.01  0.05  0.12  0.04  0.0   0.04  0.06  
89    T     0.05  0.01  0.13  0.03  0.01  0.03  0.02  0.02  0.03  0.05  0.06  0.02  0.01  0.01  0.12  0.11  0.2   0.0   0.02  0.05  
90    Q     0.23  0.1   0.03  0.05  0.01  0.13  0.12  0.03  0.05  0.04  0.02  0.04  0.01  0.01  0.04  0.03  0.04  0.0   0.01  0.02  
91    M     0.04  0.09  0.01  0.02  0.02  0.03  0.09  0.02  0.01  0.07  0.25  0.07  0.09  0.01  0.05  0.02  0.02  0.0   0.05  0.06  
92    T     0.11  0.02  0.01  0.1   0.01  0.03  0.08  0.06  0.01  0.04  0.03  0.02  0.01  0.01  0.02  0.1   0.31  0.0   0.01  0.04  
93    Y     0.26  0.05  0.07  0.13  0.01  0.01  0.02  0.02  0.02  0.04  0.03  0.08  0.03  0.05  0.03  0.04  0.02  0.0   0.05  0.06  
94    D     0.13  0.03  0.05  0.26  0.0   0.03  0.14  0.02  0.02  0.01  0.02  0.04  0.01  0.03  0.07  0.06  0.01  0.0   0.03  0.05  
95    L     0.05  0.01  0.01  0.01  0.0   0.01  0.02  0.05  0.01  0.15  0.4   0.01  0.01  0.05  0.01  0.05  0.01  0.03  0.02  0.08  
96    Q     0.2   0.01  0.01  0.01  0.02  0.04  0.05  0.02  0.03  0.09  0.25  0.07  0.08  0.02  0.03  0.01  0.01  0.0   0.03  0.01  
97    K     0.16  0.08  0.03  0.04  0.0   0.03  0.07  0.04  0.03  0.04  0.02  0.26  0.0   0.04  0.03  0.04  0.05  0.0   0.01  0.01  
98    S     0.07  0.05  0.07  0.06  0.0   0.06  0.07  0.11  0.04  0.06  0.04  0.13  0.0   0.01  0.02  0.1   0.01  0.0   0.03  0.05  
99    Q     0.05  0.04  0.02  0.15  0.0   0.05  0.16  0.03  0.04  0.04  0.02  0.14  0.01  0.03  0.05  0.03  0.11  0.0   0.02  0.01  
100   W     0.05  0.03  0.15  0.04  0.04  0.01  0.03  0.11  0.01  0.03  0.07  0.03  0.04  0.01  0.06  0.02  0.02  0.13  0.09  0.02  
101   G     0.09  0.09  0.04  0.06  0.03  0.02  0.05  0.09  0.04  0.05  0.07  0.07  0.05  0.03  0.04  0.06  0.03  0.0   0.03  0.05  
102   S     0.06  0.05  0.05  0.13  0.03  0.02  0.09  0.05  0.01  0.02  0.05  0.1   0.01  0.01  0.1   0.08  0.04  0.0   0.01  0.09  
103   I     0.09  0.09  0.02  0.07  0.02  0.03  0.1   0.05  0.04  0.12  0.08  0.02  0.01  0.05  0.04  0.04  0.06  0.0   0.01  0.06  
104   V     0.19  0.02  0.03  0.02  0.05  0.01  0.02  0.05  0.01  0.04  0.08  0.04  0.01  0.01  0.02  0.12  0.04  0.0   0.04  0.21  
105   N     0.05  0.02  0.1   0.04  0.01  0.12  0.07  0.08  0.03  0.07  0.03  0.06  0.03  0.03  0.04  0.04  0.11  0.0   0.02  0.04  
106   F     0.08  0.02  0.06  0.02  0.01  0.01  0.02  0.07  0.07  0.02  0.15  0.04  0.02  0.08  0.02  0.02  0.02  0.02  0.16  0.1   
107   T     0.03  0.04  0.01  0.04  0.05  0.04  0.05  0.07  0.01  0.05  0.04  0.03  0.01  0.01  0.11  0.13  0.19  0.0   0.02  0.07  
108   R     0.03  0.19  0.02  0.02  0.01  0.01  0.03  0.05  0.07  0.06  0.09  0.09  0.01  0.11  0.02  0.08  0.04  0.0   0.03  0.05  
109   Q     0.1   0.03  0.06  0.12  0.02  0.04  0.03  0.07  0.03  0.03  0.12  0.12  0.01  0.01  0.02  0.06  0.08  0.0   0.01  0.03  
110   G     0.11  0.04  0.12  0.08  0.01  0.01  0.04  0.09  0.01  0.02  0.03  0.08  0.04  0.06  0.06  0.05  0.05  0.0   0.04  0.05  
111   N     0.06  0.03  0.12  0.07  0.01  0.04  0.05  0.05  0.01  0.04  0.17  0.08  0.01  0.01  0.08  0.08  0.02  0.0   0.03  0.05  
112   N     0.11  0.04  0.04  0.07  0.03  0.04  0.07  0.04  0.02  0.08  0.05  0.11  0.01  0.02  0.13  0.05  0.02  0.0   0.04  0.03  
113   K     0.05  0.13  0.06  0.02  0.01  0.03  0.08  0.14  0.02  0.11  0.02  0.09  0.01  0.01  0.03  0.09  0.06  0.0   0.02  0.03  
114   Y     0.02  0.03  0.1   0.06  0.03  0.04  0.05  0.04  0.0   0.15  0.09  0.02  0.0   0.05  0.07  0.02  0.01  0.0   0.15  0.05  
115   P     0.05  0.05  0.04  0.04  0.0   0.01  0.08  0.05  0.05  0.01  0.02  0.1   0.0   0.01  0.26  0.11  0.03  0.02  0.01  0.06  
116   N     0.05  0.02  0.08  0.1   0.0   0.07  0.06  0.12  0.16  0.05  0.01  0.01  0.0   0.01  0.07  0.01  0.01  0.0   0.03  0.12  
117   L     0.07  0.08  0.01  0.03  0.01  0.09  0.04  0.02  0.02  0.13  0.11  0.04  0.04  0.02  0.11  0.02  0.04  0.0   0.04  0.07  
118   E     0.06  0.06  0.01  0.18  0.0   0.04  0.19  0.01  0.02  0.02  0.02  0.04  0.0   0.03  0.23  0.02  0.02  0.0   0.03  0.01  
119   K     0.08  0.04  0.04  0.08  0.03  0.02  0.14  0.01  0.02  0.06  0.06  0.06  0.04  0.04  0.08  0.03  0.03  0.0   0.01  0.12  
120   S     0.1   0.03  0.07  0.03  0.0   0.05  0.01  0.14  0.0   0.11  0.06  0.02  0.0   0.02  0.07  0.08  0.09  0.02  0.01  0.08  
121   L     0.06  0.06  0.01  0.03  0.0   0.05  0.1   0.09  0.0   0.17  0.16  0.01  0.0   0.03  0.06  0.02  0.02  0.0   0.04  0.06  
122   P     0.03  0.02  0.03  0.05  0.04  0.11  0.03  0.21  0.0   0.01  0.04  0.06  0.0   0.01  0.13  0.04  0.16  0.0   0.0   0.02  
123   D     0.01  0.07  0.1   0.26  0.0   0.06  0.04  0.06  0.03  0.04  0.13  0.06  0.0   0.03  0.02  0.03  0.01  0.03  0.0   0.01  
124   T     0.07  0.04  0.04  0.03  0.0   0.02  0.01  0.03  0.03  0.1   0.06  0.06  0.02  0.05  0.08  0.1   0.05  0.0   0.06  0.13  
125   V     0.06  0.04  0.01  0.01  0.0   0.06  0.05  0.04  0.0   0.17  0.11  0.09  0.0   0.01  0.01  0.04  0.01  0.0   0.05  0.26  
126   F     0.03  0.08  0.03  0.06  0.0   0.06  0.1   0.01  0.06  0.04  0.05  0.08  0.02  0.08  0.01  0.05  0.14  0.0   0.05  0.04  
127   P     0.03  0.04  0.03  0.28  0.02  0.02  0.17  0.08  0.05  0.01  0.03  0.04  0.0   0.01  0.03  0.01  0.03  0.0   0.01  0.11  
128   G     0.02  0.01  0.01  0.03  0.0   0.08  0.07  0.57  0.0   0.01  0.06  0.01  0.0   0.01  0.01  0.01  0.06  0.0   0.0   0.04  
129   D     0.0   0.05  0.05  0.35  0.0   0.13  0.13  0.0   0.0   0.0   0.0   0.0   0.0   0.02  0.04  0.11  0.11  0.0   0.0   0.0   
130   F     0.0   0.02  0.0   0.0   0.0   0.04  0.05  0.0   0.0   0.11  0.12  0.04  0.0   0.2   0.0   0.0   0.03  0.01  0.05  0.32  
131   N     0.01  0.05  0.05  0.03  0.0   0.04  0.03  0.01  0.0   0.19  0.02  0.08  0.0   0.13  0.03  0.09  0.08  0.06  0.0   0.12  
132   L     0.05  0.08  0.04  0.0   0.0   0.01  0.04  0.01  0.03  0.03  0.22  0.07  0.03  0.12  0.0   0.09  0.1   0.0   0.0   0.07  
133   Q     0.02  0.01  0.06  0.05  0.0   0.04  0.09  0.15  0.0   0.05  0.1   0.01  0.0   0.04  0.01  0.01  0.1   0.0   0.03  0.23  
134   N     0.05  0.01  0.12  0.04  0.0   0.0   0.2   0.31  0.01  0.03  0.01  0.08  0.0   0.06  0.01  0.02  0.03  0.0   0.0   0.02  
135   G     0.12  0.04  0.03  0.07  0.0   0.01  0.03  0.38  0.03  0.04  0.03  0.0   0.05  0.03  0.0   0.04  0.07  0.0   0.01  0.01  
136   S     0.22  0.07  0.02  0.0   0.0   0.02  0.13  0.01  0.03  0.03  0.05  0.11  0.0   0.02  0.07  0.17  0.04  0.0   0.0   0.01  
137   I     0.02  0.0   0.0   0.0   0.02  0.08  0.05  0.0   0.0   0.12  0.15  0.0   0.0   0.14  0.0   0.01  0.23  0.0   0.0   0.17  
138   R     0.13  0.13  0.0   0.0   0.0   0.09  0.11  0.05  0.0   0.05  0.14  0.08  0.0   0.03  0.0   0.01  0.04  0.01  0.0   0.12  
139   A     0.09  0.27  0.0   0.03  0.02  0.01  0.0   0.0   0.02  0.0   0.03  0.07  0.0   0.07  0.0   0.0   0.16  0.0   0.0   0.21  
140   M     0.14  0.0   0.0   0.0   0.0   0.0   0.0   0.0   0.0   0.1   0.07  0.0   0.08  0.1   0.0   0.03  0.0   0.0   0.08  0.38  
141   Y     0.0   0.0   0.06  0.0   0.0   0.03  0.04  0.0   0.05  0.1   0.21  0.0   0.08  0.03  0.0   0.0   0.0   0.03  0.25  0.1   
142   L     0.12  0.01  0.01  0.05  0.03  0.01  0.11  0.01  0.14  0.02  0.09  0.01  0.0   0.1   0.16  0.03  0.02  0.0   0.06  0.03  
143   G     0.05  0.0   0.0   0.0   0.0   0.0   0.0   0.21  0.0   0.02  0.03  0.0   0.07  0.0   0.04  0.02  0.49  0.0   0.0   0.05  
144   E     0.04  0.0   0.0   0.0   0.0   0.0   0.02  0.03  0.03  0.0   0.0   0.05  0.04  0.0   0.79  0.0   0.0   0.0   0.0   0.0   
145   A     0.03  0.0   0.0   0.0   0.0   0.0   0.0   0.84  0.0   0.06  0.04  0.0   0.0   0.0   0.0   0.0   0.03  0.0   0.0   0.0   
146   H     0.0   0.0   0.0   0.0   0.0   0.0   0.03  0.0   0.94  0.0   0.03  0.0   0.0   0.0   0.0   0.0   0.0   0.0   0.0   0.0   
147   T     0.08  0.0   0.0   0.0   0.03  0.0   0.0   0.06  0.0   0.04  0.0   0.0   0.0   0.0   0.0   0.23  0.53  0.04  0.0   0.0   
148   K     0.11  0.08  0.0   0.1   0.0   0.01  0.03  0.0   0.04  0.01  0.13  0.03  0.0   0.01  0.21  0.08  0.07  0.03  0.03  0.05  
149   D     0.06  0.0   0.01  0.55  0.0   0.0   0.0   0.31  0.0   0.0   0.03  0.0   0.0   0.0   0.0   0.03  0.0   0.0   0.0   0.0   
150   G     0.0   0.0   0.12  0.0   0.02  0.0   0.03  0.09  0.55  0.0   0.02  0.0   0.0   0.0   0.0   0.15  0.0   0.0   0.0   0.0   
151   I     0.0   0.0   0.0   0.0   0.02  0.02  0.0   0.0   0.0   0.36  0.03  0.0   0.26  0.02  0.0   0.0   0.03  0.0   0.0   0.25  
152   F     0.18  0.0   0.0   0.0   0.29  0.0   0.0   0.0   0.0   0.0   0.03  0.0   0.0   0.1   0.0   0.18  0.05  0.0   0.04  0.13  
153   V     0.0   0.0   0.0   0.0   0.0   0.0   0.0   0.0   0.0   0.06  0.26  0.0   0.03  0.26  0.0   0.0   0.04  0.0   0.16  0.17  
154   Y     0.02  0.0   0.0   0.0   0.0   0.01  0.04  0.02  0.1   0.07  0.14  0.0   0.0   0.06  0.0   0.0   0.0   0.16  0.28  0.09  
155   F     0.0   0.0   0.02  0.05  0.0   0.0   0.02  0.0   0.03  0.09  0.26  0.0   0.05  0.33  0.0   0.04  0.01  0.0   0.03  0.07  
156   P     0.02  0.02  0.03  0.11  0.0   0.04  0.34  0.03  0.0   0.04  0.01  0.04  0.0   0.0   0.28  0.03  0.0   0.0   0.0   0.0   
157   A     0.02  0.03  0.05  0.2   0.0   0.1   0.37  0.1   0.0   0.0   0.0   0.08  0.0   0.0   0.01  0.0   0.04  0.0   0.0   0.0   
158   E     0.01  0.08  0.04  0.13  0.0   0.03  0.51  0.02  0.03  0.0   0.0   0.04  0.0   0.04  0.0   0.03  0.02  0.0   0.02  0.0   
159   R     0.09  0.22  0.16  0.02  0.0   0.07  0.01  0.0   0.02  0.0   0.03  0.24  0.0   0.0   0.0   0.07  0.04  0.0   0.0   0.0   
160   V     0.34  0.0   0.0   0.0   0.0   0.0   0.0   0.01  0.0   0.21  0.15  0.0   0.0   0.03  0.0   0.02  0.01  0.02  0.0   0.21  
161   L     0.05  0.0   0.0   0.0   0.0   0.0   0.0   0.0   0.0   0.1   0.57  0.0   0.06  0.14  0.0   0.0   0.0   0.0   0.0   0.07  
162   Y     0.06  0.0   0.03  0.0   0.05  0.0   0.0   0.0   0.0   0.0   0.05  0.0   0.0   0.51  0.0   0.03  0.07  0.0   0.1   0.07  
163   G     0.07  0.0   0.0   0.0   0.0   0.0   0.0   0.76  0.0   0.0   0.0   0.0   0.04  0.0   0.04  0.06  0.04  0.0   0.0   0.0   
164   N     0.04  0.0   0.07  0.63  0.0   0.0   0.0   0.23  0.0   0.0   0.0   0.0   0.0   0.0   0.0   0.03  0.0   0.0   0.0   0.0   
165   C     0.05  0.0   0.14  0.1   0.25  0.0   0.04  0.0   0.0   0.0   0.04  0.0   0.0   0.0   0.0   0.0   0.32  0.0   0.0   0.05  
166   I     0.04  0.0   0.0   0.04  0.0   0.0   0.0   0.0   0.0   0.24  0.34  0.0   0.06  0.02  0.0   0.0   0.0   0.0   0.0   0.25  
167   L     0.0   0.0   0.0   0.0   0.0   0.0   0.0   0.0   0.0   0.06  0.34  0.0   0.0   0.44  0.0   0.0   0.0   0.0   0.01  0.14  
168   K     0.06  0.03  0.04  0.0   0.0   0.0   0.0   0.31  0.0   0.0   0.0   0.19  0.03  0.0   0.0   0.13  0.14  0.0   0.06  0.0   
169   E     0.09  0.0   0.0   0.1   0.0   0.04  0.15  0.09  0.21  0.05  0.12  0.08  0.0   0.0   0.05  0.0   0.0   0.0   0.03  0.0   
170   N     0.02  0.01  0.06  0.16  0.0   0.01  0.02  0.35  0.05  0.01  0.02  0.03  0.01  0.01  0.05  0.1   0.07  0.0   0.01  0.02  
171   L     0.09  0.01  0.01  0.01  0.22  0.01  0.02  0.02  0.01  0.13  0.17  0.01  0.05  0.01  0.01  0.02  0.05  0.0   0.01  0.14  
172   G     0.0   0.0   0.0   0.06  0.0   0.0   0.0   0.81  0.04  0.0   0.0   0.0   0.0   0.02  0.0   0.03  0.0   0.0   0.03  0.0   
173   N     0.0   0.17  0.2   0.05  0.0   0.0   0.0   0.03  0.02  0.0   0.04  0.04  0.0   0.09  0.0   0.03  0.2   0.06  0.06  0.0   
174   M     0.11  0.0   0.0   0.0   0.0   0.0   0.0   0.0   0.0   0.16  0.32  0.0   0.04  0.0   0.0   0.14  0.09  0.0   0.0   0.13  
175   S     0.1   0.03  0.0   0.0   0.0   0.03  0.04  0.1   0.0   0.03  0.0   0.03  0.09  0.16  0.12  0.07  0.01  0.0   0.0   0.17  
176   F     0.06  0.0   0.0   0.12  0.05  0.0   0.27  0.03  0.0   0.0   0.0   0.0   0.01  0.12  0.04  0.04  0.04  0.0   0.06  0.14  
177   A     0.19  0.04  0.03  0.06  0.0   0.05  0.22  0.26  0.0   0.0   0.0   0.0   0.0   0.0   0.02  0.09  0.0   0.0   0.0   0.0   
178   N     0.04  0.06  0.08  0.39  0.0   0.0   0.01  0.0   0.01  0.0   0.02  0.0   0.0   0.09  0.03  0.03  0.14  0.0   0.06  0.01  
179   R     0.08  0.05  0.0   0.0   0.0   0.0   0.03  0.04  0.0   0.09  0.31  0.0   0.02  0.02  0.1   0.0   0.03  0.0   0.05  0.17  
180   T     0.02  0.0   0.17  0.03  0.0   0.0   0.18  0.13  0.03  0.03  0.0   0.07  0.0   0.04  0.02  0.13  0.07  0.0   0.03  0.03  
181   E     0.06  0.05  0.0   0.19  0.01  0.26  0.16  0.03  0.03  0.01  0.02  0.0   0.04  0.0   0.0   0.02  0.04  0.0   0.04  0.04  
182   Y     0.0   0.0   0.0   0.0   0.0   0.0   0.0   0.02  0.0   0.0   0.16  0.0   0.14  0.03  0.0   0.03  0.0   0.2   0.38  0.03  
183   P     0.1   0.03  0.0   0.0   0.0   0.0   0.0   0.0   0.0   0.0   0.05  0.03  0.25  0.02  0.16  0.06  0.08  0.09  0.07  0.06  
184   K     0.08  0.04  0.12  0.09  0.0   0.07  0.12  0.04  0.02  0.0   0.0   0.16  0.02  0.0   0.0   0.11  0.11  0.0   0.0   0.02  
185   T     0.0   0.0   0.0   0.0   0.0   0.0   0.0   0.0   0.02  0.0   0.04  0.0   0.02  0.0   0.0   0.69  0.16  0.03  0.04  0.0   
186   L     0.02  0.0   0.0   0.0   0.06  0.0   0.02  0.0   0.0   0.22  0.53  0.0   0.01  0.03  0.0   0.0   0.0   0.02  0.0   0.06  
187   E     0.02  0.1   0.04  0.06  0.0   0.13  0.21  0.01  0.03  0.0   0.04  0.11  0.01  0.0   0.04  0.03  0.08  0.03  0.01  0.04  
188   K     0.04  0.26  0.12  0.07  0.0   0.0   0.02  0.0   0.0   0.0   0.1   0.29  0.03  0.0   0.0   0.02  0.03  0.0   0.0   0.0   
189   L     0.05  0.0   0.0   0.0   0.0   0.0   0.0   0.0   0.0   0.18  0.41  0.04  0.13  0.03  0.0   0.03  0.04  0.0   0.0   0.06  
190   K     0.1   0.14  0.01  0.0   0.0   0.06  0.03  0.0   0.0   0.09  0.22  0.19  0.05  0.0   0.0   0.03  0.04  0.0   0.0   0.02  
191   G     0.21  0.09  0.01  0.05  0.0   0.02  0.1   0.04  0.0   0.01  0.01  0.16  0.0   0.01  0.01  0.16  0.07  0.0   0.0   0.05  
192   L     0.08  0.03  0.02  0.01  0.0   0.03  0.08  0.05  0.0   0.04  0.46  0.06  0.05  0.01  0.01  0.01  0.01  0.0   0.01  0.04  
193   I     0.06  0.01  0.01  0.07  0.02  0.01  0.01  0.07  0.01  0.19  0.08  0.01  0.01  0.08  0.15  0.02  0.01  0.0   0.05  0.12  
194   E     0.05  0.06  0.04  0.12  0.08  0.09  0.05  0.23  0.01  0.01  0.05  0.08  0.01  0.01  0.06  0.02  0.01  0.0   0.01  0.02  
195   Q     0.05  0.12  0.02  0.09  0.01  0.15  0.13  0.04  0.01  0.04  0.03  0.17  0.02  0.01  0.02  0.02  0.03  0.0   0.01  0.03  
196   G     0.1   0.09  0.01  0.05  0.01  0.01  0.09  0.13  0.01  0.13  0.08  0.07  0.01  0.03  0.02  0.04  0.1   0.0   0.02  0.02  
197   E     0.02  0.01  0.06  0.06  0.0   0.03  0.07  0.12  0.01  0.01  0.14  0.24  0.01  0.09  0.01  0.02  0.04  0.0   0.02  0.02  
198   L     0.01  0.01  0.01  0.01  0.0   0.01  0.01  0.01  0.0   0.06  0.33  0.01  0.02  0.04  0.26  0.07  0.01  0.0   0.09  0.04  
199   K     0.07  0.01  0.12  0.12  0.0   0.01  0.05  0.06  0.0   0.05  0.02  0.19  0.0   0.01  0.15  0.04  0.05  0.0   0.01  0.03  
200   V     0.24  0.01  0.03  0.06  0.04  0.01  0.04  0.01  0.02  0.13  0.06  0.01  0.0   0.01  0.03  0.01  0.09  0.04  0.01  0.15  
201   D     0.02  0.05  0.06  0.22  0.0   0.07  0.08  0.03  0.09  0.01  0.02  0.08  0.0   0.01  0.08  0.04  0.09  0.0   0.01  0.05  
202   S     0.05  0.09  0.01  0.01  0.0   0.01  0.03  0.1   0.0   0.07  0.11  0.18  0.03  0.01  0.01  0.08  0.09  0.0   0.06  0.06  
203   I     0.08  0.0   0.0   0.0   0.0   0.0   0.0   0.06  0.0   0.32  0.13  0.0   0.0   0.0   0.0   0.01  0.0   0.0   0.04  0.33  
204   I     0.04  0.0   0.0   0.0   0.0   0.0   0.0   0.0   0.0   0.16  0.07  0.0   0.0   0.07  0.0   0.0   0.0   0.0   0.42  0.23  
205   A     0.11  0.0   0.0   0.0   0.14  0.0   0.0   0.02  0.0   0.08  0.0   0.0   0.03  0.04  0.5   0.03  0.0   0.0   0.02  0.03  
206   G     0.09  0.0   0.02  0.0   0.04  0.05  0.01  0.69  0.0   0.0   0.0   0.0   0.0   0.0   0.0   0.08  0.0   0.0   0.0   0.0   
207   H     0.0   0.0   0.0   0.0   0.0   0.0   0.05  0.0   0.9   0.0   0.02  0.0   0.0   0.0   0.0   0.0   0.0   0.0   0.01  0.0   
208   D     0.0   0.0   0.09  0.36  0.0   0.0   0.14  0.18  0.06  0.0   0.0   0.01  0.0   0.09  0.0   0.04  0.0   0.0   0.0   0.0   
209   T     0.12  0.0   0.16  0.0   0.0   0.0   0.0   0.04  0.0   0.08  0.21  0.0   0.0   0.0   0.12  0.04  0.05  0.08  0.07  0.01  
210   P     0.0   0.0   0.0   0.12  0.0   0.0   0.0   0.0   0.0   0.07  0.0   0.03  0.04  0.0   0.48  0.0   0.08  0.0   0.0   0.18  
211   I     0.06  0.0   0.0   0.02  0.0   0.0   0.02  0.08  0.0   0.21  0.04  0.0   0.0   0.12  0.07  0.04  0.08  0.15  0.04  0.05  
212   H     0.0   0.0   0.0   0.06  0.0   0.07  0.06  0.16  0.17  0.0   0.02  0.36  0.0   0.0   0.0   0.03  0.07  0.0   0.0   0.0   
213   D     0.12  0.0   0.09  0.21  0.0   0.0   0.11  0.2   0.0   0.0   0.13  0.0   0.07  0.0   0.0   0.06  0.0   0.0   0.0   0.0   
214   V     0.11  0.15  0.0   0.02  0.0   0.21  0.27  0.0   0.0   0.0   0.0   0.02  0.0   0.0   0.15  0.0   0.04  0.0   0.0   0.04  
215   G     0.06  0.17  0.0   0.0   0.0   0.02  0.33  0.25  0.0   0.0   0.03  0.0   0.08  0.0   0.0   0.0   0.05  0.0   0.0   0.0   
216   L     0.18  0.15  0.0   0.0   0.0   0.0   0.0   0.0   0.0   0.07  0.24  0.07  0.0   0.0   0.0   0.08  0.0   0.0   0.22  0.0   
217   I     0.0   0.0   0.0   0.0   0.0   0.0   0.0   0.0   0.0   0.79  0.0   0.03  0.02  0.09  0.0   0.0   0.0   0.0   0.04  0.03  
218   D     0.0   0.19  0.09  0.1   0.0   0.32  0.1   0.0   0.04  0.03  0.0   0.05  0.0   0.0   0.0   0.0   0.07  0.0   0.0   0.0   
219   H     0.0   0.0   0.0   0.0   0.0   0.06  0.12  0.0   0.62  0.0   0.15  0.0   0.0   0.0   0.0   0.0   0.0   0.0   0.05  0.0   
220   Y     0.15  0.15  0.04  0.0   0.0   0.0   0.03  0.0   0.0   0.0   0.09  0.08  0.0   0.0   0.0   0.0   0.23  0.0   0.23  0.0   
221   L     0.07  0.0   0.0   0.0   0.0   0.0   0.32  0.0   0.0   0.16  0.25  0.05  0.0   0.0   0.0   0.15  0.0   0.0   0.0   0.0   
222   T     0.06  0.1   0.26  0.2   0.0   0.07  0.0   0.0   0.0   0.0   0.0   0.0   0.0   0.0   0.0   0.17  0.07  0.0   0.0   0.08  
223   L     0.0   0.23  0.0   0.0   0.0   0.0   0.0   0.0   0.0   0.09  0.34  0.0   0.12  0.0   0.0   0.0   0.0   0.0   0.23  0.0   
224   L     0.12  0.0   0.0   0.0   0.0   0.0   0.0   0.0   0.0   0.48  0.09  0.0   0.11  0.0   0.0   0.0   0.0   0.0   0.0   0.2   
225   E     0.0   0.11  0.14  0.12  0.0   0.12  0.09  0.0   0.0   0.0   0.0   0.08  0.0   0.0   0.0   0.34  0.0   0.0   0.0   0.0   
226   K     0.08  0.0   0.0   0.0   0.0   0.31  0.16  0.0   0.0   0.0   0.0   0.44  0.0   0.0   0.0   0.0   0.0   0.0   0.0   0.0   
227   A     1.0   0.0   0.0   0.0   0.0   0.0   0.0   0.0   0.0   0.0   0.0   0.0   0.0   0.0   0.0   0.0   0.0   0.0   0.0   0.0   
228   P     0.0   0.0   0.0   0.0   0.0   0.0   0.0   0.0   0.0   0.0   0.0   0.0   0.0   0.0   1.0   0.0   0.0   0.0   0.0   0.0   
