             A     R     N     D     C     Q     E     G     H     I     L     K     M     F     P     S     T     W     Y     V
1     W     0.0   0.0   0.0   0.0   0.0   0.0   0.0   0.0   0.0   0.0   0.0   0.0   0.0   0.0   0.0   0.0   0.0   1.0   0.0   0.0   
2     G     0.0   0.0   0.0   0.0   0.0   0.0   0.0   0.85  0.0   0.0   0.0   0.0   0.0   0.0   0.0   0.15  0.0   0.0   0.0   0.0   
3     N     0.16  0.0   0.21  0.12  0.0   0.0   0.0   0.0   0.0   0.0   0.0   0.52  0.0   0.0   0.0   0.0   0.0   0.0   0.0   0.0   
4     L     0.12  0.0   0.0   0.11  0.0   0.0   0.41  0.0   0.0   0.0   0.36  0.0   0.0   0.0   0.0   0.0   0.0   0.0   0.0   0.0   
5     G     0.0   0.0   0.0   0.0   0.0   0.0   0.0   1.0   0.0   0.0   0.0   0.0   0.0   0.0   0.0   0.0   0.0   0.0   0.0   0.0   
6     H     0.0   0.0   0.0   0.0   0.0   0.0   0.0   0.0   1.0   0.0   0.0   0.0   0.0   0.0   0.0   0.0   0.0   0.0   0.0   0.0   
7     E     0.16  0.0   0.0   0.0   0.0   0.0   0.35  0.0   0.0   0.15  0.0   0.0   0.0   0.0   0.0   0.0   0.0   0.0   0.34  0.0   
8     T     0.12  0.0   0.0   0.0   0.0   0.0   0.0   0.0   0.0   0.14  0.15  0.0   0.0   0.0   0.0   0.0   0.59  0.0   0.0   0.0   
9     V     0.0   0.0   0.0   0.0   0.0   0.0   0.0   0.0   0.0   0.14  0.0   0.0   0.0   0.0   0.0   0.0   0.15  0.0   0.0   0.7   
10    A     0.36  0.0   0.0   0.0   0.64  0.0   0.0   0.0   0.0   0.0   0.0   0.0   0.0   0.0   0.0   0.0   0.0   0.0   0.0   0.0   
11    Y     0.0   0.15  0.0   0.0   0.0   0.0   0.0   0.0   0.0   0.0   0.0   0.48  0.0   0.0   0.0   0.0   0.0   0.0   0.36  0.0   
12    I     0.0   0.0   0.0   0.0   0.0   0.0   0.0   0.0   0.0   0.73  0.11  0.0   0.0   0.0   0.0   0.0   0.0   0.0   0.0   0.16  
13    A     1.0   0.0   0.0   0.0   0.0   0.0   0.0   0.0   0.0   0.0   0.0   0.0   0.0   0.0   0.0   0.0   0.0   0.0   0.0   0.0   
14    Q     0.0   0.0   0.0   0.0   0.0   0.78  0.22  0.0   0.0   0.0   0.0   0.0   0.0   0.0   0.0   0.0   0.0   0.0   0.0   0.0   
15    S     0.0   0.0   0.15  0.0   0.0   0.0   0.0   0.11  0.16  0.0   0.0   0.0   0.0   0.0   0.0   0.44  0.14  0.0   0.0   0.0   
16    F     0.0   0.14  0.0   0.0   0.0   0.0   0.0   0.0   0.0   0.0   0.15  0.0   0.0   0.32  0.0   0.0   0.0   0.0   0.39  0.0   
17    V     0.0   0.0   0.0   0.0   0.0   0.0   0.0   0.0   0.0   0.0   0.3   0.0   0.0   0.34  0.0   0.0   0.0   0.0   0.0   0.36  
18    A     0.21  0.0   0.0   0.14  0.0   0.0   0.49  0.0   0.0   0.0   0.0   0.0   0.0   0.0   0.0   0.16  0.0   0.0   0.0   0.0   
19    S     0.15  0.0   0.0   0.11  0.0   0.0   0.37  0.0   0.0   0.0   0.0   0.0   0.0   0.0   0.16  0.21  0.0   0.0   0.0   0.0   
20    S     0.0   0.0   0.0   0.23  0.0   0.0   0.27  0.15  0.0   0.0   0.0   0.0   0.0   0.0   0.0   0.21  0.14  0.0   0.0   0.0   
21    T     0.3   0.0   0.0   0.0   0.0   0.0   0.0   0.0   0.0   0.0   0.0   0.0   0.0   0.0   0.15  0.0   0.55  0.0   0.0   0.0   
22    E     0.45  0.0   0.0   0.0   0.0   0.0   0.21  0.0   0.0   0.11  0.0   0.0   0.0   0.0   0.0   0.0   0.0   0.0   0.0   0.23  
23    S     0.22  0.0   0.0   0.0   0.0   0.0   0.0   0.0   0.15  0.0   0.0   0.14  0.0   0.0   0.0   0.36  0.0   0.0   0.0   0.12  
24    F     0.48  0.0   0.0   0.0   0.0   0.0   0.0   0.0   0.0   0.0   0.0   0.0   0.0   0.21  0.0   0.0   0.0   0.16  0.0   0.15  
25    C     0.16  0.0   0.0   0.0   0.21  0.0   0.0   0.0   0.0   0.0   0.0   0.0   0.0   0.0   0.0   0.0   0.0   0.0   0.0   0.64  
26    Q     0.0   0.0   0.0   0.0   0.0   0.36  0.15  0.0   0.0   0.0   0.0   0.48  0.0   0.0   0.0   0.0   0.0   0.0   0.0   0.0   
27    N     0.0   0.0   0.36  0.0   0.0   0.0   0.14  0.16  0.0   0.0   0.0   0.34  0.0   0.0   0.0   0.0   0.0   0.0   0.0   0.0   
28    I     0.0   0.0   0.0   0.0   0.0   0.0   0.0   0.0   0.0   0.36  0.64  0.0   0.0   0.0   0.0   0.0   0.0   0.0   0.0   0.0   
29    L     0.0   0.0   0.0   0.0   0.0   0.0   0.0   0.0   0.0   0.0   1.0   0.0   0.0   0.0   0.0   0.0   0.0   0.0   0.0   0.0   
30    G     0.0   0.0   0.0   0.0   0.0   0.0   0.0   0.36  0.0   0.0   0.0   0.0   0.0   0.0   0.64  0.0   0.0   0.0   0.0   0.0   
31    D     0.0   0.0   0.0   0.36  0.0   0.0   0.37  0.0   0.0   0.0   0.0   0.11  0.0   0.0   0.0   0.16  0.0   0.0   0.0   0.0   
32    D     0.0   0.0   0.0   0.21  0.0   0.0   0.0   0.0   0.0   0.0   0.0   0.0   0.0   0.0   0.0   0.64  0.0   0.0   0.15  0.0   
33    S     0.37  0.0   0.0   0.11  0.0   0.0   0.0   0.0   0.0   0.0   0.0   0.0   0.0   0.0   0.0   0.36  0.0   0.0   0.0   0.15  
34    T     0.0   0.0   0.12  0.11  0.0   0.0   0.14  0.11  0.0   0.0   0.0   0.15  0.0   0.0   0.0   0.16  0.21  0.0   0.0   0.0   
35    S     0.0   0.0   0.0   0.0   0.0   0.0   0.0   0.64  0.0   0.0   0.0   0.0   0.0   0.0   0.0   0.36  0.0   0.0   0.0   0.0   
36    Y     0.0   0.0   0.0   0.41  0.0   0.0   0.12  0.11  0.0   0.0   0.0   0.0   0.0   0.0   0.0   0.0   0.0   0.0   0.36  0.0   
37    L     0.0   0.0   0.0   0.0   0.0   0.0   0.0   0.0   0.0   0.0   1.0   0.0   0.0   0.0   0.0   0.0   0.0   0.0   0.0   0.0   
38    A     0.7   0.0   0.0   0.0   0.0   0.0   0.0   0.0   0.0   0.0   0.0   0.0   0.0   0.0   0.0   0.3   0.0   0.0   0.0   0.0   
39    N     0.27  0.0   0.21  0.11  0.0   0.0   0.0   0.0   0.0   0.0   0.0   0.0   0.0   0.0   0.0   0.41  0.0   0.0   0.0   0.0   
40    V     0.0   0.0   0.0   0.0   0.0   0.0   0.0   0.0   0.0   0.16  0.3   0.0   0.0   0.11  0.0   0.0   0.0   0.0   0.0   0.44  
41    A     0.36  0.0   0.0   0.0   0.64  0.0   0.0   0.0   0.0   0.0   0.0   0.0   0.0   0.0   0.0   0.0   0.0   0.0   0.0   0.0   
42    T     0.0   0.0   0.0   0.0   0.0   0.0   0.0   0.0   0.0   0.0   0.14  0.0   0.0   0.0   0.0   0.5   0.21  0.0   0.0   0.15  
43    W     0.0   0.0   0.0   0.0   0.0   0.0   0.0   0.0   0.0   0.0   0.0   0.0   0.0   0.0   0.0   0.0   0.0   1.0   0.0   0.0   
44    A     0.51  0.0   0.0   0.0   0.0   0.0   0.0   0.0   0.0   0.0   0.0   0.0   0.0   0.0   0.49  0.0   0.0   0.0   0.0   0.0   
45    D     0.0   0.0   0.0   1.0   0.0   0.0   0.0   0.0   0.0   0.0   0.0   0.0   0.0   0.0   0.0   0.0   0.0   0.0   0.0   0.0   
46    T     0.0   0.14  0.0   0.0   0.0   0.15  0.5   0.0   0.0   0.0   0.0   0.0   0.0   0.0   0.0   0.0   0.21  0.0   0.0   0.0   
47    Y     0.0   0.0   0.0   0.0   0.0   0.0   0.0   0.0   0.0   0.49  0.0   0.0   0.0   0.0   0.0   0.0   0.0   0.0   0.36  0.14  
48    K     0.0   0.31  0.0   0.0   0.0   0.0   0.0   0.0   0.0   0.0   0.0   0.69  0.0   0.0   0.0   0.0   0.0   0.0   0.0   0.0   
49    Y     0.0   0.0   0.0   0.0   0.0   0.0   0.0   0.0   0.27  0.0   0.16  0.23  0.0   0.14  0.0   0.0   0.0   0.0   0.21  0.0   
50    T     0.0   0.14  0.0   0.0   0.0   0.0   0.0   0.0   0.11  0.0   0.23  0.0   0.0   0.0   0.0   0.0   0.36  0.15  0.0   0.0   
51    D     0.01  0.01  0.01  0.21  0.0   0.01  0.01  0.01  0.0   0.01  0.01  0.01  0.0   0.01  0.12  0.28  0.01  0.11  0.16  0.01  
52    A     0.38  0.01  0.01  0.01  0.0   0.35  0.01  0.01  0.0   0.01  0.01  0.16  0.0   0.01  0.01  0.01  0.01  0.0   0.0   0.01  
53    G     0.0   0.0   0.0   0.0   0.0   0.0   0.0   0.36  0.0   0.0   0.0   0.0   0.0   0.0   0.0   0.0   0.0   0.34  0.3   0.0   
54    E     0.0   0.38  0.0   0.0   0.0   0.11  0.21  0.0   0.14  0.0   0.0   0.16  0.0   0.0   0.0   0.0   0.0   0.0   0.0   0.0   
55    F     0.0   0.0   0.0   0.0   0.0   0.0   0.0   0.0   0.0   0.0   0.0   0.0   0.0   0.21  0.0   0.0   0.0   0.79  0.0   0.0   
56    S     0.0   0.0   0.0   0.0   0.0   0.0   0.0   0.0   0.0   0.0   0.0   0.0   0.0   0.0   0.0   0.51  0.49  0.0   0.0   0.0   
57    K     0.16  0.0   0.0   0.0   0.0   0.0   0.0   0.0   0.0   0.0   0.0   0.21  0.0   0.0   0.0   0.64  0.0   0.0   0.0   0.0   
58    P     0.12  0.0   0.0   0.0   0.0   0.0   0.0   0.0   0.15  0.0   0.0   0.0   0.0   0.0   0.46  0.16  0.11  0.0   0.0   0.0   
59    Y     0.0   0.0   0.0   0.0   0.0   0.0   0.0   0.0   0.0   0.0   0.79  0.0   0.0   0.0   0.0   0.0   0.0   0.0   0.21  0.0   
60    H     0.0   0.0   0.0   0.0   0.0   0.0   0.0   0.0   1.0   0.0   0.0   0.0   0.0   0.0   0.0   0.0   0.0   0.0   0.0   0.0   
61    F     0.0   0.0   0.0   0.0   0.0   0.0   0.0   0.0   0.0   0.0   0.0   0.0   0.0   0.48  0.0   0.0   0.0   0.0   0.52  0.0   
62    I     0.01  0.01  0.01  0.01  0.0   0.0   0.01  0.01  0.0   0.67  0.01  0.01  0.0   0.0   0.01  0.01  0.01  0.0   0.0   0.23  
63    D     0.02  0.01  0.12  0.64  0.0   0.01  0.02  0.02  0.01  0.01  0.02  0.01  0.01  0.01  0.01  0.02  0.02  0.0   0.01  0.02  
64    A     0.38  0.01  0.01  0.01  0.0   0.01  0.02  0.02  0.01  0.01  0.02  0.01  0.01  0.01  0.01  0.02  0.39  0.0   0.01  0.02  
65    Q     0.16  0.03  0.02  0.03  0.01  0.23  0.19  0.04  0.01  0.03  0.05  0.03  0.01  0.02  0.03  0.04  0.03  0.01  0.02  0.03  
66    D     0.04  0.03  0.02  0.51  0.01  0.02  0.03  0.04  0.01  0.03  0.05  0.03  0.01  0.02  0.03  0.04  0.03  0.01  0.02  0.03  
67    N     0.03  0.02  0.52  0.02  0.01  0.02  0.02  0.03  0.01  0.02  0.03  0.02  0.01  0.01  0.02  0.03  0.14  0.01  0.01  0.02  
68    P     0.0   0.0   0.0   0.0   0.0   0.0   0.0   0.0   0.0   0.0   0.0   0.0   0.0   0.0   0.86  0.0   0.14  0.0   0.0   0.0   
69    P     0.0   0.0   0.0   0.38  0.0   0.0   0.11  0.0   0.0   0.0   0.0   0.0   0.0   0.0   0.51  0.0   0.0   0.0   0.0   0.0   
70    Q     0.0   0.0   0.0   0.14  0.0   0.36  0.0   0.0   0.0   0.0   0.0   0.0   0.0   0.0   0.0   0.0   0.16  0.0   0.34  0.0   
71    S     0.3   0.22  0.16  0.0   0.0   0.0   0.0   0.0   0.0   0.0   0.0   0.12  0.0   0.0   0.0   0.21  0.0   0.0   0.0   0.0   
72    A     0.1   0.0   0.0   0.0   0.9   0.0   0.0   0.0   0.0   0.0   0.0   0.0   0.0   0.0   0.0   0.0   0.0   0.0   0.0   0.0   
73    G     0.0   0.0   0.5   0.0   0.0   0.0   0.0   0.21  0.0   0.0   0.0   0.0   0.0   0.0   0.0   0.3   0.0   0.0   0.0   0.0   
74    V     0.0   0.0   0.0   0.0   0.0   0.0   0.0   0.0   0.0   0.0   0.0   0.0   0.0   0.0   0.0   0.0   0.0   0.0   0.64  0.36  
75    D     0.0   0.0   0.0   0.36  0.0   0.14  0.49  0.0   0.0   0.0   0.0   0.0   0.0   0.0   0.0   0.0   0.0   0.0   0.0   0.0   
76    Y     0.0   0.0   0.0   0.0   0.0   0.0   0.0   0.0   0.0   0.0   0.0   0.0   0.0   0.0   0.0   0.0   0.0   0.0   1.0   0.0   
77    D     0.0   0.0   0.14  0.21  0.22  0.0   0.16  0.0   0.0   0.0   0.0   0.0   0.0   0.0   0.0   0.27  0.0   0.0   0.0   0.0   
78    R     0.0   1.0   0.0   0.0   0.0   0.0   0.0   0.0   0.0   0.0   0.0   0.0   0.0   0.0   0.0   0.0   0.0   0.0   0.0   0.0   
79    D     0.0   0.0   0.0   1.0   0.0   0.0   0.0   0.0   0.0   0.0   0.0   0.0   0.0   0.0   0.0   0.0   0.0   0.0   0.0   0.0   
80    B     0.0   0.0   0.0   0.0   0.6   0.0   0.0   0.0   0.15  0.0   0.0   0.0   0.0   0.0   0.0   0.14  0.0   0.0   0.0   0.0   
81    G     0.0   0.0   0.0   0.0   0.0   0.0   0.0   0.66  0.22  0.0   0.0   0.0   0.0   0.0   0.12  0.0   0.0   0.0   0.0   0.0   
82    S     0.0   0.0   0.0   0.22  0.0   0.0   0.14  0.0   0.0   0.0   0.15  0.12  0.0   0.0   0.0   0.36  0.0   0.0   0.0   0.0   
83    A     0.21  0.0   0.0   0.12  0.0   0.0   0.0   0.0   0.0   0.0   0.0   0.3   0.0   0.0   0.0   0.16  0.22  0.0   0.0   0.0   
84    G     0.0   0.0   0.0   0.15  0.0   0.0   0.0   0.51  0.22  0.0   0.0   0.0   0.0   0.0   0.0   0.0   0.0   0.12  0.0   0.0   
85    B     0.0   0.14  0.0   0.0   0.38  0.0   0.0   0.0   0.0   0.0   0.0   0.22  0.15  0.0   0.0   0.0   0.0   0.0   0.0   0.0   
86    S     0.0   0.0   0.11  0.0   0.3   0.0   0.0   0.0   0.11  0.0   0.0   0.0   0.0   0.0   0.0   0.36  0.0   0.0   0.0   0.12  
87    I     0.0   0.0   0.0   0.0   0.0   0.0   0.0   0.0   0.0   0.36  0.0   0.0   0.0   0.0   0.0   0.0   0.34  0.0   0.0   0.3   
88    S     0.14  0.0   0.0   0.0   0.0   0.0   0.0   0.49  0.0   0.0   0.0   0.0   0.0   0.0   0.0   0.36  0.0   0.0   0.0   0.0   
89    A     1.0   0.0   0.0   0.0   0.0   0.0   0.0   0.0   0.0   0.0   0.0   0.0   0.0   0.0   0.0   0.0   0.0   0.0   0.0   0.0   
90    I     0.0   0.0   0.0   0.0   0.0   0.0   0.0   0.0   0.0   1.0   0.0   0.0   0.0   0.0   0.0   0.0   0.0   0.0   0.0   0.0   
91    Q     0.16  0.0   0.0   0.0   0.0   0.36  0.0   0.0   0.0   0.0   0.0   0.0   0.0   0.34  0.0   0.0   0.0   0.0   0.14  0.0   
92    N     0.0   0.0   1.0   0.0   0.0   0.0   0.0   0.0   0.0   0.0   0.0   0.0   0.0   0.0   0.0   0.0   0.0   0.0   0.0   0.0   
93    Y     0.0   0.0   0.0   0.0   0.0   0.0   0.0   0.0   0.0   0.0   0.0   0.0   0.0   0.15  0.0   0.0   0.0   0.0   0.85  0.0   
94    T     0.0   0.0   0.0   0.0   0.0   0.0   0.0   0.0   0.0   0.0   0.0   0.0   0.0   0.0   0.0   0.0   1.0   0.0   0.0   0.0   
95    N     0.0   0.0   0.43  0.0   0.0   0.16  0.0   0.0   0.0   0.0   0.0   0.0   0.11  0.0   0.0   0.15  0.14  0.0   0.0   0.0   
96    I     0.0   0.16  0.0   0.0   0.0   0.64  0.0   0.0   0.0   0.21  0.0   0.0   0.0   0.0   0.0   0.0   0.0   0.0   0.0   0.0   
97    L     0.0   0.0   0.0   0.0   0.0   0.0   0.0   0.0   0.0   0.0   0.84  0.0   0.0   0.0   0.0   0.0   0.0   0.0   0.0   0.16  
98    L     0.0   0.0   0.0   0.0   0.0   0.15  0.0   0.0   0.0   0.0   0.35  0.0   0.34  0.0   0.0   0.16  0.0   0.0   0.0   0.0   
99    E     0.0   0.0   0.0   0.16  0.0   0.0   0.21  0.0   0.15  0.0   0.0   0.0   0.0   0.0   0.0   0.48  0.0   0.0   0.0   0.0   
100   S     0.22  0.0   0.0   0.0   0.0   0.0   0.0   0.0   0.0   0.0   0.0   0.0   0.0   0.0   0.0   0.36  0.12  0.0   0.3   0.0   
101   P     0.0   0.0   0.0   0.0   0.0   0.0   0.0   0.15  0.0   0.0   0.0   0.14  0.0   0.0   0.21  0.5   0.0   0.0   0.0   0.0   
102   N     0.0   0.0   0.21  0.0   0.0   0.0   0.49  0.0   0.0   0.0   0.16  0.0   0.0   0.0   0.0   0.0   0.14  0.0   0.0   0.0   
103   G     0.14  0.0   0.34  0.0   0.0   0.0   0.0   0.36  0.0   0.0   0.0   0.0   0.0   0.0   0.0   0.16  0.0   0.0   0.0   0.0   
104   S     0.14  0.0   0.0   0.0   0.0   0.0   0.0   0.0   0.0   0.0   0.0   0.0   0.0   0.0   0.0   0.7   0.15  0.0   0.0   0.0   
105   E     0.0   0.0   0.15  0.11  0.0   0.23  0.36  0.0   0.0   0.0   0.0   0.0   0.0   0.0   0.0   0.14  0.0   0.0   0.0   0.0   
106   A     0.21  0.0   0.11  0.0   0.0   0.0   0.0   0.0   0.16  0.0   0.0   0.0   0.15  0.0   0.0   0.26  0.11  0.0   0.0   0.0   
107   L     0.16  0.0   0.0   0.0   0.0   0.14  0.0   0.0   0.0   0.34  0.21  0.0   0.0   0.0   0.0   0.0   0.15  0.0   0.0   0.0   
108   N     0.0   0.0   0.21  0.0   0.0   0.0   0.65  0.0   0.0   0.0   0.0   0.0   0.0   0.0   0.0   0.14  0.0   0.0   0.0   0.0   
109   A     1.0   0.0   0.0   0.0   0.0   0.0   0.0   0.0   0.0   0.0   0.0   0.0   0.0   0.0   0.0   0.0   0.0   0.0   0.0   0.0   
110   L     0.0   0.0   0.0   0.0   0.0   0.0   0.0   0.0   0.0   0.0   1.0   0.0   0.0   0.0   0.0   0.0   0.0   0.0   0.0   0.0   
111   K     0.0   0.16  0.0   0.0   0.0   0.0   0.0   0.0   0.0   0.0   0.41  0.21  0.23  0.0   0.0   0.0   0.0   0.0   0.0   0.0   
112   F     0.0   0.0   0.0   0.0   0.0   0.0   0.0   0.0   0.0   0.0   0.0   0.0   0.0   1.0   0.0   0.0   0.0   0.0   0.0   0.0   
113   V     0.0   0.0   0.0   0.0   0.0   0.0   0.0   0.0   0.0   0.0   0.65  0.0   0.0   0.0   0.0   0.0   0.0   0.0   0.0   0.35  
114   V     0.0   0.0   0.0   0.0   0.0   0.0   0.0   0.0   0.0   0.0   0.0   0.0   0.0   0.0   0.0   0.64  0.0   0.0   0.0   0.36  
115   H     0.0   0.0   0.0   0.0   0.0   0.0   0.0   0.0   1.0   0.0   0.0   0.0   0.0   0.0   0.0   0.0   0.0   0.0   0.0   0.0   
116   I     0.0   0.0   0.0   0.0   0.0   0.0   0.0   0.0   0.0   0.21  0.0   0.0   0.0   0.57  0.0   0.0   0.0   0.0   0.23  0.0   
117   I     0.0   0.0   0.0   0.0   0.0   0.0   0.0   0.0   0.0   0.48  0.0   0.0   0.52  0.0   0.0   0.0   0.0   0.0   0.0   0.0   
118   G     0.0   0.0   0.0   0.0   0.0   0.0   0.0   1.0   0.0   0.0   0.0   0.0   0.0   0.0   0.0   0.0   0.0   0.0   0.0   0.0   
119   D     0.0   0.0   0.0   1.0   0.0   0.0   0.0   0.0   0.0   0.0   0.0   0.0   0.0   0.0   0.0   0.0   0.0   0.0   0.0   0.0   
120   I     0.0   0.0   0.0   0.0   0.0   0.0   0.0   0.0   0.0   0.73  0.0   0.0   0.16  0.0   0.0   0.0   0.0   0.0   0.0   0.11  
121   H     0.0   0.0   0.0   0.0   0.0   0.0   0.0   0.0   0.84  0.0   0.0   0.0   0.0   0.0   0.0   0.0   0.16  0.0   0.0   0.0   
122   Q     0.0   0.0   0.0   0.0   0.0   1.0   0.0   0.0   0.0   0.0   0.0   0.0   0.0   0.0   0.0   0.0   0.0   0.0   0.0   0.0   
123   P     0.0   0.0   0.0   0.0   0.0   0.0   0.0   0.0   0.0   0.0   0.0   0.0   0.0   0.0   1.0   0.0   0.0   0.0   0.0   0.0   
124   L     0.0   0.0   0.0   0.0   0.0   0.0   0.0   0.0   0.0   0.0   0.85  0.0   0.15  0.0   0.0   0.0   0.0   0.0   0.0   0.0   
125   H     0.0   0.0   0.0   0.0   0.0   0.0   0.0   0.0   1.0   0.0   0.0   0.0   0.0   0.0   0.0   0.0   0.0   0.0   0.0   0.0   
126   D     0.0   0.0   0.0   0.36  0.0   0.0   0.12  0.15  0.0   0.0   0.0   0.0   0.0   0.0   0.0   0.0   0.11  0.0   0.0   0.26  
127   E     0.0   0.0   0.0   0.0   0.0   0.0   0.36  0.34  0.0   0.0   0.0   0.0   0.0   0.15  0.0   0.14  0.0   0.0   0.0   0.0   
128   N     0.16  0.0   0.21  0.0   0.0   0.0   0.0   0.0   0.0   0.0   0.0   0.0   0.0   0.34  0.0   0.0   0.15  0.0   0.14  0.0   
129   L     0.14  0.0   0.0   0.0   0.0   0.0   0.0   0.0   0.0   0.12  0.43  0.0   0.0   0.0   0.0   0.15  0.0   0.0   0.16  0.0   
130   E     0.16  0.0   0.0   0.64  0.0   0.0   0.21  0.0   0.0   0.0   0.0   0.0   0.0   0.0   0.0   0.0   0.0   0.0   0.0   0.0   
131   A     0.21  0.0   0.0   0.0   0.0   0.0   0.27  0.0   0.0   0.0   0.23  0.14  0.0   0.0   0.0   0.0   0.0   0.0   0.0   0.16  
132   G     0.0   0.0   0.0   0.0   0.0   0.0   0.0   1.0   0.0   0.0   0.0   0.0   0.0   0.0   0.0   0.0   0.0   0.0   0.0   0.0   
133   G     0.0   0.0   0.0   0.0   0.0   0.0   0.0   1.0   0.0   0.0   0.0   0.0   0.0   0.0   0.0   0.0   0.0   0.0   0.0   0.0   
134   N     0.0   0.0   1.0   0.0   0.0   0.0   0.0   0.0   0.0   0.0   0.0   0.0   0.0   0.0   0.0   0.0   0.0   0.0   0.0   0.0   
135   G     0.0   0.0   0.0   0.0   0.0   0.0   0.0   0.21  0.0   0.0   0.0   0.28  0.0   0.0   0.0   0.0   0.52  0.0   0.0   0.0   
136   I     0.0   0.0   0.0   0.0   0.0   0.0   0.0   0.0   0.0   1.0   0.0   0.0   0.0   0.0   0.0   0.0   0.0   0.0   0.0   0.0   
137   D     0.0   0.0   0.16  0.36  0.0   0.0   0.14  0.0   0.0   0.11  0.0   0.12  0.0   0.0   0.0   0.0   0.11  0.0   0.0   0.0   
138   V     0.0   0.0   0.0   0.0   0.0   0.0   0.0   0.0   0.0   0.0   0.15  0.0   0.0   0.0   0.0   0.0   0.0   0.0   0.0   0.85  
139   T     0.0   0.27  0.11  0.0   0.0   0.0   0.0   0.0   0.26  0.0   0.0   0.0   0.0   0.0   0.0   0.0   0.36  0.0   0.0   0.0   
140   Y     0.0   0.0   0.0   0.0   0.0   0.0   0.0   0.0   0.0   0.0   0.0   0.0   0.0   0.16  0.0   0.0   0.0   0.64  0.21  0.0   
141   D     0.0   0.0   0.0   0.36  0.0   0.0   0.0   0.0   0.0   0.0   0.0   0.0   0.0   0.0   0.0   0.0   0.0   0.0   0.64  0.0   
142   G     0.0   0.11  0.12  0.0   0.0   0.0   0.0   0.36  0.11  0.0   0.0   0.15  0.0   0.0   0.0   0.0   0.14  0.0   0.0   0.0   
143   E     0.0   0.26  0.11  0.0   0.0   0.12  0.21  0.0   0.15  0.0   0.0   0.0   0.0   0.0   0.0   0.0   0.0   0.0   0.16  0.0   
144   T     0.0   0.0   0.0   0.0   0.0   0.0   0.12  0.0   0.16  0.0   0.0   0.52  0.0   0.0   0.0   0.0   0.21  0.0   0.0   0.0   
145   T     0.14  0.0   0.0   0.16  0.0   0.0   0.0   0.0   0.0   0.0   0.0   0.0   0.0   0.0   0.0   0.26  0.44  0.0   0.0   0.0   
146   N     0.0   0.0   1.0   0.0   0.0   0.0   0.0   0.0   0.0   0.0   0.0   0.0   0.0   0.0   0.0   0.0   0.0   0.0   0.0   0.0   
147   L     0.0   0.0   0.0   0.0   0.0   0.0   0.0   0.0   0.0   0.0   1.0   0.0   0.0   0.0   0.0   0.0   0.0   0.0   0.0   0.0   
148   H     0.0   0.0   0.0   0.0   0.0   0.0   0.0   0.0   1.0   0.0   0.0   0.0   0.0   0.0   0.0   0.0   0.0   0.0   0.0   0.0   
149   H     0.0   0.12  0.0   0.0   0.0   0.0   0.0   0.0   0.72  0.0   0.0   0.0   0.0   0.0   0.0   0.16  0.0   0.0   0.0   0.0   
150   I     0.0   0.0   0.0   0.16  0.0   0.0   0.0   0.0   0.0   0.35  0.0   0.0   0.0   0.0   0.0   0.0   0.0   0.0   0.0   0.49  
151   W     0.0   0.0   0.0   0.0   0.0   0.0   0.0   0.0   0.0   0.0   0.0   0.0   0.0   0.0   0.0   0.0   0.0   1.0   0.0   0.0   
152   D     0.0   0.0   0.0   1.0   0.0   0.0   0.0   0.0   0.0   0.0   0.0   0.0   0.0   0.0   0.0   0.0   0.0   0.0   0.0   0.0   
153   T     0.01  0.16  0.12  0.12  0.0   0.0   0.01  0.01  0.0   0.01  0.01  0.01  0.0   0.0   0.01  0.15  0.37  0.0   0.0   0.01  
154   N     0.0   0.0   0.46  0.0   0.0   0.0   0.15  0.0   0.0   0.0   0.0   0.0   0.23  0.0   0.0   0.0   0.0   0.0   0.16  0.0   
155   M     0.0   0.0   0.0   0.0   0.0   0.0   0.0   0.0   0.0   0.52  0.0   0.0   0.48  0.0   0.0   0.0   0.0   0.0   0.0   0.0   
156   P     0.0   0.0   0.0   0.0   0.0   0.0   0.0   0.0   0.0   0.64  0.0   0.0   0.0   0.0   0.36  0.0   0.0   0.0   0.0   0.0   
157   E     0.0   0.0   0.0   0.11  0.0   0.16  0.46  0.0   0.0   0.11  0.15  0.0   0.0   0.0   0.0   0.0   0.0   0.0   0.0   0.0   
158   E     0.0   0.0   0.0   0.0   0.0   0.0   0.32  0.0   0.0   0.0   0.0   0.16  0.0   0.0   0.0   0.23  0.3   0.0   0.0   0.0   
159   A     0.73  0.0   0.0   0.0   0.0   0.0   0.0   0.0   0.0   0.0   0.16  0.0   0.0   0.0   0.0   0.11  0.0   0.0   0.0   0.0   
160   A     0.32  0.0   0.0   0.0   0.0   0.0   0.14  0.0   0.0   0.16  0.38  0.0   0.0   0.0   0.0   0.0   0.0   0.0   0.0   0.0   
161   G     0.15  0.01  0.01  0.01  0.0   0.0   0.23  0.37  0.0   0.01  0.01  0.16  0.0   0.0   0.01  0.01  0.01  0.0   0.0   0.01  
162   G     0.01  0.01  0.16  0.15  0.0   0.0   0.01  0.37  0.0   0.01  0.01  0.01  0.0   0.0   0.01  0.01  0.23  0.0   0.0   0.01  
163   Y     0.01  0.01  0.01  0.01  0.0   0.0   0.01  0.01  0.16  0.01  0.15  0.01  0.0   0.0   0.01  0.01  0.01  0.0   0.59  0.01  
164   S     0.17  0.01  0.01  0.16  0.0   0.0   0.01  0.01  0.0   0.01  0.01  0.01  0.0   0.0   0.01  0.21  0.01  0.0   0.37  0.01  
165   L     0.01  0.01  0.37  0.01  0.0   0.0   0.01  0.01  0.0   0.01  0.37  0.16  0.0   0.0   0.01  0.01  0.01  0.0   0.0   0.01  
166   S     0.01  0.01  0.16  0.01  0.0   0.0   0.01  0.01  0.0   0.01  0.01  0.01  0.0   0.0   0.01  0.74  0.01  0.0   0.0   0.01  
167   V     0.15  0.01  0.01  0.16  0.0   0.0   0.01  0.01  0.0   0.01  0.16  0.01  0.0   0.0   0.01  0.24  0.01  0.0   0.0   0.21  
168   A     0.36  0.0   0.0   0.15  0.0   0.0   0.0   0.0   0.0   0.0   0.48  0.0   0.0   0.0   0.0   0.0   0.0   0.0   0.0   0.0   
169   K     0.0   0.0   0.0   0.0   0.0   0.0   0.3   0.0   0.0   0.0   0.15  0.32  0.0   0.0   0.23  0.0   0.0   0.0   0.0   0.0   
170   T     0.0   0.12  0.0   0.0   0.0   0.0   0.0   0.14  0.11  0.0   0.15  0.0   0.0   0.0   0.0   0.16  0.32  0.0   0.0   0.0   
171   Y     0.0   0.0   0.0   0.0   0.0   0.15  0.0   0.0   0.0   0.0   0.0   0.0   0.37  0.0   0.0   0.0   0.0   0.16  0.32  0.0   
172   A     0.36  0.0   0.0   0.0   0.0   0.0   0.15  0.0   0.0   0.23  0.0   0.0   0.0   0.0   0.0   0.0   0.0   0.0   0.11  0.14  
173   D     0.0   0.0   0.11  0.5   0.0   0.11  0.0   0.0   0.12  0.0   0.0   0.16  0.0   0.0   0.0   0.0   0.0   0.0   0.0   0.0   
174   L     0.26  0.01  0.01  0.01  0.0   0.01  0.13  0.01  0.0   0.01  0.22  0.12  0.0   0.01  0.01  0.01  0.17  0.0   0.0   0.01  
175   L     0.0   0.0   0.0   0.0   0.0   0.0   0.0   0.0   0.0   0.0   0.89  0.0   0.0   0.0   0.0   0.11  0.0   0.0   0.0   0.0   
176   T     0.0   0.0   0.0   0.0   0.0   0.23  0.15  0.0   0.0   0.0   0.11  0.14  0.0   0.0   0.0   0.0   0.21  0.0   0.0   0.16  
177   E     0.23  0.0   0.0   0.0   0.0   0.16  0.21  0.0   0.0   0.0   0.0   0.3   0.0   0.0   0.11  0.0   0.0   0.0   0.0   0.0   
178   R     0.0   0.21  0.45  0.0   0.0   0.0   0.0   0.0   0.0   0.0   0.11  0.23  0.0   0.0   0.0   0.0   0.0   0.0   0.0   0.0   
179   I     0.0   0.0   0.0   0.0   0.0   0.0   0.0   0.0   0.0   0.66  0.23  0.0   0.11  0.0   0.0   0.0   0.0   0.0   0.0   0.0   
180   K     0.0   0.0   0.0   0.0   0.0   0.0   0.16  0.0   0.0   0.11  0.0   0.43  0.0   0.0   0.0   0.0   0.3   0.0   0.0   0.0   
181   T     0.0   0.0   0.38  0.0   0.0   0.0   0.11  0.0   0.0   0.0   0.0   0.0   0.0   0.0   0.0   0.16  0.35  0.0   0.0   0.0   
182   G     0.12  0.01  0.01  0.01  0.0   0.01  0.01  0.76  0.0   0.01  0.01  0.01  0.0   0.01  0.01  0.01  0.01  0.0   0.0   0.01  
183   T     0.02  0.01  0.17  0.01  0.0   0.01  0.16  0.02  0.0   0.01  0.29  0.01  0.01  0.01  0.01  0.02  0.22  0.0   0.01  0.01  
184   Y     0.01  0.01  0.01  0.01  0.0   0.12  0.01  0.01  0.0   0.01  0.01  0.01  0.0   0.0   0.01  0.01  0.01  0.41  0.37  0.01  
185   S     0.26  0.01  0.01  0.01  0.0   0.0   0.01  0.01  0.16  0.01  0.01  0.01  0.0   0.0   0.01  0.32  0.16  0.0   0.0   0.01  
186   S     0.17  0.01  0.23  0.3   0.0   0.0   0.01  0.01  0.0   0.01  0.01  0.01  0.0   0.0   0.01  0.21  0.01  0.0   0.0   0.01  
187   K     0.01  0.01  0.01  0.27  0.0   0.31  0.01  0.01  0.0   0.01  0.12  0.21  0.0   0.0   0.01  0.01  0.01  0.0   0.0   0.01  
188   K     0.17  0.01  0.01  0.01  0.0   0.0   0.01  0.01  0.0   0.01  0.16  0.21  0.0   0.0   0.01  0.01  0.12  0.0   0.0   0.26  
189   D     0.01  0.01  0.12  0.21  0.0   0.0   0.01  0.01  0.0   0.01  0.01  0.15  0.0   0.0   0.12  0.16  0.16  0.0   0.0   0.01  
190   S     0.01  0.15  0.01  0.12  0.0   0.0   0.01  0.17  0.0   0.01  0.01  0.01  0.0   0.0   0.01  0.48  0.01  0.0   0.0   0.01  
191   W     0.0   0.0   0.0   0.0   0.0   0.0   0.0   0.0   0.0   0.0   0.0   0.0   0.0   0.0   0.0   0.0   0.0   1.0   0.0   0.0   
192   T     0.0   0.0   0.0   0.0   0.0   0.0   0.0   0.0   0.0   0.16  0.0   0.11  0.0   0.0   0.0   0.23  0.5   0.0   0.0   0.0   
193   D     0.01  0.01  0.23  0.21  0.0   0.0   0.16  0.01  0.0   0.01  0.01  0.31  0.0   0.0   0.01  0.01  0.01  0.0   0.0   0.01  
194   G     0.02  0.01  0.01  0.13  0.16  0.01  0.01  0.38  0.0   0.01  0.02  0.16  0.01  0.01  0.01  0.02  0.01  0.0   0.01  0.01  
195   I     0.02  0.01  0.16  0.17  0.0   0.01  0.01  0.02  0.0   0.22  0.02  0.01  0.01  0.01  0.01  0.02  0.16  0.0   0.01  0.13  
196   D     0.15  0.01  0.16  0.48  0.0   0.0   0.01  0.01  0.0   0.01  0.01  0.01  0.0   0.0   0.12  0.01  0.01  0.0   0.0   0.01  
197   I     0.01  0.01  0.0   0.01  0.14  0.0   0.01  0.01  0.0   0.37  0.28  0.01  0.0   0.0   0.01  0.01  0.01  0.0   0.0   0.12  
198   K     0.02  0.01  0.01  0.01  0.01  0.01  0.02  0.02  0.01  0.01  0.02  0.22  0.01  0.01  0.27  0.18  0.02  0.12  0.01  0.02  
199   D     0.02  0.01  0.01  0.36  0.01  0.01  0.29  0.02  0.01  0.01  0.02  0.02  0.01  0.01  0.01  0.14  0.02  0.0   0.01  0.02  
200   P     0.03  0.02  0.02  0.02  0.01  0.02  0.02  0.03  0.01  0.16  0.03  0.02  0.01  0.01  0.38  0.03  0.02  0.12  0.01  0.02  
201   V     0.02  0.01  0.01  0.01  0.0   0.01  0.13  0.02  0.0   0.32  0.02  0.01  0.01  0.01  0.01  0.02  0.01  0.0   0.15  0.22  
202   S     0.3   0.0   0.0   0.0   0.0   0.0   0.0   0.0   0.0   0.0   0.0   0.0   0.0   0.0   0.0   0.55  0.16  0.0   0.0   0.0   
203   T     0.0   0.0   0.0   0.0   0.49  0.0   0.0   0.0   0.0   0.0   0.0   0.0   0.0   0.0   0.0   0.14  0.36  0.0   0.0   0.0   
204   S     0.16  0.0   0.0   0.0   0.0   0.23  0.14  0.0   0.11  0.0   0.0   0.0   0.0   0.0   0.15  0.21  0.0   0.0   0.0   0.0   
205   M     0.0   0.0   0.0   0.0   0.0   0.0   0.0   0.14  0.15  0.0   0.23  0.0   0.21  0.11  0.0   0.0   0.16  0.0   0.0   0.0   
206   I     0.0   0.16  0.23  0.0   0.0   0.0   0.0   0.0   0.11  0.35  0.0   0.15  0.0   0.0   0.0   0.0   0.0   0.0   0.0   0.0   
207   W     0.0   0.0   0.0   0.0   0.0   0.48  0.0   0.0   0.0   0.0   0.0   0.0   0.0   0.0   0.0   0.0   0.0   0.36  0.15  0.0   
208   A     0.66  0.0   0.0   0.0   0.0   0.0   0.0   0.0   0.0   0.0   0.0   0.11  0.0   0.0   0.0   0.0   0.23  0.0   0.0   0.0   
209   A     0.69  0.0   0.0   0.0   0.0   0.0   0.0   0.0   0.0   0.0   0.0   0.0   0.0   0.0   0.0   0.31  0.0   0.0   0.0   0.0   
210   D     0.0   0.0   0.0   0.36  0.48  0.0   0.15  0.0   0.0   0.0   0.0   0.0   0.0   0.0   0.0   0.0   0.0   0.0   0.0   0.0   
211   A     0.36  0.0   0.0   0.14  0.0   0.0   0.0   0.0   0.0   0.0   0.0   0.0   0.0   0.0   0.34  0.15  0.0   0.0   0.0   0.0   
212   N     0.0   0.0   0.7   0.0   0.0   0.0   0.0   0.0   0.0   0.15  0.0   0.0   0.0   0.0   0.0   0.0   0.0   0.14  0.0   0.0   
213   T     0.3   0.0   0.0   0.0   0.0   0.0   0.0   0.0   0.0   0.0   0.11  0.15  0.0   0.0   0.23  0.0   0.21  0.0   0.0   0.0   
214   Y     0.0   0.0   0.0   0.0   0.0   0.0   0.0   0.0   0.0   0.0   0.31  0.0   0.0   0.0   0.0   0.0   0.0   0.0   0.69  0.0   
215   V     0.49  0.0   0.0   0.0   0.0   0.0   0.0   0.0   0.0   0.0   0.0   0.14  0.0   0.0   0.0   0.0   0.0   0.0   0.0   0.36  
216   A     0.1   0.0   0.0   0.0   0.41  0.0   0.0   0.14  0.0   0.0   0.0   0.0   0.0   0.0   0.0   0.34  0.0   0.0   0.0   0.0   
217   S     0.0   0.0   0.0   0.0   0.0   0.0   0.34  0.0   0.0   0.0   0.0   0.15  0.0   0.0   0.0   0.21  0.16  0.0   0.0   0.14  
218   T     0.0   0.0   0.0   0.0   0.0   0.0   0.0   0.0   0.0   0.0   0.0   0.0   0.0   0.0   0.0   0.34  0.35  0.15  0.0   0.16  
219   V     0.01  0.01  0.01  0.01  0.0   0.01  0.15  0.01  0.0   0.35  0.01  0.01  0.0   0.01  0.01  0.01  0.01  0.0   0.0   0.37  
220   L     0.01  0.01  0.01  0.01  0.0   0.01  0.01  0.15  0.0   0.01  0.56  0.01  0.16  0.01  0.01  0.01  0.01  0.0   0.0   0.01  
221   D     0.35  0.01  0.01  0.36  0.0   0.01  0.01  0.01  0.0   0.01  0.01  0.01  0.0   0.01  0.17  0.01  0.01  0.0   0.0   0.01  
222   D     0.02  0.02  0.01  0.22  0.35  0.01  0.02  0.02  0.16  0.02  0.03  0.02  0.01  0.01  0.02  0.02  0.02  0.0   0.01  0.02  
223   G     0.01  0.01  0.01  0.01  0.0   0.01  0.01  0.53  0.0   0.01  0.01  0.35  0.0   0.01  0.01  0.01  0.01  0.0   0.0   0.01  
224   L     0.17  0.01  0.01  0.01  0.0   0.01  0.01  0.01  0.0   0.01  0.22  0.01  0.0   0.01  0.01  0.01  0.01  0.0   0.5   0.01  
225   A     0.72  0.01  0.01  0.01  0.0   0.01  0.01  0.01  0.0   0.01  0.01  0.16  0.0   0.01  0.01  0.01  0.01  0.0   0.0   0.01  
226   Y     0.17  0.01  0.01  0.01  0.0   0.01  0.01  0.16  0.0   0.01  0.01  0.01  0.0   0.01  0.01  0.01  0.01  0.0   0.55  0.01  
227   I     0.01  0.35  0.01  0.01  0.0   0.01  0.01  0.01  0.0   0.21  0.17  0.01  0.0   0.01  0.01  0.01  0.01  0.0   0.0   0.16  
228   N     0.01  0.01  0.55  0.01  0.0   0.16  0.01  0.01  0.0   0.01  0.01  0.16  0.0   0.01  0.01  0.01  0.01  0.0   0.0   0.01  
229   S     0.35  0.01  0.01  0.01  0.0   0.01  0.01  0.01  0.0   0.01  0.01  0.01  0.0   0.01  0.01  0.37  0.17  0.0   0.0   0.01  
230   T     0.01  0.01  0.01  0.01  0.0   0.01  0.01  0.32  0.0   0.01  0.01  0.01  0.0   0.01  0.01  0.01  0.55  0.0   0.0   0.01  
231   D     0.0   0.0   0.0   0.36  0.0   0.0   0.15  0.0   0.0   0.0   0.0   0.0   0.0   0.0   0.11  0.0   0.37  0.0   0.0   0.0   
232   L     0.0   0.0   0.0   0.0   0.0   0.0   0.0   0.0   0.0   0.0   0.88  0.0   0.0   0.0   0.0   0.0   0.12  0.0   0.0   0.0   
233   S     0.0   0.0   0.0   0.0   0.0   0.0   0.14  0.22  0.0   0.0   0.12  0.0   0.0   0.0   0.0   0.36  0.0   0.0   0.16  0.0   
234   G     0.0   0.0   0.0   0.37  0.0   0.0   0.15  0.32  0.0   0.0   0.0   0.0   0.0   0.0   0.16  0.0   0.0   0.0   0.0   0.0   
235   E     0.0   0.0   0.0   0.23  0.0   0.0   0.61  0.0   0.0   0.0   0.0   0.0   0.0   0.0   0.0   0.0   0.16  0.0   0.0   0.0   
236   Y     0.0   0.0   0.0   0.0   0.0   0.0   0.0   0.0   0.0   0.0   0.0   0.0   0.0   0.0   0.0   0.0   0.0   0.0   1.0   0.0   
237   Y     0.0   0.0   0.0   0.0   0.0   0.0   0.0   0.0   0.0   0.0   0.0   0.0   0.0   0.52  0.0   0.0   0.0   0.0   0.48  0.0   
238   D     0.0   0.0   0.15  0.36  0.0   0.0   0.0   0.0   0.0   0.0   0.22  0.0   0.0   0.12  0.0   0.0   0.0   0.0   0.14  0.0   
239   K     0.0   0.0   0.0   0.0   0.0   0.0   0.0   0.0   0.0   0.0   0.0   0.21  0.0   0.0   0.0   0.52  0.15  0.0   0.0   0.12  
240   S     0.0   0.52  0.0   0.0   0.0   0.0   0.0   0.0   0.0   0.0   0.0   0.0   0.0   0.0   0.0   0.32  0.0   0.0   0.0   0.16  
241   Q     0.0   0.12  0.0   0.0   0.0   0.21  0.0   0.0   0.0   0.16  0.52  0.0   0.0   0.0   0.0   0.0   0.0   0.0   0.0   0.0   
242   P     0.0   0.0   0.0   0.16  0.0   0.0   0.0   0.0   0.0   0.0   0.0   0.0   0.0   0.0   0.84  0.0   0.0   0.0   0.0   0.0   
243   V     0.0   0.0   0.0   0.0   0.0   0.0   0.0   0.0   0.0   0.41  0.0   0.0   0.0   0.0   0.0   0.0   0.16  0.0   0.0   0.43  
244   F     0.0   0.0   0.0   0.0   0.0   0.0   0.0   0.0   0.0   0.16  0.0   0.0   0.0   0.21  0.0   0.0   0.0   0.0   0.0   0.64  
245   E     0.0   0.0   0.0   0.0   0.0   0.0   0.7   0.0   0.0   0.0   0.0   0.0   0.15  0.0   0.0   0.0   0.0   0.0   0.14  0.0   
246   E     0.0   0.0   0.0   0.0   0.0   0.14  0.21  0.0   0.0   0.0   0.16  0.49  0.0   0.0   0.0   0.0   0.0   0.0   0.0   0.0   
247   L     0.0   0.64  0.0   0.0   0.0   0.16  0.0   0.0   0.0   0.0   0.21  0.0   0.0   0.0   0.0   0.0   0.0   0.0   0.0   0.0   
248   I     0.0   0.0   0.0   0.0   0.0   0.0   0.0   0.0   0.0   0.52  0.48  0.0   0.0   0.0   0.0   0.0   0.0   0.0   0.0   0.0   
249   A     0.85  0.0   0.0   0.0   0.0   0.0   0.0   0.0   0.0   0.0   0.0   0.0   0.0   0.0   0.0   0.0   0.0   0.0   0.0   0.15  
250   K     0.0   0.0   0.0   0.0   0.0   0.64  0.0   0.0   0.0   0.0   0.0   0.36  0.0   0.0   0.0   0.0   0.0   0.0   0.0   0.0   
251   A     0.21  0.0   0.0   0.0   0.0   0.0   0.0   0.79  0.0   0.0   0.0   0.0   0.0   0.0   0.0   0.0   0.0   0.0   0.0   0.0   
252   G     0.0   0.0   0.0   0.0   0.0   0.0   0.0   1.0   0.0   0.0   0.0   0.0   0.0   0.0   0.0   0.0   0.0   0.0   0.0   0.0   
253   Y     0.0   0.0   0.0   0.0   0.0   0.0   0.0   0.0   0.0   0.34  0.0   0.0   0.0   0.0   0.0   0.0   0.0   0.0   0.36  0.3   
254   R     0.0   1.0   0.0   0.0   0.0   0.0   0.0   0.0   0.0   0.0   0.0   0.0   0.0   0.0   0.0   0.0   0.0   0.0   0.0   0.0   
255   L     0.0   0.0   0.0   0.0   0.0   0.0   0.0   0.0   0.0   0.0   1.0   0.0   0.0   0.0   0.0   0.0   0.0   0.0   0.0   0.0   
256   A     1.0   0.0   0.0   0.0   0.0   0.0   0.0   0.0   0.0   0.0   0.0   0.0   0.0   0.0   0.0   0.0   0.0   0.0   0.0   0.0   
257   A     0.57  0.0   0.16  0.0   0.0   0.0   0.0   0.12  0.0   0.0   0.0   0.0   0.15  0.0   0.0   0.0   0.0   0.0   0.0   0.0   
258   W     0.0   0.0   0.0   0.0   0.0   0.0   0.0   0.0   0.0   0.15  0.0   0.0   0.0   0.0   0.0   0.0   0.48  0.36  0.0   0.0   
259   L     0.0   0.0   0.0   0.0   0.0   0.0   0.0   0.0   0.0   0.16  0.84  0.0   0.0   0.0   0.0   0.0   0.0   0.0   0.0   0.0   
260   D     0.0   0.0   0.79  0.21  0.0   0.0   0.0   0.0   0.0   0.0   0.0   0.0   0.0   0.0   0.0   0.0   0.0   0.0   0.0   0.0   
261   L     0.0   0.64  0.0   0.0   0.0   0.0   0.16  0.0   0.0   0.0   0.21  0.0   0.0   0.0   0.0   0.0   0.0   0.0   0.0   0.0   
262   I     0.0   0.0   0.0   0.0   0.0   0.0   0.0   0.0   0.0   0.85  0.0   0.0   0.0   0.0   0.0   0.0   0.0   0.0   0.0   0.15  
263   A     0.31  0.0   0.0   0.0   0.0   0.0   0.0   0.0   0.0   0.0   0.0   0.0   0.0   0.53  0.0   0.16  0.0   0.0   0.0   0.0   
264   S     0.0   0.0   0.0   0.0   0.0   0.0   0.0   0.0   0.0   0.0   0.0   0.0   0.0   0.0   0.0   1.0   0.0   0.0   0.0   0.0   
265   Q     0.0   0.0   0.0   0.0   0.0   0.56  0.0   0.0   0.0   0.0   0.0   0.44  0.0   0.0   0.0   0.0   0.0   0.0   0.0   0.0   
266   P     0.0   0.0   0.0   0.0   0.0   0.0   0.0   0.0   0.0   0.0   0.0   0.0   0.0   0.0   1.0   0.0   0.0   0.0   0.0   0.0   
267   S     0.0   0.0   0.0   0.0   0.0   0.0   0.0   0.0   0.0   0.0   0.0   0.44  0.0   0.0   0.0   0.56  0.0   0.0   0.0   0.0   
