             A     R     N     D     C     Q     E     G     H     I     L     K     M     F     P     S     T     W     Y     V
1     G     0.0   0.0   0.0   0.0   0.0   0.0   0.0   1.0   0.0   0.0   0.0   0.0   0.0   0.0   0.0   0.0   0.0   0.0   0.0   0.0   
2     S     0.0   0.0   0.0   0.0   0.0   0.0   0.0   0.0   0.0   0.0   0.06  0.0   0.0   0.0   0.0   0.58  0.36  0.0   0.0   0.0   
3     S     0.0   0.07  0.0   0.0   0.0   0.0   0.0   0.05  0.0   0.0   0.0   0.0   0.0   0.0   0.0   0.66  0.22  0.0   0.0   0.0   
4     E     0.0   0.0   0.0   0.0   0.0   0.0   0.93  0.07  0.0   0.0   0.0   0.0   0.0   0.0   0.0   0.0   0.0   0.0   0.0   0.0   
5     Q     0.07  0.03  0.0   0.05  0.0   0.27  0.18  0.0   0.0   0.0   0.0   0.06  0.0   0.0   0.0   0.18  0.16  0.0   0.0   0.0   
6     E     0.0   0.0   0.0   0.07  0.0   0.12  0.81  0.0   0.0   0.0   0.0   0.0   0.0   0.0   0.0   0.0   0.0   0.0   0.0   0.0   
7     L     0.0   0.0   0.0   0.0   0.0   0.0   0.0   0.0   0.0   0.0   0.94  0.0   0.0   0.0   0.0   0.0   0.0   0.0   0.0   0.06  
8     K     0.03  0.34  0.06  0.0   0.0   0.0   0.07  0.0   0.0   0.0   0.0   0.36  0.0   0.06  0.0   0.0   0.03  0.0   0.0   0.05  
9     A     0.39  0.05  0.14  0.06  0.0   0.1   0.0   0.0   0.1   0.0   0.06  0.0   0.06  0.03  0.0   0.0   0.0   0.0   0.0   0.0   
10    I     0.0   0.0   0.0   0.0   0.0   0.0   0.0   0.0   0.0   0.55  0.34  0.0   0.11  0.0   0.0   0.0   0.0   0.0   0.0   0.0   
11    V     0.07  0.0   0.0   0.0   0.0   0.0   0.0   0.0   0.0   0.12  0.27  0.0   0.0   0.0   0.0   0.0   0.0   0.0   0.0   0.54  
12    K     0.04  0.37  0.0   0.0   0.0   0.0   0.0   0.06  0.06  0.05  0.07  0.05  0.0   0.0   0.0   0.3   0.0   0.0   0.0   0.0   
13    D     0.06  0.0   0.03  0.51  0.0   0.0   0.03  0.0   0.0   0.0   0.0   0.0   0.0   0.0   0.0   0.37  0.0   0.0   0.0   0.0   
14    L     0.0   0.0   0.0   0.0   0.0   0.0   0.0   0.0   0.0   0.0   0.88  0.0   0.12  0.0   0.0   0.0   0.0   0.0   0.0   0.0   
15    G     0.03  0.0   0.11  0.0   0.0   0.11  0.0   0.51  0.24  0.0   0.0   0.0   0.0   0.0   0.0   0.0   0.0   0.0   0.0   0.0   
16    C     0.0   0.0   0.0   0.0   0.35  0.0   0.0   0.0   0.0   0.08  0.42  0.0   0.0   0.0   0.0   0.0   0.0   0.0   0.0   0.15  
17    G     0.0   0.12  0.07  0.0   0.0   0.0   0.06  0.37  0.07  0.0   0.0   0.0   0.0   0.0   0.0   0.07  0.21  0.0   0.0   0.0   
18    P     0.0   0.0   0.07  0.0   0.0   0.0   0.0   0.0   0.18  0.0   0.0   0.0   0.0   0.0   0.5   0.2   0.0   0.0   0.06  0.0   
19    Y     0.0   0.17  0.0   0.0   0.0   0.0   0.0   0.32  0.0   0.0   0.06  0.0   0.0   0.11  0.0   0.0   0.0   0.0   0.32  0.0   
20    F     0.0   0.0   0.0   0.0   0.0   0.0   0.0   0.0   0.0   0.0   0.05  0.0   0.0   0.95  0.0   0.0   0.0   0.0   0.0   0.0   
21    L     0.0   0.0   0.0   0.0   0.0   0.0   0.0   0.0   0.0   0.0   1.0   0.0   0.0   0.0   0.0   0.0   0.0   0.0   0.0   0.0   
22    G     0.0   0.0   0.0   0.0   0.0   0.0   0.0   1.0   0.0   0.0   0.0   0.0   0.0   0.0   0.0   0.0   0.0   0.0   0.0   0.0   
23    T     0.0   0.0   0.0   0.0   0.0   0.0   0.0   0.0   0.0   0.23  0.0   0.0   0.0   0.0   0.0   0.0   0.66  0.0   0.0   0.12  
24    Y     0.0   0.0   0.05  0.0   0.0   0.0   0.0   0.0   0.03  0.0   0.0   0.0   0.0   0.82  0.0   0.0   0.0   0.0   0.11  0.0   
25    D     0.0   0.0   0.0   1.0   0.0   0.0   0.0   0.0   0.0   0.0   0.0   0.0   0.0   0.0   0.0   0.0   0.0   0.0   0.0   0.0   
26    K     0.0   0.0   0.0   0.0   0.24  0.0   0.0   0.0   0.0   0.0   0.0   0.76  0.0   0.0   0.0   0.0   0.0   0.0   0.0   0.0   
27    R     0.0   0.64  0.0   0.0   0.0   0.0   0.0   0.0   0.19  0.0   0.0   0.0   0.0   0.0   0.0   0.11  0.06  0.0   0.0   0.0   
28    F     0.0   0.0   0.0   0.0   0.0   0.0   0.0   0.0   0.0   0.0   0.0   0.0   0.0   1.0   0.0   0.0   0.0   0.0   0.0   0.0   
29    P     0.0   0.0   0.0   0.0   0.0   0.0   0.0   0.0   0.0   0.0   0.0   0.0   0.0   0.0   1.0   0.0   0.0   0.0   0.0   0.0   
30    G     0.0   0.0   0.0   0.0   0.0   0.0   0.0   1.0   0.0   0.0   0.0   0.0   0.0   0.0   0.0   0.0   0.0   0.0   0.0   0.0   
31    F     0.0   0.0   0.0   0.0   0.0   0.0   0.0   0.0   0.0   0.0   0.0   0.0   0.0   1.0   0.0   0.0   0.0   0.0   0.0   0.0   
32    V     0.0   0.0   0.0   0.0   0.0   0.0   0.0   0.0   0.0   0.26  0.47  0.0   0.13  0.0   0.0   0.0   0.0   0.0   0.0   0.14  
33    S     0.16  0.0   0.18  0.12  0.0   0.17  0.0   0.0   0.04  0.0   0.0   0.0   0.0   0.0   0.0   0.33  0.0   0.0   0.0   0.0   
34    P     0.0   0.03  0.0   0.0   0.0   0.0   0.05  0.03  0.0   0.0   0.0   0.42  0.0   0.0   0.3   0.06  0.0   0.0   0.0   0.11  
35    H     0.05  0.0   0.25  0.21  0.0   0.11  0.0   0.0   0.19  0.0   0.0   0.0   0.0   0.0   0.0   0.11  0.0   0.0   0.0   0.06  
36    K     0.0   0.24  0.0   0.0   0.0   0.05  0.0   0.0   0.0   0.0   0.0   0.61  0.0   0.0   0.0   0.05  0.0   0.0   0.0   0.06  
37    L     0.0   0.11  0.05  0.0   0.0   0.0   0.0   0.0   0.0   0.1   0.23  0.0   0.07  0.0   0.23  0.0   0.0   0.0   0.0   0.18  
38    A     0.45  0.0   0.0   0.0   0.05  0.24  0.0   0.0   0.0   0.0   0.0   0.0   0.0   0.0   0.05  0.17  0.03  0.0   0.0   0.0   
39    C     0.0   0.0   0.0   0.0   0.57  0.0   0.0   0.0   0.0   0.0   0.0   0.0   0.0   0.07  0.0   0.12  0.24  0.0   0.0   0.0   
40    A     0.95  0.0   0.0   0.0   0.0   0.0   0.0   0.0   0.0   0.0   0.0   0.0   0.0   0.0   0.05  0.0   0.0   0.0   0.0   0.0   
41    I     0.0   0.0   0.0   0.0   0.0   0.0   0.0   0.0   0.0   0.97  0.0   0.0   0.0   0.0   0.0   0.0   0.0   0.0   0.0   0.03  
42    V     0.0   0.0   0.0   0.0   0.0   0.0   0.0   0.0   0.0   0.13  0.0   0.0   0.0   0.0   0.0   0.0   0.0   0.0   0.0   0.87  
43    N     0.0   0.0   1.0   0.0   0.0   0.0   0.0   0.0   0.0   0.0   0.0   0.0   0.0   0.0   0.0   0.0   0.0   0.0   0.0   0.0   
44    T     0.0   0.0   0.0   0.0   0.0   0.0   0.0   0.0   0.0   0.0   0.0   0.0   0.0   0.0   0.0   0.0   1.0   0.0   0.0   0.0   
45    A     0.57  0.0   0.0   0.0   0.0   0.0   0.0   0.43  0.0   0.0   0.0   0.0   0.0   0.0   0.0   0.0   0.0   0.0   0.0   0.0   
46    G     0.09  0.0   0.0   0.07  0.0   0.0   0.0   0.34  0.0   0.0   0.0   0.0   0.0   0.05  0.24  0.2   0.0   0.0   0.0   0.0   
47    R     0.0   0.87  0.0   0.0   0.0   0.0   0.0   0.05  0.0   0.07  0.0   0.0   0.0   0.0   0.0   0.0   0.0   0.0   0.0   0.0   
48    E     0.12  0.0   0.0   0.0   0.0   0.0   0.77  0.0   0.05  0.07  0.0   0.0   0.0   0.0   0.0   0.0   0.0   0.0   0.0   0.0   
49    T     0.0   0.0   0.0   0.0   0.0   0.26  0.0   0.0   0.0   0.0   0.0   0.06  0.0   0.0   0.0   0.06  0.63  0.0   0.0   0.0   
50    G     0.0   0.0   0.0   0.0   0.0   0.0   0.0   1.0   0.0   0.0   0.0   0.0   0.0   0.0   0.0   0.0   0.0   0.0   0.0   0.0   
51    G     0.0   0.0   0.0   0.0   0.0   0.0   0.0   1.0   0.0   0.0   0.0   0.0   0.0   0.0   0.0   0.0   0.0   0.0   0.0   0.0   
52    V     0.04  0.05  0.0   0.0   0.0   0.0   0.13  0.0   0.0   0.13  0.07  0.0   0.12  0.0   0.0   0.0   0.0   0.0   0.0   0.47  
53    H     0.0   0.0   0.0   0.0   0.0   0.0   0.0   0.0   1.0   0.0   0.0   0.0   0.0   0.0   0.0   0.0   0.0   0.0   0.0   0.0   
54    W     0.0   0.0   0.0   0.0   0.0   0.0   0.0   0.0   0.0   0.0   0.0   0.0   0.0   0.0   0.0   0.0   0.0   1.0   0.0   0.0   
55    M     0.0   0.0   0.0   0.0   0.0   0.0   0.0   0.0   0.0   0.47  0.42  0.0   0.05  0.0   0.0   0.0   0.0   0.0   0.0   0.06  
56    A     0.88  0.0   0.0   0.0   0.0   0.0   0.0   0.06  0.0   0.0   0.0   0.0   0.0   0.0   0.0   0.0   0.07  0.0   0.0   0.0   
57    F     0.0   0.0   0.0   0.0   0.0   0.0   0.0   0.0   0.0   0.0   0.28  0.0   0.3   0.38  0.0   0.0   0.0   0.0   0.0   0.05  
58    A     0.87  0.0   0.0   0.0   0.0   0.0   0.0   0.13  0.0   0.0   0.0   0.0   0.0   0.0   0.0   0.0   0.0   0.0   0.0   0.0   
59    W     0.0   0.0   0.0   0.0   0.0   0.0   0.0   0.0   0.0   0.0   0.07  0.0   0.0   0.19  0.0   0.0   0.0   0.75  0.0   0.0   
60    N     0.0   0.0   0.31  0.36  0.0   0.0   0.11  0.0   0.08  0.0   0.0   0.0   0.0   0.04  0.0   0.0   0.0   0.0   0.1   0.0   
61    P     0.0   0.0   0.07  0.0   0.0   0.0   0.0   0.0   0.0   0.0   0.0   0.0   0.0   0.0   0.93  0.0   0.0   0.0   0.0   0.0   
62    R     0.14  0.22  0.04  0.0   0.0   0.0   0.0   0.0   0.0   0.18  0.0   0.15  0.0   0.0   0.1   0.0   0.1   0.0   0.0   0.07  
63    S     0.15  0.0   0.08  0.0   0.0   0.0   0.0   0.0   0.0   0.0   0.0   0.0   0.0   0.0   0.0   0.61  0.07  0.0   0.08  0.0   
64    K     0.0   0.22  0.18  0.0   0.0   0.03  0.0   0.06  0.06  0.0   0.0   0.15  0.0   0.0   0.0   0.11  0.0   0.0   0.19  0.0   
65    T     0.0   0.06  0.04  0.0   0.0   0.06  0.0   0.0   0.0   0.0   0.0   0.24  0.0   0.05  0.0   0.05  0.5   0.0   0.0   0.0   
66    C     0.0   0.0   0.0   0.0   0.36  0.0   0.0   0.0   0.0   0.0   0.07  0.0   0.18  0.35  0.0   0.0   0.0   0.0   0.0   0.0   
67    Y     0.0   0.0   0.0   0.0   0.0   0.0   0.0   0.0   0.0   0.0   0.0   0.0   0.0   0.26  0.0   0.0   0.0   0.0   0.74  0.0   
68    L     0.0   0.0   0.0   0.0   0.0   0.0   0.0   0.0   0.0   0.19  0.36  0.0   0.37  0.09  0.0   0.0   0.0   0.0   0.0   0.0   
69    F     0.0   0.0   0.0   0.0   0.0   0.0   0.0   0.0   0.0   0.0   0.0   0.0   0.0   1.0   0.0   0.0   0.0   0.0   0.0   0.0   
70    E     0.0   0.0   0.0   0.95  0.0   0.0   0.05  0.0   0.0   0.0   0.0   0.0   0.0   0.0   0.0   0.0   0.0   0.0   0.0   0.0   
71    P     0.0   0.0   0.0   0.0   0.0   0.0   0.0   0.0   0.0   0.0   0.0   0.0   0.0   0.0   1.0   0.0   0.0   0.0   0.0   0.0   
72    F     0.0   0.0   0.0   0.0   0.0   0.0   0.0   0.0   0.0   0.0   0.24  0.0   0.0   0.76  0.0   0.0   0.0   0.0   0.0   0.0   
73    G     0.0   0.0   0.0   0.0   0.0   0.0   0.0   1.0   0.0   0.0   0.0   0.0   0.0   0.0   0.0   0.0   0.0   0.0   0.0   0.0   
74    F     0.0   0.0   0.0   0.0   0.0   0.0   0.0   0.0   0.0   0.0   0.0   0.0   0.0   0.57  0.0   0.0   0.0   0.43  0.0   0.0   
75    S     0.0   0.0   0.0   0.0   0.0   0.0   0.0   0.0   0.0   0.0   0.0   0.19  0.0   0.0   0.0   0.76  0.06  0.0   0.0   0.0   
76    D     0.0   0.0   0.12  0.82  0.0   0.0   0.06  0.0   0.0   0.0   0.0   0.0   0.0   0.0   0.0   0.0   0.0   0.0   0.0   0.0   
77    Q     0.06  0.18  0.0   0.06  0.0   0.28  0.08  0.0   0.04  0.0   0.0   0.05  0.07  0.0   0.0   0.12  0.07  0.0   0.0   0.0   
78    R     0.0   0.24  0.0   0.0   0.0   0.19  0.23  0.0   0.0   0.0   0.0   0.34  0.0   0.0   0.0   0.0   0.0   0.0   0.0   0.0   
79    L     0.0   0.0   0.0   0.0   0.0   0.0   0.0   0.0   0.0   0.0   1.0   0.0   0.0   0.0   0.0   0.0   0.0   0.0   0.0   0.0   
80    K     0.05  0.0   0.0   0.0   0.0   0.1   0.0   0.0   0.0   0.07  0.05  0.49  0.06  0.0   0.0   0.0   0.0   0.12  0.07  0.0   
81    Q     0.0   0.07  0.06  0.0   0.0   0.57  0.06  0.0   0.0   0.0   0.0   0.18  0.0   0.0   0.0   0.06  0.0   0.0   0.0   0.0   
82    V     0.0   0.0   0.0   0.0   0.0   0.0   0.0   0.0   0.0   0.37  0.17  0.07  0.0   0.07  0.0   0.0   0.0   0.0   0.12  0.2   
83    Y     0.0   0.0   0.0   0.0   0.0   0.0   0.0   0.0   0.0   0.0   0.0   0.0   0.0   0.0   0.0   0.0   0.0   0.0   1.0   0.0   
84    Q     0.0   0.06  0.16  0.1   0.0   0.3   0.07  0.06  0.0   0.0   0.0   0.16  0.0   0.0   0.0   0.09  0.0   0.0   0.0   0.0   
85    F     0.0   0.0   0.0   0.0   0.0   0.0   0.0   0.0   0.0   0.0   0.0   0.0   0.0   0.83  0.0   0.0   0.0   0.0   0.06  0.12  
86    E     0.0   0.0   0.0   0.0   0.0   0.07  0.57  0.0   0.0   0.0   0.0   0.12  0.0   0.0   0.0   0.24  0.0   0.0   0.0   0.0   
87    Y     0.0   0.0   0.0   0.0   0.0   0.0   0.0   0.0   0.0   0.0   0.07  0.0   0.0   0.0   0.0   0.0   0.0   0.0   0.93  0.0   
88    E     0.0   0.0   0.17  0.06  0.0   0.25  0.39  0.0   0.07  0.0   0.0   0.0   0.0   0.0   0.0   0.06  0.0   0.0   0.0   0.0   
89    S     0.19  0.16  0.12  0.0   0.0   0.0   0.0   0.32  0.0   0.0   0.0   0.0   0.0   0.0   0.0   0.21  0.0   0.0   0.0   0.0   
90    L     0.0   0.0   0.0   0.0   0.0   0.0   0.0   0.0   0.0   0.07  0.67  0.0   0.14  0.12  0.0   0.0   0.0   0.0   0.0   0.0   
91    L     0.0   0.0   0.0   0.0   0.0   0.0   0.0   0.0   0.0   0.13  0.76  0.0   0.06  0.0   0.0   0.0   0.0   0.0   0.0   0.06  
92    R     0.0   0.51  0.0   0.0   0.0   0.06  0.0   0.0   0.0   0.0   0.0   0.43  0.0   0.0   0.0   0.0   0.0   0.0   0.0   0.0   
93    R     0.0   0.88  0.0   0.0   0.0   0.0   0.0   0.0   0.0   0.0   0.0   0.05  0.0   0.0   0.0   0.07  0.0   0.0   0.0   0.0   
94    S     0.0   0.0   0.0   0.0   0.0   0.0   0.0   0.0   0.0   0.0   0.0   0.0   0.0   0.0   0.0   0.81  0.19  0.0   0.0   0.0   
95    A     0.88  0.0   0.0   0.0   0.0   0.0   0.0   0.12  0.0   0.0   0.0   0.0   0.0   0.0   0.0   0.0   0.0   0.0   0.0   0.0   
96    I     0.0   0.0   0.0   0.0   0.0   0.0   0.0   0.0   0.0   0.21  0.75  0.0   0.0   0.0   0.0   0.0   0.0   0.0   0.0   0.04  
97    A     0.37  0.02  0.08  0.02  0.01  0.06  0.02  0.02  0.01  0.02  0.03  0.02  0.01  0.01  0.02  0.06  0.21  0.0   0.01  0.02  
98    S     0.03  0.12  0.07  0.0   0.0   0.0   0.06  0.04  0.0   0.0   0.0   0.0   0.0   0.0   0.0   0.54  0.15  0.0   0.0   0.0   
99    S     0.0   0.0   0.0   0.0   0.0   0.12  0.0   0.0   0.0   0.0   0.0   0.15  0.0   0.0   0.0   0.5   0.2   0.0   0.0   0.0   
100   P     0.11  0.01  0.01  0.01  0.0   0.01  0.02  0.02  0.01  0.01  0.02  0.1   0.01  0.01  0.55  0.06  0.01  0.0   0.01  0.02  
101   D     0.0   0.0   0.0   0.83  0.0   0.0   0.06  0.0   0.0   0.0   0.0   0.0   0.0   0.0   0.0   0.11  0.0   0.0   0.0   0.0   
102   R     0.0   0.75  0.0   0.0   0.0   0.0   0.0   0.04  0.05  0.0   0.0   0.16  0.0   0.0   0.0   0.0   0.0   0.0   0.0   0.0   
103   A     0.03  0.0   0.0   0.0   0.97  0.0   0.0   0.0   0.0   0.0   0.0   0.0   0.0   0.0   0.0   0.0   0.0   0.0   0.0   0.0   
104   I     0.0   0.0   0.0   0.0   0.0   0.0   0.0   0.0   0.0   0.33  0.11  0.0   0.0   0.12  0.0   0.0   0.0   0.0   0.0   0.45  
105   T     0.0   0.0   0.04  0.0   0.0   0.1   0.06  0.0   0.0   0.0   0.0   0.13  0.0   0.0   0.0   0.03  0.64  0.0   0.0   0.0   
106   L     0.0   0.0   0.0   0.0   0.0   0.0   0.0   0.0   0.0   0.0   0.76  0.0   0.0   0.0   0.0   0.0   0.0   0.05  0.0   0.19  
107   E     0.07  0.0   0.0   0.0   0.0   0.0   0.32  0.0   0.0   0.18  0.0   0.0   0.0   0.05  0.0   0.0   0.0   0.0   0.0   0.34  
108   K     0.0   0.29  0.0   0.0   0.0   0.11  0.0   0.0   0.0   0.0   0.0   0.6   0.0   0.0   0.0   0.0   0.0   0.0   0.0   0.0   
109   S     0.0   0.0   0.29  0.0   0.0   0.0   0.0   0.0   0.0   0.0   0.0   0.0   0.0   0.0   0.0   0.71  0.0   0.0   0.0   0.0   
110   T     0.0   0.0   0.11  0.0   0.0   0.0   0.0   0.0   0.1   0.0   0.0   0.07  0.0   0.0   0.0   0.06  0.61  0.0   0.0   0.06  
111   Q     0.0   0.0   0.0   0.05  0.0   0.61  0.33  0.0   0.0   0.0   0.0   0.0   0.0   0.0   0.0   0.0   0.0   0.0   0.0   0.0   
112   S     0.24  0.0   0.0   0.0   0.0   0.0   0.0   0.0   0.0   0.0   0.0   0.0   0.0   0.0   0.0   0.39  0.36  0.0   0.0   0.0   
113   V     0.0   0.0   0.0   0.0   0.05  0.0   0.0   0.0   0.0   0.06  0.0   0.0   0.0   0.0   0.0   0.0   0.0   0.0   0.0   0.88  
114   Q     0.0   0.05  0.0   0.0   0.0   0.95  0.0   0.0   0.0   0.0   0.0   0.0   0.0   0.0   0.0   0.0   0.0   0.0   0.0   0.0   
115   G     0.0   0.0   0.0   0.0   0.43  0.0   0.0   0.47  0.0   0.0   0.0   0.0   0.0   0.0   0.0   0.05  0.0   0.0   0.0   0.05  
116   P     0.0   0.05  0.0   0.0   0.0   0.0   0.0   0.0   0.0   0.0   0.0   0.0   0.0   0.0   0.63  0.0   0.31  0.0   0.0   0.0   
117   N     0.0   0.03  0.24  0.03  0.43  0.0   0.0   0.0   0.14  0.0   0.0   0.0   0.0   0.08  0.0   0.0   0.0   0.0   0.0   0.05  
118   S     0.18  0.0   0.0   0.0   0.0   0.0   0.0   0.0   0.0   0.0   0.0   0.0   0.0   0.0   0.0   0.82  0.0   0.0   0.0   0.0   
119   A     0.76  0.0   0.0   0.0   0.0   0.0   0.0   0.24  0.0   0.0   0.0   0.0   0.0   0.0   0.0   0.0   0.0   0.0   0.0   0.0   
120   A     0.76  0.0   0.0   0.0   0.0   0.0   0.0   0.05  0.0   0.0   0.0   0.0   0.0   0.0   0.0   0.18  0.0   0.0   0.0   0.0   
121   C     0.0   0.0   0.0   0.0   1.0   0.0   0.0   0.0   0.0   0.0   0.0   0.0   0.0   0.0   0.0   0.0   0.0   0.0   0.0   0.0   
122   G     0.0   0.0   0.0   0.0   0.0   0.0   0.0   0.95  0.0   0.0   0.0   0.0   0.0   0.0   0.0   0.05  0.0   0.0   0.0   0.0   
123   L     0.0   0.0   0.0   0.0   0.0   0.0   0.0   0.0   0.0   0.0   0.95  0.0   0.0   0.0   0.0   0.0   0.05  0.0   0.0   0.0   
124   F     0.05  0.0   0.0   0.0   0.0   0.0   0.0   0.0   0.0   0.0   0.0   0.0   0.0   0.9   0.0   0.0   0.0   0.0   0.05  0.0   
125   C     0.0   0.0   0.0   0.0   0.83  0.0   0.0   0.05  0.0   0.0   0.0   0.0   0.0   0.0   0.0   0.12  0.0   0.0   0.0   0.0   
126   C     0.17  0.0   0.0   0.0   0.44  0.0   0.0   0.05  0.0   0.12  0.05  0.0   0.0   0.0   0.0   0.0   0.0   0.0   0.0   0.16  
127   M     0.0   0.0   0.0   0.0   0.0   0.0   0.0   0.0   0.0   0.0   0.39  0.0   0.37  0.19  0.0   0.0   0.0   0.0   0.0   0.0   
128   F     0.0   0.0   0.0   0.0   0.0   0.0   0.0   0.0   0.0   0.0   0.0   0.0   0.0   0.95  0.0   0.0   0.0   0.0   0.0   0.0   
129   L     0.0   0.0   0.0   0.0   0.0   0.0   0.0   0.0   0.0   0.12  0.84  0.0   0.0   0.0   0.0   0.0   0.0   0.0   0.0   0.0   
130   H     0.22  0.0   0.0   0.0   0.0   0.0   0.0   0.0   0.37  0.0   0.0   0.06  0.0   0.0   0.0   0.0   0.0   0.0   0.25  0.06  
131   A     0.47  0.0   0.0   0.0   0.24  0.0   0.0   0.0   0.0   0.0   0.0   0.0   0.0   0.0   0.0   0.24  0.0   0.0   0.0   0.0   
132   F     0.06  0.0   0.0   0.0   0.0   0.0   0.0   0.0   0.0   0.0   0.0   0.0   0.0   0.89  0.0   0.0   0.0   0.0   0.0   0.0   
133   A     0.2   0.0   0.0   0.12  0.0   0.0   0.0   0.05  0.13  0.03  0.0   0.0   0.0   0.0   0.0   0.0   0.03  0.0   0.19  0.22  
134   N     0.0   0.2   0.23  0.0   0.06  0.0   0.0   0.0   0.18  0.0   0.06  0.16  0.0   0.07  0.0   0.0   0.0   0.0   0.0   0.0   
135   W     0.0   0.0   0.05  0.0   0.0   0.0   0.0   0.0   0.0   0.0   0.0   0.0   0.0   0.0   0.0   0.06  0.0   0.43  0.46  0.0   
136   P     0.0   0.12  0.0   0.0   0.0   0.0   0.0   0.0   0.06  0.0   0.0   0.13  0.0   0.0   0.7   0.0   0.0   0.0   0.0   0.0   
137   Q     0.1   0.0   0.0   0.23  0.0   0.16  0.0   0.06  0.0   0.0   0.04  0.0   0.0   0.0   0.0   0.21  0.16  0.0   0.0   0.0   
138   T     0.0   0.24  0.29  0.03  0.0   0.0   0.0   0.0   0.08  0.0   0.0   0.12  0.0   0.07  0.0   0.08  0.11  0.0   0.0   0.0   
139   P     0.15  0.0   0.0   0.0   0.0   0.0   0.0   0.0   0.0   0.0   0.0   0.0   0.0   0.0   0.78  0.0   0.0   0.0   0.0   0.07  
140   M     0.0   0.05  0.0   0.0   0.0   0.0   0.0   0.0   0.0   0.0   0.0   0.0   0.59  0.35  0.0   0.0   0.0   0.0   0.0   0.0   
141   D     0.05  0.07  0.19  0.42  0.0   0.0   0.05  0.06  0.0   0.0   0.0   0.13  0.0   0.0   0.0   0.0   0.04  0.0   0.0   0.0   
142   H     0.01  0.07  0.14  0.01  0.0   0.03  0.01  0.3   0.12  0.01  0.01  0.09  0.0   0.0   0.01  0.07  0.06  0.0   0.05  0.01  
143   N     0.0   0.0   0.82  0.0   0.06  0.0   0.0   0.0   0.0   0.0   0.0   0.0   0.0   0.0   0.0   0.06  0.0   0.07  0.0   0.0   
144   P     0.0   0.0   0.0   0.0   0.0   0.0   0.06  0.0   0.0   0.0   0.18  0.0   0.0   0.0   0.76  0.0   0.0   0.0   0.0   0.0   
145   T     0.0   0.0   0.0   0.0   0.0   0.0   0.0   0.0   0.0   0.23  0.06  0.0   0.0   0.18  0.0   0.0   0.43  0.0   0.0   0.11  
146   M     0.0   0.0   0.0   0.0   0.0   0.18  0.0   0.0   0.0   0.24  0.0   0.0   0.52  0.06  0.0   0.0   0.0   0.0   0.0   0.0   
147   N     0.0   0.0   0.17  0.46  0.0   0.06  0.0   0.11  0.0   0.0   0.0   0.09  0.0   0.0   0.0   0.12  0.0   0.0   0.0   0.0   
148   L     0.0   0.0   0.0   0.0   0.0   0.05  0.0   0.0   0.0   0.05  0.62  0.0   0.0   0.0   0.11  0.06  0.12  0.0   0.0   0.0   
149   I     0.0   0.0   0.07  0.0   0.0   0.0   0.0   0.0   0.0   0.13  0.38  0.0   0.0   0.0   0.0   0.0   0.0   0.0   0.06  0.32  
150   T     0.0   0.05  0.06  0.13  0.0   0.0   0.09  0.13  0.03  0.0   0.0   0.06  0.0   0.0   0.0   0.0   0.28  0.0   0.0   0.16  
151   G     0.0   0.0   0.0   0.0   0.0   0.0   0.0   0.81  0.0   0.0   0.0   0.0   0.0   0.0   0.0   0.19  0.0   0.0   0.0   0.0   
152   V     0.06  0.0   0.0   0.0   0.0   0.06  0.0   0.0   0.0   0.13  0.0   0.0   0.0   0.0   0.0   0.0   0.07  0.0   0.0   0.69  
153   P     0.0   0.0   0.0   0.05  0.0   0.0   0.0   0.0   0.0   0.0   0.0   0.17  0.0   0.0   0.69  0.08  0.0   0.0   0.0   0.0   
154   N     0.0   0.0   0.57  0.0   0.0   0.0   0.0   0.0   0.12  0.0   0.0   0.0   0.0   0.0   0.13  0.18  0.0   0.0   0.0   0.0   
155   S     0.04  0.0   0.08  0.04  0.03  0.0   0.16  0.14  0.0   0.0   0.13  0.0   0.0   0.0   0.0   0.25  0.07  0.0   0.06  0.0   
156   M     0.0   0.11  0.06  0.1   0.0   0.05  0.0   0.0   0.0   0.07  0.06  0.14  0.38  0.0   0.0   0.0   0.0   0.0   0.0   0.0   
157   L     0.01  0.01  0.01  0.01  0.0   0.01  0.01  0.01  0.0   0.01  0.52  0.01  0.2   0.06  0.07  0.01  0.01  0.0   0.0   0.07  
158   N     0.01  0.01  0.15  0.01  0.07  0.2   0.09  0.01  0.07  0.01  0.02  0.01  0.04  0.1   0.01  0.01  0.07  0.0   0.1   0.01  
159   S     0.05  0.0   0.05  0.17  0.0   0.0   0.07  0.0   0.0   0.0   0.01  0.1   0.0   0.0   0.0   0.41  0.12  0.0   0.0   0.0   
160   P     0.05  0.0   0.0   0.0   0.0   0.0   0.0   0.0   0.0   0.0   0.0   0.0   0.0   0.0   0.88  0.07  0.0   0.0   0.0   0.0   
161   Q     0.0   0.1   0.0   0.05  0.04  0.24  0.06  0.0   0.07  0.0   0.0   0.0   0.0   0.0   0.12  0.19  0.06  0.0   0.07  0.0   
162   V     0.05  0.0   0.06  0.06  0.0   0.0   0.0   0.07  0.0   0.0   0.07  0.0   0.0   0.06  0.0   0.18  0.0   0.0   0.1   0.36  
163   Q     0.01  0.06  0.0   0.0   0.0   0.33  0.08  0.0   0.0   0.07  0.13  0.0   0.0   0.0   0.18  0.0   0.05  0.0   0.0   0.06  
164   P     0.04  0.0   0.04  0.06  0.0   0.0   0.06  0.03  0.03  0.0   0.01  0.05  0.0   0.0   0.32  0.17  0.06  0.0   0.1   0.0   
165   T     0.06  0.0   0.06  0.0   0.0   0.0   0.0   0.0   0.0   0.3   0.08  0.0   0.0   0.0   0.0   0.06  0.29  0.0   0.0   0.1   
166   L     0.0   0.0   0.0   0.0   0.0   0.0   0.0   0.0   0.0   0.0   0.8   0.0   0.0   0.13  0.0   0.0   0.07  0.0   0.0   0.0   
167   R     0.0   0.3   0.0   0.0   0.0   0.03  0.0   0.0   0.43  0.0   0.03  0.05  0.0   0.0   0.0   0.0   0.0   0.06  0.1   0.0   
168   R     0.05  0.46  0.0   0.0   0.07  0.05  0.14  0.03  0.03  0.0   0.0   0.18  0.0   0.0   0.0   0.0   0.0   0.0   0.0   0.0   
169   N     0.0   0.0   1.0   0.0   0.0   0.0   0.0   0.0   0.0   0.0   0.0   0.0   0.0   0.0   0.0   0.0   0.0   0.0   0.0   0.0   
170   Q     0.0   0.0   0.0   0.0   0.0   1.0   0.0   0.0   0.0   0.0   0.0   0.0   0.0   0.0   0.0   0.0   0.0   0.0   0.0   0.0   
171   E     0.0   0.0   0.07  0.12  0.0   0.13  0.54  0.0   0.0   0.0   0.0   0.07  0.0   0.0   0.0   0.0   0.07  0.0   0.0   0.0   
172   Q     0.1   0.17  0.09  0.0   0.0   0.09  0.06  0.0   0.0   0.12  0.0   0.13  0.0   0.13  0.0   0.0   0.05  0.04  0.0   0.03  
173   L     0.0   0.0   0.0   0.0   0.05  0.0   0.0   0.0   0.0   0.0   0.74  0.0   0.11  0.0   0.0   0.0   0.06  0.0   0.0   0.04  
174   Y     0.0   0.0   0.0   0.0   0.0   0.0   0.0   0.0   0.0   0.07  0.0   0.0   0.0   0.0   0.0   0.0   0.0   0.0   0.93  0.0   
175   S     0.17  0.2   0.06  0.12  0.0   0.0   0.0   0.0   0.0   0.0   0.0   0.19  0.0   0.06  0.0   0.14  0.0   0.0   0.06  0.0   
176   F     0.0   0.0   0.0   0.0   0.0   0.0   0.0   0.0   0.0   0.0   0.0   0.0   0.0   0.77  0.0   0.0   0.0   0.19  0.04  0.0   
177   L     0.0   0.0   0.0   0.0   0.0   0.0   0.0   0.0   0.0   0.0   0.77  0.0   0.0   0.18  0.0   0.0   0.0   0.06  0.0   0.0   
178   E     0.11  0.03  0.22  0.0   0.0   0.0   0.17  0.0   0.05  0.06  0.07  0.06  0.06  0.0   0.0   0.1   0.08  0.0   0.0   0.0   
179   R     0.07  0.16  0.08  0.0   0.06  0.05  0.06  0.0   0.0   0.0   0.0   0.22  0.0   0.0   0.0   0.18  0.06  0.0   0.05  0.0   
180   H     0.0   0.03  0.36  0.0   0.0   0.0   0.0   0.0   0.34  0.0   0.03  0.24  0.0   0.0   0.0   0.0   0.0   0.0   0.0   0.0   
181   S     0.0   0.0   0.06  0.0   0.06  0.0   0.0   0.0   0.0   0.0   0.0   0.0   0.0   0.0   0.0   0.89  0.0   0.0   0.0   0.0   
182   P     0.35  0.0   0.0   0.0   0.0   0.04  0.0   0.0   0.0   0.0   0.1   0.0   0.0   0.0   0.25  0.19  0.0   0.0   0.0   0.07  
183   Y     0.0   0.0   0.0   0.0   0.0   0.0   0.0   0.0   0.03  0.0   0.0   0.0   0.0   0.1   0.0   0.0   0.0   0.0   0.86  0.0   
184   F     0.0   0.0   0.0   0.0   0.0   0.0   0.0   0.0   0.0   0.0   0.0   0.0   0.0   1.0   0.0   0.0   0.0   0.0   0.0   0.0   
185   R     0.0   0.88  0.0   0.0   0.0   0.03  0.0   0.0   0.0   0.0   0.0   0.0   0.0   0.0   0.0   0.0   0.0   0.0   0.0   0.09  
186   S     0.23  0.1   0.0   0.0   0.0   0.06  0.0   0.0   0.09  0.0   0.04  0.23  0.0   0.0   0.0   0.21  0.04  0.0   0.0   0.0   
187   H     0.0   0.0   0.34  0.0   0.0   0.0   0.0   0.0   0.61  0.0   0.0   0.0   0.0   0.0   0.0   0.0   0.0   0.0   0.05  0.0   
188   S     0.24  0.26  0.0   0.0   0.03  0.06  0.24  0.0   0.0   0.0   0.0   0.07  0.0   0.0   0.0   0.05  0.0   0.0   0.0   0.05  
189   A     0.27  0.12  0.05  0.0   0.0   0.0   0.27  0.0   0.05  0.0   0.0   0.07  0.08  0.0   0.04  0.06  0.0   0.0   0.0   0.0   
190   Q     0.15  0.17  0.07  0.0   0.0   0.13  0.18  0.0   0.0   0.0   0.12  0.05  0.07  0.0   0.0   0.0   0.0   0.0   0.07  0.0   
191   I     0.0   0.0   0.0   0.0   0.0   0.0   0.0   0.0   0.0   0.69  0.24  0.0   0.08  0.0   0.0   0.0   0.0   0.0   0.0   0.0   
192   R     0.0   0.17  0.0   0.0   0.0   0.0   0.26  0.0   0.0   0.15  0.0   0.27  0.05  0.0   0.0   0.0   0.0   0.0   0.0   0.09  
193   S     0.07  0.26  0.0   0.0   0.0   0.0   0.05  0.0   0.11  0.0   0.0   0.25  0.0   0.0   0.0   0.22  0.04  0.0   0.0   0.0   
194   A     0.27  0.07  0.29  0.08  0.0   0.11  0.13  0.0   0.0   0.0   0.0   0.06  0.0   0.0   0.0   0.0   0.0   0.0   0.0   0.0   
195   T     0.0   0.0   0.0   0.0   0.0   0.0   0.0   0.0   0.0   0.0   0.0   0.0   0.0   0.0   0.0   0.0   1.0   0.0   0.0   0.0   
196   S     0.55  0.09  0.0   0.05  0.0   0.0   0.0   0.0   0.0   0.0   0.0   0.17  0.0   0.0   0.0   0.14  0.0   0.0   0.0   0.0   
197   F     0.0   0.0   0.0   0.0   0.0   0.0   0.0   0.0   0.0   0.1   0.28  0.0   0.0   0.62  0.0   0.0   0.0   0.0   0.0   0.0   
198   C     0.0   0.0   0.27  0.29  0.09  0.0   0.0   0.21  0.0   0.0   0.0   0.0   0.0   0.0   0.0   0.0   0.05  0.0   0.1   0.0   
199   H     0.11  0.0   0.0   0.0   0.0   0.09  0.0   0.0   0.09  0.0   0.21  0.32  0.0   0.0   0.0   0.0   0.0   0.0   0.19  0.0   
200   L     0.0   0.0   0.0   0.0   0.0   0.0   0.0   0.0   0.0   0.29  0.52  0.0   0.19  0.0   0.0   0.0   0.0   0.0   0.0   0.0   
201   K     0.0   0.0   0.0   0.0   0.0   0.2   0.0   0.0   0.0   0.0   0.0   0.8   0.0   0.0   0.0   0.0   0.0   0.0   0.0   0.0   
202   N     0.0   0.0   0.5   0.0   0.0   0.11  0.0   0.0   0.0   0.0   0.0   0.0   0.0   0.0   0.0   0.39  0.0   0.0   0.0   0.0   
203   M     0.0   0.0   0.0   0.0   0.0   0.0   0.0   0.0   0.0   0.0   0.37  0.0   0.63  0.0   0.0   0.0   0.0   0.0   0.0   0.0   
