             A     R     N     D     C     Q     E     G     H     I     L     K     M     F     P     S     T     W     Y     V
1     D     0.0   0.0   0.2   0.8   0.0   0.0   0.0   0.0   0.0   0.0   0.0   0.0   0.0   0.0   0.0   0.0   0.0   0.0   0.0   0.0   
2     L     0.0   0.0   0.03  0.0   0.0   0.0   0.0   0.0   0.0   0.02  0.32  0.0   0.42  0.17  0.0   0.0   0.0   0.0   0.02  0.03  
3     P     0.13  0.0   0.0   0.01  0.0   0.0   0.04  0.0   0.0   0.13  0.0   0.04  0.0   0.0   0.59  0.05  0.01  0.0   0.0   0.0   
4     S     0.04  0.01  0.02  0.02  0.0   0.07  0.08  0.0   0.0   0.01  0.43  0.0   0.0   0.01  0.02  0.12  0.15  0.0   0.0   0.03  
5     Q     0.04  0.09  0.01  0.09  0.0   0.06  0.3   0.0   0.0   0.13  0.04  0.12  0.0   0.0   0.02  0.01  0.01  0.0   0.0   0.06  
6     K     0.05  0.11  0.01  0.06  0.0   0.18  0.34  0.01  0.0   0.01  0.01  0.08  0.0   0.0   0.08  0.05  0.02  0.0   0.0   0.0   
7     Q     0.05  0.23  0.02  0.04  0.0   0.2   0.12  0.0   0.01  0.01  0.02  0.2   0.0   0.0   0.01  0.0   0.06  0.0   0.0   0.02  
8     V     0.01  0.0   0.0   0.0   0.0   0.0   0.0   0.0   0.0   0.27  0.38  0.0   0.01  0.0   0.0   0.0   0.01  0.0   0.0   0.32  
9     I     0.1   0.05  0.03  0.01  0.01  0.04  0.18  0.01  0.02  0.06  0.04  0.07  0.0   0.03  0.0   0.05  0.19  0.03  0.05  0.05  
10    E     0.14  0.04  0.07  0.15  0.0   0.09  0.34  0.02  0.01  0.0   0.0   0.05  0.0   0.0   0.01  0.04  0.03  0.0   0.0   0.02  
11    L     0.01  0.03  0.0   0.0   0.0   0.01  0.01  0.01  0.0   0.19  0.56  0.02  0.05  0.01  0.0   0.02  0.02  0.0   0.01  0.05  
12    L     0.18  0.0   0.0   0.0   0.01  0.0   0.0   0.0   0.0   0.27  0.27  0.0   0.0   0.0   0.0   0.0   0.03  0.0   0.0   0.24  
13    D     0.14  0.05  0.03  0.05  0.0   0.08  0.35  0.03  0.01  0.01  0.01  0.07  0.01  0.0   0.0   0.08  0.09  0.0   0.0   0.0   
14    G     0.09  0.03  0.04  0.04  0.0   0.05  0.07  0.06  0.0   0.0   0.01  0.07  0.0   0.0   0.49  0.03  0.02  0.0   0.0   0.01  
15    E     0.07  0.0   0.0   0.0   0.0   0.0   0.06  0.02  0.0   0.16  0.13  0.01  0.0   0.01  0.04  0.04  0.1   0.01  0.01  0.33  
16    F     0.18  0.0   0.0   0.0   0.03  0.0   0.0   0.01  0.0   0.1   0.26  0.0   0.01  0.03  0.0   0.01  0.04  0.0   0.0   0.33  
17    A     0.21  0.03  0.03  0.05  0.0   0.04  0.31  0.03  0.01  0.01  0.01  0.07  0.01  0.0   0.01  0.07  0.06  0.0   0.01  0.05  
18    R     0.18  0.07  0.03  0.11  0.0   0.05  0.12  0.15  0.0   0.0   0.01  0.04  0.0   0.0   0.06  0.12  0.04  0.0   0.0   0.01  
19    A     0.07  0.03  0.02  0.0   0.03  0.05  0.07  0.01  0.04  0.0   0.39  0.04  0.12  0.02  0.01  0.02  0.02  0.0   0.04  0.01  
20    G     0.0   0.01  0.1   0.06  0.0   0.01  0.02  0.7   0.02  0.0   0.0   0.01  0.0   0.0   0.04  0.02  0.0   0.0   0.0   0.0   
21    Y     0.01  0.0   0.0   0.02  0.03  0.0   0.0   0.0   0.01  0.05  0.27  0.0   0.03  0.23  0.0   0.0   0.02  0.0   0.25  0.07  
22    E     0.03  0.05  0.0   0.12  0.0   0.02  0.51  0.0   0.01  0.01  0.03  0.06  0.0   0.04  0.0   0.02  0.02  0.0   0.05  0.01  
23    I     0.0   0.0   0.0   0.0   0.01  0.0   0.0   0.0   0.0   0.13  0.68  0.0   0.01  0.04  0.0   0.0   0.0   0.01  0.0   0.12  
24    D     0.01  0.0   0.0   0.01  0.02  0.0   0.11  0.0   0.01  0.06  0.04  0.0   0.0   0.03  0.0   0.0   0.01  0.08  0.12  0.5   
25    D     0.02  0.1   0.01  0.36  0.0   0.02  0.17  0.19  0.01  0.0   0.02  0.01  0.0   0.0   0.0   0.06  0.0   0.0   0.01  0.0   
26    V     0.04  0.0   0.0   0.01  0.02  0.0   0.0   0.0   0.0   0.29  0.2   0.0   0.03  0.02  0.0   0.0   0.0   0.0   0.0   0.39  
27    V     0.05  0.07  0.07  0.03  0.0   0.06  0.45  0.0   0.0   0.01  0.01  0.08  0.0   0.0   0.0   0.04  0.05  0.0   0.0   0.07  
28    V     0.01  0.04  0.02  0.0   0.01  0.02  0.01  0.0   0.0   0.13  0.11  0.0   0.03  0.19  0.0   0.0   0.04  0.03  0.18  0.19  
29    N     0.04  0.04  0.03  0.02  0.0   0.07  0.02  0.02  0.06  0.06  0.1   0.1   0.02  0.07  0.0   0.12  0.08  0.0   0.01  0.13  
30    A     0.07  0.14  0.06  0.01  0.0   0.03  0.0   0.15  0.02  0.01  0.01  0.19  0.01  0.02  0.08  0.07  0.1   0.0   0.01  0.03  
31    A     0.17  0.07  0.09  0.03  0.0   0.08  0.23  0.07  0.05  0.01  0.02  0.05  0.02  0.0   0.02  0.05  0.02  0.01  0.0   0.03  
32    T     0.05  0.04  0.1   0.03  0.0   0.05  0.01  0.45  0.01  0.0   0.03  0.09  0.01  0.02  0.03  0.05  0.01  0.0   0.0   0.01  
33    R     0.05  0.19  0.08  0.04  0.0   0.04  0.04  0.18  0.02  0.01  0.01  0.17  0.01  0.0   0.03  0.09  0.02  0.0   0.01  0.02  
34    P     0.03  0.08  0.06  0.08  0.0   0.04  0.06  0.14  0.09  0.01  0.02  0.09  0.01  0.02  0.16  0.05  0.03  0.0   0.02  0.02  
35    A     0.05  0.11  0.04  0.03  0.02  0.02  0.01  0.04  0.03  0.02  0.07  0.04  0.04  0.02  0.09  0.15  0.05  0.1   0.04  0.02  
36    R     0.03  0.06  0.0   0.0   0.0   0.02  0.0   0.0   0.0   0.15  0.15  0.06  0.03  0.06  0.0   0.02  0.17  0.01  0.07  0.17  
37    I     0.01  0.0   0.0   0.0   0.0   0.02  0.0   0.0   0.0   0.21  0.52  0.0   0.01  0.01  0.0   0.0   0.0   0.0   0.02  0.21  
38    T     0.02  0.48  0.0   0.0   0.01  0.18  0.1   0.0   0.01  0.03  0.02  0.04  0.0   0.01  0.0   0.04  0.04  0.0   0.0   0.03  
39    I     0.02  0.0   0.0   0.0   0.0   0.0   0.0   0.0   0.0   0.4   0.09  0.0   0.02  0.02  0.0   0.0   0.0   0.0   0.0   0.45  
40    V     0.03  0.03  0.01  0.05  0.0   0.02  0.03  0.01  0.0   0.05  0.11  0.01  0.08  0.15  0.0   0.03  0.06  0.0   0.22  0.13  
41    A     0.1   0.01  0.0   0.0   0.0   0.0   0.02  0.0   0.0   0.54  0.1   0.01  0.01  0.0   0.0   0.0   0.01  0.0   0.0   0.21  
42    D     0.0   0.08  0.02  0.66  0.0   0.01  0.12  0.0   0.01  0.0   0.0   0.03  0.0   0.0   0.0   0.0   0.02  0.0   0.04  0.0   
43    G     0.06  0.13  0.1   0.02  0.01  0.01  0.01  0.07  0.06  0.01  0.01  0.3   0.0   0.0   0.05  0.15  0.04  0.0   0.0   0.0   
44    D     0.05  0.0   0.03  0.26  0.0   0.0   0.27  0.01  0.01  0.0   0.02  0.03  0.0   0.0   0.21  0.04  0.03  0.0   0.0   0.01  
45    K     0.02  0.04  0.11  0.14  0.0   0.07  0.11  0.28  0.0   0.0   0.0   0.08  0.0   0.02  0.01  0.06  0.04  0.0   0.0   0.01  
46    G     0.03  0.04  0.01  0.05  0.0   0.01  0.01  0.66  0.0   0.0   0.0   0.02  0.0   0.02  0.04  0.05  0.02  0.0   0.02  0.01  
47    L     0.02  0.0   0.0   0.0   0.0   0.0   0.0   0.0   0.0   0.35  0.08  0.0   0.05  0.02  0.04  0.0   0.05  0.0   0.0   0.39  
48    D     0.02  0.03  0.09  0.16  0.01  0.01  0.02  0.1   0.0   0.0   0.02  0.0   0.0   0.01  0.0   0.24  0.25  0.01  0.0   0.01  
49    L     0.0   0.01  0.0   0.0   0.0   0.0   0.0   0.0   0.02  0.29  0.37  0.0   0.02  0.02  0.0   0.01  0.01  0.0   0.0   0.24  
50    D     0.02  0.01  0.05  0.54  0.0   0.02  0.27  0.01  0.01  0.0   0.02  0.02  0.0   0.0   0.0   0.01  0.01  0.0   0.0   0.0   
51    A     0.04  0.02  0.02  0.63  0.0   0.08  0.08  0.0   0.0   0.02  0.03  0.01  0.01  0.01  0.0   0.01  0.02  0.0   0.0   0.02  
52    V     0.01  0.0   0.0   0.0   0.76  0.0   0.0   0.0   0.0   0.08  0.09  0.0   0.01  0.0   0.0   0.0   0.02  0.0   0.0   0.04  
53    A     0.34  0.0   0.0   0.0   0.02  0.05  0.34  0.02  0.0   0.03  0.0   0.01  0.01  0.0   0.0   0.06  0.08  0.0   0.0   0.06  
54    M     0.13  0.08  0.04  0.11  0.0   0.05  0.15  0.02  0.01  0.02  0.08  0.14  0.02  0.02  0.0   0.04  0.05  0.01  0.01  0.03  
55    L     0.1   0.0   0.0   0.0   0.0   0.0   0.0   0.0   0.0   0.13  0.22  0.0   0.03  0.08  0.0   0.01  0.0   0.0   0.01  0.41  
56    S     0.02  0.0   0.06  0.0   0.0   0.0   0.0   0.0   0.05  0.01  0.0   0.0   0.0   0.0   0.0   0.79  0.08  0.0   0.0   0.0   
57    R     0.02  0.49  0.07  0.04  0.01  0.06  0.11  0.01  0.06  0.0   0.0   0.09  0.01  0.0   0.0   0.03  0.02  0.0   0.01  0.0   
58    L     0.18  0.07  0.0   0.01  0.0   0.18  0.11  0.01  0.05  0.04  0.08  0.08  0.04  0.01  0.03  0.03  0.04  0.01  0.02  0.02  
59    A     0.05  0.0   0.0   0.0   0.0   0.0   0.0   0.0   0.0   0.35  0.31  0.0   0.02  0.03  0.0   0.0   0.0   0.0   0.0   0.24  
60    S     0.02  0.04  0.02  0.04  0.0   0.03  0.11  0.11  0.0   0.0   0.03  0.02  0.0   0.0   0.01  0.54  0.02  0.0   0.0   0.01  
61    G     0.24  0.03  0.05  0.08  0.0   0.01  0.22  0.03  0.02  0.0   0.04  0.02  0.0   0.02  0.15  0.04  0.01  0.0   0.01  0.01  
62    L     0.13  0.04  0.02  0.0   0.01  0.04  0.06  0.0   0.01  0.15  0.17  0.09  0.02  0.01  0.0   0.01  0.01  0.01  0.01  0.2   
63    L     0.0   0.0   0.0   0.0   0.0   0.0   0.0   0.0   0.0   0.07  0.76  0.0   0.03  0.11  0.0   0.0   0.0   0.0   0.01  0.01  
64    D     0.01  0.0   0.02  0.7   0.0   0.01  0.22  0.0   0.0   0.0   0.0   0.01  0.0   0.0   0.01  0.0   0.01  0.0   0.0   0.0   
65    T     0.13  0.09  0.04  0.02  0.0   0.02  0.16  0.03  0.0   0.02  0.02  0.02  0.01  0.0   0.0   0.03  0.04  0.0   0.0   0.37  
66    V     0.08  0.0   0.02  0.05  0.01  0.03  0.42  0.01  0.03  0.08  0.06  0.02  0.01  0.01  0.0   0.08  0.03  0.01  0.01  0.05  
67    D     0.04  0.0   0.1   0.52  0.0   0.02  0.15  0.02  0.0   0.01  0.02  0.02  0.0   0.0   0.04  0.03  0.01  0.0   0.0   0.0   
68    T     0.04  0.0   0.02  0.01  0.0   0.01  0.08  0.02  0.0   0.1   0.13  0.02  0.01  0.02  0.41  0.01  0.01  0.01  0.01  0.09  
69    G     0.03  0.0   0.01  0.1   0.0   0.0   0.01  0.04  0.0   0.46  0.13  0.0   0.04  0.05  0.01  0.01  0.02  0.0   0.01  0.08  
70    D     0.06  0.02  0.04  0.09  0.0   0.03  0.11  0.09  0.01  0.01  0.02  0.06  0.0   0.0   0.2   0.14  0.06  0.01  0.03  0.02  
71    T     0.02  0.03  0.02  0.15  0.02  0.08  0.17  0.2   0.03  0.0   0.01  0.04  0.0   0.02  0.02  0.06  0.05  0.0   0.05  0.04  
72    P     0.22  0.03  0.08  0.09  0.0   0.04  0.12  0.04  0.03  0.0   0.01  0.06  0.02  0.0   0.11  0.12  0.01  0.0   0.01  0.02  
73    Y     0.0   0.0   0.0   0.01  0.0   0.0   0.0   0.01  0.0   0.01  0.0   0.0   0.0   0.11  0.0   0.01  0.0   0.01  0.8   0.02  
74    V     0.02  0.13  0.07  0.03  0.0   0.01  0.04  0.01  0.04  0.05  0.03  0.01  0.04  0.09  0.0   0.05  0.19  0.0   0.06  0.13  
75    L     0.0   0.0   0.0   0.0   0.0   0.0   0.0   0.0   0.0   0.02  0.96  0.0   0.01  0.02  0.0   0.0   0.0   0.0   0.0   0.0   
76    E     0.0   0.0   0.0   0.04  0.0   0.01  0.88  0.0   0.0   0.0   0.01  0.01  0.03  0.0   0.0   0.0   0.01  0.0   0.0   0.02  
77    V     0.01  0.0   0.0   0.0   0.0   0.0   0.0   0.0   0.0   0.2   0.03  0.0   0.0   0.01  0.0   0.0   0.0   0.0   0.0   0.75  
78    T     0.06  0.0   0.0   0.0   0.0   0.0   0.02  0.06  0.0   0.0   0.0   0.0   0.0   0.0   0.0   0.79  0.06  0.0   0.0   0.0   
79    S     0.0   0.0   0.0   0.0   0.0   0.0   0.0   0.0   0.0   0.0   0.0   0.0   0.0   0.0   0.0   0.9   0.1   0.0   0.0   0.0   
80    P     0.06  0.01  0.0   0.0   0.0   0.02  0.01  0.0   0.0   0.0   0.01  0.0   0.0   0.0   0.84  0.02  0.01  0.0   0.0   0.02  
81    G     0.0   0.0   0.0   0.01  0.0   0.0   0.0   0.99  0.0   0.0   0.0   0.0   0.0   0.0   0.0   0.0   0.0   0.0   0.0   0.0   
82    V     0.09  0.0   0.0   0.0   0.0   0.0   0.0   0.01  0.0   0.32  0.36  0.0   0.04  0.01  0.01  0.01  0.01  0.01  0.0   0.14  
83    D     0.0   0.0   0.06  0.42  0.0   0.0   0.25  0.11  0.0   0.0   0.0   0.04  0.0   0.0   0.0   0.08  0.04  0.0   0.0   0.0   
84    R     0.0   0.77  0.01  0.05  0.0   0.02  0.05  0.0   0.0   0.0   0.01  0.03  0.0   0.01  0.0   0.02  0.03  0.0   0.0   0.0   
85    P     0.01  0.02  0.0   0.0   0.0   0.05  0.02  0.0   0.01  0.01  0.03  0.07  0.0   0.01  0.67  0.02  0.02  0.0   0.01  0.05  
86    L     0.0   0.0   0.0   0.0   0.0   0.0   0.0   0.0   0.0   0.13  0.77  0.0   0.02  0.06  0.0   0.0   0.0   0.0   0.0   0.02  
87    T     0.01  0.1   0.01  0.0   0.0   0.04  0.01  0.0   0.01  0.02  0.02  0.3   0.0   0.14  0.0   0.04  0.2   0.0   0.02  0.08  
88    T     0.02  0.16  0.05  0.01  0.01  0.02  0.05  0.01  0.03  0.01  0.06  0.21  0.01  0.0   0.0   0.15  0.17  0.0   0.0   0.03  
89    E     0.14  0.03  0.01  0.14  0.0   0.03  0.16  0.01  0.01  0.04  0.12  0.06  0.01  0.01  0.16  0.02  0.01  0.0   0.0   0.04  
90    K     0.13  0.31  0.0   0.03  0.0   0.05  0.19  0.02  0.0   0.01  0.0   0.15  0.0   0.0   0.0   0.07  0.01  0.02  0.0   0.01  
91    H     0.02  0.01  0.03  0.4   0.0   0.19  0.1   0.0   0.25  0.0   0.0   0.0   0.0   0.0   0.0   0.01  0.0   0.0   0.0   0.0   
92    F     0.01  0.0   0.0   0.0   0.01  0.0   0.0   0.0   0.0   0.01  0.08  0.0   0.02  0.51  0.0   0.0   0.0   0.09  0.26  0.01  
93    R     0.08  0.13  0.02  0.05  0.0   0.1   0.19  0.01  0.02  0.07  0.03  0.12  0.01  0.01  0.0   0.02  0.03  0.0   0.03  0.09  
94    R     0.08  0.5   0.05  0.02  0.0   0.02  0.0   0.01  0.01  0.06  0.01  0.12  0.0   0.0   0.01  0.02  0.05  0.01  0.0   0.01  
95    A     0.17  0.0   0.09  0.0   0.01  0.01  0.0   0.0   0.08  0.0   0.01  0.0   0.01  0.41  0.0   0.04  0.0   0.05  0.11  0.01  
96    R     0.11  0.11  0.0   0.0   0.0   0.05  0.05  0.0   0.01  0.21  0.12  0.11  0.01  0.0   0.0   0.02  0.04  0.0   0.0   0.15  
97    G     0.0   0.0   0.04  0.03  0.0   0.0   0.02  0.88  0.01  0.0   0.01  0.0   0.0   0.0   0.0   0.0   0.01  0.0   0.0   0.0   
98    R     0.01  0.23  0.03  0.01  0.0   0.08  0.15  0.0   0.09  0.01  0.03  0.13  0.01  0.1   0.0   0.06  0.0   0.0   0.04  0.0   
99    K     0.01  0.05  0.04  0.02  0.0   0.03  0.16  0.0   0.01  0.02  0.22  0.14  0.01  0.01  0.1   0.01  0.06  0.01  0.06  0.04  
100   A     0.18  0.0   0.0   0.0   0.0   0.0   0.0   0.0   0.0   0.19  0.06  0.0   0.01  0.01  0.0   0.0   0.01  0.0   0.0   0.53  
101   E     0.04  0.17  0.05  0.05  0.01  0.06  0.11  0.01  0.06  0.02  0.02  0.27  0.0   0.02  0.0   0.04  0.02  0.0   0.03  0.02  
102   L     0.01  0.0   0.0   0.0   0.01  0.0   0.0   0.0   0.0   0.3   0.15  0.0   0.02  0.03  0.0   0.0   0.01  0.0   0.01  0.48  
103   S     0.03  0.15  0.03  0.01  0.0   0.04  0.08  0.02  0.02  0.02  0.04  0.16  0.04  0.0   0.04  0.09  0.15  0.02  0.0   0.06  
104   L     0.01  0.0   0.0   0.01  0.0   0.0   0.0   0.01  0.01  0.02  0.52  0.0   0.03  0.04  0.0   0.02  0.16  0.0   0.06  0.07  
105   A     0.1   0.15  0.11  0.02  0.01  0.05  0.04  0.03  0.01  0.02  0.03  0.15  0.01  0.03  0.01  0.05  0.05  0.0   0.11  0.02  
106   D     0.02  0.0   0.15  0.21  0.0   0.09  0.18  0.21  0.0   0.0   0.01  0.03  0.0   0.0   0.02  0.06  0.02  0.0   0.0   0.0   
107   G     0.04  0.21  0.06  0.02  0.0   0.07  0.06  0.18  0.01  0.01  0.02  0.13  0.0   0.0   0.14  0.04  0.01  0.0   0.0   0.0   
108   S     0.02  0.2   0.03  0.04  0.0   0.03  0.09  0.02  0.04  0.01  0.01  0.38  0.01  0.02  0.0   0.03  0.05  0.0   0.01  0.01  
109   S     0.02  0.11  0.13  0.03  0.0   0.05  0.15  0.04  0.02  0.01  0.01  0.2   0.01  0.03  0.0   0.05  0.08  0.01  0.0   0.06  
110   L     0.01  0.02  0.0   0.01  0.0   0.03  0.04  0.05  0.0   0.07  0.09  0.02  0.01  0.4   0.0   0.02  0.01  0.1   0.05  0.06  
111   T     0.02  0.15  0.0   0.02  0.0   0.1   0.2   0.0   0.0   0.05  0.04  0.14  0.01  0.0   0.01  0.05  0.13  0.0   0.01  0.07  
112   A     0.1   0.02  0.0   0.0   0.0   0.03  0.02  0.73  0.0   0.0   0.01  0.03  0.0   0.01  0.0   0.01  0.02  0.0   0.0   0.01  
113   R     0.01  0.22  0.02  0.03  0.0   0.03  0.1   0.0   0.02  0.13  0.06  0.11  0.01  0.04  0.02  0.01  0.11  0.0   0.02  0.09  
114   L     0.0   0.0   0.0   0.0   0.0   0.01  0.0   0.0   0.01  0.32  0.54  0.0   0.01  0.03  0.0   0.0   0.01  0.01  0.01  0.07  
115   G     0.07  0.02  0.03  0.01  0.0   0.08  0.08  0.08  0.01  0.08  0.16  0.12  0.0   0.0   0.0   0.03  0.08  0.01  0.0   0.13  
116   G     0.15  0.05  0.02  0.08  0.01  0.02  0.12  0.33  0.0   0.01  0.0   0.05  0.0   0.01  0.01  0.13  0.02  0.0   0.0   0.01  
117   T     0.14  0.06  0.0   0.0   0.0   0.01  0.01  0.0   0.0   0.07  0.16  0.0   0.0   0.08  0.03  0.01  0.03  0.0   0.05  0.33  
118   D     0.04  0.03  0.12  0.3   0.0   0.01  0.18  0.03  0.01  0.02  0.09  0.04  0.0   0.0   0.0   0.06  0.03  0.0   0.0   0.01  
119   G     0.05  0.02  0.06  0.23  0.0   0.02  0.18  0.24  0.02  0.01  0.03  0.03  0.0   0.0   0.02  0.04  0.01  0.0   0.02  0.02  
120   D     0.04  0.01  0.04  0.28  0.0   0.05  0.34  0.1   0.01  0.0   0.01  0.04  0.0   0.0   0.0   0.01  0.05  0.0   0.0   0.01  
121   Q     0.07  0.07  0.06  0.03  0.01  0.06  0.12  0.12  0.01  0.02  0.01  0.07  0.04  0.02  0.0   0.1   0.13  0.0   0.0   0.04  
122   V     0.04  0.0   0.03  0.02  0.0   0.01  0.03  0.01  0.0   0.22  0.15  0.02  0.01  0.05  0.01  0.03  0.04  0.01  0.0   0.32  
123   N     0.07  0.06  0.03  0.06  0.01  0.02  0.07  0.03  0.03  0.05  0.02  0.06  0.01  0.01  0.01  0.06  0.25  0.0   0.03  0.13  
124   V     0.01  0.0   0.02  0.04  0.0   0.01  0.01  0.03  0.0   0.2   0.41  0.02  0.02  0.05  0.0   0.0   0.01  0.0   0.0   0.16  
125   V     0.04  0.03  0.05  0.08  0.01  0.03  0.22  0.01  0.03  0.05  0.06  0.07  0.01  0.01  0.0   0.08  0.11  0.0   0.03  0.09  
126   V     0.02  0.03  0.01  0.03  0.01  0.01  0.02  0.01  0.01  0.12  0.23  0.02  0.01  0.08  0.02  0.01  0.04  0.0   0.04  0.28  
127   A     0.1   0.04  0.02  0.09  0.01  0.05  0.12  0.07  0.01  0.06  0.07  0.08  0.02  0.02  0.03  0.04  0.06  0.0   0.02  0.08  
128   Q     0.04  0.02  0.03  0.15  0.01  0.04  0.11  0.06  0.0   0.1   0.05  0.15  0.0   0.05  0.04  0.02  0.03  0.0   0.02  0.05  
129   G     0.05  0.02  0.12  0.03  0.0   0.03  0.06  0.22  0.01  0.01  0.03  0.27  0.01  0.01  0.03  0.02  0.01  0.0   0.01  0.05  
130   K     0.06  0.06  0.03  0.06  0.01  0.09  0.15  0.05  0.0   0.05  0.02  0.15  0.01  0.01  0.02  0.03  0.13  0.01  0.0   0.06  
131   D     0.02  0.13  0.06  0.2   0.0   0.06  0.2   0.07  0.01  0.02  0.02  0.14  0.0   0.0   0.02  0.03  0.01  0.0   0.01  0.02  
132   F     0.05  0.02  0.05  0.03  0.0   0.03  0.04  0.28  0.03  0.02  0.07  0.09  0.01  0.03  0.07  0.04  0.06  0.01  0.02  0.05  
133   A     0.08  0.13  0.02  0.02  0.01  0.06  0.12  0.03  0.02  0.02  0.02  0.24  0.01  0.01  0.03  0.06  0.07  0.0   0.0   0.06  
134   V     0.03  0.03  0.04  0.04  0.0   0.03  0.14  0.02  0.01  0.1   0.07  0.06  0.02  0.02  0.07  0.03  0.13  0.0   0.02  0.16  
135   R     0.03  0.08  0.01  0.0   0.01  0.05  0.03  0.01  0.01  0.14  0.13  0.09  0.02  0.04  0.01  0.04  0.02  0.0   0.02  0.25  
136   Q     0.06  0.14  0.05  0.05  0.0   0.07  0.18  0.02  0.01  0.02  0.04  0.1   0.0   0.01  0.0   0.07  0.12  0.0   0.01  0.04  
137   I     0.0   0.01  0.0   0.0   0.0   0.0   0.01  0.0   0.0   0.46  0.21  0.0   0.01  0.12  0.0   0.01  0.0   0.0   0.02  0.14  
138   P     0.12  0.03  0.03  0.06  0.0   0.01  0.07  0.01  0.0   0.0   0.03  0.06  0.01  0.01  0.49  0.03  0.03  0.0   0.0   0.02  
139   L     0.0   0.14  0.0   0.0   0.0   0.0   0.0   0.0   0.01  0.05  0.27  0.02  0.02  0.25  0.0   0.01  0.0   0.02  0.16  0.03  
140   R     0.16  0.02  0.07  0.25  0.0   0.03  0.14  0.05  0.01  0.0   0.0   0.05  0.0   0.0   0.0   0.16  0.04  0.0   0.0   0.01  
141   E     0.05  0.03  0.17  0.23  0.0   0.1   0.14  0.01  0.01  0.0   0.08  0.08  0.01  0.0   0.0   0.03  0.03  0.02  0.0   0.0   
142   I     0.0   0.0   0.01  0.0   0.0   0.0   0.0   0.01  0.0   0.57  0.1   0.0   0.01  0.0   0.0   0.01  0.0   0.0   0.0   0.29  
143   T     0.19  0.09  0.01  0.11  0.0   0.05  0.06  0.02  0.01  0.04  0.05  0.18  0.0   0.0   0.01  0.09  0.05  0.0   0.0   0.04  
144   K     0.01  0.11  0.03  0.05  0.0   0.06  0.06  0.02  0.0   0.01  0.01  0.51  0.01  0.02  0.01  0.07  0.03  0.0   0.0   0.01  
145   A     0.74  0.0   0.0   0.0   0.01  0.0   0.0   0.07  0.0   0.04  0.01  0.0   0.0   0.01  0.0   0.01  0.02  0.0   0.0   0.1   
146   V     0.01  0.34  0.2   0.0   0.0   0.05  0.01  0.0   0.03  0.01  0.01  0.17  0.0   0.0   0.0   0.01  0.01  0.0   0.0   0.12  
147   V     0.0   0.0   0.0   0.0   0.0   0.0   0.0   0.0   0.01  0.09  0.64  0.0   0.0   0.01  0.02  0.0   0.04  0.0   0.02  0.16  
148   Q     0.18  0.0   0.0   0.04  0.01  0.11  0.2   0.0   0.0   0.12  0.02  0.03  0.01  0.01  0.0   0.03  0.02  0.0   0.06  0.16  
149   V     0.05  0.0   0.0   0.0   0.0   0.01  0.0   0.02  0.01  0.13  0.05  0.0   0.0   0.09  0.21  0.01  0.02  0.0   0.03  0.36  
150   E     0.0   0.08  0.01  0.11  0.0   0.06  0.46  0.0   0.02  0.01  0.0   0.13  0.0   0.0   0.01  0.01  0.05  0.0   0.0   0.02  
151   F     0.0   0.0   0.0   0.0   0.0   0.0   0.0   0.0   0.0   0.0   0.17  0.0   0.0   0.68  0.0   0.01  0.0   0.11  0.01  0.01  
152   S     0.07  0.04  0.18  0.02  0.0   0.01  0.08  0.01  0.0   0.0   0.0   0.08  0.0   0.02  0.03  0.3   0.16  0.0   0.0   0.0   
153   P     0.12  0.13  0.04  0.07  0.0   0.07  0.04  0.08  0.05  0.0   0.0   0.1   0.0   0.0   0.12  0.05  0.11  0.0   0.0   0.0   
154   P     0.07  0.08  0.0   0.1   0.0   0.02  0.03  0.0   0.0   0.02  0.11  0.06  0.0   0.0   0.5   0.0   0.0   0.0   0.0   0.0   
155   N     0.14  0.02  0.09  0.1   0.0   0.0   0.02  0.2   0.01  0.04  0.06  0.04  0.02  0.0   0.09  0.11  0.04  0.0   0.0   0.0   
156   R     0.18  0.14  0.0   0.02  0.0   0.14  0.18  0.0   0.02  0.0   0.04  0.1   0.0   0.0   0.13  0.0   0.02  0.0   0.02  0.0   
157   R     0.28  0.12  0.0   0.15  0.0   0.09  0.09  0.0   0.0   0.0   0.0   0.18  0.0   0.0   0.01  0.0   0.01  0.0   0.0   0.06  
158   E     0.05  0.03  0.02  0.13  0.0   0.0   0.46  0.06  0.0   0.0   0.0   0.08  0.0   0.0   0.09  0.03  0.04  0.0   0.0   0.02  
159   L     0.18  0.0   0.0   0.0   0.0   0.07  0.05  0.02  0.0   0.0   0.53  0.03  0.09  0.0   0.0   0.0   0.02  0.0   0.0   0.0   
160   E     0.09  0.07  0.02  0.15  0.0   0.0   0.54  0.0   0.0   0.03  0.0   0.0   0.0   0.0   0.0   0.05  0.02  0.0   0.0   0.03  
161   L     0.21  0.03  0.0   0.0   0.0   0.04  0.06  0.0   0.0   0.03  0.47  0.1   0.0   0.0   0.05  0.0   0.03  0.0   0.0   0.0   
162   A     0.48  0.0   0.0   0.03  0.0   0.0   0.1   0.04  0.0   0.0   0.07  0.04  0.0   0.0   0.05  0.07  0.06  0.0   0.0   0.07  
163   E     0.05  0.0   0.08  0.0   0.0   0.07  0.12  0.33  0.0   0.0   0.0   0.19  0.03  0.0   0.0   0.03  0.04  0.0   0.0   0.03  
164   Q     0.05  0.11  0.0   0.03  0.0   0.24  0.13  0.13  0.0   0.0   0.05  0.0   0.0   0.0   0.0   0.06  0.06  0.0   0.0   0.14  
165   T     0.23  0.05  0.05  0.0   0.0   0.0   0.04  0.02  0.0   0.06  0.0   0.0   0.0   0.0   0.08  0.12  0.27  0.0   0.0   0.09  
166   G     0.2   0.11  0.0   0.04  0.0   0.0   0.09  0.16  0.0   0.0   0.0   0.0   0.0   0.14  0.17  0.05  0.04  0.0   0.0   0.0   
167   K     0.04  0.03  0.0   0.19  0.0   0.06  0.28  0.07  0.0   0.0   0.0   0.16  0.04  0.0   0.13  0.0   0.0   0.0   0.0   0.0   
168   G     0.09  0.0   0.0   0.0   0.0   0.0   0.34  0.51  0.0   0.0   0.0   0.0   0.0   0.06  0.0   0.0   0.0   0.0   0.0   0.0   
169   A     0.86  0.0   0.0   0.0   0.0   0.0   0.0   0.0   0.0   0.0   0.0   0.0   0.0   0.0   0.0   0.14  0.0   0.0   0.0   0.0   
