             A     R     N     D     C     Q     E     G     H     I     L     K     M     F     P     S     T     W     Y     V
1     N     0.0   0.0   0.0   0.0   0.0   0.0   0.0   0.0   0.0   0.0   0.0   0.0   0.0   0.0   0.0   0.0   0.0   0.0   0.0   0.0   
2     L     0.0   0.0   0.0   0.0   0.0   0.0   0.0   0.0   0.0   0.0   0.0   0.0   0.0   0.0   0.0   0.0   0.0   0.0   0.0   0.0   
3     Y     0.0   0.0   0.0   0.0   0.0   0.0   0.0   0.0   0.0   0.0   0.0   0.0   0.0   0.0   0.0   0.0   0.0   0.0   1.0   0.0   
4     F     0.0   0.0   0.0   0.0   0.0   0.0   0.0   0.0   0.0   0.0   0.0   0.0   0.0   0.42  0.58  0.0   0.0   0.0   0.0   0.0   
5     Q     0.0   0.1   0.0   0.0   0.0   0.53  0.1   0.0   0.0   0.0   0.0   0.28  0.0   0.0   0.0   0.0   0.0   0.0   0.0   0.0   
6     S     0.08  0.0   0.0   0.0   0.0   0.13  0.15  0.0   0.0   0.0   0.0   0.07  0.0   0.0   0.0   0.23  0.34  0.0   0.0   0.0   
7     M     0.0   0.0   0.0   0.06  0.0   0.07  0.06  0.0   0.0   0.0   0.0   0.51  0.23  0.0   0.07  0.0   0.0   0.0   0.0   0.0   
8     M     0.15  0.08  0.09  0.0   0.0   0.0   0.03  0.0   0.1   0.0   0.09  0.0   0.36  0.0   0.0   0.09  0.0   0.0   0.0   0.0   
9     L     0.0   0.03  0.0   0.0   0.0   0.23  0.0   0.0   0.05  0.24  0.28  0.03  0.04  0.0   0.0   0.0   0.1   0.0   0.0   0.0   
10    D     0.0   0.0   0.03  0.18  0.0   0.13  0.09  0.0   0.12  0.06  0.08  0.07  0.0   0.0   0.07  0.07  0.0   0.0   0.03  0.08  
11    R     0.08  0.15  0.14  0.05  0.0   0.06  0.0   0.02  0.0   0.0   0.0   0.02  0.31  0.04  0.07  0.04  0.02  0.0   0.0   0.0   
12    I     0.0   0.0   0.0   0.0   0.0   0.0   0.0   0.0   0.0   0.25  0.61  0.0   0.0   0.1   0.0   0.0   0.01  0.0   0.0   0.02  
13    R     0.02  0.13  0.17  0.03  0.0   0.0   0.02  0.07  0.06  0.06  0.04  0.02  0.0   0.0   0.03  0.08  0.17  0.04  0.03  0.03  
14    V     0.0   0.0   0.0   0.0   0.0   0.0   0.0   0.0   0.0   0.26  0.41  0.0   0.0   0.02  0.0   0.0   0.0   0.0   0.0   0.31  
15    V     0.12  0.0   0.0   0.0   0.02  0.0   0.0   0.0   0.0   0.19  0.08  0.0   0.02  0.03  0.0   0.0   0.0   0.0   0.03  0.51  
16    L     0.04  0.0   0.0   0.0   0.07  0.0   0.0   0.0   0.0   0.04  0.81  0.0   0.02  0.01  0.0   0.0   0.0   0.0   0.0   0.02  
17    V     0.0   0.0   0.0   0.47  0.0   0.0   0.11  0.0   0.01  0.01  0.0   0.0   0.0   0.09  0.0   0.02  0.0   0.0   0.11  0.17  
18    N     0.04  0.03  0.22  0.02  0.03  0.11  0.25  0.23  0.0   0.0   0.02  0.0   0.0   0.0   0.02  0.01  0.02  0.0   0.0   0.0   
19    T     0.0   0.0   0.0   0.0   0.0   0.0   0.02  0.0   0.0   0.22  0.09  0.0   0.0   0.02  0.31  0.0   0.07  0.0   0.0   0.27  
20    S     0.02  0.09  0.02  0.05  0.0   0.13  0.25  0.0   0.03  0.0   0.0   0.09  0.0   0.02  0.0   0.13  0.16  0.01  0.0   0.01  
21    H     0.0   0.02  0.04  0.46  0.0   0.02  0.02  0.02  0.07  0.29  0.0   0.05  0.0   0.0   0.0   0.01  0.0   0.0   0.01  0.0   
22    P     0.07  0.0   0.0   0.0   0.0   0.01  0.02  0.0   0.02  0.0   0.0   0.0   0.0   0.0   0.75  0.05  0.04  0.0   0.0   0.04  
23    G     0.04  0.07  0.05  0.0   0.0   0.12  0.05  0.24  0.26  0.0   0.0   0.0   0.0   0.0   0.12  0.0   0.02  0.0   0.03  0.0   
24    N     0.0   0.0   1.0   0.0   0.0   0.0   0.0   0.0   0.0   0.0   0.0   0.0   0.0   0.0   0.0   0.0   0.0   0.0   0.0   0.0   
25    I     0.04  0.0   0.0   0.0   0.02  0.0   0.0   0.0   0.0   0.13  0.42  0.0   0.05  0.07  0.0   0.0   0.22  0.0   0.0   0.07  
26    G     0.0   0.0   0.0   0.0   0.0   0.0   0.0   0.93  0.0   0.0   0.0   0.0   0.0   0.0   0.0   0.07  0.0   0.0   0.0   0.0   
27    G     0.44  0.0   0.22  0.0   0.0   0.0   0.0   0.05  0.0   0.0   0.0   0.0   0.0   0.02  0.0   0.16  0.12  0.0   0.0   0.0   
28    A     0.04  0.0   0.0   0.0   0.14  0.0   0.0   0.0   0.0   0.56  0.03  0.0   0.05  0.0   0.0   0.0   0.04  0.0   0.0   0.13  
29    A     0.18  0.0   0.0   0.0   0.02  0.0   0.0   0.0   0.0   0.31  0.29  0.0   0.04  0.02  0.0   0.02  0.0   0.0   0.0   0.13  
30    R     0.0   1.0   0.0   0.0   0.0   0.0   0.0   0.0   0.0   0.0   0.0   0.0   0.0   0.0   0.0   0.0   0.0   0.0   0.0   0.0   
31    A     0.1   0.0   0.06  0.0   0.04  0.0   0.0   0.0   0.0   0.0   0.14  0.0   0.0   0.0   0.0   0.25  0.37  0.0   0.0   0.05  
32    M     0.42  0.01  0.0   0.0   0.33  0.0   0.0   0.02  0.0   0.01  0.0   0.0   0.1   0.0   0.0   0.03  0.0   0.0   0.0   0.07  
33    K     0.42  0.0   0.01  0.21  0.0   0.0   0.07  0.0   0.02  0.0   0.04  0.1   0.03  0.0   0.0   0.03  0.03  0.0   0.03  0.0   
34    N     0.49  0.0   0.17  0.0   0.03  0.01  0.0   0.07  0.02  0.04  0.0   0.0   0.0   0.06  0.0   0.0   0.07  0.0   0.0   0.02  
35    M     0.21  0.0   0.01  0.0   0.0   0.0   0.0   0.0   0.0   0.0   0.19  0.0   0.1   0.22  0.0   0.03  0.17  0.0   0.0   0.06  
36    G     0.01  0.0   0.05  0.0   0.0   0.0   0.02  0.82  0.0   0.0   0.02  0.03  0.0   0.0   0.02  0.04  0.0   0.0   0.0   0.0   
37    L     0.24  0.0   0.0   0.0   0.13  0.0   0.0   0.06  0.0   0.05  0.12  0.0   0.0   0.06  0.0   0.0   0.03  0.0   0.01  0.29  
38    S     0.07  0.02  0.02  0.2   0.01  0.02  0.05  0.01  0.15  0.01  0.05  0.05  0.0   0.01  0.02  0.16  0.11  0.0   0.01  0.04  
39    Q     0.18  0.11  0.07  0.04  0.0   0.09  0.09  0.23  0.02  0.0   0.01  0.06  0.0   0.02  0.0   0.02  0.02  0.0   0.02  0.02  
40    L     0.03  0.0   0.0   0.0   0.0   0.0   0.0   0.0   0.0   0.13  0.38  0.0   0.02  0.02  0.0   0.0   0.0   0.0   0.0   0.42  
41    V     0.0   0.03  0.0   0.0   0.01  0.0   0.0   0.0   0.28  0.26  0.12  0.0   0.0   0.0   0.0   0.0   0.0   0.03  0.06  0.2   
42    L     0.07  0.0   0.0   0.0   0.0   0.0   0.0   0.0   0.0   0.19  0.46  0.0   0.02  0.04  0.0   0.0   0.03  0.0   0.02  0.17  
43    V     0.02  0.0   0.0   0.0   0.0   0.02  0.0   0.05  0.0   0.2   0.02  0.03  0.0   0.0   0.2   0.08  0.1   0.0   0.02  0.25  
44    Q     0.02  0.12  0.09  0.07  0.0   0.09  0.14  0.06  0.02  0.0   0.0   0.31  0.0   0.0   0.01  0.03  0.02  0.02  0.0   0.0   
45    P     0.02  0.14  0.01  0.14  0.0   0.0   0.02  0.12  0.03  0.0   0.02  0.08  0.0   0.0   0.36  0.04  0.0   0.0   0.0   0.0   
46    E     0.06  0.16  0.08  0.06  0.13  0.02  0.01  0.03  0.02  0.0   0.22  0.12  0.02  0.0   0.0   0.02  0.01  0.0   0.03  0.0   
47    S     0.11  0.01  0.04  0.0   0.06  0.02  0.0   0.26  0.01  0.02  0.05  0.0   0.0   0.0   0.0   0.27  0.0   0.0   0.0   0.15  
48    F     0.17  0.02  0.0   0.17  0.02  0.02  0.01  0.03  0.02  0.03  0.02  0.07  0.0   0.27  0.0   0.04  0.05  0.0   0.0   0.08  
49    P     0.14  0.0   0.0   0.01  0.0   0.03  0.06  0.08  0.0   0.06  0.0   0.01  0.02  0.05  0.27  0.15  0.11  0.0   0.0   0.01  
50    H     0.0   0.02  0.07  0.08  0.0   0.0   0.0   0.01  0.03  0.12  0.31  0.0   0.02  0.02  0.0   0.02  0.05  0.15  0.01  0.08  
51    G     0.05  0.0   0.15  0.18  0.0   0.01  0.16  0.07  0.02  0.0   0.02  0.02  0.0   0.0   0.0   0.08  0.2   0.0   0.02  0.02  
52    D     0.16  0.02  0.02  0.31  0.0   0.09  0.04  0.01  0.01  0.0   0.02  0.01  0.02  0.0   0.24  0.05  0.01  0.0   0.0   0.0   
53    A     0.18  0.1   0.0   0.02  0.0   0.0   0.0   0.01  0.0   0.05  0.0   0.32  0.0   0.02  0.02  0.01  0.17  0.0   0.0   0.11  
54    V     0.19  0.15  0.0   0.0   0.0   0.03  0.0   0.01  0.03  0.06  0.01  0.06  0.04  0.01  0.0   0.03  0.03  0.0   0.04  0.32  
55    A     0.12  0.08  0.01  0.0   0.0   0.02  0.0   0.0   0.02  0.01  0.32  0.02  0.12  0.04  0.0   0.1   0.03  0.04  0.0   0.06  
56    R     0.0   0.43  0.0   0.0   0.0   0.02  0.01  0.02  0.0   0.02  0.1   0.31  0.01  0.0   0.0   0.03  0.02  0.0   0.0   0.03  
57    A     0.4   0.3   0.0   0.0   0.0   0.0   0.0   0.02  0.0   0.0   0.0   0.0   0.0   0.0   0.0   0.21  0.04  0.0   0.0   0.02  
58    S     0.46  0.0   0.0   0.0   0.08  0.01  0.02  0.07  0.04  0.0   0.0   0.02  0.0   0.0   0.0   0.27  0.0   0.0   0.0   0.03  
59    G     0.01  0.0   0.01  0.0   0.02  0.0   0.0   0.88  0.01  0.0   0.0   0.01  0.0   0.0   0.0   0.06  0.0   0.0   0.0   0.0   
60    A     0.46  0.05  0.01  0.01  0.0   0.01  0.01  0.11  0.02  0.01  0.12  0.01  0.0   0.01  0.01  0.12  0.02  0.02  0.01  0.01  
61    T     0.21  0.02  0.0   0.11  0.02  0.0   0.04  0.09  0.08  0.03  0.15  0.0   0.05  0.0   0.0   0.13  0.01  0.0   0.0   0.07  
62    D     0.04  0.0   0.06  0.19  0.0   0.09  0.27  0.0   0.01  0.0   0.02  0.0   0.0   0.11  0.0   0.02  0.0   0.0   0.13  0.04  
63    I     0.01  0.1   0.01  0.0   0.03  0.0   0.0   0.0   0.18  0.1   0.07  0.02  0.01  0.03  0.0   0.04  0.08  0.03  0.13  0.16  
64    L     0.02  0.04  0.0   0.0   0.0   0.02  0.08  0.0   0.0   0.14  0.21  0.02  0.03  0.08  0.0   0.0   0.02  0.1   0.0   0.2   
65    D     0.04  0.0   0.06  0.19  0.0   0.02  0.02  0.05  0.0   0.0   0.02  0.06  0.02  0.0   0.37  0.05  0.02  0.0   0.0   0.05  
66    A     0.03  0.02  0.13  0.0   0.0   0.04  0.01  0.02  0.03  0.08  0.17  0.1   0.02  0.05  0.05  0.01  0.0   0.0   0.09  0.15  
67    A     0.19  0.02  0.04  0.02  0.0   0.02  0.01  0.01  0.03  0.17  0.07  0.0   0.07  0.07  0.05  0.02  0.02  0.0   0.02  0.19  
68    R     0.06  0.29  0.04  0.0   0.0   0.11  0.03  0.01  0.06  0.02  0.03  0.08  0.0   0.0   0.02  0.05  0.11  0.0   0.02  0.05  
69    V     0.06  0.0   0.04  0.02  0.0   0.02  0.0   0.01  0.0   0.09  0.07  0.0   0.02  0.04  0.04  0.02  0.07  0.0   0.05  0.44  
70    V     0.05  0.0   0.0   0.05  0.0   0.0   0.03  0.04  0.07  0.04  0.09  0.04  0.0   0.08  0.06  0.02  0.22  0.0   0.06  0.14  
71    D     0.06  0.02  0.35  0.25  0.0   0.04  0.03  0.01  0.02  0.01  0.01  0.02  0.0   0.01  0.05  0.08  0.01  0.0   0.0   0.03  
72    T     0.04  0.01  0.05  0.03  0.0   0.0   0.08  0.02  0.03  0.03  0.07  0.02  0.0   0.0   0.07  0.13  0.32  0.02  0.03  0.04  
73    L     0.03  0.07  0.01  0.02  0.02  0.01  0.01  0.02  0.0   0.09  0.47  0.01  0.04  0.09  0.01  0.01  0.01  0.02  0.02  0.06  
74    E     0.08  0.12  0.02  0.26  0.0   0.05  0.17  0.01  0.02  0.01  0.04  0.07  0.02  0.0   0.02  0.04  0.04  0.0   0.0   0.03  
75    E     0.04  0.02  0.06  0.06  0.0   0.09  0.34  0.01  0.05  0.02  0.04  0.08  0.01  0.02  0.02  0.03  0.06  0.02  0.03  0.02  
76    A     0.19  0.0   0.0   0.02  0.0   0.0   0.0   0.01  0.07  0.02  0.3   0.05  0.02  0.09  0.0   0.08  0.02  0.03  0.01  0.06  
77    L     0.12  0.04  0.0   0.0   0.0   0.13  0.0   0.0   0.03  0.08  0.14  0.29  0.01  0.04  0.02  0.02  0.01  0.0   0.0   0.04  
78    S     0.08  0.12  0.05  0.15  0.0   0.09  0.19  0.04  0.04  0.01  0.03  0.04  0.0   0.02  0.01  0.1   0.02  0.0   0.0   0.02  
79    G     0.05  0.09  0.08  0.17  0.0   0.09  0.05  0.08  0.08  0.02  0.03  0.05  0.02  0.01  0.02  0.03  0.01  0.04  0.07  0.01  
80    C     0.06  0.01  0.05  0.02  0.12  0.01  0.04  0.4   0.02  0.01  0.05  0.03  0.0   0.01  0.03  0.01  0.01  0.03  0.05  0.05  
81    S     0.01  0.02  0.02  0.11  0.0   0.02  0.03  0.09  0.05  0.08  0.06  0.03  0.02  0.11  0.01  0.1   0.02  0.05  0.08  0.08  
82    V     0.05  0.04  0.04  0.01  0.0   0.06  0.01  0.01  0.01  0.02  0.12  0.04  0.0   0.12  0.01  0.03  0.06  0.28  0.03  0.05  
83    V     0.01  0.02  0.01  0.01  0.0   0.05  0.04  0.01  0.0   0.18  0.07  0.04  0.02  0.07  0.01  0.02  0.07  0.0   0.03  0.33  
84    L     0.17  0.01  0.01  0.01  0.0   0.02  0.03  0.01  0.0   0.18  0.07  0.02  0.0   0.03  0.01  0.03  0.01  0.0   0.06  0.32  
85    G     0.24  0.01  0.01  0.02  0.02  0.02  0.04  0.39  0.0   0.02  0.03  0.02  0.0   0.05  0.01  0.01  0.05  0.0   0.0   0.05  
86    T     0.05  0.02  0.01  0.01  0.01  0.01  0.05  0.02  0.03  0.01  0.11  0.01  0.02  0.01  0.01  0.07  0.51  0.0   0.0   0.05  
87    S     0.14  0.01  0.01  0.09  0.0   0.02  0.16  0.04  0.02  0.01  0.01  0.02  0.01  0.02  0.01  0.19  0.16  0.02  0.0   0.06  
88    A     0.27  0.02  0.02  0.02  0.0   0.02  0.04  0.12  0.03  0.03  0.15  0.03  0.03  0.0   0.06  0.08  0.03  0.02  0.02  0.01  
89    R     0.06  0.18  0.05  0.07  0.01  0.07  0.14  0.03  0.03  0.02  0.05  0.07  0.0   0.03  0.05  0.07  0.02  0.0   0.01  0.02  
90    D     0.1   0.04  0.14  0.15  0.0   0.03  0.05  0.05  0.01  0.03  0.05  0.09  0.01  0.04  0.04  0.13  0.01  0.02  0.01  0.02  
91    R     0.07  0.2   0.09  0.03  0.0   0.04  0.05  0.06  0.02  0.01  0.05  0.13  0.01  0.02  0.09  0.05  0.03  0.03  0.02  0.01  
92    R     0.22  0.05  0.05  0.12  0.0   0.03  0.04  0.07  0.03  0.03  0.03  0.05  0.01  0.01  0.04  0.08  0.11  0.0   0.01  0.01  
93    I     0.04  0.1   0.03  0.03  0.04  0.05  0.05  0.09  0.01  0.11  0.13  0.06  0.01  0.01  0.05  0.05  0.06  0.02  0.02  0.05  
94    P     0.04  0.03  0.07  0.05  0.01  0.04  0.05  0.09  0.01  0.02  0.14  0.08  0.04  0.05  0.11  0.06  0.02  0.02  0.02  0.03  
95    W     0.04  0.06  0.04  0.05  0.01  0.03  0.05  0.09  0.05  0.05  0.11  0.03  0.05  0.16  0.02  0.02  0.05  0.07  0.01  0.02  
96    P     0.11  0.07  0.03  0.06  0.01  0.08  0.02  0.03  0.02  0.03  0.06  0.08  0.01  0.04  0.11  0.03  0.05  0.02  0.08  0.07  
97    L     0.03  0.02  0.01  0.02  0.05  0.04  0.05  0.02  0.01  0.04  0.23  0.06  0.05  0.05  0.08  0.04  0.08  0.0   0.08  0.05  
98    L     0.05  0.02  0.01  0.05  0.03  0.04  0.02  0.02  0.01  0.15  0.18  0.03  0.02  0.04  0.02  0.06  0.14  0.0   0.03  0.07  
99    D     0.1   0.02  0.04  0.1   0.01  0.01  0.07  0.07  0.01  0.03  0.09  0.03  0.01  0.01  0.02  0.07  0.22  0.0   0.02  0.07  
100   P     0.05  0.07  0.03  0.05  0.01  0.03  0.02  0.06  0.01  0.03  0.07  0.11  0.02  0.05  0.21  0.06  0.06  0.0   0.03  0.02  
101   R     0.07  0.1   0.02  0.03  0.01  0.02  0.07  0.16  0.02  0.02  0.05  0.12  0.01  0.03  0.06  0.07  0.08  0.0   0.01  0.05  
102   E     0.07  0.09  0.02  0.09  0.02  0.03  0.13  0.04  0.03  0.04  0.03  0.06  0.01  0.01  0.03  0.09  0.13  0.0   0.01  0.08  
103   C     0.05  0.03  0.01  0.06  0.07  0.04  0.02  0.09  0.05  0.09  0.12  0.05  0.02  0.01  0.09  0.06  0.06  0.03  0.01  0.05  
104   A     0.24  0.06  0.02  0.04  0.0   0.01  0.05  0.2   0.02  0.03  0.07  0.07  0.01  0.01  0.04  0.03  0.01  0.02  0.02  0.04  
105   T     0.06  0.01  0.02  0.14  0.0   0.03  0.11  0.06  0.07  0.01  0.03  0.03  0.03  0.04  0.08  0.03  0.12  0.0   0.03  0.08  
106   T     0.03  0.09  0.01  0.02  0.02  0.11  0.05  0.03  0.08  0.07  0.06  0.09  0.0   0.01  0.02  0.11  0.14  0.0   0.02  0.03  
107   C     0.08  0.01  0.05  0.25  0.05  0.03  0.03  0.01  0.02  0.04  0.07  0.02  0.0   0.0   0.03  0.19  0.08  0.0   0.0   0.03  
108   L     0.02  0.0   0.02  0.0   0.0   0.02  0.03  0.01  0.04  0.13  0.27  0.0   0.04  0.09  0.0   0.02  0.02  0.0   0.13  0.15  
109   E     0.06  0.1   0.05  0.1   0.0   0.06  0.14  0.03  0.02  0.0   0.01  0.05  0.02  0.05  0.0   0.06  0.07  0.03  0.13  0.01  
110   H     0.04  0.05  0.06  0.12  0.0   0.13  0.24  0.04  0.03  0.0   0.01  0.04  0.0   0.1   0.01  0.02  0.02  0.0   0.08  0.0   
111   L     0.1   0.03  0.0   0.0   0.03  0.04  0.02  0.02  0.02  0.09  0.18  0.06  0.03  0.03  0.0   0.09  0.08  0.0   0.05  0.12  
112   E     0.06  0.03  0.01  0.34  0.03  0.04  0.07  0.04  0.0   0.02  0.04  0.07  0.0   0.02  0.03  0.05  0.08  0.04  0.0   0.03  
113   A     0.1   0.01  0.04  0.05  0.0   0.02  0.01  0.13  0.0   0.02  0.17  0.02  0.01  0.16  0.05  0.01  0.03  0.08  0.08  0.02  
114   N     0.02  0.07  0.09  0.17  0.0   0.1   0.06  0.04  0.04  0.01  0.04  0.04  0.01  0.0   0.05  0.05  0.15  0.0   0.0   0.04  
115   G     0.12  0.08  0.02  0.06  0.0   0.04  0.08  0.21  0.02  0.0   0.03  0.11  0.04  0.0   0.05  0.04  0.03  0.02  0.03  0.01  
116   E     0.04  0.03  0.05  0.09  0.0   0.03  0.06  0.03  0.05  0.01  0.01  0.11  0.0   0.0   0.36  0.09  0.02  0.0   0.0   0.01  
117   V     0.09  0.0   0.02  0.07  0.03  0.0   0.01  0.01  0.02  0.13  0.16  0.02  0.06  0.04  0.0   0.02  0.15  0.0   0.03  0.14  
118   A     0.43  0.0   0.0   0.0   0.02  0.0   0.0   0.06  0.0   0.07  0.09  0.0   0.0   0.04  0.0   0.04  0.0   0.03  0.06  0.14  
119   L     0.0   0.0   0.0   0.0   0.0   0.0   0.0   0.0   0.0   0.15  0.57  0.0   0.01  0.13  0.0   0.0   0.0   0.02  0.0   0.12  
120   V     0.01  0.0   0.0   0.0   0.0   0.0   0.0   0.0   0.0   0.12  0.18  0.0   0.05  0.02  0.0   0.0   0.0   0.0   0.0   0.61  
121   F     0.0   0.0   0.0   0.0   0.0   0.0   0.0   0.0   0.0   0.15  0.14  0.0   0.15  0.42  0.02  0.0   0.0   0.0   0.0   0.1   
122   G     0.0   0.0   0.0   0.0   0.0   0.0   0.0   1.0   0.0   0.0   0.0   0.0   0.0   0.0   0.0   0.0   0.0   0.0   0.0   0.0   
123   R     0.15  0.18  0.14  0.0   0.0   0.07  0.0   0.12  0.0   0.0   0.02  0.02  0.0   0.0   0.09  0.2   0.02  0.0   0.0   0.0   
124   E     0.0   0.0   0.0   0.0   0.0   0.0   1.0   0.0   0.0   0.0   0.0   0.0   0.0   0.0   0.0   0.0   0.0   0.0   0.0   0.0   
125   Y     0.01  0.07  0.0   0.1   0.0   0.0   0.0   0.28  0.0   0.0   0.03  0.07  0.0   0.0   0.0   0.11  0.29  0.0   0.03  0.0   
126   A     0.08  0.16  0.0   0.06  0.0   0.06  0.08  0.03  0.08  0.01  0.0   0.14  0.0   0.01  0.04  0.07  0.1   0.01  0.01  0.05  
127   G     0.0   0.0   0.0   0.0   0.0   0.0   0.0   1.0   0.0   0.0   0.0   0.0   0.0   0.0   0.0   0.0   0.0   0.0   0.0   0.0   
128   L     0.0   0.0   0.0   0.0   0.0   0.0   0.0   0.0   0.0   0.04  0.63  0.0   0.12  0.0   0.04  0.0   0.0   0.0   0.0   0.16  
129   T     0.02  0.18  0.02  0.01  0.0   0.0   0.0   0.01  0.01  0.0   0.0   0.01  0.0   0.0   0.28  0.32  0.13  0.0   0.0   0.0   
130   N     0.14  0.22  0.11  0.07  0.0   0.08  0.08  0.03  0.0   0.05  0.03  0.05  0.02  0.0   0.06  0.01  0.03  0.0   0.0   0.01  
131   E     0.11  0.0   0.07  0.08  0.0   0.0   0.35  0.0   0.0   0.01  0.26  0.0   0.01  0.0   0.03  0.02  0.03  0.0   0.02  0.0   
132   E     0.11  0.0   0.01  0.0   0.0   0.0   0.11  0.0   0.0   0.14  0.13  0.0   0.03  0.04  0.0   0.06  0.13  0.03  0.0   0.21  
133   L     0.01  0.26  0.0   0.0   0.0   0.04  0.03  0.0   0.03  0.08  0.39  0.08  0.03  0.01  0.0   0.01  0.01  0.0   0.0   0.02  
134   Q     0.1   0.05  0.0   0.14  0.0   0.14  0.37  0.05  0.01  0.0   0.03  0.04  0.03  0.0   0.0   0.01  0.03  0.0   0.0   0.0   
135   R     0.08  0.06  0.12  0.0   0.01  0.08  0.0   0.0   0.09  0.05  0.18  0.16  0.0   0.0   0.03  0.09  0.03  0.0   0.02  0.01  
136   C     0.27  0.0   0.04  0.0   0.38  0.0   0.01  0.0   0.0   0.02  0.03  0.02  0.03  0.01  0.02  0.13  0.04  0.0   0.0   0.0   
137   Q     0.02  0.0   0.02  0.51  0.0   0.09  0.17  0.0   0.05  0.0   0.0   0.0   0.0   0.0   0.03  0.03  0.06  0.0   0.0   0.0   
138   F     0.06  0.05  0.04  0.02  0.01  0.14  0.07  0.03  0.05  0.0   0.12  0.12  0.03  0.14  0.0   0.0   0.01  0.0   0.06  0.06  
139   H     0.03  0.21  0.02  0.02  0.04  0.05  0.0   0.0   0.07  0.01  0.23  0.07  0.0   0.02  0.0   0.03  0.07  0.0   0.05  0.07  
140   V     0.02  0.0   0.0   0.0   0.0   0.0   0.0   0.0   0.0   0.24  0.25  0.0   0.0   0.02  0.0   0.02  0.02  0.0   0.0   0.43  
141   H     0.06  0.27  0.03  0.0   0.01  0.01  0.03  0.04  0.02  0.02  0.03  0.14  0.0   0.03  0.0   0.18  0.03  0.0   0.05  0.04  
142   I     0.0   0.0   0.0   0.0   0.0   0.0   0.0   0.0   0.0   0.86  0.07  0.0   0.0   0.0   0.0   0.0   0.0   0.0   0.0   0.07  
143   P     0.01  0.0   0.0   0.02  0.0   0.01  0.0   0.01  0.0   0.0   0.0   0.0   0.0   0.0   0.94  0.0   0.0   0.0   0.0   0.0   
144   S     0.06  0.01  0.0   0.0   0.0   0.03  0.0   0.06  0.0   0.05  0.09  0.0   0.58  0.02  0.0   0.01  0.04  0.0   0.0   0.05  
145   D     0.17  0.06  0.14  0.01  0.02  0.06  0.02  0.02  0.0   0.02  0.08  0.0   0.04  0.01  0.04  0.06  0.07  0.03  0.05  0.12  
146   P     0.08  0.02  0.04  0.05  0.0   0.01  0.06  0.33  0.02  0.0   0.0   0.02  0.0   0.0   0.31  0.04  0.0   0.0   0.01  0.0   
147   E     0.02  0.0   0.08  0.11  0.0   0.06  0.08  0.17  0.06  0.03  0.0   0.1   0.05  0.02  0.06  0.13  0.03  0.0   0.0   0.0   
148   F     0.08  0.0   0.04  0.0   0.0   0.01  0.0   0.0   0.0   0.12  0.04  0.0   0.01  0.01  0.0   0.08  0.1   0.0   0.12  0.38  
149   G     0.02  0.28  0.05  0.16  0.0   0.08  0.21  0.02  0.0   0.0   0.0   0.0   0.0   0.0   0.06  0.11  0.01  0.0   0.0   0.01  
150   S     0.01  0.0   0.0   0.0   0.0   0.0   0.0   0.02  0.0   0.01  0.0   0.0   0.0   0.0   0.0   0.94  0.0   0.0   0.0   0.01  
151   L     0.0   0.0   0.0   0.0   0.0   0.0   0.0   0.0   0.0   0.03  0.85  0.0   0.09  0.0   0.0   0.0   0.0   0.0   0.02  0.0   
152   N     0.0   0.0   1.0   0.0   0.0   0.0   0.0   0.0   0.0   0.0   0.0   0.0   0.0   0.0   0.0   0.0   0.0   0.0   0.0   0.0   
153   L     0.09  0.0   0.0   0.0   0.0   0.0   0.0   0.0   0.0   0.04  0.35  0.0   0.0   0.0   0.0   0.08  0.0   0.0   0.0   0.44  
154   A     0.29  0.0   0.0   0.0   0.0   0.0   0.0   0.03  0.02  0.0   0.0   0.0   0.0   0.0   0.0   0.66  0.0   0.0   0.0   0.0   
155   A     0.01  0.0   0.23  0.0   0.0   0.03  0.0   0.0   0.03  0.03  0.02  0.0   0.12  0.0   0.0   0.03  0.02  0.0   0.0   0.48  
156   A     0.74  0.0   0.0   0.0   0.0   0.0   0.0   0.0   0.0   0.0   0.0   0.0   0.0   0.0   0.0   0.14  0.13  0.0   0.0   0.0   
157   V     0.38  0.0   0.0   0.0   0.01  0.0   0.0   0.03  0.0   0.0   0.04  0.0   0.0   0.0   0.0   0.06  0.13  0.0   0.0   0.34  
158   Q     0.33  0.0   0.0   0.0   0.01  0.06  0.0   0.4   0.0   0.0   0.0   0.0   0.03  0.0   0.0   0.11  0.03  0.0   0.0   0.02  
159   V     0.01  0.0   0.0   0.0   0.03  0.0   0.0   0.0   0.0   0.39  0.13  0.0   0.07  0.0   0.0   0.0   0.0   0.0   0.0   0.36  
160   L     0.08  0.0   0.0   0.0   0.09  0.0   0.0   0.0   0.0   0.16  0.3   0.0   0.05  0.03  0.0   0.01  0.04  0.0   0.03  0.21  
161   T     0.05  0.0   0.0   0.0   0.03  0.0   0.0   0.0   0.0   0.07  0.6   0.0   0.04  0.02  0.0   0.03  0.01  0.0   0.0   0.15  
162   Y     0.04  0.0   0.0   0.0   0.0   0.0   0.0   0.05  0.08  0.0   0.0   0.0   0.0   0.31  0.0   0.02  0.0   0.02  0.49  0.0   
163   E     0.0   0.02  0.0   0.0   0.0   0.03  0.85  0.0   0.01  0.0   0.0   0.0   0.0   0.0   0.0   0.06  0.03  0.0   0.0   0.0   
164   V     0.4   0.04  0.0   0.0   0.0   0.0   0.0   0.09  0.0   0.13  0.17  0.0   0.0   0.0   0.0   0.02  0.03  0.0   0.02  0.09  
165   R     0.07  0.2   0.0   0.0   0.01  0.07  0.0   0.02  0.0   0.02  0.14  0.07  0.0   0.02  0.0   0.03  0.03  0.15  0.02  0.13  
166   M     0.0   0.79  0.0   0.02  0.0   0.0   0.0   0.0   0.0   0.01  0.0   0.02  0.09  0.0   0.0   0.0   0.0   0.0   0.0   0.02  
167   A     0.1   0.05  0.0   0.0   0.0   0.8   0.0   0.0   0.0   0.0   0.0   0.0   0.0   0.0   0.0   0.0   0.0   0.0   0.0   0.0   
168   W     0.0   0.3   0.08  0.0   0.0   0.22  0.0   0.0   0.07  0.0   0.08  0.01  0.0   0.04  0.0   0.0   0.0   0.17  0.02  0.0   
169   L     0.0   0.06  0.0   0.0   0.0   0.0   0.0   0.0   0.0   0.05  0.64  0.04  0.02  0.0   0.0   0.04  0.0   0.1   0.0   0.05  
170   A     0.28  0.0   0.06  0.06  0.0   0.02  0.0   0.04  0.0   0.0   0.13  0.08  0.05  0.0   0.0   0.18  0.0   0.0   0.04  0.04  
171   A     0.24  0.33  0.02  0.0   0.0   0.08  0.0   0.0   0.0   0.0   0.07  0.09  0.0   0.0   0.0   0.15  0.02  0.0   0.0   0.0   
172   Q     0.03  0.07  0.26  0.08  0.0   0.32  0.0   0.0   0.09  0.0   0.0   0.03  0.0   0.0   0.0   0.09  0.04  0.0   0.0   0.0   
173   G     0.0   0.0   0.28  0.24  0.0   0.0   0.1   0.38  0.0   0.0   0.0   0.0   0.0   0.0   0.0   0.0   0.0   0.0   0.0   0.0   
174   K     0.0   0.0   0.0   0.0   0.0   0.0   0.0   0.0   0.0   0.0   0.0   1.0   0.0   0.0   0.0   0.0   0.0   0.0   0.0   0.0   
