             A     R     N     D     C     Q     E     G     H     I     L     K     M     F     P     S     T     W     Y     V
1     M     0.0   0.0   0.0   0.0   0.0   0.0   0.0   0.0   0.0   0.0   0.11  0.0   0.89  0.0   0.0   0.0   0.0   0.0   0.0   0.0   
2     G     0.09  0.0   0.0   0.0   0.0   0.0   0.0   0.37  0.0   0.0   0.0   0.0   0.0   0.0   0.07  0.37  0.04  0.0   0.0   0.06  
3     T     0.0   0.08  0.0   0.0   0.0   0.0   0.06  0.0   0.38  0.0   0.0   0.0   0.0   0.0   0.0   0.05  0.44  0.0   0.0   0.0   
4     F     0.04  0.04  0.02  0.0   0.0   0.0   0.02  0.0   0.0   0.0   0.01  0.04  0.0   0.24  0.07  0.05  0.03  0.07  0.35  0.02  
5     I     0.01  0.01  0.0   0.0   0.0   0.02  0.0   0.0   0.0   0.36  0.19  0.01  0.03  0.01  0.0   0.01  0.0   0.0   0.0   0.34  
6     Q     0.0   0.12  0.03  0.06  0.0   0.13  0.11  0.01  0.01  0.03  0.01  0.14  0.02  0.0   0.01  0.05  0.2   0.0   0.01  0.06  
7     A     0.1   0.0   0.02  0.04  0.01  0.01  0.01  0.03  0.0   0.08  0.08  0.01  0.01  0.0   0.02  0.06  0.3   0.0   0.01  0.23  
8     V     0.07  0.02  0.02  0.02  0.01  0.03  0.03  0.05  0.01  0.06  0.15  0.15  0.0   0.01  0.04  0.1   0.03  0.0   0.0   0.19  
9     D     0.01  0.0   0.16  0.48  0.0   0.03  0.04  0.04  0.03  0.0   0.0   0.03  0.0   0.0   0.14  0.02  0.01  0.0   0.0   0.0   
10    G     0.03  0.02  0.09  0.03  0.0   0.02  0.02  0.57  0.03  0.03  0.0   0.01  0.0   0.0   0.0   0.07  0.02  0.03  0.01  0.01  
11    T     0.02  0.01  0.02  0.01  0.01  0.02  0.01  0.04  0.07  0.14  0.09  0.02  0.01  0.11  0.0   0.01  0.1   0.0   0.1   0.2   
12    K     0.03  0.29  0.08  0.05  0.01  0.1   0.07  0.01  0.03  0.01  0.03  0.08  0.01  0.01  0.01  0.06  0.1   0.0   0.02  0.0   
13    I     0.01  0.01  0.01  0.0   0.0   0.01  0.01  0.0   0.0   0.27  0.38  0.0   0.08  0.01  0.0   0.0   0.05  0.0   0.0   0.15  
14    Y     0.15  0.03  0.04  0.0   0.01  0.01  0.02  0.01  0.26  0.01  0.0   0.0   0.01  0.07  0.01  0.02  0.01  0.08  0.21  0.03  
15    V     0.02  0.02  0.0   0.01  0.0   0.01  0.0   0.01  0.01  0.07  0.06  0.01  0.0   0.07  0.0   0.01  0.03  0.07  0.42  0.16  
16    E     0.03  0.12  0.04  0.06  0.0   0.09  0.24  0.0   0.07  0.02  0.03  0.13  0.01  0.0   0.01  0.02  0.04  0.02  0.01  0.05  
17    D     0.04  0.08  0.03  0.16  0.01  0.04  0.08  0.03  0.03  0.05  0.03  0.01  0.01  0.01  0.04  0.05  0.2   0.0   0.01  0.1   
18    I     0.08  0.02  0.03  0.0   0.05  0.03  0.07  0.03  0.03  0.06  0.03  0.03  0.01  0.03  0.05  0.11  0.06  0.07  0.14  0.08  
19    G     0.03  0.03  0.01  0.03  0.0   0.01  0.01  0.78  0.0   0.0   0.0   0.03  0.0   0.0   0.0   0.03  0.01  0.0   0.0   0.01  
20    S     0.05  0.03  0.11  0.1   0.0   0.09  0.14  0.03  0.04  0.0   0.0   0.06  0.0   0.0   0.01  0.19  0.13  0.0   0.01  0.01  
21    G     0.05  0.04  0.05  0.04  0.0   0.01  0.0   0.47  0.03  0.0   0.02  0.07  0.0   0.0   0.09  0.1   0.01  0.0   0.01  0.0   
22    Q     0.03  0.06  0.11  0.04  0.0   0.04  0.1   0.01  0.02  0.02  0.01  0.13  0.01  0.01  0.36  0.02  0.03  0.0   0.01  0.01  
23    P     0.21  0.01  0.03  0.05  0.01  0.0   0.01  0.01  0.01  0.02  0.04  0.04  0.01  0.0   0.29  0.03  0.15  0.01  0.0   0.07  
24    V     0.01  0.0   0.0   0.0   0.0   0.0   0.0   0.01  0.0   0.28  0.26  0.0   0.03  0.05  0.0   0.0   0.02  0.0   0.0   0.34  
25    V     0.01  0.0   0.0   0.0   0.01  0.0   0.0   0.0   0.0   0.18  0.32  0.0   0.02  0.01  0.0   0.0   0.01  0.0   0.01  0.43  
26    M     0.0   0.0   0.0   0.0   0.03  0.0   0.0   0.0   0.01  0.06  0.37  0.0   0.1   0.25  0.0   0.0   0.04  0.02  0.03  0.1   
27    L     0.03  0.0   0.01  0.0   0.08  0.01  0.0   0.0   0.02  0.19  0.36  0.0   0.02  0.04  0.02  0.03  0.01  0.0   0.03  0.15  
28    H     0.02  0.01  0.02  0.0   0.0   0.01  0.01  0.0   0.81  0.0   0.0   0.0   0.0   0.0   0.07  0.03  0.01  0.0   0.0   0.01  
29    G     0.11  0.01  0.01  0.03  0.0   0.0   0.0   0.8   0.0   0.0   0.0   0.01  0.0   0.0   0.02  0.01  0.01  0.0   0.0   0.0   
30    W     0.05  0.01  0.05  0.01  0.0   0.0   0.02  0.21  0.0   0.06  0.19  0.01  0.01  0.15  0.0   0.03  0.01  0.13  0.03  0.04  
31    P     0.07  0.01  0.02  0.0   0.03  0.01  0.0   0.32  0.01  0.0   0.08  0.0   0.0   0.04  0.19  0.11  0.1   0.0   0.01  0.0   
32    A     0.06  0.01  0.01  0.03  0.01  0.01  0.05  0.39  0.04  0.01  0.07  0.01  0.05  0.02  0.03  0.08  0.06  0.0   0.0   0.04  
33    N     0.03  0.02  0.19  0.11  0.01  0.01  0.01  0.12  0.07  0.0   0.01  0.01  0.01  0.01  0.01  0.27  0.07  0.02  0.01  0.0   
34    N     0.17  0.03  0.02  0.01  0.02  0.02  0.01  0.15  0.08  0.01  0.02  0.07  0.02  0.01  0.02  0.22  0.07  0.03  0.01  0.02  
35    N     0.09  0.05  0.03  0.07  0.01  0.04  0.04  0.14  0.13  0.0   0.04  0.08  0.01  0.04  0.01  0.08  0.04  0.04  0.06  0.01  
36    M     0.05  0.03  0.06  0.07  0.04  0.01  0.06  0.03  0.01  0.05  0.05  0.02  0.05  0.05  0.0   0.13  0.03  0.1   0.05  0.1   
37    F     0.02  0.02  0.0   0.0   0.0   0.01  0.01  0.01  0.02  0.01  0.02  0.0   0.0   0.24  0.01  0.02  0.0   0.43  0.15  0.02  
38    E     0.08  0.12  0.04  0.11  0.01  0.09  0.09  0.03  0.03  0.02  0.06  0.04  0.01  0.03  0.01  0.06  0.02  0.02  0.08  0.02  
39    Y     0.04  0.06  0.07  0.05  0.03  0.02  0.07  0.04  0.07  0.02  0.05  0.11  0.01  0.05  0.13  0.08  0.03  0.01  0.05  0.02  
40    Q     0.04  0.02  0.04  0.02  0.02  0.09  0.03  0.01  0.01  0.13  0.2   0.01  0.06  0.06  0.02  0.02  0.04  0.03  0.02  0.13  
41    K     0.12  0.04  0.01  0.04  0.01  0.01  0.02  0.04  0.01  0.16  0.14  0.04  0.05  0.03  0.02  0.02  0.03  0.01  0.01  0.2   
42    N     0.08  0.07  0.04  0.06  0.01  0.06  0.11  0.07  0.02  0.02  0.03  0.11  0.03  0.01  0.12  0.05  0.05  0.0   0.02  0.02  
43    R     0.12  0.06  0.02  0.03  0.0   0.06  0.04  0.03  0.06  0.02  0.06  0.08  0.04  0.06  0.17  0.07  0.03  0.01  0.03  0.01  
44    L     0.04  0.01  0.01  0.02  0.03  0.01  0.02  0.01  0.0   0.08  0.51  0.0   0.01  0.15  0.01  0.01  0.01  0.01  0.03  0.04  
45    L     0.13  0.04  0.02  0.11  0.01  0.03  0.08  0.02  0.01  0.05  0.17  0.04  0.01  0.02  0.03  0.08  0.05  0.0   0.01  0.09  
46    E     0.11  0.03  0.05  0.08  0.01  0.04  0.12  0.05  0.01  0.0   0.02  0.1   0.0   0.01  0.08  0.13  0.13  0.0   0.0   0.01  
47    E     0.18  0.07  0.06  0.1   0.01  0.1   0.07  0.02  0.07  0.0   0.05  0.09  0.01  0.0   0.05  0.05  0.04  0.01  0.01  0.01  
48    G     0.02  0.09  0.05  0.09  0.0   0.02  0.02  0.38  0.08  0.02  0.04  0.05  0.0   0.03  0.01  0.02  0.02  0.01  0.02  0.04  
49    Y     0.02  0.04  0.01  0.01  0.02  0.01  0.0   0.0   0.07  0.05  0.04  0.02  0.01  0.26  0.0   0.01  0.03  0.06  0.32  0.02  
50    R     0.06  0.25  0.03  0.05  0.04  0.05  0.04  0.01  0.04  0.03  0.04  0.07  0.0   0.08  0.05  0.05  0.06  0.0   0.02  0.02  
51    Y     0.04  0.01  0.0   0.0   0.04  0.01  0.0   0.01  0.0   0.12  0.09  0.0   0.01  0.04  0.02  0.02  0.02  0.01  0.02  0.54  
52    I     0.01  0.01  0.01  0.01  0.04  0.01  0.0   0.0   0.07  0.25  0.13  0.0   0.02  0.03  0.0   0.02  0.05  0.02  0.11  0.22  
53    G     0.25  0.03  0.0   0.0   0.1   0.01  0.01  0.04  0.04  0.03  0.15  0.01  0.02  0.02  0.01  0.08  0.07  0.01  0.02  0.11  
54    V     0.03  0.0   0.02  0.0   0.01  0.01  0.0   0.01  0.01  0.11  0.11  0.01  0.02  0.09  0.13  0.04  0.01  0.02  0.13  0.25  
55    D     0.01  0.01  0.18  0.61  0.0   0.03  0.02  0.01  0.02  0.01  0.01  0.0   0.0   0.0   0.01  0.05  0.01  0.0   0.0   0.01  
56    Y     0.06  0.02  0.05  0.01  0.02  0.07  0.01  0.02  0.06  0.03  0.27  0.02  0.05  0.06  0.02  0.02  0.01  0.04  0.09  0.05  
57    R     0.05  0.26  0.01  0.0   0.0   0.0   0.01  0.04  0.0   0.05  0.15  0.02  0.01  0.02  0.28  0.02  0.02  0.01  0.01  0.02  
58    G     0.05  0.01  0.04  0.01  0.02  0.0   0.02  0.72  0.0   0.0   0.02  0.0   0.0   0.02  0.01  0.02  0.02  0.0   0.01  0.02  
59    Y     0.05  0.03  0.01  0.0   0.11  0.04  0.01  0.0   0.23  0.01  0.02  0.01  0.02  0.15  0.0   0.06  0.06  0.02  0.12  0.01  
60    G     0.05  0.01  0.05  0.02  0.01  0.01  0.02  0.67  0.0   0.0   0.02  0.01  0.01  0.0   0.02  0.02  0.0   0.0   0.02  0.03  
61    K     0.07  0.1   0.03  0.05  0.01  0.07  0.1   0.1   0.03  0.03  0.07  0.09  0.01  0.04  0.03  0.06  0.04  0.01  0.03  0.03  
62    S     0.03  0.02  0.05  0.02  0.0   0.02  0.02  0.02  0.01  0.02  0.0   0.02  0.0   0.0   0.04  0.57  0.13  0.0   0.0   0.03  
63    D     0.06  0.06  0.05  0.06  0.0   0.05  0.06  0.06  0.05  0.06  0.06  0.06  0.05  0.05  0.06  0.06  0.06  0.0   0.05  0.06  
64    A     0.05  0.05  0.05  0.05  0.05  0.05  0.05  0.05  0.05  0.05  0.05  0.05  0.05  0.05  0.05  0.05  0.05  0.05  0.05  0.05  
65    P     0.06  0.03  0.02  0.06  0.01  0.01  0.03  0.01  0.05  0.05  0.07  0.02  0.0   0.0   0.36  0.06  0.04  0.01  0.02  0.08  
66    A     0.15  0.05  0.03  0.08  0.01  0.01  0.06  0.06  0.02  0.02  0.06  0.03  0.01  0.02  0.14  0.09  0.07  0.01  0.02  0.07  
67    T     0.06  0.05  0.03  0.12  0.03  0.03  0.09  0.04  0.04  0.03  0.05  0.03  0.03  0.05  0.07  0.1   0.12  0.0   0.0   0.03  
68    G     0.04  0.04  0.02  0.18  0.01  0.03  0.07  0.21  0.03  0.04  0.04  0.02  0.01  0.01  0.15  0.04  0.03  0.0   0.01  0.03  
69    Y     0.04  0.04  0.02  0.02  0.01  0.02  0.1   0.04  0.04  0.02  0.09  0.04  0.04  0.11  0.02  0.07  0.03  0.02  0.24  0.01  
70    D     0.02  0.07  0.08  0.19  0.01  0.05  0.04  0.11  0.01  0.0   0.01  0.01  0.0   0.01  0.06  0.16  0.15  0.0   0.02  0.01  
71    Y     0.07  0.03  0.02  0.01  0.01  0.01  0.02  0.01  0.01  0.14  0.19  0.01  0.05  0.11  0.02  0.03  0.04  0.01  0.14  0.06  
72    T     0.12  0.05  0.04  0.19  0.01  0.05  0.15  0.07  0.01  0.01  0.03  0.04  0.02  0.01  0.05  0.05  0.05  0.01  0.02  0.03  
73    T     0.08  0.04  0.04  0.19  0.01  0.05  0.1   0.04  0.03  0.02  0.04  0.03  0.01  0.03  0.01  0.05  0.16  0.01  0.03  0.04  
74    M     0.04  0.02  0.02  0.03  0.0   0.06  0.01  0.01  0.04  0.05  0.21  0.0   0.13  0.08  0.01  0.02  0.02  0.06  0.09  0.1   
75    A     0.33  0.03  0.02  0.02  0.03  0.01  0.02  0.02  0.02  0.03  0.07  0.01  0.01  0.01  0.0   0.07  0.06  0.01  0.0   0.24  
76    S     0.12  0.12  0.04  0.16  0.01  0.06  0.19  0.02  0.02  0.01  0.03  0.1   0.01  0.01  0.01  0.05  0.04  0.0   0.01  0.02  
77    D     0.09  0.02  0.01  0.29  0.01  0.04  0.09  0.01  0.02  0.03  0.07  0.01  0.05  0.02  0.03  0.05  0.02  0.07  0.03  0.04  
78    I     0.08  0.0   0.01  0.01  0.01  0.05  0.01  0.01  0.01  0.17  0.29  0.01  0.07  0.03  0.0   0.01  0.02  0.0   0.01  0.21  
79    N     0.14  0.08  0.02  0.06  0.01  0.03  0.12  0.01  0.04  0.04  0.12  0.11  0.01  0.03  0.03  0.02  0.03  0.0   0.02  0.06  
80    E     0.21  0.09  0.05  0.08  0.01  0.08  0.15  0.05  0.02  0.01  0.02  0.06  0.0   0.01  0.01  0.06  0.05  0.0   0.03  0.01  
81    V     0.06  0.01  0.0   0.0   0.0   0.01  0.02  0.0   0.01  0.1   0.29  0.01  0.04  0.11  0.0   0.01  0.04  0.08  0.01  0.21  
82    I     0.05  0.09  0.0   0.0   0.02  0.0   0.01  0.0   0.0   0.15  0.38  0.01  0.08  0.05  0.0   0.01  0.01  0.01  0.0   0.13  
83    Q     0.06  0.05  0.05  0.23  0.01  0.07  0.17  0.01  0.04  0.02  0.04  0.1   0.01  0.0   0.04  0.04  0.05  0.0   0.0   0.02  
84    Q     0.21  0.07  0.04  0.05  0.01  0.09  0.05  0.02  0.13  0.01  0.01  0.07  0.01  0.03  0.01  0.1   0.05  0.0   0.03  0.03  
85    L     0.04  0.03  0.01  0.02  0.0   0.03  0.01  0.01  0.04  0.04  0.49  0.03  0.02  0.07  0.01  0.01  0.02  0.01  0.05  0.05  
86    K     0.08  0.02  0.09  0.11  0.0   0.07  0.03  0.36  0.02  0.01  0.02  0.05  0.0   0.01  0.06  0.05  0.01  0.0   0.0   0.01  
87    L     0.04  0.01  0.02  0.02  0.0   0.01  0.02  0.02  0.01  0.24  0.25  0.03  0.0   0.04  0.12  0.01  0.02  0.02  0.04  0.09  
88    T     0.03  0.1   0.03  0.15  0.01  0.05  0.19  0.07  0.02  0.01  0.02  0.11  0.0   0.01  0.07  0.05  0.05  0.0   0.0   0.02  
89    N     0.04  0.17  0.08  0.07  0.01  0.07  0.06  0.03  0.02  0.0   0.01  0.2   0.01  0.0   0.1   0.06  0.04  0.0   0.01  0.02  
90    V     0.19  0.01  0.02  0.0   0.03  0.01  0.0   0.01  0.0   0.16  0.04  0.0   0.02  0.11  0.02  0.01  0.02  0.03  0.05  0.26  
91    T     0.1   0.01  0.04  0.02  0.01  0.01  0.0   0.03  0.16  0.16  0.04  0.01  0.02  0.02  0.01  0.04  0.08  0.02  0.06  0.17  
92    L     0.03  0.0   0.0   0.0   0.02  0.0   0.0   0.03  0.01  0.12  0.4   0.0   0.02  0.06  0.01  0.01  0.01  0.03  0.02  0.21  
93    L     0.03  0.0   0.0   0.0   0.02  0.02  0.0   0.01  0.0   0.18  0.18  0.0   0.09  0.06  0.0   0.01  0.01  0.02  0.02  0.35  
94    G     0.06  0.02  0.0   0.0   0.01  0.0   0.0   0.77  0.0   0.01  0.01  0.0   0.0   0.0   0.01  0.06  0.01  0.0   0.0   0.01  
95    F     0.03  0.01  0.04  0.01  0.01  0.05  0.02  0.1   0.36  0.03  0.02  0.02  0.02  0.06  0.03  0.02  0.02  0.07  0.06  0.05  
96    S     0.03  0.01  0.01  0.13  0.01  0.0   0.0   0.03  0.0   0.0   0.01  0.0   0.0   0.0   0.0   0.74  0.02  0.0   0.0   0.0   
97    M     0.06  0.01  0.0   0.01  0.01  0.02  0.0   0.03  0.02  0.03  0.26  0.0   0.22  0.06  0.0   0.01  0.04  0.13  0.07  0.03  
98    G     0.04  0.0   0.0   0.0   0.0   0.0   0.0   0.88  0.02  0.0   0.0   0.0   0.0   0.0   0.0   0.06  0.0   0.0   0.0   0.0   
99    G     0.19  0.0   0.02  0.01  0.02  0.0   0.0   0.65  0.0   0.0   0.0   0.0   0.0   0.0   0.0   0.07  0.03  0.0   0.0   0.02  
100   G     0.12  0.03  0.03  0.0   0.01  0.01  0.01  0.06  0.04  0.07  0.12  0.02  0.13  0.07  0.02  0.05  0.05  0.03  0.09  0.04  
101   I     0.02  0.01  0.03  0.01  0.01  0.05  0.03  0.03  0.01  0.22  0.17  0.0   0.05  0.06  0.01  0.03  0.06  0.0   0.03  0.16  
102   A     0.45  0.0   0.01  0.0   0.05  0.0   0.01  0.12  0.0   0.03  0.07  0.0   0.01  0.01  0.0   0.1   0.06  0.0   0.0   0.08  
103   L     0.08  0.02  0.01  0.0   0.01  0.04  0.0   0.02  0.01  0.06  0.34  0.0   0.11  0.05  0.02  0.04  0.11  0.03  0.01  0.06  
104   K     0.14  0.09  0.09  0.03  0.01  0.08  0.11  0.02  0.07  0.02  0.08  0.03  0.02  0.02  0.02  0.03  0.03  0.01  0.05  0.04  
105   Y     0.1   0.01  0.0   0.0   0.0   0.01  0.0   0.01  0.01  0.05  0.21  0.0   0.05  0.16  0.0   0.01  0.04  0.1   0.18  0.05  
106   L     0.59  0.0   0.01  0.0   0.02  0.0   0.01  0.02  0.0   0.02  0.14  0.0   0.02  0.01  0.01  0.07  0.05  0.0   0.01  0.03  
107   L     0.16  0.02  0.01  0.01  0.04  0.05  0.02  0.04  0.02  0.09  0.28  0.02  0.05  0.01  0.0   0.04  0.03  0.01  0.02  0.06  
108   N     0.05  0.14  0.05  0.09  0.01  0.09  0.09  0.01  0.02  0.02  0.06  0.11  0.03  0.04  0.0   0.06  0.09  0.0   0.02  0.02  
109   H     0.07  0.07  0.06  0.01  0.01  0.02  0.02  0.03  0.17  0.01  0.08  0.03  0.02  0.09  0.01  0.02  0.02  0.02  0.24  0.02  
110   G     0.03  0.04  0.01  0.01  0.02  0.03  0.03  0.07  0.02  0.01  0.02  0.04  0.0   0.03  0.58  0.02  0.02  0.0   0.01  0.01  
111   E     0.05  0.02  0.02  0.18  0.0   0.08  0.27  0.03  0.02  0.02  0.02  0.06  0.0   0.01  0.11  0.06  0.02  0.0   0.0   0.02  
112   S     0.09  0.1   0.04  0.06  0.01  0.06  0.07  0.06  0.04  0.02  0.13  0.06  0.03  0.02  0.03  0.09  0.04  0.01  0.01  0.03  
113   N     0.03  0.25  0.04  0.03  0.01  0.02  0.02  0.09  0.02  0.03  0.07  0.11  0.01  0.03  0.02  0.02  0.03  0.01  0.04  0.11  
114   V     0.04  0.04  0.01  0.01  0.01  0.0   0.01  0.01  0.01  0.19  0.13  0.03  0.01  0.04  0.01  0.02  0.03  0.0   0.01  0.39  
115   S     0.14  0.11  0.02  0.04  0.03  0.04  0.07  0.08  0.04  0.01  0.03  0.15  0.01  0.01  0.02  0.15  0.03  0.0   0.01  0.02  
116   K     0.21  0.09  0.03  0.01  0.01  0.04  0.02  0.2   0.04  0.01  0.05  0.14  0.01  0.01  0.0   0.08  0.01  0.0   0.01  0.03  
117   L     0.11  0.01  0.01  0.0   0.04  0.0   0.01  0.03  0.01  0.1   0.38  0.0   0.04  0.01  0.0   0.02  0.02  0.0   0.03  0.18  
118   I     0.06  0.0   0.06  0.06  0.06  0.06  0.0   0.06  0.06  0.06  0.06  0.0   0.06  0.06  0.06  0.06  0.06  0.06  0.06  0.06  
119   L     0.06  0.02  0.02  0.02  0.02  0.0   0.0   0.02  0.02  0.2   0.29  0.0   0.02  0.05  0.03  0.05  0.06  0.0   0.02  0.1   
120   A     0.11  0.04  0.07  0.05  0.02  0.03  0.03  0.02  0.02  0.09  0.11  0.0   0.09  0.02  0.02  0.09  0.03  0.01  0.02  0.14  
121   G     0.09  0.02  0.13  0.09  0.04  0.02  0.05  0.18  0.0   0.04  0.04  0.0   0.03  0.02  0.02  0.08  0.04  0.02  0.02  0.06  
122   A     0.28  0.0   0.02  0.02  0.03  0.01  0.01  0.08  0.01  0.05  0.03  0.0   0.01  0.03  0.12  0.1   0.09  0.02  0.02  0.04  
123   A     0.16  0.01  0.05  0.01  0.03  0.01  0.01  0.08  0.01  0.04  0.05  0.01  0.03  0.07  0.1   0.16  0.05  0.03  0.02  0.06  
124   A     0.13  0.05  0.04  0.03  0.01  0.03  0.02  0.08  0.03  0.05  0.08  0.01  0.03  0.01  0.1   0.11  0.11  0.02  0.03  0.03  
125   P     0.04  0.04  0.03  0.05  0.01  0.02  0.02  0.08  0.01  0.01  0.05  0.03  0.02  0.03  0.36  0.1   0.04  0.01  0.04  0.02  
126   V     0.06  0.06  0.04  0.04  0.06  0.03  0.03  0.05  0.04  0.07  0.15  0.04  0.03  0.04  0.05  0.05  0.07  0.01  0.02  0.07  
127   F     0.05  0.01  0.04  0.02  0.01  0.02  0.04  0.02  0.04  0.05  0.13  0.02  0.04  0.19  0.06  0.06  0.03  0.07  0.04  0.05  
128   T     0.11  0.04  0.05  0.02  0.01  0.03  0.06  0.03  0.02  0.06  0.08  0.05  0.03  0.03  0.05  0.11  0.09  0.02  0.01  0.1   
129   Q     0.16  0.05  0.04  0.04  0.01  0.08  0.07  0.08  0.03  0.02  0.05  0.07  0.01  0.01  0.04  0.07  0.06  0.05  0.02  0.03  
130   R     0.04  0.14  0.03  0.06  0.01  0.1   0.08  0.08  0.03  0.01  0.03  0.04  0.02  0.04  0.03  0.11  0.06  0.04  0.03  0.03  
131   D     0.08  0.07  0.06  0.1   0.01  0.04  0.11  0.02  0.02  0.06  0.05  0.06  0.02  0.02  0.1   0.05  0.07  0.0   0.02  0.05  
132   G     0.09  0.05  0.06  0.13  0.02  0.04  0.05  0.09  0.03  0.01  0.04  0.04  0.01  0.03  0.11  0.07  0.06  0.02  0.04  0.02  
133   Y     0.02  0.08  0.03  0.03  0.02  0.02  0.03  0.01  0.03  0.04  0.08  0.04  0.05  0.13  0.04  0.03  0.03  0.17  0.08  0.04  
134   P     0.06  0.02  0.05  0.03  0.02  0.04  0.06  0.03  0.03  0.05  0.1   0.04  0.02  0.04  0.27  0.05  0.02  0.01  0.03  0.04  
135   Y     0.05  0.06  0.03  0.05  0.01  0.07  0.1   0.05  0.07  0.04  0.07  0.05  0.02  0.06  0.04  0.05  0.06  0.01  0.07  0.03  
136   G     0.11  0.08  0.03  0.03  0.01  0.06  0.1   0.24  0.03  0.01  0.02  0.05  0.0   0.02  0.03  0.04  0.02  0.05  0.02  0.03  
137   M     0.04  0.05  0.02  0.02  0.02  0.03  0.01  0.07  0.01  0.12  0.18  0.03  0.08  0.07  0.02  0.04  0.03  0.02  0.04  0.09  
138   T     0.11  0.08  0.03  0.03  0.02  0.03  0.07  0.04  0.02  0.07  0.06  0.06  0.03  0.04  0.1   0.05  0.05  0.0   0.05  0.05  
139   K     0.08  0.1   0.02  0.04  0.01  0.07  0.07  0.04  0.01  0.02  0.04  0.12  0.01  0.05  0.14  0.08  0.04  0.01  0.02  0.05  
140   D     0.09  0.04  0.06  0.15  0.01  0.05  0.17  0.04  0.01  0.03  0.1   0.05  0.02  0.01  0.03  0.05  0.03  0.01  0.02  0.03  
141   E     0.07  0.08  0.02  0.05  0.0   0.04  0.09  0.07  0.01  0.07  0.12  0.03  0.03  0.02  0.02  0.05  0.04  0.02  0.04  0.12  
142   V     0.07  0.05  0.04  0.03  0.0   0.05  0.03  0.06  0.01  0.07  0.22  0.02  0.06  0.11  0.02  0.02  0.02  0.02  0.02  0.05  
143   D     0.09  0.09  0.06  0.1   0.0   0.05  0.08  0.05  0.02  0.02  0.08  0.05  0.03  0.03  0.01  0.1   0.05  0.02  0.03  0.03  
144   A     0.15  0.05  0.04  0.03  0.02  0.04  0.03  0.13  0.04  0.02  0.08  0.06  0.02  0.04  0.05  0.07  0.04  0.01  0.04  0.04  
145   L     0.07  0.02  0.01  0.02  0.0   0.01  0.03  0.06  0.01  0.09  0.21  0.02  0.02  0.2   0.03  0.02  0.03  0.03  0.07  0.05  
146   I     0.1   0.1   0.02  0.02  0.02  0.04  0.03  0.06  0.01  0.11  0.11  0.03  0.04  0.06  0.03  0.05  0.06  0.02  0.05  0.06  
147   E     0.08  0.08  0.06  0.07  0.01  0.08  0.16  0.03  0.04  0.01  0.03  0.07  0.01  0.02  0.1   0.07  0.04  0.01  0.03  0.01  
148   D     0.12  0.08  0.05  0.06  0.02  0.07  0.07  0.06  0.02  0.02  0.07  0.04  0.03  0.02  0.07  0.07  0.04  0.03  0.04  0.02  
149   T     0.05  0.03  0.02  0.01  0.02  0.01  0.03  0.03  0.01  0.06  0.24  0.03  0.05  0.06  0.02  0.07  0.12  0.02  0.05  0.07  
150   K     0.1   0.06  0.03  0.03  0.0   0.04  0.06  0.11  0.01  0.05  0.11  0.05  0.02  0.03  0.09  0.07  0.03  0.01  0.02  0.07  
151   Q     0.05  0.05  0.05  0.05  0.0   0.05  0.05  0.05  0.05  0.05  0.05  0.05  0.05  0.05  0.05  0.05  0.05  0.05  0.05  0.05  
152   D     0.07  0.05  0.11  0.14  0.03  0.03  0.06  0.04  0.04  0.03  0.06  0.04  0.03  0.03  0.04  0.04  0.05  0.03  0.03  0.05  
153   R     0.04  0.12  0.02  0.04  0.01  0.05  0.06  0.04  0.03  0.04  0.07  0.04  0.03  0.1   0.06  0.05  0.03  0.03  0.09  0.04  
154   P     0.13  0.05  0.04  0.05  0.0   0.04  0.09  0.04  0.03  0.03  0.05  0.09  0.02  0.04  0.1   0.08  0.05  0.01  0.04  0.03  
155   S     0.06  0.08  0.03  0.08  0.0   0.06  0.1   0.05  0.02  0.02  0.08  0.09  0.03  0.03  0.04  0.12  0.03  0.02  0.02  0.05  
156   M     0.08  0.02  0.01  0.02  0.02  0.03  0.03  0.02  0.05  0.04  0.13  0.02  0.09  0.12  0.05  0.03  0.14  0.04  0.03  0.05  
157   L     0.04  0.03  0.01  0.04  0.02  0.04  0.04  0.02  0.01  0.14  0.24  0.03  0.06  0.03  0.01  0.05  0.04  0.02  0.04  0.09  
158   K     0.06  0.1   0.05  0.06  0.0   0.07  0.14  0.03  0.02  0.02  0.04  0.11  0.01  0.04  0.06  0.07  0.03  0.01  0.04  0.03  
159   G     0.07  0.2   0.04  0.04  0.01  0.06  0.06  0.1   0.02  0.03  0.08  0.08  0.02  0.01  0.01  0.05  0.02  0.03  0.02  0.04  
160   F     0.04  0.02  0.01  0.01  0.02  0.01  0.01  0.03  0.02  0.04  0.09  0.03  0.04  0.31  0.02  0.03  0.02  0.02  0.19  0.05  
161   G     0.08  0.05  0.03  0.04  0.01  0.02  0.04  0.16  0.02  0.06  0.13  0.03  0.04  0.05  0.05  0.06  0.04  0.01  0.01  0.06  
162   E     0.19  0.11  0.07  0.05  0.01  0.04  0.1   0.03  0.01  0.01  0.02  0.05  0.01  0.04  0.1   0.06  0.03  0.01  0.05  0.03  
163   I     0.07  0.06  0.03  0.1   0.0   0.04  0.06  0.04  0.02  0.05  0.18  0.04  0.05  0.03  0.07  0.04  0.04  0.01  0.01  0.08  
164   F     0.07  0.05  0.02  0.03  0.01  0.08  0.03  0.02  0.06  0.02  0.09  0.04  0.03  0.17  0.02  0.05  0.04  0.07  0.06  0.05  
165   F     0.05  0.01  0.03  0.07  0.01  0.03  0.02  0.05  0.02  0.07  0.12  0.02  0.04  0.15  0.03  0.04  0.05  0.02  0.09  0.07  
166   A     0.18  0.02  0.04  0.05  0.02  0.05  0.06  0.09  0.02  0.03  0.07  0.03  0.03  0.02  0.04  0.12  0.04  0.0   0.08  0.03  
167   K     0.09  0.15  0.05  0.07  0.0   0.08  0.07  0.05  0.02  0.05  0.04  0.11  0.0   0.02  0.03  0.09  0.03  0.0   0.03  0.02  
168   E     0.04  0.05  0.09  0.07  0.0   0.1   0.14  0.03  0.04  0.02  0.06  0.07  0.01  0.04  0.03  0.08  0.08  0.0   0.01  0.04  
169   H     0.04  0.05  0.07  0.13  0.01  0.05  0.07  0.03  0.09  0.04  0.05  0.05  0.03  0.01  0.03  0.12  0.03  0.01  0.03  0.09  
170   P     0.08  0.06  0.05  0.06  0.01  0.04  0.06  0.04  0.01  0.04  0.07  0.03  0.01  0.03  0.25  0.04  0.06  0.0   0.02  0.05  
171   E     0.09  0.11  0.02  0.07  0.01  0.1   0.2   0.02  0.01  0.03  0.04  0.07  0.02  0.03  0.03  0.05  0.05  0.0   0.01  0.04  
172   P     0.07  0.06  0.03  0.07  0.01  0.08  0.08  0.06  0.02  0.03  0.11  0.05  0.01  0.03  0.07  0.05  0.04  0.03  0.02  0.06  
173   L     0.1   0.03  0.02  0.03  0.02  0.01  0.03  0.02  0.02  0.08  0.31  0.01  0.05  0.04  0.01  0.03  0.02  0.0   0.03  0.12  
174   Q     0.08  0.12  0.04  0.05  0.01  0.08  0.08  0.03  0.01  0.04  0.06  0.15  0.04  0.02  0.02  0.05  0.06  0.0   0.01  0.06  
175   Q     0.08  0.08  0.03  0.07  0.0   0.15  0.15  0.04  0.02  0.02  0.05  0.07  0.01  0.01  0.02  0.08  0.04  0.0   0.05  0.03  
176   W     0.07  0.1   0.05  0.03  0.01  0.04  0.08  0.03  0.01  0.04  0.11  0.02  0.01  0.07  0.02  0.04  0.03  0.11  0.09  0.04  
177   F     0.12  0.06  0.01  0.03  0.01  0.03  0.03  0.06  0.01  0.04  0.16  0.06  0.02  0.08  0.03  0.04  0.04  0.04  0.05  0.09  
178   H     0.1   0.05  0.04  0.09  0.0   0.05  0.06  0.05  0.06  0.02  0.1   0.03  0.02  0.05  0.04  0.07  0.06  0.04  0.03  0.05  
179   N     0.08  0.09  0.1   0.07  0.02  0.06  0.08  0.07  0.05  0.03  0.09  0.06  0.02  0.01  0.03  0.06  0.03  0.01  0.02  0.03  
180   L     0.05  0.07  0.06  0.02  0.02  0.04  0.04  0.01  0.02  0.07  0.19  0.04  0.03  0.09  0.02  0.05  0.06  0.01  0.01  0.1   
181   S     0.12  0.08  0.06  0.03  0.0   0.03  0.04  0.06  0.01  0.04  0.1   0.02  0.04  0.05  0.05  0.1   0.04  0.0   0.05  0.07  
182   V     0.05  0.08  0.06  0.05  0.01  0.05  0.04  0.04  0.05  0.06  0.12  0.03  0.05  0.07  0.04  0.04  0.04  0.0   0.04  0.08  
183   D     0.04  0.12  0.08  0.11  0.01  0.04  0.09  0.03  0.02  0.02  0.03  0.04  0.02  0.06  0.12  0.06  0.05  0.01  0.03  0.02  
184   A     0.17  0.06  0.02  0.02  0.01  0.05  0.03  0.07  0.02  0.04  0.07  0.05  0.05  0.07  0.09  0.06  0.04  0.01  0.03  0.05  
185   S     0.04  0.08  0.06  0.09  0.01  0.04  0.06  0.06  0.02  0.04  0.08  0.05  0.01  0.02  0.12  0.09  0.08  0.01  0.02  0.03  
186   S     0.08  0.06  0.05  0.04  0.01  0.03  0.03  0.08  0.05  0.06  0.06  0.05  0.03  0.04  0.12  0.1   0.05  0.02  0.02  0.03  
187   H     0.07  0.03  0.08  0.05  0.01  0.05  0.09  0.06  0.1   0.03  0.07  0.04  0.02  0.03  0.07  0.03  0.07  0.01  0.05  0.04  
188   G     0.15  0.03  0.16  0.03  0.01  0.01  0.07  0.15  0.01  0.03  0.04  0.05  0.01  0.02  0.02  0.08  0.06  0.01  0.02  0.03  
189   T     0.06  0.02  0.06  0.04  0.01  0.01  0.03  0.03  0.02  0.05  0.12  0.02  0.06  0.08  0.03  0.06  0.1   0.04  0.08  0.08  
190   I     0.07  0.04  0.02  0.02  0.02  0.02  0.04  0.03  0.01  0.07  0.28  0.02  0.05  0.09  0.05  0.02  0.02  0.02  0.04  0.08  
191   Q     0.09  0.08  0.06  0.05  0.01  0.08  0.08  0.03  0.03  0.01  0.04  0.06  0.02  0.05  0.01  0.09  0.06  0.03  0.07  0.04  
192   S     0.1   0.12  0.03  0.04  0.03  0.05  0.04  0.13  0.02  0.03  0.06  0.05  0.03  0.04  0.03  0.08  0.02  0.02  0.05  0.04  
193   A     0.08  0.03  0.04  0.05  0.01  0.02  0.03  0.1   0.01  0.08  0.15  0.04  0.03  0.05  0.03  0.05  0.07  0.01  0.07  0.04  
194   I     0.06  0.08  0.05  0.05  0.01  0.04  0.05  0.04  0.01  0.06  0.14  0.09  0.05  0.03  0.03  0.05  0.06  0.01  0.01  0.07  
195   A     0.25  0.03  0.04  0.04  0.01  0.03  0.03  0.07  0.01  0.04  0.11  0.02  0.03  0.03  0.06  0.08  0.08  0.01  0.03  0.03  
196   L     0.06  0.03  0.02  0.02  0.0   0.04  0.03  0.03  0.02  0.08  0.37  0.01  0.02  0.08  0.02  0.03  0.02  0.02  0.04  0.05  
197   R     0.12  0.11  0.07  0.06  0.0   0.03  0.06  0.06  0.03  0.01  0.05  0.08  0.02  0.05  0.04  0.13  0.04  0.0   0.01  0.03  
198   D     0.08  0.09  0.05  0.16  0.01  0.06  0.09  0.05  0.02  0.02  0.03  0.08  0.01  0.02  0.04  0.04  0.07  0.0   0.06  0.03  
199   E     0.1   0.02  0.02  0.03  0.0   0.05  0.08  0.05  0.03  0.06  0.05  0.06  0.01  0.09  0.03  0.06  0.06  0.06  0.07  0.07  
200   D     0.04  0.02  0.04  0.31  0.02  0.07  0.04  0.04  0.02  0.03  0.04  0.04  0.03  0.03  0.04  0.09  0.03  0.0   0.03  0.03  
201   L     0.06  0.04  0.03  0.03  0.05  0.03  0.03  0.03  0.03  0.09  0.17  0.03  0.03  0.06  0.05  0.05  0.03  0.03  0.08  0.05  
202   R     0.06  0.2   0.03  0.04  0.0   0.04  0.07  0.04  0.03  0.04  0.03  0.05  0.03  0.03  0.05  0.05  0.09  0.05  0.03  0.03  
203   D     0.05  0.05  0.05  0.05  0.05  0.05  0.05  0.05  0.05  0.05  0.05  0.05  0.05  0.05  0.05  0.05  0.05  0.0   0.05  0.05  
204   G     0.16  0.12  0.05  0.05  0.01  0.06  0.06  0.04  0.02  0.03  0.05  0.08  0.03  0.02  0.06  0.05  0.02  0.02  0.04  0.04  
205   L     0.04  0.02  0.02  0.02  0.02  0.02  0.02  0.03  0.02  0.1   0.43  0.02  0.04  0.04  0.03  0.02  0.02  0.01  0.02  0.06  
206   P     0.06  0.06  0.06  0.06  0.06  0.06  0.06  0.06  0.06  0.06  0.06  0.06  0.0   0.0   0.06  0.06  0.06  0.0   0.06  0.06  
207   K     0.11  0.15  0.05  0.07  0.01  0.07  0.07  0.03  0.02  0.02  0.03  0.12  0.02  0.03  0.02  0.06  0.05  0.0   0.05  0.02  
208   I     0.03  0.05  0.0   0.02  0.03  0.0   0.02  0.02  0.02  0.26  0.19  0.0   0.02  0.06  0.02  0.04  0.02  0.03  0.03  0.14  
209   T     0.08  0.06  0.04  0.09  0.01  0.07  0.04  0.04  0.02  0.02  0.02  0.13  0.02  0.0   0.06  0.08  0.14  0.0   0.04  0.02  
210   V     0.12  0.02  0.02  0.02  0.14  0.03  0.02  0.04  0.03  0.09  0.04  0.05  0.03  0.05  0.02  0.03  0.08  0.0   0.02  0.16  
211   D     0.04  0.05  0.03  0.03  0.0   0.03  0.07  0.02  0.02  0.0   0.0   0.07  0.0   0.0   0.56  0.03  0.03  0.0   0.0   0.0   
212   T     0.07  0.03  0.0   0.0   0.02  0.0   0.0   0.02  0.0   0.08  0.06  0.03  0.03  0.12  0.02  0.05  0.21  0.02  0.02  0.21  
213   L     0.03  0.02  0.02  0.0   0.03  0.04  0.01  0.02  0.04  0.02  0.48  0.02  0.04  0.03  0.02  0.02  0.05  0.0   0.05  0.06  
214   I     0.03  0.07  0.02  0.0   0.02  0.01  0.0   0.02  0.02  0.18  0.16  0.0   0.03  0.09  0.0   0.02  0.02  0.03  0.1   0.19  
215   M     0.03  0.0   0.0   0.0   0.01  0.0   0.0   0.01  0.0   0.28  0.23  0.0   0.05  0.06  0.0   0.02  0.06  0.01  0.01  0.2   
216   H     0.11  0.02  0.04  0.0   0.07  0.07  0.01  0.05  0.11  0.02  0.03  0.02  0.01  0.05  0.01  0.09  0.04  0.08  0.11  0.06  
217   G     0.11  0.0   0.01  0.01  0.02  0.0   0.01  0.61  0.0   0.04  0.01  0.0   0.0   0.04  0.01  0.05  0.03  0.0   0.01  0.02  
218   K     0.08  0.11  0.02  0.1   0.0   0.04  0.15  0.05  0.01  0.01  0.05  0.06  0.03  0.0   0.01  0.09  0.14  0.0   0.02  0.02  
219   K     0.03  0.08  0.06  0.21  0.01  0.06  0.06  0.03  0.03  0.01  0.1   0.09  0.01  0.02  0.03  0.12  0.04  0.01  0.04  0.0   
220   D     0.01  0.02  0.01  0.77  0.0   0.01  0.02  0.03  0.01  0.0   0.0   0.02  0.0   0.0   0.01  0.06  0.01  0.0   0.0   0.01  
221   Q     0.06  0.12  0.03  0.03  0.0   0.04  0.04  0.08  0.02  0.04  0.09  0.04  0.03  0.02  0.11  0.07  0.02  0.07  0.02  0.06  
222   V     0.07  0.02  0.01  0.01  0.03  0.01  0.0   0.01  0.01  0.1   0.31  0.03  0.03  0.1   0.01  0.03  0.01  0.02  0.04  0.13  
223   C     0.04  0.01  0.02  0.03  0.04  0.0   0.02  0.01  0.01  0.12  0.07  0.02  0.02  0.1   0.0   0.07  0.07  0.01  0.07  0.28  
224   P     0.02  0.04  0.02  0.07  0.01  0.01  0.03  0.03  0.02  0.0   0.02  0.04  0.01  0.0   0.51  0.06  0.09  0.0   0.0   0.01  
225   F     0.11  0.05  0.01  0.02  0.01  0.02  0.07  0.02  0.01  0.05  0.11  0.04  0.03  0.04  0.13  0.04  0.05  0.03  0.06  0.1   
226   E     0.08  0.07  0.03  0.11  0.0   0.07  0.19  0.02  0.04  0.01  0.05  0.12  0.0   0.01  0.01  0.09  0.04  0.01  0.02  0.02  
227   F     0.11  0.03  0.03  0.03  0.05  0.07  0.07  0.07  0.04  0.05  0.06  0.01  0.05  0.04  0.03  0.06  0.05  0.01  0.03  0.11  
228   A     0.22  0.01  0.02  0.01  0.0   0.16  0.02  0.11  0.01  0.05  0.06  0.02  0.03  0.01  0.01  0.16  0.04  0.01  0.02  0.04  
229   E     0.05  0.13  0.02  0.05  0.01  0.09  0.21  0.02  0.02  0.01  0.08  0.11  0.01  0.02  0.07  0.03  0.02  0.02  0.02  0.03  
230   V     0.08  0.1   0.03  0.06  0.01  0.07  0.1   0.02  0.03  0.06  0.09  0.08  0.03  0.03  0.01  0.03  0.04  0.05  0.04  0.05  
231   M     0.07  0.0   0.01  0.0   0.0   0.02  0.01  0.01  0.01  0.13  0.36  0.01  0.15  0.05  0.01  0.01  0.02  0.02  0.04  0.06  
232   H     0.21  0.07  0.02  0.07  0.01  0.06  0.03  0.04  0.06  0.06  0.06  0.08  0.01  0.02  0.01  0.05  0.01  0.0   0.06  0.06  
233   E     0.13  0.09  0.03  0.1   0.0   0.09  0.17  0.05  0.01  0.01  0.01  0.17  0.01  0.01  0.02  0.06  0.01  0.01  0.0   0.01  
234   N     0.09  0.07  0.09  0.02  0.02  0.05  0.04  0.05  0.08  0.03  0.19  0.05  0.03  0.02  0.0   0.07  0.04  0.02  0.04  0.01  
235   I     0.06  0.02  0.03  0.01  0.01  0.02  0.01  0.02  0.0   0.14  0.25  0.02  0.04  0.11  0.02  0.04  0.03  0.06  0.03  0.08  
236   A     0.05  0.02  0.02  0.03  0.0   0.04  0.02  0.06  0.01  0.01  0.02  0.09  0.01  0.0   0.53  0.03  0.04  0.0   0.01  0.02  
237   G     0.03  0.04  0.2   0.1   0.02  0.04  0.07  0.13  0.06  0.01  0.02  0.08  0.0   0.01  0.05  0.05  0.02  0.01  0.02  0.03  
238   S     0.26  0.01  0.03  0.01  0.04  0.01  0.02  0.05  0.03  0.02  0.03  0.04  0.01  0.03  0.02  0.18  0.09  0.0   0.04  0.09  
239   R     0.03  0.13  0.02  0.06  0.0   0.17  0.17  0.01  0.03  0.02  0.02  0.07  0.01  0.01  0.02  0.04  0.13  0.01  0.01  0.03  
240   L     0.05  0.02  0.01  0.01  0.01  0.01  0.01  0.01  0.02  0.05  0.32  0.02  0.02  0.09  0.02  0.06  0.03  0.02  0.05  0.18  
241   E     0.03  0.04  0.0   0.02  0.02  0.06  0.12  0.01  0.14  0.07  0.1   0.08  0.02  0.02  0.0   0.02  0.03  0.01  0.04  0.15  
242   V     0.01  0.03  0.01  0.02  0.0   0.03  0.11  0.01  0.02  0.19  0.14  0.04  0.02  0.01  0.01  0.03  0.06  0.01  0.02  0.25  
243   F     0.02  0.01  0.0   0.0   0.01  0.0   0.01  0.01  0.01  0.27  0.15  0.01  0.08  0.17  0.0   0.02  0.05  0.01  0.05  0.11  
244   E     0.13  0.04  0.03  0.08  0.0   0.03  0.19  0.03  0.01  0.01  0.02  0.06  0.0   0.01  0.23  0.09  0.03  0.0   0.01  0.01  
245   E     0.03  0.05  0.13  0.19  0.01  0.04  0.08  0.17  0.05  0.01  0.01  0.07  0.0   0.01  0.05  0.05  0.01  0.01  0.03  0.01  
246   S     0.33  0.01  0.0   0.0   0.09  0.01  0.03  0.19  0.03  0.0   0.01  0.01  0.01  0.01  0.0   0.13  0.05  0.0   0.03  0.03  
247   G     0.05  0.02  0.02  0.08  0.0   0.0   0.01  0.61  0.01  0.0   0.01  0.01  0.0   0.0   0.01  0.1   0.03  0.0   0.02  0.01  
248   H     0.0   0.0   0.0   0.0   0.0   0.0   0.0   0.03  0.94  0.0   0.0   0.0   0.0   0.01  0.0   0.01  0.0   0.0   0.01  0.0   
249   G     0.14  0.0   0.06  0.13  0.02  0.02  0.02  0.02  0.03  0.02  0.1   0.0   0.08  0.12  0.01  0.05  0.02  0.08  0.03  0.03  
250   M     0.2   0.0   0.01  0.01  0.03  0.0   0.0   0.06  0.01  0.09  0.09  0.0   0.03  0.05  0.2   0.04  0.03  0.01  0.0   0.16  
251   F     0.01  0.0   0.04  0.02  0.01  0.17  0.0   0.0   0.13  0.01  0.05  0.0   0.07  0.3   0.03  0.03  0.03  0.01  0.06  0.02  
252   L     0.05  0.04  0.02  0.01  0.0   0.03  0.11  0.01  0.01  0.1   0.3   0.01  0.04  0.07  0.01  0.01  0.01  0.04  0.01  0.12  
253   D     0.03  0.01  0.01  0.18  0.01  0.02  0.29  0.04  0.01  0.03  0.04  0.01  0.01  0.0   0.01  0.16  0.1   0.0   0.0   0.07  
254   E     0.06  0.07  0.09  0.1   0.01  0.12  0.17  0.01  0.13  0.0   0.02  0.13  0.01  0.02  0.01  0.03  0.01  0.0   0.01  0.02  
255   R     0.11  0.02  0.03  0.01  0.01  0.02  0.01  0.03  0.03  0.01  0.01  0.02  0.01  0.02  0.57  0.04  0.04  0.01  0.01  0.01  
256   E     0.09  0.05  0.02  0.21  0.0   0.11  0.26  0.05  0.03  0.0   0.01  0.06  0.01  0.01  0.02  0.03  0.03  0.0   0.0   0.02  
257   K     0.12  0.06  0.01  0.05  0.0   0.1   0.21  0.05  0.01  0.03  0.05  0.12  0.01  0.01  0.02  0.04  0.06  0.0   0.01  0.04  
258   F     0.01  0.0   0.01  0.0   0.01  0.01  0.0   0.0   0.0   0.06  0.14  0.0   0.03  0.34  0.0   0.01  0.06  0.01  0.08  0.23  
259   T     0.22  0.02  0.2   0.02  0.06  0.01  0.02  0.05  0.04  0.07  0.07  0.0   0.02  0.02  0.01  0.05  0.05  0.0   0.01  0.06  
260   E     0.13  0.11  0.04  0.07  0.0   0.11  0.17  0.01  0.01  0.02  0.02  0.1   0.0   0.01  0.05  0.06  0.05  0.0   0.02  0.01  
261   T     0.19  0.04  0.01  0.03  0.02  0.03  0.03  0.02  0.02  0.13  0.18  0.03  0.05  0.0   0.02  0.07  0.05  0.0   0.02  0.08  
262   L     0.03  0.0   0.01  0.0   0.0   0.01  0.0   0.0   0.0   0.22  0.4   0.01  0.06  0.04  0.0   0.0   0.01  0.0   0.01  0.21  
263   V     0.09  0.11  0.03  0.03  0.03  0.04  0.07  0.03  0.03  0.07  0.21  0.07  0.02  0.0   0.0   0.03  0.04  0.01  0.01  0.08  
264   S     0.11  0.06  0.05  0.22  0.0   0.09  0.16  0.05  0.02  0.0   0.0   0.07  0.0   0.01  0.0   0.09  0.02  0.0   0.04  0.0   
265   Y     0.0   0.0   0.0   0.0   0.0   0.01  0.0   0.01  0.04  0.04  0.02  0.0   0.0   0.71  0.0   0.01  0.01  0.12  0.02  0.01  
266   V     0.04  0.0   0.0   0.0   0.0   0.01  0.0   0.0   0.0   0.13  0.64  0.0   0.02  0.02  0.0   0.0   0.01  0.02  0.01  0.08  
267   K     0.15  0.15  0.1   0.05  0.0   0.16  0.12  0.0   0.0   0.0   0.0   0.2   0.0   0.0   0.0   0.03  0.01  0.0   0.0   0.01  
268   S     0.15  0.09  0.1   0.01  0.0   0.1   0.04  0.02  0.03  0.0   0.0   0.12  0.0   0.0   0.01  0.2   0.11  0.0   0.0   0.01  
269   S     0.35  0.0   0.35  0.0   0.0   0.0   0.0   0.0   0.0   0.0   0.0   0.0   0.0   0.0   0.0   0.13  0.17  0.0   0.0   0.0   
