             A     R     N     D     C     Q     E     G     H     I     L     K     M     F     P     S     T     W     Y     V
1     M     0.0   0.0   0.0   0.0   0.0   0.0   0.0   0.0   0.0   0.27  0.24  0.0   0.24  0.0   0.0   0.0   0.0   0.0   0.0   0.26  
2     R     0.0   0.73  0.0   0.0   0.0   0.19  0.0   0.0   0.0   0.0   0.0   0.07  0.0   0.0   0.0   0.0   0.0   0.0   0.0   0.0   
3     Y     0.0   0.05  0.0   0.02  0.0   0.01  0.01  0.0   0.03  0.06  0.22  0.07  0.0   0.1   0.0   0.01  0.02  0.0   0.37  0.01  
4     K     0.02  0.07  0.15  0.13  0.0   0.09  0.14  0.09  0.03  0.0   0.01  0.22  0.0   0.0   0.0   0.01  0.01  0.0   0.0   0.02  
5     F     0.02  0.0   0.02  0.19  0.0   0.02  0.29  0.01  0.03  0.01  0.01  0.03  0.0   0.16  0.0   0.05  0.09  0.0   0.06  0.01  
6     L     0.09  0.01  0.0   0.0   0.01  0.02  0.0   0.02  0.0   0.06  0.62  0.04  0.03  0.02  0.0   0.01  0.02  0.0   0.03  0.02  
7     S     0.04  0.1   0.05  0.12  0.0   0.08  0.08  0.0   0.03  0.07  0.05  0.14  0.04  0.02  0.0   0.11  0.07  0.0   0.0   0.02  
8     E     0.12  0.05  0.06  0.04  0.0   0.06  0.17  0.08  0.01  0.03  0.02  0.13  0.01  0.02  0.01  0.09  0.09  0.0   0.0   0.01  
9     Q     0.01  0.15  0.01  0.02  0.0   0.15  0.22  0.0   0.01  0.0   0.0   0.29  0.03  0.0   0.0   0.05  0.01  0.0   0.02  0.02  
10    K     0.04  0.15  0.01  0.0   0.0   0.05  0.02  0.02  0.05  0.07  0.16  0.17  0.02  0.02  0.02  0.03  0.04  0.0   0.08  0.03  
11    E     0.07  0.04  0.02  0.1   0.0   0.08  0.25  0.02  0.01  0.01  0.08  0.16  0.01  0.0   0.0   0.04  0.06  0.0   0.01  0.04  
12    D     0.08  0.06  0.06  0.29  0.0   0.02  0.21  0.0   0.0   0.04  0.02  0.07  0.0   0.0   0.0   0.05  0.06  0.0   0.0   0.02  
13    L     0.07  0.02  0.01  0.01  0.0   0.0   0.0   0.01  0.0   0.19  0.45  0.02  0.03  0.02  0.01  0.0   0.02  0.0   0.03  0.12  
14    T     0.03  0.15  0.02  0.07  0.0   0.05  0.23  0.0   0.01  0.04  0.09  0.09  0.01  0.02  0.01  0.03  0.1   0.0   0.03  0.03  
15    E     0.1   0.07  0.08  0.01  0.0   0.1   0.22  0.03  0.0   0.04  0.02  0.15  0.01  0.01  0.0   0.06  0.06  0.0   0.04  0.01  
16    A     0.22  0.03  0.01  0.11  0.01  0.03  0.15  0.02  0.01  0.04  0.02  0.1   0.01  0.01  0.01  0.12  0.04  0.0   0.01  0.03  
17    K     0.03  0.14  0.02  0.02  0.01  0.04  0.08  0.06  0.04  0.08  0.13  0.18  0.02  0.01  0.0   0.03  0.0   0.0   0.04  0.07  
18    N     0.07  0.12  0.04  0.12  0.0   0.05  0.13  0.03  0.0   0.02  0.02  0.21  0.03  0.0   0.0   0.1   0.06  0.0   0.0   0.01  
19    T     0.06  0.05  0.09  0.07  0.0   0.07  0.11  0.01  0.05  0.02  0.01  0.19  0.01  0.02  0.0   0.11  0.11  0.0   0.01  0.01  
20    L     0.02  0.0   0.0   0.0   0.02  0.0   0.03  0.0   0.0   0.29  0.41  0.03  0.02  0.03  0.0   0.0   0.03  0.0   0.04  0.07  
21    F     0.06  0.16  0.02  0.04  0.0   0.1   0.16  0.07  0.04  0.01  0.08  0.12  0.02  0.03  0.0   0.03  0.03  0.01  0.01  0.01  
22    Q     0.04  0.05  0.06  0.09  0.0   0.19  0.15  0.02  0.03  0.0   0.06  0.18  0.03  0.01  0.0   0.02  0.05  0.0   0.0   0.0   
23    V     0.11  0.05  0.06  0.05  0.01  0.05  0.07  0.06  0.0   0.06  0.13  0.04  0.03  0.04  0.0   0.04  0.06  0.01  0.04  0.09  
24    I     0.01  0.04  0.0   0.0   0.01  0.01  0.01  0.01  0.01  0.43  0.13  0.02  0.05  0.08  0.0   0.02  0.02  0.02  0.03  0.11  
25    E     0.12  0.09  0.06  0.06  0.0   0.07  0.18  0.04  0.01  0.0   0.01  0.13  0.0   0.0   0.0   0.09  0.1   0.0   0.0   0.03  
26    E     0.08  0.03  0.04  0.12  0.01  0.05  0.23  0.01  0.03  0.01  0.05  0.11  0.05  0.0   0.02  0.05  0.02  0.01  0.03  0.06  
27    M     0.03  0.01  0.0   0.01  0.03  0.0   0.01  0.01  0.01  0.15  0.43  0.04  0.04  0.06  0.01  0.0   0.03  0.01  0.01  0.1   
28    D     0.02  0.1   0.15  0.32  0.01  0.01  0.09  0.03  0.0   0.01  0.02  0.08  0.01  0.01  0.04  0.03  0.05  0.0   0.0   0.02  
29    E     0.05  0.12  0.05  0.06  0.0   0.11  0.27  0.02  0.01  0.01  0.04  0.14  0.0   0.0   0.02  0.03  0.04  0.0   0.01  0.03  
30    E     0.03  0.12  0.04  0.07  0.0   0.04  0.15  0.01  0.01  0.07  0.06  0.22  0.02  0.01  0.01  0.03  0.02  0.0   0.05  0.03  
31    M     0.07  0.17  0.02  0.0   0.01  0.02  0.04  0.04  0.0   0.11  0.04  0.2   0.05  0.01  0.02  0.05  0.04  0.03  0.01  0.05  
32    T     0.05  0.21  0.04  0.05  0.0   0.01  0.02  0.03  0.04  0.03  0.16  0.12  0.02  0.02  0.0   0.06  0.04  0.01  0.04  0.06  
33    K     0.04  0.15  0.07  0.07  0.0   0.08  0.25  0.04  0.01  0.02  0.04  0.07  0.02  0.0   0.03  0.06  0.01  0.0   0.01  0.03  
34    R     0.13  0.18  0.02  0.06  0.0   0.02  0.1   0.01  0.01  0.01  0.07  0.1   0.01  0.03  0.03  0.06  0.06  0.0   0.01  0.1   
35    F     0.02  0.05  0.01  0.01  0.0   0.01  0.02  0.04  0.02  0.09  0.28  0.01  0.01  0.32  0.01  0.01  0.01  0.02  0.02  0.05  
36    N     0.03  0.13  0.06  0.09  0.01  0.1   0.11  0.06  0.02  0.06  0.07  0.1   0.05  0.02  0.0   0.02  0.03  0.0   0.01  0.02  
37    D     0.07  0.1   0.05  0.14  0.01  0.07  0.12  0.03  0.0   0.03  0.04  0.07  0.05  0.04  0.02  0.06  0.04  0.0   0.02  0.04  
38    T     0.17  0.03  0.03  0.02  0.01  0.04  0.03  0.05  0.01  0.06  0.1   0.05  0.01  0.02  0.04  0.04  0.21  0.0   0.0   0.08  
39    F     0.01  0.02  0.0   0.01  0.01  0.0   0.02  0.01  0.02  0.11  0.1   0.01  0.02  0.35  0.02  0.0   0.01  0.04  0.1   0.14  
40    V     0.07  0.05  0.04  0.12  0.0   0.14  0.13  0.06  0.04  0.01  0.05  0.05  0.04  0.01  0.02  0.08  0.04  0.01  0.01  0.03  
41    Q     0.08  0.08  0.05  0.08  0.01  0.15  0.06  0.03  0.05  0.02  0.02  0.13  0.06  0.02  0.02  0.06  0.04  0.0   0.01  0.03  
42    I     0.03  0.01  0.01  0.01  0.0   0.02  0.02  0.01  0.0   0.27  0.16  0.01  0.01  0.04  0.04  0.02  0.0   0.0   0.01  0.32  
43    R     0.1   0.12  0.24  0.05  0.0   0.04  0.05  0.03  0.0   0.01  0.04  0.03  0.01  0.08  0.01  0.11  0.04  0.0   0.01  0.02  
44    S     0.07  0.08  0.03  0.02  0.01  0.11  0.16  0.03  0.01  0.02  0.04  0.1   0.05  0.02  0.07  0.06  0.05  0.0   0.0   0.07  
45    H     0.04  0.05  0.19  0.09  0.02  0.03  0.13  0.02  0.11  0.01  0.03  0.06  0.01  0.05  0.01  0.06  0.05  0.0   0.01  0.03  
46    F     0.03  0.01  0.01  0.01  0.0   0.0   0.01  0.01  0.0   0.1   0.18  0.01  0.02  0.44  0.03  0.01  0.02  0.0   0.07  0.02  
47    D     0.04  0.04  0.16  0.1   0.0   0.09  0.08  0.08  0.0   0.02  0.03  0.1   0.01  0.01  0.03  0.12  0.05  0.0   0.01  0.03  
48    Q     0.08  0.1   0.11  0.05  0.0   0.06  0.12  0.01  0.02  0.04  0.07  0.05  0.03  0.04  0.02  0.09  0.07  0.0   0.01  0.03  
49    V     0.03  0.03  0.01  0.01  0.0   0.01  0.02  0.01  0.01  0.26  0.21  0.02  0.06  0.03  0.01  0.03  0.05  0.02  0.04  0.16  
50    F     0.06  0.05  0.0   0.01  0.03  0.01  0.04  0.0   0.01  0.04  0.05  0.01  0.01  0.42  0.0   0.03  0.0   0.02  0.18  0.03  
51    R     0.08  0.06  0.08  0.08  0.0   0.12  0.09  0.04  0.02  0.01  0.02  0.09  0.01  0.01  0.09  0.1   0.03  0.01  0.05  0.01  
52    S     0.05  0.08  0.1   0.05  0.0   0.04  0.14  0.07  0.03  0.01  0.05  0.09  0.04  0.03  0.03  0.08  0.05  0.0   0.02  0.03  
53    L     0.01  0.06  0.01  0.01  0.0   0.01  0.02  0.01  0.01  0.1   0.47  0.02  0.04  0.02  0.01  0.03  0.07  0.0   0.02  0.08  
54    F     0.08  0.02  0.01  0.02  0.01  0.01  0.03  0.04  0.02  0.06  0.14  0.02  0.03  0.17  0.03  0.05  0.1   0.0   0.04  0.13  
55    G     0.05  0.08  0.08  0.09  0.01  0.03  0.04  0.14  0.01  0.02  0.06  0.09  0.02  0.04  0.1   0.06  0.01  0.01  0.02  0.03  
56    G     0.13  0.08  0.08  0.08  0.0   0.01  0.01  0.37  0.01  0.01  0.04  0.03  0.02  0.01  0.04  0.03  0.02  0.0   0.02  0.03  
57    G     0.08  0.06  0.06  0.04  0.02  0.02  0.06  0.35  0.0   0.03  0.03  0.04  0.01  0.01  0.03  0.07  0.04  0.0   0.03  0.02  
58    R     0.06  0.09  0.05  0.09  0.01  0.03  0.13  0.03  0.02  0.04  0.05  0.1   0.03  0.02  0.02  0.09  0.05  0.0   0.05  0.04  
59    A     0.35  0.03  0.01  0.02  0.02  0.01  0.03  0.14  0.01  0.03  0.04  0.05  0.03  0.03  0.04  0.08  0.01  0.0   0.01  0.06  
60    E     0.04  0.07  0.06  0.08  0.0   0.1   0.22  0.04  0.02  0.01  0.01  0.14  0.01  0.03  0.02  0.07  0.03  0.0   0.04  0.01  
61    L     0.05  0.02  0.0   0.01  0.0   0.01  0.04  0.03  0.02  0.1   0.49  0.03  0.05  0.03  0.0   0.01  0.01  0.01  0.01  0.08  
62    R     0.05  0.18  0.04  0.04  0.0   0.07  0.13  0.03  0.03  0.07  0.02  0.08  0.01  0.02  0.02  0.09  0.04  0.0   0.02  0.06  
63    L     0.05  0.02  0.01  0.01  0.0   0.01  0.03  0.05  0.01  0.12  0.27  0.06  0.05  0.04  0.1   0.03  0.06  0.0   0.01  0.06  
64    T     0.07  0.06  0.02  0.08  0.0   0.02  0.16  0.04  0.02  0.05  0.05  0.13  0.0   0.0   0.05  0.07  0.14  0.0   0.01  0.03  
65    D     0.07  0.05  0.1   0.18  0.0   0.03  0.22  0.04  0.02  0.01  0.02  0.14  0.0   0.01  0.02  0.03  0.02  0.0   0.01  0.03  
66    P     0.1   0.1   0.02  0.04  0.01  0.05  0.1   0.05  0.0   0.04  0.07  0.08  0.04  0.03  0.12  0.07  0.03  0.0   0.01  0.04  
67    N     0.09  0.04  0.06  0.14  0.0   0.08  0.17  0.02  0.02  0.02  0.07  0.07  0.01  0.03  0.01  0.05  0.03  0.01  0.01  0.07  
68    D     0.05  0.03  0.06  0.23  0.0   0.05  0.29  0.01  0.01  0.01  0.03  0.09  0.01  0.01  0.0   0.05  0.03  0.0   0.0   0.02  
69    L     0.03  0.08  0.02  0.03  0.0   0.01  0.07  0.02  0.01  0.1   0.16  0.08  0.04  0.02  0.12  0.05  0.05  0.0   0.04  0.07  
70    L     0.11  0.02  0.03  0.04  0.0   0.02  0.07  0.03  0.0   0.08  0.24  0.03  0.01  0.06  0.01  0.05  0.02  0.0   0.05  0.12  
71    H     0.09  0.05  0.05  0.09  0.0   0.06  0.12  0.02  0.03  0.02  0.13  0.08  0.02  0.02  0.05  0.04  0.05  0.0   0.03  0.03  
72    S     0.14  0.05  0.03  0.12  0.01  0.03  0.16  0.07  0.03  0.03  0.03  0.05  0.0   0.01  0.01  0.11  0.05  0.02  0.04  0.03  
73    G     0.11  0.03  0.03  0.03  0.0   0.02  0.03  0.37  0.01  0.02  0.06  0.09  0.01  0.03  0.01  0.07  0.02  0.0   0.02  0.03  
74    V     0.05  0.01  0.01  0.01  0.01  0.01  0.01  0.01  0.01  0.22  0.32  0.02  0.03  0.01  0.02  0.02  0.01  0.0   0.03  0.19  
75    E     0.04  0.05  0.05  0.16  0.0   0.04  0.26  0.05  0.01  0.01  0.07  0.07  0.03  0.01  0.01  0.08  0.03  0.0   0.0   0.02  
76    I     0.07  0.02  0.01  0.04  0.0   0.02  0.02  0.02  0.01  0.22  0.2   0.03  0.02  0.09  0.01  0.02  0.05  0.01  0.04  0.11  
77    I     0.04  0.07  0.03  0.02  0.0   0.02  0.05  0.02  0.01  0.1   0.13  0.06  0.07  0.07  0.02  0.07  0.06  0.01  0.02  0.13  
78    A     0.21  0.02  0.01  0.03  0.02  0.01  0.05  0.05  0.04  0.04  0.04  0.03  0.02  0.01  0.0   0.07  0.02  0.0   0.01  0.32  
79    Q     0.04  0.09  0.05  0.04  0.02  0.11  0.06  0.09  0.03  0.03  0.1   0.1   0.05  0.04  0.01  0.06  0.05  0.0   0.01  0.03  
80    P     0.04  0.02  0.02  0.04  0.01  0.01  0.05  0.02  0.01  0.03  0.23  0.04  0.01  0.08  0.26  0.02  0.04  0.0   0.03  0.04  
81    P     0.05  0.06  0.06  0.06  0.0   0.04  0.15  0.08  0.02  0.01  0.02  0.1   0.01  0.01  0.23  0.03  0.05  0.01  0.01  0.01  
82    G     0.02  0.02  0.06  0.14  0.0   0.01  0.08  0.43  0.04  0.01  0.04  0.04  0.01  0.01  0.01  0.06  0.01  0.0   0.0   0.01  
83    K     0.02  0.05  0.03  0.02  0.0   0.03  0.04  0.03  0.02  0.03  0.1   0.35  0.05  0.05  0.01  0.04  0.04  0.0   0.06  0.04  
84    K     0.09  0.1   0.04  0.07  0.0   0.05  0.14  0.02  0.02  0.02  0.12  0.12  0.02  0.01  0.05  0.04  0.02  0.02  0.02  0.04  
85    L     0.03  0.03  0.1   0.06  0.0   0.02  0.04  0.07  0.04  0.04  0.1   0.1   0.02  0.05  0.04  0.04  0.1   0.01  0.03  0.07  
86    Q     0.05  0.23  0.02  0.06  0.0   0.16  0.18  0.01  0.02  0.02  0.03  0.08  0.01  0.01  0.01  0.05  0.02  0.0   0.03  0.02  
87    N     0.05  0.16  0.14  0.04  0.0   0.05  0.04  0.03  0.01  0.01  0.03  0.06  0.02  0.01  0.11  0.13  0.04  0.01  0.04  0.01  
88    L     0.09  0.01  0.01  0.0   0.01  0.0   0.0   0.2   0.0   0.16  0.12  0.01  0.04  0.01  0.12  0.02  0.05  0.0   0.01  0.13  
89    N     0.07  0.06  0.08  0.07  0.0   0.06  0.05  0.07  0.08  0.03  0.03  0.05  0.01  0.02  0.01  0.17  0.08  0.0   0.01  0.03  
90    L     0.06  0.04  0.1   0.02  0.01  0.17  0.14  0.02  0.02  0.02  0.09  0.03  0.03  0.03  0.0   0.05  0.13  0.0   0.01  0.04  
91    L     0.05  0.0   0.0   0.0   0.01  0.01  0.0   0.0   0.0   0.03  0.8   0.0   0.04  0.04  0.0   0.0   0.0   0.01  0.01  0.0   
92    S     0.01  0.0   0.0   0.0   0.0   0.0   0.0   0.0   0.01  0.0   0.0   0.0   0.0   0.0   0.0   0.97  0.0   0.0   0.0   0.0   
93    G     0.03  0.0   0.01  0.01  0.0   0.01  0.0   0.84  0.01  0.0   0.01  0.0   0.0   0.01  0.0   0.02  0.01  0.0   0.01  0.02  
94    G     0.0   0.0   0.0   0.0   0.0   0.0   0.0   0.98  0.0   0.0   0.0   0.0   0.0   0.02  0.0   0.0   0.0   0.0   0.0   0.0   
95    E     0.0   0.0   0.01  0.0   0.0   0.48  0.44  0.0   0.01  0.0   0.0   0.0   0.04  0.0   0.0   0.01  0.0   0.01  0.0   0.0   
96    R     0.04  0.28  0.0   0.0   0.0   0.21  0.0   0.0   0.0   0.01  0.04  0.36  0.02  0.0   0.0   0.01  0.01  0.01  0.01  0.0   
97    A     0.06  0.08  0.0   0.0   0.0   0.61  0.01  0.0   0.0   0.01  0.0   0.05  0.02  0.01  0.0   0.09  0.02  0.01  0.0   0.01  
98    L     0.01  0.71  0.0   0.0   0.01  0.0   0.0   0.0   0.0   0.02  0.12  0.05  0.01  0.02  0.0   0.01  0.01  0.0   0.0   0.02  
99    T     0.06  0.0   0.01  0.0   0.01  0.0   0.0   0.0   0.0   0.14  0.17  0.0   0.02  0.03  0.0   0.03  0.05  0.0   0.01  0.46  
100   A     0.49  0.02  0.01  0.01  0.07  0.02  0.03  0.06  0.02  0.01  0.01  0.04  0.03  0.01  0.0   0.1   0.05  0.01  0.0   0.01  
101   I     0.01  0.0   0.0   0.0   0.0   0.0   0.0   0.0   0.0   0.42  0.43  0.0   0.03  0.03  0.0   0.01  0.01  0.0   0.0   0.05  
102   A     0.79  0.0   0.0   0.0   0.02  0.0   0.0   0.05  0.0   0.01  0.02  0.0   0.01  0.0   0.0   0.06  0.01  0.0   0.0   0.02  
103   L     0.01  0.55  0.01  0.0   0.01  0.01  0.0   0.04  0.0   0.04  0.17  0.03  0.02  0.04  0.0   0.03  0.01  0.0   0.02  0.01  
104   L     0.43  0.04  0.01  0.01  0.02  0.02  0.04  0.01  0.01  0.08  0.1   0.03  0.02  0.01  0.0   0.04  0.03  0.01  0.0   0.12  
105   F     0.01  0.01  0.0   0.0   0.01  0.01  0.0   0.0   0.0   0.1   0.56  0.0   0.06  0.12  0.0   0.01  0.03  0.01  0.01  0.06  
106   S     0.43  0.02  0.01  0.02  0.02  0.03  0.02  0.06  0.01  0.03  0.05  0.02  0.01  0.02  0.02  0.1   0.04  0.0   0.01  0.08  
107   I     0.05  0.03  0.02  0.02  0.01  0.05  0.04  0.04  0.01  0.16  0.19  0.04  0.08  0.03  0.02  0.04  0.05  0.01  0.02  0.1   
108   L     0.08  0.04  0.03  0.03  0.02  0.11  0.06  0.06  0.05  0.03  0.12  0.05  0.01  0.07  0.04  0.06  0.03  0.03  0.03  0.04  
109   K     0.05  0.08  0.04  0.06  0.01  0.05  0.09  0.05  0.02  0.04  0.09  0.08  0.04  0.02  0.08  0.08  0.04  0.01  0.02  0.04  
110   V     0.06  0.03  0.02  0.02  0.03  0.03  0.02  0.03  0.01  0.09  0.19  0.06  0.05  0.04  0.03  0.05  0.05  0.01  0.07  0.11  
111   R     0.05  0.16  0.16  0.06  0.01  0.05  0.03  0.06  0.01  0.01  0.05  0.14  0.04  0.01  0.02  0.04  0.06  0.0   0.01  0.03  
112   P     0.03  0.06  0.11  0.13  0.0   0.02  0.1   0.06  0.01  0.03  0.02  0.05  0.0   0.01  0.26  0.05  0.02  0.0   0.01  0.02  
113   V     0.2   0.02  0.02  0.03  0.03  0.03  0.02  0.05  0.01  0.02  0.03  0.09  0.0   0.01  0.19  0.14  0.07  0.0   0.01  0.04  
114   P     0.04  0.04  0.02  0.08  0.01  0.04  0.11  0.05  0.01  0.01  0.02  0.1   0.0   0.01  0.33  0.05  0.04  0.0   0.01  0.03  
115   F     0.02  0.01  0.0   0.01  0.02  0.0   0.0   0.0   0.0   0.27  0.22  0.01  0.01  0.12  0.0   0.02  0.02  0.01  0.03  0.23  
116   C     0.01  0.03  0.0   0.0   0.05  0.0   0.0   0.0   0.0   0.14  0.45  0.0   0.04  0.03  0.0   0.01  0.01  0.03  0.13  0.07  
117   V     0.02  0.0   0.0   0.0   0.02  0.0   0.0   0.01  0.0   0.29  0.44  0.0   0.02  0.07  0.0   0.0   0.0   0.0   0.0   0.14  
118   L     0.05  0.0   0.0   0.0   0.02  0.0   0.0   0.01  0.0   0.03  0.62  0.0   0.09  0.12  0.0   0.01  0.0   0.0   0.01  0.03  
119   D     0.0   0.0   0.0   1.0   0.0   0.0   0.0   0.0   0.0   0.0   0.0   0.0   0.0   0.0   0.0   0.0   0.0   0.0   0.0   0.0   
120   Q     0.01  0.0   0.01  0.03  0.0   0.01  0.94  0.0   0.0   0.0   0.0   0.0   0.0   0.0   0.0   0.01  0.0   0.0   0.0   0.0   
121   V     0.17  0.0   0.0   0.0   0.01  0.0   0.0   0.01  0.0   0.05  0.01  0.0   0.0   0.02  0.59  0.02  0.02  0.01  0.0   0.08  
122   E     0.02  0.0   0.01  0.12  0.02  0.0   0.02  0.01  0.0   0.01  0.11  0.0   0.01  0.09  0.0   0.04  0.52  0.01  0.0   0.01  
123   A     0.25  0.01  0.02  0.01  0.0   0.02  0.0   0.13  0.0   0.02  0.0   0.0   0.01  0.0   0.01  0.4   0.07  0.0   0.0   0.05  
124   A     0.39  0.0   0.12  0.01  0.01  0.01  0.0   0.18  0.05  0.0   0.0   0.0   0.02  0.04  0.02  0.1   0.0   0.0   0.02  0.01  
125   L     0.01  0.0   0.0   0.0   0.0   0.01  0.0   0.01  0.0   0.05  0.81  0.0   0.04  0.01  0.0   0.0   0.0   0.0   0.0   0.07  
126   D     0.01  0.01  0.01  0.9   0.0   0.0   0.01  0.01  0.03  0.0   0.0   0.0   0.0   0.0   0.0   0.02  0.01  0.0   0.01  0.0   
127   E     0.12  0.02  0.03  0.05  0.0   0.03  0.06  0.05  0.01  0.05  0.06  0.02  0.03  0.02  0.26  0.08  0.06  0.0   0.02  0.06  
128   A     0.14  0.08  0.02  0.04  0.0   0.08  0.17  0.02  0.04  0.07  0.03  0.13  0.01  0.01  0.02  0.05  0.04  0.0   0.01  0.05  
129   N     0.09  0.03  0.13  0.03  0.01  0.02  0.02  0.06  0.06  0.02  0.06  0.0   0.01  0.02  0.0   0.18  0.21  0.0   0.01  0.03  
130   V     0.12  0.2   0.01  0.02  0.0   0.06  0.16  0.02  0.01  0.04  0.04  0.06  0.0   0.0   0.0   0.06  0.11  0.0   0.01  0.08  
131   F     0.09  0.13  0.03  0.07  0.0   0.08  0.11  0.04  0.05  0.05  0.04  0.14  0.01  0.03  0.0   0.06  0.03  0.0   0.02  0.02  
132   R     0.09  0.12  0.06  0.04  0.0   0.08  0.13  0.01  0.03  0.06  0.07  0.14  0.02  0.01  0.0   0.06  0.03  0.01  0.01  0.03  
133   F     0.02  0.0   0.0   0.0   0.01  0.01  0.0   0.0   0.0   0.3   0.2   0.01  0.08  0.07  0.0   0.02  0.02  0.0   0.01  0.25  
134   A     0.11  0.04  0.01  0.01  0.01  0.13  0.08  0.04  0.02  0.05  0.19  0.02  0.07  0.07  0.0   0.03  0.02  0.02  0.04  0.05  
135   Q     0.06  0.08  0.07  0.15  0.0   0.12  0.2   0.03  0.02  0.01  0.02  0.1   0.0   0.0   0.01  0.05  0.04  0.0   0.01  0.02  
136   Y     0.11  0.02  0.02  0.0   0.02  0.01  0.06  0.02  0.01  0.08  0.31  0.02  0.06  0.03  0.0   0.02  0.06  0.02  0.05  0.08  
137   L     0.02  0.0   0.0   0.01  0.01  0.0   0.0   0.0   0.0   0.27  0.47  0.0   0.08  0.05  0.01  0.0   0.01  0.0   0.0   0.08  
138   K     0.05  0.2   0.04  0.08  0.02  0.06  0.07  0.02  0.03  0.01  0.05  0.2   0.02  0.01  0.0   0.04  0.03  0.0   0.02  0.04  
139   K     0.05  0.13  0.05  0.07  0.0   0.07  0.25  0.04  0.02  0.01  0.03  0.14  0.01  0.01  0.0   0.06  0.06  0.0   0.0   0.01  
140   Y     0.05  0.04  0.01  0.01  0.0   0.04  0.01  0.0   0.04  0.09  0.48  0.03  0.05  0.03  0.0   0.02  0.01  0.01  0.03  0.04  
141   S     0.13  0.14  0.09  0.01  0.01  0.08  0.02  0.01  0.04  0.01  0.04  0.1   0.06  0.05  0.01  0.11  0.04  0.01  0.01  0.02  
142   S     0.06  0.16  0.03  0.08  0.01  0.12  0.11  0.04  0.02  0.01  0.01  0.22  0.0   0.0   0.01  0.07  0.02  0.0   0.01  0.02  
143   D     0.02  0.03  0.12  0.12  0.0   0.1   0.14  0.23  0.04  0.01  0.0   0.05  0.0   0.0   0.0   0.05  0.03  0.0   0.0   0.02  
144   T     0.06  0.13  0.04  0.01  0.02  0.02  0.01  0.09  0.02  0.07  0.05  0.09  0.02  0.02  0.01  0.07  0.16  0.0   0.05  0.04  
145   Q     0.06  0.02  0.02  0.01  0.01  0.18  0.01  0.05  0.01  0.01  0.01  0.04  0.01  0.0   0.01  0.05  0.51  0.0   0.0   0.01  
146   F     0.04  0.03  0.0   0.0   0.01  0.0   0.0   0.01  0.0   0.21  0.07  0.0   0.05  0.16  0.0   0.05  0.11  0.0   0.01  0.24  
147   I     0.01  0.0   0.0   0.0   0.0   0.0   0.0   0.0   0.0   0.47  0.23  0.0   0.01  0.03  0.01  0.0   0.01  0.0   0.0   0.21  
148   V     0.03  0.0   0.0   0.0   0.02  0.0   0.0   0.0   0.0   0.24  0.18  0.0   0.07  0.08  0.0   0.02  0.04  0.0   0.04  0.26  
149   I     0.03  0.0   0.01  0.0   0.01  0.0   0.0   0.0   0.0   0.37  0.01  0.0   0.01  0.01  0.0   0.02  0.05  0.0   0.0   0.47  
150   T     0.14  0.0   0.0   0.0   0.0   0.0   0.05  0.0   0.01  0.01  0.04  0.0   0.0   0.0   0.0   0.15  0.57  0.0   0.0   0.01  
151   H     0.0   0.0   0.01  0.01  0.0   0.01  0.01  0.0   0.88  0.0   0.04  0.0   0.0   0.02  0.0   0.01  0.01  0.0   0.0   0.01  
152   R     0.01  0.21  0.12  0.26  0.0   0.12  0.05  0.0   0.06  0.0   0.03  0.04  0.0   0.01  0.0   0.06  0.01  0.0   0.01  0.01  
153   K     0.02  0.04  0.03  0.05  0.0   0.06  0.12  0.01  0.02  0.06  0.3   0.03  0.07  0.01  0.11  0.02  0.02  0.0   0.0   0.03  
154   G     0.03  0.05  0.07  0.1   0.0   0.08  0.29  0.05  0.02  0.02  0.02  0.03  0.0   0.0   0.03  0.15  0.02  0.0   0.01  0.03  
155   T     0.13  0.0   0.01  0.02  0.0   0.01  0.04  0.02  0.01  0.04  0.19  0.0   0.06  0.08  0.0   0.04  0.16  0.0   0.01  0.16  
156   M     0.23  0.01  0.0   0.0   0.0   0.0   0.01  0.0   0.0   0.19  0.2   0.01  0.13  0.04  0.0   0.01  0.01  0.01  0.01  0.12  
157   E     0.15  0.09  0.02  0.07  0.0   0.09  0.18  0.03  0.01  0.02  0.03  0.09  0.02  0.01  0.02  0.07  0.06  0.0   0.0   0.02  
158   E     0.05  0.11  0.07  0.06  0.01  0.06  0.06  0.01  0.04  0.03  0.12  0.07  0.05  0.03  0.0   0.03  0.02  0.0   0.09  0.09  
159   A     0.61  0.01  0.0   0.0   0.07  0.0   0.0   0.02  0.01  0.02  0.02  0.0   0.04  0.02  0.0   0.12  0.01  0.0   0.01  0.02  
160   D     0.01  0.02  0.04  0.73  0.01  0.03  0.06  0.01  0.02  0.0   0.0   0.02  0.0   0.0   0.01  0.03  0.02  0.0   0.0   0.01  
161   V     0.02  0.45  0.02  0.01  0.01  0.06  0.04  0.0   0.03  0.03  0.05  0.1   0.01  0.01  0.01  0.01  0.03  0.02  0.04  0.05  
162   L     0.03  0.01  0.01  0.01  0.01  0.01  0.01  0.0   0.02  0.37  0.16  0.01  0.01  0.02  0.01  0.01  0.02  0.0   0.0   0.27  
163   Y     0.04  0.02  0.02  0.01  0.01  0.01  0.01  0.01  0.01  0.28  0.2   0.01  0.01  0.06  0.01  0.02  0.01  0.01  0.11  0.15  
164   G     0.03  0.09  0.02  0.06  0.01  0.02  0.05  0.22  0.01  0.08  0.05  0.05  0.01  0.02  0.01  0.03  0.01  0.01  0.01  0.21  
165   V     0.02  0.01  0.0   0.0   0.0   0.0   0.01  0.02  0.02  0.27  0.09  0.01  0.07  0.01  0.0   0.01  0.02  0.0   0.0   0.43  
166   T     0.05  0.11  0.01  0.01  0.02  0.01  0.05  0.02  0.01  0.04  0.05  0.14  0.01  0.01  0.01  0.11  0.13  0.0   0.05  0.18  
167   M     0.03  0.03  0.01  0.01  0.0   0.05  0.01  0.0   0.01  0.07  0.1   0.04  0.38  0.04  0.03  0.02  0.01  0.01  0.01  0.13  
168   Q     0.09  0.09  0.05  0.03  0.0   0.14  0.18  0.04  0.01  0.03  0.06  0.08  0.04  0.01  0.0   0.04  0.02  0.0   0.01  0.04  
169   E     0.02  0.06  0.08  0.17  0.0   0.07  0.36  0.05  0.01  0.0   0.0   0.08  0.0   0.0   0.02  0.02  0.02  0.0   0.02  0.01  
170   S     0.03  0.04  0.05  0.07  0.0   0.04  0.03  0.55  0.01  0.01  0.01  0.04  0.01  0.0   0.02  0.06  0.0   0.0   0.0   0.01  
171   G     0.03  0.09  0.06  0.01  0.0   0.05  0.04  0.39  0.02  0.02  0.0   0.17  0.0   0.0   0.01  0.05  0.04  0.0   0.01  0.01  
172   V     0.01  0.01  0.01  0.02  0.01  0.01  0.01  0.01  0.09  0.29  0.06  0.01  0.01  0.01  0.02  0.02  0.05  0.0   0.01  0.33  
173   S     0.06  0.03  0.0   0.02  0.0   0.05  0.08  0.02  0.03  0.06  0.03  0.01  0.01  0.0   0.01  0.39  0.15  0.0   0.0   0.04  
174   K     0.03  0.09  0.01  0.05  0.0   0.26  0.14  0.0   0.03  0.01  0.01  0.25  0.02  0.0   0.0   0.05  0.05  0.0   0.0   0.0   
175   V     0.02  0.0   0.01  0.04  0.0   0.04  0.03  0.0   0.0   0.19  0.17  0.02  0.01  0.0   0.01  0.02  0.1   0.0   0.01  0.32  
176   I     0.0   0.0   0.0   0.03  0.0   0.01  0.05  0.11  0.0   0.15  0.16  0.02  0.05  0.13  0.0   0.02  0.0   0.0   0.02  0.23  
177   S     0.12  0.02  0.01  0.02  0.0   0.0   0.12  0.07  0.01  0.0   0.0   0.02  0.01  0.03  0.03  0.38  0.1   0.01  0.0   0.04  
178   V     0.05  0.0   0.03  0.0   0.0   0.05  0.01  0.01  0.0   0.17  0.18  0.01  0.0   0.04  0.02  0.03  0.05  0.0   0.0   0.36  
179   K     0.0   0.12  0.11  0.32  0.0   0.04  0.08  0.01  0.02  0.01  0.0   0.11  0.0   0.0   0.03  0.09  0.04  0.0   0.0   0.01  
180   L     0.01  0.1   0.01  0.01  0.0   0.02  0.0   0.01  0.0   0.07  0.54  0.04  0.04  0.08  0.03  0.0   0.01  0.0   0.0   0.02  
181   E     0.0   0.0   0.0   0.13  0.0   0.07  0.8   0.0   0.0   0.0   0.0   0.0   0.0   0.0   0.0   0.0   0.0   0.0   0.0   0.0   
