             A     R     N     D     C     Q     E     G     H     I     L     K     M     F     P     S     T     W     Y     V
1     M     0.0   0.0   0.0   0.0   0.0   0.0   0.0   0.0   0.0   0.0   0.0   0.0   1.0   0.0   0.0   0.0   0.0   0.0   0.0   0.0   
2     L     0.0   0.0   0.0   0.0   0.0   0.0   0.0   0.0   0.0   0.59  0.41  0.0   0.0   0.0   0.0   0.0   0.0   0.0   0.0   0.0   
3     F     0.0   0.0   0.21  0.0   0.0   0.0   0.36  0.0   0.0   0.0   0.0   0.23  0.0   0.21  0.0   0.0   0.0   0.0   0.0   0.0   
4     G     0.0   0.0   0.0   0.0   0.0   0.0   0.2   0.49  0.0   0.0   0.0   0.0   0.0   0.0   0.0   0.0   0.0   0.0   0.31  0.0   
5     I     0.0   0.0   0.0   0.0   0.47  0.0   0.0   0.0   0.0   0.17  0.0   0.0   0.0   0.16  0.0   0.2   0.0   0.0   0.0   0.0   
6     G     0.0   0.0   0.0   0.0   0.0   0.0   0.0   0.12  0.0   0.0   0.0   0.0   0.0   0.41  0.0   0.0   0.0   0.0   0.47  0.0   
7     L     0.0   0.0   0.0   0.0   0.0   0.0   0.0   0.0   0.0   0.13  0.73  0.0   0.0   0.14  0.0   0.0   0.0   0.0   0.0   0.0   
8     M     0.13  0.0   0.24  0.0   0.0   0.0   0.0   0.0   0.0   0.14  0.12  0.0   0.23  0.0   0.0   0.0   0.0   0.0   0.0   0.15  
9     P     0.0   0.0   0.0   0.0   0.0   0.0   0.0   0.0   0.0   0.0   0.0   0.0   0.0   0.0   0.86  0.0   0.14  0.0   0.0   0.0   
10    H     0.0   0.24  0.0   0.0   0.0   0.0   0.0   0.0   0.62  0.0   0.0   0.0   0.0   0.0   0.0   0.15  0.0   0.0   0.0   0.0   
11    G     0.0   0.0   0.0   0.0   0.0   0.0   0.0   0.5   0.0   0.0   0.0   0.0   0.0   0.0   0.5   0.0   0.0   0.0   0.0   0.0   
12    N     0.01  0.01  0.27  0.01  0.0   0.0   0.01  0.01  0.0   0.01  0.16  0.01  0.0   0.0   0.48  0.01  0.01  0.0   0.0   0.01  
13    P     0.0   0.12  0.0   0.0   0.0   0.0   0.0   0.0   0.13  0.11  0.0   0.12  0.0   0.0   0.52  0.0   0.0   0.0   0.0   0.0   
14    A     0.12  0.0   0.0   0.0   0.0   0.0   0.12  0.0   0.15  0.37  0.13  0.12  0.0   0.0   0.0   0.0   0.0   0.0   0.0   0.0   
15    L     0.0   0.0   0.0   0.0   0.0   0.0   0.0   0.0   0.0   0.0   0.65  0.0   0.0   0.0   0.0   0.0   0.0   0.0   0.0   0.35  
16    S     0.0   0.26  0.0   0.0   0.0   0.0   0.0   0.0   0.0   0.0   0.0   0.0   0.0   0.0   0.12  0.24  0.14  0.0   0.13  0.12  
17    P     0.0   0.0   0.0   0.0   0.0   0.0   0.0   0.24  0.0   0.0   0.0   0.12  0.0   0.0   0.38  0.12  0.0   0.0   0.0   0.14  
18    E     0.0   0.12  0.0   0.15  0.0   0.0   0.62  0.0   0.0   0.0   0.0   0.12  0.0   0.0   0.0   0.0   0.0   0.0   0.0   0.0   
19    D     0.0   0.0   0.0   0.26  0.0   0.13  0.23  0.12  0.0   0.0   0.12  0.0   0.0   0.0   0.0   0.0   0.0   0.0   0.0   0.15  
20    K     0.01  0.12  0.25  0.01  0.0   0.01  0.01  0.13  0.0   0.01  0.01  0.39  0.0   0.01  0.01  0.01  0.01  0.0   0.0   0.01  
21    E     0.01  0.13  0.01  0.01  0.0   0.01  0.26  0.01  0.0   0.01  0.01  0.12  0.0   0.01  0.01  0.16  0.12  0.0   0.12  0.01  
22    T     0.0   0.0   0.0   0.0   0.0   0.0   0.0   0.0   0.0   0.11  0.0   0.0   0.0   0.0   0.13  0.0   0.5   0.15  0.12  0.0   
23    E     0.0   0.0   0.0   0.0   0.0   0.22  0.34  0.0   0.12  0.0   0.0   0.32  0.0   0.0   0.0   0.0   0.0   0.0   0.0   0.0   
24    K     0.0   0.0   0.0   0.0   0.0   0.0   0.0   0.12  0.0   0.0   0.0   0.31  0.0   0.0   0.23  0.34  0.0   0.0   0.0   0.0   
25    L     0.12  0.0   0.0   0.0   0.0   0.0   0.0   0.0   0.0   0.0   0.34  0.0   0.0   0.23  0.1   0.0   0.2   0.0   0.0   0.0   
26    A     0.11  0.12  0.0   0.0   0.0   0.0   0.1   0.22  0.0   0.32  0.0   0.13  0.0   0.0   0.0   0.0   0.0   0.0   0.0   0.0   
27    G     0.1   0.0   0.0   0.22  0.0   0.0   0.0   0.32  0.0   0.11  0.0   0.0   0.0   0.0   0.12  0.0   0.0   0.0   0.0   0.13  
28    V     0.12  0.0   0.0   0.0   0.0   0.0   0.0   0.11  0.0   0.09  0.0   0.0   0.0   0.11  0.0   0.09  0.0   0.1   0.0   0.38  
29    L     0.19  0.0   0.0   0.0   0.0   0.0   0.1   0.0   0.11  0.09  0.18  0.0   0.12  0.11  0.0   0.09  0.0   0.0   0.0   0.0   
30    K     0.1   0.0   0.0   0.0   0.0   0.22  0.2   0.0   0.0   0.0   0.0   0.39  0.0   0.0   0.09  0.0   0.0   0.0   0.0   0.0   
31    D     0.0   0.1   0.21  0.19  0.0   0.0   0.2   0.0   0.2   0.0   0.0   0.0   0.0   0.0   0.0   0.0   0.11  0.0   0.0   0.0   
32    I     0.19  0.0   0.0   0.0   0.0   0.0   0.0   0.0   0.0   0.47  0.0   0.0   0.0   0.0   0.0   0.0   0.0   0.11  0.0   0.22  
33    G     0.01  0.12  0.0   0.0   0.0   0.0   0.01  0.32  0.0   0.0   0.01  0.01  0.0   0.0   0.0   0.39  0.01  0.0   0.11  0.01  
34    K     0.11  0.0   0.0   0.0   0.0   0.09  0.24  0.01  0.0   0.11  0.01  0.3   0.0   0.0   0.0   0.01  0.01  0.0   0.1   0.01  
35    A     0.19  0.11  0.0   0.0   0.0   0.0   0.19  0.0   0.0   0.09  0.0   0.32  0.0   0.0   0.0   0.0   0.0   0.0   0.0   0.1   
36    F     0.0   0.0   0.0   0.0   0.11  0.0   0.1   0.09  0.0   0.2   0.22  0.0   0.0   0.1   0.0   0.0   0.0   0.0   0.09  0.09  
37    S     0.0   0.11  0.0   0.0   0.0   0.0   0.0   0.0   0.0   0.0   0.1   0.29  0.0   0.0   0.1   0.4   0.0   0.0   0.0   0.0   
38    D     0.09  0.0   0.0   0.1   0.0   0.09  0.11  0.18  0.0   0.0   0.0   0.44  0.0   0.0   0.0   0.0   0.0   0.0   0.0   0.0   
39    A     0.2   0.0   0.09  0.0   0.0   0.0   0.0   0.0   0.0   0.0   0.0   0.0   0.0   0.0   0.6   0.0   0.0   0.0   0.0   0.11  
40    D     0.01  0.0   0.09  0.62  0.0   0.0   0.01  0.01  0.0   0.09  0.01  0.12  0.0   0.0   0.0   0.01  0.01  0.0   0.0   0.01  
41    S     0.12  0.0   0.0   0.0   0.0   0.0   0.01  0.01  0.0   0.0   0.01  0.01  0.0   0.0   0.0   0.1   0.48  0.0   0.0   0.23  
42    Y     0.09  0.0   0.0   0.0   0.0   0.0   0.01  0.01  0.0   0.32  0.11  0.01  0.0   0.0   0.0   0.01  0.01  0.0   0.2   0.21  
43    V     0.01  0.0   0.0   0.0   0.0   0.0   0.01  0.01  0.0   0.29  0.34  0.01  0.0   0.0   0.0   0.01  0.01  0.0   0.0   0.29  
44    L     0.01  0.0   0.0   0.0   0.0   0.0   0.01  0.01  0.0   0.41  0.21  0.01  0.0   0.0   0.0   0.01  0.01  0.0   0.0   0.3   
45    I     0.0   0.0   0.0   0.0   0.0   0.0   0.0   0.0   0.1   0.38  0.0   0.0   0.0   0.21  0.0   0.0   0.0   0.0   0.12  0.18  
46    S     0.09  0.0   0.0   0.11  0.0   0.0   0.0   0.19  0.0   0.0   0.0   0.0   0.0   0.0   0.0   0.43  0.18  0.0   0.0   0.0   
47    P     0.09  0.0   0.0   0.0   0.0   0.0   0.0   0.11  0.0   0.0   0.0   0.0   0.0   0.0   0.57  0.0   0.23  0.0   0.0   0.0   
48    H     0.0   0.0   0.19  0.0   0.0   0.12  0.0   0.0   0.69  0.0   0.0   0.0   0.0   0.0   0.0   0.0   0.0   0.0   0.0   0.0   
49    N     0.01  0.01  0.1   0.01  0.0   0.0   0.01  0.28  0.19  0.01  0.01  0.01  0.0   0.0   0.01  0.01  0.01  0.33  0.0   0.01  
50    V     0.0   0.0   0.0   0.0   0.0   0.0   0.11  0.0   0.0   0.1   0.0   0.0   0.0   0.12  0.0   0.09  0.19  0.11  0.18  0.1   
51    R     0.12  0.1   0.0   0.0   0.0   0.0   0.0   0.19  0.0   0.0   0.11  0.09  0.09  0.0   0.0   0.0   0.21  0.0   0.0   0.09  
52    I     0.0   0.0   0.0   0.0   0.0   0.0   0.0   0.0   0.0   0.19  0.0   0.0   0.09  0.18  0.0   0.1   0.0   0.0   0.1   0.34  
53    S     0.0   0.0   0.11  0.0   0.0   0.09  0.0   0.19  0.0   0.0   0.12  0.2   0.0   0.0   0.0   0.19  0.0   0.0   0.0   0.1   
54    D     0.0   0.0   0.0   0.39  0.0   0.0   0.0   0.19  0.0   0.0   0.0   0.0   0.0   0.0   0.11  0.3   0.0   0.0   0.0   0.0   
55    H     0.2   0.0   0.0   0.0   0.0   0.0   0.21  0.0   0.2   0.0   0.0   0.0   0.0   0.0   0.1   0.0   0.11  0.0   0.09  0.09  
56    L     0.0   0.0   0.0   0.0   0.0   0.0   0.0   0.0   0.0   0.4   0.1   0.0   0.0   0.0   0.0   0.0   0.0   0.0   0.11  0.39  
57    G     0.2   0.0   0.0   0.0   0.0   0.0   0.0   0.2   0.11  0.0   0.0   0.0   0.0   0.0   0.0   0.28  0.09  0.12  0.0   0.0   
58    V     0.1   0.0   0.0   0.0   0.0   0.0   0.01  0.01  0.0   0.2   0.22  0.0   0.0   0.0   0.0   0.01  0.01  0.0   0.0   0.42  
59    I     0.09  0.0   0.11  0.1   0.0   0.0   0.0   0.0   0.11  0.19  0.0   0.0   0.0   0.0   0.0   0.1   0.29  0.0   0.0   0.0   
60    M     0.0   0.12  0.0   0.0   0.11  0.0   0.0   0.0   0.1   0.21  0.0   0.0   0.19  0.0   0.0   0.0   0.19  0.0   0.09  0.0   
61    A     0.21  0.0   0.11  0.1   0.0   0.12  0.18  0.0   0.0   0.0   0.28  0.0   0.0   0.0   0.0   0.0   0.0   0.0   0.0   0.0   
62    Q     0.01  0.12  0.0   0.32  0.0   0.2   0.01  0.19  0.0   0.01  0.01  0.01  0.0   0.0   0.09  0.01  0.01  0.0   0.0   0.01  
63    H     0.01  0.01  0.0   0.01  0.0   0.0   0.1   0.11  0.21  0.09  0.01  0.01  0.0   0.0   0.1   0.21  0.12  0.0   0.0   0.01  
64    L     0.01  0.11  0.1   0.01  0.0   0.0   0.01  0.01  0.0   0.21  0.31  0.01  0.0   0.11  0.01  0.01  0.01  0.09  0.0   0.01  
65    I     0.01  0.01  0.0   0.01  0.0   0.0   0.32  0.01  0.21  0.1   0.01  0.09  0.0   0.0   0.01  0.2   0.01  0.0   0.0   0.01  
66    S     0.01  0.01  0.12  0.12  0.0   0.0   0.01  0.2   0.0   0.01  0.01  0.01  0.0   0.0   0.01  0.2   0.19  0.0   0.0   0.11  
67    W     0.01  0.01  0.0   0.19  0.0   0.0   0.12  0.1   0.0   0.01  0.01  0.01  0.0   0.21  0.09  0.01  0.01  0.22  0.0   0.01  
68    L     0.01  0.01  0.0   0.12  0.0   0.0   0.01  0.01  0.12  0.01  0.48  0.1   0.0   0.0   0.11  0.01  0.01  0.0   0.0   0.01  
69    G     0.01  0.01  0.0   0.21  0.0   0.0   0.13  0.29  0.0   0.11  0.01  0.01  0.0   0.0   0.12  0.09  0.01  0.0   0.0   0.01  
70    F     0.01  0.01  0.01  0.01  0.0   0.01  0.01  0.01  0.11  0.01  0.02  0.01  0.0   0.5   0.01  0.11  0.01  0.0   0.12  0.01  
71    E     0.02  0.1   0.01  0.02  0.01  0.01  0.12  0.32  0.01  0.01  0.03  0.02  0.01  0.12  0.13  0.02  0.02  0.0   0.01  0.02  
72    G     0.32  0.02  0.02  0.02  0.01  0.02  0.03  0.13  0.01  0.22  0.04  0.02  0.01  0.02  0.02  0.03  0.02  0.01  0.01  0.03  
73    V     0.23  0.21  0.01  0.02  0.01  0.01  0.02  0.02  0.01  0.02  0.03  0.02  0.01  0.01  0.21  0.02  0.02  0.0   0.01  0.12  
74    E     0.01  0.01  0.2   0.12  0.0   0.01  0.32  0.01  0.0   0.01  0.02  0.01  0.12  0.01  0.01  0.01  0.1   0.0   0.01  0.01  
75    L     0.01  0.01  0.01  0.01  0.0   0.01  0.01  0.01  0.0   0.01  0.34  0.01  0.21  0.01  0.01  0.01  0.01  0.0   0.12  0.19  
76    P     0.01  0.01  0.01  0.11  0.0   0.12  0.01  0.01  0.0   0.01  0.02  0.19  0.0   0.01  0.23  0.1   0.12  0.0   0.01  0.01  
77    G     0.01  0.01  0.01  0.01  0.0   0.01  0.01  0.24  0.0   0.01  0.01  0.01  0.09  0.2   0.01  0.01  0.01  0.0   0.33  0.01  
78    E     0.0   0.0   0.17  0.19  0.0   0.0   0.18  0.0   0.0   0.0   0.0   0.2   0.0   0.0   0.0   0.1   0.17  0.0   0.0   0.0   
79    W     0.0   0.0   0.0   0.0   0.0   0.0   0.0   0.0   0.0   0.22  0.15  0.0   0.0   0.09  0.0   0.0   0.0   0.26  0.22  0.06  
80    E     0.0   0.0   0.1   0.0   0.0   0.0   0.35  0.0   0.0   0.0   0.0   0.31  0.0   0.0   0.11  0.0   0.0   0.0   0.12  0.0   
81    T     0.11  0.0   0.09  0.0   0.06  0.0   0.0   0.1   0.0   0.15  0.0   0.0   0.0   0.1   0.0   0.12  0.26  0.0   0.0   0.0   
82    D     0.0   0.0   0.19  0.61  0.0   0.0   0.11  0.0   0.0   0.0   0.0   0.0   0.0   0.0   0.09  0.0   0.0   0.0   0.0   0.0   
83    R     0.0   0.1   0.07  0.0   0.0   0.0   0.06  0.0   0.0   0.0   0.18  0.08  0.07  0.0   0.22  0.0   0.0   0.0   0.0   0.22  
84    G     0.0   0.0   0.0   0.21  0.0   0.0   0.6   0.19  0.0   0.0   0.0   0.0   0.0   0.0   0.0   0.0   0.0   0.0   0.0   0.0   
85    L     0.0   0.0   0.0   0.0   0.0   0.0   0.0   0.0   0.0   0.17  0.71  0.0   0.0   0.13  0.0   0.0   0.0   0.0   0.0   0.0   
86    A     0.42  0.0   0.0   0.07  0.0   0.0   0.0   0.1   0.0   0.09  0.0   0.0   0.0   0.0   0.0   0.16  0.08  0.0   0.0   0.06  
87    E     0.0   0.2   0.2   0.0   0.0   0.1   0.42  0.0   0.0   0.0   0.0   0.0   0.0   0.0   0.0   0.08  0.0   0.0   0.0   0.0   
88    E     0.22  0.07  0.0   0.0   0.0   0.0   0.32  0.0   0.0   0.0   0.1   0.19  0.0   0.0   0.0   0.0   0.0   0.0   0.0   0.09  
89    V     0.01  0.01  0.01  0.1   0.23  0.01  0.01  0.01  0.0   0.28  0.01  0.01  0.0   0.08  0.01  0.01  0.01  0.0   0.0   0.22  
90    Y     0.19  0.1   0.01  0.01  0.1   0.01  0.12  0.01  0.0   0.13  0.01  0.01  0.09  0.0   0.01  0.01  0.01  0.0   0.19  0.01  
91    N     0.01  0.01  0.1   0.18  0.0   0.01  0.61  0.01  0.0   0.01  0.01  0.01  0.0   0.0   0.01  0.01  0.01  0.0   0.0   0.01  
92    A     0.1   0.0   0.0   0.0   0.0   0.0   0.29  0.0   0.0   0.11  0.38  0.0   0.0   0.0   0.0   0.12  0.0   0.0   0.0   0.0   
93    W     0.28  0.0   0.0   0.0   0.12  0.0   0.0   0.1   0.0   0.0   0.11  0.0   0.0   0.0   0.0   0.0   0.09  0.3   0.0   0.0   
94    K     0.0   0.28  0.0   0.0   0.0   0.0   0.09  0.0   0.0   0.0   0.1   0.43  0.0   0.0   0.0   0.0   0.0   0.0   0.08  0.0   
95    G     0.12  0.0   0.0   0.0   0.0   0.0   0.14  0.28  0.0   0.0   0.0   0.46  0.0   0.0   0.0   0.0   0.0   0.0   0.0   0.0   
96    A     0.32  0.09  0.0   0.0   0.2   0.0   0.08  0.0   0.0   0.0   0.2   0.0   0.0   0.0   0.0   0.11  0.0   0.0   0.0   0.0   
97    E     0.0   0.08  0.09  0.14  0.0   0.0   0.16  0.44  0.0   0.0   0.0   0.0   0.0   0.0   0.0   0.0   0.09  0.0   0.0   0.0   
98    I     0.0   0.0   0.0   0.0   0.0   0.0   0.0   0.09  0.0   0.47  0.1   0.0   0.0   0.11  0.0   0.0   0.0   0.0   0.0   0.23  
99    P     0.02  0.01  0.01  0.01  0.0   0.01  0.12  0.02  0.01  0.08  0.09  0.01  0.01  0.01  0.28  0.11  0.01  0.0   0.01  0.18  
100   T     0.01  0.11  0.01  0.21  0.0   0.01  0.01  0.01  0.0   0.19  0.01  0.01  0.0   0.0   0.01  0.09  0.31  0.0   0.0   0.01  
101   V     0.31  0.01  0.01  0.01  0.0   0.01  0.01  0.01  0.0   0.01  0.14  0.11  0.07  0.0   0.01  0.01  0.01  0.0   0.0   0.28  
102   D     0.01  0.01  0.01  0.4   0.0   0.01  0.2   0.01  0.0   0.01  0.01  0.11  0.19  0.0   0.01  0.01  0.01  0.0   0.0   0.01  
103   L     0.2   0.01  0.01  0.01  0.0   0.01  0.14  0.01  0.0   0.01  0.12  0.01  0.1   0.01  0.01  0.01  0.12  0.0   0.01  0.19  
104   H     0.02  0.02  0.01  0.13  0.01  0.01  0.09  0.02  0.21  0.02  0.03  0.02  0.01  0.01  0.02  0.11  0.23  0.0   0.01  0.02  
105   F     0.03  0.02  0.28  0.02  0.01  0.13  0.11  0.03  0.01  0.02  0.04  0.03  0.01  0.11  0.02  0.03  0.03  0.01  0.01  0.03  
106   A     0.25  0.02  0.14  0.2   0.01  0.01  0.11  0.02  0.01  0.02  0.03  0.02  0.01  0.01  0.02  0.09  0.02  0.0   0.01  0.02  
107   S     0.15  0.02  0.01  0.02  0.01  0.01  0.11  0.02  0.21  0.1   0.11  0.02  0.01  0.01  0.02  0.12  0.02  0.0   0.01  0.02  
108   R     0.02  0.24  0.01  0.02  0.01  0.01  0.02  0.02  0.01  0.2   0.31  0.02  0.01  0.01  0.02  0.02  0.02  0.0   0.01  0.02  
109   S     0.02  0.09  0.08  0.02  0.01  0.01  0.02  0.24  0.01  0.02  0.03  0.25  0.01  0.01  0.02  0.12  0.02  0.0   0.01  0.02  
110   G     0.15  0.02  0.01  0.02  0.01  0.01  0.22  0.12  0.1   0.02  0.03  0.19  0.01  0.01  0.02  0.02  0.02  0.0   0.01  0.02  
111   R     0.02  0.3   0.01  0.14  0.0   0.01  0.01  0.02  0.2   0.01  0.02  0.01  0.0   0.01  0.01  0.02  0.01  0.0   0.18  0.01  
112   Y     0.01  0.01  0.19  0.01  0.0   0.0   0.01  0.01  0.0   0.11  0.01  0.01  0.0   0.0   0.01  0.21  0.01  0.0   0.32  0.09  
113   S     0.01  0.01  0.0   0.01  0.0   0.0   0.23  0.01  0.0   0.2   0.1   0.01  0.0   0.0   0.21  0.11  0.09  0.0   0.0   0.01  
114   R     0.0   0.2   0.0   0.0   0.0   0.0   0.2   0.0   0.09  0.0   0.0   0.11  0.0   0.0   0.09  0.31  0.0   0.0   0.0   0.0   
115   W     0.0   0.11  0.0   0.0   0.0   0.0   0.0   0.0   0.0   0.0   0.1   0.09  0.0   0.22  0.0   0.09  0.0   0.1   0.0   0.28  
116   P     0.0   0.1   0.0   0.0   0.0   0.2   0.0   0.11  0.0   0.09  0.0   0.19  0.0   0.08  0.22  0.0   0.0   0.0   0.0   0.0   
117   L     0.0   0.0   0.0   0.0   0.0   0.0   0.09  0.0   0.0   0.12  0.68  0.0   0.0   0.0   0.1   0.0   0.0   0.0   0.0   0.0   
118   T     0.0   0.0   0.0   0.51  0.0   0.0   0.1   0.0   0.0   0.0   0.0   0.0   0.0   0.0   0.2   0.0   0.1   0.0   0.0   0.09  
119   W     0.0   0.0   0.0   0.0   0.0   0.09  0.0   0.0   0.28  0.0   0.0   0.0   0.0   0.2   0.0   0.0   0.12  0.1   0.2   0.0   
120   G     0.0   0.0   0.0   0.0   0.0   0.0   0.0   0.71  0.0   0.0   0.29  0.0   0.0   0.0   0.0   0.0   0.0   0.0   0.0   0.0   
121   E     0.11  0.0   0.0   0.0   0.08  0.0   0.1   0.0   0.0   0.0   0.0   0.2   0.0   0.0   0.09  0.1   0.31  0.0   0.0   0.0   
122   L     0.0   0.0   0.0   0.0   0.0   0.0   0.0   0.0   0.2   0.31  0.1   0.0   0.08  0.09  0.0   0.0   0.0   0.11  0.0   0.1   
123   I     0.0   0.0   0.0   0.0   0.0   0.0   0.0   0.0   0.0   0.1   0.29  0.0   0.0   0.0   0.0   0.0   0.1   0.0   0.0   0.51  
124   P     0.12  0.0   0.0   0.0   0.0   0.09  0.2   0.0   0.0   0.0   0.0   0.0   0.0   0.0   0.48  0.0   0.1   0.0   0.0   0.0   
125   L     0.0   0.0   0.0   0.07  0.12  0.0   0.0   0.0   0.0   0.0   0.61  0.0   0.1   0.0   0.0   0.0   0.0   0.0   0.09  0.0   
126   Q     0.0   0.2   0.12  0.0   0.0   0.1   0.0   0.0   0.1   0.0   0.2   0.0   0.11  0.0   0.0   0.0   0.0   0.0   0.17  0.0   
127   F     0.12  0.0   0.2   0.0   0.0   0.0   0.0   0.0   0.0   0.0   0.11  0.0   0.1   0.36  0.0   0.0   0.0   0.0   0.1   0.0   
128   L     0.0   0.0   0.0   0.09  0.0   0.0   0.0   0.0   0.0   0.38  0.22  0.0   0.22  0.0   0.0   0.0   0.0   0.0   0.0   0.09  
129   E     0.2   0.1   0.19  0.0   0.0   0.09  0.1   0.0   0.0   0.0   0.0   0.0   0.0   0.0   0.0   0.12  0.09  0.0   0.11  0.0   
130   K     0.0   0.1   0.0   0.22  0.0   0.0   0.0   0.0   0.0   0.0   0.0   0.47  0.0   0.0   0.21  0.0   0.0   0.0   0.0   0.0   
131   K     0.0   0.0   0.0   0.0   0.0   0.1   0.11  0.0   0.09  0.0   0.12  0.1   0.0   0.4   0.0   0.0   0.0   0.0   0.08  0.0   
132   P     0.0   0.09  0.0   0.0   0.0   0.0   0.0   0.0   0.0   0.0   0.0   0.47  0.0   0.0   0.43  0.0   0.0   0.0   0.0   0.0   
133   L     0.0   0.0   0.0   0.0   0.0   0.0   0.0   0.0   0.0   0.24  0.18  0.0   0.0   0.14  0.0   0.0   0.0   0.0   0.0   0.44  
134   V     0.0   0.0   0.0   0.0   0.11  0.0   0.0   0.0   0.0   0.09  0.09  0.0   0.0   0.0   0.0   0.0   0.0   0.0   0.0   0.71  
135   L     0.0   0.0   0.0   0.0   0.0   0.11  0.0   0.0   0.17  0.0   0.1   0.0   0.0   0.0   0.29  0.2   0.0   0.0   0.0   0.12  
136   L     0.12  0.0   0.0   0.0   0.0   0.0   0.0   0.0   0.0   0.58  0.21  0.0   0.09  0.0   0.0   0.0   0.0   0.0   0.0   0.0   
137   T     0.0   0.0   0.0   0.0   0.16  0.0   0.0   0.0   0.0   0.0   0.0   0.0   0.0   0.0   0.0   0.66  0.18  0.0   0.0   0.0   
138   P     0.1   0.0   0.0   0.0   0.0   0.0   0.0   0.0   0.0   0.0   0.09  0.0   0.2   0.1   0.1   0.0   0.0   0.0   0.3   0.11  
139   A     0.18  0.0   0.1   0.12  0.1   0.11  0.0   0.18  0.0   0.0   0.0   0.0   0.13  0.0   0.0   0.07  0.0   0.0   0.0   0.0   
140   R     0.08  0.1   0.0   0.12  0.0   0.0   0.0   0.0   0.0   0.0   0.07  0.0   0.17  0.15  0.11  0.0   0.1   0.0   0.1   0.0   
141   R     0.01  0.11  0.01  0.01  0.0   0.42  0.01  0.01  0.11  0.01  0.02  0.01  0.0   0.01  0.01  0.01  0.01  0.0   0.1   0.12  
142   L     0.15  0.02  0.01  0.02  0.01  0.01  0.02  0.02  0.11  0.02  0.5   0.02  0.01  0.01  0.02  0.02  0.02  0.0   0.01  0.02  
143   S     0.12  0.0   0.0   0.51  0.0   0.0   0.0   0.0   0.0   0.0   0.0   0.0   0.0   0.0   0.09  0.28  0.0   0.0   0.0   0.0   
144   R     0.0   0.1   0.0   0.08  0.0   0.0   0.09  0.11  0.0   0.0   0.0   0.0   0.1   0.19  0.0   0.0   0.12  0.0   0.2   0.0   
145   E     0.11  0.0   0.0   0.13  0.0   0.0   0.58  0.0   0.0   0.08  0.0   0.0   0.0   0.0   0.0   0.0   0.11  0.0   0.0   0.0   
146   T     0.0   0.13  0.0   0.11  0.0   0.0   0.18  0.0   0.0   0.0   0.0   0.07  0.0   0.0   0.0   0.06  0.34  0.0   0.11  0.0   
147   L     0.18  0.0   0.0   0.0   0.06  0.0   0.0   0.0   0.11  0.0   0.37  0.0   0.1   0.0   0.0   0.11  0.0   0.0   0.0   0.06  
148   I     0.13  0.11  0.0   0.1   0.0   0.0   0.0   0.0   0.0   0.22  0.0   0.0   0.0   0.0   0.0   0.0   0.0   0.0   0.26  0.18  
149   K     0.13  0.08  0.11  0.06  0.0   0.0   0.26  0.06  0.0   0.0   0.0   0.2   0.0   0.0   0.0   0.0   0.0   0.0   0.0   0.1   
150   A     0.09  0.0   0.0   0.0   0.0   0.0   0.0   0.0   0.0   0.0   0.45  0.0   0.0   0.15  0.0   0.0   0.0   0.0   0.0   0.31  
151   G     0.13  0.0   0.0   0.0   0.0   0.0   0.0   0.87  0.0   0.0   0.0   0.0   0.0   0.0   0.0   0.0   0.0   0.0   0.0   0.0   
152   E     0.0   0.11  0.0   0.0   0.0   0.0   0.2   0.0   0.0   0.0   0.07  0.1   0.08  0.0   0.0   0.0   0.06  0.0   0.17  0.2   
153   V     0.41  0.11  0.08  0.0   0.0   0.0   0.07  0.0   0.0   0.0   0.06  0.0   0.06  0.05  0.0   0.0   0.0   0.0   0.0   0.16  
154   L     0.01  0.01  0.01  0.01  0.0   0.01  0.01  0.01  0.0   0.37  0.21  0.01  0.0   0.01  0.01  0.01  0.11  0.0   0.0   0.21  
155   G     0.43  0.11  0.01  0.01  0.0   0.01  0.01  0.1   0.0   0.01  0.01  0.08  0.0   0.01  0.01  0.01  0.09  0.0   0.0   0.12  
156   E     0.01  0.07  0.07  0.08  0.0   0.01  0.2   0.01  0.0   0.01  0.01  0.37  0.0   0.01  0.12  0.01  0.01  0.0   0.0   0.01  
157   V     0.43  0.0   0.0   0.0   0.13  0.0   0.0   0.0   0.0   0.05  0.17  0.0   0.0   0.0   0.0   0.0   0.0   0.0   0.0   0.22  
158   L     0.18  0.01  0.0   0.01  0.0   0.0   0.01  0.01  0.0   0.42  0.1   0.01  0.0   0.0   0.01  0.01  0.01  0.0   0.0   0.22  
159   E     0.01  0.07  0.08  0.01  0.0   0.0   0.29  0.01  0.0   0.01  0.11  0.19  0.0   0.0   0.01  0.2   0.01  0.0   0.0   0.01  
160   G     0.01  0.01  0.0   0.01  0.0   0.11  0.46  0.1   0.0   0.01  0.01  0.24  0.0   0.0   0.01  0.01  0.01  0.0   0.0   0.01  
161   S     0.0   0.0   0.0   0.0   0.0   0.0   0.0   0.0   0.0   0.0   0.25  0.24  0.0   0.0   0.0   0.4   0.0   0.0   0.11  0.0   
162   E     0.0   0.0   0.36  0.18  0.0   0.0   0.09  0.36  0.0   0.0   0.0   0.0   0.0   0.0   0.0   0.0   0.0   0.0   0.0   0.0   
163   K     0.0   0.25  0.0   0.11  0.0   0.0   0.08  0.11  0.0   0.0   0.0   0.46  0.0   0.0   0.0   0.0   0.0   0.0   0.0   0.0   
164   K     0.0   0.36  0.08  0.0   0.0   0.0   0.0   0.11  0.0   0.0   0.0   0.35  0.0   0.0   0.0   0.0   0.11  0.0   0.0   0.0   
165   I     0.18  0.0   0.0   0.0   0.0   0.0   0.0   0.0   0.0   0.4   0.0   0.0   0.0   0.0   0.0   0.0   0.0   0.0   0.0   0.42  
166   A     0.4   0.0   0.0   0.0   0.0   0.0   0.0   0.0   0.0   0.06  0.11  0.0   0.0   0.0   0.0   0.0   0.0   0.0   0.0   0.43  
167   L     0.0   0.0   0.0   0.0   0.0   0.0   0.0   0.0   0.0   0.23  0.19  0.0   0.0   0.28  0.0   0.0   0.0   0.0   0.0   0.29  
168   I     0.0   0.0   0.0   0.0   0.0   0.0   0.0   0.0   0.0   0.79  0.21  0.0   0.0   0.0   0.0   0.0   0.0   0.0   0.0   0.0   
169   V     0.67  0.0   0.0   0.0   0.0   0.0   0.0   0.24  0.0   0.0   0.0   0.0   0.0   0.0   0.0   0.0   0.0   0.0   0.0   0.09  
170   S     0.0   0.0   0.0   0.0   0.0   0.0   0.0   0.0   0.0   0.0   0.0   0.0   0.0   0.0   0.0   0.87  0.0   0.0   0.0   0.13  
171   A     0.09  0.0   0.1   0.0   0.0   0.0   0.0   0.5   0.0   0.0   0.0   0.0   0.0   0.0   0.0   0.24  0.06  0.0   0.0   0.0   
172   D     0.0   0.0   0.0   0.55  0.0   0.0   0.0   0.13  0.0   0.0   0.0   0.0   0.0   0.0   0.0   0.22  0.1   0.0   0.0   0.0   
173   H     0.11  0.0   0.0   0.0   0.0   0.0   0.0   0.0   0.09  0.0   0.61  0.0   0.0   0.19  0.0   0.0   0.0   0.0   0.0   0.0   
174   G     0.0   0.0   0.0   0.0   0.0   0.0   0.0   0.09  0.0   0.0   0.0   0.0   0.0   0.0   0.0   0.68  0.23  0.0   0.0   0.0   
175   H     0.0   0.0   0.0   0.0   0.0   0.0   0.0   0.0   0.87  0.0   0.0   0.0   0.0   0.0   0.0   0.0   0.13  0.0   0.0   0.0   
176   A     0.25  0.2   0.01  0.02  0.01  0.01  0.02  0.02  0.01  0.02  0.03  0.09  0.01  0.01  0.13  0.02  0.02  0.11  0.01  0.02  
177   H     0.02  0.02  0.01  0.02  0.01  0.01  0.02  0.02  0.2   0.15  0.29  0.02  0.01  0.12  0.02  0.02  0.02  0.0   0.01  0.02  
178   D     0.13  0.09  0.01  0.35  0.01  0.01  0.02  0.02  0.01  0.02  0.03  0.02  0.01  0.11  0.02  0.02  0.09  0.0   0.01  0.02  
179   E     0.02  0.02  0.01  0.02  0.01  0.01  0.41  0.02  0.11  0.02  0.03  0.02  0.01  0.01  0.22  0.02  0.02  0.0   0.01  0.02  
180   N     0.15  0.02  0.18  0.09  0.01  0.01  0.23  0.02  0.01  0.02  0.03  0.02  0.01  0.01  0.02  0.02  0.13  0.0   0.01  0.02  
181   G     0.02  0.02  0.01  0.02  0.01  0.01  0.25  0.3   0.01  0.02  0.03  0.02  0.01  0.01  0.13  0.09  0.02  0.0   0.01  0.02  
182   P     0.02  0.02  0.01  0.15  0.01  0.01  0.02  0.02  0.12  0.02  0.03  0.02  0.12  0.01  0.36  0.02  0.02  0.0   0.01  0.02  
183   Y     0.01  0.14  0.19  0.01  0.0   0.01  0.01  0.01  0.1   0.01  0.02  0.01  0.0   0.01  0.01  0.01  0.01  0.0   0.42  0.01  
184   G     0.01  0.01  0.01  0.01  0.0   0.01  0.07  0.37  0.0   0.01  0.02  0.01  0.0   0.01  0.11  0.12  0.01  0.0   0.01  0.21  
185   Y     0.0   0.0   0.0   0.0   0.0   0.1   0.0   0.0   0.0   0.0   0.0   0.0   0.0   0.0   0.13  0.0   0.0   0.0   0.53  0.24  
186   R     0.11  0.09  0.08  0.0   0.0   0.19  0.11  0.0   0.0   0.0   0.0   0.13  0.0   0.0   0.0   0.0   0.28  0.0   0.0   0.0   
187   K     0.13  0.11  0.0   0.0   0.0   0.0   0.13  0.0   0.0   0.0   0.0   0.19  0.0   0.0   0.44  0.0   0.0   0.0   0.0   0.0   
188   E     0.14  0.0   0.0   0.0   0.0   0.12  0.26  0.0   0.0   0.1   0.0   0.14  0.0   0.0   0.0   0.0   0.0   0.11  0.0   0.13  
189   S     0.42  0.0   0.0   0.11  0.0   0.0   0.13  0.25  0.0   0.0   0.0   0.0   0.0   0.0   0.0   0.09  0.0   0.0   0.0   0.0   
190   E     0.11  0.17  0.0   0.13  0.0   0.0   0.31  0.0   0.0   0.0   0.0   0.0   0.0   0.0   0.0   0.17  0.0   0.0   0.1   0.0   
191   E     0.11  0.0   0.0   0.13  0.0   0.11  0.26  0.0   0.0   0.0   0.0   0.32  0.0   0.0   0.0   0.0   0.0   0.0   0.0   0.07  
192   Y     0.0   0.0   0.0   0.0   0.13  0.0   0.0   0.0   0.0   0.0   0.0   0.17  0.11  0.26  0.0   0.07  0.06  0.1   0.09  0.0   
193   D     0.0   0.0   0.13  0.87  0.0   0.0   0.0   0.0   0.0   0.0   0.0   0.0   0.0   0.0   0.0   0.0   0.0   0.0   0.0   0.0   
194   R     0.17  0.09  0.13  0.0   0.0   0.0   0.11  0.0   0.0   0.0   0.0   0.28  0.1   0.0   0.0   0.11  0.0   0.0   0.0   0.0   
195   L     0.0   0.21  0.13  0.0   0.0   0.0   0.14  0.0   0.0   0.11  0.09  0.0   0.0   0.0   0.0   0.0   0.07  0.11  0.07  0.06  
196   I     0.0   0.0   0.0   0.0   0.0   0.0   0.0   0.0   0.0   0.35  0.33  0.0   0.1   0.0   0.0   0.0   0.0   0.0   0.0   0.22  
197   M     0.0   0.11  0.0   0.0   0.0   0.0   0.0   0.0   0.0   0.41  0.28  0.0   0.09  0.0   0.0   0.0   0.0   0.0   0.0   0.11  
198   E     0.0   0.0   0.08  0.07  0.0   0.07  0.26  0.0   0.0   0.0   0.0   0.39  0.0   0.0   0.0   0.13  0.0   0.0   0.0   0.0   
199   L     0.24  0.0   0.08  0.17  0.0   0.0   0.0   0.0   0.0   0.0   0.51  0.0   0.0   0.0   0.0   0.0   0.0   0.0   0.0   0.0   
200   I     0.0   0.0   0.0   0.0   0.0   0.0   0.0   0.0   0.0   0.4   0.26  0.0   0.23  0.0   0.0   0.0   0.0   0.11  0.0   0.0   
201   N     0.0   0.21  0.09  0.0   0.0   0.0   0.13  0.0   0.0   0.11  0.31  0.08  0.0   0.0   0.0   0.07  0.0   0.0   0.0   0.0   
202   E     0.0   0.0   0.17  0.15  0.0   0.1   0.39  0.0   0.0   0.0   0.0   0.06  0.0   0.0   0.0   0.13  0.0   0.0   0.0   0.0   
203   S     0.0   0.0   0.0   0.0   0.0   0.0   0.0   0.53  0.0   0.0   0.13  0.0   0.25  0.0   0.0   0.09  0.0   0.0   0.0   0.0   
204   R     0.0   0.3   0.32  0.13  0.0   0.11  0.06  0.0   0.0   0.0   0.0   0.07  0.0   0.0   0.0   0.0   0.0   0.0   0.0   0.0   
205   L     0.0   0.0   0.0   0.06  0.0   0.0   0.11  0.0   0.0   0.13  0.09  0.0   0.1   0.22  0.0   0.0   0.0   0.0   0.0   0.28  
206   E     0.0   0.0   0.0   0.0   0.0   0.13  0.58  0.0   0.0   0.0   0.0   0.16  0.0   0.0   0.13  0.0   0.0   0.0   0.0   0.0   
207   E     0.13  0.0   0.0   0.0   0.0   0.0   0.73  0.14  0.0   0.0   0.0   0.0   0.0   0.0   0.0   0.0   0.0   0.0   0.0   0.0   
208   L     0.0   0.0   0.0   0.0   0.0   0.0   0.0   0.0   0.0   0.25  0.28  0.0   0.0   0.11  0.0   0.0   0.0   0.0   0.0   0.36  
209   P     0.0   0.13  0.0   0.0   0.11  0.0   0.0   0.0   0.0   0.07  0.0   0.0   0.0   0.3   0.09  0.11  0.0   0.0   0.18  0.0   
210   E     0.0   0.14  0.11  0.0   0.0   0.1   0.34  0.0   0.0   0.0   0.0   0.11  0.0   0.0   0.0   0.08  0.12  0.0   0.0   0.0   
211   I     0.26  0.08  0.01  0.01  0.0   0.01  0.02  0.02  0.01  0.18  0.12  0.01  0.19  0.01  0.01  0.02  0.01  0.0   0.01  0.02  
212   P     0.02  0.01  0.01  0.16  0.0   0.01  0.02  0.02  0.01  0.01  0.25  0.08  0.01  0.01  0.32  0.02  0.01  0.0   0.01  0.02  
213   D     0.0   0.06  0.11  0.27  0.0   0.0   0.11  0.0   0.0   0.0   0.0   0.28  0.0   0.0   0.1   0.0   0.0   0.0   0.07  0.0   
214   E     0.0   0.0   0.0   0.15  0.0   0.1   0.16  0.0   0.0   0.0   0.06  0.0   0.0   0.0   0.0   0.13  0.0   0.11  0.11  0.17  
215   L     0.11  0.0   0.0   0.0   0.0   0.0   0.0   0.0   0.0   0.0   0.17  0.11  0.0   0.1   0.0   0.0   0.08  0.0   0.2   0.18  
216   I     0.01  0.07  0.06  0.11  0.0   0.0   0.0   0.0   0.0   0.27  0.12  0.0   0.0   0.0   0.0   0.13  0.13  0.0   0.0   0.08  
217   E     0.11  0.06  0.06  0.0   0.0   0.0   0.27  0.0   0.06  0.0   0.0   0.2   0.0   0.0   0.0   0.0   0.0   0.0   0.24  0.0   
218   K     0.0   0.0   0.25  0.07  0.11  0.0   0.3   0.0   0.11  0.0   0.0   0.09  0.0   0.0   0.0   0.0   0.06  0.0   0.0   0.0   
219   A     0.54  0.0   0.0   0.0   0.0   0.0   0.0   0.0   0.0   0.18  0.0   0.0   0.0   0.0   0.11  0.0   0.0   0.0   0.11  0.06  
220   L     0.22  0.0   0.0   0.0   0.0   0.0   0.0   0.22  0.0   0.0   0.11  0.0   0.0   0.12  0.0   0.19  0.14  0.0   0.0   0.0   
221   P     0.07  0.0   0.0   0.0   0.0   0.0   0.44  0.0   0.0   0.0   0.0   0.0   0.19  0.0   0.23  0.0   0.0   0.0   0.0   0.07  
222   D     0.0   0.0   0.0   0.11  0.5   0.0   0.12  0.13  0.0   0.0   0.0   0.0   0.14  0.0   0.0   0.0   0.0   0.0   0.0   0.0   
223   S     0.0   0.0   0.13  0.0   0.0   0.0   0.0   0.64  0.12  0.0   0.0   0.0   0.0   0.0   0.0   0.11  0.0   0.0   0.0   0.0   
224   Y     0.0   0.09  0.0   0.0   0.0   0.0   0.0   0.0   0.0   0.0   0.0   0.0   0.13  0.34  0.0   0.0   0.0   0.0   0.44  0.0   
225   W     0.0   0.17  0.0   0.0   0.0   0.0   0.0   0.33  0.13  0.0   0.0   0.14  0.0   0.0   0.0   0.0   0.0   0.11  0.12  0.0   
226   Q     0.0   0.0   0.0   0.13  0.0   0.11  0.0   0.0   0.14  0.0   0.0   0.0   0.0   0.0   0.45  0.17  0.0   0.0   0.0   0.0   
227   M     0.0   0.0   0.0   0.0   0.0   0.0   0.0   0.0   0.0   0.21  0.12  0.0   0.11  0.14  0.0   0.0   0.13  0.0   0.0   0.29  
228   L     0.09  0.0   0.0   0.0   0.08  0.0   0.0   0.0   0.26  0.19  0.11  0.0   0.0   0.0   0.0   0.07  0.07  0.0   0.0   0.13  
229   I     0.33  0.0   0.0   0.0   0.0   0.0   0.0   0.0   0.0   0.11  0.0   0.0   0.13  0.0   0.0   0.0   0.0   0.14  0.0   0.29  
230   M     0.0   0.0   0.0   0.0   0.0   0.0   0.0   0.0   0.0   0.0   0.36  0.0   0.52  0.0   0.0   0.0   0.0   0.0   0.0   0.12  
231   L     0.0   0.0   0.0   0.0   0.0   0.0   0.0   0.0   0.0   0.07  0.87  0.0   0.0   0.0   0.0   0.0   0.0   0.0   0.0   0.07  
232   G     0.0   0.0   0.0   0.0   0.0   0.0   0.0   0.67  0.0   0.0   0.0   0.19  0.0   0.0   0.0   0.0   0.14  0.0   0.0   0.0   
233   A     0.7   0.0   0.0   0.0   0.0   0.0   0.0   0.0   0.0   0.0   0.0   0.0   0.13  0.0   0.0   0.0   0.09  0.0   0.0   0.08  
234   M     0.08  0.0   0.0   0.0   0.0   0.0   0.0   0.0   0.0   0.0   0.5   0.0   0.34  0.0   0.0   0.08  0.0   0.0   0.0   0.0   
235   H     0.0   0.0   0.0   0.0   0.0   0.0   0.0   0.0   0.38  0.0   0.0   0.62  0.0   0.0   0.0   0.0   0.0   0.0   0.0   0.0   
236   R     0.0   0.38  0.0   0.0   0.0   0.0   0.31  0.0   0.0   0.0   0.0   0.3   0.0   0.0   0.0   0.0   0.0   0.0   0.0   0.0   
237   V     0.0   0.0   0.0   0.0   0.31  0.0   0.0   0.0   0.0   0.0   0.3   0.0   0.0   0.0   0.0   0.0   0.0   0.0   0.0   0.38  
238   P     0.0   0.0   0.0   0.0   0.0   0.0   0.0   0.5   0.0   0.0   0.0   0.0   0.0   0.0   0.5   0.0   0.0   0.0   0.0   0.0   
239   V     0.5   0.0   0.0   0.0   0.0   0.0   0.0   0.0   0.0   0.0   0.0   0.0   0.0   0.0   0.0   0.0   0.0   0.0   0.0   0.5   
240   K     0.0   0.0   0.0   0.0   0.0   0.0   0.0   0.0   0.0   0.0   0.0   1.0   0.0   0.0   0.0   0.0   0.0   0.0   0.0   0.0   
241   L     0.0   0.0   0.5   0.0   0.0   0.0   0.0   0.0   0.0   0.0   0.5   0.0   0.0   0.0   0.0   0.0   0.0   0.0   0.0   0.0   
242   V     0.0   0.0   0.0   0.0   0.0   0.0   0.0   0.0   0.0   0.0   0.0   0.0   0.0   0.0   0.0   0.0   0.5   0.0   0.0   0.5   
243   E     0.0   0.0   0.0   0.0   0.0   0.0   1.0   0.0   0.0   0.0   0.0   0.0   0.0   0.0   0.0   0.0   0.0   0.0   0.0   0.0   
244   S     0.0   0.0   0.0   0.0   0.0   0.0   0.0   0.0   0.0   0.0   0.0   0.0   0.0   0.0   0.0   0.0   0.0   0.0   0.0   0.0   
245   A     0.0   0.0   0.0   0.0   0.0   0.0   0.0   0.0   0.0   0.0   0.0   0.0   0.0   0.0   0.0   0.0   0.0   0.0   0.0   0.0   
246   Y     0.0   0.0   0.0   0.0   0.0   0.0   0.0   0.0   0.0   0.0   0.0   0.0   0.0   0.0   0.0   0.0   0.0   0.0   0.0   0.0   
247   A     0.0   0.0   0.0   0.0   0.0   0.0   0.0   0.0   0.0   0.0   0.0   0.0   0.0   0.0   0.0   0.0   0.0   0.0   0.0   0.0   
248   C     0.0   0.0   0.0   0.0   0.0   0.0   0.0   0.0   0.0   0.0   0.0   0.0   0.0   0.0   0.0   0.0   0.0   0.0   0.0   0.0   
249   P     0.0   0.0   0.0   0.0   0.0   0.0   0.0   0.0   0.0   0.0   0.0   0.0   0.0   0.0   0.0   0.0   0.0   0.0   0.0   0.0   
250   T     0.0   0.0   0.0   0.0   0.0   0.0   0.0   0.0   0.0   0.0   0.0   0.0   0.0   0.0   0.0   0.0   0.0   0.0   0.0   0.0   
251   Y     0.0   0.0   0.0   0.0   0.0   0.0   0.0   0.0   0.0   0.0   0.0   0.0   0.0   0.0   0.0   0.0   0.0   0.0   0.0   0.0   
252   F     0.0   0.0   0.0   0.0   0.0   0.0   0.0   0.0   0.0   0.0   0.0   0.0   0.0   0.0   0.0   0.0   0.0   0.0   0.0   0.0   
253   G     0.0   0.0   0.0   0.0   0.0   0.0   0.0   0.0   0.0   0.0   0.0   0.0   0.0   0.0   0.0   0.0   0.0   0.0   0.0   0.0   
254   M     0.0   0.0   0.0   0.0   0.0   0.0   0.0   0.0   0.0   0.0   0.0   0.0   0.0   0.0   0.0   0.0   0.0   0.0   0.0   0.0   
255   A     0.0   0.0   0.0   0.0   0.0   0.0   0.0   0.0   0.0   0.0   0.0   0.0   0.0   0.0   0.0   0.0   0.0   0.0   0.0   0.0   
256   G     0.0   0.0   0.0   0.0   0.0   0.0   0.0   0.0   0.0   0.0   0.0   0.0   0.0   0.0   0.0   0.0   0.0   0.0   0.0   0.0   
257   A     0.0   0.0   0.0   0.0   0.0   0.0   0.0   0.0   0.0   0.0   0.0   0.0   0.0   0.0   0.0   0.0   0.0   0.0   0.0   0.0   
258   L     0.0   0.0   0.0   0.0   0.0   0.0   0.0   0.0   0.0   0.0   0.0   0.0   0.0   0.0   0.0   0.0   0.0   0.0   0.0   0.0   
259   W     0.0   0.0   0.0   0.0   0.0   0.0   0.0   0.0   0.0   0.0   0.0   0.0   0.0   0.0   0.0   0.0   0.0   0.0   0.0   0.0   
260   V     0.0   0.0   0.0   0.0   0.0   0.0   0.0   0.0   0.0   0.0   0.0   0.0   0.0   0.0   0.0   0.0   0.0   0.0   0.0   0.0   
261   R     0.0   0.0   0.0   0.0   0.0   0.0   0.0   0.0   0.0   0.0   0.0   0.0   0.0   0.0   0.0   0.0   0.0   0.0   0.0   0.0   
262   E     0.0   0.0   0.0   0.0   0.0   0.0   0.0   0.0   0.0   0.0   0.0   0.0   0.0   0.0   0.0   0.0   0.0   0.0   0.0   0.0   
