             A     R     N     D     C     Q     E     G     H     I     L     K     M     F     P     S     T     W     Y     V
1     A     1.0   0.0   0.0   0.0   0.0   0.0   0.0   0.0   0.0   0.0   0.0   0.0   0.0   0.0   0.0   0.0   0.0   0.0   0.0   0.0   
2     S     0.0   0.0   0.0   0.0   0.0   0.0   0.0   0.0   0.0   0.0   0.0   0.0   0.0   0.0   0.0   1.0   0.0   0.0   0.0   0.0   
3     P     0.0   0.0   0.0   0.0   0.0   0.0   0.0   0.0   0.0   0.0   0.0   0.0   0.0   0.0   1.0   0.0   0.0   0.0   0.0   0.0   
4     D     0.0   0.0   0.0   1.0   0.0   0.0   0.0   0.0   0.0   0.0   0.0   0.0   0.0   0.0   0.0   0.0   0.0   0.0   0.0   0.0   
5     D     0.0   0.0   0.0   1.0   0.0   0.0   0.0   0.0   0.0   0.0   0.0   0.0   0.0   0.0   0.0   0.0   0.0   0.0   0.0   0.0   
6     N     0.0   0.0   1.0   0.0   0.0   0.0   0.0   0.0   0.0   0.0   0.0   0.0   0.0   0.0   0.0   0.0   0.0   0.0   0.0   0.0   
7     F     0.0   0.0   0.0   0.0   0.0   0.0   0.0   0.0   0.0   0.0   0.0   0.0   0.0   1.0   0.0   0.0   0.0   0.0   0.0   0.0   
8     S     0.0   0.0   0.0   0.0   0.0   0.0   0.0   0.0   0.0   0.0   0.0   0.0   0.0   0.0   0.0   1.0   0.0   0.0   0.0   0.0   
9     P     0.0   0.0   0.0   0.0   0.0   0.0   0.0   0.0   0.0   0.0   0.0   0.0   0.0   0.0   1.0   0.0   0.0   0.0   0.0   0.0   
10    E     0.0   0.0   0.0   0.0   0.0   0.0   1.0   0.0   0.0   0.0   0.0   0.0   0.0   0.0   0.0   0.0   0.0   0.0   0.0   0.0   
11    T     0.0   0.0   0.0   0.0   0.0   0.0   0.0   0.0   0.0   0.0   0.0   0.0   0.0   0.0   0.0   0.0   1.0   0.0   0.0   0.0   
12    L     0.0   0.0   0.0   0.0   0.0   0.0   0.0   0.0   0.0   0.0   1.0   0.0   0.0   0.0   0.0   0.0   0.0   0.0   0.0   0.0   
13    Q     0.0   0.0   0.0   0.0   0.0   1.0   0.0   0.0   0.0   0.0   0.0   0.0   0.0   0.0   0.0   0.0   0.0   0.0   0.0   0.0   
14    F     0.0   0.0   0.0   0.0   0.0   0.0   0.0   0.0   0.0   0.0   0.0   0.0   0.0   1.0   0.0   0.0   0.0   0.0   0.0   0.0   
15    L     0.0   0.0   0.0   0.0   0.0   0.0   0.0   0.0   0.0   0.0   0.54  0.0   0.0   0.0   0.0   0.0   0.0   0.0   0.0   0.46  
16    R     0.0   0.54  0.0   0.0   0.0   0.0   0.0   0.0   0.0   0.0   0.0   0.46  0.0   0.0   0.0   0.0   0.0   0.0   0.0   0.0   
17    N     0.46  0.0   0.54  0.0   0.0   0.0   0.0   0.0   0.0   0.0   0.0   0.0   0.0   0.0   0.0   0.0   0.0   0.0   0.0   0.0   
18    N     0.0   0.0   0.54  0.0   0.0   0.0   0.0   0.46  0.0   0.0   0.0   0.0   0.0   0.0   0.0   0.0   0.0   0.0   0.0   0.0   
19    T     0.28  0.0   0.0   0.0   0.0   0.0   0.0   0.0   0.0   0.0   0.0   0.0   0.0   0.0   0.0   0.0   0.45  0.0   0.0   0.27  
20    G     0.0   0.0   0.0   0.0   0.0   0.0   0.0   1.0   0.0   0.0   0.0   0.0   0.0   0.0   0.0   0.0   0.0   0.0   0.0   0.0   
21    L     0.0   0.0   0.0   0.0   0.0   0.0   0.0   0.0   0.0   0.0   1.0   0.0   0.0   0.0   0.0   0.0   0.0   0.0   0.0   0.0   
22    D     0.0   0.0   0.25  0.75  0.0   0.0   0.0   0.0   0.0   0.0   0.0   0.0   0.0   0.0   0.0   0.0   0.0   0.0   0.0   0.0   
23    G     0.0   0.0   0.0   0.4   0.0   0.0   0.0   0.35  0.0   0.0   0.0   0.25  0.0   0.0   0.0   0.0   0.0   0.0   0.0   0.0   
24    E     0.0   0.0   0.0   0.25  0.0   0.0   0.35  0.0   0.0   0.0   0.0   0.0   0.0   0.0   0.4   0.0   0.0   0.0   0.0   0.0   
25    Q     0.0   0.0   0.0   0.0   0.0   0.6   0.0   0.0   0.4   0.0   0.0   0.0   0.0   0.0   0.0   0.0   0.0   0.0   0.0   0.0   
26    W     0.0   0.0   0.0   0.0   0.0   0.0   0.0   0.0   0.0   0.0   0.0   0.65  0.0   0.0   0.0   0.0   0.0   0.35  0.0   0.0   
27    N     0.0   0.25  0.35  0.0   0.0   0.0   0.0   0.0   0.0   0.0   0.0   0.4   0.0   0.0   0.0   0.0   0.0   0.0   0.0   0.0   
28    N     0.0   0.25  0.35  0.2   0.0   0.0   0.2   0.0   0.0   0.0   0.0   0.0   0.0   0.0   0.0   0.0   0.0   0.0   0.0   0.0   
29    I     0.25  0.0   0.0   0.0   0.0   0.0   0.0   0.0   0.0   0.75  0.0   0.0   0.0   0.0   0.0   0.0   0.0   0.0   0.0   0.0   
30    M     0.0   0.0   0.0   0.0   0.0   0.0   0.25  0.0   0.0   0.0   0.0   0.0   0.75  0.0   0.0   0.0   0.0   0.0   0.0   0.0   
31    K     0.0   0.0   0.0   0.0   0.0   0.45  0.2   0.0   0.0   0.0   0.0   0.35  0.0   0.0   0.0   0.0   0.0   0.0   0.0   0.0   
32    L     0.0   0.0   0.0   0.0   0.0   0.0   0.0   0.0   0.0   0.0   1.0   0.0   0.0   0.0   0.0   0.0   0.0   0.0   0.0   0.0   
33    I     0.0   0.0   0.0   0.0   0.0   0.0   0.0   0.0   0.0   0.35  0.0   0.0   0.0   0.0   0.0   0.0   0.25  0.0   0.0   0.4   
34    N     0.0   0.0   0.35  0.0   0.0   0.0   0.0   0.0   0.0   0.0   0.0   0.0   0.0   0.0   0.0   0.65  0.0   0.0   0.0   0.0   
35    K     0.0   0.0   0.0   0.0   0.0   0.0   0.0   0.0   0.0   0.25  0.0   0.35  0.0   0.0   0.0   0.4   0.0   0.0   0.0   0.0   
36    P     0.4   0.0   0.0   0.0   0.0   0.0   0.0   0.0   0.0   0.0   0.0   0.0   0.0   0.25  0.35  0.0   0.0   0.0   0.0   0.0   
37    Q     0.0   0.0   0.0   0.0   0.0   0.18  0.82  0.0   0.0   0.0   0.0   0.0   0.0   0.0   0.0   0.0   0.0   0.0   0.0   0.0   
38    Q     0.0   0.0   0.65  0.0   0.0   0.35  0.0   0.0   0.0   0.0   0.0   0.0   0.0   0.0   0.0   0.0   0.0   0.0   0.0   0.0   
39    D     0.0   0.0   0.0   0.35  0.0   0.0   0.0   0.25  0.0   0.0   0.0   0.0   0.0   0.0   0.0   0.4   0.0   0.0   0.0   0.0   
40    D     0.0   0.0   0.0   0.35  0.0   0.0   0.0   0.0   0.0   0.0   0.0   0.0   0.0   0.0   0.0   0.4   0.25  0.0   0.0   0.0   
41    L     0.0   0.0   0.0   0.0   0.0   0.0   0.0   0.0   0.0   0.0   0.75  0.0   0.0   0.0   0.0   0.0   0.25  0.0   0.0   0.0   
42    N     0.0   0.0   0.35  0.4   0.0   0.0   0.25  0.0   0.0   0.0   0.0   0.0   0.0   0.0   0.0   0.0   0.0   0.0   0.0   0.0   
43    W     0.02  0.01  0.01  0.01  0.0   0.01  0.02  0.02  0.01  0.01  0.02  0.01  0.01  0.01  0.01  0.02  0.01  0.76  0.01  0.02  
44    I     0.02  0.01  0.01  0.01  0.0   0.01  0.02  0.02  0.01  0.36  0.02  0.42  0.01  0.01  0.01  0.02  0.01  0.0   0.01  0.02  
45    K     0.2   0.0   0.0   0.0   0.0   0.0   0.0   0.0   0.0   0.25  0.0   0.35  0.0   0.0   0.0   0.2   0.0   0.0   0.0   0.0   
46    Y     0.0   0.0   0.0   0.0   0.0   0.65  0.0   0.0   0.0   0.0   0.0   0.0   0.0   0.0   0.0   0.0   0.0   0.0   0.35  0.0   
47    Y     0.0   0.0   0.0   0.0   0.0   0.0   0.0   0.0   0.0   0.0   0.0   0.0   0.0   0.0   0.0   0.0   0.0   0.0   1.0   0.0   
48    G     0.0   0.0   0.0   0.0   0.0   0.0   0.0   0.6   0.0   0.0   0.0   0.4   0.0   0.0   0.0   0.0   0.0   0.0   0.0   0.0   
49    Y     0.0   0.0   0.0   0.0   0.0   0.0   0.0   0.0   0.0   0.0   0.0   0.0   0.0   0.0   0.0   0.0   0.0   0.0   1.0   0.0   
50    A     0.18  0.0   0.0   0.0   0.17  0.0   0.0   0.0   0.0   0.4   0.0   0.0   0.0   0.0   0.0   0.0   0.0   0.0   0.0   0.25  
51    E     0.0   0.0   0.0   0.0   0.0   0.0   1.0   0.0   0.0   0.0   0.0   0.0   0.0   0.0   0.0   0.0   0.0   0.0   0.0   0.0   
52    D     0.0   0.25  0.0   0.75  0.0   0.0   0.0   0.0   0.0   0.0   0.0   0.0   0.0   0.0   0.0   0.0   0.0   0.0   0.0   0.0   
53    I     0.0   0.0   0.0   0.0   0.0   0.0   0.0   0.0   0.0   0.75  0.25  0.0   0.0   0.0   0.0   0.0   0.0   0.0   0.0   0.0   
54    E     0.0   0.0   0.0   0.25  0.0   0.0   0.35  0.2   0.0   0.0   0.0   0.2   0.0   0.0   0.0   0.0   0.0   0.0   0.0   0.0   
55    D     0.0   0.0   0.0   1.0   0.0   0.0   0.0   0.0   0.0   0.0   0.0   0.0   0.0   0.0   0.0   0.0   0.0   0.0   0.0   0.0   
56    E     0.0   0.0   0.0   0.0   0.0   0.0   0.35  0.65  0.0   0.0   0.0   0.0   0.0   0.0   0.0   0.0   0.0   0.0   0.0   0.0   
57    R     0.0   1.0   0.0   0.0   0.0   0.0   0.0   0.0   0.0   0.0   0.0   0.0   0.0   0.0   0.0   0.0   0.0   0.0   0.0   0.0   
58    G     0.0   0.0   0.0   0.0   0.0   0.0   0.0   1.0   0.0   0.0   0.0   0.0   0.0   0.0   0.0   0.0   0.0   0.0   0.0   0.0   
59    Y     0.0   0.0   0.0   0.0   0.0   0.0   0.0   0.0   0.0   0.0   0.0   0.0   0.0   0.0   0.0   0.0   0.0   0.0   1.0   0.0   
60    T     0.0   0.0   0.0   0.0   0.0   0.0   0.0   0.0   0.0   0.0   0.0   0.0   0.0   0.0   0.0   0.0   1.0   0.0   0.0   0.0   
61    I     0.2   0.0   0.0   0.0   0.25  0.0   0.0   0.2   0.0   0.35  0.0   0.0   0.0   0.0   0.0   0.0   0.0   0.0   0.0   0.0   
62    G     0.0   0.0   0.0   0.0   0.0   0.0   0.0   1.0   0.0   0.0   0.0   0.0   0.0   0.0   0.0   0.0   0.0   0.0   0.0   0.0   
63    L     0.0   0.25  0.0   0.0   0.0   0.0   0.0   0.0   0.0   0.4   0.35  0.0   0.0   0.0   0.0   0.0   0.0   0.0   0.0   0.0   
64    F     0.25  0.0   0.0   0.0   0.0   0.0   0.0   0.0   0.0   0.4   0.0   0.0   0.0   0.35  0.0   0.0   0.0   0.0   0.0   0.0   
65    G     0.0   0.0   0.0   0.0   0.0   0.0   0.0   1.0   0.0   0.0   0.0   0.0   0.0   0.0   0.0   0.0   0.0   0.0   0.0   0.0   
66    A     0.35  0.0   0.0   0.0   0.0   0.0   0.0   0.0   0.0   0.0   0.0   0.0   0.0   0.65  0.0   0.0   0.0   0.0   0.0   0.0   
67    T     0.0   0.0   0.0   0.0   0.4   0.0   0.0   0.0   0.0   0.0   0.0   0.0   0.0   0.0   0.0   0.0   0.6   0.0   0.0   0.0   
68    T     0.0   0.0   0.0   0.0   0.0   0.0   0.0   0.0   0.0   0.0   0.0   0.0   0.0   0.0   0.0   0.4   0.6   0.0   0.0   0.0   
69    G     0.25  0.0   0.0   0.0   0.0   0.0   0.0   0.75  0.0   0.0   0.0   0.0   0.0   0.0   0.0   0.0   0.0   0.0   0.0   0.0   
70    G     0.0   0.0   0.0   0.0   0.0   0.0   0.0   0.35  0.0   0.0   0.0   0.0   0.0   0.0   0.0   0.0   0.65  0.0   0.0   0.0   
71    S     0.0   0.0   0.0   0.0   0.0   0.0   0.0   0.65  0.0   0.0   0.0   0.0   0.0   0.0   0.0   0.35  0.0   0.0   0.0   0.0   
72    R     0.05  0.38  0.03  0.03  0.01  0.03  0.04  0.05  0.01  0.03  0.06  0.04  0.01  0.03  0.03  0.05  0.04  0.01  0.02  0.04  
73    D     0.05  0.03  0.03  0.39  0.01  0.03  0.04  0.05  0.01  0.03  0.06  0.04  0.01  0.03  0.03  0.05  0.04  0.01  0.02  0.04  
74    T     0.05  0.03  0.03  0.03  0.01  0.03  0.04  0.05  0.01  0.03  0.06  0.04  0.01  0.03  0.03  0.05  0.39  0.01  0.02  0.04  
75    H     0.05  0.03  0.03  0.03  0.01  0.03  0.04  0.05  0.37  0.03  0.06  0.04  0.01  0.03  0.03  0.05  0.04  0.01  0.02  0.04  
76    P     0.05  0.03  0.03  0.03  0.01  0.03  0.04  0.05  0.01  0.03  0.06  0.04  0.01  0.03  0.38  0.05  0.04  0.01  0.02  0.04  
77    D     0.0   0.0   0.0   1.0   0.0   0.0   0.0   0.0   0.0   0.0   0.0   0.0   0.0   0.0   0.0   0.0   0.0   0.0   0.0   0.0   
78    G     0.25  0.0   0.0   0.0   0.0   0.0   0.0   0.35  0.0   0.0   0.0   0.0   0.4   0.0   0.0   0.0   0.0   0.0   0.0   0.0   
79    P     0.0   0.0   0.0   0.0   0.0   0.0   0.0   0.0   0.0   0.0   0.65  0.0   0.0   0.0   0.35  0.0   0.0   0.0   0.0   0.0   
80    D     0.0   0.0   0.0   0.55  0.0   0.0   0.45  0.0   0.0   0.0   0.0   0.0   0.0   0.0   0.0   0.0   0.0   0.0   0.0   0.0   
81    L     0.0   0.0   0.0   0.0   0.0   0.0   0.0   0.0   0.0   0.0   0.75  0.0   0.0   0.0   0.0   0.0   0.0   0.0   0.0   0.25  
82    F     0.0   0.0   0.0   0.0   0.0   0.0   0.0   0.0   0.0   0.0   0.0   0.0   0.0   0.35  0.0   0.0   0.0   0.0   0.0   0.65  
83    K     0.2   0.0   0.0   0.0   0.0   0.2   0.25  0.0   0.0   0.0   0.0   0.35  0.0   0.0   0.0   0.0   0.0   0.0   0.0   0.0   
84    A     0.35  0.0   0.0   0.2   0.0   0.0   0.0   0.0   0.2   0.0   0.0   0.0   0.0   0.0   0.0   0.0   0.0   0.0   0.0   0.25  
85    Y     0.0   0.0   0.0   0.0   0.0   0.0   0.0   0.0   0.0   0.0   0.0   0.0   0.0   0.0   0.0   0.0   0.0   0.0   1.0   0.0   
86    D     0.03  0.02  0.02  0.37  0.01  0.02  0.03  0.03  0.01  0.02  0.04  0.03  0.01  0.02  0.02  0.03  0.23  0.01  0.01  0.03  
87    A     0.39  0.02  0.02  0.23  0.01  0.02  0.03  0.03  0.01  0.02  0.04  0.03  0.01  0.02  0.02  0.03  0.03  0.01  0.01  0.03  
88    A     0.35  0.0   0.0   0.0   0.0   0.0   0.0   0.0   0.0   0.0   0.2   0.0   0.0   0.0   0.0   0.0   0.45  0.0   0.0   0.0   
89    K     0.0   0.0   0.0   0.2   0.0   0.0   0.0   0.0   0.0   0.0   0.0   0.8   0.0   0.0   0.0   0.0   0.0   0.0   0.0   0.0   
90    G     0.26  0.01  0.01  0.01  0.0   0.01  0.01  0.37  0.0   0.01  0.22  0.01  0.0   0.01  0.01  0.01  0.01  0.0   0.01  0.01  
91    A     0.37  0.01  0.01  0.01  0.0   0.01  0.21  0.01  0.0   0.01  0.02  0.01  0.0   0.01  0.01  0.01  0.01  0.0   0.01  0.26  
92    S     0.0   0.0   0.0   0.0   0.0   0.0   0.0   0.0   0.0   0.0   0.0   0.0   0.0   0.0   0.65  0.35  0.0   0.0   0.0   0.0   
93    N     0.0   0.0   0.6   0.0   0.0   0.0   0.0   0.4   0.0   0.0   0.0   0.0   0.0   0.0   0.0   0.0   0.0   0.0   0.0   0.0   
94    P     0.0   0.0   0.65  0.0   0.0   0.0   0.0   0.0   0.0   0.0   0.0   0.0   0.0   0.0   0.35  0.0   0.0   0.0   0.0   0.0   
95    S     0.0   0.0   0.0   0.0   0.0   0.0   0.0   0.0   0.0   0.4   0.0   0.25  0.0   0.0   0.0   0.35  0.0   0.0   0.0   0.0   
96    A     0.35  0.0   0.0   0.0   0.0   0.0   0.0   0.0   0.0   0.0   0.65  0.0   0.0   0.0   0.0   0.0   0.0   0.0   0.0   0.0   
97    D     0.4   0.0   0.0   0.35  0.0   0.0   0.0   0.0   0.0   0.0   0.0   0.25  0.0   0.0   0.0   0.0   0.0   0.0   0.0   0.0   
98    G     0.0   0.0   0.0   0.0   0.0   0.0   0.0   0.35  0.0   0.0   0.0   0.65  0.0   0.0   0.0   0.0   0.0   0.0   0.0   0.0   
99    A     0.35  0.0   0.0   0.0   0.0   0.0   0.0   0.0   0.0   0.0   0.0   0.0   0.0   0.0   0.0   0.0   0.0   0.0   0.65  0.0   
100   L     0.0   0.0   0.0   0.0   0.0   0.0   0.0   0.0   0.0   0.0   1.0   0.0   0.0   0.0   0.0   0.0   0.0   0.0   0.0   0.0   
101   K     0.0   0.0   0.0   0.0   0.0   0.0   0.0   0.0   0.0   0.0   0.0   0.35  0.0   0.0   0.65  0.0   0.0   0.0   0.0   0.0   
102   R     0.4   0.35  0.0   0.0   0.0   0.0   0.25  0.0   0.0   0.0   0.0   0.0   0.0   0.0   0.0   0.0   0.0   0.0   0.0   0.0   
103   L     0.0   0.0   0.0   0.0   0.0   0.0   0.0   0.0   0.0   0.0   1.0   0.0   0.0   0.0   0.0   0.0   0.0   0.0   0.0   0.0   
104   G     0.0   0.45  0.0   0.0   0.0   0.0   0.0   0.35  0.0   0.0   0.0   0.2   0.0   0.0   0.0   0.0   0.0   0.0   0.0   0.0   
105   I     0.0   0.25  0.0   0.0   0.0   0.0   0.0   0.0   0.0   0.35  0.0   0.0   0.0   0.0   0.0   0.0   0.0   0.0   0.0   0.4   
106   N     0.0   0.0   0.75  0.0   0.0   0.0   0.0   0.0   0.0   0.0   0.25  0.0   0.0   0.0   0.0   0.0   0.0   0.0   0.0   0.0   
107   G     0.25  0.0   0.0   0.0   0.0   0.0   0.0   0.75  0.0   0.0   0.0   0.0   0.0   0.0   0.0   0.0   0.0   0.0   0.0   0.0   
108   K     0.0   0.0   0.0   0.0   0.0   0.0   0.0   0.0   0.0   0.0   0.0   0.6   0.0   0.0   0.0   0.2   0.2   0.0   0.0   0.0   
109   M     0.2   0.0   0.0   0.0   0.0   0.0   0.45  0.0   0.0   0.0   0.0   0.0   0.35  0.0   0.0   0.0   0.0   0.0   0.0   0.0   
110   K     0.0   0.0   0.0   0.0   0.0   0.0   0.25  0.0   0.0   0.0   0.0   0.35  0.0   0.0   0.0   0.4   0.0   0.0   0.0   0.0   
111   G     0.0   0.0   0.0   0.0   0.0   0.0   0.0   0.35  0.4   0.0   0.0   0.0   0.0   0.0   0.0   0.25  0.0   0.0   0.0   0.0   
112   S     0.22  0.01  0.01  0.01  0.0   0.01  0.02  0.02  0.01  0.01  0.02  0.01  0.01  0.01  0.01  0.57  0.01  0.0   0.01  0.02  
113   I     0.02  0.01  0.01  0.01  0.0   0.01  0.02  0.42  0.01  0.36  0.02  0.01  0.01  0.01  0.01  0.02  0.01  0.0   0.01  0.02  
114   L     0.02  0.01  0.01  0.01  0.0   0.01  0.02  0.02  0.01  0.01  0.78  0.01  0.01  0.01  0.01  0.02  0.01  0.0   0.01  0.02  
115   E     0.02  0.01  0.01  0.26  0.0   0.01  0.36  0.22  0.0   0.01  0.02  0.01  0.0   0.01  0.01  0.01  0.01  0.0   0.01  0.01  
116   I     0.02  0.01  0.01  0.26  0.0   0.01  0.01  0.01  0.0   0.36  0.02  0.01  0.0   0.01  0.01  0.01  0.21  0.0   0.01  0.01  
117   K     0.02  0.01  0.01  0.01  0.0   0.01  0.01  0.01  0.0   0.01  0.02  0.36  0.0   0.01  0.21  0.01  0.26  0.0   0.01  0.01  
118   D     0.03  0.02  0.02  0.37  0.01  0.02  0.03  0.03  0.01  0.02  0.04  0.02  0.01  0.02  0.02  0.27  0.02  0.01  0.01  0.03  
119   S     0.03  0.02  0.26  0.02  0.01  0.02  0.03  0.03  0.01  0.02  0.04  0.02  0.01  0.02  0.02  0.38  0.02  0.01  0.01  0.03  
120   E     0.22  0.01  0.01  0.01  0.0   0.01  0.36  0.01  0.0   0.01  0.26  0.01  0.0   0.01  0.01  0.01  0.01  0.0   0.01  0.01  
121   K     0.02  0.01  0.01  0.01  0.0   0.01  0.01  0.01  0.0   0.01  0.02  0.61  0.0   0.01  0.01  0.22  0.01  0.0   0.01  0.01  
122   V     0.22  0.01  0.01  0.01  0.0   0.01  0.01  0.26  0.0   0.01  0.02  0.01  0.0   0.01  0.01  0.01  0.01  0.0   0.01  0.36  
123   F     0.0   0.0   0.0   0.0   0.0   0.0   0.0   0.0   0.0   0.0   0.0   0.0   0.0   1.0   0.0   0.0   0.0   0.0   0.0   0.0   
124   A     0.42  0.0   0.0   0.0   0.17  0.0   0.2   0.0   0.0   0.0   0.0   0.0   0.0   0.0   0.0   0.0   0.2   0.0   0.0   0.0   
125   G     0.0   0.0   0.0   0.0   0.0   0.0   0.0   0.35  0.0   0.0   0.0   0.4   0.0   0.0   0.0   0.25  0.0   0.0   0.0   0.0   
126   K     0.25  0.0   0.0   0.4   0.0   0.0   0.0   0.0   0.0   0.0   0.0   0.35  0.0   0.0   0.0   0.0   0.0   0.0   0.0   0.0   
127   I     0.0   0.0   0.0   0.0   0.0   0.0   0.0   0.0   0.0   0.35  0.0   0.0   0.0   0.0   0.0   0.0   0.0   0.65  0.0   0.0   
128   K     0.4   0.0   0.0   0.0   0.0   0.0   0.0   0.0   0.0   0.0   0.0   0.6   0.0   0.0   0.0   0.0   0.0   0.0   0.0   0.0   
129   K     0.0   0.0   0.0   0.0   0.0   0.0   0.0   0.0   0.0   0.0   0.0   0.35  0.0   0.0   0.0   0.25  0.4   0.0   0.0   0.0   
130   L     0.4   0.0   0.0   0.0   0.0   0.0   0.0   0.0   0.0   0.0   0.6   0.0   0.0   0.0   0.0   0.0   0.0   0.0   0.0   0.0   
131   Q     0.65  0.0   0.0   0.0   0.0   0.35  0.0   0.0   0.0   0.0   0.0   0.0   0.0   0.0   0.0   0.0   0.0   0.0   0.0   0.0   
132   N     0.0   0.0   0.6   0.0   0.0   0.0   0.0   0.0   0.0   0.0   0.0   0.4   0.0   0.0   0.0   0.0   0.0   0.0   0.0   0.0   
133   D     0.0   0.0   0.0   1.0   0.0   0.0   0.0   0.0   0.0   0.0   0.0   0.0   0.0   0.0   0.0   0.0   0.0   0.0   0.0   0.0   
134   A     0.35  0.0   0.0   0.0   0.0   0.0   0.0   0.0   0.0   0.0   0.0   0.25  0.0   0.0   0.0   0.2   0.2   0.0   0.0   0.0   
135   A     0.35  0.0   0.0   0.0   0.0   0.0   0.25  0.0   0.0   0.0   0.0   0.0   0.0   0.0   0.0   0.0   0.0   0.0   0.0   0.4   
136   W     0.0   0.0   0.0   0.0   0.0   0.0   0.0   0.0   0.0   0.0   0.0   0.0   0.0   0.65  0.0   0.0   0.0   0.35  0.0   0.0   
137   R     0.0   0.6   0.0   0.0   0.0   0.4   0.0   0.0   0.0   0.0   0.0   0.0   0.0   0.0   0.0   0.0   0.0   0.0   0.0   0.0   
138   K     0.25  0.0   0.0   0.0   0.0   0.4   0.0   0.0   0.0   0.0   0.0   0.35  0.0   0.0   0.0   0.0   0.0   0.0   0.0   0.0   
139   A     1.0   0.0   0.0   0.0   0.0   0.0   0.0   0.0   0.0   0.0   0.0   0.0   0.0   0.0   0.0   0.0   0.0   0.0   0.0   0.0   
140   M     0.0   0.0   0.0   0.0   0.0   0.65  0.0   0.0   0.0   0.0   0.0   0.0   0.35  0.0   0.0   0.0   0.0   0.0   0.0   0.0   
141   W     0.0   0.0   0.4   0.25  0.0   0.0   0.0   0.0   0.0   0.0   0.0   0.0   0.0   0.0   0.0   0.0   0.0   0.35  0.0   0.0   
142   E     0.0   0.0   0.0   0.4   0.0   0.0   0.35  0.0   0.0   0.0   0.0   0.25  0.0   0.0   0.0   0.0   0.0   0.0   0.0   0.0   
143   T     0.0   0.0   0.0   0.0   0.0   0.0   0.4   0.0   0.0   0.0   0.0   0.0   0.0   0.0   0.0   0.0   0.35  0.0   0.0   0.25  
144   F     0.0   0.4   0.25  0.0   0.0   0.0   0.0   0.0   0.0   0.0   0.0   0.0   0.0   0.35  0.0   0.0   0.0   0.0   0.0   0.0   
145   Y     0.0   0.0   0.0   0.65  0.0   0.0   0.0   0.0   0.0   0.0   0.0   0.0   0.0   0.0   0.0   0.0   0.0   0.0   0.35  0.0   
146   N     0.0   0.4   0.35  0.0   0.0   0.0   0.0   0.0   0.25  0.0   0.0   0.0   0.0   0.0   0.0   0.0   0.0   0.0   0.0   0.0   
147   V     0.0   0.0   0.0   0.0   0.0   0.0   0.0   0.0   0.0   0.0   0.25  0.0   0.0   0.0   0.0   0.2   0.0   0.0   0.0   0.55  
148   Y     0.0   0.0   0.0   0.0   0.0   0.0   0.0   0.0   0.0   0.0   0.0   0.0   0.0   0.0   0.0   0.0   0.0   0.0   1.0   0.0   
149   I     0.0   0.0   0.0   0.0   0.0   0.0   0.0   0.0   0.0   0.35  0.0   0.0   0.0   0.4   0.0   0.0   0.0   0.0   0.25  0.0   
150   R     0.0   0.35  0.2   0.2   0.0   0.25  0.0   0.0   0.0   0.0   0.0   0.0   0.0   0.0   0.0   0.0   0.0   0.0   0.0   0.0   
151   Y     0.0   0.0   0.0   0.0   0.0   0.0   0.0   0.0   0.0   0.0   0.0   0.0   0.0   0.0   0.65  0.0   0.0   0.0   0.35  0.0   
152   S     0.65  0.0   0.0   0.0   0.0   0.0   0.0   0.0   0.0   0.0   0.0   0.0   0.0   0.0   0.0   0.35  0.0   0.0   0.0   0.0   
153   V     0.0   0.0   0.0   0.0   0.0   0.0   0.0   0.0   0.0   0.0   0.0   0.0   0.25  0.0   0.0   0.0   0.0   0.0   0.0   0.75  
154   E     0.0   0.0   0.2   0.0   0.0   0.0   0.35  0.0   0.0   0.0   0.0   0.25  0.0   0.0   0.0   0.2   0.0   0.0   0.0   0.0   
155   Q     0.0   0.25  0.0   0.0   0.0   0.75  0.0   0.0   0.0   0.0   0.0   0.0   0.0   0.0   0.0   0.0   0.0   0.0   0.0   0.0   
156   A     0.75  0.0   0.0   0.0   0.0   0.0   0.0   0.0   0.0   0.0   0.0   0.0   0.0   0.0   0.0   0.25  0.0   0.0   0.0   0.0   
157   R     0.0   0.35  0.0   0.25  0.0   0.0   0.0   0.0   0.0   0.0   0.0   0.4   0.0   0.0   0.0   0.0   0.0   0.0   0.0   0.0   
158   Q     0.4   0.0   0.25  0.0   0.0   0.35  0.0   0.0   0.0   0.0   0.0   0.0   0.0   0.0   0.0   0.0   0.0   0.0   0.0   0.0   
159   R     0.25  0.35  0.0   0.2   0.0   0.0   0.0   0.0   0.0   0.0   0.0   0.0   0.0   0.0   0.0   0.2   0.0   0.0   0.0   0.0   
160   G     0.02  0.01  0.01  0.01  0.0   0.01  0.01  0.81  0.0   0.01  0.02  0.01  0.0   0.01  0.01  0.01  0.01  0.0   0.01  0.01  
161   F     0.02  0.01  0.01  0.01  0.0   0.01  0.01  0.01  0.0   0.01  0.46  0.01  0.0   0.36  0.01  0.01  0.01  0.0   0.01  0.01  
162   T     0.0   0.2   0.0   0.0   0.0   0.0   0.0   0.0   0.0   0.0   0.2   0.25  0.0   0.0   0.0   0.0   0.35  0.0   0.0   0.0   
163   S     0.02  0.21  0.01  0.01  0.0   0.01  0.01  0.01  0.0   0.01  0.02  0.01  0.0   0.01  0.01  0.37  0.26  0.0   0.01  0.01  
164   A     1.0   0.0   0.0   0.0   0.0   0.0   0.0   0.0   0.0   0.0   0.0   0.0   0.0   0.0   0.0   0.0   0.0   0.0   0.0   0.0   
165   V     0.0   0.0   0.0   0.0   0.0   0.0   0.0   0.0   0.0   0.0   0.65  0.0   0.0   0.0   0.0   0.0   0.0   0.0   0.0   0.35  
166   T     0.25  0.0   0.0   0.0   0.0   0.0   0.0   0.4   0.0   0.0   0.0   0.0   0.0   0.0   0.0   0.0   0.35  0.0   0.0   0.0   
167   I     0.0   0.25  0.0   0.0   0.0   0.4   0.0   0.0   0.0   0.35  0.0   0.0   0.0   0.0   0.0   0.0   0.0   0.0   0.0   0.0   
168   G     0.25  0.0   0.0   0.0   0.0   0.0   0.0   0.35  0.0   0.0   0.0   0.0   0.0   0.4   0.0   0.0   0.0   0.0   0.0   0.0   
169   S     0.4   0.0   0.0   0.0   0.0   0.0   0.0   0.0   0.0   0.0   0.0   0.0   0.0   0.0   0.0   0.35  0.0   0.0   0.0   0.25  
170   F     0.0   0.0   0.0   0.0   0.0   0.0   0.0   0.0   0.0   0.0   0.0   0.0   0.25  0.35  0.0   0.0   0.0   0.0   0.4   0.0   
171   V     0.0   0.0   0.0   0.0   0.0   0.0   0.0   0.0   0.0   0.0   0.0   0.0   0.0   0.0   0.0   0.0   0.0   0.0   0.65  0.35  
172   D     0.0   0.0   0.0   1.0   0.0   0.0   0.0   0.0   0.0   0.0   0.0   0.0   0.0   0.0   0.0   0.0   0.0   0.0   0.0   0.0   
173   T     0.4   0.0   0.0   0.0   0.0   0.0   0.0   0.0   0.0   0.0   0.0   0.0   0.0   0.0   0.0   0.0   0.6   0.0   0.0   0.0   
174   A     0.35  0.0   0.0   0.0   0.0   0.0   0.0   0.0   0.0   0.4   0.0   0.0   0.0   0.0   0.0   0.0   0.0   0.0   0.0   0.25  
175   L     0.0   0.0   0.0   0.0   0.0   0.0   0.0   0.0   0.0   0.25  0.35  0.0   0.0   0.0   0.0   0.0   0.0   0.0   0.0   0.4   
176   N     0.0   0.0   0.35  0.0   0.0   0.25  0.0   0.0   0.0   0.0   0.0   0.0   0.4   0.0   0.0   0.0   0.0   0.0   0.0   0.0   
177   Q     0.0   0.0   0.0   0.0   0.0   0.35  0.0   0.0   0.65  0.0   0.0   0.0   0.0   0.0   0.0   0.0   0.0   0.0   0.0   0.0   
178   G     0.0   0.0   0.0   0.0   0.0   0.0   0.0   1.0   0.0   0.0   0.0   0.0   0.0   0.0   0.0   0.0   0.0   0.0   0.0   0.0   
179   A     0.35  0.0   0.0   0.25  0.0   0.0   0.0   0.0   0.0   0.0   0.0   0.0   0.0   0.0   0.4   0.0   0.0   0.0   0.0   0.0   
180   T     0.0   0.0   0.0   0.0   0.0   0.0   0.0   0.65  0.0   0.0   0.0   0.0   0.0   0.0   0.0   0.0   0.35  0.0   0.0   0.0   
181   G     0.0   0.0   0.2   0.45  0.0   0.0   0.0   0.35  0.0   0.0   0.0   0.0   0.0   0.0   0.0   0.0   0.0   0.0   0.0   0.0   
182   G     0.0   0.0   0.0   0.45  0.0   0.0   0.0   0.35  0.0   0.0   0.0   0.0   0.0   0.0   0.0   0.2   0.0   0.0   0.0   0.0   
183   S     0.0   0.0   0.0   0.0   0.0   0.0   0.0   0.0   0.0   0.0   0.0   0.0   0.0   0.0   0.45  0.55  0.0   0.0   0.0   0.0   
184   D     0.0   0.0   0.0   0.8   0.0   0.0   0.0   0.0   0.0   0.0   0.0   0.0   0.0   0.0   0.0   0.0   0.2   0.0   0.0   0.0   
185   T     0.0   0.0   0.0   0.0   0.0   0.0   0.0   0.0   0.0   0.0   0.0   0.0   0.0   0.0   0.0   0.65  0.35  0.0   0.0   0.0   
186   L     0.0   0.0   0.0   0.0   0.0   0.0   0.0   0.0   0.0   0.0   0.35  0.0   0.0   0.65  0.0   0.0   0.0   0.0   0.0   0.0   
187   Q     0.0   0.0   0.0   0.0   0.0   0.35  0.0   0.4   0.0   0.0   0.0   0.0   0.0   0.0   0.0   0.0   0.0   0.0   0.25  0.0   
188   G     0.25  0.0   0.0   0.0   0.0   0.0   0.0   0.75  0.0   0.0   0.0   0.0   0.0   0.0   0.0   0.0   0.0   0.0   0.0   0.0   
189   L     0.0   0.0   0.0   0.0   0.0   0.0   0.0   0.0   0.0   0.4   0.6   0.0   0.0   0.0   0.0   0.0   0.0   0.0   0.0   0.0   
190   L     0.0   0.4   0.0   0.0   0.0   0.0   0.0   0.0   0.0   0.25  0.35  0.0   0.0   0.0   0.0   0.0   0.0   0.0   0.0   0.0   
191   A     0.35  0.0   0.0   0.0   0.0   0.0   0.0   0.0   0.0   0.0   0.0   0.65  0.0   0.0   0.0   0.0   0.0   0.0   0.0   0.0   
192   R     0.2   0.6   0.0   0.0   0.0   0.0   0.0   0.0   0.0   0.0   0.0   0.0   0.0   0.0   0.0   0.0   0.2   0.0   0.0   0.0   
193   S     0.4   0.0   0.0   0.0   0.0   0.0   0.0   0.0   0.0   0.0   0.0   0.0   0.0   0.0   0.0   0.35  0.25  0.0   0.0   0.0   
194   G     0.0   0.0   0.25  0.0   0.0   0.0   0.0   0.35  0.0   0.0   0.0   0.0   0.4   0.0   0.0   0.0   0.0   0.0   0.0   0.0   
195   S     0.0   0.0   0.0   0.0   0.0   0.0   0.0   0.0   0.0   0.0   0.0   0.65  0.0   0.0   0.0   0.35  0.0   0.0   0.0   0.0   
196   S     0.0   0.0   0.0   0.0   0.0   0.0   0.0   0.0   0.0   0.0   0.0   0.65  0.0   0.0   0.0   0.35  0.0   0.0   0.0   0.0   
197   S     0.65  0.0   0.0   0.0   0.0   0.0   0.0   0.0   0.0   0.0   0.0   0.0   0.0   0.0   0.0   0.35  0.0   0.0   0.0   0.0   
198   N     0.0   0.0   0.35  0.65  0.0   0.0   0.0   0.0   0.0   0.0   0.0   0.0   0.0   0.0   0.0   0.0   0.0   0.0   0.0   0.0   
199   E     0.0   0.0   0.0   0.0   0.0   0.0   1.0   0.0   0.0   0.0   0.0   0.0   0.0   0.0   0.0   0.0   0.0   0.0   0.0   0.0   
200   K     0.2   0.0   0.0   0.0   0.0   0.0   0.0   0.0   0.0   0.0   0.0   0.6   0.0   0.0   0.0   0.0   0.2   0.0   0.0   0.0   
201   T     0.0   0.0   0.0   0.0   0.0   0.0   0.0   0.0   0.0   0.0   0.0   0.25  0.0   0.0   0.0   0.0   0.75  0.0   0.0   0.0   
202   F     0.0   0.0   0.0   0.0   0.0   0.0   0.0   0.0   0.0   0.0   0.0   0.0   0.0   0.35  0.0   0.0   0.0   0.25  0.4   0.0   
203   M     0.0   0.0   0.0   0.0   0.0   0.0   0.0   0.0   0.0   0.0   0.65  0.0   0.35  0.0   0.0   0.0   0.0   0.0   0.0   0.0   
204   K     0.0   0.0   0.45  0.0   0.0   0.0   0.0   0.0   0.0   0.0   0.0   0.55  0.0   0.0   0.0   0.0   0.0   0.0   0.0   0.0   
205   N     0.4   0.0   0.35  0.0   0.0   0.0   0.0   0.0   0.0   0.0   0.0   0.25  0.0   0.0   0.0   0.0   0.0   0.0   0.0   0.0   
206   F     0.0   0.0   0.0   0.0   0.0   0.0   0.0   0.0   0.0   0.0   0.0   0.0   0.0   1.0   0.0   0.0   0.0   0.0   0.0   0.0   
207   H     0.03  0.02  0.02  0.02  0.01  0.02  0.03  0.03  0.36  0.02  0.24  0.03  0.01  0.02  0.02  0.03  0.03  0.01  0.01  0.03  
208   A     0.59  0.02  0.02  0.02  0.01  0.02  0.03  0.03  0.01  0.02  0.04  0.03  0.01  0.02  0.02  0.03  0.03  0.01  0.01  0.03  
209   K     0.24  0.02  0.02  0.02  0.01  0.02  0.03  0.03  0.01  0.02  0.04  0.38  0.01  0.02  0.02  0.03  0.03  0.01  0.01  0.03  
210   R     0.03  0.58  0.02  0.02  0.01  0.02  0.03  0.03  0.01  0.02  0.04  0.03  0.01  0.02  0.02  0.03  0.03  0.01  0.01  0.03  
211   T     0.03  0.02  0.02  0.02  0.01  0.02  0.03  0.03  0.01  0.02  0.04  0.23  0.01  0.02  0.02  0.03  0.38  0.01  0.01  0.03  
212   L     0.0   0.0   0.0   0.0   0.0   0.0   0.0   0.0   0.0   0.0   0.8   0.0   0.0   0.0   0.0   0.0   0.2   0.0   0.0   0.0   
213   V     0.0   0.0   0.0   0.45  0.0   0.0   0.0   0.0   0.0   0.0   0.0   0.0   0.0   0.0   0.0   0.0   0.0   0.0   0.0   0.55  
214   V     0.2   0.0   0.0   0.0   0.0   0.0   0.0   0.0   0.0   0.0   0.0   0.0   0.2   0.0   0.0   0.0   0.0   0.0   0.0   0.6   
215   D     0.02  0.46  0.01  0.36  0.0   0.01  0.01  0.01  0.0   0.01  0.02  0.01  0.0   0.01  0.01  0.01  0.01  0.0   0.01  0.01  
216   T     0.02  0.01  0.01  0.01  0.0   0.01  0.01  0.01  0.0   0.01  0.02  0.21  0.0   0.01  0.01  0.01  0.36  0.0   0.25  0.01  
217   N     0.22  0.01  0.36  0.26  0.0   0.01  0.01  0.01  0.0   0.01  0.02  0.01  0.0   0.01  0.01  0.01  0.01  0.0   0.01  0.01  
218   K     0.22  0.01  0.01  0.26  0.0   0.01  0.01  0.01  0.0   0.01  0.02  0.36  0.0   0.01  0.01  0.01  0.01  0.0   0.01  0.01  
219   Y     0.0   0.0   0.0   0.0   0.0   0.0   0.0   0.0   0.0   0.0   0.45  0.0   0.2   0.0   0.0   0.0   0.0   0.0   0.35  0.0   
220   N     0.0   0.0   0.35  0.0   0.0   0.0   0.0   0.0   0.0   0.0   0.2   0.2   0.25  0.0   0.0   0.0   0.0   0.0   0.0   0.0   
221   K     0.0   0.0   0.25  0.0   0.0   0.0   0.2   0.0   0.0   0.0   0.0   0.35  0.0   0.0   0.0   0.0   0.2   0.0   0.0   0.0   
222   P     0.0   0.0   0.0   0.0   0.0   0.0   0.4   0.0   0.0   0.0   0.0   0.0   0.0   0.0   0.6   0.0   0.0   0.0   0.0   0.0   
223   P     0.65  0.0   0.0   0.0   0.0   0.0   0.0   0.0   0.0   0.0   0.0   0.0   0.0   0.0   0.35  0.0   0.0   0.0   0.0   0.0   
224   N     0.2   0.0   0.6   0.0   0.0   0.0   0.0   0.0   0.2   0.0   0.0   0.0   0.0   0.0   0.0   0.0   0.0   0.0   0.0   0.0   
225   G     0.0   0.0   0.0   0.0   0.0   0.0   0.0   0.35  0.45  0.0   0.0   0.0   0.0   0.0   0.0   0.2   0.0   0.0   0.0   0.0   
226   K     0.0   0.0   0.0   0.65  0.0   0.0   0.0   0.0   0.0   0.0   0.0   0.35  0.0   0.0   0.0   0.0   0.0   0.0   0.0   0.0   
227   N     0.0   0.0   0.35  0.2   0.0   0.0   0.0   0.0   0.0   0.0   0.0   0.0   0.0   0.0   0.0   0.0   0.45  0.0   0.0   0.0   
228   R     0.03  0.62  0.02  0.02  0.01  0.02  0.03  0.03  0.01  0.02  0.04  0.02  0.01  0.02  0.02  0.03  0.02  0.01  0.01  0.03  
229   V     0.02  0.01  0.01  0.01  0.0   0.01  0.01  0.01  0.0   0.01  0.02  0.01  0.0   0.01  0.01  0.01  0.21  0.0   0.01  0.61  
230   K     0.25  0.0   0.0   0.0   0.0   0.0   0.0   0.0   0.0   0.0   0.0   0.35  0.0   0.0   0.0   0.4   0.0   0.0   0.0   0.0   
231   Q     0.0   0.65  0.0   0.0   0.0   0.35  0.0   0.0   0.0   0.0   0.0   0.0   0.0   0.0   0.0   0.0   0.0   0.0   0.0   0.0   
232   W     0.0   0.0   0.0   0.0   0.0   0.0   0.0   0.0   0.0   0.0   0.0   0.0   0.0   0.0   0.0   0.0   0.0   0.35  0.0   0.65  
233   D     0.0   0.0   0.0   1.0   0.0   0.0   0.0   0.0   0.0   0.0   0.0   0.0   0.0   0.0   0.0   0.0   0.0   0.0   0.0   0.0   
234   T     0.0   0.0   0.0   0.0   0.0   0.0   0.0   0.0   0.0   0.0   0.0   0.0   0.0   0.0   0.0   0.0   0.75  0.0   0.0   0.25  
235   L     0.0   0.0   0.0   0.0   0.0   0.2   0.2   0.0   0.0   0.0   0.6   0.0   0.0   0.0   0.0   0.0   0.0   0.0   0.0   0.0   
236   V     0.0   0.45  0.0   0.0   0.0   0.2   0.0   0.0   0.0   0.0   0.0   0.0   0.0   0.0   0.0   0.0   0.0   0.0   0.0   0.35  
237   D     0.0   0.0   0.0   0.35  0.0   0.0   0.0   0.0   0.0   0.0   0.0   0.0   0.0   0.0   0.0   0.25  0.2   0.0   0.0   0.2   
238   M     0.0   0.0   0.0   0.0   0.0   0.0   0.0   0.0   0.0   0.25  0.0   0.0   0.35  0.2   0.0   0.0   0.0   0.0   0.0   0.2   
239   G     0.25  0.0   0.0   0.0   0.0   0.0   0.0   0.35  0.0   0.0   0.2   0.0   0.0   0.2   0.0   0.0   0.0   0.0   0.0   0.0   
240   K     0.02  0.01  0.01  0.01  0.0   0.01  0.01  0.01  0.0   0.01  0.02  0.81  0.0   0.01  0.01  0.01  0.01  0.0   0.01  0.01  
241   M     0.2   0.0   0.0   0.0   0.0   0.0   0.25  0.0   0.0   0.0   0.2   0.0   0.35  0.0   0.0   0.0   0.0   0.0   0.0   0.0   
242   N     0.0   0.0   0.8   0.0   0.0   0.0   0.0   0.2   0.0   0.0   0.0   0.0   0.0   0.0   0.0   0.0   0.0   0.0   0.0   0.0   
243   L     0.2   0.0   0.45  0.0   0.0   0.0   0.0   0.0   0.0   0.0   0.35  0.0   0.0   0.0   0.0   0.0   0.0   0.0   0.0   0.0   
244   K     0.0   0.0   0.0   0.0   0.0   0.0   0.0   0.0   0.0   0.0   0.2   0.55  0.0   0.0   0.0   0.0   0.0   0.0   0.25  0.0   
245   N     0.0   0.0   0.8   0.2   0.0   0.0   0.0   0.0   0.0   0.0   0.0   0.0   0.0   0.0   0.0   0.0   0.0   0.0   0.0   0.0   
246   V     0.0   0.0   0.0   0.0   0.0   0.0   0.0   0.0   0.0   0.0   0.45  0.0   0.0   0.2   0.0   0.0   0.0   0.0   0.0   0.35  
247   D     0.0   0.0   0.45  0.55  0.0   0.0   0.0   0.0   0.0   0.0   0.0   0.0   0.0   0.0   0.0   0.0   0.0   0.0   0.0   0.0   
248   S     0.0   0.0   0.0   0.0   0.0   0.0   0.0   0.29  0.0   0.0   0.0   0.0   0.0   0.0   0.3   0.4   0.0   0.0   0.0   0.0   
249   E     0.0   0.0   0.0   0.0   0.0   0.0   0.4   0.0   0.0   0.0   0.0   0.0   0.0   0.0   0.6   0.0   0.0   0.0   0.0   0.0   
250   I     0.0   0.0   0.0   0.0   0.0   0.0   0.0   0.0   0.0   0.7   0.3   0.0   0.0   0.0   0.0   0.0   0.0   0.0   0.0   0.0   
251   A     1.0   0.0   0.0   0.0   0.0   0.0   0.0   0.0   0.0   0.0   0.0   0.0   0.0   0.0   0.0   0.0   0.0   0.0   0.0   0.0   
252   Q     0.0   0.0   0.0   0.0   0.0   1.0   0.0   0.0   0.0   0.0   0.0   0.0   0.0   0.0   0.0   0.0   0.0   0.0   0.0   0.0   
253   V     0.0   0.0   0.0   0.0   0.0   0.0   0.0   0.0   0.0   0.0   0.0   0.0   0.0   0.0   0.0   0.0   0.0   0.0   0.0   1.0   
254   T     0.0   0.0   0.0   0.0   0.0   0.0   0.0   0.0   0.0   0.0   0.0   0.0   0.0   0.0   0.0   0.0   1.0   0.0   0.0   0.0   
255   D     0.0   0.0   0.0   1.0   0.0   0.0   0.0   0.0   0.0   0.0   0.0   0.0   0.0   0.0   0.0   0.0   0.0   0.0   0.0   0.0   
256   W     0.0   0.0   0.0   0.0   0.0   0.0   0.0   0.0   0.0   0.0   0.0   0.0   0.0   0.0   0.0   0.0   0.0   1.0   0.0   0.0   
257   E     0.0   0.0   0.0   0.0   0.0   0.0   1.0   0.0   0.0   0.0   0.0   0.0   0.0   0.0   0.0   0.0   0.0   0.0   0.0   0.0   
258   M     0.0   0.0   0.0   0.0   0.0   0.0   0.0   0.0   0.0   0.0   0.0   0.0   1.0   0.0   0.0   0.0   0.0   0.0   0.0   0.0   
259   K     0.0   0.0   0.0   0.0   0.0   0.0   0.0   0.0   0.0   0.0   0.0   1.0   0.0   0.0   0.0   0.0   0.0   0.0   0.0   0.0   
