             A     R     N     D     C     Q     E     G     H     I     L     K     M     F     P     S     T     W     Y     V
1     N     0.0   0.0   0.42  0.14  0.0   0.0   0.0   0.0   0.05  0.0   0.0   0.1   0.0   0.0   0.0   0.22  0.07  0.0   0.0   0.0   
2     H     0.0   0.25  0.0   0.03  0.01  0.0   0.06  0.04  0.12  0.0   0.0   0.42  0.0   0.01  0.05  0.01  0.0   0.0   0.0   0.0   
3     I     0.03  0.02  0.0   0.0   0.01  0.03  0.06  0.19  0.0   0.08  0.2   0.04  0.1   0.01  0.06  0.04  0.05  0.0   0.02  0.06  
4     N     0.03  0.01  0.03  0.43  0.0   0.03  0.19  0.03  0.01  0.0   0.0   0.13  0.01  0.01  0.0   0.05  0.02  0.0   0.01  0.0   
5     T     0.03  0.11  0.05  0.04  0.01  0.05  0.06  0.01  0.03  0.0   0.02  0.06  0.01  0.0   0.14  0.25  0.12  0.0   0.0   0.02  
6     K     0.05  0.05  0.01  0.09  0.01  0.03  0.43  0.01  0.01  0.02  0.01  0.12  0.02  0.01  0.02  0.04  0.01  0.0   0.05  0.01  
7     A     0.13  0.02  0.03  0.16  0.0   0.03  0.35  0.01  0.0   0.0   0.01  0.12  0.0   0.0   0.02  0.08  0.02  0.0   0.0   0.01  
8     Q     0.01  0.02  0.03  0.17  0.0   0.06  0.34  0.01  0.07  0.01  0.02  0.12  0.01  0.01  0.01  0.03  0.05  0.0   0.01  0.05  
9     V     0.01  0.01  0.0   0.0   0.0   0.01  0.02  0.01  0.01  0.23  0.42  0.0   0.04  0.12  0.0   0.01  0.0   0.01  0.03  0.09  
10    I     0.04  0.22  0.01  0.01  0.01  0.04  0.05  0.01  0.01  0.05  0.08  0.25  0.06  0.01  0.01  0.01  0.03  0.0   0.03  0.05  
11    E     0.08  0.06  0.06  0.07  0.0   0.07  0.24  0.01  0.01  0.01  0.06  0.17  0.01  0.03  0.0   0.03  0.02  0.02  0.01  0.03  
12    A     0.52  0.01  0.01  0.01  0.03  0.01  0.0   0.04  0.0   0.07  0.03  0.0   0.03  0.02  0.0   0.05  0.03  0.01  0.02  0.1   
13    F     0.0   0.0   0.0   0.0   0.0   0.0   0.0   0.0   0.0   0.0   0.04  0.0   0.02  0.86  0.0   0.0   0.0   0.03  0.03  0.0   
14    K     0.06  0.2   0.07  0.08  0.01  0.09  0.04  0.03  0.03  0.01  0.03  0.23  0.02  0.01  0.0   0.05  0.02  0.01  0.01  0.01  
15    V     0.05  0.05  0.01  0.01  0.01  0.03  0.03  0.0   0.04  0.1   0.16  0.05  0.15  0.06  0.0   0.05  0.06  0.01  0.03  0.11  
16    F     0.03  0.0   0.0   0.0   0.02  0.0   0.0   0.01  0.02  0.08  0.12  0.0   0.04  0.42  0.0   0.01  0.0   0.0   0.22  0.03  
17    D     0.0   0.0   0.01  0.83  0.0   0.02  0.04  0.02  0.0   0.02  0.0   0.0   0.0   0.0   0.0   0.02  0.01  0.0   0.01  0.02  
18    R     0.04  0.08  0.02  0.03  0.0   0.04  0.09  0.01  0.01  0.04  0.06  0.29  0.05  0.02  0.04  0.04  0.05  0.0   0.02  0.07  
19    D     0.01  0.02  0.17  0.41  0.0   0.02  0.16  0.03  0.02  0.0   0.02  0.06  0.0   0.0   0.02  0.02  0.01  0.0   0.02  0.0   
20    G     0.02  0.08  0.07  0.04  0.02  0.11  0.08  0.33  0.04  0.02  0.01  0.09  0.01  0.0   0.0   0.04  0.01  0.0   0.02  0.0   
21    N     0.02  0.02  0.2   0.25  0.02  0.02  0.03  0.02  0.02  0.0   0.02  0.05  0.02  0.0   0.02  0.21  0.07  0.0   0.0   0.0   
22    G     0.03  0.03  0.04  0.03  0.0   0.0   0.03  0.62  0.0   0.0   0.06  0.04  0.0   0.0   0.0   0.03  0.03  0.03  0.0   0.0   
23    Y     0.03  0.06  0.03  0.03  0.03  0.03  0.04  0.03  0.03  0.12  0.06  0.08  0.04  0.07  0.0   0.04  0.08  0.0   0.16  0.04  
24    V     0.17  0.0   0.0   0.0   0.0   0.0   0.0   0.0   0.0   0.17  0.17  0.0   0.17  0.17  0.0   0.0   0.0   0.0   0.0   0.17  
25    T     0.01  0.01  0.03  0.16  0.02  0.02  0.11  0.01  0.01  0.0   0.02  0.02  0.02  0.0   0.03  0.29  0.22  0.0   0.0   0.02  
26    V     0.16  0.09  0.02  0.01  0.0   0.02  0.07  0.05  0.02  0.07  0.07  0.1   0.02  0.05  0.07  0.05  0.04  0.01  0.01  0.09  
27    D     0.11  0.03  0.05  0.2   0.0   0.06  0.25  0.06  0.02  0.01  0.02  0.06  0.01  0.01  0.01  0.08  0.02  0.01  0.01  0.01  
28    Y     0.01  0.01  0.02  0.11  0.01  0.02  0.71  0.01  0.01  0.0   0.0   0.01  0.0   0.01  0.0   0.03  0.01  0.0   0.02  0.01  
29    L     0.02  0.0   0.0   0.0   0.0   0.0   0.0   0.0   0.0   0.05  0.6   0.0   0.06  0.13  0.0   0.01  0.0   0.03  0.01  0.06  
30    R     0.07  0.2   0.01  0.02  0.01  0.1   0.05  0.03  0.03  0.03  0.06  0.23  0.02  0.02  0.01  0.04  0.02  0.01  0.02  0.02  
31    K     0.08  0.07  0.04  0.07  0.01  0.11  0.16  0.03  0.06  0.02  0.06  0.08  0.02  0.02  0.01  0.07  0.05  0.0   0.02  0.03  
32    V     0.19  0.01  0.01  0.0   0.02  0.0   0.0   0.04  0.01  0.15  0.09  0.01  0.07  0.08  0.0   0.03  0.03  0.01  0.04  0.21  
33    L     0.03  0.02  0.0   0.0   0.05  0.01  0.0   0.01  0.01  0.05  0.51  0.0   0.12  0.06  0.01  0.01  0.02  0.01  0.02  0.05  
34    N     0.06  0.09  0.04  0.03  0.01  0.06  0.07  0.02  0.03  0.02  0.02  0.21  0.05  0.02  0.02  0.07  0.1   0.01  0.01  0.05  
35    E     0.12  0.05  0.1   0.06  0.01  0.04  0.14  0.04  0.02  0.04  0.03  0.1   0.03  0.01  0.01  0.11  0.08  0.0   0.0   0.03  
36    L     0.03  0.02  0.0   0.02  0.01  0.02  0.02  0.01  0.02  0.08  0.35  0.01  0.09  0.13  0.0   0.06  0.03  0.01  0.03  0.05  
37    G     0.07  0.02  0.05  0.05  0.01  0.01  0.02  0.55  0.01  0.01  0.02  0.02  0.01  0.0   0.01  0.06  0.02  0.0   0.01  0.02  
38    D     0.05  0.03  0.05  0.11  0.02  0.04  0.23  0.03  0.04  0.04  0.07  0.04  0.03  0.02  0.03  0.06  0.04  0.01  0.02  0.05  
39    M     0.06  0.06  0.09  0.06  0.02  0.04  0.04  0.07  0.03  0.02  0.03  0.14  0.04  0.03  0.11  0.05  0.04  0.01  0.03  0.03  
40    M     0.03  0.02  0.03  0.03  0.03  0.06  0.02  0.04  0.01  0.05  0.33  0.03  0.08  0.05  0.03  0.03  0.04  0.0   0.02  0.07  
41    P     0.03  0.02  0.05  0.1   0.02  0.02  0.05  0.04  0.02  0.02  0.03  0.03  0.02  0.0   0.07  0.19  0.27  0.0   0.0   0.02  
42    A     0.07  0.02  0.02  0.22  0.0   0.05  0.21  0.02  0.03  0.03  0.03  0.05  0.03  0.01  0.06  0.03  0.03  0.02  0.02  0.04  
43    D     0.13  0.03  0.03  0.15  0.01  0.05  0.29  0.03  0.03  0.01  0.03  0.05  0.01  0.0   0.02  0.06  0.03  0.01  0.02  0.03  
44    E     0.04  0.03  0.02  0.12  0.01  0.09  0.37  0.01  0.02  0.03  0.03  0.06  0.01  0.02  0.01  0.02  0.06  0.0   0.02  0.05  
45    I     0.07  0.01  0.0   0.0   0.08  0.0   0.01  0.0   0.01  0.17  0.22  0.01  0.02  0.05  0.0   0.02  0.09  0.01  0.02  0.21  
46    E     0.04  0.08  0.05  0.18  0.01  0.07  0.2   0.02  0.02  0.02  0.03  0.17  0.01  0.01  0.0   0.03  0.04  0.0   0.02  0.02  
47    E     0.09  0.08  0.04  0.11  0.0   0.07  0.2   0.03  0.02  0.02  0.02  0.11  0.02  0.02  0.01  0.05  0.04  0.01  0.01  0.03  
48    M     0.03  0.0   0.0   0.0   0.01  0.0   0.02  0.01  0.0   0.24  0.19  0.01  0.27  0.07  0.0   0.01  0.03  0.01  0.01  0.08  
49    I     0.03  0.0   0.0   0.0   0.01  0.0   0.0   0.0   0.0   0.29  0.2   0.0   0.12  0.21  0.0   0.01  0.01  0.03  0.02  0.07  
50    Y     0.11  0.15  0.05  0.07  0.02  0.09  0.08  0.02  0.02  0.01  0.02  0.19  0.02  0.01  0.01  0.07  0.03  0.0   0.0   0.03  
51    E     0.1   0.04  0.02  0.08  0.02  0.06  0.27  0.02  0.02  0.02  0.07  0.07  0.05  0.01  0.01  0.05  0.03  0.0   0.02  0.03  
52    A     0.23  0.0   0.01  0.01  0.03  0.01  0.0   0.09  0.01  0.09  0.08  0.0   0.06  0.08  0.0   0.02  0.01  0.01  0.04  0.2   
53    D     0.01  0.0   0.02  0.83  0.0   0.01  0.03  0.02  0.01  0.0   0.0   0.01  0.0   0.0   0.03  0.01  0.01  0.0   0.0   0.01  
54    P     0.05  0.07  0.01  0.01  0.0   0.07  0.05  0.02  0.01  0.08  0.08  0.12  0.01  0.04  0.05  0.09  0.13  0.0   0.02  0.09  
55    Q     0.01  0.01  0.27  0.51  0.0   0.02  0.02  0.02  0.03  0.01  0.0   0.02  0.0   0.0   0.02  0.04  0.03  0.0   0.01  0.0   
56    N     0.04  0.04  0.13  0.03  0.01  0.04  0.05  0.35  0.04  0.0   0.02  0.15  0.01  0.01  0.02  0.05  0.01  0.0   0.0   0.02  
57    S     0.01  0.01  0.08  0.6   0.0   0.01  0.03  0.02  0.01  0.01  0.02  0.02  0.0   0.0   0.0   0.14  0.03  0.0   0.0   0.0   
58    G     0.01  0.01  0.02  0.02  0.0   0.01  0.02  0.83  0.01  0.0   0.0   0.02  0.01  0.0   0.0   0.02  0.02  0.0   0.0   0.0   
59    Y     0.03  0.12  0.05  0.01  0.04  0.09  0.04  0.02  0.04  0.02  0.02  0.22  0.04  0.04  0.0   0.04  0.08  0.0   0.06  0.05  
60    V     0.0   0.0   0.0   0.0   0.01  0.0   0.0   0.0   0.0   0.5   0.19  0.0   0.01  0.04  0.0   0.0   0.0   0.0   0.0   0.25  
61    Q     0.01  0.01  0.15  0.31  0.01  0.01  0.03  0.06  0.02  0.0   0.01  0.02  0.01  0.0   0.01  0.26  0.07  0.0   0.01  0.0   
62    Y     0.02  0.03  0.0   0.0   0.0   0.01  0.02  0.01  0.0   0.04  0.12  0.03  0.01  0.32  0.01  0.01  0.01  0.01  0.29  0.05  
63    E     0.02  0.03  0.09  0.22  0.0   0.06  0.34  0.02  0.01  0.01  0.01  0.07  0.01  0.01  0.01  0.04  0.02  0.0   0.01  0.02  
64    T     0.05  0.01  0.03  0.12  0.0   0.01  0.69  0.01  0.0   0.01  0.0   0.04  0.0   0.0   0.01  0.01  0.01  0.0   0.0   0.01  
65    F     0.0   0.0   0.0   0.0   0.0   0.0   0.0   0.0   0.0   0.01  0.08  0.0   0.02  0.8   0.0   0.0   0.0   0.05  0.03  0.0   
66    V     0.08  0.03  0.0   0.01  0.07  0.03  0.02  0.0   0.0   0.13  0.14  0.1   0.05  0.01  0.0   0.02  0.03  0.0   0.02  0.24  
67    G     0.17  0.16  0.04  0.05  0.01  0.07  0.05  0.01  0.03  0.01  0.03  0.17  0.01  0.0   0.01  0.08  0.05  0.0   0.03  0.02  
68    M     0.03  0.02  0.01  0.01  0.02  0.0   0.0   0.0   0.02  0.11  0.19  0.04  0.38  0.04  0.0   0.0   0.01  0.0   0.03  0.09  
69    L     0.0   0.01  0.0   0.0   0.0   0.0   0.0   0.0   0.0   0.17  0.23  0.0   0.53  0.01  0.0   0.0   0.0   0.0   0.01  0.05  
70    F     0.03  0.03  0.01  0.01  0.0   0.01  0.01  0.01  0.01  0.04  0.16  0.05  0.13  0.03  0.0   0.09  0.27  0.0   0.02  0.1   
71    L     0.04  0.22  0.02  0.0   0.0   0.0   0.01  0.01  0.1   0.04  0.14  0.06  0.02  0.0   0.0   0.22  0.06  0.0   0.01  0.03  
72    W     0.0   0.08  0.01  0.01  0.0   0.13  0.0   0.43  0.01  0.0   0.11  0.02  0.0   0.02  0.0   0.01  0.04  0.03  0.0   0.1   
73    D     0.0   0.0   0.24  0.56  0.0   0.0   0.2   0.0   0.0   0.0   0.0   0.0   0.0   0.0   0.0   0.0   0.0   0.0   0.0   0.0   
