             A     R     N     D     C     Q     E     G     H     I     L     K     M     F     P     S     T     W     Y     V
1     Y     0.0   0.0   0.0   0.0   0.0   0.0   0.0   0.0   0.0   0.0   0.0   0.0   0.0   0.0   0.0   0.0   0.0   0.0   0.0   0.0   
2     K     0.0   0.0   0.0   0.0   0.0   0.0   0.0   0.0   0.0   0.0   0.0   0.0   0.0   0.0   0.0   0.0   0.0   0.0   0.0   0.0   
3     K     0.0   0.0   0.0   0.0   0.0   0.0   0.0   0.0   0.0   0.0   0.0   0.0   0.0   0.0   0.0   0.0   0.0   0.0   0.0   0.0   
4     E     0.0   0.0   0.0   0.0   0.0   0.0   0.0   0.0   0.0   0.0   0.0   0.0   0.0   0.0   0.0   0.0   0.0   0.0   0.0   0.0   
5     I     0.0   0.0   0.0   0.0   0.0   0.0   0.0   0.0   0.0   0.0   0.0   0.0   0.0   0.0   0.0   0.0   0.0   0.0   0.0   0.0   
6     G     0.0   0.0   0.0   0.0   0.0   0.0   0.0   0.0   0.0   0.0   0.0   0.0   0.0   0.0   0.0   0.0   0.0   0.0   0.0   0.0   
7     X     0.0   0.0   0.0   0.0   0.0   0.0   0.0   0.0   0.0   0.0   0.0   0.0   0.0   0.0   0.0   0.0   0.0   0.0   0.0   0.0   
8     X     0.0   0.0   0.0   0.0   0.0   0.0   0.0   0.0   0.0   0.0   0.0   0.0   0.0   0.0   0.0   0.0   0.0   0.0   0.0   0.0   
9     N     0.0   0.0   0.0   0.0   0.0   0.0   0.0   0.0   0.0   0.0   0.0   0.0   0.0   0.0   0.0   0.0   0.0   0.0   0.0   0.0   
10    L     0.0   0.0   0.0   0.0   0.0   0.0   0.0   0.0   0.0   0.0   0.0   0.0   0.0   0.0   0.0   0.0   0.0   0.0   0.0   0.0   
11    E     0.0   0.0   0.0   0.0   0.0   0.0   0.0   0.0   0.0   0.0   0.0   0.0   0.0   0.0   0.0   0.0   0.0   0.0   0.0   0.0   
12    K     0.0   0.0   0.0   0.0   0.0   0.0   0.0   0.0   0.0   0.0   0.0   0.0   0.0   0.0   0.0   0.0   0.0   0.0   0.0   0.0   
13    L     0.0   0.0   0.0   0.0   0.0   0.0   0.0   0.0   0.0   0.0   0.0   0.0   0.0   0.0   0.0   0.0   0.0   0.0   0.0   0.0   
14    I     0.0   0.0   0.0   0.0   0.0   0.0   0.0   0.0   0.0   0.0   0.0   0.0   0.0   0.0   0.0   0.0   0.0   0.0   0.0   0.0   
15    Q     0.0   0.0   0.0   0.0   0.0   0.0   0.0   0.0   0.0   0.0   0.0   0.0   0.0   0.0   0.0   0.0   0.0   0.0   0.0   0.0   
16    D     0.0   0.0   0.0   0.0   0.0   0.0   0.0   0.0   0.0   0.0   0.0   0.0   0.0   0.0   0.0   0.0   0.0   0.0   0.0   0.0   
17    R     0.0   0.5   0.0   0.0   0.0   0.0   0.0   0.0   0.0   0.0   0.0   0.5   0.0   0.0   0.0   0.0   0.0   0.0   0.0   0.0   
18    E     0.0   0.0   0.0   0.0   0.0   0.0   0.5   0.0   0.0   0.0   0.0   0.0   0.0   0.0   0.0   0.0   0.5   0.0   0.0   0.0   
19    G     0.0   0.0   0.0   0.0   0.0   0.0   0.0   1.0   0.0   0.0   0.0   0.0   0.0   0.0   0.0   0.0   0.0   0.0   0.0   0.0   
20    I     0.0   0.0   0.0   0.0   0.0   0.0   0.0   0.0   0.0   1.0   0.0   0.0   0.0   0.0   0.0   0.0   0.0   0.0   0.0   0.0   
21    S     0.0   0.0   0.0   0.0   0.0   0.0   0.0   0.0   0.0   0.0   0.0   0.0   0.0   0.0   0.0   0.5   0.0   0.0   0.0   0.5   
22    S     0.0   0.0   0.0   0.0   0.0   0.0   0.0   0.0   0.0   0.0   0.0   0.0   0.0   0.0   0.0   0.5   0.0   0.0   0.0   0.5   
23    K     0.0   0.5   0.0   0.0   0.0   0.0   0.0   0.0   0.0   0.0   0.0   0.5   0.0   0.0   0.0   0.0   0.0   0.0   0.0   0.0   
24    K     0.0   0.0   0.5   0.0   0.0   0.0   0.0   0.0   0.0   0.0   0.0   0.5   0.0   0.0   0.0   0.0   0.0   0.0   0.0   0.0   
25    F     0.0   0.0   0.0   0.0   0.0   0.0   0.0   0.0   0.0   0.5   0.0   0.0   0.0   0.5   0.0   0.0   0.0   0.0   0.0   0.0   
26    P     0.0   0.0   0.0   0.0   0.0   0.0   0.0   0.0   0.0   0.0   0.0   0.0   0.0   0.0   1.0   0.0   0.0   0.0   0.0   0.0   
27    I     0.0   0.5   0.0   0.0   0.0   0.0   0.0   0.0   0.0   0.5   0.0   0.0   0.0   0.0   0.0   0.0   0.0   0.0   0.0   0.0   
28    E     0.0   0.0   0.0   0.0   0.0   0.0   0.5   0.0   0.0   0.0   0.0   0.0   0.0   0.0   0.0   0.0   0.0   0.0   0.0   0.5   
29    D     0.0   0.0   0.0   0.66  0.0   0.0   0.34  0.0   0.0   0.0   0.0   0.0   0.0   0.0   0.0   0.0   0.0   0.0   0.0   0.0   
30    K     0.0   0.0   0.0   0.0   0.0   0.32  0.0   0.0   0.0   0.0   0.0   0.34  0.0   0.0   0.34  0.0   0.0   0.0   0.0   0.0   
31    E     0.0   0.0   0.0   0.0   0.0   0.0   0.66  0.0   0.34  0.0   0.0   0.0   0.0   0.0   0.0   0.0   0.0   0.0   0.0   0.0   
32    L     0.0   0.0   0.0   0.0   0.0   0.0   0.0   0.0   0.0   0.24  0.5   0.0   0.26  0.0   0.0   0.0   0.0   0.0   0.0   0.0   
33    L     0.0   0.2   0.0   0.0   0.0   0.0   0.0   0.0   0.0   0.18  0.62  0.0   0.0   0.0   0.0   0.0   0.0   0.0   0.0   0.0   
34    F     0.0   0.0   0.0   0.18  0.0   0.21  0.38  0.0   0.0   0.0   0.0   0.0   0.0   0.22  0.0   0.0   0.0   0.0   0.0   0.0   
35    R     0.18  0.22  0.0   0.0   0.0   0.21  0.0   0.0   0.0   0.2   0.0   0.0   0.0   0.0   0.0   0.0   0.0   0.0   0.0   0.18  
36    Y     0.0   0.0   0.0   0.0   0.0   0.0   0.0   0.0   0.0   0.15  0.5   0.0   0.0   0.17  0.0   0.0   0.0   0.0   0.19  0.0   
37    E     0.0   0.17  0.0   0.15  0.0   0.0   0.19  0.15  0.0   0.18  0.0   0.17  0.0   0.0   0.0   0.0   0.0   0.0   0.0   0.0   
38    Q     0.0   0.11  0.14  0.0   0.0   0.15  0.38  0.11  0.0   0.0   0.0   0.0   0.0   0.0   0.0   0.0   0.12  0.0   0.0   0.0   
39    L     0.1   0.0   0.0   0.0   0.13  0.0   0.0   0.0   0.0   0.11  0.34  0.0   0.0   0.11  0.0   0.0   0.0   0.0   0.0   0.21  
40    Y     0.1   0.1   0.13  0.0   0.0   0.0   0.0   0.1   0.0   0.0   0.0   0.0   0.0   0.0   0.11  0.11  0.22  0.0   0.14  0.0   
41    T     0.07  0.0   0.0   0.0   0.0   0.0   0.0   0.0   0.0   0.0   0.0   0.0   0.0   0.0   0.0   0.09  0.77  0.0   0.0   0.07  
42    G     0.34  0.0   0.0   0.0   0.07  0.0   0.0   0.1   0.0   0.0   0.0   0.0   0.0   0.0   0.0   0.25  0.24  0.0   0.0   0.0   
43    A     0.14  0.0   0.07  0.26  0.07  0.0   0.28  0.12  0.0   0.0   0.0   0.0   0.0   0.0   0.0   0.0   0.07  0.0   0.0   0.0   
44    V     0.0   0.0   0.0   0.0   0.0   0.0   0.0   0.0   0.0   0.22  0.46  0.0   0.0   0.0   0.0   0.0   0.05  0.0   0.0   0.27  
45    N     0.05  0.0   0.09  0.0   0.42  0.0   0.0   0.0   0.0   0.0   0.0   0.0   0.0   0.0   0.0   0.31  0.09  0.0   0.0   0.0   
46    D     0.06  0.0   0.0   0.84  0.0   0.0   0.0   0.0   0.0   0.0   0.0   0.0   0.0   0.0   0.0   0.0   0.05  0.0   0.0   0.0   
47    V     0.42  0.0   0.0   0.0   0.0   0.05  0.0   0.0   0.0   0.16  0.14  0.0   0.0   0.0   0.0   0.0   0.06  0.0   0.0   0.14  
48    X     0.0   0.0   0.04  0.0   0.09  0.0   0.0   0.0   0.0   0.0   0.14  0.0   0.06  0.05  0.0   0.0   0.0   0.0   0.2   0.06  
49    R     0.01  0.09  0.0   0.15  0.0   0.05  0.01  0.01  0.61  0.0   0.01  0.0   0.0   0.0   0.04  0.01  0.0   0.0   0.0   0.01  
50    E     0.03  0.05  0.0   0.19  0.0   0.0   0.65  0.08  0.0   0.0   0.0   0.0   0.0   0.0   0.0   0.0   0.0   0.0   0.0   0.0   
51    F     0.22  0.0   0.0   0.12  0.0   0.0   0.09  0.03  0.0   0.0   0.33  0.0   0.0   0.14  0.0   0.0   0.04  0.0   0.0   0.0   
52    C     0.01  0.06  0.0   0.03  0.39  0.15  0.04  0.01  0.04  0.04  0.01  0.02  0.04  0.0   0.0   0.01  0.05  0.0   0.0   0.09  
53    L     0.03  0.04  0.17  0.25  0.0   0.0   0.01  0.19  0.0   0.0   0.2   0.04  0.0   0.0   0.04  0.01  0.0   0.0   0.0   0.01  
54    L     0.22  0.15  0.01  0.01  0.0   0.01  0.07  0.01  0.0   0.17  0.15  0.01  0.0   0.01  0.01  0.04  0.03  0.0   0.0   0.09  
55    E     0.07  0.01  0.01  0.03  0.0   0.01  0.17  0.04  0.0   0.04  0.08  0.13  0.0   0.01  0.01  0.01  0.04  0.0   0.25  0.11  
56    Q     0.01  0.0   0.0   0.0   0.0   0.3   0.09  0.39  0.0   0.0   0.01  0.0   0.0   0.0   0.16  0.01  0.0   0.0   0.0   0.01  
57    A     0.19  0.0   0.0   0.08  0.0   0.02  0.16  0.08  0.0   0.08  0.15  0.0   0.0   0.0   0.06  0.01  0.13  0.0   0.0   0.03  
58    L     0.0   0.0   0.0   0.07  0.04  0.0   0.02  0.0   0.0   0.0   0.71  0.0   0.11  0.0   0.0   0.0   0.0   0.0   0.0   0.03  
59    P     0.06  0.15  0.04  0.03  0.0   0.03  0.03  0.0   0.0   0.02  0.07  0.1   0.0   0.05  0.1   0.03  0.05  0.0   0.0   0.23  
60    G     0.01  0.01  0.1   0.04  0.0   0.15  0.01  0.13  0.0   0.01  0.01  0.01  0.03  0.0   0.19  0.26  0.04  0.0   0.0   0.01  
61    R     0.06  0.08  0.06  0.01  0.0   0.01  0.01  0.01  0.0   0.04  0.05  0.04  0.0   0.01  0.01  0.05  0.06  0.0   0.08  0.43  
62    I     0.0   0.0   0.0   0.0   0.0   0.0   0.0   0.0   0.0   0.3   0.09  0.0   0.13  0.16  0.0   0.0   0.0   0.0   0.0   0.29  
63    K     0.03  0.23  0.0   0.02  0.0   0.05  0.34  0.0   0.05  0.0   0.0   0.25  0.0   0.0   0.0   0.0   0.0   0.0   0.0   0.0   
64    P     0.02  0.0   0.0   0.0   0.0   0.0   0.0   0.0   0.0   0.03  0.0   0.0   0.0   0.0   0.84  0.08  0.0   0.0   0.0   0.0   
65    L     0.0   0.0   0.0   0.0   0.0   0.0   0.0   0.0   0.0   0.18  0.34  0.0   0.19  0.14  0.0   0.0   0.0   0.0   0.04  0.09  
66    R     0.0   0.06  0.04  0.0   0.0   0.06  0.0   0.16  0.0   0.0   0.08  0.0   0.0   0.34  0.0   0.09  0.0   0.0   0.12  0.05  
67    E     0.07  0.17  0.0   0.0   0.0   0.18  0.17  0.15  0.0   0.0   0.0   0.04  0.0   0.0   0.0   0.18  0.03  0.0   0.0   0.0   
68    Y     0.05  0.04  0.34  0.0   0.0   0.01  0.0   0.38  0.02  0.0   0.0   0.03  0.0   0.0   0.0   0.01  0.0   0.0   0.08  0.04  
69    H     0.12  0.14  0.02  0.13  0.0   0.07  0.04  0.0   0.08  0.0   0.0   0.14  0.05  0.0   0.0   0.13  0.06  0.0   0.0   0.03  
70    S     0.03  0.16  0.0   0.0   0.02  0.15  0.0   0.0   0.0   0.02  0.0   0.12  0.05  0.0   0.0   0.42  0.03  0.0   0.0   0.0   
71    V     0.0   0.0   0.0   0.0   0.0   0.0   0.0   0.0   0.0   0.13  0.04  0.0   0.0   0.49  0.0   0.09  0.0   0.0   0.0   0.25  
72    A     0.28  0.0   0.0   0.0   0.02  0.0   0.0   0.19  0.05  0.05  0.0   0.0   0.0   0.19  0.0   0.11  0.0   0.0   0.01  0.08  
73    G     0.0   0.0   0.0   0.0   0.0   0.0   0.0   1.0   0.0   0.0   0.0   0.0   0.0   0.0   0.0   0.0   0.0   0.0   0.0   0.0   
74    F     0.01  0.05  0.0   0.0   0.0   0.11  0.2   0.07  0.02  0.0   0.0   0.05  0.0   0.05  0.25  0.07  0.12  0.0   0.0   0.0   
75    A     0.43  0.0   0.0   0.0   0.0   0.03  0.0   0.0   0.0   0.32  0.01  0.02  0.03  0.0   0.0   0.02  0.0   0.0   0.0   0.14  
76    F     0.08  0.06  0.0   0.0   0.0   0.0   0.0   0.0   0.0   0.13  0.04  0.02  0.0   0.05  0.0   0.02  0.11  0.0   0.09  0.39  
77    T     0.0   0.0   0.0   0.0   0.0   0.0   0.0   0.0   0.0   0.0   0.0   0.0   0.0   0.02  0.0   0.0   0.96  0.0   0.0   0.02  
78    V     0.03  0.0   0.0   0.0   0.0   0.0   0.0   0.0   0.0   0.17  0.17  0.0   0.0   0.0   0.0   0.0   0.0   0.0   0.0   0.6   
79    K     0.01  0.15  0.0   0.0   0.0   0.11  0.0   0.03  0.0   0.0   0.12  0.5   0.0   0.0   0.0   0.04  0.0   0.0   0.0   0.0   
80    S     0.03  0.03  0.0   0.0   0.4   0.0   0.0   0.01  0.0   0.06  0.07  0.0   0.0   0.05  0.0   0.06  0.04  0.0   0.05  0.2   
81    A     0.18  0.0   0.0   0.01  0.0   0.03  0.01  0.01  0.0   0.03  0.05  0.01  0.0   0.56  0.03  0.05  0.01  0.0   0.02  0.01  
82    P     0.03  0.01  0.01  0.01  0.0   0.06  0.49  0.01  0.02  0.01  0.01  0.01  0.0   0.0   0.27  0.01  0.01  0.0   0.04  0.01  
83    N     0.04  0.07  0.17  0.17  0.01  0.02  0.03  0.04  0.01  0.07  0.05  0.03  0.01  0.02  0.03  0.05  0.1   0.01  0.02  0.03  
84    V     0.04  0.03  0.23  0.11  0.01  0.02  0.08  0.04  0.01  0.05  0.07  0.03  0.01  0.02  0.03  0.04  0.03  0.01  0.02  0.14  
85    K     0.05  0.03  0.03  0.03  0.01  0.03  0.04  0.14  0.01  0.03  0.06  0.22  0.01  0.02  0.04  0.14  0.04  0.01  0.02  0.04  
86    I     0.05  0.04  0.03  0.03  0.09  0.03  0.04  0.04  0.01  0.08  0.2   0.12  0.01  0.02  0.03  0.04  0.04  0.01  0.02  0.06  
87    K     0.07  0.03  0.03  0.03  0.01  0.03  0.04  0.09  0.04  0.04  0.1   0.1   0.01  0.09  0.03  0.07  0.04  0.01  0.02  0.12  
88    G     0.06  0.08  0.02  0.04  0.01  0.02  0.13  0.24  0.01  0.03  0.04  0.05  0.01  0.03  0.03  0.03  0.08  0.01  0.05  0.03  
89    E     0.05  0.0   0.0   0.79  0.0   0.0   0.08  0.01  0.0   0.0   0.01  0.01  0.0   0.0   0.0   0.01  0.01  0.0   0.0   0.02  
90    X     0.0   0.0   0.57  0.0   0.0   0.02  0.02  0.0   0.0   0.03  0.05  0.02  0.0   0.04  0.05  0.02  0.0   0.03  0.0   0.01  
91    E     0.16  0.06  0.01  0.01  0.0   0.01  0.07  0.1   0.04  0.01  0.05  0.01  0.0   0.01  0.01  0.24  0.03  0.13  0.0   0.06  
92    Y     0.06  0.08  0.05  0.01  0.0   0.01  0.01  0.04  0.0   0.01  0.39  0.07  0.1   0.01  0.06  0.01  0.01  0.0   0.05  0.04  
93    R     0.09  0.05  0.0   0.0   0.0   0.0   0.01  0.02  0.0   0.15  0.12  0.01  0.05  0.05  0.04  0.01  0.04  0.0   0.0   0.35  
94    T     0.09  0.27  0.0   0.01  0.0   0.0   0.02  0.01  0.1   0.01  0.08  0.18  0.0   0.02  0.01  0.02  0.06  0.0   0.04  0.09  
95    Q     0.06  0.0   0.1   0.04  0.0   0.13  0.31  0.01  0.0   0.04  0.01  0.07  0.0   0.0   0.0   0.08  0.03  0.0   0.0   0.11  
96    X     0.23  0.0   0.0   0.0   0.0   0.05  0.02  0.02  0.01  0.05  0.09  0.03  0.02  0.02  0.0   0.0   0.1   0.0   0.08  0.13  
97    L     0.05  0.0   0.0   0.0   0.0   0.0   0.0   0.0   0.0   0.16  0.56  0.0   0.03  0.01  0.0   0.0   0.04  0.0   0.0   0.13  
98    D     0.09  0.0   0.0   0.2   0.0   0.06  0.4   0.04  0.0   0.03  0.0   0.01  0.0   0.0   0.01  0.12  0.0   0.0   0.03  0.0   
99    E     0.04  0.0   0.0   0.01  0.0   0.29  0.36  0.01  0.0   0.03  0.03  0.05  0.0   0.0   0.0   0.09  0.08  0.0   0.0   0.01  
100   X     0.06  0.0   0.13  0.2   0.04  0.01  0.05  0.01  0.0   0.03  0.04  0.07  0.0   0.03  0.18  0.01  0.01  0.0   0.0   0.08  
101   Q     0.03  0.06  0.03  0.0   0.0   0.08  0.0   0.59  0.0   0.0   0.0   0.05  0.0   0.0   0.1   0.05  0.0   0.0   0.0   0.02  
102   E     0.11  0.04  0.03  0.06  0.0   0.04  0.2   0.02  0.04  0.0   0.04  0.16  0.0   0.0   0.17  0.0   0.06  0.0   0.0   0.04  
103   D     0.02  0.0   0.08  0.07  0.0   0.0   0.0   0.8   0.04  0.0   0.0   0.0   0.0   0.0   0.0   0.0   0.0   0.0   0.0   0.0   
104   H     0.02  0.29  0.0   0.16  0.0   0.01  0.0   0.07  0.05  0.0   0.01  0.28  0.0   0.0   0.0   0.09  0.01  0.0   0.0   0.0   
105   F     0.0   0.0   0.0   0.0   0.0   0.0   0.0   0.0   0.0   0.14  0.0   0.0   0.0   0.08  0.0   0.0   0.0   0.0   0.0   0.78  
106   V     0.0   0.0   0.0   0.0   0.0   0.0   0.0   0.0   0.0   0.12  0.77  0.0   0.03  0.0   0.0   0.0   0.0   0.0   0.0   0.08  
107   V     0.0   0.0   0.0   0.0   0.0   0.0   0.0   0.0   0.0   0.02  0.2   0.0   0.0   0.03  0.0   0.0   0.0   0.0   0.0   0.75  
108   W     0.06  0.0   0.0   0.0   0.0   0.0   0.0   0.0   0.0   0.35  0.07  0.0   0.0   0.0   0.0   0.0   0.0   0.05  0.0   0.47  
109   D     0.12  0.0   0.0   0.8   0.0   0.0   0.03  0.0   0.0   0.0   0.0   0.0   0.0   0.0   0.0   0.02  0.0   0.0   0.0   0.0   
110   T     0.03  0.0   0.04  0.0   0.0   0.0   0.0   0.68  0.0   0.0   0.0   0.0   0.0   0.0   0.11  0.0   0.05  0.0   0.03  0.06  
111   S     0.02  0.0   0.07  0.04  0.0   0.03  0.0   0.54  0.05  0.0   0.0   0.03  0.0   0.05  0.0   0.09  0.05  0.0   0.0   0.03  
112   R     0.13  0.05  0.0   0.0   0.0   0.0   0.03  0.68  0.0   0.05  0.0   0.0   0.0   0.0   0.0   0.07  0.0   0.0   0.0   0.0   
113   D     0.03  0.0   0.03  0.08  0.0   0.04  0.06  0.0   0.0   0.0   0.0   0.05  0.0   0.0   0.07  0.64  0.0   0.0   0.0   0.01  
114   D     0.0   0.01  0.0   0.05  0.15  0.02  0.0   0.03  0.02  0.09  0.29  0.05  0.05  0.0   0.0   0.03  0.04  0.0   0.02  0.13  
115   K     0.0   0.54  0.04  0.06  0.0   0.02  0.02  0.0   0.09  0.0   0.0   0.08  0.0   0.0   0.0   0.02  0.12  0.0   0.0   0.0   
116   A     0.05  0.29  0.01  0.08  0.27  0.06  0.0   0.02  0.03  0.0   0.0   0.04  0.0   0.0   0.0   0.0   0.12  0.0   0.0   0.02  
117   T     0.83  0.0   0.0   0.0   0.0   0.0   0.0   0.09  0.0   0.0   0.0   0.0   0.0   0.0   0.0   0.0   0.08  0.0   0.0   0.0   
118   L     0.0   0.0   0.0   0.0   0.02  0.0   0.0   0.0   0.0   0.04  0.75  0.0   0.05  0.0   0.0   0.0   0.0   0.0   0.08  0.05  
119   W     0.03  0.0   0.0   0.0   0.0   0.0   0.0   0.0   0.0   0.18  0.25  0.0   0.02  0.11  0.0   0.0   0.0   0.12  0.05  0.24  
120   G     0.0   0.0   0.04  0.18  0.0   0.0   0.0   0.77  0.0   0.0   0.0   0.0   0.0   0.0   0.0   0.0   0.0   0.0   0.0   0.0   
121   G     0.18  0.0   0.0   0.49  0.0   0.0   0.0   0.29  0.0   0.01  0.02  0.0   0.0   0.0   0.0   0.01  0.0   0.0   0.0   0.0   
122   V     0.02  0.01  0.17  0.02  0.0   0.11  0.12  0.02  0.01  0.03  0.24  0.0   0.11  0.03  0.0   0.02  0.01  0.0   0.0   0.09  
123   X     0.05  0.0   0.0   0.0   0.0   0.0   0.0   0.0   0.0   0.24  0.56  0.0   0.05  0.0   0.02  0.01  0.0   0.0   0.0   0.03  
124   T     0.68  0.0   0.0   0.0   0.0   0.0   0.0   0.11  0.0   0.0   0.03  0.0   0.0   0.0   0.0   0.07  0.11  0.0   0.0   0.02  
125   A     0.14  0.07  0.01  0.01  0.0   0.15  0.19  0.07  0.03  0.04  0.07  0.04  0.0   0.0   0.0   0.0   0.13  0.02  0.0   0.02  
126   T     0.01  0.05  0.05  0.0   0.02  0.03  0.0   0.0   0.0   0.06  0.45  0.07  0.03  0.01  0.0   0.13  0.09  0.0   0.0   0.01  
127   A     0.82  0.0   0.0   0.0   0.0   0.0   0.0   0.11  0.0   0.0   0.04  0.0   0.0   0.03  0.0   0.0   0.0   0.0   0.0   0.0   
128   K     0.13  0.05  0.01  0.0   0.0   0.17  0.1   0.0   0.01  0.04  0.11  0.11  0.02  0.0   0.0   0.0   0.02  0.01  0.0   0.22  
129   G     0.12  0.07  0.07  0.19  0.0   0.07  0.11  0.04  0.0   0.02  0.01  0.19  0.0   0.0   0.0   0.04  0.03  0.0   0.05  0.0   
130   K     0.0   0.1   0.67  0.0   0.0   0.0   0.0   0.0   0.03  0.0   0.07  0.1   0.0   0.0   0.0   0.01  0.01  0.0   0.01  0.0   
131   K     0.0   0.0   0.06  0.04  0.0   0.01  0.08  0.68  0.02  0.0   0.0   0.11  0.0   0.0   0.0   0.0   0.0   0.0   0.0   0.0   
132   L     0.03  0.0   0.0   0.0   0.02  0.0   0.0   0.0   0.0   0.09  0.06  0.0   0.0   0.0   0.0   0.05  0.0   0.71  0.0   0.06  
133   K     0.25  0.08  0.05  0.01  0.0   0.07  0.34  0.0   0.0   0.0   0.02  0.04  0.03  0.0   0.0   0.06  0.01  0.0   0.0   0.03  
134   A     0.09  0.0   0.0   0.0   0.0   0.0   0.0   0.91  0.0   0.0   0.0   0.0   0.0   0.0   0.0   0.0   0.0   0.0   0.0   0.0   
135   A     0.05  0.0   0.0   0.0   0.0   0.0   0.0   0.0   0.0   0.39  0.2   0.0   0.01  0.04  0.0   0.0   0.08  0.0   0.0   0.22  
136   C     0.0   0.0   0.0   0.0   0.04  0.0   0.0   0.0   0.0   0.34  0.05  0.0   0.0   0.0   0.0   0.0   0.0   0.0   0.0   0.57  
137   I     0.0   0.0   0.0   0.0   0.04  0.0   0.0   0.0   0.0   0.39  0.02  0.0   0.0   0.0   0.0   0.0   0.0   0.0   0.0   0.55  
138   D     0.0   0.0   0.25  0.19  0.0   0.0   0.02  0.0   0.11  0.0   0.0   0.0   0.0   0.07  0.0   0.0   0.0   0.0   0.36  0.0   
139   G     0.08  0.0   0.0   0.0   0.0   0.0   0.0   0.92  0.0   0.0   0.0   0.0   0.0   0.0   0.0   0.0   0.0   0.0   0.0   0.0   
140   G     0.37  0.05  0.0   0.0   0.31  0.0   0.0   0.13  0.0   0.0   0.0   0.0   0.0   0.0   0.01  0.07  0.02  0.0   0.03  0.0   
141   I     0.02  0.0   0.0   0.0   0.01  0.0   0.0   0.0   0.0   0.29  0.0   0.0   0.0   0.0   0.0   0.0   0.0   0.0   0.0   0.67  
142   R     0.0   1.0   0.0   0.0   0.0   0.0   0.0   0.0   0.0   0.0   0.0   0.0   0.0   0.0   0.0   0.0   0.0   0.0   0.0   0.0   
143   D     0.0   0.0   0.01  0.8   0.0   0.11  0.06  0.0   0.01  0.0   0.0   0.0   0.0   0.0   0.0   0.0   0.0   0.0   0.0   0.0   
144   T     0.07  0.0   0.0   0.0   0.0   0.0   0.0   0.0   0.0   0.08  0.04  0.0   0.0   0.0   0.0   0.16  0.13  0.0   0.0   0.53  
145   H     0.17  0.05  0.0   0.38  0.0   0.06  0.1   0.03  0.04  0.0   0.03  0.04  0.0   0.0   0.0   0.06  0.0   0.0   0.0   0.03  
146   Q     0.2   0.02  0.0   0.11  0.0   0.09  0.28  0.0   0.0   0.02  0.01  0.0   0.01  0.0   0.0   0.05  0.11  0.0   0.0   0.11  
147   I     0.0   0.0   0.0   0.0   0.0   0.02  0.0   0.0   0.05  0.23  0.62  0.0   0.03  0.0   0.0   0.03  0.0   0.0   0.0   0.02  
148   L     0.22  0.2   0.06  0.04  0.0   0.03  0.18  0.07  0.0   0.01  0.04  0.06  0.0   0.0   0.0   0.07  0.02  0.0   0.0   0.01  
149   N     0.07  0.0   0.08  0.08  0.0   0.11  0.28  0.08  0.0   0.0   0.01  0.02  0.0   0.0   0.0   0.05  0.2   0.0   0.0   0.02  
150   A     0.05  0.0   0.0   0.0   0.08  0.0   0.0   0.0   0.0   0.07  0.42  0.0   0.18  0.02  0.0   0.0   0.09  0.0   0.0   0.09  
151   D     0.0   0.02  0.24  0.48  0.0   0.0   0.07  0.08  0.0   0.0   0.0   0.03  0.0   0.0   0.08  0.01  0.01  0.0   0.0   0.0   
152   F     0.01  0.0   0.0   0.0   0.0   0.0   0.0   0.0   0.05  0.35  0.27  0.0   0.0   0.21  0.0   0.0   0.0   0.0   0.03  0.07  
153   P     0.04  0.0   0.0   0.0   0.0   0.0   0.0   0.72  0.0   0.0   0.0   0.0   0.0   0.0   0.24  0.0   0.0   0.0   0.0   0.0   
154   V     0.0   0.0   0.0   0.0   0.03  0.0   0.0   0.0   0.0   0.45  0.02  0.0   0.0   0.0   0.0   0.0   0.0   0.0   0.0   0.5   
155   F     0.02  0.09  0.0   0.0   0.0   0.24  0.0   0.0   0.08  0.02  0.09  0.16  0.0   0.18  0.0   0.0   0.0   0.08  0.04  0.0   
156   Y     0.78  0.0   0.0   0.0   0.06  0.0   0.0   0.01  0.0   0.0   0.0   0.0   0.0   0.0   0.0   0.06  0.04  0.0   0.04  0.0   
157   E     0.0   0.07  0.0   0.0   0.0   0.0   0.04  0.0   0.0   0.06  0.59  0.06  0.04  0.0   0.0   0.02  0.03  0.0   0.05  0.02  
158   Y     0.5   0.0   0.06  0.0   0.02  0.0   0.0   0.34  0.02  0.0   0.0   0.0   0.0   0.0   0.0   0.0   0.02  0.0   0.04  0.0   
159   R     0.23  0.04  0.0   0.0   0.01  0.0   0.0   0.0   0.0   0.12  0.0   0.0   0.0   0.02  0.05  0.18  0.29  0.0   0.0   0.06  
160   I     0.0   0.0   0.14  0.0   0.08  0.0   0.0   0.05  0.22  0.28  0.0   0.0   0.04  0.0   0.0   0.06  0.04  0.0   0.06  0.04  
161   S     0.06  0.0   0.0   0.0   0.0   0.0   0.0   0.0   0.0   0.03  0.0   0.0   0.03  0.0   0.77  0.11  0.0   0.0   0.0   0.0   
162   N     0.04  0.19  0.1   0.0   0.08  0.11  0.0   0.0   0.0   0.03  0.07  0.06  0.06  0.03  0.0   0.0   0.0   0.0   0.02  0.2   
163   G     0.14  0.08  0.01  0.02  0.0   0.0   0.0   0.3   0.0   0.0   0.0   0.37  0.0   0.0   0.03  0.06  0.0   0.0   0.0   0.0   
164   S     0.22  0.0   0.0   0.0   0.01  0.0   0.0   0.11  0.0   0.0   0.0   0.0   0.0   0.0   0.05  0.35  0.26  0.0   0.0   0.0   
165   L     0.06  0.01  0.0   0.18  0.01  0.04  0.16  0.01  0.02  0.05  0.06  0.11  0.0   0.01  0.0   0.04  0.1   0.0   0.0   0.14  
166   G     0.06  0.05  0.06  0.06  0.01  0.03  0.06  0.1   0.0   0.01  0.01  0.41  0.01  0.0   0.06  0.07  0.01  0.0   0.0   0.01  
167   R     0.0   0.35  0.05  0.02  0.0   0.08  0.13  0.0   0.0   0.0   0.0   0.31  0.0   0.0   0.0   0.03  0.0   0.0   0.0   0.0   
168   C     0.08  0.0   0.05  0.05  0.04  0.03  0.02  0.38  0.0   0.01  0.06  0.0   0.0   0.0   0.0   0.05  0.17  0.0   0.0   0.06  
169   L     0.03  0.02  0.04  0.04  0.01  0.03  0.03  0.23  0.02  0.02  0.21  0.02  0.01  0.04  0.02  0.03  0.09  0.01  0.05  0.07  
170   I     0.13  0.01  0.01  0.02  0.0   0.04  0.08  0.06  0.01  0.25  0.07  0.07  0.01  0.01  0.01  0.04  0.04  0.0   0.01  0.13  
171   T     0.03  0.0   0.0   0.0   0.0   0.0   0.0   0.88  0.0   0.0   0.0   0.0   0.0   0.0   0.0   0.0   0.09  0.0   0.0   0.0   
172   H     0.02  0.0   0.11  0.16  0.0   0.06  0.49  0.0   0.04  0.01  0.0   0.0   0.0   0.0   0.0   0.08  0.0   0.0   0.0   0.03  
173   Y     0.01  0.19  0.0   0.01  0.0   0.02  0.03  0.0   0.0   0.09  0.11  0.01  0.02  0.0   0.0   0.13  0.02  0.0   0.04  0.3   
174   Q     0.0   0.02  0.34  0.43  0.0   0.12  0.03  0.05  0.01  0.0   0.0   0.0   0.0   0.0   0.0   0.0   0.0   0.0   0.0   0.0   
175   I     0.04  0.01  0.0   0.0   0.05  0.0   0.01  0.0   0.0   0.22  0.14  0.02  0.02  0.0   0.0   0.01  0.02  0.0   0.0   0.46  
176   P     0.14  0.07  0.01  0.01  0.0   0.0   0.06  0.02  0.0   0.0   0.02  0.05  0.0   0.0   0.47  0.03  0.09  0.0   0.0   0.03  
177   I     0.0   0.0   0.0   0.0   0.0   0.0   0.0   0.0   0.0   0.24  0.17  0.0   0.02  0.0   0.0   0.0   0.0   0.0   0.0   0.57  
178   K     0.01  0.03  0.29  0.02  0.0   0.06  0.03  0.0   0.02  0.02  0.07  0.05  0.0   0.0   0.0   0.11  0.22  0.0   0.01  0.04  
179   I     0.0   0.0   0.0   0.0   0.16  0.0   0.0   0.0   0.0   0.12  0.06  0.0   0.06  0.49  0.0   0.0   0.05  0.0   0.0   0.06  
180   G     0.24  0.02  0.03  0.01  0.02  0.02  0.0   0.52  0.01  0.0   0.03  0.0   0.0   0.0   0.06  0.05  0.0   0.0   0.0   0.0   
181   D     0.01  0.0   0.05  0.09  0.01  0.0   0.0   0.81  0.02  0.0   0.0   0.0   0.0   0.0   0.0   0.02  0.0   0.0   0.0   0.0   
182   V     0.07  0.0   0.0   0.0   0.02  0.14  0.0   0.0   0.0   0.02  0.0   0.0   0.04  0.0   0.0   0.01  0.07  0.0   0.0   0.62  
183   T     0.03  0.04  0.02  0.04  0.0   0.0   0.02  0.0   0.0   0.04  0.11  0.0   0.03  0.0   0.05  0.02  0.53  0.01  0.01  0.06  
184   I     0.0   0.0   0.0   0.0   0.0   0.0   0.0   0.0   0.0   0.29  0.02  0.0   0.0   0.46  0.0   0.0   0.0   0.01  0.0   0.22  
185   K     0.03  0.19  0.1   0.0   0.06  0.05  0.03  0.0   0.01  0.02  0.13  0.1   0.0   0.12  0.0   0.0   0.08  0.0   0.02  0.06  
186   S     0.04  0.0   0.0   0.04  0.0   0.02  0.0   0.0   0.0   0.0   0.0   0.0   0.0   0.0   0.78  0.12  0.02  0.0   0.0   0.0   
187   G     0.0   0.0   0.01  0.05  0.0   0.0   0.11  0.8   0.0   0.0   0.01  0.02  0.0   0.0   0.0   0.0   0.0   0.0   0.0   0.0   
188   D     0.0   0.0   0.02  0.66  0.01  0.01  0.18  0.0   0.09  0.0   0.0   0.0   0.02  0.0   0.0   0.01  0.0   0.0   0.0   0.0   
189   I     0.0   0.01  0.0   0.0   0.0   0.0   0.0   0.0   0.14  0.16  0.03  0.0   0.02  0.05  0.0   0.0   0.0   0.18  0.35  0.06  
190   I     0.04  0.0   0.0   0.0   0.0   0.0   0.0   0.0   0.0   0.45  0.32  0.0   0.0   0.0   0.0   0.0   0.0   0.0   0.0   0.19  
191   L     0.04  0.0   0.0   0.0   0.0   0.0   0.0   0.0   0.0   0.0   0.05  0.0   0.0   0.04  0.0   0.0   0.0   0.0   0.7   0.16  
192   G     0.69  0.0   0.0   0.0   0.03  0.0   0.0   0.17  0.0   0.01  0.0   0.0   0.0   0.0   0.0   0.07  0.0   0.0   0.0   0.04  
193   D     0.0   0.0   0.0   1.0   0.0   0.0   0.0   0.0   0.0   0.0   0.0   0.0   0.0   0.0   0.0   0.0   0.0   0.0   0.0   0.0   
194   I     0.09  0.01  0.24  0.16  0.02  0.0   0.17  0.0   0.01  0.05  0.08  0.0   0.0   0.0   0.0   0.08  0.04  0.03  0.0   0.01  
195   D     0.0   0.0   0.29  0.46  0.0   0.0   0.0   0.0   0.0   0.0   0.0   0.0   0.0   0.0   0.0   0.03  0.23  0.0   0.0   0.0   
196   G     0.0   0.0   0.0   0.0   0.0   0.0   0.0   1.0   0.0   0.0   0.0   0.0   0.0   0.0   0.0   0.0   0.0   0.0   0.0   0.0   
197   V     0.0   0.0   0.0   0.0   0.0   0.0   0.0   0.0   0.0   0.48  0.01  0.0   0.02  0.0   0.0   0.0   0.0   0.01  0.0   0.48  
198   L     0.02  0.0   0.0   0.0   0.02  0.0   0.0   0.0   0.0   0.35  0.28  0.0   0.0   0.0   0.0   0.0   0.03  0.0   0.0   0.31  
199   V     0.0   0.04  0.0   0.0   0.03  0.0   0.0   0.0   0.0   0.1   0.26  0.0   0.01  0.0   0.0   0.0   0.02  0.0   0.0   0.54  
200   V     0.12  0.0   0.0   0.0   0.0   0.0   0.0   0.0   0.0   0.21  0.06  0.0   0.0   0.0   0.0   0.38  0.0   0.0   0.0   0.23  
201   P     0.06  0.04  0.0   0.0   0.0   0.0   0.0   0.02  0.0   0.0   0.0   0.1   0.0   0.0   0.72  0.06  0.02  0.0   0.0   0.0   
202   R     0.28  0.13  0.06  0.0   0.0   0.16  0.1   0.0   0.05  0.0   0.04  0.13  0.0   0.0   0.0   0.03  0.03  0.0   0.0   0.0   
203   E     0.32  0.0   0.0   0.1   0.0   0.0   0.26  0.16  0.0   0.0   0.0   0.0   0.0   0.0   0.12  0.05  0.0   0.0   0.0   0.0   
204   I     0.0   0.24  0.06  0.0   0.0   0.08  0.07  0.0   0.0   0.11  0.3   0.0   0.0   0.0   0.0   0.14  0.0   0.0   0.0   0.0   
205   A     0.51  0.0   0.1   0.09  0.0   0.0   0.09  0.0   0.0   0.0   0.17  0.0   0.0   0.0   0.0   0.05  0.0   0.0   0.0   0.0   
206   Y     0.11  0.0   0.0   0.0   0.0   0.18  0.16  0.0   0.0   0.0   0.19  0.0   0.0   0.0   0.09  0.0   0.0   0.0   0.2   0.08  
207   E     0.08  0.0   0.09  0.0   0.0   0.0   0.66  0.0   0.0   0.0   0.0   0.07  0.0   0.0   0.0   0.1   0.0   0.0   0.0   0.0   
208   V     0.11  0.0   0.0   0.0   0.0   0.0   0.0   0.0   0.0   0.09  0.09  0.0   0.0   0.0   0.0   0.0   0.0   0.0   0.0   0.72  
209   L     0.09  0.0   0.0   0.0   0.0   0.0   0.0   0.0   0.0   0.09  0.64  0.0   0.0   0.0   0.0   0.0   0.0   0.0   0.0   0.19  
210   L     0.09  0.11  0.13  0.0   0.0   0.11  0.29  0.0   0.0   0.0   0.13  0.0   0.0   0.0   0.0   0.0   0.15  0.0   0.0   0.0   
211   R     0.18  0.32  0.11  0.0   0.0   0.0   0.15  0.0   0.0   0.0   0.0   0.23  0.0   0.0   0.0   0.0   0.0   0.0   0.0   0.0   
212   S     0.59  0.0   0.0   0.0   0.0   0.0   0.0   0.0   0.0   0.0   0.0   0.0   0.0   0.0   0.0   0.28  0.13  0.0   0.0   0.0   
213   E     0.0   0.18  0.0   0.15  0.0   0.0   0.13  0.0   0.0   0.13  0.0   0.32  0.0   0.0   0.0   0.0   0.09  0.0   0.0   0.0   
214   E     0.13  0.0   0.11  0.0   0.0   0.09  0.56  0.0   0.0   0.0   0.0   0.11  0.0   0.0   0.0   0.0   0.0   0.0   0.0   0.0   
215   I     0.09  0.09  0.0   0.0   0.0   0.0   0.0   0.0   0.0   0.52  0.0   0.11  0.0   0.0   0.0   0.09  0.0   0.0   0.0   0.11  
216   R     0.11  0.3   0.1   0.0   0.0   0.13  0.0   0.0   0.0   0.0   0.0   0.14  0.0   0.1   0.0   0.0   0.0   0.0   0.12  0.0   
217   E     0.13  0.0   0.0   0.11  0.0   0.0   0.49  0.0   0.0   0.0   0.15  0.12  0.0   0.0   0.0   0.0   0.0   0.0   0.0   0.0   
218   N     0.0   0.0   0.15  0.13  0.0   0.0   0.0   0.21  0.0   0.0   0.11  0.14  0.0   0.0   0.0   0.0   0.27  0.0   0.0   0.0   
219   E     0.0   0.0   0.0   0.23  0.0   0.0   0.77  0.0   0.0   0.0   0.0   0.0   0.0   0.0   0.0   0.0   0.0   0.0   0.0   0.0   
220   K     0.0   0.14  0.0   0.0   0.0   0.0   0.39  0.0   0.0   0.0   0.0   0.48  0.0   0.0   0.0   0.0   0.0   0.0   0.0   0.0   
221   K     0.0   0.67  0.0   0.0   0.0   0.0   0.0   0.0   0.0   0.0   0.0   0.33  0.0   0.0   0.0   0.0   0.0   0.0   0.0   0.0   
222   I     0.0   0.0   0.0   0.0   0.0   0.0   0.0   0.0   0.0   0.76  0.24  0.0   0.0   0.0   0.0   0.0   0.0   0.0   0.0   0.0   
