             A     R     N     D     C     Q     E     G     H     I     L     K     M     F     P     S     T     W     Y     V
1     R     0.0   0.65  0.0   0.0   0.0   0.0   0.0   0.0   0.0   0.0   0.0   0.35  0.0   0.0   0.0   0.0   0.0   0.0   0.0   0.0   
2     T     0.15  0.23  0.0   0.0   0.0   0.0   0.0   0.0   0.0   0.0   0.0   0.1   0.0   0.0   0.0   0.05  0.3   0.0   0.1   0.08  
3     K     0.05  0.0   0.08  0.0   0.0   0.26  0.0   0.08  0.0   0.0   0.0   0.42  0.0   0.0   0.06  0.05  0.0   0.0   0.0   0.0   
4     R     0.0   0.52  0.0   0.0   0.0   0.0   0.0   0.0   0.0   0.0   0.0   0.4   0.0   0.0   0.0   0.0   0.08  0.0   0.0   0.0   
5     L     0.0   0.05  0.0   0.07  0.0   0.1   0.0   0.05  0.0   0.0   0.47  0.06  0.0   0.0   0.07  0.07  0.0   0.0   0.0   0.06  
6     F     0.06  0.05  0.0   0.0   0.0   0.0   0.0   0.1   0.0   0.1   0.13  0.0   0.0   0.43  0.0   0.0   0.1   0.0   0.04  0.0   
7     R     0.03  0.51  0.03  0.02  0.0   0.04  0.09  0.07  0.03  0.05  0.0   0.05  0.0   0.0   0.02  0.03  0.03  0.0   0.0   0.0   
8     H     0.0   0.09  0.04  0.03  0.0   0.12  0.12  0.0   0.2   0.0   0.03  0.09  0.0   0.0   0.0   0.17  0.08  0.0   0.02  0.0   
9     Y     0.08  0.0   0.0   0.03  0.0   0.0   0.0   0.0   0.02  0.0   0.09  0.0   0.0   0.12  0.02  0.11  0.07  0.0   0.4   0.07  
10    T     0.0   0.04  0.02  0.12  0.0   0.0   0.07  0.02  0.05  0.07  0.0   0.0   0.0   0.03  0.19  0.25  0.15  0.0   0.0   0.0   
11    V     0.06  0.0   0.11  0.0   0.0   0.04  0.0   0.0   0.0   0.16  0.11  0.06  0.0   0.03  0.05  0.04  0.05  0.0   0.02  0.27  
12    G     0.15  0.0   0.02  0.04  0.0   0.02  0.04  0.33  0.02  0.0   0.02  0.02  0.0   0.02  0.04  0.17  0.05  0.0   0.04  0.0   
13    S     0.1   0.04  0.01  0.22  0.0   0.04  0.02  0.06  0.02  0.02  0.02  0.02  0.03  0.0   0.01  0.34  0.01  0.0   0.01  0.04  
14    Y     0.04  0.02  0.0   0.0   0.0   0.02  0.02  0.0   0.02  0.0   0.22  0.01  0.06  0.19  0.02  0.04  0.04  0.01  0.19  0.08  
15    D     0.02  0.16  0.01  0.25  0.0   0.01  0.05  0.12  0.02  0.0   0.03  0.06  0.0   0.0   0.07  0.12  0.07  0.0   0.0   0.01  
16    S     0.05  0.07  0.02  0.01  0.02  0.11  0.05  0.01  0.02  0.03  0.04  0.04  0.0   0.0   0.04  0.38  0.1   0.0   0.0   0.02  
17    L     0.05  0.04  0.01  0.13  0.01  0.0   0.04  0.01  0.01  0.03  0.19  0.0   0.02  0.05  0.18  0.12  0.04  0.0   0.0   0.08  
18    T     0.06  0.02  0.01  0.1   0.0   0.1   0.08  0.04  0.0   0.02  0.01  0.04  0.03  0.0   0.06  0.21  0.17  0.0   0.01  0.03  
19    S     0.11  0.0   0.04  0.11  0.01  0.06  0.07  0.14  0.01  0.0   0.0   0.03  0.01  0.0   0.11  0.25  0.03  0.01  0.0   0.02  
20    H     0.05  0.02  0.06  0.05  0.0   0.11  0.14  0.07  0.12  0.01  0.06  0.03  0.04  0.03  0.01  0.09  0.04  0.0   0.04  0.04  
21    S     0.11  0.02  0.04  0.1   0.01  0.01  0.14  0.04  0.0   0.03  0.06  0.05  0.0   0.0   0.13  0.2   0.05  0.0   0.01  0.01  
22    D     0.03  0.04  0.03  0.21  0.02  0.03  0.06  0.06  0.06  0.02  0.03  0.01  0.01  0.0   0.17  0.1   0.09  0.01  0.02  0.02  
23    Y     0.07  0.14  0.02  0.02  0.06  0.02  0.07  0.05  0.01  0.04  0.05  0.03  0.02  0.1   0.04  0.01  0.06  0.01  0.1   0.09  
24    V     0.04  0.01  0.0   0.05  0.01  0.01  0.14  0.12  0.0   0.1   0.06  0.02  0.03  0.0   0.09  0.08  0.15  0.0   0.02  0.06  
25    I     0.04  0.06  0.02  0.04  0.07  0.01  0.04  0.04  0.02  0.11  0.16  0.01  0.01  0.05  0.05  0.05  0.03  0.05  0.05  0.09  
26    D     0.03  0.07  0.06  0.13  0.0   0.05  0.18  0.07  0.03  0.03  0.03  0.06  0.0   0.0   0.06  0.04  0.04  0.0   0.0   0.09  
27    D     0.02  0.03  0.01  0.03  0.0   0.12  0.15  0.02  0.02  0.03  0.04  0.09  0.01  0.02  0.33  0.02  0.04  0.0   0.0   0.02  
28    K     0.0   0.44  0.02  0.01  0.0   0.03  0.06  0.01  0.03  0.03  0.03  0.17  0.0   0.04  0.02  0.01  0.03  0.0   0.04  0.02  
29    V     0.02  0.06  0.0   0.01  0.03  0.01  0.07  0.02  0.02  0.04  0.16  0.06  0.01  0.04  0.01  0.04  0.2   0.01  0.0   0.17  
30    A     0.03  0.03  0.01  0.03  0.03  0.01  0.03  0.01  0.01  0.09  0.08  0.03  0.0   0.0   0.02  0.03  0.06  0.0   0.0   0.52  
31    I     0.02  0.09  0.02  0.02  0.04  0.02  0.11  0.0   0.02  0.14  0.1   0.03  0.01  0.01  0.01  0.02  0.18  0.0   0.04  0.14  
32    L     0.01  0.02  0.0   0.01  0.0   0.01  0.04  0.0   0.01  0.17  0.36  0.02  0.09  0.03  0.01  0.01  0.04  0.0   0.01  0.16  
33    Q     0.0   0.07  0.03  0.02  0.01  0.15  0.09  0.0   0.05  0.08  0.17  0.04  0.03  0.01  0.05  0.05  0.07  0.02  0.03  0.03  
34    K     0.02  0.18  0.0   0.01  0.0   0.01  0.09  0.0   0.03  0.01  0.05  0.48  0.03  0.01  0.02  0.01  0.02  0.0   0.01  0.02  
35    R     0.02  0.24  0.01  0.13  0.0   0.07  0.11  0.03  0.02  0.0   0.01  0.19  0.0   0.01  0.02  0.06  0.03  0.0   0.02  0.02  
36    D     0.05  0.01  0.04  0.16  0.0   0.03  0.1   0.32  0.0   0.0   0.02  0.02  0.0   0.0   0.14  0.05  0.08  0.0   0.0   0.0   
37    H     0.07  0.03  0.12  0.01  0.01  0.06  0.03  0.17  0.06  0.01  0.02  0.04  0.01  0.0   0.1   0.13  0.06  0.0   0.03  0.03  
38    E     0.08  0.04  0.08  0.07  0.0   0.08  0.22  0.18  0.02  0.0   0.01  0.09  0.0   0.01  0.01  0.06  0.02  0.0   0.01  0.03  
39    G     0.01  0.02  0.02  0.03  0.0   0.02  0.01  0.47  0.02  0.0   0.01  0.04  0.0   0.01  0.11  0.13  0.08  0.0   0.0   0.01  
40    F     0.0   0.02  0.0   0.0   0.0   0.0   0.0   0.0   0.0   0.02  0.41  0.0   0.02  0.31  0.0   0.0   0.0   0.1   0.06  0.04  
41    G     0.0   0.0   0.01  0.0   0.0   0.01  0.01  0.94  0.01  0.0   0.0   0.0   0.0   0.0   0.0   0.01  0.0   0.0   0.0   0.0   
42    F     0.0   0.01  0.0   0.01  0.01  0.0   0.01  0.0   0.0   0.16  0.1   0.0   0.06  0.62  0.0   0.0   0.0   0.0   0.01  0.01  
43    V     0.03  0.1   0.09  0.01  0.0   0.02  0.04  0.02  0.01  0.02  0.03  0.02  0.0   0.0   0.0   0.27  0.19  0.0   0.06  0.1   
44    L     0.01  0.0   0.0   0.0   0.0   0.0   0.0   0.01  0.0   0.42  0.38  0.0   0.01  0.02  0.0   0.0   0.0   0.0   0.0   0.14  
45    R     0.08  0.27  0.01  0.01  0.0   0.08  0.0   0.04  0.02  0.03  0.06  0.13  0.01  0.0   0.0   0.12  0.03  0.0   0.0   0.09  
46    G     0.04  0.01  0.01  0.03  0.0   0.02  0.04  0.58  0.02  0.02  0.03  0.01  0.0   0.01  0.01  0.07  0.07  0.0   0.0   0.02  
47    A     0.05  0.02  0.01  0.06  0.0   0.02  0.06  0.48  0.01  0.03  0.03  0.01  0.0   0.03  0.02  0.06  0.02  0.0   0.04  0.03  
48    K     0.08  0.17  0.03  0.02  0.0   0.03  0.03  0.04  0.01  0.07  0.04  0.24  0.01  0.03  0.02  0.05  0.05  0.0   0.01  0.04  
49    A     0.05  0.03  0.09  0.14  0.01  0.02  0.14  0.12  0.03  0.02  0.06  0.02  0.01  0.01  0.08  0.06  0.03  0.0   0.01  0.08  
50    E     0.04  0.05  0.06  0.05  0.01  0.12  0.06  0.05  0.06  0.03  0.05  0.12  0.02  0.03  0.03  0.07  0.06  0.0   0.05  0.06  
51    T     0.05  0.05  0.09  0.1   0.02  0.07  0.06  0.07  0.01  0.04  0.04  0.08  0.03  0.01  0.11  0.05  0.08  0.0   0.01  0.04  
52    P     0.04  0.05  0.02  0.03  0.01  0.03  0.06  0.13  0.03  0.03  0.07  0.04  0.07  0.02  0.2   0.06  0.03  0.01  0.02  0.05  
53    I     0.05  0.04  0.05  0.03  0.04  0.02  0.09  0.07  0.02  0.07  0.08  0.04  0.02  0.03  0.14  0.06  0.04  0.02  0.02  0.08  
54    E     0.05  0.06  0.03  0.06  0.01  0.06  0.11  0.11  0.01  0.03  0.16  0.06  0.02  0.02  0.03  0.07  0.03  0.01  0.02  0.05  
55    E     0.1   0.08  0.04  0.05  0.01  0.05  0.06  0.07  0.01  0.05  0.11  0.03  0.02  0.02  0.03  0.08  0.07  0.01  0.01  0.08  
56    F     0.06  0.05  0.04  0.08  0.02  0.04  0.04  0.14  0.02  0.04  0.09  0.03  0.02  0.05  0.05  0.07  0.07  0.01  0.01  0.08  
57    T     0.05  0.03  0.06  0.05  0.04  0.08  0.07  0.1   0.02  0.07  0.06  0.06  0.02  0.03  0.08  0.05  0.08  0.01  0.01  0.05  
58    P     0.06  0.04  0.06  0.08  0.02  0.03  0.07  0.04  0.03  0.07  0.07  0.07  0.02  0.03  0.1   0.1   0.04  0.01  0.03  0.05  
59    T     0.05  0.04  0.03  0.04  0.01  0.03  0.04  0.12  0.05  0.06  0.04  0.06  0.02  0.07  0.03  0.13  0.1   0.01  0.02  0.05  
60    P     0.07  0.03  0.03  0.09  0.03  0.04  0.06  0.06  0.02  0.06  0.09  0.05  0.02  0.03  0.14  0.07  0.03  0.01  0.02  0.05  
61    A     0.07  0.05  0.05  0.05  0.01  0.04  0.1   0.15  0.03  0.03  0.07  0.05  0.01  0.02  0.05  0.06  0.05  0.01  0.02  0.07  
62    F     0.04  0.06  0.03  0.06  0.02  0.03  0.08  0.08  0.03  0.04  0.07  0.05  0.01  0.08  0.04  0.08  0.03  0.01  0.06  0.11  
63    P     0.07  0.04  0.07  0.15  0.01  0.03  0.09  0.05  0.02  0.05  0.04  0.07  0.01  0.01  0.11  0.05  0.07  0.0   0.01  0.05  
64    A     0.12  0.06  0.02  0.03  0.02  0.05  0.04  0.11  0.02  0.04  0.08  0.04  0.03  0.03  0.12  0.06  0.03  0.0   0.02  0.09  
65    L     0.04  0.02  0.01  0.05  0.02  0.01  0.05  0.31  0.08  0.04  0.09  0.02  0.01  0.02  0.1   0.04  0.03  0.0   0.01  0.05  
66    Q     0.05  0.02  0.01  0.01  0.03  0.1   0.02  0.04  0.02  0.3   0.09  0.04  0.0   0.02  0.02  0.01  0.03  0.0   0.01  0.16  
67    Y     0.02  0.02  0.01  0.01  0.0   0.02  0.01  0.01  0.03  0.13  0.09  0.02  0.04  0.25  0.02  0.02  0.03  0.01  0.16  0.1   
68    L     0.0   0.01  0.0   0.0   0.0   0.0   0.0   0.03  0.0   0.4   0.04  0.0   0.01  0.02  0.0   0.01  0.0   0.0   0.01  0.45  
69    E     0.1   0.06  0.01  0.02  0.04  0.05  0.04  0.04  0.05  0.03  0.02  0.06  0.01  0.0   0.01  0.24  0.17  0.02  0.0   0.02  
70    S     0.04  0.2   0.04  0.06  0.01  0.04  0.07  0.05  0.03  0.02  0.01  0.14  0.01  0.02  0.01  0.18  0.05  0.0   0.0   0.03  
71    V     0.01  0.0   0.0   0.0   0.01  0.0   0.0   0.0   0.0   0.26  0.12  0.0   0.01  0.02  0.03  0.0   0.01  0.0   0.0   0.5   
72    D     0.06  0.04  0.02  0.14  0.0   0.04  0.1   0.04  0.01  0.09  0.09  0.05  0.05  0.04  0.01  0.03  0.09  0.0   0.0   0.09  
73    V     0.05  0.06  0.01  0.04  0.0   0.0   0.14  0.03  0.03  0.0   0.02  0.1   0.01  0.0   0.43  0.04  0.01  0.0   0.0   0.02  
74    E     0.01  0.02  0.06  0.13  0.0   0.03  0.06  0.53  0.03  0.0   0.01  0.02  0.0   0.02  0.0   0.05  0.0   0.0   0.02  0.0   
75    G     0.0   0.0   0.0   0.0   0.02  0.02  0.0   0.44  0.0   0.0   0.02  0.01  0.01  0.0   0.03  0.38  0.06  0.0   0.0   0.0   
76    V     0.19  0.01  0.0   0.02  0.01  0.01  0.01  0.0   0.0   0.02  0.05  0.1   0.02  0.03  0.42  0.04  0.0   0.0   0.01  0.06  
77    A     0.79  0.0   0.01  0.04  0.01  0.0   0.0   0.01  0.0   0.03  0.02  0.0   0.0   0.0   0.0   0.05  0.0   0.0   0.0   0.03  
78    W     0.22  0.02  0.02  0.17  0.0   0.04  0.22  0.02  0.08  0.01  0.02  0.01  0.01  0.01  0.0   0.07  0.01  0.03  0.03  0.01  
79    R     0.07  0.26  0.02  0.01  0.04  0.11  0.06  0.01  0.0   0.02  0.09  0.17  0.01  0.01  0.0   0.04  0.06  0.0   0.0   0.02  
80    A     0.41  0.01  0.05  0.12  0.04  0.04  0.03  0.1   0.0   0.01  0.02  0.0   0.0   0.0   0.0   0.09  0.04  0.0   0.01  0.01  
81    G     0.04  0.02  0.02  0.02  0.0   0.01  0.01  0.76  0.01  0.0   0.01  0.07  0.0   0.0   0.0   0.02  0.01  0.0   0.0   0.01  
82    L     0.03  0.0   0.0   0.0   0.0   0.0   0.0   0.0   0.0   0.14  0.68  0.0   0.05  0.02  0.0   0.0   0.0   0.0   0.0   0.09  
83    R     0.01  0.24  0.04  0.0   0.04  0.19  0.03  0.02  0.06  0.02  0.08  0.22  0.0   0.01  0.0   0.02  0.01  0.0   0.01  0.01  
84    T     0.1   0.02  0.01  0.01  0.0   0.06  0.1   0.0   0.0   0.05  0.03  0.02  0.01  0.0   0.21  0.02  0.08  0.0   0.01  0.26  
85    G     0.0   0.01  0.07  0.02  0.02  0.01  0.03  0.79  0.02  0.0   0.01  0.02  0.0   0.0   0.0   0.01  0.0   0.0   0.0   0.0   
86    D     0.02  0.0   0.01  0.86  0.0   0.02  0.01  0.01  0.04  0.0   0.0   0.0   0.0   0.0   0.0   0.02  0.0   0.0   0.0   0.0   
87    F     0.03  0.2   0.01  0.0   0.02  0.11  0.14  0.0   0.02  0.07  0.04  0.06  0.01  0.04  0.0   0.01  0.02  0.04  0.04  0.13  
88    L     0.0   0.0   0.0   0.0   0.0   0.0   0.0   0.0   0.0   0.51  0.25  0.0   0.0   0.02  0.0   0.0   0.0   0.0   0.0   0.21  
89    I     0.04  0.01  0.0   0.0   0.03  0.02  0.0   0.0   0.0   0.14  0.4   0.01  0.02  0.01  0.0   0.01  0.04  0.0   0.0   0.26  
90    E     0.16  0.06  0.04  0.0   0.0   0.1   0.26  0.01  0.02  0.0   0.01  0.07  0.02  0.02  0.0   0.19  0.02  0.0   0.01  0.01  
91    V     0.02  0.0   0.0   0.0   0.0   0.0   0.0   0.0   0.0   0.35  0.05  0.0   0.01  0.03  0.0   0.0   0.0   0.01  0.02  0.51  
92    N     0.01  0.0   0.75  0.12  0.04  0.02  0.02  0.01  0.0   0.0   0.0   0.0   0.0   0.02  0.0   0.01  0.0   0.0   0.0   0.0   
93    G     0.01  0.01  0.02  0.06  0.0   0.0   0.05  0.78  0.03  0.0   0.01  0.03  0.0   0.0   0.0   0.01  0.0   0.0   0.0   0.0   
94    V     0.03  0.05  0.01  0.02  0.0   0.15  0.13  0.0   0.04  0.11  0.04  0.11  0.01  0.01  0.0   0.01  0.05  0.01  0.01  0.21  
95    N     0.05  0.02  0.17  0.18  0.01  0.01  0.04  0.01  0.01  0.0   0.02  0.02  0.01  0.0   0.11  0.29  0.04  0.0   0.0   0.01  
96    V     0.03  0.0   0.0   0.0   0.04  0.0   0.0   0.0   0.0   0.09  0.23  0.0   0.05  0.05  0.0   0.0   0.09  0.0   0.0   0.41  
97    V     0.08  0.07  0.0   0.05  0.0   0.04  0.23  0.02  0.02  0.08  0.04  0.07  0.0   0.01  0.02  0.09  0.08  0.0   0.01  0.1   
98    K     0.03  0.02  0.15  0.12  0.0   0.02  0.08  0.3   0.02  0.0   0.01  0.05  0.02  0.0   0.0   0.09  0.05  0.02  0.01  0.0   
99    V     0.11  0.01  0.0   0.0   0.02  0.02  0.03  0.0   0.02  0.06  0.25  0.08  0.11  0.04  0.01  0.04  0.05  0.03  0.01  0.11  
100   G     0.02  0.05  0.02  0.06  0.0   0.01  0.04  0.04  0.01  0.01  0.01  0.04  0.01  0.0   0.05  0.25  0.36  0.01  0.0   0.02  
101   H     0.02  0.04  0.02  0.04  0.0   0.04  0.03  0.01  0.5   0.02  0.07  0.01  0.01  0.03  0.03  0.02  0.01  0.01  0.06  0.04  
102   K     0.08  0.05  0.04  0.18  0.0   0.05  0.19  0.01  0.02  0.02  0.06  0.06  0.01  0.01  0.02  0.1   0.01  0.01  0.02  0.03  
103   Q     0.04  0.06  0.03  0.08  0.0   0.24  0.33  0.01  0.01  0.0   0.01  0.07  0.01  0.02  0.0   0.04  0.03  0.0   0.0   0.0   
104   V     0.43  0.01  0.01  0.0   0.01  0.0   0.0   0.0   0.0   0.09  0.06  0.0   0.03  0.01  0.0   0.0   0.01  0.0   0.0   0.34  
105   V     0.08  0.02  0.0   0.01  0.0   0.08  0.02  0.0   0.0   0.12  0.04  0.01  0.05  0.01  0.0   0.04  0.01  0.0   0.01  0.51  
106   G     0.06  0.04  0.08  0.15  0.01  0.11  0.2   0.02  0.02  0.02  0.03  0.11  0.02  0.0   0.0   0.08  0.02  0.0   0.0   0.03  
107   L     0.11  0.07  0.01  0.01  0.01  0.02  0.0   0.0   0.0   0.14  0.29  0.07  0.1   0.02  0.0   0.04  0.02  0.0   0.0   0.09  
108   I     0.0   0.01  0.0   0.0   0.0   0.0   0.03  0.0   0.0   0.39  0.42  0.0   0.05  0.03  0.0   0.0   0.0   0.0   0.0   0.06  
109   R     0.05  0.35  0.0   0.01  0.0   0.08  0.01  0.02  0.0   0.02  0.03  0.32  0.03  0.0   0.0   0.03  0.02  0.0   0.0   0.02  
110   Q     0.17  0.06  0.11  0.04  0.0   0.09  0.07  0.08  0.02  0.0   0.01  0.08  0.02  0.0   0.01  0.16  0.09  0.0   0.0   0.0   
111   G     0.24  0.01  0.06  0.0   0.06  0.04  0.03  0.12  0.01  0.03  0.0   0.02  0.01  0.01  0.03  0.23  0.07  0.0   0.0   0.02  
112   G     0.05  0.03  0.02  0.03  0.01  0.04  0.05  0.4   0.02  0.0   0.01  0.06  0.0   0.02  0.11  0.09  0.04  0.0   0.01  0.01  
113   N     0.03  0.08  0.12  0.12  0.0   0.04  0.11  0.13  0.03  0.0   0.0   0.11  0.0   0.01  0.01  0.11  0.09  0.0   0.01  0.01  
114   R     0.07  0.11  0.05  0.01  0.01  0.04  0.1   0.01  0.02  0.03  0.03  0.07  0.03  0.02  0.04  0.13  0.14  0.0   0.01  0.07  
115   L     0.04  0.0   0.0   0.0   0.02  0.01  0.0   0.0   0.01  0.18  0.28  0.01  0.01  0.01  0.01  0.01  0.02  0.0   0.0   0.4   
116   V     0.03  0.12  0.02  0.01  0.02  0.03  0.08  0.01  0.03  0.04  0.05  0.05  0.02  0.0   0.0   0.08  0.24  0.0   0.01  0.14  
117   M     0.0   0.01  0.0   0.0   0.0   0.0   0.01  0.0   0.0   0.11  0.63  0.0   0.09  0.07  0.01  0.01  0.0   0.0   0.0   0.08  
118   K     0.01  0.03  0.0   0.0   0.0   0.06  0.11  0.02  0.0   0.05  0.14  0.18  0.01  0.0   0.0   0.03  0.2   0.0   0.04  0.12  
119   V     0.03  0.0   0.0   0.0   0.0   0.0   0.0   0.0   0.0   0.23  0.11  0.0   0.0   0.0   0.0   0.0   0.06  0.0   0.0   0.57  
120   V     0.04  0.04  0.0   0.0   0.0   0.09  0.02  0.0   0.0   0.16  0.26  0.03  0.08  0.0   0.0   0.02  0.01  0.02  0.01  0.22  
121   S     0.14  0.21  0.04  0.04  0.0   0.01  0.11  0.01  0.0   0.0   0.02  0.01  0.01  0.01  0.08  0.17  0.04  0.0   0.09  0.0   
122   V     0.07  0.04  0.02  0.02  0.0   0.02  0.0   0.31  0.0   0.06  0.05  0.02  0.02  0.0   0.0   0.06  0.03  0.0   0.0   0.3   
123   T     0.0   0.03  0.0   0.0   0.0   0.0   0.0   0.27  0.02  0.05  0.0   0.05  0.0   0.0   0.01  0.16  0.37  0.0   0.04  0.0   
124   R     0.0   0.64  0.0   0.0   0.0   0.13  0.0   0.0   0.0   0.0   0.0   0.23  0.0   0.0   0.0   0.0   0.0   0.0   0.0   0.0   
