             A     R     N     D     C     Q     E     G     H     I     L     K     M     F     P     S     T     W     Y     V
1     V     0.0   0.0   0.0   0.0   0.0   0.0   0.0   0.0   0.0   0.1   0.0   0.0   0.14  0.0   0.0   0.0   0.0   0.0   0.0   0.76  
2     K     0.01  0.08  0.02  0.0   0.0   0.05  0.09  0.0   0.03  0.08  0.03  0.25  0.0   0.02  0.0   0.01  0.18  0.0   0.04  0.1   
3     A     0.06  0.02  0.02  0.03  0.0   0.07  0.33  0.02  0.05  0.05  0.02  0.09  0.0   0.01  0.03  0.03  0.05  0.0   0.02  0.09  
4     I     0.01  0.0   0.0   0.0   0.02  0.01  0.01  0.0   0.0   0.45  0.13  0.0   0.0   0.03  0.0   0.0   0.0   0.0   0.0   0.34  
5     E     0.04  0.02  0.08  0.1   0.0   0.03  0.11  0.04  0.07  0.01  0.04  0.08  0.0   0.0   0.01  0.14  0.15  0.0   0.01  0.08  
6     S     0.02  0.01  0.15  0.1   0.0   0.02  0.04  0.05  0.0   0.01  0.0   0.04  0.0   0.0   0.0   0.3   0.26  0.0   0.0   0.0   
7     Y     0.12  0.01  0.05  0.14  0.0   0.07  0.11  0.06  0.0   0.01  0.09  0.09  0.03  0.03  0.02  0.04  0.05  0.02  0.02  0.04  
8     D     0.09  0.04  0.09  0.19  0.0   0.09  0.24  0.01  0.0   0.0   0.0   0.05  0.0   0.0   0.01  0.11  0.07  0.0   0.0   0.01  
9     E     0.03  0.01  0.15  0.1   0.0   0.1   0.22  0.01  0.01  0.0   0.04  0.03  0.01  0.14  0.01  0.06  0.05  0.0   0.04  0.02  
10    W     0.02  0.01  0.0   0.0   0.0   0.01  0.07  0.0   0.01  0.02  0.21  0.03  0.01  0.38  0.0   0.01  0.01  0.14  0.02  0.04  
11    K     0.03  0.03  0.09  0.21  0.0   0.09  0.21  0.01  0.01  0.01  0.02  0.14  0.03  0.03  0.01  0.04  0.03  0.0   0.0   0.01  
12    T     0.07  0.02  0.04  0.09  0.0   0.08  0.35  0.01  0.01  0.01  0.01  0.07  0.0   0.01  0.01  0.1   0.08  0.0   0.0   0.04  
13    L     0.18  0.02  0.0   0.0   0.0   0.01  0.06  0.0   0.01  0.08  0.17  0.03  0.03  0.06  0.0   0.03  0.06  0.0   0.02  0.26  
14    T     0.03  0.01  0.04  0.0   0.01  0.03  0.04  0.0   0.0   0.14  0.35  0.03  0.03  0.02  0.0   0.02  0.08  0.0   0.0   0.15  
15    S     0.13  0.05  0.1   0.05  0.0   0.06  0.13  0.03  0.03  0.01  0.02  0.19  0.01  0.0   0.0   0.12  0.05  0.0   0.0   0.01  
16    G     0.11  0.03  0.09  0.03  0.01  0.06  0.08  0.15  0.03  0.0   0.02  0.1   0.0   0.0   0.01  0.23  0.03  0.0   0.0   0.01  
17    S     0.07  0.01  0.09  0.15  0.0   0.03  0.11  0.09  0.05  0.0   0.0   0.12  0.0   0.01  0.05  0.16  0.04  0.0   0.0   0.0   
18    D     0.02  0.08  0.01  0.15  0.0   0.04  0.08  0.14  0.0   0.0   0.02  0.32  0.0   0.0   0.02  0.06  0.04  0.01  0.0   0.01  
19    V     0.02  0.02  0.03  0.01  0.01  0.0   0.01  0.01  0.01  0.07  0.24  0.05  0.01  0.06  0.2   0.03  0.03  0.04  0.05  0.12  
20    V     0.05  0.0   0.01  0.0   0.0   0.01  0.0   0.0   0.01  0.13  0.07  0.02  0.01  0.01  0.0   0.06  0.08  0.02  0.02  0.5   
21    V     0.04  0.0   0.0   0.0   0.01  0.0   0.0   0.0   0.0   0.12  0.27  0.0   0.07  0.06  0.0   0.01  0.0   0.0   0.0   0.43  
22    V     0.04  0.0   0.0   0.0   0.03  0.0   0.0   0.0   0.0   0.19  0.16  0.0   0.0   0.03  0.0   0.0   0.01  0.0   0.0   0.54  
23    D     0.01  0.01  0.07  0.34  0.0   0.01  0.15  0.01  0.15  0.0   0.07  0.06  0.04  0.0   0.0   0.0   0.0   0.0   0.06  0.01  
24    Y     0.01  0.0   0.0   0.0   0.01  0.0   0.0   0.01  0.0   0.03  0.07  0.0   0.02  0.73  0.0   0.0   0.0   0.01  0.07  0.04  
25    W     0.02  0.0   0.01  0.0   0.02  0.0   0.01  0.02  0.03  0.0   0.01  0.01  0.01  0.12  0.0   0.07  0.07  0.16  0.46  0.01  
26    A     0.62  0.05  0.0   0.0   0.0   0.04  0.03  0.03  0.02  0.0   0.02  0.01  0.01  0.0   0.0   0.09  0.07  0.0   0.0   0.01  
27    T     0.05  0.01  0.03  0.17  0.0   0.03  0.06  0.01  0.0   0.01  0.01  0.03  0.0   0.0   0.28  0.17  0.13  0.0   0.0   0.01  
28    W     0.01  0.02  0.0   0.01  0.0   0.0   0.01  0.08  0.01  0.0   0.0   0.01  0.01  0.01  0.0   0.06  0.03  0.74  0.01  0.0   
29    B     0.02  0.0   0.02  0.02  0.76  0.0   0.0   0.0   0.01  0.03  0.01  0.01  0.0   0.02  0.0   0.05  0.01  0.0   0.0   0.02  
30    G     0.02  0.04  0.01  0.02  0.0   0.01  0.04  0.49  0.02  0.01  0.01  0.05  0.0   0.02  0.17  0.01  0.02  0.0   0.02  0.06  
31    P     0.06  0.02  0.02  0.03  0.0   0.03  0.01  0.03  0.15  0.0   0.02  0.02  0.01  0.08  0.4   0.03  0.02  0.01  0.03  0.03  
32    B     0.0   0.0   0.02  0.01  0.83  0.0   0.0   0.0   0.0   0.0   0.0   0.0   0.0   0.0   0.0   0.13  0.0   0.0   0.0   0.0   
33    K     0.03  0.19  0.01  0.02  0.0   0.11  0.02  0.0   0.01  0.03  0.02  0.45  0.01  0.0   0.02  0.03  0.02  0.0   0.0   0.02  
34    M     0.18  0.06  0.03  0.02  0.0   0.07  0.06  0.01  0.02  0.05  0.08  0.09  0.15  0.04  0.01  0.05  0.02  0.0   0.03  0.04  
35    I     0.02  0.0   0.0   0.0   0.01  0.0   0.03  0.0   0.0   0.23  0.32  0.0   0.13  0.08  0.0   0.0   0.02  0.0   0.01  0.11  
36    S     0.3   0.06  0.1   0.06  0.0   0.03  0.05  0.05  0.03  0.01  0.04  0.08  0.04  0.02  0.0   0.08  0.02  0.0   0.01  0.03  
37    P     0.01  0.02  0.02  0.02  0.0   0.06  0.03  0.01  0.02  0.0   0.0   0.02  0.01  0.0   0.68  0.06  0.02  0.0   0.01  0.0   
38    H     0.04  0.02  0.02  0.03  0.01  0.01  0.13  0.01  0.07  0.11  0.06  0.06  0.02  0.06  0.0   0.05  0.07  0.0   0.04  0.18  
39    F     0.0   0.0   0.0   0.0   0.01  0.0   0.0   0.0   0.0   0.09  0.25  0.0   0.05  0.33  0.0   0.0   0.01  0.08  0.11  0.06  
40    A     0.09  0.04  0.05  0.11  0.02  0.05  0.36  0.02  0.02  0.02  0.01  0.05  0.01  0.0   0.01  0.05  0.05  0.0   0.01  0.02  
41    K     0.09  0.04  0.01  0.05  0.02  0.07  0.3   0.01  0.01  0.04  0.02  0.23  0.01  0.0   0.0   0.06  0.02  0.0   0.0   0.02  
42    L     0.06  0.0   0.0   0.0   0.01  0.0   0.0   0.0   0.0   0.14  0.56  0.0   0.05  0.03  0.0   0.01  0.02  0.0   0.01  0.12  
43    E     0.49  0.02  0.0   0.0   0.03  0.02  0.03  0.03  0.0   0.02  0.02  0.05  0.0   0.0   0.01  0.21  0.02  0.01  0.02  0.01  
44    G     0.1   0.07  0.08  0.05  0.0   0.09  0.13  0.04  0.0   0.02  0.04  0.19  0.0   0.02  0.02  0.08  0.05  0.0   0.0   0.03  
45    K     0.06  0.05  0.03  0.08  0.0   0.06  0.3   0.01  0.02  0.01  0.04  0.19  0.04  0.01  0.0   0.02  0.07  0.0   0.0   0.02  
46    F     0.02  0.0   0.04  0.02  0.01  0.01  0.01  0.02  0.06  0.03  0.16  0.01  0.03  0.17  0.01  0.04  0.01  0.0   0.32  0.03  
47    P     0.06  0.02  0.06  0.03  0.0   0.05  0.07  0.08  0.01  0.01  0.02  0.14  0.01  0.0   0.3   0.1   0.03  0.0   0.01  0.01  
48    N     0.02  0.03  0.14  0.23  0.0   0.09  0.11  0.14  0.02  0.01  0.02  0.04  0.02  0.0   0.02  0.07  0.02  0.0   0.0   0.01  
49    V     0.08  0.0   0.01  0.03  0.01  0.0   0.0   0.01  0.0   0.21  0.13  0.0   0.02  0.04  0.0   0.01  0.06  0.01  0.01  0.38  
50    K     0.04  0.05  0.03  0.03  0.0   0.04  0.05  0.01  0.07  0.05  0.07  0.22  0.02  0.01  0.01  0.03  0.12  0.0   0.01  0.15  
51    F     0.02  0.0   0.0   0.0   0.02  0.0   0.0   0.0   0.01  0.12  0.16  0.0   0.01  0.49  0.0   0.0   0.01  0.02  0.01  0.11  
52    A     0.27  0.0   0.0   0.0   0.03  0.01  0.03  0.08  0.01  0.05  0.23  0.0   0.0   0.02  0.0   0.01  0.02  0.0   0.1   0.15  
53    K     0.07  0.05  0.01  0.01  0.0   0.08  0.05  0.0   0.05  0.02  0.03  0.49  0.01  0.01  0.0   0.03  0.05  0.0   0.03  0.01  
54    V     0.06  0.0   0.01  0.0   0.01  0.0   0.01  0.0   0.01  0.17  0.18  0.01  0.02  0.04  0.0   0.0   0.0   0.0   0.0   0.47  
55    D     0.02  0.01  0.28  0.52  0.01  0.01  0.09  0.01  0.0   0.01  0.0   0.02  0.0   0.0   0.0   0.02  0.01  0.0   0.0   0.01  
56    V     0.18  0.01  0.0   0.0   0.11  0.01  0.0   0.02  0.01  0.12  0.0   0.01  0.01  0.03  0.0   0.05  0.07  0.0   0.01  0.33  
57    E     0.03  0.01  0.04  0.44  0.0   0.02  0.17  0.03  0.01  0.01  0.0   0.0   0.01  0.0   0.01  0.06  0.14  0.0   0.0   0.01  
58    E     0.11  0.05  0.04  0.07  0.01  0.06  0.36  0.01  0.01  0.01  0.01  0.14  0.01  0.0   0.02  0.05  0.02  0.0   0.01  0.03  
59    Q     0.07  0.01  0.27  0.02  0.05  0.06  0.08  0.01  0.05  0.02  0.09  0.01  0.01  0.02  0.0   0.08  0.01  0.01  0.04  0.08  
60    E     0.04  0.07  0.04  0.02  0.0   0.09  0.03  0.05  0.01  0.02  0.01  0.11  0.01  0.0   0.3   0.11  0.05  0.0   0.02  0.01  
61    D     0.07  0.04  0.08  0.22  0.0   0.07  0.22  0.04  0.0   0.0   0.0   0.04  0.01  0.03  0.02  0.11  0.02  0.01  0.0   0.01  
62    I     0.05  0.0   0.0   0.0   0.0   0.0   0.01  0.01  0.01  0.14  0.32  0.01  0.03  0.08  0.01  0.0   0.13  0.0   0.0   0.21  
63    A     0.37  0.0   0.03  0.01  0.14  0.01  0.01  0.05  0.0   0.04  0.05  0.01  0.02  0.02  0.07  0.09  0.03  0.0   0.0   0.06  
64    K     0.08  0.05  0.03  0.05  0.0   0.09  0.16  0.06  0.02  0.03  0.02  0.13  0.02  0.0   0.03  0.14  0.06  0.01  0.01  0.01  
65    E     0.05  0.21  0.03  0.07  0.01  0.08  0.17  0.01  0.03  0.01  0.02  0.17  0.03  0.0   0.02  0.04  0.03  0.0   0.0   0.01  
66    A     0.03  0.0   0.02  0.0   0.03  0.02  0.05  0.01  0.01  0.0   0.13  0.01  0.01  0.2   0.0   0.01  0.0   0.05  0.4   0.02  
67    Q     0.02  0.07  0.14  0.05  0.0   0.07  0.1   0.29  0.04  0.01  0.01  0.07  0.01  0.01  0.02  0.07  0.01  0.0   0.0   0.01  
68    I     0.01  0.0   0.0   0.04  0.0   0.0   0.01  0.03  0.0   0.39  0.05  0.0   0.0   0.0   0.0   0.02  0.01  0.0   0.0   0.43  
69    K     0.02  0.22  0.04  0.05  0.0   0.06  0.07  0.01  0.05  0.01  0.04  0.15  0.05  0.02  0.0   0.07  0.07  0.0   0.04  0.02  
70    A     0.17  0.02  0.02  0.02  0.06  0.02  0.01  0.28  0.0   0.0   0.01  0.03  0.01  0.01  0.02  0.18  0.03  0.0   0.02  0.09  
71    M     0.0   0.0   0.0   0.0   0.0   0.0   0.03  0.0   0.0   0.16  0.22  0.01  0.1   0.11  0.03  0.0   0.04  0.0   0.13  0.16  
72    P     0.0   0.0   0.0   0.0   0.01  0.0   0.0   0.0   0.0   0.0   0.0   0.0   0.0   0.0   0.98  0.01  0.0   0.0   0.0   0.0   
73    T     0.04  0.0   0.02  0.0   0.02  0.01  0.01  0.0   0.02  0.01  0.02  0.0   0.0   0.03  0.0   0.06  0.73  0.0   0.01  0.03  
74    F     0.0   0.0   0.0   0.0   0.0   0.0   0.0   0.0   0.01  0.21  0.27  0.0   0.02  0.35  0.0   0.0   0.01  0.0   0.0   0.12  
75    V     0.02  0.06  0.01  0.0   0.01  0.04  0.01  0.0   0.04  0.09  0.27  0.13  0.09  0.07  0.0   0.01  0.01  0.0   0.04  0.12  
76    A     0.02  0.01  0.0   0.0   0.01  0.0   0.0   0.01  0.01  0.16  0.26  0.0   0.03  0.36  0.0   0.0   0.0   0.01  0.03  0.09  
77    Y     0.01  0.0   0.0   0.02  0.01  0.0   0.0   0.01  0.0   0.05  0.09  0.0   0.02  0.46  0.0   0.02  0.0   0.01  0.25  0.04  
78    K     0.01  0.16  0.05  0.04  0.0   0.05  0.02  0.03  0.02  0.02  0.01  0.49  0.0   0.01  0.01  0.02  0.01  0.0   0.02  0.05  
79    D     0.02  0.01  0.32  0.22  0.0   0.04  0.06  0.17  0.01  0.0   0.01  0.08  0.0   0.0   0.02  0.04  0.0   0.0   0.0   0.0   
80    G     0.04  0.0   0.02  0.01  0.0   0.01  0.02  0.77  0.0   0.0   0.01  0.02  0.01  0.0   0.0   0.07  0.01  0.0   0.0   0.0   
81    K     0.02  0.05  0.04  0.05  0.0   0.16  0.26  0.01  0.0   0.01  0.01  0.23  0.0   0.0   0.0   0.06  0.06  0.0   0.0   0.04  
82    V     0.03  0.04  0.01  0.01  0.0   0.05  0.16  0.03  0.01  0.09  0.1   0.16  0.05  0.01  0.08  0.03  0.03  0.01  0.01  0.1   
83    I     0.05  0.03  0.01  0.01  0.01  0.06  0.05  0.0   0.0   0.15  0.08  0.09  0.04  0.02  0.02  0.01  0.04  0.0   0.01  0.34  
84    E     0.15  0.01  0.03  0.23  0.0   0.04  0.13  0.07  0.04  0.01  0.02  0.09  0.02  0.01  0.0   0.07  0.01  0.0   0.01  0.04  
85    T     0.02  0.21  0.03  0.02  0.01  0.05  0.18  0.01  0.01  0.02  0.01  0.15  0.02  0.0   0.02  0.06  0.09  0.0   0.06  0.01  
86    V     0.01  0.01  0.01  0.01  0.01  0.01  0.02  0.0   0.02  0.15  0.1   0.04  0.02  0.14  0.0   0.05  0.03  0.0   0.15  0.22  
87    T     0.05  0.03  0.02  0.03  0.0   0.06  0.09  0.05  0.02  0.13  0.02  0.03  0.0   0.04  0.01  0.05  0.09  0.01  0.0   0.26  
88    G     0.01  0.0   0.01  0.01  0.01  0.0   0.0   0.85  0.0   0.0   0.0   0.0   0.0   0.0   0.01  0.07  0.01  0.0   0.02  0.0   
89    A     0.43  0.1   0.0   0.01  0.04  0.0   0.04  0.03  0.0   0.02  0.04  0.02  0.02  0.07  0.04  0.01  0.03  0.0   0.02  0.06  
90    V     0.03  0.04  0.19  0.13  0.0   0.03  0.02  0.04  0.02  0.04  0.09  0.08  0.03  0.0   0.0   0.06  0.12  0.0   0.0   0.05  
91    P     0.15  0.02  0.03  0.02  0.0   0.03  0.11  0.0   0.01  0.01  0.03  0.16  0.0   0.0   0.32  0.03  0.02  0.0   0.0   0.05  
92    A     0.15  0.08  0.01  0.14  0.0   0.04  0.15  0.01  0.02  0.01  0.02  0.16  0.0   0.0   0.06  0.07  0.03  0.0   0.0   0.03  
93    K     0.07  0.04  0.04  0.07  0.0   0.11  0.22  0.02  0.01  0.01  0.05  0.12  0.01  0.01  0.0   0.05  0.16  0.01  0.0   0.01  
94    I     0.04  0.0   0.0   0.0   0.0   0.0   0.0   0.0   0.0   0.16  0.58  0.04  0.03  0.05  0.01  0.0   0.01  0.0   0.01  0.05  
95    N     0.09  0.1   0.05  0.08  0.0   0.06  0.25  0.0   0.01  0.06  0.01  0.11  0.0   0.0   0.01  0.04  0.05  0.0   0.0   0.08  
96    A     0.18  0.05  0.09  0.07  0.0   0.07  0.16  0.08  0.0   0.01  0.0   0.14  0.0   0.0   0.0   0.12  0.02  0.0   0.0   0.0   
97    L     0.05  0.02  0.02  0.01  0.0   0.01  0.01  0.01  0.01  0.1   0.22  0.1   0.03  0.17  0.0   0.04  0.06  0.05  0.04  0.05  
98    L     0.03  0.02  0.0   0.0   0.01  0.0   0.02  0.0   0.0   0.33  0.24  0.02  0.02  0.02  0.0   0.01  0.02  0.0   0.01  0.25  
99    D     0.06  0.04  0.08  0.24  0.0   0.09  0.19  0.01  0.0   0.0   0.03  0.17  0.0   0.0   0.0   0.02  0.04  0.01  0.0   0.01  
100   K     0.16  0.03  0.0   0.02  0.0   0.05  0.12  0.01  0.01  0.0   0.01  0.39  0.01  0.06  0.0   0.07  0.01  0.01  0.04  0.0   
101   V     0.01  0.0   0.04  0.0   0.0   0.0   0.01  0.0   0.13  0.2   0.36  0.01  0.02  0.02  0.0   0.01  0.01  0.0   0.1   0.08  
102   A     0.27  0.05  0.02  0.02  0.0   0.03  0.13  0.05  0.01  0.0   0.06  0.07  0.0   0.0   0.01  0.12  0.07  0.0   0.0   0.07  
103   A     0.23  0.01  0.02  0.01  0.0   0.09  0.04  0.16  0.02  0.0   0.0   0.23  0.0   0.0   0.0   0.14  0.02  0.0   0.0   0.02  
104   H     0.0   0.0   0.05  0.0   0.0   0.13  0.03  0.0   0.63  0.0   0.0   0.09  0.0   0.0   0.01  0.02  0.03  0.0   0.0   0.0   
105   H     0.0   0.23  0.37  0.0   0.0   0.0   0.0   0.0   0.34  0.0   0.0   0.0   0.0   0.0   0.0   0.0   0.0   0.0   0.06  0.0   
