             A     R     N     D     C     Q     E     G     H     I     L     K     M     F     P     S     T     W     Y     V
1     M     0.0   0.0   0.0   0.0   0.0   0.0   0.0   0.0   0.0   0.03  0.09  0.0   0.89  0.0   0.0   0.0   0.0   0.0   0.0   0.0   
2     I     0.02  0.0   0.01  0.0   0.0   0.0   0.01  0.0   0.0   0.1   0.24  0.0   0.37  0.08  0.01  0.0   0.0   0.05  0.03  0.07  
3     K     0.03  0.08  0.07  0.04  0.0   0.09  0.04  0.03  0.02  0.07  0.06  0.17  0.01  0.01  0.03  0.09  0.06  0.01  0.08  0.01  
4     S     0.06  0.02  0.12  0.03  0.0   0.06  0.09  0.02  0.06  0.05  0.05  0.09  0.0   0.0   0.04  0.12  0.17  0.0   0.0   0.03  
5     L     0.03  0.0   0.0   0.0   0.01  0.02  0.0   0.0   0.0   0.24  0.22  0.0   0.03  0.11  0.01  0.01  0.02  0.02  0.16  0.12  
6     F     0.09  0.0   0.0   0.0   0.01  0.0   0.0   0.01  0.0   0.14  0.48  0.0   0.02  0.11  0.0   0.03  0.0   0.01  0.0   0.1   
7     A     0.26  0.0   0.01  0.0   0.01  0.01  0.0   0.02  0.0   0.02  0.38  0.0   0.0   0.08  0.01  0.02  0.02  0.04  0.09  0.04  
8     V     0.02  0.0   0.0   0.0   0.0   0.0   0.0   0.0   0.0   0.31  0.04  0.0   0.0   0.03  0.0   0.0   0.01  0.0   0.0   0.59  
9     I     0.31  0.0   0.0   0.0   0.07  0.0   0.0   0.25  0.0   0.03  0.03  0.0   0.07  0.15  0.0   0.07  0.01  0.0   0.0   0.01  
10    I     0.1   0.0   0.0   0.0   0.04  0.0   0.0   0.01  0.0   0.24  0.36  0.0   0.01  0.07  0.0   0.01  0.03  0.0   0.0   0.13  
11    G     0.06  0.0   0.0   0.0   0.01  0.0   0.0   0.82  0.0   0.01  0.0   0.0   0.01  0.08  0.0   0.0   0.0   0.0   0.0   0.0   
12    G     0.26  0.0   0.0   0.0   0.01  0.0   0.0   0.66  0.0   0.0   0.0   0.0   0.0   0.0   0.0   0.07  0.0   0.0   0.0   0.0   
13    S     0.38  0.0   0.0   0.0   0.01  0.0   0.0   0.17  0.0   0.08  0.0   0.0   0.05  0.14  0.01  0.06  0.03  0.0   0.0   0.07  
14    V     0.05  0.0   0.0   0.0   0.03  0.0   0.0   0.01  0.0   0.21  0.39  0.0   0.01  0.13  0.05  0.0   0.02  0.01  0.0   0.1   
15    G     0.01  0.0   0.0   0.0   0.0   0.0   0.0   0.99  0.0   0.0   0.0   0.0   0.0   0.0   0.0   0.0   0.0   0.0   0.0   0.0   
16    C     0.61  0.0   0.0   0.0   0.03  0.0   0.0   0.1   0.0   0.0   0.02  0.0   0.0   0.0   0.0   0.19  0.06  0.0   0.0   0.0   
17    T     0.04  0.0   0.02  0.0   0.06  0.0   0.0   0.03  0.0   0.14  0.26  0.0   0.08  0.02  0.01  0.05  0.03  0.05  0.0   0.22  
18    L     0.21  0.0   0.0   0.0   0.05  0.0   0.0   0.01  0.0   0.04  0.45  0.0   0.02  0.05  0.0   0.08  0.04  0.0   0.0   0.05  
19    R     0.0   0.97  0.0   0.0   0.0   0.0   0.0   0.0   0.0   0.0   0.0   0.0   0.0   0.0   0.0   0.0   0.03  0.0   0.0   0.0   
20    W     0.02  0.01  0.0   0.0   0.0   0.01  0.03  0.01  0.04  0.0   0.04  0.0   0.03  0.21  0.0   0.01  0.0   0.18  0.43  0.0   
21    L     0.1   0.02  0.0   0.0   0.01  0.06  0.01  0.1   0.0   0.01  0.3   0.03  0.01  0.12  0.0   0.02  0.03  0.07  0.07  0.05  
22    L     0.03  0.0   0.0   0.0   0.0   0.0   0.0   0.0   0.0   0.21  0.42  0.0   0.02  0.04  0.0   0.02  0.05  0.0   0.0   0.19  
23    S     0.12  0.0   0.07  0.05  0.01  0.02  0.0   0.23  0.01  0.0   0.0   0.01  0.02  0.0   0.0   0.31  0.1   0.0   0.01  0.04  
24    T     0.06  0.08  0.08  0.01  0.01  0.04  0.06  0.09  0.02  0.05  0.23  0.03  0.04  0.01  0.0   0.04  0.05  0.01  0.01  0.09  
25    K     0.12  0.04  0.02  0.0   0.02  0.02  0.0   0.03  0.04  0.07  0.14  0.05  0.03  0.06  0.0   0.04  0.03  0.15  0.06  0.08  
26    F     0.05  0.0   0.01  0.0   0.04  0.0   0.0   0.02  0.0   0.13  0.27  0.01  0.06  0.11  0.0   0.03  0.03  0.05  0.01  0.18  
27    N     0.13  0.03  0.21  0.03  0.0   0.08  0.02  0.07  0.01  0.01  0.04  0.03  0.04  0.01  0.14  0.04  0.03  0.0   0.03  0.03  
28    S     0.16  0.13  0.04  0.02  0.0   0.05  0.03  0.06  0.01  0.01  0.04  0.09  0.0   0.01  0.12  0.11  0.08  0.02  0.0   0.02  
29    L     0.05  0.09  0.03  0.01  0.0   0.03  0.01  0.02  0.02  0.1   0.25  0.05  0.07  0.08  0.03  0.03  0.02  0.01  0.03  0.06  
30    F     0.06  0.02  0.05  0.02  0.0   0.02  0.01  0.18  0.03  0.04  0.07  0.03  0.0   0.18  0.02  0.04  0.06  0.06  0.04  0.06  
31    P     0.05  0.09  0.01  0.05  0.0   0.02  0.03  0.16  0.05  0.01  0.03  0.05  0.0   0.0   0.2   0.1   0.09  0.0   0.02  0.01  
32    N     0.11  0.05  0.08  0.07  0.0   0.03  0.04  0.16  0.04  0.01  0.01  0.06  0.0   0.06  0.03  0.12  0.07  0.01  0.01  0.02  
33    L     0.02  0.01  0.02  0.01  0.01  0.0   0.01  0.01  0.01  0.13  0.1   0.03  0.01  0.48  0.01  0.01  0.01  0.04  0.05  0.03  
34    P     0.02  0.0   0.0   0.0   0.0   0.01  0.0   0.01  0.03  0.01  0.01  0.0   0.0   0.04  0.78  0.03  0.0   0.0   0.02  0.0   
35    P     0.04  0.01  0.01  0.0   0.0   0.01  0.0   0.0   0.0   0.06  0.23  0.03  0.01  0.07  0.02  0.01  0.05  0.23  0.12  0.09  
36    G     0.16  0.01  0.04  0.02  0.0   0.0   0.0   0.64  0.01  0.01  0.01  0.0   0.01  0.0   0.03  0.04  0.02  0.0   0.0   0.0   
37    T     0.0   0.0   0.03  0.0   0.0   0.0   0.0   0.0   0.0   0.07  0.01  0.0   0.01  0.0   0.0   0.0   0.82  0.0   0.0   0.04  
38    L     0.01  0.0   0.0   0.0   0.01  0.0   0.0   0.0   0.0   0.02  0.62  0.0   0.04  0.24  0.0   0.02  0.01  0.02  0.0   0.02  
39    V     0.17  0.0   0.0   0.0   0.03  0.0   0.0   0.04  0.0   0.12  0.18  0.0   0.02  0.07  0.0   0.04  0.13  0.01  0.0   0.18  
40    V     0.2   0.0   0.0   0.0   0.01  0.0   0.01  0.0   0.0   0.25  0.0   0.0   0.0   0.0   0.0   0.01  0.0   0.0   0.0   0.51  
41    N     0.0   0.0   0.98  0.0   0.0   0.0   0.0   0.0   0.0   0.0   0.0   0.0   0.0   0.0   0.0   0.02  0.0   0.0   0.0   0.0   
42    L     0.04  0.0   0.0   0.0   0.01  0.0   0.0   0.01  0.0   0.25  0.27  0.0   0.03  0.02  0.0   0.02  0.03  0.01  0.02  0.29  
43    L     0.07  0.0   0.0   0.0   0.01  0.0   0.0   0.01  0.0   0.22  0.3   0.0   0.0   0.03  0.0   0.11  0.09  0.0   0.0   0.17  
44    A     0.12  0.0   0.0   0.0   0.0   0.0   0.0   0.87  0.0   0.0   0.0   0.0   0.0   0.0   0.0   0.01  0.0   0.0   0.0   0.0   
45    G     0.17  0.0   0.0   0.0   0.21  0.0   0.0   0.1   0.0   0.01  0.0   0.0   0.0   0.0   0.0   0.45  0.04  0.0   0.0   0.0   
46    L     0.05  0.0   0.0   0.0   0.01  0.0   0.0   0.0   0.0   0.03  0.21  0.0   0.0   0.6   0.0   0.01  0.0   0.01  0.06  0.02  
47    I     0.12  0.0   0.0   0.0   0.04  0.0   0.0   0.03  0.0   0.13  0.45  0.0   0.02  0.04  0.01  0.0   0.01  0.0   0.0   0.14  
48    I     0.02  0.0   0.0   0.0   0.0   0.0   0.0   0.01  0.0   0.32  0.41  0.0   0.13  0.03  0.0   0.0   0.0   0.0   0.03  0.02  
49    G     0.07  0.0   0.0   0.0   0.0   0.0   0.0   0.82  0.0   0.01  0.01  0.0   0.01  0.0   0.01  0.04  0.0   0.0   0.0   0.0   
50    T     0.08  0.0   0.0   0.01  0.01  0.0   0.0   0.04  0.0   0.12  0.24  0.0   0.03  0.23  0.0   0.01  0.03  0.05  0.04  0.11  
51    A     0.13  0.0   0.0   0.0   0.01  0.0   0.0   0.02  0.0   0.13  0.32  0.0   0.05  0.22  0.0   0.01  0.02  0.0   0.01  0.09  
52    L     0.12  0.0   0.0   0.0   0.0   0.0   0.01  0.03  0.0   0.11  0.17  0.0   0.12  0.05  0.0   0.05  0.13  0.03  0.09  0.1   
53    A     0.22  0.01  0.02  0.01  0.0   0.03  0.07  0.21  0.0   0.03  0.07  0.01  0.03  0.01  0.01  0.07  0.08  0.0   0.04  0.07  
54    Y     0.1   0.01  0.0   0.01  0.01  0.01  0.02  0.05  0.01  0.05  0.35  0.02  0.02  0.08  0.01  0.03  0.02  0.05  0.09  0.05  
55    F     0.13  0.01  0.04  0.01  0.01  0.02  0.01  0.05  0.01  0.09  0.16  0.01  0.01  0.21  0.02  0.07  0.04  0.0   0.04  0.05  
56    L     0.17  0.01  0.03  0.06  0.0   0.02  0.09  0.02  0.02  0.08  0.2   0.01  0.03  0.03  0.01  0.05  0.07  0.02  0.02  0.05  
57    R     0.09  0.1   0.05  0.05  0.0   0.07  0.13  0.08  0.07  0.01  0.05  0.04  0.0   0.01  0.01  0.08  0.07  0.02  0.02  0.03  
58    Q     0.04  0.2   0.06  0.01  0.02  0.03  0.03  0.09  0.05  0.02  0.05  0.09  0.02  0.06  0.01  0.09  0.06  0.0   0.03  0.04  
59    P     0.09  0.06  0.03  0.02  0.02  0.03  0.02  0.11  0.02  0.05  0.1   0.04  0.02  0.05  0.1   0.09  0.07  0.03  0.02  0.03  
60    H     0.07  0.06  0.06  0.07  0.0   0.03  0.03  0.1   0.07  0.02  0.09  0.05  0.01  0.03  0.09  0.1   0.06  0.01  0.0   0.04  
61    L     0.12  0.0   0.02  0.01  0.0   0.01  0.02  0.02  0.02  0.14  0.22  0.0   0.02  0.07  0.02  0.04  0.04  0.02  0.02  0.19  
62    D     0.06  0.03  0.05  0.09  0.0   0.01  0.01  0.09  0.04  0.0   0.03  0.01  0.0   0.01  0.15  0.37  0.03  0.0   0.0   0.01  
63    P     0.07  0.06  0.01  0.04  0.01  0.07  0.07  0.04  0.02  0.03  0.05  0.05  0.01  0.0   0.33  0.06  0.06  0.01  0.01  0.01  
64    F     0.06  0.06  0.06  0.1   0.0   0.04  0.2   0.03  0.04  0.02  0.08  0.01  0.02  0.02  0.05  0.07  0.02  0.03  0.03  0.05  
65    W     0.06  0.03  0.0   0.0   0.0   0.01  0.0   0.05  0.01  0.08  0.2   0.03  0.02  0.03  0.02  0.02  0.05  0.19  0.03  0.17  
66    K     0.05  0.4   0.03  0.0   0.0   0.04  0.0   0.03  0.03  0.04  0.04  0.17  0.03  0.01  0.01  0.02  0.04  0.01  0.02  0.03  
67    L     0.1   0.0   0.01  0.0   0.0   0.03  0.05  0.02  0.01  0.05  0.46  0.02  0.02  0.02  0.04  0.03  0.08  0.01  0.03  0.04  
68    M     0.09  0.0   0.0   0.0   0.01  0.0   0.0   0.13  0.0   0.06  0.3   0.0   0.03  0.32  0.01  0.0   0.01  0.0   0.0   0.04  
69    I     0.06  0.0   0.0   0.0   0.0   0.0   0.0   0.01  0.0   0.17  0.42  0.0   0.03  0.11  0.0   0.0   0.0   0.03  0.0   0.17  
70    T     0.07  0.01  0.01  0.01  0.01  0.01  0.0   0.37  0.0   0.12  0.04  0.0   0.06  0.07  0.0   0.03  0.1   0.0   0.0   0.08  
71    T     0.02  0.0   0.01  0.01  0.0   0.0   0.0   0.03  0.0   0.1   0.02  0.0   0.01  0.0   0.01  0.04  0.55  0.0   0.0   0.19  
72    G     0.01  0.0   0.0   0.0   0.0   0.0   0.0   0.97  0.0   0.0   0.0   0.0   0.0   0.0   0.0   0.01  0.0   0.0   0.0   0.0   
73    L     0.02  0.0   0.0   0.0   0.01  0.0   0.0   0.01  0.0   0.07  0.13  0.0   0.04  0.6   0.0   0.0   0.0   0.0   0.0   0.12  
74    C     0.01  0.0   0.0   0.0   0.27  0.0   0.0   0.0   0.0   0.05  0.45  0.0   0.07  0.07  0.0   0.0   0.02  0.0   0.0   0.05  
75    G     0.04  0.0   0.0   0.0   0.0   0.0   0.0   0.91  0.0   0.0   0.0   0.0   0.0   0.0   0.0   0.02  0.0   0.0   0.0   0.0   
76    G     0.28  0.0   0.0   0.0   0.05  0.0   0.0   0.49  0.0   0.0   0.0   0.0   0.0   0.0   0.0   0.14  0.02  0.0   0.0   0.01  
77    L     0.0   0.0   0.0   0.0   0.0   0.0   0.0   0.0   0.0   0.0   0.38  0.0   0.01  0.45  0.0   0.0   0.0   0.0   0.13  0.01  
78    S     0.0   0.0   0.0   0.0   0.0   0.0   0.0   0.0   0.0   0.0   0.0   0.0   0.0   0.0   0.0   0.13  0.86  0.0   0.0   0.0   
79    T     0.0   0.0   0.0   0.0   0.0   0.0   0.0   0.0   0.0   0.0   0.0   0.0   0.0   0.0   0.0   0.05  0.95  0.0   0.0   0.0   
80    I     0.0   0.0   0.0   0.0   0.0   0.0   0.0   0.0   0.0   0.01  0.03  0.0   0.02  0.85  0.0   0.0   0.0   0.01  0.05  0.02  
81    S     0.01  0.0   0.0   0.0   0.0   0.0   0.0   0.0   0.0   0.0   0.0   0.0   0.0   0.0   0.0   0.99  0.0   0.0   0.0   0.0   
82    T     0.09  0.0   0.0   0.0   0.0   0.0   0.0   0.04  0.0   0.0   0.0   0.0   0.0   0.0   0.0   0.25  0.62  0.0   0.0   0.0   
83    F     0.02  0.0   0.0   0.0   0.0   0.0   0.0   0.0   0.0   0.01  0.12  0.0   0.04  0.71  0.0   0.0   0.0   0.05  0.05  0.0   
84    S     0.18  0.0   0.03  0.0   0.02  0.03  0.01  0.01  0.0   0.05  0.01  0.03  0.07  0.0   0.0   0.46  0.05  0.0   0.0   0.06  
85    V     0.09  0.0   0.06  0.0   0.0   0.0   0.0   0.01  0.02  0.01  0.29  0.03  0.03  0.04  0.0   0.03  0.02  0.01  0.15  0.2   
86    E     0.02  0.0   0.01  0.19  0.0   0.05  0.67  0.01  0.01  0.0   0.0   0.0   0.0   0.02  0.0   0.0   0.0   0.0   0.0   0.0   
87    V     0.11  0.0   0.04  0.0   0.02  0.0   0.0   0.03  0.0   0.04  0.15  0.0   0.03  0.01  0.0   0.1   0.34  0.0   0.0   0.14  
88    F     0.08  0.01  0.0   0.03  0.0   0.02  0.0   0.02  0.02  0.08  0.19  0.0   0.04  0.14  0.0   0.02  0.02  0.01  0.06  0.28  
89    A     0.09  0.1   0.07  0.03  0.0   0.14  0.05  0.04  0.01  0.01  0.1   0.07  0.01  0.02  0.0   0.09  0.11  0.0   0.01  0.06  
90    L     0.03  0.01  0.02  0.0   0.0   0.0   0.02  0.01  0.02  0.01  0.69  0.0   0.09  0.06  0.0   0.01  0.01  0.0   0.01  0.01  
91    L     0.07  0.01  0.0   0.0   0.0   0.02  0.0   0.02  0.0   0.13  0.37  0.01  0.07  0.09  0.01  0.02  0.02  0.04  0.02  0.08  
92    Q     0.03  0.16  0.05  0.05  0.0   0.19  0.19  0.01  0.01  0.05  0.06  0.03  0.02  0.03  0.0   0.05  0.03  0.01  0.01  0.02  
93    A     0.13  0.1   0.06  0.12  0.0   0.15  0.1   0.03  0.03  0.02  0.02  0.07  0.01  0.0   0.0   0.11  0.05  0.0   0.01  0.0   
94    G     0.03  0.08  0.04  0.04  0.01  0.03  0.01  0.56  0.04  0.0   0.01  0.08  0.0   0.02  0.0   0.04  0.01  0.0   0.0   0.01  
95    N     0.12  0.14  0.05  0.06  0.0   0.15  0.16  0.02  0.06  0.0   0.03  0.09  0.02  0.01  0.01  0.04  0.01  0.0   0.03  0.01  
96    Y     0.03  0.03  0.02  0.0   0.0   0.01  0.0   0.02  0.03  0.07  0.12  0.01  0.01  0.1   0.08  0.02  0.01  0.14  0.21  0.08  
97    I     0.1   0.06  0.01  0.01  0.0   0.01  0.01  0.13  0.01  0.08  0.22  0.05  0.02  0.09  0.03  0.04  0.03  0.03  0.0   0.07  
98    W     0.13  0.05  0.01  0.0   0.0   0.05  0.03  0.01  0.03  0.08  0.15  0.1   0.04  0.02  0.02  0.04  0.05  0.07  0.07  0.03  
99    A     0.56  0.0   0.0   0.0   0.01  0.0   0.0   0.13  0.0   0.01  0.08  0.0   0.03  0.09  0.0   0.06  0.01  0.0   0.01  0.01  
100   L     0.21  0.0   0.0   0.0   0.0   0.0   0.0   0.07  0.0   0.1   0.26  0.0   0.03  0.15  0.0   0.04  0.04  0.0   0.0   0.07  
101   T     0.18  0.0   0.01  0.0   0.01  0.0   0.01  0.14  0.0   0.11  0.27  0.01  0.01  0.04  0.0   0.05  0.04  0.01  0.0   0.1   
102   S     0.02  0.0   0.28  0.0   0.0   0.0   0.01  0.01  0.04  0.01  0.05  0.0   0.0   0.01  0.0   0.04  0.02  0.0   0.49  0.01  
103   V     0.12  0.0   0.0   0.0   0.01  0.0   0.0   0.03  0.0   0.28  0.2   0.0   0.02  0.03  0.0   0.03  0.04  0.01  0.01  0.24  
104   L     0.18  0.0   0.02  0.0   0.02  0.0   0.0   0.09  0.0   0.06  0.25  0.0   0.03  0.07  0.0   0.06  0.07  0.0   0.0   0.16  
105   V     0.19  0.0   0.0   0.0   0.01  0.0   0.01  0.15  0.0   0.12  0.26  0.0   0.01  0.03  0.0   0.05  0.04  0.0   0.0   0.14  
106   H     0.0   0.0   0.2   0.0   0.02  0.03  0.0   0.0   0.1   0.03  0.01  0.0   0.01  0.0   0.0   0.43  0.16  0.0   0.0   0.02  
107   V     0.02  0.0   0.02  0.0   0.01  0.0   0.0   0.0   0.0   0.12  0.25  0.0   0.03  0.05  0.01  0.01  0.01  0.0   0.08  0.4   
108   I     0.17  0.0   0.0   0.0   0.01  0.0   0.0   0.12  0.0   0.17  0.16  0.0   0.02  0.08  0.0   0.05  0.04  0.0   0.0   0.17  
109   G     0.11  0.0   0.0   0.0   0.03  0.0   0.0   0.33  0.0   0.05  0.33  0.0   0.01  0.05  0.0   0.03  0.01  0.0   0.0   0.05  
110   S     0.05  0.0   0.02  0.0   0.16  0.0   0.0   0.45  0.0   0.0   0.0   0.0   0.0   0.0   0.01  0.25  0.03  0.02  0.0   0.01  
111   L     0.01  0.0   0.0   0.0   0.0   0.0   0.0   0.02  0.0   0.18  0.48  0.0   0.02  0.13  0.0   0.0   0.01  0.01  0.02  0.12  
112   I     0.17  0.01  0.0   0.0   0.02  0.0   0.0   0.07  0.0   0.18  0.25  0.0   0.02  0.07  0.0   0.04  0.05  0.0   0.0   0.12  
113   M     0.43  0.0   0.0   0.0   0.05  0.0   0.0   0.11  0.0   0.02  0.13  0.0   0.11  0.08  0.0   0.04  0.0   0.01  0.0   0.02  
114   T     0.21  0.0   0.0   0.0   0.05  0.0   0.0   0.01  0.0   0.04  0.07  0.0   0.04  0.06  0.0   0.02  0.16  0.01  0.0   0.31  
115   A     0.15  0.01  0.0   0.0   0.01  0.01  0.01  0.04  0.01  0.05  0.11  0.01  0.03  0.18  0.0   0.03  0.02  0.16  0.13  0.04  
116   L     0.18  0.0   0.0   0.0   0.03  0.0   0.0   0.02  0.0   0.11  0.49  0.0   0.03  0.06  0.0   0.01  0.01  0.0   0.01  0.06  
117   G     0.09  0.0   0.0   0.0   0.0   0.0   0.0   0.89  0.0   0.0   0.0   0.0   0.0   0.0   0.0   0.01  0.01  0.0   0.0   0.01  
118   F     0.04  0.05  0.0   0.0   0.0   0.03  0.0   0.0   0.03  0.13  0.16  0.01  0.11  0.18  0.0   0.04  0.02  0.03  0.12  0.05  
119   F     0.14  0.04  0.0   0.0   0.0   0.08  0.02  0.03  0.01  0.08  0.12  0.04  0.06  0.06  0.0   0.04  0.02  0.13  0.07  0.05  
120   I     0.09  0.0   0.0   0.0   0.0   0.0   0.0   0.0   0.0   0.16  0.5   0.0   0.02  0.03  0.0   0.02  0.09  0.0   0.0   0.09  
121   I     0.3   0.0   0.0   0.0   0.0   0.0   0.0   0.26  0.0   0.07  0.02  0.0   0.04  0.05  0.0   0.04  0.03  0.02  0.02  0.14  
122   T     0.07  0.38  0.01  0.02  0.0   0.07  0.01  0.03  0.02  0.0   0.0   0.18  0.01  0.0   0.0   0.1   0.09  0.0   0.0   0.01  
123   I     0.13  0.19  0.01  0.02  0.0   0.02  0.01  0.04  0.01  0.08  0.22  0.08  0.02  0.05  0.0   0.03  0.03  0.03  0.01  0.03  
124   L     0.01  0.0   0.0   0.0   0.02  0.0   0.0   0.0   0.0   0.27  0.46  0.01  0.02  0.01  0.0   0.0   0.0   0.07  0.0   0.12  
125   F     0.1   0.0   0.03  0.0   0.0   0.0   0.0   0.0   0.0   0.12  0.25  0.0   0.01  0.21  0.02  0.0   0.0   0.06  0.09  0.09  
126   A     0.58  0.0   0.0   0.0   0.0   0.0   0.0   0.17  0.0   0.0   0.0   0.0   0.0   0.0   0.0   0.24  0.0   0.0   0.0   0.0   
