             A     R     N     D     C     Q     E     G     H     I     L     K     M     F     P     S     T     W     Y     V
1     Q     0.0   0.0   0.0   0.0   0.0   1.0   0.0   0.0   0.0   0.0   0.0   0.0   0.0   0.0   0.0   0.0   0.0   0.0   0.0   0.0   
2     L     0.0   0.0   0.0   0.0   0.0   0.0   0.0   0.0   0.0   0.0   1.0   0.0   0.0   0.0   0.0   0.0   0.0   0.0   0.0   0.0   
3     L     0.0   0.0   0.0   0.0   0.0   0.0   0.0   0.0   0.0   0.0   1.0   0.0   0.0   0.0   0.0   0.0   0.0   0.0   0.0   0.0   
4     P     0.0   0.0   0.0   0.0   0.0   0.0   0.0   0.0   0.0   0.0   0.0   0.0   0.0   0.0   1.0   0.0   0.0   0.0   0.0   0.0   
5     A     0.83  0.0   0.0   0.0   0.0   0.0   0.0   0.0   0.0   0.0   0.0   0.0   0.0   0.0   0.0   0.17  0.0   0.0   0.0   0.0   
6     P     0.0   0.17  0.0   0.0   0.0   0.0   0.0   0.0   0.0   0.0   0.0   0.0   0.0   0.0   0.83  0.0   0.0   0.0   0.0   0.0   
7     L     0.0   0.0   0.0   0.0   0.0   0.0   0.0   0.0   0.0   0.0   0.84  0.0   0.0   0.0   0.0   0.0   0.0   0.0   0.0   0.16  
8     T     0.13  0.0   0.0   0.14  0.0   0.0   0.15  0.0   0.0   0.0   0.14  0.0   0.12  0.0   0.0   0.0   0.32  0.0   0.0   0.0   
9     N     0.42  0.0   0.16  0.13  0.0   0.0   0.0   0.0   0.0   0.0   0.0   0.0   0.0   0.0   0.0   0.14  0.15  0.0   0.0   0.0   
10    D     0.0   0.16  0.0   0.84  0.0   0.0   0.0   0.0   0.0   0.0   0.0   0.0   0.0   0.0   0.0   0.0   0.0   0.0   0.0   0.0   
11    P     0.0   0.0   0.0   0.15  0.0   0.0   0.0   0.0   0.0   0.0   0.0   0.0   0.14  0.0   0.71  0.0   0.0   0.0   0.0   0.0   
12    T     0.0   0.0   0.0   0.0   0.0   0.0   0.0   0.0   0.0   0.0   0.0   0.0   0.0   0.0   0.0   0.59  0.41  0.0   0.0   0.0   
13    A     0.43  0.0   0.0   0.0   0.41  0.0   0.0   0.0   0.0   0.0   0.0   0.0   0.0   0.0   0.16  0.0   0.0   0.0   0.0   0.0   
14    I     0.15  0.0   0.0   0.0   0.0   0.0   0.0   0.0   0.0   0.16  0.16  0.0   0.0   0.0   0.0   0.14  0.14  0.0   0.0   0.24  
15    G     0.16  0.0   0.0   0.0   0.0   0.0   0.0   0.84  0.0   0.0   0.0   0.0   0.0   0.0   0.0   0.0   0.0   0.0   0.0   0.0   
16    P     0.0   0.0   0.0   0.0   0.0   0.0   0.0   0.0   0.0   0.0   0.0   0.0   0.0   0.0   1.0   0.0   0.0   0.0   0.0   0.0   
17    V     0.12  0.0   0.0   0.0   0.13  0.0   0.0   0.0   0.0   0.15  0.0   0.0   0.0   0.0   0.0   0.16  0.0   0.0   0.0   0.45  
18    L     0.0   0.16  0.0   0.0   0.0   0.0   0.0   0.0   0.0   0.0   0.29  0.0   0.14  0.0   0.0   0.15  0.0   0.0   0.0   0.26  
19    P     0.0   0.0   0.0   0.0   0.0   0.0   0.28  0.0   0.0   0.0   0.0   0.0   0.0   0.0   0.45  0.12  0.15  0.0   0.0   0.0   
20    F     0.0   0.0   0.0   0.0   0.0   0.0   0.0   0.0   0.0   0.0   0.0   0.0   0.0   1.0   0.0   0.0   0.0   0.0   0.0   0.0   
21    E     0.0   0.14  0.0   0.0   0.0   0.15  0.3   0.0   0.13  0.0   0.0   0.0   0.0   0.0   0.0   0.27  0.0   0.0   0.0   0.0   
22    E     0.0   0.0   0.0   0.15  0.0   0.0   0.46  0.0   0.0   0.0   0.0   0.0   0.0   0.0   0.0   0.12  0.14  0.0   0.0   0.13  
23    L     0.0   0.0   0.0   0.0   0.0   0.0   0.0   0.0   0.0   0.14  0.86  0.0   0.0   0.0   0.0   0.0   0.0   0.0   0.0   0.0   
24    H     0.0   0.0   0.0   0.0   0.0   0.14  0.0   0.0   0.29  0.0   0.0   0.0   0.0   0.29  0.0   0.0   0.0   0.0   0.27  0.0   
25    P     0.0   0.0   0.0   0.0   0.0   0.0   0.0   0.0   0.0   0.0   0.0   0.14  0.0   0.0   0.86  0.0   0.0   0.0   0.0   0.0   
26    R     0.42  0.28  0.0   0.0   0.0   0.0   0.0   0.3   0.0   0.0   0.0   0.0   0.0   0.0   0.0   0.0   0.0   0.0   0.0   0.0   
27    R     0.14  0.16  0.0   0.24  0.0   0.0   0.14  0.0   0.16  0.0   0.0   0.0   0.0   0.0   0.0   0.15  0.0   0.0   0.0   0.0   
28    Y     0.0   0.0   0.0   0.0   0.0   0.0   0.0   0.0   0.0   0.0   0.0   0.0   0.0   0.12  0.0   0.0   0.0   0.0   0.88  0.0   
29    P     0.16  0.0   0.0   0.0   0.0   0.0   0.0   0.0   0.14  0.14  0.0   0.0   0.0   0.24  0.16  0.0   0.0   0.0   0.15  0.0   
30    E     0.0   0.0   0.0   0.16  0.0   0.0   0.31  0.0   0.0   0.0   0.0   0.0   0.14  0.0   0.4   0.0   0.0   0.0   0.0   0.0   
31    N     0.0   0.0   0.28  0.0   0.0   0.0   0.0   0.0   0.31  0.0   0.13  0.0   0.0   0.0   0.14  0.14  0.0   0.0   0.0   0.0   
32    T     0.0   0.0   0.14  0.0   0.0   0.0   0.0   0.0   0.0   0.0   0.0   0.0   0.0   0.0   0.0   0.28  0.58  0.0   0.0   0.0   
33    A     0.56  0.0   0.0   0.0   0.0   0.0   0.0   0.44  0.0   0.0   0.0   0.0   0.0   0.0   0.0   0.0   0.0   0.0   0.0   0.0   
34    T     0.14  0.0   0.15  0.0   0.0   0.0   0.13  0.0   0.0   0.0   0.0   0.0   0.0   0.0   0.0   0.41  0.16  0.0   0.0   0.0   
35    F     0.0   0.0   0.0   0.0   0.0   0.0   0.0   0.0   0.0   0.0   0.0   0.0   0.0   1.0   0.0   0.0   0.0   0.0   0.0   0.0   
36    L     0.0   0.0   0.0   0.0   0.0   0.0   0.0   0.0   0.0   0.0   0.55  0.0   0.0   0.16  0.29  0.0   0.0   0.0   0.0   0.0   
37    T     0.0   0.0   0.0   0.0   0.15  0.0   0.0   0.0   0.0   0.0   0.16  0.0   0.0   0.0   0.0   0.0   0.69  0.0   0.0   0.0   
38    R     0.0   0.84  0.0   0.0   0.0   0.16  0.0   0.0   0.0   0.0   0.0   0.0   0.0   0.0   0.0   0.0   0.0   0.0   0.0   0.0   
39    L     0.16  0.01  0.01  0.01  0.0   0.01  0.01  0.01  0.0   0.01  0.44  0.01  0.0   0.01  0.01  0.16  0.13  0.0   0.01  0.01  
40    R     0.0   0.69  0.0   0.0   0.0   0.16  0.0   0.0   0.0   0.0   0.0   0.15  0.0   0.0   0.0   0.0   0.0   0.0   0.0   0.0   
41    S     0.0   0.0   0.14  0.0   0.0   0.0   0.0   0.14  0.13  0.15  0.12  0.0   0.0   0.0   0.16  0.16  0.0   0.0   0.0   0.0   
42    L     0.0   0.0   0.0   0.0   0.0   0.0   0.0   0.0   0.14  0.0   0.32  0.0   0.0   0.0   0.15  0.26  0.0   0.0   0.0   0.13  
43    P     0.0   0.0   0.0   0.0   0.0   0.0   0.0   0.15  0.0   0.0   0.0   0.0   0.0   0.0   0.55  0.0   0.0   0.0   0.0   0.3   
44    S     0.16  0.14  0.0   0.0   0.0   0.0   0.0   0.0   0.0   0.0   0.0   0.0   0.0   0.0   0.24  0.31  0.0   0.0   0.15  0.0   
45    N     0.0   0.0   0.16  0.0   0.0   0.0   0.0   0.0   0.0   0.0   0.15  0.0   0.0   0.0   0.0   0.56  0.12  0.0   0.0   0.0   
46    H     0.0   0.0   0.0   0.0   0.0   0.0   0.15  0.0   0.16  0.0   0.0   0.0   0.0   0.0   0.12  0.56  0.0   0.0   0.0   0.0   
47    L     0.29  0.0   0.0   0.0   0.0   0.0   0.0   0.0   0.0   0.14  0.41  0.0   0.0   0.0   0.0   0.0   0.0   0.0   0.0   0.16  
48    P     0.0   0.0   0.0   0.0   0.0   0.0   0.0   0.0   0.0   0.0   0.0   0.0   0.0   0.0   0.87  0.13  0.0   0.0   0.0   0.0   
49    Q     0.0   0.0   0.0   0.0   0.0   0.16  0.0   0.0   0.13  0.0   0.0   0.0   0.12  0.14  0.0   0.0   0.0   0.0   0.45  0.0   
50    P     0.0   0.0   0.0   0.0   0.0   0.0   0.0   0.0   0.0   0.0   0.0   0.0   0.0   0.0   1.0   0.0   0.0   0.0   0.0   0.0   
51    T     0.16  0.0   0.0   0.0   0.0   0.14  0.0   0.0   0.0   0.0   0.0   0.24  0.0   0.0   0.15  0.0   0.31  0.0   0.0   0.0   
52    L     0.14  0.0   0.12  0.0   0.0   0.0   0.0   0.0   0.0   0.0   0.6   0.14  0.0   0.0   0.0   0.0   0.0   0.0   0.0   0.0   
53    N     0.14  0.0   0.41  0.31  0.0   0.0   0.0   0.0   0.14  0.0   0.0   0.0   0.0   0.0   0.0   0.0   0.0   0.0   0.0   0.0   
54    C     0.0   0.0   0.0   0.0   1.0   0.0   0.0   0.0   0.0   0.0   0.0   0.0   0.0   0.0   0.0   0.0   0.0   0.0   0.0   0.0   
55    L     0.0   0.0   0.0   0.0   0.0   0.0   0.0   0.0   0.0   0.0   0.85  0.0   0.15  0.0   0.0   0.0   0.0   0.0   0.0   0.0   
56    L     0.0   0.0   0.0   0.0   0.0   0.0   0.0   0.0   0.0   0.0   1.0   0.0   0.0   0.0   0.0   0.0   0.0   0.0   0.0   0.0   
57    S     0.0   0.0   0.0   0.0   0.0   0.0   0.0   0.0   0.0   0.0   0.0   0.0   0.0   0.0   0.0   0.16  0.38  0.0   0.0   0.45  
58    A     0.72  0.0   0.0   0.0   0.13  0.0   0.0   0.0   0.0   0.0   0.0   0.0   0.0   0.0   0.0   0.16  0.0   0.0   0.0   0.0   
59    V     0.0   0.0   0.0   0.0   0.16  0.0   0.0   0.0   0.0   0.0   0.15  0.0   0.0   0.13  0.0   0.0   0.0   0.0   0.0   0.56  
60    S     0.26  0.0   0.0   0.0   0.0   0.0   0.0   0.0   0.0   0.0   0.0   0.0   0.0   0.0   0.0   0.74  0.0   0.0   0.0   0.0   
61    D     0.31  0.0   0.0   0.16  0.0   0.14  0.13  0.0   0.0   0.0   0.0   0.0   0.0   0.0   0.12  0.14  0.0   0.0   0.0   0.0   
62    Q     0.3   0.0   0.0   0.0   0.0   0.46  0.0   0.0   0.0   0.0   0.13  0.0   0.0   0.0   0.0   0.12  0.0   0.0   0.0   0.0   
63    T     0.0   0.0   0.0   0.0   0.0   0.0   0.0   0.0   0.0   0.0   0.26  0.0   0.15  0.0   0.0   0.28  0.31  0.0   0.0   0.0   
64    K     0.0   0.0   0.0   0.0   0.0   0.0   0.0   0.42  0.12  0.0   0.0   0.16  0.0   0.0   0.15  0.14  0.0   0.0   0.0   0.0   
65    V     0.0   0.0   0.0   0.0   0.0   0.15  0.0   0.0   0.13  0.27  0.14  0.0   0.0   0.0   0.0   0.0   0.0   0.0   0.14  0.16  
66    S     0.0   0.0   0.12  0.0   0.0   0.0   0.0   0.0   0.0   0.0   0.0   0.0   0.0   0.0   0.3   0.44  0.14  0.0   0.0   0.0   
67    E     0.0   0.0   0.0   0.0   0.0   0.0   0.43  0.0   0.0   0.0   0.0   0.16  0.0   0.0   0.27  0.0   0.14  0.0   0.0   0.0   
68    E     0.0   0.14  0.0   0.0   0.0   0.15  0.32  0.0   0.26  0.0   0.0   0.0   0.0   0.0   0.0   0.13  0.0   0.0   0.0   0.0   
69    H     0.0   0.12  0.0   0.28  0.0   0.14  0.15  0.0   0.16  0.0   0.0   0.0   0.0   0.0   0.0   0.0   0.14  0.0   0.0   0.0   
70    L     0.0   0.0   0.0   0.0   0.0   0.0   0.0   0.0   0.0   0.0   1.0   0.0   0.0   0.0   0.0   0.0   0.0   0.0   0.0   0.0   
71    W     0.0   0.0   0.0   0.0   0.0   0.0   0.0   0.0   0.0   0.0   0.0   0.0   0.0   0.0   0.0   0.0   0.0   1.0   0.0   0.0   
72    E     0.3   0.0   0.0   0.0   0.0   0.0   0.3   0.0   0.0   0.0   0.13  0.0   0.0   0.0   0.0   0.15  0.12  0.0   0.0   0.0   
73    S     0.3   0.0   0.0   0.0   0.0   0.0   0.0   0.0   0.0   0.0   0.0   0.0   0.0   0.14  0.0   0.41  0.16  0.0   0.0   0.0   
74    L     0.0   0.0   0.0   0.0   0.0   0.0   0.0   0.0   0.0   0.0   1.0   0.0   0.0   0.0   0.0   0.0   0.0   0.0   0.0   0.0   
75    Q     0.0   0.0   0.15  0.0   0.44  0.41  0.0   0.0   0.0   0.0   0.0   0.0   0.0   0.0   0.0   0.0   0.0   0.0   0.0   0.0   
76    T     0.14  0.0   0.0   0.14  0.0   0.0   0.12  0.0   0.16  0.0   0.0   0.0   0.0   0.0   0.0   0.13  0.32  0.0   0.0   0.0   
77    I     0.0   0.0   0.14  0.0   0.0   0.0   0.0   0.0   0.0   0.45  0.15  0.0   0.14  0.0   0.0   0.0   0.0   0.0   0.0   0.12  
78    L     0.0   0.0   0.0   0.0   0.0   0.0   0.0   0.0   0.0   0.0   0.69  0.0   0.15  0.16  0.0   0.0   0.0   0.0   0.0   0.0   
79    P     0.0   0.0   0.0   0.0   0.0   0.0   0.0   0.0   0.0   0.0   0.0   0.0   0.0   0.0   1.0   0.0   0.0   0.0   0.0   0.0   
80    D     0.0   0.0   0.0   0.69  0.0   0.0   0.0   0.0   0.0   0.0   0.15  0.0   0.0   0.0   0.16  0.0   0.0   0.0   0.0   0.0   
81    S     0.0   0.0   0.0   0.0   0.0   0.0   0.0   0.0   0.0   0.0   0.0   0.0   0.0   0.0   0.0   1.0   0.0   0.0   0.0   0.0   
82    Q     0.15  0.0   0.0   0.16  0.0   0.29  0.0   0.0   0.0   0.0   0.26  0.0   0.0   0.0   0.0   0.0   0.0   0.0   0.0   0.14  
83    L     0.0   0.0   0.0   0.0   0.0   0.0   0.0   0.0   0.0   0.0   1.0   0.0   0.0   0.0   0.0   0.0   0.0   0.0   0.0   0.0   
84    S     0.0   0.0   0.0   0.14  0.0   0.13  0.0   0.0   0.0   0.0   0.0   0.0   0.0   0.0   0.0   0.28  0.29  0.0   0.0   0.16  
85    N     0.0   0.0   0.55  0.14  0.0   0.0   0.0   0.0   0.0   0.0   0.0   0.0   0.0   0.0   0.0   0.31  0.0   0.0   0.0   0.0   
86    E     0.0   0.0   0.0   0.16  0.0   0.0   0.16  0.14  0.0   0.0   0.0   0.0   0.0   0.0   0.28  0.26  0.0   0.0   0.0   0.0   
87    E     0.01  0.01  0.01  0.01  0.0   0.01  0.56  0.01  0.0   0.01  0.01  0.01  0.0   0.01  0.01  0.31  0.01  0.0   0.01  0.01  
88    T     0.01  0.01  0.01  0.01  0.0   0.01  0.01  0.01  0.0   0.13  0.31  0.01  0.0   0.01  0.01  0.01  0.17  0.0   0.01  0.27  
89    N     0.16  0.16  0.17  0.13  0.0   0.01  0.15  0.01  0.0   0.01  0.01  0.01  0.0   0.01  0.01  0.14  0.01  0.0   0.01  0.01  
90    T     0.01  0.01  0.15  0.01  0.0   0.01  0.01  0.01  0.0   0.01  0.01  0.01  0.0   0.01  0.01  0.13  0.44  0.0   0.01  0.16  
91    L     0.0   0.0   0.0   0.0   0.0   0.0   0.0   0.0   0.0   0.0   0.74  0.0   0.0   0.14  0.0   0.0   0.0   0.0   0.0   0.12  
92    G     0.0   0.0   0.0   0.0   0.0   0.0   0.0   1.0   0.0   0.0   0.0   0.0   0.0   0.0   0.0   0.0   0.0   0.0   0.0   0.0   
93    L     0.0   0.0   0.0   0.0   0.0   0.0   0.0   0.0   0.0   0.0   0.88  0.0   0.12  0.0   0.0   0.0   0.0   0.0   0.0   0.0   
94    S     0.0   0.0   0.0   0.0   0.0   0.0   0.0   0.15  0.0   0.0   0.0   0.0   0.0   0.0   0.0   0.7   0.14  0.0   0.0   0.0   
95    T     0.0   0.0   0.0   0.0   0.0   0.0   0.0   0.0   0.0   0.0   0.0   0.0   0.0   0.0   0.0   0.0   1.0   0.0   0.0   0.0   
96    E     0.0   0.0   0.16  0.53  0.0   0.0   0.32  0.0   0.0   0.0   0.0   0.0   0.0   0.0   0.0   0.0   0.0   0.0   0.0   0.0   
97    H     0.0   0.0   0.0   0.0   0.0   0.0   0.15  0.0   0.6   0.13  0.12  0.0   0.0   0.0   0.0   0.0   0.0   0.0   0.0   0.0   
98    L     0.0   0.0   0.0   0.0   0.0   0.0   0.0   0.0   0.0   0.0   0.86  0.0   0.0   0.14  0.0   0.0   0.0   0.0   0.0   0.0   
99    T     0.14  0.0   0.0   0.0   0.0   0.0   0.0   0.0   0.0   0.0   0.0   0.0   0.0   0.0   0.0   0.0   0.86  0.0   0.0   0.0   
100   A     0.72  0.0   0.0   0.0   0.14  0.0   0.0   0.0   0.0   0.0   0.0   0.0   0.0   0.0   0.0   0.0   0.0   0.0   0.0   0.14  
101   L     0.0   0.0   0.0   0.0   0.0   0.0   0.0   0.0   0.0   0.0   1.0   0.0   0.0   0.0   0.0   0.0   0.0   0.0   0.0   0.0   
102   A     0.46  0.0   0.0   0.0   0.13  0.0   0.0   0.0   0.0   0.0   0.0   0.0   0.0   0.0   0.0   0.41  0.0   0.0   0.0   0.0   
103   H     0.0   0.14  0.0   0.0   0.0   0.0   0.0   0.0   0.28  0.0   0.0   0.0   0.0   0.28  0.0   0.0   0.0   0.0   0.29  0.0   
104   L     0.0   0.14  0.0   0.0   0.0   0.0   0.0   0.0   0.0   0.27  0.28  0.0   0.0   0.0   0.0   0.0   0.16  0.0   0.15  0.0   
105   Y     0.0   0.0   0.0   0.0   0.0   0.0   0.0   0.0   0.0   0.0   0.14  0.0   0.0   0.26  0.0   0.0   0.0   0.0   0.6   0.0   
106   N     0.0   0.0   0.28  0.0   0.0   0.16  0.0   0.0   0.42  0.0   0.0   0.0   0.0   0.0   0.0   0.14  0.0   0.0   0.0   0.0   
107   F     0.0   0.0   0.0   0.0   0.0   0.0   0.0   0.0   0.0   0.0   0.14  0.0   0.0   0.58  0.0   0.13  0.0   0.16  0.0   0.0   
108   Q     0.0   0.14  0.0   0.0   0.0   0.44  0.14  0.0   0.0   0.0   0.16  0.0   0.0   0.0   0.0   0.13  0.0   0.0   0.0   0.0   
109   A     0.44  0.0   0.0   0.0   0.28  0.0   0.0   0.0   0.0   0.0   0.0   0.0   0.0   0.0   0.0   0.0   0.0   0.0   0.0   0.28  
110   T     0.0   0.14  0.0   0.0   0.0   0.0   0.15  0.0   0.0   0.14  0.0   0.0   0.0   0.0   0.0   0.0   0.45  0.0   0.0   0.12  
111   V     0.0   0.0   0.0   0.0   0.0   0.0   0.0   0.0   0.0   0.29  0.28  0.0   0.0   0.14  0.0   0.0   0.0   0.0   0.0   0.28  
112   Y     0.0   0.16  0.0   0.0   0.0   0.0   0.0   0.0   0.54  0.0   0.0   0.0   0.0   0.0   0.0   0.0   0.0   0.0   0.16  0.14  
113   S     0.13  0.0   0.0   0.0   0.0   0.0   0.0   0.0   0.0   0.0   0.0   0.0   0.0   0.0   0.0   0.74  0.14  0.0   0.0   0.0   
114   D     0.0   0.0   0.0   0.32  0.0   0.0   0.26  0.16  0.0   0.0   0.0   0.0   0.0   0.0   0.13  0.14  0.0   0.0   0.0   0.0   
115   R     0.0   0.28  0.15  0.0   0.0   0.0   0.16  0.0   0.28  0.0   0.0   0.0   0.0   0.0   0.0   0.13  0.0   0.0   0.0   0.0   
116   G     0.0   0.0   0.0   0.0   0.0   0.0   0.15  0.55  0.0   0.0   0.16  0.0   0.0   0.0   0.0   0.14  0.0   0.0   0.0   0.0   
117   P     0.0   0.0   0.0   0.26  0.0   0.0   0.0   0.0   0.0   0.15  0.0   0.0   0.0   0.0   0.16  0.0   0.14  0.0   0.0   0.28  
118   A     0.08  0.0   0.0   0.0   0.0   0.16  0.0   0.0   0.0   0.34  0.0   0.0   0.0   0.0   0.0   0.0   0.0   0.0   0.28  0.14  
119   L     0.0   0.31  0.0   0.0   0.0   0.0   0.14  0.0   0.13  0.0   0.28  0.0   0.0   0.0   0.14  0.0   0.0   0.0   0.0   0.0   
120   F     0.0   0.0   0.0   0.0   0.0   0.0   0.0   0.0   0.16  0.0   0.14  0.0   0.0   0.44  0.0   0.0   0.0   0.0   0.26  0.0   
121   G     0.0   0.0   0.0   0.0   0.0   0.0   0.0   1.0   0.0   0.0   0.0   0.0   0.0   0.0   0.0   0.0   0.0   0.0   0.0   0.0   
122   P     0.0   0.0   0.0   0.0   0.0   0.0   0.0   0.0   0.0   0.42  0.42  0.0   0.0   0.0   0.16  0.0   0.0   0.0   0.0   0.0   
123   S     0.13  0.0   0.0   0.0   0.0   0.27  0.0   0.0   0.14  0.0   0.16  0.14  0.0   0.0   0.0   0.16  0.0   0.0   0.0   0.0   
124   D     0.0   0.0   0.0   0.31  0.0   0.0   0.0   0.0   0.0   0.0   0.0   0.14  0.0   0.0   0.0   0.4   0.15  0.0   0.0   0.0   
125   T     0.71  0.0   0.0   0.0   0.0   0.0   0.0   0.0   0.0   0.0   0.0   0.0   0.0   0.0   0.0   0.13  0.16  0.0   0.0   0.0   
126   I     0.0   0.0   0.0   0.0   0.0   0.0   0.0   0.0   0.0   0.16  0.0   0.12  0.0   0.0   0.16  0.42  0.14  0.0   0.0   0.0   
127   K     0.0   0.0   0.0   0.0   0.0   0.0   0.0   0.0   0.0   0.0   0.0   0.16  0.0   0.16  0.0   0.14  0.54  0.0   0.0   0.0   
128   R     0.16  0.31  0.0   0.0   0.0   0.0   0.0   0.0   0.0   0.0   0.0   0.15  0.0   0.0   0.0   0.0   0.0   0.0   0.0   0.38  
129   I     0.0   0.0   0.0   0.0   0.0   0.0   0.0   0.0   0.0   0.42  0.15  0.0   0.0   0.3   0.0   0.0   0.0   0.0   0.13  0.0   
130   D     0.0   0.0   0.0   0.16  0.15  0.14  0.16  0.0   0.12  0.0   0.0   0.0   0.0   0.0   0.0   0.0   0.14  0.0   0.0   0.13  
131   I     0.0   0.0   0.0   0.0   0.0   0.0   0.0   0.0   0.0   0.85  0.15  0.0   0.0   0.0   0.0   0.0   0.0   0.0   0.0   0.0   
132   T     0.0   0.14  0.0   0.0   0.0   0.0   0.0   0.0   0.13  0.15  0.0   0.0   0.0   0.0   0.0   0.14  0.32  0.0   0.12  0.0   
133   H     0.0   0.15  0.0   0.0   0.0   0.0   0.0   0.0   0.58  0.0   0.0   0.0   0.0   0.0   0.0   0.0   0.0   0.0   0.26  0.0   
134   T     0.0   0.0   0.0   0.15  0.0   0.13  0.0   0.0   0.0   0.14  0.0   0.0   0.0   0.0   0.0   0.0   0.58  0.0   0.0   0.0   
135   T     0.01  0.01  0.15  0.17  0.0   0.01  0.01  0.01  0.0   0.01  0.02  0.01  0.0   0.01  0.16  0.19  0.21  0.0   0.01  0.01  
136   G     0.01  0.01  0.01  0.01  0.0   0.01  0.01  0.84  0.0   0.01  0.02  0.01  0.0   0.01  0.01  0.01  0.01  0.0   0.01  0.01  
137   P     0.01  0.01  0.01  0.01  0.0   0.01  0.01  0.01  0.0   0.01  0.02  0.01  0.0   0.01  0.83  0.01  0.01  0.0   0.01  0.01  
138   P     0.0   0.0   0.0   0.0   0.0   0.0   0.0   0.0   0.0   0.0   0.0   0.0   0.0   0.0   1.0   0.0   0.0   0.0   0.0   0.0   
139   S     0.32  0.0   0.0   0.0   0.0   0.0   0.0   0.18  0.0   0.0   0.0   0.16  0.0   0.0   0.15  0.2   0.0   0.0   0.0   0.0   
140   H     0.0   0.0   0.0   0.0   0.0   0.0   0.0   0.0   1.0   0.0   0.0   0.0   0.0   0.0   0.0   0.0   0.0   0.0   0.0   0.0   
141   F     0.0   0.0   0.0   0.0   0.0   0.0   0.0   0.0   0.0   0.0   0.0   0.0   0.0   0.86  0.0   0.0   0.0   0.0   0.14  0.0   
142   S     0.0   0.0   0.0   0.0   0.0   0.0   0.0   0.0   0.0   0.0   0.0   0.19  0.0   0.0   0.0   0.59  0.21  0.0   0.0   0.0   
143   P     0.25  0.0   0.0   0.0   0.0   0.0   0.0   0.0   0.0   0.0   0.22  0.0   0.0   0.0   0.52  0.0   0.0   0.0   0.0   0.0   
144   G     0.0   0.0   0.0   0.0   0.0   0.0   0.0   0.31  0.0   0.0   0.0   0.0   0.0   0.25  0.21  0.22  0.0   0.0   0.0   0.0   
145   K     0.0   0.0   0.0   0.0   0.0   0.0   0.0   0.0   0.0   0.25  0.0   0.31  0.0   0.0   0.44  0.0   0.0   0.0   0.0   0.0   
146   R     0.0   0.54  0.0   0.0   0.0   0.0   0.0   0.0   0.0   0.0   0.0   0.46  0.0   0.0   0.0   0.0   0.0   0.0   0.0   0.0   
147   L     0.0   0.0   0.0   0.0   0.0   0.0   0.0   0.0   0.0   0.21  0.79  0.0   0.0   0.0   0.0   0.0   0.0   0.0   0.0   0.0   
148   L     0.0   0.0   0.0   0.0   0.0   0.0   0.0   0.0   0.0   0.41  0.59  0.0   0.0   0.0   0.0   0.0   0.0   0.0   0.0   0.0   
