             A     R     N     D     C     Q     E     G     H     I     L     K     M     F     P     S     T     W     Y     V
1     I     0.0   0.0   0.0   0.0   0.0   0.0   0.0   0.0   0.0   0.0   0.0   0.0   0.0   0.0   0.0   0.0   0.0   0.0   0.0   0.0   
2     E     0.0   0.0   0.0   0.16  0.0   0.0   0.84  0.0   0.0   0.0   0.0   0.0   0.0   0.0   0.0   0.0   0.0   0.0   0.0   0.0   
3     T     0.0   0.0   0.0   0.0   0.0   0.0   0.0   0.0   0.0   0.0   0.0   0.0   0.0   0.0   0.0   0.16  0.84  0.0   0.0   0.0   
4     L     0.0   0.0   0.0   0.0   0.0   0.0   0.0   0.0   0.0   0.64  0.36  0.0   0.0   0.0   0.0   0.0   0.0   0.0   0.0   0.0   
5     E     0.15  0.0   0.0   0.0   0.0   0.0   0.85  0.0   0.0   0.0   0.0   0.0   0.0   0.0   0.0   0.0   0.0   0.0   0.0   0.0   
6     E     0.01  0.01  0.01  0.01  0.0   0.01  0.46  0.01  0.0   0.01  0.01  0.01  0.0   0.01  0.01  0.41  0.01  0.0   0.0   0.01  
7     A     0.68  0.0   0.0   0.0   0.0   0.0   0.0   0.0   0.0   0.0   0.0   0.0   0.0   0.0   0.0   0.14  0.0   0.0   0.0   0.18  
8     L     0.0   0.0   0.0   0.0   0.0   0.18  0.0   0.0   0.0   0.27  0.41  0.0   0.0   0.0   0.0   0.0   0.0   0.0   0.0   0.13  
9     K     0.14  0.0   0.0   0.0   0.0   0.13  0.0   0.0   0.0   0.0   0.0   0.41  0.0   0.0   0.14  0.18  0.0   0.0   0.0   0.0   
10    A     0.27  0.14  0.14  0.0   0.0   0.0   0.0   0.0   0.0   0.0   0.0   0.0   0.0   0.0   0.0   0.0   0.45  0.0   0.0   0.0   
11    A     0.45  0.0   0.0   0.0   0.0   0.0   0.0   0.0   0.0   0.14  0.0   0.0   0.0   0.0   0.0   0.14  0.0   0.0   0.0   0.26  
12    E     0.0   0.27  0.0   0.0   0.0   0.13  0.13  0.0   0.0   0.0   0.0   0.27  0.0   0.0   0.0   0.0   0.18  0.0   0.0   0.0   
13    A     0.27  0.13  0.0   0.0   0.0   0.14  0.14  0.0   0.0   0.0   0.0   0.14  0.0   0.18  0.0   0.0   0.0   0.0   0.0   0.0   
14    L     0.0   0.0   0.0   0.0   0.0   0.0   0.0   0.0   0.0   0.0   1.0   0.0   0.0   0.0   0.0   0.0   0.0   0.0   0.0   0.0   
15    E     0.18  0.0   0.27  0.0   0.0   0.0   0.55  0.0   0.0   0.0   0.0   0.0   0.0   0.0   0.0   0.0   0.0   0.0   0.0   0.0   
16    R     0.0   0.58  0.0   0.0   0.0   0.0   0.28  0.0   0.0   0.0   0.0   0.0   0.0   0.0   0.0   0.14  0.0   0.0   0.0   0.0   
17    E     0.0   0.0   0.0   0.13  0.0   0.14  0.13  0.0   0.0   0.0   0.0   0.28  0.0   0.0   0.0   0.31  0.0   0.0   0.0   0.0   
18    G     0.0   0.0   0.0   0.0   0.0   0.0   0.0   1.0   0.0   0.0   0.0   0.0   0.0   0.0   0.0   0.0   0.0   0.0   0.0   0.0   
19    V     0.0   0.0   0.0   0.0   0.0   0.0   0.0   0.0   0.0   0.32  0.27  0.0   0.0   0.28  0.0   0.0   0.0   0.0   0.0   0.13  
20    H     0.32  0.14  0.0   0.0   0.13  0.0   0.0   0.0   0.13  0.0   0.0   0.0   0.0   0.0   0.0   0.28  0.0   0.0   0.0   0.0   
21    A     0.26  0.0   0.0   0.0   0.18  0.0   0.0   0.13  0.0   0.0   0.0   0.0   0.0   0.0   0.0   0.0   0.0   0.0   0.28  0.14  
22    I     0.0   0.0   0.13  0.0   0.0   0.0   0.0   0.0   0.0   0.13  0.0   0.0   0.0   0.0   0.0   0.28  0.27  0.0   0.0   0.18  
23    L     0.0   0.0   0.0   0.0   0.0   0.0   0.0   0.0   0.0   0.13  0.45  0.0   0.0   0.0   0.0   0.0   0.0   0.0   0.28  0.14  
24    D     0.0   0.0   0.0   1.0   0.0   0.0   0.0   0.0   0.0   0.0   0.0   0.0   0.0   0.0   0.0   0.0   0.0   0.0   0.0   0.0   
25    L     0.0   0.0   0.0   0.0   0.0   0.0   0.0   0.0   0.14  0.0   0.27  0.0   0.28  0.0   0.0   0.0   0.0   0.0   0.31  0.0   
26    L     0.18  0.0   0.0   0.0   0.0   0.0   0.0   0.0   0.0   0.0   0.82  0.0   0.0   0.0   0.0   0.0   0.0   0.0   0.0   0.0   
27    G     0.0   0.14  0.0   0.0   0.0   0.0   0.0   0.67  0.0   0.0   0.0   0.0   0.0   0.0   0.0   0.0   0.0   0.0   0.0   0.18  
28    E     0.0   0.0   0.0   0.0   0.0   0.0   1.0   0.0   0.0   0.0   0.0   0.0   0.0   0.0   0.0   0.0   0.0   0.0   0.0   0.0   
29    M     0.14  0.14  0.0   0.0   0.0   0.0   0.0   0.18  0.0   0.0   0.0   0.0   0.13  0.27  0.0   0.0   0.0   0.0   0.13  0.0   
30    V     0.27  0.0   0.0   0.0   0.0   0.0   0.18  0.0   0.0   0.13  0.0   0.0   0.0   0.0   0.14  0.0   0.0   0.0   0.0   0.27  
31    R     0.14  0.14  0.33  0.14  0.0   0.01  0.01  0.01  0.0   0.01  0.15  0.01  0.0   0.01  0.01  0.01  0.01  0.0   0.0   0.01  
32    T     0.0   0.0   0.0   0.18  0.0   0.0   0.0   0.0   0.0   0.0   0.0   0.0   0.0   0.0   0.0   0.4   0.41  0.0   0.0   0.0   
33    E     0.42  0.0   0.0   0.0   0.0   0.0   0.45  0.0   0.0   0.0   0.0   0.0   0.0   0.0   0.13  0.0   0.0   0.0   0.0   0.0   
34    E     0.41  0.0   0.0   0.0   0.0   0.0   0.27  0.0   0.0   0.0   0.0   0.13  0.0   0.0   0.0   0.0   0.18  0.0   0.0   0.0   
35    E     0.0   0.0   0.0   0.28  0.0   0.18  0.26  0.0   0.0   0.0   0.0   0.13  0.0   0.0   0.0   0.0   0.0   0.0   0.0   0.14  
36    A     0.68  0.0   0.0   0.0   0.13  0.0   0.0   0.0   0.0   0.0   0.0   0.0   0.0   0.18  0.0   0.0   0.0   0.0   0.0   0.0   
37    R     0.0   0.27  0.13  0.18  0.0   0.14  0.14  0.0   0.0   0.0   0.0   0.0   0.0   0.0   0.0   0.0   0.13  0.0   0.0   0.0   
38    A     0.27  0.14  0.0   0.0   0.0   0.13  0.27  0.0   0.0   0.0   0.0   0.18  0.0   0.0   0.0   0.0   0.0   0.0   0.0   0.0   
39    F     0.18  0.14  0.0   0.0   0.0   0.0   0.0   0.0   0.0   0.0   0.0   0.0   0.0   0.27  0.0   0.0   0.0   0.0   0.28  0.13  
40    Q     0.26  0.0   0.0   0.0   0.0   0.13  0.0   0.0   0.0   0.0   0.0   0.0   0.32  0.0   0.0   0.0   0.14  0.0   0.14  0.0   
41    R     0.0   0.28  0.0   0.13  0.0   0.0   0.45  0.0   0.0   0.0   0.0   0.0   0.0   0.0   0.0   0.0   0.0   0.0   0.0   0.14  
42    G     0.0   0.0   0.18  0.28  0.0   0.0   0.27  0.13  0.0   0.0   0.0   0.0   0.0   0.0   0.0   0.14  0.0   0.0   0.0   0.0   
43    L     0.0   0.0   0.0   0.0   0.27  0.0   0.0   0.0   0.0   0.0   0.13  0.0   0.0   0.0   0.0   0.0   0.18  0.0   0.28  0.13  
44    L     0.0   0.0   0.0   0.0   0.0   0.14  0.14  0.0   0.0   0.27  0.32  0.13  0.0   0.0   0.0   0.0   0.0   0.0   0.0   0.0   
45    E     0.0   0.18  0.0   0.0   0.0   0.27  0.13  0.0   0.0   0.0   0.0   0.26  0.0   0.0   0.0   0.14  0.0   0.0   0.0   0.0   
46    L     0.41  0.0   0.0   0.0   0.0   0.0   0.0   0.0   0.0   0.0   0.45  0.0   0.0   0.0   0.0   0.0   0.14  0.0   0.0   0.0   
47    V     0.0   0.0   0.0   0.0   0.0   0.0   0.0   0.0   0.0   0.87  0.0   0.0   0.0   0.0   0.0   0.0   0.0   0.0   0.0   0.13  
48    W     0.14  0.0   0.0   0.0   0.0   0.13  0.32  0.0   0.28  0.0   0.0   0.0   0.0   0.0   0.0   0.0   0.0   0.13  0.0   0.0   
49    A     0.68  0.0   0.0   0.0   0.0   0.0   0.0   0.0   0.0   0.0   0.0   0.0   0.18  0.0   0.0   0.0   0.14  0.0   0.0   0.0   
50    L     0.13  0.0   0.0   0.0   0.0   0.0   0.0   0.0   0.0   0.4   0.13  0.0   0.0   0.0   0.0   0.18  0.14  0.0   0.0   0.0   
51    A     0.54  0.0   0.0   0.0   0.0   0.18  0.0   0.14  0.13  0.0   0.0   0.0   0.0   0.0   0.0   0.0   0.0   0.0   0.0   0.0   
52    G     0.35  0.0   0.0   0.11  0.0   0.13  0.1   0.1   0.0   0.0   0.0   0.22  0.0   0.0   0.0   0.0   0.0   0.0   0.0   0.0   
53    K     0.21  0.0   0.0   0.0   0.0   0.11  0.25  0.0   0.1   0.0   0.0   0.1   0.0   0.0   0.11  0.0   0.13  0.0   0.0   0.0   
54    P     0.25  0.11  0.0   0.13  0.0   0.1   0.11  0.1   0.0   0.0   0.0   0.0   0.0   0.0   0.1   0.11  0.0   0.0   0.0   0.0   
55    W     0.0   0.0   0.11  0.0   0.0   0.0   0.11  0.0   0.0   0.1   0.2   0.0   0.25  0.0   0.0   0.13  0.0   0.1   0.0   0.0   
56    P     0.0   0.0   0.2   0.16  0.0   0.0   0.08  0.22  0.0   0.0   0.13  0.1   0.0   0.0   0.1   0.0   0.0   0.0   0.0   0.0   
57    K     0.0   0.0   0.0   0.0   0.0   0.0   0.0   0.0   0.0   0.0   0.0   0.1   0.0   0.0   0.44  0.45  0.0   0.0   0.0   0.0   
58    Y     0.0   0.0   0.0   0.0   0.0   0.0   0.1   0.46  0.11  0.0   0.0   0.0   0.0   0.13  0.0   0.0   0.0   0.0   0.21  0.0   
59    I     0.0   0.16  0.0   0.0   0.0   0.08  0.0   0.0   0.0   0.32  0.1   0.0   0.0   0.0   0.0   0.0   0.0   0.0   0.0   0.33  
60    S     0.0   0.0   0.16  0.08  0.0   0.0   0.0   0.0   0.0   0.0   0.0   0.0   0.0   0.0   0.0   0.63  0.0   0.0   0.0   0.13  
61    L     0.0   0.0   0.0   0.0   0.0   0.0   0.0   0.0   0.0   0.44  0.56  0.0   0.0   0.0   0.0   0.0   0.0   0.0   0.0   0.0   
62    K     0.0   0.0   0.0   0.0   0.0   0.25  0.0   0.0   0.0   0.0   0.0   0.75  0.0   0.0   0.0   0.0   0.0   0.0   0.0   0.0   
63    L     0.0   0.0   0.0   0.0   0.0   0.0   0.0   0.0   0.0   0.0   0.68  0.0   0.11  0.0   0.13  0.0   0.0   0.0   0.0   0.08  
64    T     0.0   0.0   0.0   0.0   0.0   0.0   0.0   0.0   0.0   0.0   0.0   0.0   0.0   0.0   0.0   0.69  0.31  0.0   0.0   0.0   
65    Q     0.22  0.0   0.0   0.0   0.25  0.1   0.0   0.0   0.0   0.0   0.0   0.0   0.0   0.0   0.0   0.43  0.0   0.0   0.0   0.0   
66    L     0.0   0.0   0.0   0.0   0.0   0.0   0.0   0.0   0.0   0.1   0.8   0.0   0.0   0.0   0.0   0.0   0.0   0.0   0.0   0.1   
67    G     0.0   0.0   0.08  0.0   0.0   0.0   0.0   0.54  0.22  0.0   0.0   0.0   0.0   0.0   0.0   0.16  0.0   0.0   0.0   0.0   
68    L     0.11  0.0   0.0   0.0   0.0   0.09  0.0   0.0   0.0   0.0   0.38  0.0   0.0   0.0   0.2   0.0   0.21  0.0   0.0   0.0   
69    D     0.0   0.29  0.0   0.26  0.0   0.0   0.36  0.0   0.0   0.0   0.0   0.0   0.0   0.0   0.0   0.09  0.0   0.0   0.0   0.0   
70    L     0.0   0.0   0.18  0.0   0.0   0.3   0.0   0.0   0.0   0.09  0.25  0.0   0.0   0.0   0.0   0.0   0.0   0.0   0.19  0.0   
71    S     0.0   0.1   0.13  0.09  0.0   0.08  0.09  0.08  0.0   0.0   0.0   0.0   0.0   0.0   0.0   0.36  0.06  0.0   0.0   0.0   
72    E     0.0   0.16  0.0   0.0   0.0   0.13  0.45  0.0   0.0   0.0   0.0   0.0   0.27  0.0   0.0   0.0   0.0   0.0   0.0   0.0   
73    D     0.01  0.09  0.0   0.22  0.0   0.0   0.33  0.09  0.16  0.0   0.01  0.0   0.0   0.0   0.0   0.01  0.07  0.0   0.0   0.0   
74    L     0.01  0.07  0.0   0.0   0.0   0.08  0.09  0.01  0.0   0.0   0.62  0.09  0.0   0.0   0.0   0.01  0.0   0.0   0.0   0.0   
75    A     0.31  0.0   0.1   0.0   0.0   0.0   0.08  0.08  0.0   0.0   0.09  0.0   0.07  0.0   0.0   0.16  0.0   0.0   0.0   0.07  
76    L     0.01  0.0   0.0   0.0   0.0   0.1   0.0   0.01  0.09  0.0   0.6   0.0   0.0   0.08  0.0   0.01  0.0   0.0   0.07  0.0   
77    A     0.14  0.07  0.0   0.0   0.0   0.07  0.16  0.0   0.0   0.0   0.0   0.0   0.0   0.0   0.08  0.26  0.22  0.0   0.0   0.0   
78    L     0.0   0.48  0.22  0.0   0.0   0.07  0.0   0.0   0.07  0.0   0.17  0.0   0.0   0.0   0.0   0.0   0.0   0.0   0.0   0.0   
79    L     0.07  0.0   0.0   0.0   0.0   0.0   0.0   0.0   0.0   0.06  0.44  0.0   0.2   0.08  0.0   0.0   0.0   0.0   0.07  0.08  
80    R     0.0   0.27  0.0   0.13  0.0   0.06  0.0   0.0   0.15  0.0   0.0   0.24  0.0   0.0   0.0   0.08  0.07  0.0   0.0   0.0   
81    E     0.14  0.44  0.0   0.0   0.0   0.0   0.13  0.0   0.0   0.0   0.0   0.16  0.0   0.0   0.0   0.06  0.0   0.0   0.0   0.06  
82    V     0.0   0.0   0.0   0.0   0.0   0.0   0.0   0.0   0.0   0.26  0.22  0.0   0.0   0.0   0.0   0.0   0.07  0.0   0.1   0.35  
83    L     0.24  0.0   0.0   0.0   0.13  0.0   0.0   0.0   0.0   0.07  0.27  0.0   0.07  0.08  0.1   0.0   0.0   0.0   0.0   0.05  
84    R     0.07  0.13  0.0   0.15  0.0   0.22  0.16  0.0   0.0   0.0   0.14  0.06  0.0   0.0   0.0   0.06  0.0   0.0   0.0   0.0   
85    E     0.0   0.16  0.0   0.0   0.0   0.0   0.14  0.0   0.15  0.0   0.08  0.2   0.0   0.0   0.0   0.0   0.07  0.0   0.08  0.13  
86    A     0.71  0.0   0.0   0.0   0.13  0.0   0.0   0.0   0.0   0.0   0.07  0.1   0.0   0.0   0.0   0.0   0.0   0.0   0.0   0.0   
87    E     0.1   0.23  0.0   0.0   0.0   0.13  0.2   0.0   0.0   0.0   0.0   0.21  0.0   0.0   0.0   0.0   0.06  0.0   0.07  0.0   
88    P     0.15  0.0   0.08  0.0   0.0   0.06  0.33  0.0   0.0   0.0   0.0   0.07  0.0   0.0   0.23  0.08  0.0   0.0   0.0   0.0   
89    R     0.0   0.07  0.0   0.0   0.0   0.1   0.0   0.0   0.15  0.0   0.0   0.12  0.06  0.1   0.0   0.13  0.0   0.0   0.28  0.0   
90    G     0.0   0.05  0.13  0.26  0.05  0.0   0.0   0.35  0.0   0.0   0.0   0.07  0.1   0.0   0.0   0.0   0.0   0.0   0.0   0.0   
91    V     0.0   0.0   0.0   0.0   0.0   0.0   0.0   0.07  0.0   0.21  0.0   0.0   0.0   0.0   0.0   0.0   0.0   0.0   0.0   0.72  
92    F     0.06  0.28  0.0   0.0   0.0   0.0   0.0   0.14  0.08  0.0   0.0   0.0   0.07  0.14  0.13  0.1   0.0   0.0   0.0   0.0   
93    V     0.01  0.0   0.0   0.01  0.0   0.0   0.01  0.01  0.0   0.21  0.43  0.01  0.0   0.0   0.0   0.01  0.01  0.0   0.0   0.29  
94    R     0.0   0.07  0.14  0.0   0.07  0.0   0.0   0.0   0.0   0.0   0.28  0.0   0.21  0.0   0.0   0.0   0.22  0.0   0.0   0.0   
95    L     0.0   0.0   0.0   0.0   0.0   0.0   0.0   0.0   0.0   0.5   0.14  0.0   0.0   0.0   0.0   0.0   0.0   0.0   0.0   0.37  
96    D     0.0   0.0   0.0   1.0   0.0   0.0   0.0   0.0   0.0   0.0   0.0   0.0   0.0   0.0   0.0   0.0   0.0   0.0   0.0   0.0   
97    M     0.73  0.0   0.0   0.0   0.0   0.0   0.0   0.0   0.0   0.0   0.0   0.0   0.27  0.0   0.0   0.0   0.0   0.0   0.0   0.0   
98    E     0.0   0.0   0.0   0.0   0.0   0.0   1.0   0.0   0.0   0.0   0.0   0.0   0.0   0.0   0.0   0.0   0.0   0.0   0.0   0.0   
99    D     0.06  0.01  0.0   0.4   0.0   0.22  0.15  0.01  0.0   0.01  0.01  0.1   0.0   0.0   0.01  0.01  0.01  0.0   0.0   0.01  
100   S     0.08  0.0   0.0   0.0   0.0   0.08  0.07  0.0   0.07  0.0   0.05  0.0   0.0   0.0   0.0   0.14  0.26  0.0   0.26  0.0   
101   P     0.13  0.0   0.0   0.24  0.0   0.0   0.0   0.0   0.0   0.13  0.0   0.0   0.0   0.0   0.15  0.11  0.17  0.0   0.0   0.07  
102   R     0.09  0.36  0.01  0.01  0.0   0.01  0.01  0.01  0.07  0.14  0.16  0.01  0.0   0.05  0.01  0.06  0.01  0.0   0.0   0.01  
103   V     0.0   0.0   0.0   0.0   0.07  0.1   0.0   0.0   0.0   0.05  0.37  0.0   0.0   0.0   0.0   0.13  0.0   0.0   0.06  0.22  
104   E     0.0   0.06  0.1   0.15  0.0   0.19  0.37  0.0   0.0   0.0   0.0   0.07  0.0   0.0   0.0   0.0   0.0   0.0   0.0   0.05  
105   A     0.12  0.0   0.1   0.0   0.0   0.06  0.0   0.0   0.0   0.14  0.22  0.07  0.0   0.0   0.23  0.0   0.0   0.0   0.0   0.07  
106   T     0.28  0.0   0.0   0.0   0.0   0.0   0.0   0.1   0.0   0.0   0.0   0.0   0.0   0.0   0.0   0.14  0.4   0.0   0.0   0.08  
107   L     0.0   0.0   0.0   0.0   0.0   0.0   0.0   0.0   0.0   0.2   0.71  0.0   0.0   0.0   0.0   0.0   0.0   0.0   0.0   0.1   
108   R     0.05  0.07  0.0   0.42  0.0   0.0   0.2   0.0   0.0   0.0   0.0   0.0   0.0   0.0   0.0   0.16  0.0   0.0   0.1   0.0   
109   L     0.0   0.0   0.0   0.0   0.0   0.07  0.1   0.0   0.0   0.13  0.31  0.0   0.27  0.0   0.0   0.0   0.0   0.0   0.13  0.0   
110   Y     0.0   0.04  0.0   0.0   0.0   0.06  0.0   0.0   0.0   0.0   0.31  0.0   0.27  0.12  0.0   0.0   0.0   0.0   0.19  0.0   
111   R     0.12  0.33  0.0   0.0   0.0   0.15  0.14  0.0   0.0   0.0   0.04  0.13  0.0   0.0   0.0   0.0   0.0   0.0   0.0   0.09  
112   A     0.21  0.09  0.0   0.11  0.0   0.06  0.08  0.0   0.0   0.0   0.0   0.19  0.0   0.0   0.0   0.0   0.06  0.0   0.12  0.08  
113   L     0.09  0.0   0.0   0.0   0.12  0.0   0.0   0.0   0.0   0.09  0.27  0.0   0.0   0.2   0.0   0.1   0.0   0.06  0.07  0.0   
114   R     0.01  0.13  0.14  0.0   0.14  0.0   0.0   0.01  0.0   0.0   0.24  0.06  0.0   0.0   0.0   0.17  0.0   0.0   0.0   0.07  
115   E     0.21  0.08  0.07  0.0   0.0   0.06  0.11  0.06  0.0   0.0   0.08  0.12  0.0   0.15  0.0   0.0   0.0   0.0   0.0   0.06  
116   E     0.0   0.0   0.0   0.22  0.0   0.09  0.36  0.0   0.0   0.12  0.0   0.13  0.0   0.0   0.0   0.0   0.04  0.0   0.0   0.04  
117   G     0.01  0.09  0.01  0.01  0.0   0.01  0.05  0.35  0.0   0.01  0.01  0.15  0.13  0.0   0.01  0.09  0.07  0.0   0.0   0.01  
118   F     0.15  0.07  0.0   0.0   0.0   0.0   0.0   0.05  0.0   0.0   0.01  0.0   0.0   0.4   0.0   0.0   0.0   0.23  0.06  0.0   
119   S     0.0   0.0   0.44  0.0   0.0   0.0   0.24  0.07  0.0   0.0   0.0   0.0   0.0   0.0   0.1   0.07  0.0   0.0   0.0   0.08  
120   Q     0.07  0.07  0.07  0.0   0.0   0.07  0.01  0.15  0.13  0.0   0.07  0.06  0.0   0.0   0.09  0.15  0.0   0.04  0.0   0.01  
121   V     0.0   0.0   0.0   0.0   0.0   0.0   0.0   0.0   0.0   0.27  0.12  0.0   0.08  0.0   0.0   0.04  0.09  0.0   0.0   0.4   
122   G     0.0   0.0   0.0   0.0   0.0   0.0   0.0   0.43  0.0   0.0   0.0   0.0   0.0   0.13  0.0   0.15  0.08  0.09  0.12  0.0   
123   I     0.0   0.06  0.38  0.0   0.0   0.0   0.0   0.0   0.0   0.07  0.08  0.0   0.0   0.14  0.0   0.09  0.18  0.0   0.0   0.0   
124   V     0.0   0.0   0.0   0.06  0.0   0.0   0.0   0.0   0.0   0.0   0.0   0.09  0.0   0.0   0.0   0.0   0.46  0.0   0.0   0.39  
125   L     0.06  0.0   0.0   0.0   0.0   0.0   0.0   0.0   0.0   0.25  0.36  0.0   0.0   0.0   0.0   0.0   0.0   0.0   0.26  0.08  
126   Q     0.0   0.0   0.0   0.0   0.0   0.94  0.06  0.0   0.0   0.0   0.0   0.0   0.0   0.0   0.0   0.0   0.0   0.0   0.0   0.0   
127   S     0.64  0.0   0.0   0.0   0.06  0.0   0.0   0.0   0.0   0.0   0.09  0.0   0.0   0.08  0.0   0.13  0.0   0.0   0.0   0.0   
128   Y     0.0   0.0   0.0   0.0   0.0   0.0   0.0   0.0   0.0   0.0   0.01  0.0   0.0   0.0   0.0   0.0   0.0   0.0   0.94  0.0   
129   L     0.0   0.0   0.0   0.0   0.0   0.07  0.0   0.08  0.0   0.0   0.8   0.0   0.0   0.0   0.0   0.0   0.0   0.0   0.0   0.0   
130   Y     0.01  0.09  0.01  0.01  0.0   0.01  0.01  0.01  0.0   0.01  0.01  0.55  0.0   0.0   0.01  0.01  0.01  0.0   0.25  0.01  
131   R     0.0   0.5   0.0   0.38  0.0   0.0   0.0   0.07  0.0   0.0   0.01  0.0   0.0   0.0   0.0   0.0   0.0   0.0   0.0   0.0   
132   T     0.18  0.0   0.0   0.06  0.14  0.08  0.0   0.0   0.0   0.0   0.05  0.0   0.0   0.0   0.0   0.16  0.29  0.0   0.0   0.0   
133   E     0.12  0.0   0.0   0.0   0.0   0.0   0.17  0.15  0.05  0.0   0.22  0.0   0.0   0.0   0.14  0.0   0.0   0.0   0.1   0.0   
134   K     0.0   0.08  0.0   0.29  0.0   0.11  0.21  0.13  0.0   0.0   0.01  0.13  0.0   0.0   0.0   0.0   0.0   0.0   0.0   0.0   
135   D     0.0   0.15  0.13  0.3   0.0   0.0   0.06  0.0   0.09  0.0   0.01  0.0   0.0   0.16  0.0   0.0   0.0   0.0   0.07  0.0   
136   L     0.05  0.13  0.0   0.0   0.0   0.0   0.0   0.0   0.0   0.29  0.37  0.0   0.07  0.0   0.0   0.0   0.0   0.0   0.0   0.06  
137   L     0.28  0.1   0.0   0.14  0.0   0.0   0.0   0.0   0.0   0.14  0.34  0.0   0.0   0.0   0.0   0.0   0.0   0.0   0.0   0.0   
138   D     0.06  0.0   0.0   0.44  0.0   0.0   0.08  0.0   0.21  0.0   0.0   0.15  0.0   0.0   0.0   0.06  0.0   0.0   0.0   0.0   
139   L     0.0   0.1   0.0   0.0   0.08  0.0   0.04  0.0   0.0   0.0   0.54  0.04  0.13  0.0   0.0   0.0   0.0   0.0   0.0   0.06  
140   L     0.48  0.12  0.0   0.2   0.0   0.07  0.06  0.0   0.0   0.0   0.07  0.0   0.0   0.0   0.0   0.0   0.0   0.0   0.0   0.0   
141   P     0.0   0.0   0.08  0.12  0.0   0.09  0.06  0.27  0.0   0.0   0.06  0.0   0.0   0.0   0.07  0.06  0.06  0.0   0.0   0.13  
142   Y     0.13  0.14  0.0   0.0   0.0   0.06  0.0   0.0   0.0   0.0   0.37  0.0   0.0   0.08  0.0   0.06  0.0   0.0   0.15  0.0   
143   R     0.19  0.4   0.12  0.0   0.0   0.0   0.06  0.0   0.0   0.0   0.08  0.15  0.0   0.0   0.0   0.0   0.0   0.0   0.0   0.0   
144   P     0.0   0.13  0.0   0.0   0.0   0.0   0.0   0.0   0.0   0.08  0.15  0.06  0.0   0.27  0.31  0.0   0.0   0.0   0.0   0.0   
145   N     0.0   0.0   0.19  0.0   0.0   0.0   0.13  0.36  0.0   0.0   0.0   0.0   0.26  0.06  0.0   0.0   0.0   0.0   0.0   0.0   
146   L     0.13  0.0   0.0   0.0   0.0   0.0   0.0   0.0   0.0   0.13  0.27  0.0   0.0   0.12  0.0   0.0   0.0   0.0   0.0   0.35  
147   R     0.0   0.39  0.0   0.0   0.0   0.0   0.0   0.0   0.0   0.0   0.0   0.61  0.0   0.0   0.0   0.0   0.0   0.0   0.0   0.0   
148   L     0.0   0.0   0.0   0.0   0.0   0.0   0.0   0.0   0.0   0.0   0.86  0.0   0.06  0.0   0.0   0.0   0.0   0.0   0.0   0.08  
149   V     0.0   0.0   0.0   0.0   0.0   0.0   0.0   0.0   0.0   0.0   0.0   0.0   0.0   0.0   0.0   0.0   0.0   0.0   0.0   1.0   
150   K     0.0   0.61  0.0   0.0   0.0   0.0   0.0   0.0   0.0   0.0   0.0   0.39  0.0   0.0   0.0   0.0   0.0   0.0   0.0   0.0   
151   G     0.0   0.0   0.0   0.0   0.0   0.0   0.0   1.0   0.0   0.0   0.0   0.0   0.0   0.0   0.0   0.0   0.0   0.0   0.0   0.0   
152   A     1.0   0.0   0.0   0.0   0.0   0.0   0.0   0.0   0.0   0.0   0.0   0.0   0.0   0.0   0.0   0.0   0.0   0.0   0.0   0.0   
153   Y     0.0   0.0   0.0   0.0   0.0   0.0   0.0   0.0   0.0   0.0   0.0   0.0   0.0   0.0   0.0   0.0   0.0   0.0   1.0   0.0   
154   R     0.0   0.07  0.0   0.0   0.0   0.0   0.0   0.0   0.0   0.09  0.39  0.12  0.19  0.0   0.0   0.0   0.0   0.14  0.0   0.0   
155   E     0.0   0.06  0.0   0.33  0.0   0.0   0.4   0.0   0.09  0.0   0.0   0.0   0.0   0.0   0.0   0.12  0.0   0.0   0.0   0.0   
156   P     0.2   0.0   0.0   0.0   0.0   0.0   0.08  0.0   0.0   0.0   0.0   0.15  0.0   0.0   0.13  0.39  0.04  0.0   0.0   0.0   
157   K     0.18  0.0   0.0   0.0   0.0   0.0   0.68  0.0   0.0   0.0   0.0   0.14  0.0   0.0   0.0   0.0   0.0   0.0   0.0   0.0   
158   E     0.13  0.1   0.0   0.09  0.0   0.0   0.13  0.0   0.0   0.08  0.0   0.23  0.0   0.0   0.0   0.0   0.19  0.0   0.06  0.0   
159   V     0.06  0.08  0.0   0.0   0.04  0.0   0.0   0.0   0.0   0.34  0.0   0.08  0.0   0.0   0.11  0.04  0.0   0.0   0.0   0.25  
160   A     0.25  0.0   0.0   0.0   0.0   0.12  0.0   0.13  0.0   0.09  0.0   0.0   0.0   0.0   0.0   0.0   0.09  0.0   0.0   0.33  
161   F     0.06  0.0   0.06  0.06  0.0   0.09  0.0   0.0   0.0   0.0   0.0   0.0   0.0   0.43  0.0   0.0   0.04  0.0   0.26  0.0   
162   P     0.08  0.0   0.0   0.0   0.0   0.0   0.13  0.09  0.0   0.0   0.0   0.0   0.0   0.0   0.44  0.0   0.26  0.0   0.0   0.0   
163   D     0.0   0.14  0.0   0.59  0.0   0.0   0.06  0.0   0.12  0.0   0.0   0.0   0.0   0.0   0.0   0.0   0.08  0.0   0.0   0.0   
164   K     0.0   0.0   0.0   0.06  0.0   0.0   0.0   0.0   0.0   0.0   0.0   0.56  0.0   0.0   0.13  0.06  0.0   0.0   0.19  0.0   
165   R     0.06  0.13  0.0   0.0   0.12  0.08  0.19  0.0   0.0   0.2   0.0   0.0   0.0   0.0   0.0   0.06  0.09  0.0   0.0   0.06  
166   L     0.19  0.0   0.13  0.12  0.0   0.0   0.08  0.15  0.08  0.0   0.07  0.0   0.0   0.0   0.0   0.0   0.0   0.0   0.19  0.0   
167   I     0.0   0.0   0.12  0.0   0.0   0.0   0.0   0.0   0.0   0.07  0.0   0.0   0.0   0.0   0.0   0.0   0.69  0.0   0.0   0.12  
168   D     0.0   0.0   0.06  0.68  0.0   0.0   0.0   0.0   0.0   0.0   0.0   0.0   0.0   0.0   0.0   0.26  0.0   0.0   0.0   0.0   
169   A     0.13  0.17  0.0   0.0   0.12  0.17  0.15  0.0   0.0   0.0   0.06  0.07  0.0   0.0   0.0   0.0   0.0   0.0   0.0   0.14  
170   E     0.0   0.0   0.21  0.0   0.0   0.0   0.07  0.0   0.06  0.0   0.0   0.0   0.25  0.0   0.0   0.41  0.0   0.0   0.0   0.0   
171   Y     0.0   0.0   0.0   0.0   0.0   0.0   0.0   0.0   0.0   0.0   0.0   0.0   0.0   0.06  0.0   0.06  0.06  0.0   0.82  0.0   
172   L     0.0   0.06  0.08  0.09  0.0   0.06  0.07  0.0   0.06  0.0   0.13  0.06  0.08  0.12  0.0   0.19  0.0   0.0   0.0   0.0   
173   H     0.14  0.4   0.0   0.0   0.0   0.0   0.0   0.0   0.07  0.0   0.12  0.06  0.0   0.0   0.08  0.13  0.0   0.0   0.0   0.0   
174   L     0.08  0.08  0.0   0.0   0.38  0.0   0.0   0.0   0.0   0.15  0.19  0.0   0.12  0.0   0.0   0.0   0.0   0.0   0.0   0.0   
175   G     0.06  0.0   0.0   0.0   0.0   0.0   0.12  0.07  0.0   0.21  0.25  0.0   0.0   0.0   0.0   0.0   0.08  0.0   0.0   0.21  
176   K     0.0   0.06  0.0   0.06  0.0   0.08  0.19  0.0   0.07  0.0   0.0   0.31  0.0   0.06  0.0   0.0   0.09  0.0   0.08  0.0   
177   L     0.2   0.07  0.0   0.0   0.0   0.15  0.0   0.0   0.0   0.08  0.38  0.06  0.0   0.0   0.0   0.0   0.0   0.0   0.06  0.0   
178   A     0.29  0.07  0.0   0.0   0.0   0.12  0.0   0.0   0.06  0.0   0.0   0.0   0.19  0.0   0.0   0.12  0.0   0.0   0.0   0.15  
179   L     0.0   0.0   0.12  0.0   0.08  0.0   0.0   0.07  0.0   0.0   0.58  0.0   0.0   0.0   0.0   0.0   0.0   0.0   0.0   0.15  
180   K     0.0   0.16  0.09  0.0   0.0   0.0   0.06  0.12  0.0   0.0   0.2   0.2   0.0   0.0   0.06  0.0   0.1   0.0   0.0   0.0   
181   E     0.06  0.04  0.13  0.24  0.04  0.04  0.13  0.0   0.06  0.0   0.0   0.0   0.0   0.0   0.0   0.18  0.07  0.0   0.0   0.0   
182   G     0.0   0.08  0.07  0.0   0.08  0.0   0.0   0.37  0.0   0.0   0.21  0.0   0.06  0.0   0.0   0.0   0.0   0.0   0.0   0.13  
183   L     0.0   0.0   0.12  0.0   0.06  0.0   0.0   0.08  0.06  0.29  0.07  0.06  0.0   0.06  0.0   0.13  0.0   0.0   0.0   0.07  
184   Y     0.14  0.0   0.0   0.0   0.0   0.0   0.0   0.06  0.34  0.0   0.0   0.0   0.0   0.0   0.0   0.07  0.0   0.0   0.31  0.08  
185   V     0.0   0.04  0.06  0.0   0.0   0.0   0.0   0.0   0.0   0.0   0.23  0.0   0.0   0.0   0.22  0.0   0.18  0.0   0.0   0.26  
186   A     0.25  0.0   0.06  0.0   0.0   0.14  0.0   0.04  0.0   0.06  0.0   0.0   0.21  0.08  0.0   0.0   0.0   0.0   0.0   0.15  
187   F     0.0   0.0   0.0   0.0   0.0   0.0   0.0   0.0   0.0   0.06  0.12  0.0   0.0   0.29  0.0   0.0   0.0   0.0   0.0   0.53  
188   A     1.0   0.0   0.0   0.0   0.0   0.0   0.0   0.0   0.0   0.0   0.0   0.0   0.0   0.0   0.0   0.0   0.0   0.0   0.0   0.0   
189   T     0.0   0.0   0.0   0.0   0.0   0.0   0.0   0.0   0.0   0.0   0.0   0.0   0.0   0.0   0.0   0.41  0.59  0.0   0.0   0.0   
190   H     0.0   0.0   0.0   0.0   0.0   0.0   0.0   0.0   1.0   0.0   0.0   0.0   0.0   0.0   0.0   0.0   0.0   0.0   0.0   0.0   
191   D     0.0   0.0   0.75  0.25  0.0   0.0   0.0   0.0   0.0   0.0   0.0   0.0   0.0   0.0   0.0   0.0   0.0   0.0   0.0   0.0   
192   P     0.2   0.0   0.0   0.12  0.0   0.09  0.46  0.0   0.0   0.0   0.0   0.0   0.0   0.0   0.07  0.0   0.06  0.0   0.0   0.0   
193   R     0.0   0.13  0.0   0.35  0.0   0.08  0.23  0.0   0.06  0.0   0.0   0.06  0.09  0.0   0.0   0.0   0.0   0.0   0.0   0.0   
194   I     0.0   0.0   0.0   0.0   0.0   0.0   0.0   0.0   0.0   0.19  0.09  0.0   0.06  0.0   0.0   0.39  0.27  0.0   0.0   0.0   
195   I     0.0   0.0   0.0   0.0   0.0   0.0   0.0   0.12  0.0   0.29  0.22  0.0   0.0   0.0   0.0   0.0   0.0   0.0   0.0   0.36  
196   A     0.35  0.38  0.0   0.12  0.0   0.0   0.0   0.0   0.0   0.0   0.0   0.06  0.0   0.0   0.0   0.0   0.09  0.0   0.0   0.0   
197   E     0.14  0.0   0.09  0.06  0.0   0.19  0.07  0.0   0.0   0.0   0.2   0.0   0.0   0.25  0.0   0.0   0.0   0.0   0.0   0.0   
198   L     0.38  0.0   0.0   0.0   0.0   0.0   0.0   0.06  0.0   0.22  0.15  0.0   0.0   0.0   0.0   0.0   0.12  0.0   0.0   0.06  
199   K     0.07  0.0   0.0   0.0   0.0   0.0   0.01  0.01  0.0   0.0   0.22  0.25  0.0   0.0   0.0   0.07  0.19  0.0   0.14  0.01  
200   R     0.01  0.36  0.07  0.0   0.0   0.19  0.01  0.01  0.08  0.0   0.01  0.24  0.0   0.0   0.0   0.01  0.0   0.0   0.0   0.01  
201   Y     0.01  0.25  0.0   0.0   0.0   0.0   0.01  0.01  0.0   0.0   0.26  0.13  0.08  0.07  0.0   0.09  0.0   0.0   0.07  0.01  
202   T     0.33  0.0   0.0   0.0   0.0   0.0   0.0   0.0   0.0   0.0   0.0   0.0   0.4   0.0   0.0   0.0   0.15  0.0   0.0   0.12  
203   E     0.06  0.0   0.0   0.0   0.0   0.09  0.13  0.14  0.0   0.0   0.06  0.13  0.0   0.0   0.0   0.2   0.0   0.19  0.0   0.0   
204   A     0.13  0.0   0.0   0.15  0.0   0.06  0.5   0.0   0.0   0.0   0.0   0.08  0.0   0.0   0.0   0.08  0.0   0.0   0.0   0.0   
205   M     0.0   0.0   0.15  0.08  0.0   0.0   0.08  0.0   0.18  0.0   0.37  0.07  0.07  0.0   0.0   0.0   0.0   0.0   0.0   0.0   
206   G     0.01  0.0   0.0   0.0   0.07  0.06  0.0   0.57  0.0   0.0   0.01  0.0   0.0   0.0   0.0   0.17  0.0   0.0   0.07  0.0   
207   I     0.0   0.0   0.0   0.0   0.0   0.0   0.0   0.0   0.0   0.63  0.14  0.0   0.0   0.08  0.0   0.0   0.0   0.0   0.15  0.0   
208   P     0.15  0.08  0.0   0.0   0.0   0.06  0.06  0.06  0.08  0.0   0.0   0.0   0.0   0.0   0.44  0.07  0.0   0.0   0.0   0.0   
209   R     0.2   0.07  0.19  0.15  0.0   0.0   0.0   0.0   0.0   0.0   0.01  0.15  0.0   0.0   0.12  0.0   0.0   0.0   0.0   0.08  
210   S     0.0   0.0   0.0   0.23  0.0   0.0   0.0   0.49  0.0   0.0   0.0   0.0   0.0   0.0   0.0   0.28  0.0   0.0   0.0   0.0   
211   R     0.06  0.15  0.09  0.0   0.0   0.18  0.07  0.0   0.0   0.0   0.0   0.26  0.0   0.0   0.13  0.0   0.06  0.0   0.0   0.0   
212   F     0.0   0.07  0.0   0.0   0.0   0.0   0.0   0.0   0.0   0.21  0.0   0.0   0.0   0.25  0.0   0.0   0.08  0.0   0.14  0.25  
213   E     0.0   0.0   0.0   0.0   0.19  0.0   0.51  0.0   0.0   0.0   0.0   0.0   0.0   0.0   0.0   0.0   0.0   0.08  0.06  0.16  
214   F     0.0   0.0   0.0   0.0   0.0   0.0   0.0   0.0   0.0   0.0   0.09  0.0   0.07  0.76  0.0   0.0   0.0   0.0   0.0   0.08  
215   Q     0.12  0.0   0.0   0.0   0.07  0.39  0.0   0.42  0.0   0.0   0.0   0.0   0.0   0.0   0.0   0.0   0.0   0.0   0.0   0.0   
216   F     0.0   0.0   0.0   0.0   0.14  0.54  0.0   0.0   0.0   0.0   0.0   0.0   0.25  0.07  0.0   0.0   0.0   0.0   0.0   0.0   
217   L     0.0   0.0   0.0   0.0   0.0   0.0   0.0   0.0   0.0   0.0   1.0   0.0   0.0   0.0   0.0   0.0   0.0   0.0   0.0   0.0   
218   Y     0.0   0.0   0.0   0.0   0.0   0.0   0.0   0.0   0.14  0.0   0.34  0.0   0.0   0.0   0.0   0.0   0.0   0.0   0.52  0.0   
219   G     0.0   0.0   0.0   0.0   0.0   0.0   0.0   1.0   0.0   0.0   0.0   0.0   0.0   0.0   0.0   0.0   0.0   0.0   0.0   0.0   
220   V     0.0   0.0   0.0   0.0   0.0   0.0   0.0   0.0   0.0   0.12  0.08  0.0   0.73  0.0   0.0   0.0   0.0   0.0   0.0   0.07  
221   R     0.09  0.25  0.0   0.0   0.32  0.0   0.0   0.22  0.0   0.0   0.0   0.0   0.0   0.0   0.0   0.12  0.0   0.0   0.0   0.0   
222   P     0.0   0.06  0.0   0.61  0.0   0.0   0.14  0.0   0.0   0.0   0.0   0.0   0.0   0.0   0.13  0.06  0.0   0.0   0.0   0.0   
223   E     0.12  0.0   0.09  0.06  0.0   0.19  0.13  0.0   0.27  0.0   0.0   0.0   0.0   0.0   0.14  0.0   0.0   0.0   0.0   0.0   
224   E     0.0   0.06  0.0   0.0   0.0   0.0   0.07  0.0   0.0   0.14  0.33  0.0   0.0   0.0   0.0   0.0   0.06  0.0   0.0   0.35  
225   Q     0.0   0.0   0.0   0.0   0.0   0.25  0.0   0.0   0.0   0.0   0.0   0.0   0.0   0.0   0.0   0.44  0.17  0.0   0.14  0.0   
226   R     0.0   0.07  0.0   0.0   0.0   0.0   0.14  0.0   0.0   0.0   0.25  0.12  0.0   0.25  0.0   0.0   0.0   0.0   0.17  0.0   
227   R     0.19  0.07  0.0   0.09  0.0   0.13  0.14  0.12  0.0   0.0   0.0   0.0   0.0   0.0   0.06  0.21  0.0   0.0   0.0   0.0   
228   L     0.0   0.0   0.0   0.0   0.0   0.0   0.0   0.0   0.0   0.0   0.86  0.0   0.0   0.0   0.0   0.0   0.0   0.0   0.0   0.14  
229   A     0.19  0.0   0.0   0.0   0.0   0.0   0.0   0.32  0.0   0.09  0.08  0.12  0.0   0.0   0.0   0.0   0.0   0.0   0.0   0.2   
230   R     0.13  0.19  0.0   0.0   0.0   0.4   0.0   0.08  0.0   0.0   0.0   0.12  0.0   0.0   0.0   0.0   0.09  0.0   0.0   0.0   
231   E     0.44  0.08  0.09  0.06  0.0   0.0   0.25  0.0   0.0   0.0   0.0   0.0   0.0   0.0   0.0   0.0   0.08  0.0   0.0   0.0   
232   G     0.09  0.0   0.0   0.0   0.0   0.0   0.0   0.91  0.0   0.0   0.0   0.0   0.0   0.0   0.0   0.0   0.0   0.0   0.0   0.0   
233   Y     0.0   0.14  0.0   0.0   0.0   0.0   0.0   0.0   0.0   0.0   0.0   0.09  0.0   0.27  0.0   0.0   0.0   0.0   0.5   0.0   
234   T     0.04  0.2   0.27  0.0   0.0   0.0   0.0   0.0   0.0   0.0   0.0   0.0   0.09  0.0   0.2   0.07  0.07  0.0   0.0   0.06  
235   V     0.0   0.0   0.0   0.0   0.14  0.0   0.0   0.0   0.0   0.09  0.0   0.0   0.12  0.0   0.0   0.0   0.0   0.0   0.0   0.65  
236   R     0.0   0.39  0.0   0.0   0.08  0.0   0.0   0.0   0.0   0.09  0.0   0.0   0.0   0.0   0.0   0.12  0.0   0.0   0.32  0.0   
237   A     0.07  0.0   0.0   0.0   0.0   0.0   0.0   0.0   0.0   0.14  0.0   0.61  0.0   0.0   0.0   0.0   0.0   0.0   0.0   0.18  
238   Y     0.0   0.0   0.0   0.0   0.0   0.0   0.0   0.0   0.0   0.0   0.0   0.0   0.0   0.0   0.0   0.19  0.0   0.0   0.81  0.0   
239   V     0.14  0.0   0.0   0.0   0.0   0.0   0.0   0.0   0.0   0.19  0.27  0.0   0.12  0.0   0.0   0.0   0.0   0.0   0.0   0.27  
240   P     0.0   0.0   0.0   0.0   0.0   0.0   0.0   0.0   0.0   0.0   0.0   0.0   0.0   0.0   1.0   0.0   0.0   0.0   0.0   0.0   
241   Y     0.0   0.0   0.0   0.0   0.0   0.0   0.0   0.0   0.0   0.0   0.0   0.0   0.0   0.06  0.0   0.0   0.0   0.09  0.71  0.14  
242   G     0.0   0.0   0.0   0.0   0.0   0.0   0.0   1.0   0.0   0.0   0.0   0.0   0.0   0.0   0.0   0.0   0.0   0.0   0.0   0.0   
