             A     R     N     D     C     Q     E     G     H     I     L     K     M     F     P     S     T     W     Y     V
1     R     0.0   0.36  0.0   0.0   0.0   0.38  0.08  0.0   0.0   0.0   0.0   0.18  0.0   0.0   0.0   0.0   0.0   0.0   0.0   0.0   
2     D     0.0   0.0   0.0   0.02  0.0   0.02  0.13  0.81  0.0   0.0   0.0   0.02  0.0   0.0   0.0   0.0   0.0   0.0   0.0   0.0   
3     V     0.06  0.09  0.04  0.0   0.0   0.03  0.04  0.0   0.0   0.02  0.15  0.09  0.06  0.0   0.02  0.08  0.21  0.0   0.0   0.12  
4     L     0.0   0.0   0.0   0.0   0.0   0.0   0.0   0.0   0.0   0.06  0.77  0.0   0.0   0.05  0.0   0.0   0.0   0.0   0.0   0.11  
5     T     0.0   0.34  0.01  0.0   0.02  0.0   0.0   0.0   0.0   0.05  0.02  0.11  0.02  0.0   0.0   0.18  0.18  0.0   0.02  0.07  
6     V     0.0   0.0   0.0   0.0   0.0   0.0   0.0   0.0   0.0   0.47  0.37  0.0   0.02  0.0   0.0   0.0   0.0   0.0   0.0   0.14  
7     G     0.31  0.0   0.01  0.03  0.0   0.0   0.0   0.42  0.02  0.01  0.0   0.0   0.0   0.0   0.0   0.06  0.06  0.0   0.05  0.02  
8     A     0.26  0.0   0.0   0.0   0.09  0.0   0.0   0.02  0.0   0.02  0.04  0.0   0.0   0.03  0.0   0.1   0.08  0.0   0.0   0.35  
9     V     0.09  0.01  0.1   0.0   0.0   0.0   0.0   0.0   0.04  0.09  0.14  0.0   0.01  0.0   0.11  0.21  0.04  0.0   0.0   0.15  
10    G     0.09  0.03  0.0   0.06  0.0   0.15  0.09  0.13  0.02  0.01  0.0   0.01  0.0   0.04  0.2   0.13  0.04  0.0   0.0   0.0   
11    T     0.03  0.0   0.02  0.12  0.0   0.0   0.04  0.04  0.01  0.02  0.0   0.0   0.0   0.0   0.01  0.17  0.48  0.0   0.02  0.04  
12    F     0.09  0.01  0.01  0.01  0.0   0.02  0.01  0.03  0.0   0.21  0.07  0.01  0.03  0.24  0.01  0.1   0.13  0.0   0.0   0.03  
13    T     0.36  0.01  0.01  0.01  0.02  0.01  0.01  0.25  0.0   0.07  0.13  0.01  0.0   0.0   0.01  0.04  0.06  0.0   0.0   0.02  
14    V     0.25  0.08  0.0   0.0   0.0   0.08  0.02  0.06  0.01  0.09  0.04  0.02  0.01  0.0   0.0   0.09  0.16  0.0   0.02  0.09  
15    G     0.01  0.04  0.04  0.01  0.03  0.1   0.05  0.12  0.07  0.02  0.02  0.1   0.0   0.03  0.01  0.06  0.17  0.01  0.04  0.07  
16    W     0.0   0.06  0.0   0.0   0.01  0.0   0.0   0.0   0.05  0.03  0.04  0.0   0.0   0.08  0.0   0.0   0.0   0.32  0.31  0.08  
17    L     0.0   0.02  0.0   0.0   0.0   0.0   0.0   0.0   0.02  0.11  0.66  0.0   0.01  0.13  0.0   0.0   0.0   0.0   0.0   0.03  
18    L     0.16  0.0   0.0   0.0   0.0   0.0   0.0   0.01  0.01  0.07  0.24  0.0   0.17  0.01  0.19  0.05  0.03  0.0   0.0   0.06  
19    P     0.03  0.0   0.0   0.0   0.0   0.06  0.02  0.01  0.0   0.0   0.0   0.06  0.0   0.0   0.77  0.04  0.01  0.0   0.0   0.0   
20    R     0.23  0.32  0.01  0.01  0.0   0.06  0.0   0.01  0.04  0.03  0.14  0.02  0.0   0.02  0.02  0.01  0.03  0.0   0.0   0.05  
21    L     0.01  0.0   0.0   0.0   0.0   0.0   0.0   0.0   0.0   0.09  0.77  0.0   0.06  0.02  0.0   0.0   0.01  0.0   0.0   0.04  
22    E     0.24  0.04  0.01  0.04  0.0   0.05  0.05  0.17  0.04  0.02  0.01  0.07  0.02  0.0   0.06  0.09  0.06  0.0   0.0   0.02  
23    D     0.12  0.07  0.03  0.13  0.0   0.04  0.15  0.05  0.01  0.02  0.08  0.05  0.02  0.0   0.09  0.05  0.05  0.02  0.0   0.03  
24    F     0.0   0.0   0.0   0.0   0.0   0.0   0.0   0.0   0.0   0.01  0.11  0.02  0.02  0.63  0.0   0.01  0.0   0.0   0.12  0.07  
25    Q     0.06  0.25  0.07  0.0   0.04  0.08  0.0   0.0   0.04  0.05  0.17  0.02  0.06  0.01  0.0   0.0   0.1   0.01  0.02  0.02  
26    A     0.12  0.15  0.02  0.02  0.0   0.26  0.08  0.03  0.05  0.02  0.0   0.15  0.0   0.0   0.0   0.04  0.02  0.02  0.01  0.01  
27    R     0.1   0.23  0.03  0.12  0.0   0.1   0.09  0.02  0.03  0.0   0.09  0.14  0.0   0.0   0.0   0.04  0.02  0.0   0.0   0.0   
28    H     0.03  0.02  0.03  0.02  0.01  0.0   0.02  0.0   0.16  0.04  0.04  0.0   0.0   0.06  0.0   0.05  0.0   0.06  0.45  0.02  
29    P     0.0   0.0   0.0   0.0   0.0   0.02  0.02  0.03  0.0   0.0   0.0   0.0   0.0   0.0   0.89  0.03  0.0   0.0   0.0   0.0   
30    F     0.04  0.04  0.07  0.12  0.0   0.16  0.11  0.15  0.07  0.0   0.02  0.08  0.0   0.03  0.0   0.05  0.02  0.02  0.01  0.0   
31    I     0.02  0.0   0.0   0.0   0.0   0.0   0.0   0.0   0.0   0.45  0.16  0.0   0.0   0.0   0.0   0.0   0.02  0.0   0.0   0.35  
32    D     0.04  0.1   0.04  0.16  0.01  0.12  0.18  0.01  0.04  0.01  0.0   0.09  0.0   0.0   0.02  0.11  0.07  0.0   0.0   0.0   
33    L     0.0   0.0   0.0   0.0   0.0   0.0   0.0   0.0   0.0   0.18  0.5   0.0   0.02  0.06  0.0   0.0   0.04  0.0   0.0   0.21  
34    R     0.01  0.18  0.12  0.07  0.01  0.18  0.09  0.01  0.07  0.0   0.01  0.04  0.0   0.0   0.0   0.15  0.01  0.0   0.01  0.02  
35    L     0.0   0.0   0.0   0.0   0.0   0.0   0.0   0.0   0.0   0.12  0.61  0.0   0.03  0.08  0.0   0.0   0.0   0.0   0.0   0.14  
36    S     0.04  0.03  0.03  0.04  0.0   0.13  0.05  0.0   0.02  0.05  0.1   0.05  0.03  0.03  0.0   0.22  0.09  0.0   0.01  0.07  
37    T     0.05  0.0   0.02  0.01  0.0   0.02  0.04  0.03  0.0   0.13  0.04  0.0   0.0   0.03  0.03  0.14  0.27  0.0   0.0   0.2   
38    H     0.03  0.03  0.07  0.1   0.02  0.04  0.09  0.23  0.19  0.0   0.02  0.0   0.0   0.01  0.0   0.13  0.01  0.0   0.02  0.02  
39    N     0.01  0.03  0.24  0.29  0.0   0.04  0.08  0.0   0.03  0.01  0.0   0.02  0.02  0.02  0.0   0.06  0.13  0.0   0.02  0.0   
40    N     0.04  0.26  0.08  0.04  0.03  0.08  0.09  0.06  0.0   0.0   0.04  0.02  0.03  0.0   0.04  0.08  0.11  0.0   0.0   0.0   
41    R     0.04  0.14  0.03  0.02  0.0   0.16  0.09  0.0   0.03  0.15  0.11  0.02  0.01  0.02  0.06  0.0   0.01  0.0   0.05  0.08  
42    V     0.05  0.07  0.0   0.03  0.0   0.05  0.19  0.0   0.0   0.1   0.1   0.04  0.0   0.02  0.04  0.05  0.02  0.02  0.0   0.21  
43    D     0.05  0.12  0.1   0.31  0.0   0.05  0.03  0.07  0.01  0.01  0.03  0.09  0.0   0.0   0.01  0.1   0.02  0.0   0.0   0.0   
44    I     0.02  0.03  0.0   0.01  0.0   0.0   0.02  0.0   0.0   0.09  0.49  0.03  0.03  0.03  0.03  0.0   0.0   0.0   0.0   0.23  
45    A     0.19  0.11  0.0   0.0   0.0   0.07  0.02  0.0   0.0   0.06  0.32  0.04  0.01  0.02  0.0   0.02  0.0   0.0   0.02  0.12  
46    A     0.12  0.19  0.12  0.06  0.01  0.12  0.09  0.01  0.08  0.0   0.02  0.03  0.0   0.02  0.0   0.1   0.01  0.0   0.02  0.0   
47    E     0.04  0.03  0.07  0.16  0.0   0.04  0.2   0.3   0.06  0.01  0.01  0.01  0.0   0.0   0.02  0.0   0.0   0.02  0.05  0.0   
48    G     0.02  0.07  0.05  0.07  0.0   0.09  0.24  0.26  0.03  0.0   0.02  0.06  0.01  0.0   0.02  0.02  0.02  0.0   0.0   0.01  
49    L     0.07  0.0   0.0   0.01  0.0   0.01  0.0   0.0   0.01  0.16  0.33  0.0   0.0   0.09  0.0   0.04  0.0   0.0   0.01  0.24  
50    D     0.04  0.0   0.05  0.81  0.0   0.0   0.0   0.0   0.02  0.0   0.0   0.0   0.0   0.0   0.0   0.02  0.0   0.0   0.0   0.07  
51    Y     0.1   0.0   0.0   0.02  0.04  0.0   0.0   0.13  0.0   0.16  0.33  0.0   0.02  0.07  0.0   0.0   0.0   0.01  0.03  0.09  
52    A     0.52  0.0   0.0   0.07  0.01  0.0   0.0   0.18  0.0   0.04  0.04  0.0   0.01  0.01  0.0   0.01  0.03  0.0   0.01  0.07  
53    I     0.0   0.0   0.0   0.0   0.0   0.0   0.0   0.0   0.0   0.48  0.16  0.0   0.02  0.11  0.0   0.0   0.0   0.0   0.02  0.21  
54    R     0.01  0.26  0.01  0.0   0.0   0.0   0.0   0.01  0.0   0.14  0.05  0.0   0.06  0.03  0.0   0.15  0.05  0.03  0.02  0.17  
55    F     0.04  0.05  0.0   0.02  0.0   0.0   0.03  0.17  0.01  0.14  0.12  0.0   0.03  0.14  0.01  0.06  0.06  0.0   0.11  0.01  
56    G     0.04  0.08  0.04  0.07  0.01  0.06  0.07  0.46  0.03  0.01  0.0   0.02  0.0   0.0   0.01  0.03  0.04  0.0   0.0   0.01  
57    G     0.04  0.06  0.06  0.12  0.01  0.01  0.15  0.04  0.05  0.05  0.04  0.02  0.0   0.0   0.2   0.03  0.04  0.01  0.02  0.04  
58    G     0.04  0.03  0.0   0.01  0.01  0.08  0.06  0.16  0.01  0.06  0.07  0.01  0.01  0.01  0.28  0.0   0.03  0.0   0.01  0.09  
59    A     0.08  0.1   0.09  0.01  0.0   0.01  0.08  0.02  0.04  0.03  0.1   0.04  0.02  0.01  0.3   0.0   0.04  0.0   0.0   0.02  
60    W     0.04  0.06  0.06  0.16  0.01  0.02  0.1   0.02  0.08  0.02  0.11  0.01  0.0   0.0   0.08  0.05  0.05  0.12  0.01  0.01  
61    H     0.1   0.01  0.05  0.06  0.0   0.03  0.13  0.04  0.04  0.01  0.03  0.06  0.02  0.02  0.25  0.1   0.02  0.0   0.0   0.01  
62    G     0.06  0.0   0.13  0.14  0.0   0.05  0.09  0.17  0.0   0.0   0.1   0.01  0.0   0.0   0.06  0.16  0.02  0.01  0.01  0.0   
63    T     0.04  0.01  0.0   0.01  0.08  0.02  0.0   0.0   0.03  0.06  0.38  0.01  0.07  0.04  0.0   0.0   0.11  0.0   0.04  0.1   
64    E     0.03  0.08  0.01  0.1   0.01  0.05  0.21  0.0   0.07  0.13  0.07  0.01  0.0   0.02  0.0   0.04  0.06  0.0   0.02  0.09  
65    A     0.21  0.04  0.05  0.0   0.02  0.05  0.01  0.02  0.07  0.04  0.0   0.04  0.02  0.03  0.0   0.12  0.03  0.01  0.05  0.2   
66    L     0.03  0.12  0.0   0.1   0.0   0.06  0.15  0.0   0.03  0.12  0.1   0.03  0.0   0.02  0.0   0.05  0.06  0.0   0.06  0.07  
67    A     0.09  0.11  0.0   0.01  0.0   0.05  0.09  0.0   0.05  0.01  0.04  0.1   0.01  0.07  0.28  0.01  0.02  0.0   0.04  0.03  
68    L     0.01  0.0   0.0   0.0   0.0   0.0   0.0   0.0   0.01  0.17  0.56  0.0   0.03  0.09  0.0   0.01  0.0   0.01  0.01  0.09  
69    F     0.09  0.01  0.0   0.0   0.07  0.0   0.01  0.25  0.0   0.02  0.09  0.0   0.04  0.18  0.0   0.02  0.09  0.01  0.04  0.06  
70    E     0.12  0.03  0.02  0.19  0.0   0.06  0.24  0.0   0.04  0.01  0.0   0.02  0.0   0.0   0.08  0.11  0.05  0.0   0.02  0.01  
71    A     0.12  0.0   0.08  0.08  0.0   0.01  0.28  0.02  0.05  0.04  0.08  0.0   0.04  0.03  0.03  0.03  0.03  0.03  0.04  0.02  
72    P     0.02  0.09  0.01  0.1   0.0   0.06  0.27  0.0   0.0   0.01  0.06  0.02  0.0   0.0   0.24  0.02  0.08  0.0   0.02  0.0   
73    L     0.03  0.03  0.0   0.0   0.0   0.02  0.01  0.01  0.08  0.09  0.3   0.0   0.13  0.04  0.01  0.01  0.0   0.02  0.1   0.1   
74    T     0.07  0.03  0.02  0.0   0.05  0.01  0.0   0.04  0.01  0.06  0.21  0.02  0.01  0.05  0.0   0.04  0.08  0.0   0.0   0.3   
75    V     0.04  0.0   0.01  0.0   0.02  0.01  0.0   0.02  0.0   0.11  0.23  0.0   0.03  0.11  0.18  0.0   0.02  0.0   0.0   0.21  
76    L     0.05  0.0   0.0   0.0   0.07  0.0   0.0   0.0   0.02  0.1   0.18  0.03  0.0   0.04  0.02  0.0   0.01  0.0   0.04  0.42  
77    C     0.43  0.0   0.0   0.02  0.2   0.0   0.0   0.05  0.0   0.02  0.06  0.0   0.04  0.01  0.02  0.04  0.04  0.0   0.0   0.06  
78    C     0.22  0.04  0.03  0.0   0.01  0.0   0.0   0.0   0.11  0.03  0.0   0.01  0.0   0.0   0.11  0.38  0.05  0.0   0.0   0.0   
79    P     0.02  0.01  0.02  0.0   0.0   0.03  0.05  0.0   0.0   0.0   0.0   0.07  0.0   0.0   0.71  0.06  0.0   0.0   0.0   0.01  
80    E     0.04  0.07  0.05  0.19  0.0   0.05  0.14  0.06  0.04  0.0   0.15  0.04  0.0   0.06  0.02  0.05  0.03  0.0   0.0   0.0   
81    V     0.12  0.02  0.0   0.02  0.0   0.02  0.02  0.0   0.08  0.07  0.17  0.01  0.0   0.1   0.02  0.03  0.06  0.02  0.17  0.06  
82    A     0.36  0.0   0.04  0.02  0.0   0.02  0.05  0.01  0.02  0.02  0.2   0.06  0.0   0.05  0.01  0.08  0.0   0.0   0.02  0.03  
83    A     0.16  0.04  0.03  0.03  0.01  0.12  0.08  0.11  0.07  0.0   0.03  0.13  0.0   0.01  0.03  0.06  0.03  0.0   0.0   0.05  
84    Q     0.03  0.27  0.01  0.03  0.0   0.06  0.14  0.04  0.0   0.01  0.04  0.16  0.0   0.0   0.1   0.03  0.01  0.0   0.02  0.04  
85    L     0.06  0.09  0.03  0.04  0.0   0.01  0.02  0.01  0.02  0.1   0.18  0.03  0.0   0.05  0.11  0.04  0.08  0.0   0.08  0.04  
86    H     0.03  0.06  0.01  0.02  0.0   0.08  0.03  0.03  0.06  0.17  0.08  0.08  0.01  0.02  0.02  0.07  0.07  0.01  0.04  0.11  
87    S     0.09  0.02  0.01  0.0   0.0   0.09  0.05  0.02  0.08  0.02  0.01  0.05  0.0   0.04  0.01  0.16  0.29  0.0   0.02  0.03  
88    P     0.07  0.05  0.02  0.0   0.0   0.02  0.05  0.0   0.0   0.04  0.11  0.08  0.0   0.01  0.46  0.03  0.0   0.02  0.0   0.02  
89    A     0.12  0.08  0.04  0.09  0.0   0.07  0.24  0.02  0.05  0.04  0.06  0.02  0.0   0.0   0.02  0.11  0.05  0.01  0.0   0.0   
90    D     0.1   0.08  0.03  0.46  0.0   0.05  0.11  0.01  0.01  0.0   0.01  0.0   0.0   0.01  0.04  0.06  0.02  0.0   0.0   0.02  
91    L     0.02  0.0   0.0   0.0   0.0   0.02  0.0   0.01  0.01  0.06  0.74  0.01  0.02  0.05  0.02  0.0   0.0   0.0   0.0   0.02  
92    L     0.17  0.09  0.01  0.02  0.02  0.06  0.04  0.01  0.01  0.08  0.15  0.05  0.02  0.01  0.02  0.05  0.06  0.0   0.09  0.05  
93    Q     0.07  0.13  0.05  0.13  0.0   0.12  0.06  0.06  0.12  0.0   0.0   0.16  0.0   0.0   0.0   0.07  0.01  0.0   0.01  0.0   
94    H     0.07  0.0   0.0   0.01  0.04  0.04  0.31  0.01  0.14  0.0   0.11  0.01  0.01  0.09  0.0   0.03  0.02  0.0   0.05  0.05  
95    T     0.07  0.07  0.06  0.01  0.02  0.03  0.01  0.0   0.0   0.03  0.0   0.06  0.01  0.02  0.34  0.08  0.15  0.0   0.01  0.0   
96    L     0.1   0.02  0.0   0.0   0.04  0.03  0.02  0.04  0.0   0.04  0.39  0.0   0.05  0.14  0.0   0.03  0.0   0.07  0.01  0.03  
97    L     0.03  0.0   0.01  0.02  0.01  0.0   0.0   0.0   0.0   0.3   0.36  0.0   0.04  0.0   0.0   0.01  0.0   0.0   0.02  0.19  
98    R     0.06  0.21  0.03  0.03  0.01  0.07  0.03  0.06  0.05  0.03  0.08  0.01  0.04  0.03  0.02  0.12  0.06  0.0   0.01  0.05  
99    S     0.03  0.11  0.02  0.07  0.0   0.0   0.03  0.0   0.0   0.01  0.09  0.01  0.01  0.18  0.02  0.15  0.14  0.02  0.09  0.03  
100   Y     0.03  0.07  0.01  0.09  0.0   0.02  0.12  0.02  0.03  0.05  0.03  0.07  0.02  0.03  0.07  0.14  0.01  0.0   0.15  0.06  
101   R     0.07  0.28  0.01  0.02  0.0   0.09  0.05  0.05  0.06  0.01  0.01  0.05  0.02  0.02  0.06  0.07  0.07  0.0   0.01  0.03  
102   A     0.07  0.1   0.02  0.03  0.01  0.03  0.05  0.18  0.01  0.04  0.13  0.06  0.0   0.01  0.09  0.11  0.03  0.0   0.01  0.02  
103   D     0.07  0.05  0.02  0.25  0.07  0.03  0.06  0.09  0.03  0.02  0.04  0.01  0.04  0.01  0.0   0.09  0.01  0.0   0.06  0.05  
104   E     0.09  0.06  0.06  0.15  0.0   0.02  0.15  0.1   0.02  0.05  0.0   0.03  0.02  0.0   0.03  0.11  0.06  0.0   0.0   0.05  
105   W     0.03  0.06  0.0   0.02  0.0   0.04  0.01  0.02  0.1   0.05  0.09  0.01  0.08  0.05  0.01  0.0   0.08  0.26  0.06  0.02  
106   P     0.01  0.25  0.04  0.04  0.0   0.03  0.07  0.03  0.13  0.06  0.03  0.05  0.0   0.01  0.13  0.04  0.02  0.0   0.01  0.04  
107   L     0.07  0.02  0.04  0.06  0.0   0.11  0.07  0.02  0.02  0.06  0.13  0.08  0.01  0.06  0.0   0.11  0.08  0.03  0.0   0.01  
108   W     0.08  0.03  0.01  0.0   0.0   0.04  0.02  0.01  0.03  0.09  0.12  0.05  0.06  0.05  0.0   0.02  0.03  0.25  0.06  0.04  
109   F     0.08  0.02  0.02  0.03  0.0   0.03  0.04  0.02  0.03  0.06  0.13  0.0   0.07  0.29  0.01  0.03  0.02  0.02  0.02  0.07  
110   Q     0.06  0.12  0.04  0.08  0.0   0.16  0.21  0.01  0.02  0.05  0.1   0.08  0.0   0.0   0.02  0.0   0.03  0.02  0.0   0.0   
111   A     0.18  0.09  0.02  0.03  0.0   0.14  0.03  0.03  0.11  0.03  0.05  0.04  0.0   0.03  0.04  0.08  0.02  0.0   0.02  0.06  
112   A     0.18  0.04  0.06  0.04  0.0   0.1   0.04  0.02  0.03  0.05  0.2   0.02  0.0   0.13  0.0   0.02  0.01  0.01  0.02  0.03  
113   G     0.03  0.01  0.15  0.05  0.03  0.01  0.04  0.3   0.0   0.02  0.09  0.05  0.01  0.07  0.0   0.07  0.04  0.0   0.0   0.03  
114   L     0.04  0.1   0.0   0.04  0.0   0.06  0.1   0.04  0.0   0.11  0.13  0.04  0.02  0.08  0.0   0.08  0.04  0.0   0.0   0.11  
115   P     0.07  0.04  0.03  0.11  0.0   0.04  0.18  0.03  0.06  0.08  0.03  0.04  0.03  0.02  0.04  0.11  0.08  0.0   0.02  0.0   
116   A     0.1   0.04  0.05  0.07  0.02  0.05  0.1   0.04  0.05  0.01  0.08  0.02  0.0   0.0   0.22  0.08  0.01  0.03  0.0   0.03  
117   H     0.05  0.13  0.08  0.03  0.0   0.02  0.08  0.17  0.06  0.02  0.07  0.05  0.0   0.0   0.06  0.07  0.07  0.04  0.0   0.0   
118   A     0.06  0.04  0.01  0.0   0.01  0.01  0.04  0.04  0.01  0.08  0.2   0.04  0.0   0.08  0.13  0.07  0.03  0.0   0.05  0.11  
119   P     0.06  0.11  0.05  0.02  0.0   0.08  0.03  0.08  0.04  0.07  0.06  0.11  0.0   0.0   0.14  0.03  0.03  0.0   0.01  0.06  
120   L     0.07  0.02  0.04  0.0   0.0   0.03  0.02  0.02  0.02  0.09  0.13  0.03  0.02  0.06  0.11  0.1   0.11  0.02  0.03  0.09  
121   T     0.05  0.07  0.07  0.01  0.01  0.13  0.1   0.01  0.05  0.04  0.02  0.13  0.0   0.02  0.04  0.04  0.07  0.0   0.01  0.14  
122   R     0.02  0.03  0.04  0.02  0.0   0.07  0.01  0.12  0.05  0.07  0.06  0.07  0.05  0.0   0.11  0.11  0.07  0.0   0.05  0.06  
123   S     0.04  0.07  0.06  0.0   0.07  0.02  0.09  0.23  0.0   0.09  0.03  0.05  0.05  0.02  0.0   0.02  0.06  0.0   0.0   0.08  
124   I     0.01  0.0   0.0   0.0   0.0   0.06  0.0   0.01  0.06  0.2   0.13  0.0   0.23  0.06  0.07  0.01  0.02  0.0   0.04  0.07  
125   V     0.03  0.04  0.0   0.01  0.0   0.05  0.34  0.04  0.0   0.14  0.08  0.01  0.03  0.0   0.0   0.04  0.04  0.0   0.0   0.13  
126   F     0.08  0.01  0.01  0.01  0.03  0.02  0.01  0.01  0.0   0.07  0.17  0.01  0.04  0.28  0.01  0.09  0.03  0.0   0.0   0.14  
127   D     0.03  0.0   0.29  0.24  0.0   0.0   0.09  0.13  0.02  0.02  0.0   0.0   0.0   0.0   0.05  0.09  0.03  0.0   0.0   0.01  
128   T     0.0   0.04  0.11  0.06  0.0   0.03  0.05  0.01  0.08  0.01  0.01  0.0   0.02  0.0   0.01  0.47  0.07  0.0   0.0   0.01  
129   S     0.02  0.0   0.11  0.0   0.0   0.0   0.03  0.06  0.0   0.16  0.12  0.02  0.02  0.0   0.04  0.24  0.12  0.0   0.03  0.02  
130   L     0.07  0.06  0.0   0.07  0.0   0.06  0.5   0.0   0.02  0.01  0.05  0.0   0.01  0.06  0.01  0.03  0.0   0.0   0.02  0.03  
131   A     0.39  0.0   0.02  0.0   0.0   0.0   0.0   0.03  0.01  0.03  0.13  0.0   0.08  0.0   0.0   0.07  0.2   0.0   0.02  0.02  
132   M     0.11  0.01  0.0   0.0   0.02  0.02  0.01  0.0   0.0   0.3   0.13  0.02  0.12  0.09  0.0   0.01  0.01  0.0   0.01  0.13  
133   L     0.02  0.02  0.0   0.01  0.02  0.0   0.0   0.0   0.01  0.18  0.25  0.28  0.0   0.01  0.0   0.0   0.01  0.0   0.01  0.17  
134   E     0.09  0.04  0.11  0.08  0.0   0.3   0.14  0.1   0.03  0.01  0.0   0.04  0.0   0.0   0.01  0.03  0.03  0.0   0.0   0.0   
135   A     0.45  0.0   0.0   0.0   0.07  0.0   0.0   0.02  0.0   0.0   0.19  0.0   0.14  0.0   0.0   0.05  0.01  0.04  0.0   0.03  
136   A     0.35  0.0   0.0   0.0   0.03  0.0   0.0   0.01  0.02  0.04  0.03  0.0   0.02  0.0   0.0   0.0   0.0   0.0   0.0   0.51  
137   R     0.13  0.14  0.0   0.0   0.0   0.1   0.03  0.0   0.0   0.11  0.17  0.06  0.06  0.0   0.0   0.08  0.03  0.0   0.01  0.06  
138   Q     0.46  0.01  0.05  0.06  0.0   0.09  0.04  0.04  0.05  0.01  0.03  0.02  0.01  0.0   0.0   0.1   0.0   0.01  0.01  0.0   
139   G     0.0   0.03  0.01  0.0   0.01  0.0   0.05  0.82  0.04  0.0   0.0   0.01  0.0   0.0   0.0   0.0   0.03  0.0   0.0   0.0   
140   V     0.08  0.03  0.01  0.02  0.02  0.04  0.0   0.03  0.01  0.13  0.36  0.01  0.11  0.0   0.0   0.05  0.04  0.0   0.01  0.06  
141   G     0.03  0.0   0.0   0.03  0.0   0.0   0.0   0.86  0.0   0.0   0.01  0.0   0.0   0.0   0.0   0.0   0.05  0.01  0.01  0.0   
142   V     0.12  0.0   0.0   0.0   0.05  0.0   0.0   0.0   0.0   0.46  0.11  0.0   0.01  0.0   0.0   0.02  0.01  0.0   0.05  0.15  
143   A     0.47  0.0   0.0   0.0   0.09  0.0   0.0   0.07  0.01  0.01  0.0   0.0   0.01  0.0   0.0   0.23  0.07  0.0   0.0   0.03  
144   L     0.04  0.0   0.01  0.0   0.02  0.01  0.0   0.0   0.0   0.14  0.29  0.0   0.08  0.2   0.01  0.01  0.01  0.03  0.05  0.09  
145   A     0.12  0.03  0.0   0.0   0.0   0.0   0.03  0.02  0.0   0.15  0.47  0.0   0.0   0.0   0.0   0.0   0.0   0.0   0.0   0.18  
146   P     0.01  0.01  0.03  0.0   0.0   0.0   0.0   0.0   0.0   0.0   0.01  0.0   0.0   0.0   0.64  0.26  0.02  0.0   0.0   0.0   
147   A     0.1   0.16  0.01  0.05  0.0   0.02  0.12  0.02  0.08  0.02  0.08  0.07  0.0   0.0   0.04  0.06  0.03  0.01  0.07  0.06  
148   A     0.08  0.03  0.01  0.03  0.02  0.0   0.02  0.01  0.08  0.01  0.15  0.05  0.03  0.07  0.04  0.16  0.02  0.06  0.08  0.04  
149   M     0.21  0.0   0.0   0.03  0.0   0.11  0.01  0.01  0.0   0.05  0.15  0.02  0.12  0.02  0.0   0.03  0.15  0.01  0.0   0.09  
150   F     0.11  0.0   0.0   0.0   0.04  0.0   0.0   0.02  0.0   0.32  0.1   0.02  0.03  0.11  0.0   0.0   0.0   0.0   0.0   0.26  
151   A     0.21  0.11  0.02  0.02  0.0   0.1   0.19  0.02  0.0   0.03  0.1   0.04  0.02  0.0   0.02  0.05  0.05  0.0   0.0   0.03  
152   R     0.02  0.12  0.03  0.11  0.0   0.1   0.1   0.01  0.06  0.0   0.06  0.2   0.0   0.0   0.07  0.1   0.0   0.0   0.0   0.02  
153   Q     0.1   0.01  0.01  0.1   0.0   0.06  0.47  0.0   0.05  0.0   0.07  0.0   0.02  0.04  0.0   0.0   0.0   0.0   0.05  0.01  
154   L     0.02  0.01  0.0   0.0   0.0   0.0   0.07  0.02  0.0   0.21  0.53  0.0   0.0   0.01  0.05  0.02  0.0   0.0   0.0   0.07  
155   A     0.27  0.11  0.04  0.01  0.0   0.04  0.31  0.02  0.01  0.01  0.0   0.1   0.0   0.0   0.0   0.03  0.02  0.0   0.02  0.0   
156   S     0.15  0.04  0.07  0.04  0.02  0.1   0.1   0.01  0.02  0.02  0.11  0.03  0.02  0.01  0.0   0.19  0.05  0.0   0.02  0.01  
157   E     0.0   0.04  0.03  0.0   0.0   0.0   0.05  0.71  0.02  0.01  0.0   0.05  0.02  0.0   0.02  0.03  0.02  0.0   0.0   0.0   
158   S     0.02  0.25  0.0   0.01  0.0   0.05  0.15  0.01  0.01  0.05  0.05  0.17  0.0   0.0   0.04  0.07  0.06  0.01  0.02  0.02  
159   I     0.0   0.0   0.0   0.0   0.0   0.0   0.01  0.0   0.0   0.15  0.67  0.0   0.03  0.0   0.0   0.0   0.0   0.02  0.0   0.12  
160   R     0.08  0.05  0.0   0.02  0.01  0.01  0.03  0.03  0.01  0.18  0.04  0.03  0.02  0.0   0.0   0.01  0.0   0.0   0.0   0.48  
161   R     0.16  0.15  0.01  0.02  0.04  0.14  0.11  0.01  0.0   0.04  0.02  0.07  0.0   0.0   0.05  0.03  0.06  0.0   0.02  0.05  
162   P     0.01  0.02  0.0   0.01  0.02  0.0   0.01  0.03  0.0   0.13  0.15  0.04  0.02  0.0   0.34  0.03  0.02  0.0   0.0   0.15  
163   F     0.03  0.02  0.02  0.04  0.0   0.0   0.08  0.01  0.02  0.05  0.32  0.01  0.02  0.23  0.01  0.02  0.07  0.03  0.02  0.01  
164   A     0.12  0.0   0.04  0.15  0.0   0.0   0.09  0.08  0.04  0.02  0.05  0.02  0.0   0.0   0.21  0.06  0.0   0.02  0.0   0.09  
165   T     0.02  0.01  0.04  0.02  0.0   0.03  0.21  0.09  0.02  0.2   0.08  0.02  0.0   0.01  0.05  0.0   0.1   0.0   0.0   0.11  
166   E     0.04  0.05  0.01  0.03  0.02  0.07  0.14  0.04  0.02  0.04  0.11  0.0   0.0   0.0   0.06  0.09  0.13  0.01  0.07  0.07  
167   V     0.05  0.02  0.0   0.04  0.04  0.02  0.04  0.02  0.0   0.14  0.08  0.03  0.0   0.02  0.14  0.07  0.08  0.02  0.02  0.16  
168   S     0.05  0.07  0.02  0.07  0.03  0.14  0.09  0.04  0.01  0.07  0.04  0.06  0.0   0.0   0.11  0.09  0.06  0.0   0.02  0.04  
169   T     0.02  0.17  0.0   0.03  0.0   0.05  0.05  0.0   0.04  0.05  0.17  0.05  0.01  0.0   0.14  0.05  0.04  0.04  0.0   0.08  
170   G     0.06  0.18  0.04  0.0   0.0   0.05  0.03  0.14  0.0   0.05  0.12  0.04  0.09  0.03  0.03  0.06  0.03  0.0   0.02  0.03  
171   S     0.06  0.19  0.03  0.03  0.0   0.05  0.04  0.15  0.04  0.0   0.08  0.04  0.03  0.02  0.03  0.09  0.09  0.0   0.0   0.01  
172   Y     0.02  0.02  0.0   0.0   0.0   0.04  0.02  0.0   0.01  0.08  0.17  0.0   0.02  0.07  0.0   0.06  0.06  0.07  0.29  0.05  
173   W     0.02  0.02  0.0   0.0   0.0   0.05  0.02  0.04  0.06  0.06  0.01  0.02  0.06  0.02  0.0   0.06  0.0   0.31  0.23  0.02  
174   L     0.11  0.02  0.0   0.0   0.02  0.0   0.0   0.0   0.02  0.2   0.45  0.0   0.0   0.04  0.0   0.02  0.0   0.0   0.0   0.1   
175   T     0.11  0.02  0.0   0.0   0.0   0.0   0.0   0.0   0.0   0.15  0.05  0.0   0.0   0.02  0.01  0.01  0.19  0.0   0.07  0.35  
176   R     0.02  0.16  0.09  0.0   0.01  0.0   0.0   0.0   0.07  0.05  0.01  0.0   0.0   0.02  0.0   0.04  0.02  0.2   0.23  0.08  
177   L     0.04  0.17  0.02  0.0   0.0   0.03  0.0   0.0   0.14  0.02  0.1   0.0   0.01  0.0   0.33  0.02  0.02  0.0   0.04  0.05  
178   Q     0.07  0.17  0.05  0.05  0.0   0.07  0.03  0.04  0.03  0.0   0.05  0.23  0.0   0.0   0.09  0.07  0.02  0.0   0.0   0.02  
179   S     0.05  0.12  0.1   0.17  0.0   0.01  0.03  0.18  0.05  0.0   0.0   0.02  0.0   0.05  0.0   0.19  0.0   0.02  0.0   0.0   
180   R     0.07  0.45  0.0   0.03  0.0   0.07  0.02  0.04  0.04  0.0   0.02  0.18  0.0   0.0   0.0   0.03  0.04  0.0   0.0   0.0   
181   G     0.1   0.05  0.02  0.0   0.0   0.06  0.04  0.04  0.13  0.0   0.14  0.0   0.0   0.04  0.14  0.04  0.03  0.03  0.11  0.03  
182   E     0.07  0.07  0.04  0.01  0.0   0.09  0.14  0.0   0.04  0.05  0.23  0.04  0.1   0.0   0.01  0.04  0.03  0.0   0.0   0.03  
183   T     0.04  0.01  0.05  0.03  0.0   0.02  0.0   0.01  0.03  0.0   0.08  0.0   0.0   0.0   0.03  0.49  0.18  0.02  0.0   0.0   
184   S     0.1   0.1   0.03  0.0   0.02  0.02  0.01  0.04  0.0   0.01  0.0   0.1   0.0   0.0   0.43  0.06  0.05  0.0   0.0   0.03  
185   A     0.5   0.1   0.0   0.0   0.0   0.03  0.0   0.02  0.02  0.0   0.05  0.06  0.03  0.0   0.06  0.01  0.02  0.0   0.0   0.1   
186   M     0.26  0.0   0.0   0.0   0.0   0.0   0.0   0.01  0.0   0.09  0.18  0.0   0.2   0.03  0.0   0.06  0.04  0.0   0.0   0.13  
187   L     0.07  0.27  0.04  0.03  0.0   0.12  0.23  0.03  0.02  0.0   0.01  0.1   0.0   0.01  0.0   0.06  0.0   0.0   0.0   0.0   
188   A     0.38  0.07  0.03  0.01  0.02  0.0   0.04  0.0   0.04  0.11  0.03  0.05  0.0   0.02  0.0   0.02  0.15  0.0   0.0   0.03  
189   F     0.02  0.0   0.0   0.0   0.02  0.0   0.0   0.0   0.0   0.02  0.05  0.0   0.05  0.76  0.0   0.0   0.02  0.0   0.0   0.06  
190   R     0.06  0.14  0.0   0.0   0.01  0.01  0.04  0.0   0.02  0.21  0.08  0.06  0.08  0.02  0.0   0.12  0.06  0.02  0.0   0.05  
191   G     0.05  0.07  0.02  0.29  0.0   0.24  0.11  0.03  0.05  0.04  0.03  0.02  0.02  0.0   0.0   0.0   0.03  0.0   0.0   0.0   
192   W     0.08  0.02  0.0   0.0   0.0   0.02  0.06  0.0   0.02  0.0   0.09  0.0   0.02  0.11  0.0   0.04  0.0   0.36  0.14  0.02  
193   L     0.05  0.0   0.0   0.0   0.02  0.0   0.0   0.0   0.0   0.17  0.59  0.03  0.02  0.0   0.0   0.0   0.0   0.0   0.0   0.13  
194   L     0.0   0.21  0.0   0.0   0.0   0.0   0.02  0.0   0.0   0.08  0.41  0.08  0.04  0.02  0.0   0.04  0.06  0.0   0.0   0.05  
195   E     0.12  0.03  0.23  0.06  0.0   0.02  0.27  0.05  0.03  0.0   0.0   0.05  0.0   0.0   0.02  0.05  0.04  0.0   0.02  0.0   
196   M     0.13  0.0   0.0   0.0   0.0   0.14  0.27  0.0   0.15  0.0   0.05  0.06  0.05  0.0   0.0   0.09  0.03  0.0   0.03  0.0   
197   A     0.24  0.0   0.0   0.03  0.05  0.0   0.0   0.17  0.0   0.05  0.07  0.0   0.07  0.08  0.0   0.11  0.02  0.0   0.0   0.1   
198   A     0.41  0.06  0.04  0.0   0.03  0.08  0.0   0.03  0.0   0.0   0.05  0.14  0.0   0.0   0.03  0.03  0.08  0.0   0.0   0.0   
199   V     0.2   0.24  0.0   0.04  0.0   0.14  0.07  0.0   0.0   0.0   0.04  0.08  0.0   0.0   0.04  0.03  0.04  0.0   0.0   0.06  
200   E     0.11  0.0   0.0   0.0   0.0   0.11  0.39  0.05  0.0   0.05  0.12  0.0   0.05  0.0   0.0   0.06  0.0   0.0   0.0   0.05  
201   A     0.14  0.0   0.08  0.0   0.0   0.08  0.07  0.07  0.0   0.0   0.14  0.0   0.09  0.08  0.08  0.16  0.0   0.0   0.0   0.0   
202   R     0.22  0.37  0.1   0.0   0.0   0.0   0.0   0.1   0.0   0.0   0.1   0.0   0.0   0.0   0.0   0.0   0.1   0.0   0.0   0.0   
203   G     0.0   0.0   0.0   0.0   0.0   0.0   0.0   0.87  0.13  0.0   0.0   0.0   0.0   0.0   0.0   0.0   0.0   0.0   0.0   0.0   
204   R     0.0   0.81  0.0   0.0   0.0   0.0   0.0   0.0   0.0   0.0   0.0   0.0   0.0   0.0   0.0   0.19  0.0   0.0   0.0   0.0   
205   L     0.0   0.0   0.0   0.0   0.0   0.0   0.0   0.0   0.0   0.0   0.5   0.0   0.0   0.0   0.0   0.0   0.5   0.0   0.0   0.0   
206   E     0.0   0.0   0.0   0.0   0.0   0.0   1.0   0.0   0.0   0.0   0.0   0.0   0.0   0.0   0.0   0.0   0.0   0.0   0.0   0.0   
