             A     R     N     D     C     Q     E     G     H     I     L     K     M     F     P     S     T     W     Y     V
1     D     0.0   0.0   0.0   0.96  0.0   0.0   0.04  0.0   0.0   0.0   0.0   0.0   0.0   0.0   0.0   0.0   0.0   0.0   0.0   0.0   
2     V     0.0   0.03  0.0   0.0   0.02  0.01  0.03  0.01  0.0   0.41  0.05  0.07  0.01  0.02  0.0   0.0   0.01  0.0   0.0   0.34  
3     D     0.01  0.0   0.25  0.66  0.01  0.0   0.0   0.02  0.0   0.02  0.0   0.0   0.0   0.0   0.0   0.01  0.02  0.0   0.0   0.0   
4     E     0.0   0.0   0.02  0.1   0.0   0.02  0.75  0.0   0.01  0.03  0.03  0.01  0.0   0.01  0.01  0.01  0.01  0.0   0.0   0.02  
5     A     0.05  0.01  0.0   0.01  0.75  0.0   0.0   0.01  0.03  0.03  0.02  0.01  0.0   0.02  0.0   0.0   0.02  0.0   0.01  0.03  
6     A     0.17  0.01  0.17  0.06  0.02  0.04  0.03  0.02  0.0   0.04  0.05  0.04  0.0   0.02  0.06  0.18  0.03  0.0   0.0   0.05  
7     M     0.06  0.02  0.03  0.04  0.04  0.03  0.15  0.04  0.01  0.04  0.11  0.02  0.02  0.0   0.19  0.08  0.05  0.0   0.01  0.06  
8     A     0.04  0.01  0.02  0.01  0.57  0.01  0.0   0.13  0.03  0.02  0.02  0.03  0.0   0.01  0.04  0.03  0.03  0.0   0.0   0.0   
9     N     0.09  0.04  0.09  0.07  0.01  0.07  0.06  0.04  0.04  0.01  0.07  0.08  0.01  0.02  0.03  0.14  0.06  0.0   0.02  0.04  
10    S     0.05  0.02  0.03  0.04  0.09  0.02  0.02  0.07  0.04  0.01  0.03  0.02  0.01  0.01  0.17  0.31  0.02  0.01  0.0   0.03  
11    N     0.02  0.02  0.37  0.05  0.03  0.03  0.02  0.1   0.03  0.01  0.02  0.03  0.0   0.02  0.02  0.16  0.02  0.0   0.01  0.02  
12    P     0.03  0.01  0.01  0.02  0.08  0.0   0.02  0.05  0.01  0.0   0.02  0.01  0.01  0.01  0.65  0.02  0.02  0.0   0.01  0.01  
13    B     0.0   0.03  0.06  0.12  0.59  0.01  0.02  0.02  0.02  0.02  0.0   0.02  0.0   0.0   0.04  0.01  0.01  0.01  0.01  0.0   
14    E     0.04  0.05  0.03  0.03  0.05  0.14  0.05  0.03  0.1   0.01  0.14  0.06  0.04  0.07  0.05  0.06  0.02  0.0   0.01  0.03  
15    H     0.05  0.03  0.4   0.02  0.01  0.02  0.02  0.06  0.19  0.01  0.03  0.04  0.0   0.0   0.03  0.04  0.03  0.0   0.02  0.01  
16    A     0.05  0.04  0.1   0.04  0.01  0.03  0.07  0.47  0.02  0.0   0.01  0.02  0.01  0.01  0.02  0.05  0.02  0.0   0.01  0.01  
17    G     0.18  0.02  0.0   0.01  0.0   0.01  0.0   0.65  0.01  0.0   0.0   0.01  0.0   0.02  0.01  0.03  0.01  0.0   0.0   0.04  
18    K     0.03  0.07  0.01  0.03  0.01  0.05  0.05  0.01  0.02  0.04  0.04  0.1   0.01  0.0   0.01  0.15  0.29  0.0   0.0   0.08  
19    A     0.02  0.0   0.0   0.0   0.94  0.0   0.0   0.0   0.0   0.0   0.0   0.0   0.01  0.0   0.0   0.01  0.01  0.0   0.0   0.0   
20    V     0.02  0.04  0.06  0.04  0.02  0.07  0.04  0.0   0.07  0.12  0.06  0.08  0.02  0.01  0.0   0.04  0.05  0.0   0.02  0.23  
21    N     0.02  0.03  0.25  0.24  0.02  0.01  0.06  0.05  0.01  0.02  0.04  0.01  0.03  0.01  0.06  0.08  0.02  0.01  0.01  0.03  
22    T     0.05  0.04  0.03  0.07  0.0   0.04  0.03  0.13  0.01  0.02  0.12  0.06  0.01  0.01  0.07  0.07  0.19  0.0   0.01  0.02  
23    D     0.04  0.02  0.06  0.12  0.01  0.02  0.13  0.1   0.01  0.1   0.06  0.03  0.01  0.01  0.11  0.04  0.06  0.01  0.01  0.06  
24    G     0.09  0.02  0.1   0.06  0.0   0.01  0.06  0.42  0.0   0.01  0.02  0.06  0.01  0.0   0.02  0.04  0.05  0.01  0.0   0.02  
25    A     0.06  0.03  0.05  0.04  0.01  0.04  0.06  0.19  0.02  0.01  0.02  0.02  0.01  0.01  0.02  0.29  0.04  0.01  0.02  0.07  
26    F     0.03  0.02  0.01  0.01  0.1   0.01  0.02  0.02  0.02  0.01  0.02  0.02  0.0   0.27  0.05  0.02  0.02  0.0   0.31  0.03  
27    H     0.03  0.14  0.05  0.01  0.05  0.06  0.06  0.01  0.14  0.03  0.05  0.03  0.01  0.03  0.01  0.08  0.09  0.01  0.05  0.05  
28    B     0.02  0.02  0.02  0.04  0.6   0.07  0.03  0.03  0.01  0.01  0.01  0.05  0.0   0.01  0.01  0.03  0.02  0.0   0.0   0.02  
29    E     0.04  0.06  0.02  0.09  0.0   0.07  0.12  0.02  0.02  0.05  0.08  0.06  0.02  0.03  0.02  0.08  0.11  0.01  0.02  0.07  
30    C     0.0   0.0   0.0   0.0   0.91  0.0   0.0   0.0   0.0   0.0   0.0   0.0   0.04  0.0   0.0   0.03  0.0   0.0   0.0   0.0   
31    L     0.06  0.09  0.04  0.04  0.03  0.04  0.05  0.02  0.02  0.01  0.14  0.04  0.01  0.02  0.28  0.05  0.02  0.0   0.01  0.04  
32    K     0.06  0.03  0.01  0.09  0.0   0.04  0.12  0.04  0.02  0.05  0.03  0.05  0.01  0.01  0.28  0.07  0.04  0.0   0.01  0.04  
33    G     0.02  0.03  0.02  0.01  0.01  0.01  0.08  0.72  0.02  0.0   0.01  0.0   0.0   0.0   0.02  0.02  0.0   0.02  0.0   0.0   
34    Y     0.01  0.02  0.0   0.0   0.0   0.01  0.0   0.0   0.01  0.0   0.02  0.01  0.01  0.33  0.01  0.04  0.02  0.14  0.33  0.01  
35    A     0.06  0.06  0.02  0.07  0.0   0.05  0.1   0.04  0.02  0.03  0.06  0.07  0.02  0.03  0.0   0.1   0.2   0.01  0.04  0.02  
36    G     0.01  0.01  0.02  0.06  0.03  0.01  0.05  0.66  0.01  0.0   0.02  0.03  0.01  0.02  0.02  0.02  0.01  0.0   0.0   0.0   
37    P     0.07  0.11  0.05  0.09  0.0   0.08  0.06  0.02  0.01  0.01  0.04  0.1   0.0   0.03  0.16  0.08  0.06  0.01  0.0   0.04  
38    R     0.03  0.12  0.12  0.09  0.03  0.03  0.05  0.1   0.07  0.03  0.05  0.03  0.01  0.05  0.02  0.04  0.07  0.0   0.02  0.02  
39    C     0.04  0.0   0.0   0.0   0.6   0.0   0.0   0.04  0.0   0.06  0.05  0.04  0.0   0.03  0.0   0.05  0.04  0.0   0.0   0.04  
40    E     0.06  0.04  0.05  0.07  0.04  0.13  0.23  0.04  0.04  0.0   0.04  0.04  0.0   0.0   0.04  0.08  0.05  0.0   0.0   0.05  
41    M     0.05  0.05  0.05  0.05  0.05  0.05  0.05  0.05  0.05  0.05  0.05  0.05  0.05  0.05  0.05  0.05  0.05  0.05  0.05  0.05  
42    D     0.06  0.04  0.1   0.15  0.03  0.03  0.09  0.03  0.03  0.03  0.05  0.07  0.03  0.03  0.08  0.05  0.04  0.0   0.03  0.04  
43    I     0.05  0.05  0.05  0.0   0.05  0.05  0.05  0.05  0.05  0.05  0.05  0.05  0.05  0.05  0.05  0.05  0.05  0.05  0.05  0.05  
44    N     0.06  0.06  0.06  0.06  0.06  0.06  0.06  0.06  0.06  0.0   0.06  0.06  0.0   0.0   0.06  0.06  0.06  0.0   0.06  0.06  
45    E     0.07  0.03  0.01  0.06  0.01  0.05  0.37  0.02  0.02  0.01  0.03  0.04  0.01  0.02  0.1   0.06  0.02  0.01  0.02  0.02  
46    D     0.0   0.01  0.02  0.08  0.8   0.01  0.01  0.01  0.0   0.01  0.01  0.01  0.0   0.0   0.01  0.01  0.01  0.0   0.01  0.01  
47    H     0.08  0.04  0.01  0.03  0.04  0.05  0.09  0.03  0.07  0.04  0.09  0.09  0.0   0.01  0.04  0.12  0.06  0.01  0.04  0.05  
48    S     0.06  0.02  0.07  0.06  0.02  0.04  0.06  0.05  0.03  0.02  0.03  0.02  0.01  0.01  0.15  0.23  0.08  0.01  0.02  0.03  
49    D     0.02  0.05  0.21  0.09  0.05  0.05  0.05  0.08  0.07  0.0   0.03  0.04  0.01  0.02  0.04  0.11  0.03  0.0   0.02  0.03  
50    P     0.01  0.04  0.04  0.02  0.04  0.03  0.05  0.01  0.01  0.02  0.04  0.03  0.0   0.01  0.49  0.06  0.04  0.0   0.04  0.01  
51    E     0.01  0.01  0.02  0.0   0.79  0.01  0.04  0.03  0.01  0.0   0.01  0.0   0.0   0.02  0.01  0.02  0.01  0.0   0.01  0.01  
52    Q     0.04  0.08  0.04  0.02  0.02  0.14  0.05  0.08  0.06  0.02  0.14  0.06  0.01  0.04  0.04  0.07  0.02  0.0   0.02  0.04  
53    N     0.02  0.01  0.43  0.02  0.09  0.03  0.02  0.07  0.1   0.01  0.02  0.02  0.0   0.01  0.06  0.04  0.01  0.0   0.02  0.01  
54    D     0.02  0.05  0.09  0.07  0.01  0.02  0.06  0.47  0.05  0.01  0.01  0.01  0.01  0.01  0.02  0.05  0.01  0.0   0.0   0.02  
55    A     0.19  0.02  0.01  0.01  0.02  0.03  0.07  0.46  0.02  0.01  0.01  0.01  0.0   0.02  0.01  0.05  0.02  0.0   0.02  0.03  
56    T     0.02  0.06  0.03  0.02  0.03  0.06  0.03  0.01  0.02  0.06  0.07  0.07  0.01  0.01  0.01  0.14  0.26  0.0   0.02  0.06  
57    D     0.02  0.01  0.01  0.03  0.83  0.0   0.0   0.0   0.0   0.02  0.02  0.0   0.01  0.0   0.01  0.0   0.02  0.01  0.01  0.02  
58    L     0.02  0.05  0.01  0.04  0.03  0.07  0.06  0.02  0.07  0.11  0.09  0.06  0.02  0.01  0.01  0.04  0.09  0.0   0.01  0.18  
59    D     0.03  0.02  0.26  0.22  0.01  0.04  0.04  0.02  0.03  0.03  0.05  0.01  0.04  0.0   0.06  0.06  0.04  0.0   0.01  0.03  
60    K     0.02  0.04  0.05  0.04  0.0   0.04  0.06  0.16  0.03  0.03  0.08  0.07  0.02  0.02  0.02  0.12  0.18  0.0   0.01  0.03  
61    I     0.05  0.01  0.05  0.03  0.01  0.05  0.08  0.08  0.01  0.09  0.07  0.04  0.01  0.04  0.13  0.06  0.07  0.02  0.02  0.07  
62    G     0.05  0.03  0.11  0.06  0.0   0.02  0.03  0.43  0.03  0.02  0.03  0.03  0.01  0.0   0.05  0.05  0.02  0.0   0.01  0.01  
63    G     0.04  0.04  0.05  0.07  0.01  0.02  0.04  0.26  0.02  0.03  0.02  0.03  0.01  0.0   0.04  0.23  0.04  0.01  0.02  0.03  
64    F     0.03  0.03  0.01  0.02  0.01  0.01  0.02  0.05  0.01  0.01  0.02  0.01  0.01  0.23  0.04  0.01  0.03  0.01  0.41  0.03  
65    T     0.03  0.09  0.03  0.01  0.05  0.04  0.05  0.04  0.1   0.04  0.03  0.08  0.0   0.02  0.0   0.11  0.16  0.03  0.03  0.06  
66    E     0.0   0.0   0.05  0.04  0.79  0.0   0.08  0.0   0.0   0.0   0.0   0.0   0.0   0.0   0.0   0.0   0.0   0.0   0.0   0.0   
67    L     0.04  0.06  0.02  0.05  0.01  0.09  0.1   0.01  0.03  0.04  0.15  0.06  0.02  0.06  0.01  0.04  0.1   0.02  0.03  0.06  
68    F     0.01  0.01  0.0   0.01  0.8   0.0   0.01  0.01  0.0   0.01  0.01  0.01  0.0   0.06  0.01  0.05  0.01  0.0   0.0   0.01  
69    M     0.08  0.07  0.03  0.03  0.0   0.04  0.02  0.02  0.02  0.06  0.09  0.08  0.07  0.02  0.17  0.05  0.03  0.01  0.02  0.06  
70    P     0.08  0.04  0.02  0.05  0.0   0.02  0.08  0.09  0.02  0.01  0.03  0.02  0.01  0.01  0.31  0.06  0.09  0.0   0.02  0.03  
71    G     0.04  0.02  0.02  0.03  0.0   0.01  0.07  0.63  0.02  0.0   0.02  0.0   0.0   0.0   0.03  0.08  0.02  0.0   0.0   0.0   
72    F     0.01  0.02  0.01  0.0   0.0   0.01  0.01  0.0   0.03  0.01  0.04  0.0   0.01  0.45  0.0   0.0   0.01  0.1   0.26  0.01  
73    K     0.07  0.03  0.03  0.04  0.0   0.05  0.12  0.02  0.03  0.01  0.01  0.08  0.03  0.02  0.02  0.12  0.19  0.01  0.06  0.07  
74    G     0.0   0.02  0.02  0.06  0.0   0.03  0.01  0.73  0.0   0.0   0.02  0.02  0.01  0.0   0.01  0.02  0.02  0.0   0.0   0.0   
75    V     0.05  0.09  0.03  0.07  0.03  0.09  0.1   0.01  0.01  0.03  0.06  0.1   0.01  0.01  0.11  0.05  0.06  0.01  0.01  0.08  
76    H     0.05  0.07  0.14  0.06  0.0   0.03  0.02  0.03  0.19  0.03  0.05  0.01  0.02  0.03  0.04  0.06  0.11  0.01  0.03  0.01  
77    F     0.07  0.07  0.07  0.07  0.07  0.0   0.0   0.0   0.07  0.07  0.07  0.0   0.07  0.07  0.07  0.07  0.07  0.0   0.0   0.07  
78    E     0.06  0.06  0.06  0.06  0.06  0.06  0.06  0.06  0.06  0.06  0.06  0.06  0.06  0.0   0.06  0.06  0.06  0.0   0.0   0.06  
79    L     0.06  0.05  0.06  0.07  0.03  0.06  0.11  0.05  0.03  0.06  0.06  0.04  0.03  0.03  0.03  0.04  0.06  0.03  0.03  0.08  
80    E     0.06  0.06  0.05  0.06  0.05  0.05  0.06  0.06  0.05  0.06  0.06  0.06  0.0   0.05  0.06  0.06  0.06  0.0   0.05  0.06  
81    I     0.04  0.03  0.03  0.03  0.05  0.03  0.04  0.03  0.03  0.09  0.07  0.06  0.03  0.04  0.05  0.06  0.06  0.04  0.04  0.15  
82    N     0.06  0.06  0.06  0.06  0.06  0.06  0.06  0.06  0.06  0.0   0.06  0.06  0.0   0.06  0.06  0.06  0.06  0.0   0.06  0.06  
83    E     0.05  0.05  0.05  0.05  0.0   0.05  0.05  0.05  0.05  0.05  0.05  0.05  0.05  0.05  0.05  0.05  0.05  0.05  0.05  0.05  
84    G     0.08  0.0   0.0   0.08  0.08  0.08  0.0   0.08  0.0   0.08  0.08  0.0   0.0   0.0   0.08  0.08  0.08  0.0   0.08  0.08  
85    Q     0.14  0.06  0.04  0.07  0.07  0.06  0.06  0.04  0.02  0.02  0.08  0.04  0.01  0.02  0.03  0.11  0.04  0.02  0.04  0.03  
86    S     0.03  0.03  0.04  0.07  0.09  0.04  0.04  0.06  0.03  0.04  0.04  0.05  0.03  0.03  0.04  0.18  0.06  0.0   0.06  0.03  
87    N     0.04  0.04  0.16  0.04  0.04  0.04  0.05  0.13  0.03  0.02  0.08  0.03  0.02  0.02  0.04  0.12  0.04  0.0   0.03  0.06  
88    P     0.05  0.04  0.08  0.07  0.0   0.03  0.06  0.02  0.01  0.02  0.04  0.02  0.02  0.01  0.34  0.03  0.03  0.04  0.05  0.04  
89    H     0.06  0.06  0.06  0.06  0.06  0.06  0.06  0.06  0.06  0.06  0.06  0.0   0.0   0.06  0.06  0.06  0.06  0.0   0.06  0.0   
90    V     0.06  0.04  0.03  0.05  0.06  0.08  0.05  0.06  0.08  0.02  0.09  0.07  0.01  0.02  0.04  0.09  0.05  0.02  0.02  0.06  
91    N     0.02  0.01  0.27  0.04  0.18  0.03  0.02  0.08  0.08  0.02  0.01  0.01  0.01  0.05  0.03  0.05  0.01  0.0   0.04  0.02  
92    N     0.04  0.03  0.15  0.07  0.0   0.1   0.03  0.3   0.05  0.0   0.03  0.02  0.02  0.0   0.04  0.09  0.02  0.0   0.01  0.0   
93    G     0.16  0.0   0.0   0.0   0.02  0.09  0.02  0.43  0.04  0.02  0.02  0.02  0.0   0.03  0.02  0.08  0.03  0.0   0.0   0.0   
94    Q     0.03  0.09  0.02  0.03  0.03  0.08  0.03  0.02  0.07  0.08  0.06  0.05  0.02  0.04  0.02  0.08  0.16  0.0   0.01  0.09  
95    G     0.02  0.0   0.0   0.0   0.88  0.0   0.02  0.02  0.0   0.0   0.0   0.0   0.0   0.0   0.02  0.02  0.0   0.0   0.0   0.0   
96    V     0.03  0.07  0.04  0.02  0.0   0.04  0.05  0.0   0.05  0.1   0.06  0.07  0.02  0.05  0.0   0.04  0.05  0.01  0.06  0.24  
97    D     0.02  0.02  0.29  0.23  0.0   0.03  0.1   0.01  0.01  0.01  0.04  0.01  0.01  0.02  0.04  0.06  0.03  0.0   0.02  0.04  
98    K     0.05  0.08  0.03  0.02  0.02  0.03  0.08  0.15  0.04  0.04  0.1   0.05  0.01  0.01  0.03  0.03  0.16  0.0   0.01  0.07  
99    V     0.05  0.02  0.05  0.05  0.02  0.04  0.12  0.11  0.01  0.06  0.07  0.05  0.01  0.04  0.05  0.04  0.07  0.02  0.01  0.1   
100   N     0.04  0.03  0.17  0.07  0.01  0.03  0.05  0.36  0.02  0.01  0.02  0.02  0.01  0.0   0.02  0.08  0.05  0.0   0.0   0.01  
101   R     0.02  0.08  0.04  0.08  0.02  0.04  0.05  0.21  0.02  0.0   0.01  0.03  0.01  0.0   0.01  0.29  0.04  0.01  0.02  0.01  
102   F     0.03  0.04  0.01  0.01  0.03  0.01  0.01  0.04  0.01  0.02  0.03  0.01  0.01  0.23  0.08  0.04  0.02  0.01  0.3   0.06  
103   Q     0.01  0.1   0.02  0.03  0.0   0.17  0.11  0.0   0.04  0.05  0.04  0.07  0.02  0.02  0.03  0.1   0.08  0.02  0.02  0.07  
104   H     0.0   0.03  0.0   0.0   0.91  0.0   0.0   0.0   0.02  0.0   0.0   0.0   0.0   0.0   0.0   0.03  0.0   0.0   0.0   0.0   
105   L     0.02  0.08  0.03  0.06  0.0   0.08  0.1   0.01  0.03  0.05  0.13  0.05  0.01  0.01  0.04  0.11  0.05  0.02  0.03  0.09  
106   I     0.0   0.0   0.0   0.0   0.91  0.02  0.0   0.02  0.0   0.05  0.0   0.0   0.0   0.0   0.0   0.0   0.0   0.0   0.0   0.0   
107   P     0.08  0.1   0.02  0.03  0.0   0.04  0.05  0.01  0.03  0.01  0.04  0.07  0.01  0.01  0.36  0.06  0.03  0.03  0.01  0.02  
108   P     0.06  0.05  0.02  0.04  0.0   0.04  0.16  0.02  0.02  0.01  0.04  0.03  0.01  0.01  0.34  0.07  0.05  0.0   0.0   0.05  
109   G     0.03  0.01  0.02  0.02  0.0   0.01  0.02  0.8   0.0   0.0   0.0   0.01  0.0   0.01  0.04  0.03  0.01  0.0   0.0   0.0   
110   F     0.01  0.02  0.0   0.0   0.0   0.01  0.0   0.0   0.01  0.0   0.04  0.01  0.01  0.35  0.0   0.0   0.01  0.07  0.44  0.03  
111   T     0.08  0.04  0.0   0.01  0.0   0.05  0.09  0.09  0.02  0.02  0.03  0.03  0.03  0.06  0.0   0.06  0.3   0.02  0.03  0.03  
112   G     0.02  0.01  0.0   0.01  0.0   0.0   0.0   0.88  0.01  0.0   0.0   0.01  0.0   0.0   0.01  0.02  0.0   0.0   0.0   0.03  
113   P     0.11  0.14  0.03  0.06  0.0   0.03  0.09  0.0   0.02  0.02  0.04  0.13  0.01  0.0   0.2   0.07  0.03  0.0   0.01  0.01  
114   V     0.02  0.2   0.13  0.03  0.0   0.03  0.04  0.02  0.07  0.01  0.08  0.03  0.01  0.07  0.0   0.06  0.12  0.0   0.03  0.03  
115   I     0.0   0.0   0.0   0.0   0.94  0.0   0.0   0.02  0.01  0.03  0.0   0.0   0.0   0.0   0.0   0.0   0.0   0.0   0.0   0.0   
116   Q     0.0   0.01  0.02  0.14  0.0   0.2   0.58  0.01  0.01  0.0   0.0   0.01  0.0   0.0   0.0   0.02  0.01  0.0   0.0   0.0   
117   I     0.01  0.02  0.0   0.0   0.0   0.05  0.02  0.0   0.03  0.3   0.28  0.03  0.03  0.01  0.0   0.0   0.05  0.0   0.01  0.16  
118   D     0.0   0.0   0.26  0.55  0.0   0.0   0.19  0.0   0.0   0.0   0.0   0.0   0.0   0.0   0.0   0.0   0.0   0.0   0.0   0.0   
