             A     R     N     D     C     Q     E     G     H     I     L     K     M     F     P     S     T     W     Y     V
1     A     0.0   0.0   0.0   0.0   0.0   0.0   0.0   0.0   0.0   0.0   0.0   0.0   0.0   0.0   0.0   0.0   0.0   0.0   0.0   0.0   
2     P     0.0   0.0   0.0   0.0   0.0   0.0   0.0   0.0   0.0   0.0   0.0   0.0   0.0   0.0   0.0   0.0   0.0   0.0   0.0   0.0   
3     V     0.0   0.0   0.0   0.0   0.0   0.0   0.0   0.0   0.0   0.0   0.0   0.0   0.0   0.0   0.0   0.0   0.0   0.0   0.0   0.0   
4     L     0.0   0.0   0.0   0.0   0.0   0.0   0.0   0.0   0.0   0.25  0.75  0.0   0.0   0.0   0.0   0.0   0.0   0.0   0.0   0.0   
5     M     0.0   0.0   0.0   0.0   0.0   0.0   0.0   0.0   0.0   0.25  0.0   0.25  0.23  0.0   0.0   0.0   0.27  0.0   0.0   0.0   
6     M     0.0   0.0   0.0   0.0   0.0   0.0   0.0   0.0   0.0   0.0   0.51  0.0   0.49  0.0   0.0   0.0   0.0   0.0   0.0   0.0   
7     A     1.0   0.0   0.0   0.0   0.0   0.0   0.0   0.0   0.0   0.0   0.0   0.0   0.0   0.0   0.0   0.0   0.0   0.0   0.0   0.0   
8     T     0.0   0.0   0.0   0.0   0.0   0.0   0.0   0.0   0.0   0.0   0.0   0.0   0.0   0.0   0.0   0.0   1.0   0.0   0.0   0.0   
9     T     0.0   0.0   0.0   0.0   0.0   0.0   0.0   0.0   0.0   0.0   0.0   0.0   0.0   0.0   0.0   0.0   1.0   0.0   0.0   0.0   
10    T     0.0   0.0   0.0   0.0   0.0   0.0   0.0   0.0   0.0   0.0   0.0   0.0   0.0   0.0   0.0   0.0   1.0   0.0   0.0   0.0   
11    S     0.0   0.0   0.0   0.0   0.0   0.0   0.0   0.0   0.0   0.0   0.0   0.0   0.0   0.0   0.0   1.0   0.0   0.0   0.0   0.0   
12    T     0.0   0.0   0.0   0.0   0.0   0.0   0.0   0.0   0.0   0.0   0.0   0.0   0.0   0.0   0.0   0.0   1.0   0.0   0.0   0.0   
13    D     0.0   0.0   0.0   0.49  0.0   0.0   0.0   0.0   0.0   0.0   0.0   0.0   0.0   0.0   0.0   0.25  0.0   0.0   0.27  0.0   
14    N     0.0   0.0   0.49  0.51  0.0   0.0   0.0   0.0   0.0   0.0   0.0   0.0   0.0   0.0   0.0   0.0   0.0   0.0   0.0   0.0   
15    T     0.0   0.0   0.0   0.0   0.0   0.0   0.0   0.0   0.0   0.0   0.0   0.0   0.0   0.0   0.0   0.25  0.75  0.0   0.0   0.0   
16    G     0.0   0.0   0.0   0.0   0.0   0.0   0.0   1.0   0.0   0.0   0.0   0.0   0.0   0.0   0.0   0.0   0.0   0.0   0.0   0.0   
17    L     0.0   0.0   0.0   0.0   0.0   0.0   0.0   0.0   0.0   0.0   1.0   0.0   0.0   0.0   0.0   0.0   0.0   0.0   0.0   0.0   
18    L     0.0   0.0   0.0   0.0   0.0   0.0   0.0   0.0   0.0   0.0   1.0   0.0   0.0   0.0   0.0   0.0   0.0   0.0   0.0   0.0   
19    D     0.0   0.0   0.0   1.0   0.0   0.0   0.0   0.0   0.0   0.0   0.0   0.0   0.0   0.0   0.0   0.0   0.0   0.0   0.0   0.0   
20    D     0.52  0.0   0.0   0.23  0.0   0.0   0.0   0.0   0.0   0.0   0.0   0.0   0.0   0.0   0.0   0.0   0.0   0.0   0.25  0.0   
21    L     0.0   0.0   0.0   0.0   0.0   0.0   0.0   0.0   0.0   0.0   1.0   0.0   0.0   0.0   0.0   0.0   0.0   0.0   0.0   0.0   
22    A     0.23  0.0   0.27  0.0   0.0   0.0   0.0   0.0   0.0   0.0   0.25  0.25  0.0   0.0   0.0   0.0   0.0   0.0   0.0   0.0   
23    P     0.0   0.0   0.0   0.0   0.0   0.0   0.0   0.0   0.0   0.0   0.0   0.0   0.0   0.0   1.0   0.0   0.0   0.0   0.0   0.0   
24    Q     0.0   0.0   0.0   0.0   0.0   0.23  0.25  0.0   0.0   0.0   0.25  0.0   0.0   0.0   0.0   0.0   0.0   0.0   0.0   0.27  
25    F     0.0   0.0   0.0   0.0   0.0   0.0   0.0   0.0   0.0   0.0   0.0   0.0   0.0   0.75  0.0   0.0   0.0   0.0   0.25  0.0   
26    T     0.0   0.0   0.0   0.0   0.0   0.0   0.52  0.0   0.0   0.0   0.0   0.0   0.0   0.0   0.0   0.0   0.48  0.0   0.0   0.0   
27    K     0.0   0.0   0.0   0.0   0.0   0.0   0.27  0.0   0.0   0.0   0.0   0.73  0.0   0.0   0.0   0.0   0.0   0.0   0.0   0.0   
28    D     0.0   0.0   0.0   0.48  0.0   0.0   0.25  0.0   0.0   0.0   0.0   0.27  0.0   0.0   0.0   0.0   0.0   0.0   0.0   0.0   
29    T     0.0   0.0   0.0   0.0   0.0   0.0   0.0   0.0   0.0   0.0   0.0   0.0   0.0   0.27  0.0   0.25  0.48  0.0   0.0   0.0   
30    G     0.0   0.0   0.27  0.0   0.0   0.0   0.0   0.73  0.0   0.0   0.0   0.0   0.0   0.0   0.0   0.0   0.0   0.0   0.0   0.0   
31    I     0.27  0.0   0.25  0.0   0.0   0.0   0.0   0.0   0.0   0.48  0.0   0.0   0.0   0.0   0.0   0.0   0.0   0.0   0.0   0.0   
32    E     0.0   0.27  0.0   0.0   0.0   0.0   0.48  0.0   0.0   0.0   0.0   0.0   0.0   0.0   0.0   0.0   0.25  0.0   0.0   0.0   
33    L     0.25  0.0   0.0   0.0   0.0   0.0   0.0   0.0   0.0   0.0   0.49  0.0   0.0   0.0   0.0   0.0   0.0   0.0   0.0   0.27  
34    R     0.0   0.23  0.0   0.0   0.0   0.0   0.0   0.0   0.0   0.0   0.0   0.77  0.0   0.0   0.0   0.0   0.0   0.0   0.0   0.0   
35    W     0.0   0.0   0.0   0.0   0.0   0.0   0.0   0.0   0.0   0.0   0.0   0.0   0.0   0.0   0.0   0.0   0.27  0.49  0.0   0.25  
36    T     0.0   0.0   0.0   0.0   0.0   0.0   0.0   0.0   0.0   0.27  0.0   0.0   0.0   0.0   0.0   0.0   0.23  0.0   0.0   0.5   
37    A     0.73  0.0   0.0   0.0   0.0   0.0   0.0   0.0   0.0   0.0   0.0   0.0   0.0   0.0   0.0   0.27  0.0   0.0   0.0   0.0   
38    V     0.0   0.0   0.0   0.0   0.0   0.27  0.0   0.0   0.0   0.0   0.0   0.0   0.0   0.0   0.0   0.0   0.0   0.0   0.0   0.73  
39    G     0.0   0.0   0.0   0.0   0.0   0.0   0.0   1.0   0.0   0.0   0.0   0.0   0.0   0.0   0.0   0.0   0.0   0.0   0.0   0.0   
40    T     0.0   0.0   0.0   0.0   0.0   0.0   0.0   0.0   0.0   0.0   0.0   0.0   0.0   0.0   0.0   0.0   1.0   0.0   0.0   0.0   
41    G     0.0   0.0   0.0   0.0   0.0   0.0   0.0   1.0   0.0   0.0   0.0   0.0   0.0   0.0   0.0   0.0   0.0   0.0   0.0   0.0   
42    K     0.52  0.0   0.0   0.0   0.0   0.25  0.0   0.0   0.0   0.0   0.0   0.23  0.0   0.0   0.0   0.0   0.0   0.0   0.0   0.0   
43    A     1.0   0.0   0.0   0.0   0.0   0.0   0.0   0.0   0.0   0.0   0.0   0.0   0.0   0.0   0.0   0.0   0.0   0.0   0.0   0.0   
44    L     0.0   0.0   0.0   0.0   0.0   0.0   0.0   0.0   0.0   0.27  0.73  0.0   0.0   0.0   0.0   0.0   0.0   0.0   0.0   0.0   
45    K     0.0   0.0   0.0   0.0   0.0   0.25  0.27  0.0   0.0   0.0   0.0   0.49  0.0   0.0   0.0   0.0   0.0   0.0   0.0   0.0   
46    M     0.0   0.0   0.0   0.0   0.0   0.0   0.0   0.0   0.0   0.0   0.0   0.0   0.73  0.0   0.0   0.0   0.27  0.0   0.0   0.0   
47    G     0.27  0.0   0.0   0.0   0.0   0.0   0.0   0.73  0.0   0.0   0.0   0.0   0.0   0.0   0.0   0.0   0.0   0.0   0.0   0.0   
48    E     0.0   0.27  0.0   0.0   0.0   0.0   0.49  0.0   0.0   0.0   0.0   0.25  0.0   0.0   0.0   0.0   0.0   0.0   0.0   0.0   
49    N     0.0   0.0   0.5   0.5   0.0   0.0   0.0   0.0   0.0   0.0   0.0   0.0   0.0   0.0   0.0   0.0   0.0   0.0   0.0   0.0   
50    A     0.23  0.0   0.0   0.0   0.25  0.0   0.0   0.51  0.0   0.0   0.0   0.0   0.0   0.0   0.0   0.0   0.0   0.0   0.0   0.0   
51    D     0.0   0.0   0.25  0.5   0.0   0.0   0.25  0.0   0.0   0.0   0.0   0.0   0.0   0.0   0.0   0.0   0.0   0.0   0.0   0.0   
52    V     0.77  0.0   0.0   0.0   0.0   0.0   0.0   0.0   0.0   0.0   0.0   0.0   0.0   0.0   0.0   0.0   0.0   0.0   0.0   0.23  
53    D     0.0   0.0   0.0   1.0   0.0   0.0   0.0   0.0   0.0   0.0   0.0   0.0   0.0   0.0   0.0   0.0   0.0   0.0   0.0   0.0   
54    I     0.0   0.0   0.0   0.0   0.0   0.0   0.0   0.0   0.0   0.23  0.0   0.0   0.0   0.0   0.0   0.0   0.0   0.0   0.0   0.77  
55    L     0.0   0.0   0.0   0.0   0.0   0.0   0.0   0.0   0.0   0.27  0.73  0.0   0.0   0.0   0.0   0.0   0.0   0.0   0.0   0.0   
56    L     0.0   0.0   0.0   0.0   0.0   0.0   0.0   0.0   0.0   0.0   0.75  0.0   0.0   0.25  0.0   0.0   0.0   0.0   0.0   0.0   
57    V     0.0   0.0   0.0   0.0   0.0   0.0   0.0   0.0   0.0   0.0   0.0   0.0   0.0   0.0   0.0   0.0   0.0   0.0   0.0   1.0   
58    H     0.0   0.0   0.0   0.0   0.0   0.0   0.0   0.0   1.0   0.0   0.0   0.0   0.0   0.0   0.0   0.0   0.0   0.0   0.0   0.0   
59    A     0.5   0.0   0.0   0.0   0.0   0.0   0.0   0.0   0.0   0.0   0.0   0.0   0.0   0.0   0.0   0.5   0.0   0.0   0.0   0.0   
60    P     0.0   0.27  0.0   0.0   0.0   0.0   0.0   0.0   0.0   0.0   0.0   0.25  0.0   0.0   0.49  0.0   0.0   0.0   0.0   0.0   
61    A     0.48  0.0   0.0   0.0   0.0   0.0   0.0   0.27  0.0   0.0   0.0   0.25  0.0   0.0   0.0   0.0   0.0   0.0   0.0   0.0   
62    A     1.0   0.0   0.0   0.0   0.0   0.0   0.0   0.0   0.0   0.0   0.0   0.0   0.0   0.0   0.0   0.0   0.0   0.0   0.0   0.0   
63    E     0.0   0.0   0.0   0.0   0.0   0.0   1.0   0.0   0.0   0.0   0.0   0.0   0.0   0.0   0.0   0.0   0.0   0.0   0.0   0.0   
64    K     0.0   0.0   0.0   0.27  0.0   0.0   0.25  0.0   0.0   0.0   0.0   0.49  0.0   0.0   0.0   0.0   0.0   0.0   0.0   0.0   
65    A     0.23  0.0   0.0   0.0   0.0   0.0   0.77  0.0   0.0   0.0   0.0   0.0   0.0   0.0   0.0   0.0   0.0   0.0   0.0   0.0   
66    F     0.0   0.0   0.0   0.0   0.0   0.0   0.0   0.0   0.0   0.0   0.0   0.0   0.0   1.0   0.0   0.0   0.0   0.0   0.0   0.0   
67    V     0.0   0.0   0.0   0.0   0.0   0.0   0.0   0.0   0.0   0.0   0.27  0.0   0.25  0.0   0.0   0.0   0.0   0.0   0.0   0.48  
68    D     0.25  0.0   0.0   0.23  0.0   0.27  0.0   0.0   0.0   0.0   0.0   0.25  0.0   0.0   0.0   0.0   0.0   0.0   0.0   0.0   
69    A     0.48  0.0   0.0   0.27  0.0   0.0   0.0   0.0   0.0   0.0   0.0   0.25  0.0   0.0   0.0   0.0   0.0   0.0   0.0   0.0   
70    G     0.0   0.0   0.0   0.0   0.0   0.0   0.0   1.0   0.0   0.0   0.0   0.0   0.0   0.0   0.0   0.0   0.0   0.0   0.0   0.0   
71    F     0.0   0.0   0.0   0.25  0.0   0.0   0.0   0.0   0.0   0.0   0.0   0.0   0.0   0.49  0.0   0.0   0.0   0.0   0.27  0.0   
72    G     0.0   0.0   0.0   0.0   0.0   0.0   0.0   1.0   0.0   0.0   0.0   0.0   0.0   0.0   0.0   0.0   0.0   0.0   0.0   0.0   
73    T     0.0   0.0   0.0   0.0   0.0   0.0   0.0   0.0   0.0   0.0   0.25  0.0   0.0   0.0   0.0   0.0   0.23  0.0   0.0   0.52  
74    A     0.23  0.0   0.27  0.25  0.0   0.0   0.25  0.0   0.0   0.0   0.0   0.0   0.0   0.0   0.0   0.0   0.0   0.0   0.0   0.0   
75    R     0.0   1.0   0.0   0.0   0.0   0.0   0.0   0.0   0.0   0.0   0.0   0.0   0.0   0.0   0.0   0.0   0.0   0.0   0.0   0.0   
76    T     0.0   0.27  0.0   0.0   0.0   0.0   0.0   0.0   0.0   0.0   0.0   0.25  0.0   0.0   0.0   0.0   0.49  0.0   0.0   0.0   
77    Q     0.0   0.0   0.0   0.51  0.0   0.23  0.0   0.0   0.0   0.0   0.0   0.0   0.0   0.0   0.25  0.0   0.0   0.0   0.0   0.0   
78    L     0.0   0.0   0.0   0.0   0.0   0.0   0.0   0.0   0.0   0.0   0.23  0.0   0.0   0.0   0.0   0.0   0.0   0.0   0.0   0.77  
79    M     0.0   0.0   0.0   0.0   0.0   0.0   0.0   0.0   0.0   0.0   0.0   0.0   1.0   0.0   0.0   0.0   0.0   0.0   0.0   0.0   
80    Y     0.0   0.0   0.0   0.0   0.0   0.0   0.0   0.0   0.0   0.0   0.0   0.0   0.0   0.27  0.0   0.0   0.0   0.0   0.73  0.0   
81    N     0.0   0.0   1.0   0.0   0.0   0.0   0.0   0.0   0.0   0.0   0.0   0.0   0.0   0.0   0.0   0.0   0.0   0.0   0.0   0.0   
82    D     0.0   0.0   0.0   1.0   0.0   0.0   0.0   0.0   0.0   0.0   0.0   0.0   0.0   0.0   0.0   0.0   0.0   0.0   0.0   0.0   
83    F     0.0   0.0   0.0   0.0   0.0   0.0   0.0   0.0   0.0   0.0   0.0   0.0   0.0   1.0   0.0   0.0   0.0   0.0   0.0   0.0   
84    V     0.0   0.0   0.0   0.0   0.0   0.0   0.0   0.0   0.0   0.5   0.0   0.0   0.0   0.0   0.0   0.0   0.0   0.0   0.0   0.5   
85    I     0.0   0.0   0.0   0.0   0.0   0.0   0.0   0.0   0.0   0.49  0.25  0.0   0.0   0.0   0.0   0.0   0.0   0.0   0.0   0.27  
86    I     0.0   0.0   0.0   0.0   0.0   0.0   0.0   0.0   0.0   0.49  0.0   0.0   0.0   0.0   0.0   0.0   0.0   0.0   0.0   0.51  
87    G     0.25  0.0   0.0   0.0   0.0   0.0   0.0   0.75  0.0   0.0   0.0   0.0   0.0   0.0   0.0   0.0   0.0   0.0   0.0   0.0   
88    P     0.0   0.0   0.0   0.25  0.0   0.0   0.0   0.0   0.0   0.0   0.0   0.0   0.0   0.0   0.75  0.0   0.0   0.0   0.0   0.0   
89    A     0.75  0.0   0.0   0.0   0.0   0.0   0.0   0.0   0.0   0.0   0.0   0.25  0.0   0.0   0.0   0.0   0.0   0.0   0.0   0.0   
90    A     0.23  0.0   0.25  0.27  0.0   0.0   0.0   0.0   0.0   0.0   0.0   0.0   0.0   0.0   0.0   0.25  0.0   0.0   0.0   0.0   
91    D     0.0   0.0   0.0   0.75  0.0   0.0   0.0   0.0   0.0   0.0   0.25  0.0   0.0   0.0   0.0   0.0   0.0   0.0   0.0   0.0   
92    P     0.25  0.0   0.0   0.0   0.0   0.0   0.0   0.0   0.0   0.0   0.0   0.0   0.0   0.0   0.75  0.0   0.0   0.0   0.0   0.0   
93    A     0.5   0.0   0.0   0.0   0.0   0.0   0.0   0.0   0.0   0.0   0.25  0.0   0.0   0.0   0.0   0.25  0.0   0.0   0.0   0.0   
94    G     0.0   0.0   0.0   0.0   0.0   0.0   0.0   0.5   0.0   0.0   0.0   0.5   0.0   0.0   0.0   0.0   0.0   0.0   0.0   0.0   
95    V     0.0   0.0   0.0   0.0   0.0   0.0   0.0   0.0   0.0   0.27  0.25  0.0   0.0   0.25  0.0   0.0   0.0   0.0   0.0   0.23  
96    K     0.0   0.0   0.0   0.0   0.0   0.0   0.0   0.0   0.0   0.0   0.0   0.73  0.0   0.0   0.0   0.27  0.0   0.0   0.0   0.0   
97    G     0.0   0.0   0.0   0.0   0.0   0.25  0.0   0.75  0.0   0.0   0.0   0.0   0.0   0.0   0.0   0.0   0.0   0.0   0.0   0.0   
98    M     0.0   0.0   0.0   0.0   0.0   0.0   0.25  0.0   0.0   0.0   0.0   0.25  0.5   0.0   0.0   0.0   0.0   0.0   0.0   0.0   
99    T     0.0   0.0   0.25  0.0   0.0   0.0   0.27  0.0   0.0   0.0   0.25  0.0   0.0   0.0   0.0   0.0   0.23  0.0   0.0   0.0   
100   V     0.0   0.0   0.0   0.0   0.0   0.0   0.0   0.0   0.0   0.25  0.25  0.0   0.0   0.0   0.0   0.27  0.0   0.0   0.0   0.23  
101   A     0.5   0.0   0.0   0.0   0.0   0.0   0.0   0.0   0.0   0.0   0.0   0.25  0.0   0.0   0.0   0.0   0.0   0.0   0.0   0.25  
102   A     0.5   0.0   0.0   0.0   0.0   0.0   0.25  0.25  0.0   0.0   0.0   0.0   0.0   0.0   0.0   0.0   0.0   0.0   0.0   0.0   
103   A     0.75  0.0   0.0   0.0   0.0   0.0   0.0   0.0   0.0   0.0   0.0   0.0   0.0   0.0   0.0   0.25  0.0   0.0   0.0   0.0   
104   L     0.0   0.0   0.0   0.0   0.0   0.0   0.0   0.0   0.0   0.0   0.73  0.0   0.0   0.27  0.0   0.0   0.0   0.0   0.0   0.0   
105   G     0.27  0.0   0.0   0.0   0.0   0.0   0.25  0.23  0.0   0.0   0.0   0.25  0.0   0.0   0.0   0.0   0.0   0.0   0.0   0.0   
106   K     0.0   0.0   0.0   0.0   0.0   0.0   0.0   0.0   0.0   0.0   0.25  0.48  0.0   0.0   0.0   0.0   0.27  0.0   0.0   0.0   
107   I     0.0   0.0   0.0   0.0   0.0   0.0   0.0   0.0   0.0   0.73  0.0   0.0   0.0   0.0   0.0   0.0   0.0   0.0   0.0   0.27  
108   A     0.5   0.0   0.0   0.0   0.0   0.0   0.0   0.0   0.0   0.0   0.0   0.25  0.0   0.0   0.0   0.25  0.0   0.0   0.0   0.0   
109   A     0.23  0.0   0.25  0.27  0.0   0.0   0.25  0.0   0.0   0.0   0.0   0.0   0.0   0.0   0.0   0.0   0.0   0.0   0.0   0.0   
110   D     0.27  0.0   0.0   0.23  0.0   0.25  0.25  0.0   0.0   0.0   0.0   0.0   0.0   0.0   0.0   0.0   0.0   0.0   0.0   0.0   
111   N     0.0   0.0   0.23  0.0   0.0   0.0   0.0   0.27  0.0   0.0   0.0   0.5   0.0   0.0   0.0   0.0   0.0   0.0   0.0   0.0   
112   A     0.5   0.0   0.0   0.0   0.0   0.0   0.0   0.0   0.0   0.0   0.25  0.0   0.0   0.25  0.0   0.0   0.0   0.0   0.0   0.0   
113   V     0.0   0.0   0.0   0.0   0.0   0.0   0.0   0.0   0.0   0.0   0.0   0.25  0.0   0.0   0.0   0.0   0.52  0.0   0.0   0.23  
114   F     0.0   0.0   0.0   0.0   0.0   0.0   0.0   0.0   0.0   0.0   0.0   0.0   0.0   1.0   0.0   0.0   0.0   0.0   0.0   0.0   
115   V     0.0   0.0   0.0   0.0   0.0   0.0   0.0   0.0   0.0   0.5   0.0   0.0   0.0   0.0   0.0   0.0   0.0   0.0   0.0   0.5   
116   S     0.0   0.0   0.0   0.0   0.0   0.0   0.0   0.0   0.0   0.0   0.0   0.0   0.0   0.0   0.0   1.0   0.0   0.0   0.0   0.0   
117   R     0.0   1.0   0.0   0.0   0.0   0.0   0.0   0.0   0.0   0.0   0.0   0.0   0.0   0.0   0.0   0.0   0.0   0.0   0.0   0.0   
118   G     0.0   0.0   0.0   0.0   0.0   0.0   0.0   1.0   0.0   0.0   0.0   0.0   0.0   0.0   0.0   0.0   0.0   0.0   0.0   0.0   
119   D     0.0   0.0   0.0   1.0   0.0   0.0   0.0   0.0   0.0   0.0   0.0   0.0   0.0   0.0   0.0   0.0   0.0   0.0   0.0   0.0   
120   N     0.0   0.0   0.23  0.51  0.0   0.0   0.0   0.0   0.0   0.0   0.0   0.25  0.0   0.0   0.0   0.0   0.0   0.0   0.0   0.0   
121   S     0.0   0.0   0.0   0.0   0.0   0.0   0.0   0.0   0.0   0.0   0.0   0.0   0.0   0.0   0.0   1.0   0.0   0.0   0.0   0.0   
122   G     0.0   0.0   0.0   0.0   0.0   0.0   0.0   1.0   0.0   0.0   0.0   0.0   0.0   0.0   0.0   0.0   0.0   0.0   0.0   0.0   
123   T     0.0   0.0   0.0   0.0   0.0   0.0   0.0   0.0   0.0   0.0   0.0   0.0   0.0   0.0   0.0   0.0   1.0   0.0   0.0   0.0   
124   H     0.0   0.0   0.27  0.25  0.0   0.0   0.0   0.0   0.48  0.0   0.0   0.0   0.0   0.0   0.0   0.0   0.0   0.0   0.0   0.0   
125   K     0.0   0.0   0.25  0.0   0.0   0.0   0.0   0.0   0.0   0.0   0.0   0.75  0.0   0.0   0.0   0.0   0.0   0.0   0.0   0.0   
126   M     0.0   0.0   0.0   0.0   0.0   0.0   0.0   0.0   0.0   0.0   0.0   0.77  0.23  0.0   0.0   0.0   0.0   0.0   0.0   0.0   
127   E     0.0   0.0   0.0   0.0   0.0   0.0   1.0   0.0   0.0   0.0   0.0   0.0   0.0   0.0   0.0   0.0   0.0   0.0   0.0   0.0   
128   K     0.0   0.0   0.0   0.0   0.0   0.0   0.0   0.0   0.0   0.0   0.51  0.49  0.0   0.0   0.0   0.0   0.0   0.0   0.0   0.0   
129   S     0.25  0.0   0.0   0.0   0.0   0.0   0.0   0.0   0.0   0.0   0.27  0.0   0.0   0.0   0.0   0.49  0.0   0.0   0.0   0.0   
130   L     0.0   0.0   0.0   0.0   0.0   0.0   0.0   0.0   0.0   0.27  0.73  0.0   0.0   0.0   0.0   0.0   0.0   0.0   0.0   0.0   
131   W     0.0   0.0   0.0   0.0   0.0   0.0   0.0   0.0   0.0   0.0   0.0   0.0   0.0   0.0   0.0   0.0   0.0   1.0   0.0   0.0   
132   K     0.02  0.01  0.01  0.01  0.01  0.01  0.02  0.02  0.01  0.01  0.02  0.5   0.01  0.01  0.01  0.02  0.26  0.0   0.01  0.02  
133   Q     0.0   0.0   0.25  0.0   0.0   0.23  0.51  0.0   0.0   0.0   0.0   0.0   0.0   0.0   0.0   0.0   0.0   0.0   0.0   0.0   
134   I     0.27  0.0   0.0   0.0   0.0   0.0   0.0   0.0   0.0   0.23  0.25  0.0   0.0   0.0   0.0   0.0   0.0   0.0   0.0   0.25  
135   E     0.31  0.03  0.02  0.03  0.01  0.02  0.26  0.04  0.01  0.03  0.05  0.03  0.01  0.02  0.03  0.04  0.03  0.01  0.02  0.03  
136   G     0.0   0.0   0.0   0.0   0.0   0.0   0.0   1.0   0.0   0.0   0.0   0.0   0.0   0.0   0.0   0.0   0.0   0.0   0.0   0.0   
137   P     0.0   0.0   0.0   0.0   0.0   0.0   0.0   0.25  0.0   0.25  0.0   0.0   0.0   0.0   0.23  0.0   0.0   0.0   0.0   0.27  
138   S     0.0   0.0   0.0   0.0   0.0   0.0   0.27  0.0   0.0   0.0   0.0   0.0   0.0   0.0   0.0   0.23  0.25  0.0   0.0   0.25  
139   P     0.0   0.0   0.0   0.0   0.0   0.0   0.0   0.0   0.0   0.0   0.0   0.0   0.0   0.0   1.0   0.0   0.0   0.0   0.0   0.0   
140   E     0.0   0.0   0.0   0.0   0.0   0.0   0.73  0.0   0.0   0.0   0.0   0.0   0.0   0.0   0.0   0.27  0.0   0.0   0.0   0.0   
141   K     0.0   0.0   0.0   0.0   0.0   0.0   0.0   0.51  0.0   0.0   0.0   0.49  0.0   0.0   0.0   0.0   0.0   0.0   0.0   0.0   
142   E     0.02  0.01  0.01  0.26  0.01  0.27  0.25  0.02  0.01  0.01  0.02  0.02  0.01  0.01  0.01  0.02  0.02  0.0   0.01  0.02  
143   A     0.25  0.01  0.01  0.01  0.0   0.01  0.02  0.02  0.01  0.01  0.02  0.01  0.01  0.01  0.01  0.27  0.28  0.0   0.01  0.02  
144   W     0.0   0.0   0.0   0.0   0.0   0.0   0.0   0.0   0.0   0.0   0.0   0.0   0.0   0.0   0.0   0.0   0.0   0.75  0.25  0.0   
145   Y     0.0   0.0   0.0   0.0   0.0   0.0   0.0   0.0   0.0   0.0   0.0   0.0   0.0   0.0   0.0   0.0   0.0   0.0   1.0   0.0   
146   V     0.0   0.27  0.0   0.0   0.0   0.25  0.0   0.0   0.0   0.0   0.0   0.0   0.0   0.0   0.0   0.0   0.0   0.0   0.0   0.48  
147   Q     0.0   0.0   0.0   0.0   0.0   0.49  0.27  0.0   0.0   0.0   0.0   0.0   0.0   0.0   0.0   0.25  0.0   0.0   0.0   0.0   
148   T     0.25  0.0   0.0   0.0   0.0   0.0   0.0   0.0   0.0   0.27  0.0   0.0   0.0   0.0   0.0   0.25  0.23  0.0   0.0   0.0   
149   G     0.0   0.0   0.0   0.0   0.0   0.0   0.0   1.0   0.0   0.0   0.0   0.0   0.0   0.0   0.0   0.0   0.0   0.0   0.0   0.0   
150   Q     0.0   0.25  0.0   0.0   0.0   0.49  0.0   0.0   0.0   0.0   0.0   0.27  0.0   0.0   0.0   0.0   0.0   0.0   0.0   0.0   
151   G     0.0   0.0   0.0   0.0   0.0   0.0   0.0   1.0   0.0   0.0   0.0   0.0   0.0   0.0   0.0   0.0   0.0   0.0   0.0   0.0   
152   M     0.0   0.0   0.0   0.0   0.0   0.0   0.0   0.0   0.0   0.0   0.0   0.0   1.0   0.0   0.0   0.0   0.0   0.0   0.0   0.0   
153   L     0.0   0.0   0.0   0.0   0.0   0.0   0.0   0.51  0.0   0.0   0.49  0.0   0.0   0.0   0.0   0.0   0.0   0.0   0.0   0.0   
154   R     0.25  0.23  0.0   0.51  0.0   0.0   0.0   0.0   0.0   0.0   0.0   0.0   0.0   0.0   0.0   0.0   0.0   0.0   0.0   0.0   
155   T     0.0   0.0   0.0   0.0   0.0   0.0   0.0   0.0   0.0   0.0   0.0   0.0   0.0   0.0   0.0   0.25  0.5   0.0   0.0   0.25  
156   I     0.0   0.0   0.0   0.0   0.0   0.0   0.0   0.0   0.0   0.49  0.51  0.0   0.0   0.0   0.0   0.0   0.0   0.0   0.0   0.0   
157   N     0.0   0.0   0.23  0.0   0.0   0.0   0.0   0.0   0.0   0.0   0.0   0.5   0.0   0.0   0.0   0.0   0.0   0.0   0.0   0.27  
158   V     0.0   0.0   0.0   0.0   0.0   0.27  0.0   0.0   0.0   0.25  0.0   0.0   0.25  0.0   0.0   0.0   0.0   0.0   0.0   0.23  
159   A     1.0   0.0   0.0   0.0   0.0   0.0   0.0   0.0   0.0   0.0   0.0   0.0   0.0   0.0   0.0   0.0   0.0   0.0   0.0   0.0   
160   A     0.23  0.0   0.0   0.51  0.0   0.0   0.25  0.0   0.0   0.0   0.0   0.0   0.0   0.0   0.0   0.0   0.0   0.0   0.0   0.0   
161   E     0.0   0.0   0.0   0.0   0.0   0.27  0.73  0.0   0.0   0.0   0.0   0.0   0.0   0.0   0.0   0.0   0.0   0.0   0.0   0.0   
162   K     0.0   0.0   0.0   0.0   0.0   0.0   0.0   0.0   0.0   0.0   0.0   0.49  0.25  0.0   0.0   0.27  0.0   0.0   0.0   0.0   
163   G     0.0   0.0   0.0   0.0   0.0   0.25  0.0   0.5   0.0   0.0   0.0   0.25  0.0   0.0   0.0   0.0   0.0   0.0   0.0   0.0   
164   G     0.51  0.0   0.0   0.0   0.0   0.0   0.0   0.49  0.0   0.0   0.0   0.0   0.0   0.0   0.0   0.0   0.0   0.0   0.0   0.0   
165   Y     0.0   0.0   0.0   0.0   0.0   0.0   0.0   0.0   0.0   0.0   0.0   0.0   0.0   0.0   0.0   0.0   0.0   0.0   0.75  0.25  
166   T     0.0   0.0   0.0   0.0   0.0   0.0   0.0   0.0   0.0   0.25  0.0   0.0   0.0   0.0   0.0   0.0   0.75  0.0   0.0   0.0   
167   M     0.0   0.0   0.0   0.0   0.0   0.0   0.0   0.0   0.0   0.25  0.52  0.0   0.23  0.0   0.0   0.0   0.0   0.0   0.0   0.0   
168   T     0.25  0.0   0.0   0.0   0.0   0.0   0.0   0.0   0.0   0.0   0.0   0.0   0.0   0.0   0.0   0.27  0.49  0.0   0.0   0.0   
169   D     0.0   0.0   0.0   1.0   0.0   0.0   0.0   0.0   0.0   0.0   0.0   0.0   0.0   0.0   0.0   0.0   0.0   0.0   0.0   0.0   
170   R     0.0   1.0   0.0   0.0   0.0   0.0   0.0   0.0   0.0   0.0   0.0   0.0   0.0   0.0   0.0   0.0   0.0   0.0   0.0   0.0   
171   G     0.0   0.0   0.0   0.0   0.0   0.0   0.0   1.0   0.0   0.0   0.0   0.0   0.0   0.0   0.0   0.0   0.0   0.0   0.0   0.0   
172   T     0.0   0.0   0.0   0.0   0.0   0.0   0.0   0.0   0.0   0.0   0.0   0.0   0.0   0.0   0.0   0.0   1.0   0.0   0.0   0.0   
173   Y     0.0   0.0   0.0   0.0   0.0   0.0   0.0   0.0   0.0   0.0   0.0   0.0   0.0   0.27  0.0   0.0   0.0   0.0   0.73  0.0   
174   I     0.0   0.0   0.0   0.0   0.0   0.0   0.0   0.0   0.0   0.49  0.51  0.0   0.0   0.0   0.0   0.0   0.0   0.0   0.0   0.0   
175   K     0.29  0.01  0.01  0.01  0.0   0.01  0.02  0.02  0.01  0.01  0.02  0.5   0.01  0.01  0.01  0.02  0.01  0.0   0.01  0.02  
176   Y     0.02  0.01  0.01  0.01  0.0   0.01  0.02  0.02  0.01  0.01  0.02  0.01  0.01  0.01  0.01  0.02  0.28  0.0   0.49  0.02  
177   E     0.02  0.01  0.01  0.01  0.0   0.28  0.5   0.02  0.01  0.01  0.02  0.01  0.01  0.01  0.01  0.02  0.01  0.0   0.01  0.02  
178   A     0.51  0.01  0.01  0.28  0.0   0.01  0.02  0.02  0.01  0.01  0.02  0.01  0.01  0.01  0.01  0.02  0.01  0.0   0.01  0.02  
179   S     0.0   0.0   0.52  0.0   0.0   0.0   0.0   0.0   0.0   0.0   0.0   0.0   0.0   0.0   0.0   0.48  0.0   0.0   0.0   0.0   
180   M     0.0   0.0   0.0   0.0   0.0   0.0   0.25  0.0   0.0   0.27  0.0   0.0   0.48  0.0   0.0   0.0   0.0   0.0   0.0   0.0   
181   D     0.0   0.0   0.0   0.5   0.0   0.0   0.0   0.0   0.0   0.0   0.0   0.5   0.0   0.0   0.0   0.0   0.0   0.0   0.0   0.0   
182   G     0.27  0.01  0.01  0.01  0.01  0.01  0.02  0.51  0.01  0.01  0.02  0.02  0.01  0.01  0.01  0.02  0.02  0.0   0.01  0.02  
183   N     0.02  0.01  0.24  0.26  0.01  0.01  0.02  0.02  0.01  0.01  0.02  0.27  0.01  0.01  0.01  0.02  0.02  0.0   0.01  0.02  
184   P     0.02  0.01  0.01  0.01  0.01  0.01  0.02  0.02  0.01  0.01  0.27  0.02  0.01  0.01  0.5   0.02  0.02  0.0   0.01  0.02  
185   P     0.02  0.01  0.27  0.01  0.01  0.01  0.02  0.27  0.01  0.01  0.02  0.02  0.01  0.01  0.25  0.02  0.02  0.0   0.01  0.02  
186   L     0.0   0.0   0.0   0.0   0.0   0.0   0.0   0.0   0.0   0.0   1.0   0.0   0.0   0.0   0.0   0.0   0.0   0.0   0.0   0.0   
187   K     0.0   0.0   0.0   0.25  0.0   0.0   0.27  0.0   0.0   0.0   0.0   0.23  0.0   0.0   0.0   0.0   0.0   0.0   0.0   0.25  
188   I     0.0   0.0   0.0   0.0   0.0   0.0   0.0   0.0   0.0   1.0   0.0   0.0   0.0   0.0   0.0   0.0   0.0   0.0   0.0   0.0   
189   L     0.0   0.0   0.0   0.0   0.0   0.27  0.0   0.0   0.0   0.25  0.23  0.0   0.0   0.0   0.0   0.0   0.0   0.0   0.0   0.25  
190   V     0.0   0.0   0.25  0.0   0.0   0.0   0.0   0.0   0.0   0.0   0.0   0.0   0.0   0.0   0.0   0.0   0.0   0.0   0.0   0.75  
191   E     0.0   0.0   0.0   0.0   0.0   0.27  0.73  0.0   0.0   0.0   0.0   0.0   0.0   0.0   0.0   0.0   0.0   0.0   0.0   0.0   
192   G     0.0   0.0   0.0   0.0   0.0   0.0   0.0   0.75  0.0   0.0   0.0   0.25  0.0   0.0   0.0   0.0   0.0   0.0   0.0   0.0   
193   D     0.0   0.0   0.0   0.73  0.0   0.0   0.0   0.0   0.0   0.0   0.0   0.0   0.0   0.0   0.27  0.0   0.0   0.0   0.0   0.0   
194   K     0.0   0.0   0.0   0.25  0.0   0.0   0.0   0.0   0.0   0.0   0.0   0.23  0.0   0.0   0.0   0.0   0.51  0.0   0.0   0.0   
195   I     0.0   0.0   0.25  0.0   0.0   0.0   0.0   0.0   0.0   0.5   0.0   0.0   0.0   0.0   0.0   0.25  0.0   0.0   0.0   0.0   
196   L     0.0   0.0   0.0   0.0   0.0   0.0   0.0   0.0   0.0   0.0   1.0   0.0   0.0   0.0   0.0   0.0   0.0   0.0   0.0   0.0   
197   F     0.0   0.0   0.0   0.0   0.0   0.0   0.0   0.0   0.0   0.0   0.0   0.52  0.0   0.48  0.0   0.0   0.0   0.0   0.0   0.0   
198   N     0.0   0.0   1.0   0.0   0.0   0.0   0.0   0.0   0.0   0.0   0.0   0.0   0.0   0.0   0.0   0.0   0.0   0.0   0.0   0.0   
199   Q     0.0   0.0   0.0   0.0   0.0   0.48  0.0   0.0   0.0   0.0   0.0   0.0   0.0   0.25  0.27  0.0   0.0   0.0   0.0   0.0   
200   Y     0.0   0.0   0.0   0.0   0.0   0.0   0.0   0.0   0.0   0.0   0.0   0.0   0.0   0.0   0.0   0.0   0.0   0.0   1.0   0.0   
201   S     0.0   0.0   0.0   0.0   0.0   0.0   0.0   0.51  0.0   0.0   0.0   0.0   0.0   0.0   0.0   0.49  0.0   0.0   0.0   0.0   
202   A     0.23  0.0   0.0   0.0   0.0   0.0   0.0   0.0   0.0   0.0   0.0   0.0   0.0   0.0   0.0   0.0   0.0   0.0   0.0   0.77  
203   I     0.0   0.0   0.0   0.0   0.0   0.0   0.0   0.0   0.0   1.0   0.0   0.0   0.0   0.0   0.0   0.0   0.0   0.0   0.0   0.0   
204   P     0.25  0.0   0.0   0.0   0.0   0.0   0.0   0.0   0.0   0.0   0.0   0.0   0.0   0.0   0.75  0.0   0.0   0.0   0.0   0.0   
205   V     0.0   0.0   0.0   0.0   0.0   0.0   0.0   0.0   0.0   0.0   0.0   0.0   0.0   0.0   0.0   0.0   0.25  0.0   0.0   0.75  
206   N     0.0   0.0   1.0   0.0   0.0   0.0   0.0   0.0   0.0   0.0   0.0   0.0   0.0   0.0   0.0   0.0   0.0   0.0   0.0   0.0   
207   P     0.0   0.0   0.0   0.0   0.0   0.0   0.0   0.0   0.0   0.0   0.0   0.0   0.0   0.0   1.0   0.0   0.0   0.0   0.0   0.0   
208   A     0.5   0.0   0.0   0.25  0.0   0.0   0.0   0.0   0.0   0.0   0.0   0.25  0.0   0.0   0.0   0.0   0.0   0.0   0.0   0.0   
209   H     0.0   0.0   0.0   0.0   0.0   0.0   0.0   0.0   0.49  0.0   0.0   0.51  0.0   0.0   0.0   0.0   0.0   0.0   0.0   0.0   
210   A     0.23  0.0   0.25  0.0   0.25  0.0   0.0   0.0   0.0   0.0   0.0   0.0   0.0   0.0   0.0   0.0   0.0   0.0   0.27  0.0   
211   P     0.0   0.0   0.0   0.0   0.0   0.0   0.25  0.0   0.0   0.0   0.0   0.25  0.0   0.0   0.5   0.0   0.0   0.0   0.0   0.0   
212   K     0.0   0.0   0.5   0.27  0.0   0.0   0.0   0.0   0.0   0.0   0.0   0.23  0.0   0.0   0.0   0.0   0.0   0.0   0.0   0.0   
213   V     0.0   0.0   0.0   0.0   0.0   0.0   0.0   0.0   0.0   0.25  0.0   0.0   0.0   0.0   0.0   0.0   0.0   0.0   0.0   0.75  
214   K     0.0   0.0   0.77  0.0   0.0   0.0   0.0   0.0   0.0   0.0   0.0   0.23  0.0   0.0   0.0   0.0   0.0   0.0   0.0   0.0   
215   K     0.25  0.0   0.0   0.0   0.0   0.0   0.0   0.0   0.0   0.0   0.0   0.23  0.0   0.0   0.0   0.0   0.0   0.0   0.52  0.0   
216   D     0.0   0.0   0.0   0.23  0.0   0.0   0.25  0.0   0.0   0.0   0.0   0.0   0.0   0.0   0.0   0.27  0.25  0.0   0.0   0.0   
217   L     0.0   0.0   0.0   0.0   0.0   0.0   0.25  0.25  0.0   0.0   0.5   0.0   0.0   0.0   0.0   0.0   0.0   0.0   0.0   0.0   
218   A     1.0   0.0   0.0   0.0   0.0   0.0   0.0   0.0   0.0   0.0   0.0   0.0   0.0   0.0   0.0   0.0   0.0   0.0   0.0   0.0   
219   D     0.0   0.0   0.0   0.23  0.0   0.0   0.0   0.0   0.0   0.0   0.0   0.25  0.27  0.0   0.0   0.25  0.0   0.0   0.0   0.0   
220   K     0.51  0.0   0.0   0.0   0.0   0.0   0.0   0.0   0.0   0.0   0.0   0.49  0.0   0.0   0.0   0.0   0.0   0.0   0.0   0.0   
221   F     0.0   0.0   0.0   0.0   0.0   0.0   0.0   0.0   0.0   0.0   0.0   0.0   0.0   0.73  0.0   0.0   0.0   0.0   0.27  0.0   
222   V     0.27  0.0   0.0   0.0   0.0   0.0   0.25  0.0   0.0   0.25  0.0   0.0   0.0   0.0   0.0   0.0   0.0   0.0   0.0   0.23  
223   N     0.0   0.0   0.23  0.0   0.0   0.0   0.25  0.27  0.0   0.0   0.0   0.25  0.0   0.0   0.0   0.0   0.0   0.0   0.0   0.0   
224   W     0.0   0.0   0.0   0.0   0.0   0.0   0.0   0.0   0.0   0.0   0.0   0.0   0.0   0.27  0.0   0.0   0.0   0.73  0.0   0.0   
225   M     0.0   0.0   0.0   0.0   0.0   0.0   0.0   0.0   0.0   0.25  0.27  0.0   0.23  0.0   0.0   0.0   0.0   0.0   0.0   0.25  
226   A     0.23  0.0   0.0   0.0   0.0   0.0   0.0   0.0   0.0   0.0   0.25  0.0   0.0   0.0   0.0   0.0   0.52  0.0   0.0   0.0   
227   S     0.0   0.0   0.0   0.0   0.0   0.0   0.0   0.0   0.0   0.0   0.0   0.0   0.0   0.0   0.0   1.0   0.0   0.0   0.0   0.0   
228   P     0.0   0.0   0.0   0.25  0.0   0.0   0.25  0.0   0.0   0.0   0.0   0.0   0.0   0.0   0.5   0.0   0.0   0.0   0.0   0.0   
229   A     0.23  0.0   0.0   0.0   0.0   0.0   0.27  0.0   0.0   0.0   0.0   0.5   0.0   0.0   0.0   0.0   0.0   0.0   0.0   0.0   
230   T     0.25  0.0   0.0   0.0   0.0   0.0   0.0   0.27  0.0   0.0   0.0   0.0   0.0   0.0   0.0   0.0   0.49  0.0   0.0   0.0   
231   Q     0.0   0.0   0.0   0.0   0.0   0.75  0.0   0.0   0.0   0.0   0.25  0.0   0.0   0.0   0.0   0.0   0.0   0.0   0.0   0.0   
232   K     0.0   0.0   0.25  0.0   0.0   0.0   0.27  0.0   0.0   0.0   0.0   0.23  0.0   0.0   0.0   0.25  0.0   0.0   0.0   0.0   
233   T     0.0   0.0   0.0   0.0   0.0   0.0   0.0   0.0   0.0   0.27  0.25  0.0   0.0   0.25  0.0   0.0   0.23  0.0   0.0   0.0   
234   I     0.0   0.0   0.0   0.0   0.0   0.0   0.0   0.0   0.0   1.0   0.0   0.0   0.0   0.0   0.0   0.0   0.0   0.0   0.0   0.0   
235   G     0.25  0.0   0.0   0.0   0.0   0.0   0.0   0.48  0.0   0.0   0.0   0.0   0.0   0.0   0.0   0.27  0.0   0.0   0.0   0.0   
236   D     0.0   0.0   0.27  0.49  0.0   0.0   0.25  0.0   0.0   0.0   0.0   0.0   0.0   0.0   0.0   0.0   0.0   0.0   0.0   0.0   
237   F     0.0   0.0   0.0   0.0   0.0   0.0   0.0   0.0   0.0   0.0   0.0   0.0   0.0   0.49  0.0   0.0   0.0   0.0   0.51  0.0   
238   K     0.0   0.0   0.0   0.0   0.0   0.0   0.25  0.0   0.0   0.0   0.0   0.49  0.0   0.0   0.0   0.0   0.27  0.0   0.0   0.0   
239   L     0.27  0.0   0.0   0.0   0.0   0.0   0.0   0.0   0.0   0.0   0.49  0.25  0.0   0.0   0.0   0.0   0.0   0.0   0.0   0.0   
240   M     0.0   0.0   0.27  0.0   0.0   0.0   0.0   0.0   0.0   0.0   0.25  0.0   0.23  0.0   0.0   0.0   0.0   0.0   0.25  0.0   
241   G     0.0   0.0   0.25  0.0   0.0   0.0   0.0   0.75  0.0   0.0   0.0   0.0   0.0   0.0   0.0   0.0   0.0   0.0   0.0   0.0   
242   K     0.25  0.0   0.0   0.0   0.0   0.0   0.0   0.0   0.0   0.0   0.0   0.49  0.0   0.0   0.0   0.27  0.0   0.0   0.0   0.0   
243   A     0.23  0.0   0.0   0.0   0.0   0.27  0.0   0.0   0.0   0.0   0.0   0.0   0.0   0.0   0.5   0.0   0.0   0.0   0.0   0.0   
244   L     0.0   0.0   0.0   0.0   0.0   0.0   0.0   0.0   0.0   0.0   1.0   0.0   0.0   0.0   0.0   0.0   0.0   0.0   0.0   0.0   
245   F     0.0   0.0   0.0   0.0   0.0   0.0   0.0   0.0   0.0   0.0   0.0   0.0   0.0   1.0   0.0   0.0   0.0   0.0   0.0   0.0   
246   T     0.0   0.0   0.0   0.0   0.0   0.0   0.0   0.0   0.0   0.0   0.0   0.0   0.0   0.27  0.0   0.0   0.48  0.0   0.0   0.25  
247   P     0.0   0.0   0.0   0.0   0.0   0.0   0.0   0.0   0.0   0.25  0.0   0.0   0.0   0.0   0.75  0.0   0.0   0.0   0.0   0.0   
248   N     0.0   0.0   0.75  0.25  0.0   0.0   0.0   0.0   0.0   0.0   0.0   0.0   0.0   0.0   0.0   0.0   0.0   0.0   0.0   0.0   
249   A     1.0   0.0   0.0   0.0   0.0   0.0   0.0   0.0   0.0   0.0   0.0   0.0   0.0   0.0   0.0   0.0   0.0   0.0   0.0   0.0   
250   E     0.0   0.0   0.0   0.0   0.0   0.0   0.5   0.0   0.0   0.0   0.0   0.5   0.0   0.0   0.0   0.0   0.0   0.0   0.0   0.0   
