             A     R     N     D     C     Q     E     G     H     I     L     K     M     F     P     S     T     W     Y     V
1     T     0.0   0.0   0.07  0.0   0.0   0.0   0.0   0.0   0.0   0.0   0.0   0.0   0.0   0.0   0.0   0.19  0.74  0.0   0.0   0.0   
2     V     0.0   0.0   0.0   0.0   0.02  0.0   0.0   0.0   0.0   0.18  0.01  0.01  0.0   0.0   0.0   0.0   0.01  0.0   0.0   0.77  
3     R     0.01  0.15  0.08  0.02  0.0   0.01  0.09  0.0   0.01  0.0   0.0   0.17  0.0   0.0   0.01  0.05  0.38  0.0   0.0   0.03  
4     I     0.0   0.0   0.0   0.0   0.0   0.0   0.0   0.0   0.0   0.8   0.01  0.0   0.01  0.0   0.0   0.0   0.0   0.0   0.0   0.19  
5     A     0.63  0.0   0.0   0.0   0.0   0.0   0.0   0.3   0.0   0.0   0.01  0.01  0.0   0.0   0.0   0.02  0.02  0.0   0.0   0.01  
6     F     0.0   0.0   0.0   0.0   0.0   0.0   0.0   0.0   0.0   0.34  0.37  0.0   0.15  0.05  0.0   0.0   0.0   0.0   0.0   0.09  
7     V     0.01  0.0   0.0   0.0   0.04  0.0   0.0   0.0   0.0   0.08  0.0   0.0   0.0   0.0   0.0   0.0   0.0   0.0   0.0   0.86  
8     G     0.01  0.0   0.0   0.0   0.0   0.0   0.0   0.96  0.0   0.01  0.0   0.0   0.0   0.0   0.0   0.01  0.01  0.0   0.0   0.0   
9     K     0.0   0.0   0.0   0.0   0.0   0.0   0.0   0.0   0.0   0.0   0.0   1.0   0.0   0.0   0.0   0.0   0.0   0.0   0.0   0.0   
10    Y     0.0   0.0   0.0   0.0   0.0   0.0   0.0   0.0   0.0   0.0   0.0   0.0   0.0   0.0   0.0   0.0   0.0   0.0   1.0   0.0   
11    L     0.02  0.0   0.0   0.0   0.0   0.0   0.0   0.01  0.0   0.15  0.05  0.0   0.02  0.0   0.0   0.0   0.21  0.0   0.0   0.51  
12    Q     0.04  0.04  0.01  0.02  0.01  0.1   0.38  0.02  0.04  0.02  0.03  0.11  0.01  0.01  0.03  0.08  0.03  0.0   0.01  0.02  
13    D     0.04  0.03  0.06  0.19  0.01  0.02  0.05  0.13  0.04  0.03  0.09  0.05  0.01  0.06  0.03  0.05  0.03  0.01  0.05  0.04  
14    A     0.03  0.0   0.0   0.0   0.0   0.0   0.01  0.01  0.01  0.01  0.82  0.0   0.02  0.02  0.0   0.01  0.02  0.0   0.01  0.02  
15    G     0.01  0.04  0.02  0.02  0.01  0.1   0.07  0.03  0.06  0.01  0.01  0.15  0.0   0.0   0.26  0.08  0.11  0.0   0.0   0.01  
16    D     0.0   0.0   0.0   0.9   0.0   0.0   0.1   0.0   0.0   0.0   0.0   0.0   0.0   0.0   0.0   0.0   0.0   0.0   0.0   0.0   
17    T     0.74  0.0   0.0   0.0   0.02  0.0   0.0   0.0   0.0   0.0   0.0   0.0   0.0   0.0   0.0   0.2   0.02  0.0   0.0   0.02  
18    Y     0.0   0.0   0.0   0.0   0.0   0.0   0.0   0.0   0.0   0.0   0.0   0.0   0.0   0.0   0.0   0.0   0.0   0.0   1.0   0.0   
19    F     0.03  0.01  0.0   0.0   0.0   0.0   0.0   0.0   0.0   0.12  0.28  0.45  0.02  0.02  0.0   0.03  0.03  0.0   0.01  0.0   
20    S     0.0   0.0   0.0   0.0   0.0   0.0   0.0   0.0   0.0   0.0   0.0   0.0   0.0   0.0   0.0   1.0   0.0   0.0   0.0   0.0   
21    V     0.0   0.0   0.0   0.0   0.0   0.0   0.0   0.0   0.02  0.19  0.22  0.0   0.0   0.0   0.03  0.0   0.0   0.0   0.0   0.54  
22    L     0.07  0.06  0.08  0.01  0.0   0.0   0.01  0.01  0.03  0.19  0.09  0.07  0.02  0.04  0.0   0.04  0.08  0.0   0.01  0.19  
23    Q     0.03  0.0   0.03  0.01  0.0   0.02  0.84  0.0   0.0   0.0   0.0   0.05  0.0   0.0   0.0   0.01  0.0   0.0   0.0   0.0   
24    C     0.79  0.0   0.0   0.0   0.02  0.0   0.0   0.0   0.0   0.0   0.0   0.0   0.0   0.0   0.0   0.19  0.0   0.0   0.0   0.0   
25    F     0.0   0.0   0.0   0.0   0.0   0.0   0.0   0.0   0.0   0.06  0.84  0.0   0.01  0.08  0.0   0.0   0.0   0.0   0.0   0.02  
26    E     0.01  0.23  0.03  0.02  0.02  0.05  0.13  0.01  0.02  0.08  0.02  0.18  0.0   0.01  0.0   0.05  0.06  0.0   0.02  0.06  
27    H     0.09  0.0   0.03  0.0   0.0   0.02  0.0   0.0   0.79  0.01  0.05  0.0   0.0   0.01  0.0   0.0   0.0   0.0   0.0   0.01  
28    C     0.62  0.0   0.0   0.0   0.02  0.0   0.0   0.22  0.0   0.02  0.0   0.0   0.0   0.0   0.0   0.08  0.01  0.0   0.0   0.04  
29    Q     0.21  0.0   0.0   0.0   0.02  0.02  0.0   0.67  0.0   0.0   0.0   0.0   0.0   0.0   0.0   0.07  0.01  0.0   0.0   0.0   
30    I     0.12  0.01  0.0   0.0   0.0   0.0   0.0   0.02  0.0   0.33  0.18  0.0   0.07  0.13  0.0   0.0   0.01  0.01  0.09  0.03  
31    A     0.34  0.03  0.03  0.01  0.0   0.03  0.13  0.01  0.1   0.0   0.01  0.1   0.0   0.01  0.03  0.07  0.03  0.01  0.04  0.01  
32    L     0.06  0.0   0.35  0.01  0.02  0.04  0.02  0.01  0.08  0.04  0.14  0.01  0.0   0.02  0.0   0.03  0.1   0.0   0.03  0.03  
33    Q     0.03  0.17  0.23  0.17  0.0   0.02  0.04  0.12  0.03  0.0   0.01  0.12  0.0   0.0   0.0   0.02  0.0   0.01  0.02  0.0   
34    V     0.14  0.06  0.0   0.0   0.07  0.01  0.0   0.02  0.03  0.09  0.04  0.02  0.01  0.01  0.0   0.04  0.16  0.0   0.01  0.29  
35    R     0.05  0.16  0.02  0.12  0.0   0.02  0.06  0.02  0.01  0.0   0.01  0.38  0.01  0.01  0.0   0.06  0.02  0.0   0.0   0.03  
36    L     0.02  0.0   0.0   0.0   0.0   0.0   0.0   0.0   0.0   0.1   0.23  0.0   0.0   0.01  0.03  0.0   0.01  0.0   0.0   0.58  
37    D     0.01  0.06  0.26  0.13  0.0   0.04  0.17  0.0   0.02  0.03  0.01  0.2   0.0   0.0   0.0   0.03  0.03  0.0   0.0   0.02  
38    I     0.01  0.0   0.0   0.0   0.0   0.0   0.0   0.03  0.0   0.48  0.25  0.0   0.03  0.01  0.01  0.01  0.0   0.0   0.0   0.15  
39    L     0.02  0.17  0.03  0.13  0.01  0.03  0.08  0.01  0.06  0.05  0.04  0.22  0.02  0.01  0.0   0.02  0.04  0.0   0.0   0.07  
40    Y     0.0   0.01  0.0   0.0   0.0   0.0   0.0   0.0   0.01  0.01  0.06  0.01  0.01  0.04  0.03  0.01  0.03  0.55  0.2   0.01  
41    V     0.03  0.0   0.0   0.0   0.01  0.0   0.0   0.0   0.0   0.47  0.07  0.01  0.01  0.01  0.0   0.0   0.0   0.0   0.0   0.37  
42    D     0.06  0.02  0.19  0.39  0.01  0.05  0.1   0.01  0.03  0.0   0.0   0.02  0.0   0.0   0.01  0.07  0.01  0.0   0.01  0.0   
43    S     0.33  0.0   0.0   0.0   0.0   0.0   0.0   0.01  0.0   0.0   0.0   0.0   0.0   0.0   0.05  0.59  0.0   0.0   0.0   0.0   
44    E     0.01  0.04  0.02  0.1   0.01  0.11  0.6   0.0   0.0   0.01  0.0   0.01  0.0   0.0   0.0   0.03  0.04  0.0   0.0   0.02  
45    E     0.02  0.03  0.07  0.26  0.0   0.03  0.3   0.01  0.02  0.04  0.02  0.09  0.01  0.01  0.0   0.03  0.03  0.0   0.0   0.04  
46    L     0.02  0.0   0.0   0.0   0.06  0.0   0.0   0.01  0.0   0.18  0.42  0.01  0.01  0.06  0.0   0.0   0.0   0.0   0.01  0.19  
47    E     0.02  0.01  0.07  0.02  0.0   0.01  0.53  0.01  0.01  0.01  0.01  0.01  0.01  0.01  0.01  0.02  0.08  0.12  0.01  0.02  
48    G     0.16  0.04  0.06  0.05  0.0   0.03  0.13  0.04  0.01  0.03  0.02  0.12  0.0   0.0   0.1   0.07  0.09  0.0   0.0   0.02  
49    P     0.03  0.06  0.11  0.06  0.02  0.04  0.14  0.05  0.02  0.01  0.02  0.07  0.01  0.02  0.04  0.07  0.02  0.13  0.02  0.04  
50    N     0.03  0.01  0.21  0.25  0.0   0.01  0.04  0.17  0.01  0.01  0.01  0.02  0.01  0.01  0.03  0.05  0.1   0.0   0.02  0.02  
51    A     0.09  0.01  0.01  0.03  0.01  0.02  0.02  0.03  0.03  0.11  0.05  0.02  0.03  0.04  0.08  0.05  0.04  0.0   0.03  0.28  
52    D     0.08  0.01  0.08  0.24  0.0   0.03  0.24  0.03  0.02  0.01  0.01  0.03  0.0   0.0   0.02  0.09  0.09  0.01  0.0   0.01  
53    E     0.06  0.03  0.03  0.09  0.0   0.03  0.34  0.08  0.03  0.05  0.03  0.03  0.01  0.02  0.05  0.05  0.03  0.0   0.02  0.03  
54    A     0.27  0.03  0.02  0.04  0.0   0.02  0.14  0.05  0.01  0.05  0.12  0.02  0.01  0.03  0.04  0.03  0.03  0.0   0.04  0.05  
55    R     0.13  0.04  0.05  0.07  0.01  0.1   0.09  0.04  0.0   0.03  0.14  0.03  0.02  0.05  0.03  0.03  0.06  0.05  0.01  0.03  
56    K     0.11  0.03  0.02  0.05  0.0   0.06  0.08  0.04  0.03  0.16  0.05  0.15  0.01  0.03  0.03  0.06  0.05  0.0   0.01  0.02  
57    A     0.11  0.15  0.01  0.04  0.02  0.05  0.04  0.05  0.04  0.04  0.09  0.16  0.02  0.04  0.01  0.03  0.02  0.01  0.04  0.05  
58    L     0.02  0.0   0.01  0.03  0.0   0.0   0.09  0.04  0.0   0.02  0.54  0.03  0.02  0.03  0.03  0.01  0.01  0.0   0.01  0.1   
59    L     0.08  0.06  0.02  0.07  0.03  0.06  0.16  0.05  0.01  0.01  0.04  0.11  0.01  0.16  0.0   0.07  0.03  0.0   0.01  0.01  
60    G     0.06  0.01  0.19  0.19  0.0   0.04  0.03  0.29  0.04  0.0   0.02  0.05  0.0   0.0   0.01  0.03  0.01  0.0   0.0   0.01  
61    C     0.15  0.0   0.0   0.0   0.06  0.0   0.0   0.0   0.0   0.1   0.08  0.0   0.04  0.06  0.16  0.02  0.01  0.0   0.05  0.26  
62    D     0.02  0.01  0.13  0.54  0.0   0.02  0.0   0.0   0.09  0.02  0.0   0.08  0.0   0.0   0.0   0.05  0.02  0.0   0.01  0.03  
63    G     0.23  0.01  0.0   0.0   0.0   0.0   0.0   0.68  0.0   0.02  0.0   0.0   0.01  0.0   0.0   0.02  0.0   0.0   0.0   0.03  
64    I     0.02  0.0   0.0   0.0   0.02  0.0   0.0   0.0   0.0   0.69  0.06  0.0   0.01  0.0   0.03  0.0   0.0   0.0   0.01  0.16  
65    F     0.0   0.0   0.0   0.0   0.02  0.0   0.0   0.03  0.0   0.28  0.43  0.0   0.02  0.02  0.0   0.0   0.0   0.0   0.0   0.18  
66    V     0.0   0.0   0.0   0.0   0.0   0.0   0.0   0.03  0.0   0.26  0.23  0.0   0.0   0.03  0.0   0.0   0.0   0.0   0.0   0.43  
67    P     0.06  0.0   0.0   0.0   0.01  0.0   0.0   0.01  0.0   0.0   0.03  0.0   0.0   0.03  0.66  0.18  0.0   0.0   0.0   0.0   
68    G     0.0   0.0   0.0   0.0   0.0   0.0   0.0   0.84  0.01  0.0   0.0   0.0   0.0   0.0   0.06  0.05  0.0   0.0   0.01  0.0   
69    G     0.04  0.0   0.0   0.0   0.0   0.0   0.0   0.85  0.0   0.05  0.01  0.0   0.0   0.0   0.0   0.02  0.0   0.0   0.0   0.0   
70    F     0.05  0.0   0.0   0.0   0.0   0.0   0.0   0.0   0.0   0.0   0.01  0.0   0.0   0.68  0.21  0.0   0.0   0.0   0.0   0.0   
71    G     0.02  0.0   0.0   0.02  0.0   0.0   0.16  0.69  0.0   0.0   0.01  0.0   0.0   0.0   0.0   0.05  0.0   0.0   0.0   0.0   
72    N     0.03  0.01  0.07  0.12  0.0   0.03  0.12  0.01  0.01  0.07  0.03  0.04  0.0   0.01  0.03  0.28  0.05  0.0   0.03  0.05  
73    R     0.01  0.65  0.01  0.02  0.0   0.02  0.0   0.0   0.0   0.0   0.0   0.05  0.0   0.0   0.0   0.0   0.07  0.0   0.01  0.13  
74    G     0.05  0.0   0.0   0.0   0.0   0.0   0.0   0.69  0.01  0.01  0.02  0.0   0.0   0.03  0.0   0.01  0.14  0.0   0.01  0.0   
75    V     0.08  0.02  0.0   0.01  0.0   0.0   0.09  0.01  0.0   0.26  0.05  0.01  0.01  0.01  0.0   0.03  0.12  0.07  0.02  0.19  
76    D     0.03  0.01  0.04  0.15  0.0   0.01  0.58  0.01  0.01  0.01  0.02  0.01  0.0   0.01  0.06  0.04  0.01  0.0   0.0   0.01  
77    G     0.01  0.0   0.07  0.02  0.0   0.02  0.01  0.83  0.01  0.0   0.0   0.0   0.0   0.0   0.0   0.01  0.01  0.0   0.0   0.0   
78    K     0.14  0.03  0.0   0.01  0.0   0.0   0.0   0.0   0.0   0.0   0.01  0.59  0.08  0.0   0.0   0.11  0.02  0.0   0.0   0.0   
79    C     0.01  0.0   0.0   0.0   0.02  0.0   0.0   0.0   0.0   0.48  0.11  0.0   0.05  0.01  0.18  0.0   0.0   0.0   0.03  0.1   
80    A     0.18  0.21  0.01  0.01  0.01  0.04  0.08  0.06  0.01  0.02  0.15  0.07  0.04  0.0   0.0   0.04  0.02  0.0   0.0   0.03  
81    A     0.79  0.0   0.0   0.01  0.01  0.0   0.0   0.0   0.0   0.01  0.0   0.0   0.0   0.01  0.02  0.05  0.07  0.0   0.0   0.03  
82    A     0.26  0.0   0.0   0.0   0.01  0.0   0.0   0.0   0.0   0.37  0.04  0.0   0.0   0.0   0.2   0.01  0.01  0.0   0.0   0.11  
83    Q     0.03  0.26  0.02  0.02  0.01  0.2   0.13  0.01  0.01  0.0   0.0   0.2   0.0   0.0   0.0   0.07  0.02  0.0   0.0   0.01  
84    V     0.01  0.01  0.0   0.0   0.02  0.01  0.04  0.01  0.03  0.04  0.02  0.01  0.0   0.14  0.0   0.0   0.0   0.04  0.58  0.04  
85    A     0.73  0.0   0.0   0.0   0.04  0.0   0.0   0.01  0.0   0.03  0.01  0.0   0.0   0.05  0.0   0.01  0.01  0.0   0.0   0.12  
86    R     0.03  0.69  0.0   0.0   0.0   0.0   0.0   0.0   0.0   0.01  0.04  0.01  0.01  0.15  0.0   0.0   0.04  0.0   0.01  0.01  
87    M     0.02  0.0   0.05  0.05  0.0   0.03  0.54  0.01  0.01  0.01  0.01  0.15  0.03  0.0   0.0   0.01  0.06  0.0   0.0   0.03  
88    N     0.08  0.16  0.43  0.01  0.0   0.06  0.01  0.01  0.08  0.01  0.02  0.05  0.02  0.0   0.0   0.03  0.01  0.0   0.01  0.0   
89    N     0.02  0.05  0.25  0.1   0.0   0.05  0.01  0.29  0.01  0.0   0.0   0.21  0.0   0.0   0.0   0.01  0.01  0.0   0.0   0.0   
90    I     0.0   0.03  0.0   0.0   0.01  0.01  0.0   0.0   0.0   0.43  0.08  0.04  0.03  0.0   0.0   0.0   0.01  0.0   0.0   0.35  
91    P     0.0   0.0   0.0   0.0   0.0   0.0   0.0   0.0   0.0   0.0   0.0   0.0   0.0   0.0   1.0   0.0   0.0   0.0   0.0   0.0   
92    Y     0.01  0.0   0.0   0.0   0.01  0.0   0.0   0.0   0.0   0.06  0.05  0.0   0.03  0.34  0.0   0.0   0.07  0.0   0.24  0.18  
93    F     0.0   0.0   0.0   0.0   0.0   0.0   0.0   0.0   0.0   0.0   0.72  0.0   0.0   0.28  0.0   0.0   0.0   0.0   0.0   0.0   
94    G     0.11  0.0   0.0   0.0   0.0   0.0   0.0   0.89  0.0   0.0   0.0   0.0   0.0   0.0   0.0   0.0   0.0   0.0   0.0   0.0   
95    V     0.0   0.0   0.0   0.0   0.0   0.0   0.0   0.0   0.0   0.65  0.15  0.0   0.0   0.0   0.0   0.0   0.0   0.0   0.0   0.19  
96    X     0.0   0.0   0.0   0.0   0.91  0.0   0.0   0.07  0.0   0.0   0.0   0.0   0.0   0.0   0.0   0.0   0.0   0.0   0.0   0.0   
97    L     0.0   0.02  0.04  0.0   0.0   0.0   0.0   0.0   0.04  0.0   0.55  0.0   0.02  0.07  0.0   0.0   0.07  0.0   0.18  0.01  
98    G     0.0   0.0   0.0   0.0   0.0   0.0   0.0   1.0   0.0   0.0   0.0   0.0   0.0   0.0   0.0   0.0   0.0   0.0   0.0   0.0   
99    M     0.01  0.0   0.0   0.0   0.0   0.02  0.0   0.0   0.0   0.0   0.12  0.0   0.67  0.06  0.04  0.0   0.01  0.0   0.01  0.07  
100   Q     0.0   0.0   0.07  0.0   0.0   0.9   0.0   0.0   0.03  0.0   0.0   0.0   0.0   0.0   0.0   0.0   0.0   0.0   0.0   0.0   
101   V     0.04  0.0   0.0   0.0   0.15  0.0   0.0   0.0   0.0   0.17  0.21  0.0   0.09  0.0   0.0   0.02  0.15  0.0   0.0   0.18  
102   A     0.43  0.0   0.0   0.0   0.01  0.0   0.0   0.08  0.0   0.04  0.13  0.0   0.21  0.0   0.0   0.06  0.03  0.0   0.0   0.01  
103   V     0.15  0.0   0.01  0.0   0.05  0.0   0.0   0.0   0.0   0.13  0.06  0.0   0.03  0.01  0.0   0.06  0.07  0.0   0.01  0.42  
104   I     0.03  0.0   0.0   0.0   0.01  0.01  0.04  0.08  0.01  0.52  0.01  0.0   0.04  0.0   0.0   0.0   0.02  0.0   0.02  0.19  
105   E     0.04  0.0   0.0   0.04  0.0   0.14  0.71  0.01  0.0   0.0   0.01  0.0   0.0   0.0   0.0   0.02  0.0   0.0   0.0   0.0   
106   L     0.1   0.0   0.0   0.0   0.01  0.0   0.01  0.01  0.01  0.04  0.15  0.0   0.02  0.37  0.0   0.01  0.01  0.05  0.16  0.02  
107   S     0.6   0.0   0.0   0.0   0.01  0.0   0.0   0.17  0.0   0.09  0.01  0.0   0.01  0.01  0.0   0.05  0.01  0.0   0.0   0.01  
108   R     0.01  0.64  0.08  0.01  0.01  0.03  0.02  0.12  0.01  0.0   0.02  0.01  0.0   0.0   0.0   0.01  0.01  0.0   0.0   0.01  
109   N     0.01  0.02  0.49  0.04  0.0   0.02  0.04  0.01  0.18  0.0   0.01  0.07  0.0   0.01  0.0   0.06  0.01  0.0   0.02  0.0   
110   V     0.02  0.01  0.0   0.01  0.02  0.04  0.01  0.01  0.0   0.04  0.11  0.02  0.01  0.01  0.0   0.01  0.01  0.01  0.0   0.65  
111   V     0.28  0.01  0.03  0.01  0.06  0.01  0.02  0.04  0.01  0.05  0.31  0.02  0.02  0.01  0.01  0.03  0.02  0.0   0.01  0.06  
112   G     0.01  0.03  0.05  0.03  0.0   0.02  0.01  0.62  0.04  0.01  0.02  0.08  0.0   0.01  0.01  0.02  0.02  0.0   0.01  0.01  
113   W     0.05  0.01  0.01  0.01  0.0   0.01  0.01  0.06  0.0   0.16  0.44  0.01  0.07  0.02  0.01  0.02  0.02  0.04  0.03  0.03  
114   S     0.08  0.02  0.01  0.05  0.0   0.06  0.24  0.01  0.01  0.0   0.01  0.18  0.0   0.0   0.09  0.06  0.13  0.0   0.0   0.02  
115   D     0.03  0.03  0.06  0.29  0.0   0.02  0.14  0.22  0.01  0.04  0.02  0.05  0.0   0.0   0.0   0.03  0.01  0.0   0.0   0.04  
116   A     0.72  0.01  0.01  0.01  0.01  0.02  0.02  0.02  0.02  0.01  0.01  0.01  0.0   0.0   0.01  0.07  0.03  0.0   0.0   0.05  
117   N     0.03  0.01  0.43  0.04  0.02  0.01  0.01  0.1   0.11  0.01  0.01  0.01  0.0   0.03  0.01  0.11  0.06  0.0   0.01  0.02  
118   S     0.03  0.01  0.0   0.04  0.0   0.02  0.07  0.01  0.0   0.01  0.01  0.03  0.0   0.0   0.01  0.68  0.07  0.0   0.0   0.01  
119   E     0.1   0.08  0.01  0.01  0.0   0.03  0.08  0.05  0.01  0.01  0.03  0.01  0.01  0.01  0.01  0.11  0.41  0.0   0.01  0.01  
120   E     0.01  0.01  0.01  0.01  0.0   0.0   0.89  0.01  0.0   0.01  0.01  0.01  0.0   0.0   0.01  0.01  0.01  0.0   0.0   0.01  
121   F     0.02  0.01  0.01  0.01  0.01  0.01  0.01  0.01  0.0   0.04  0.07  0.01  0.03  0.68  0.01  0.01  0.01  0.01  0.01  0.02  
122   N     0.02  0.02  0.13  0.28  0.01  0.02  0.07  0.18  0.05  0.04  0.02  0.04  0.0   0.01  0.01  0.02  0.02  0.0   0.01  0.03  
123   K     0.04  0.15  0.06  0.02  0.0   0.02  0.08  0.01  0.04  0.01  0.04  0.09  0.01  0.01  0.32  0.02  0.02  0.0   0.02  0.02  
124   E     0.11  0.03  0.11  0.14  0.0   0.06  0.24  0.03  0.02  0.01  0.05  0.06  0.0   0.01  0.02  0.04  0.02  0.0   0.02  0.01  
125   S     0.07  0.01  0.02  0.01  0.1   0.01  0.01  0.08  0.0   0.01  0.02  0.02  0.0   0.12  0.02  0.06  0.39  0.0   0.01  0.01  
126   T     0.06  0.03  0.06  0.03  0.0   0.02  0.07  0.16  0.01  0.02  0.02  0.15  0.0   0.01  0.24  0.03  0.05  0.0   0.01  0.03  
127   H     0.03  0.01  0.12  0.05  0.01  0.03  0.07  0.05  0.22  0.01  0.01  0.04  0.0   0.03  0.01  0.03  0.02  0.0   0.25  0.02  
128   Q     0.19  0.02  0.02  0.04  0.0   0.01  0.01  0.02  0.0   0.01  0.02  0.04  0.0   0.02  0.53  0.02  0.02  0.0   0.0   0.02  
129   V     0.04  0.01  0.01  0.01  0.0   0.06  0.03  0.01  0.0   0.12  0.06  0.02  0.01  0.04  0.01  0.04  0.02  0.0   0.0   0.53  
130   V     0.01  0.01  0.01  0.01  0.0   0.01  0.02  0.01  0.0   0.43  0.03  0.01  0.0   0.03  0.01  0.04  0.01  0.0   0.0   0.37  
131   R     0.09  0.04  0.05  0.24  0.02  0.02  0.08  0.13  0.05  0.01  0.01  0.03  0.0   0.05  0.01  0.08  0.03  0.0   0.05  0.02  
132   I     0.01  0.01  0.01  0.01  0.0   0.01  0.02  0.03  0.02  0.12  0.48  0.02  0.07  0.03  0.01  0.01  0.05  0.0   0.01  0.05  
133   M     0.02  0.01  0.01  0.01  0.0   0.03  0.03  0.01  0.0   0.23  0.21  0.07  0.24  0.01  0.05  0.02  0.03  0.0   0.01  0.03  
134   D     0.1   0.02  0.04  0.09  0.0   0.04  0.16  0.03  0.01  0.01  0.02  0.03  0.0   0.01  0.18  0.03  0.2   0.0   0.01  0.01  
135   C     0.08  0.01  0.01  0.13  0.01  0.02  0.42  0.06  0.04  0.04  0.02  0.01  0.0   0.01  0.05  0.03  0.03  0.01  0.0   0.02  
136   D     0.02  0.01  0.03  0.13  0.01  0.31  0.11  0.02  0.02  0.01  0.02  0.03  0.0   0.05  0.01  0.05  0.02  0.12  0.01  0.01  
137   R     0.1   0.08  0.05  0.04  0.0   0.06  0.07  0.03  0.01  0.04  0.03  0.19  0.01  0.02  0.04  0.05  0.04  0.0   0.01  0.14  
138   N     0.03  0.02  0.05  0.19  0.0   0.03  0.09  0.13  0.01  0.01  0.09  0.08  0.0   0.01  0.01  0.16  0.05  0.0   0.01  0.02  
139   K     0.03  0.02  0.14  0.37  0.0   0.04  0.07  0.02  0.01  0.01  0.02  0.05  0.01  0.08  0.03  0.02  0.02  0.0   0.01  0.04  
140   M     0.03  0.02  0.02  0.02  0.0   0.02  0.04  0.01  0.01  0.04  0.4   0.13  0.12  0.02  0.01  0.04  0.02  0.0   0.01  0.03  
141   G     0.02  0.02  0.01  0.03  0.0   0.01  0.01  0.71  0.0   0.05  0.02  0.03  0.01  0.01  0.01  0.02  0.01  0.0   0.01  0.01  
142   A     0.04  0.01  0.01  0.01  0.0   0.02  0.06  0.62  0.02  0.01  0.05  0.04  0.01  0.01  0.01  0.03  0.02  0.0   0.01  0.02  
143   N     0.02  0.02  0.06  0.01  0.0   0.01  0.02  0.02  0.01  0.01  0.02  0.01  0.01  0.01  0.03  0.08  0.62  0.0   0.01  0.02  
144   M     0.02  0.01  0.01  0.04  0.0   0.02  0.02  0.02  0.01  0.01  0.13  0.02  0.57  0.01  0.01  0.02  0.01  0.0   0.04  0.02  
145   H     0.02  0.7   0.01  0.02  0.0   0.02  0.01  0.02  0.03  0.02  0.03  0.03  0.01  0.01  0.01  0.02  0.01  0.0   0.01  0.02  
146   L     0.05  0.01  0.01  0.01  0.01  0.01  0.02  0.02  0.01  0.04  0.67  0.02  0.02  0.02  0.01  0.02  0.01  0.0   0.01  0.03  
147   G     0.02  0.01  0.02  0.01  0.0   0.01  0.01  0.79  0.01  0.01  0.02  0.01  0.0   0.01  0.01  0.01  0.02  0.0   0.01  0.01  
148   A     0.29  0.01  0.05  0.04  0.0   0.01  0.05  0.09  0.0   0.02  0.12  0.03  0.01  0.01  0.01  0.15  0.02  0.0   0.04  0.04  
149   C     0.06  0.06  0.01  0.01  0.05  0.15  0.02  0.01  0.02  0.04  0.03  0.01  0.01  0.03  0.01  0.03  0.01  0.03  0.42  0.01  
150   D     0.04  0.06  0.01  0.06  0.0   0.07  0.11  0.02  0.01  0.01  0.03  0.07  0.0   0.01  0.35  0.05  0.06  0.0   0.01  0.02  
151   V     0.18  0.0   0.01  0.04  0.4   0.01  0.01  0.01  0.0   0.01  0.03  0.01  0.01  0.0   0.02  0.05  0.07  0.0   0.01  0.13  
152   Y     0.09  0.09  0.03  0.03  0.0   0.03  0.1   0.01  0.1   0.04  0.06  0.15  0.01  0.02  0.02  0.05  0.04  0.01  0.03  0.08  
153   I     0.01  0.0   0.04  0.01  0.0   0.0   0.01  0.01  0.0   0.18  0.5   0.02  0.01  0.09  0.0   0.01  0.02  0.0   0.0   0.09  
154   V     0.13  0.1   0.06  0.03  0.0   0.05  0.03  0.02  0.01  0.07  0.06  0.1   0.01  0.02  0.01  0.07  0.08  0.0   0.01  0.15  
155   E     0.04  0.02  0.04  0.09  0.0   0.06  0.29  0.04  0.01  0.03  0.01  0.16  0.0   0.01  0.06  0.08  0.05  0.0   0.01  0.01  
156   K     0.08  0.02  0.05  0.08  0.0   0.04  0.12  0.16  0.02  0.03  0.04  0.09  0.0   0.04  0.14  0.04  0.03  0.0   0.0   0.02  
157   S     0.03  0.0   0.16  0.1   0.02  0.0   0.02  0.32  0.01  0.02  0.01  0.0   0.02  0.0   0.01  0.19  0.08  0.0   0.0   0.0   
158   S     0.1   0.04  0.02  0.04  0.0   0.01  0.03  0.0   0.02  0.0   0.01  0.13  0.0   0.0   0.02  0.26  0.26  0.0   0.03  0.0   
159   I     0.06  0.06  0.02  0.03  0.0   0.01  0.02  0.01  0.01  0.16  0.34  0.1   0.01  0.03  0.03  0.01  0.03  0.01  0.0   0.05  
160   M     0.3   0.01  0.02  0.01  0.01  0.04  0.01  0.02  0.01  0.04  0.16  0.01  0.03  0.1   0.01  0.05  0.05  0.0   0.02  0.13  
161   A     0.21  0.13  0.03  0.03  0.01  0.03  0.05  0.02  0.09  0.05  0.01  0.07  0.0   0.03  0.0   0.13  0.02  0.01  0.07  0.01  
162   K     0.09  0.05  0.06  0.13  0.0   0.08  0.17  0.04  0.01  0.01  0.03  0.21  0.01  0.01  0.02  0.06  0.02  0.0   0.01  0.01  
163   I     0.19  0.01  0.01  0.01  0.02  0.01  0.03  0.08  0.0   0.26  0.23  0.01  0.03  0.0   0.02  0.03  0.01  0.0   0.0   0.07  
164   Y     0.04  0.01  0.02  0.01  0.0   0.03  0.07  0.03  0.06  0.04  0.02  0.04  0.0   0.01  0.02  0.01  0.01  0.0   0.56  0.01  
165   S     0.04  0.01  0.06  0.06  0.0   0.03  0.04  0.47  0.02  0.01  0.04  0.02  0.0   0.01  0.05  0.03  0.02  0.0   0.05  0.01  
166   K     0.07  0.05  0.06  0.07  0.01  0.09  0.09  0.07  0.01  0.01  0.06  0.2   0.03  0.01  0.01  0.07  0.06  0.0   0.01  0.03  
167   S     0.11  0.01  0.01  0.04  0.01  0.12  0.08  0.03  0.01  0.01  0.2   0.04  0.0   0.01  0.03  0.13  0.1   0.0   0.0   0.04  
168   N     0.01  0.02  0.05  0.35  0.0   0.03  0.22  0.01  0.01  0.01  0.03  0.04  0.01  0.01  0.01  0.08  0.07  0.0   0.0   0.02  
169   I     0.05  0.02  0.01  0.01  0.01  0.03  0.05  0.01  0.01  0.09  0.11  0.02  0.01  0.02  0.01  0.05  0.05  0.01  0.02  0.43  
170   V     0.02  0.0   0.0   0.01  0.02  0.01  0.0   0.02  0.0   0.31  0.05  0.0   0.0   0.0   0.02  0.0   0.01  0.26  0.0   0.25  
171   V     0.01  0.02  0.08  0.02  0.02  0.09  0.08  0.02  0.03  0.01  0.02  0.02  0.28  0.02  0.01  0.11  0.04  0.0   0.09  0.03  
172   E     0.0   0.03  0.0   0.04  0.0   0.01  0.6   0.0   0.0   0.0   0.01  0.0   0.0   0.0   0.0   0.26  0.0   0.0   0.02  0.0   
173   R     0.01  0.6   0.0   0.02  0.0   0.0   0.01  0.01  0.26  0.03  0.01  0.0   0.0   0.0   0.0   0.01  0.02  0.0   0.0   0.01  
174   H     0.01  0.02  0.01  0.01  0.01  0.0   0.01  0.23  0.58  0.01  0.01  0.04  0.0   0.01  0.01  0.03  0.01  0.0   0.0   0.01  
175   R     0.01  0.61  0.01  0.21  0.0   0.01  0.01  0.01  0.0   0.01  0.02  0.03  0.0   0.01  0.01  0.01  0.01  0.0   0.01  0.01  
176   H     0.01  0.02  0.01  0.01  0.0   0.01  0.01  0.01  0.7   0.02  0.02  0.09  0.0   0.01  0.01  0.03  0.01  0.0   0.01  0.01  
177   R     0.01  0.61  0.01  0.01  0.0   0.01  0.01  0.03  0.01  0.01  0.02  0.01  0.0   0.01  0.01  0.01  0.01  0.0   0.01  0.2   
178   Y     0.03  0.01  0.01  0.04  0.0   0.01  0.01  0.03  0.0   0.03  0.02  0.01  0.03  0.08  0.01  0.08  0.02  0.01  0.53  0.04  
179   E     0.04  0.02  0.01  0.02  0.01  0.05  0.7   0.02  0.0   0.02  0.02  0.02  0.0   0.01  0.02  0.01  0.02  0.0   0.01  0.01  
180   V     0.04  0.01  0.02  0.04  0.0   0.01  0.01  0.01  0.0   0.14  0.03  0.01  0.04  0.22  0.01  0.01  0.01  0.0   0.01  0.37  
181   N     0.03  0.01  0.6   0.04  0.0   0.01  0.01  0.07  0.01  0.01  0.02  0.01  0.01  0.01  0.08  0.02  0.02  0.0   0.01  0.02  
182   T     0.07  0.02  0.39  0.02  0.0   0.03  0.02  0.02  0.0   0.05  0.04  0.02  0.01  0.01  0.15  0.07  0.03  0.0   0.01  0.04  
183   A     0.19  0.03  0.06  0.16  0.01  0.06  0.12  0.04  0.06  0.01  0.02  0.08  0.02  0.01  0.02  0.04  0.05  0.0   0.01  0.02  
184   Y     0.03  0.01  0.01  0.01  0.0   0.01  0.01  0.01  0.01  0.01  0.14  0.05  0.01  0.16  0.01  0.01  0.01  0.0   0.49  0.02  
185   F     0.02  0.27  0.01  0.01  0.0   0.02  0.02  0.01  0.02  0.14  0.14  0.1   0.0   0.03  0.01  0.01  0.03  0.0   0.0   0.16  
186   E     0.06  0.02  0.06  0.27  0.0   0.06  0.19  0.02  0.01  0.01  0.01  0.09  0.0   0.0   0.07  0.04  0.06  0.0   0.01  0.01  
187   D     0.06  0.15  0.03  0.04  0.01  0.19  0.05  0.02  0.01  0.06  0.1   0.09  0.01  0.01  0.02  0.02  0.02  0.0   0.0   0.09  
188   L     0.03  0.01  0.01  0.01  0.0   0.01  0.01  0.01  0.0   0.1   0.45  0.01  0.04  0.16  0.01  0.01  0.01  0.06  0.02  0.06  
189   R     0.05  0.02  0.02  0.01  0.0   0.03  0.45  0.02  0.01  0.02  0.09  0.03  0.06  0.01  0.04  0.03  0.05  0.0   0.0   0.03  
190   K     0.14  0.02  0.06  0.08  0.0   0.08  0.19  0.02  0.0   0.0   0.01  0.17  0.0   0.01  0.08  0.11  0.01  0.0   0.01  0.01  
191   A     0.31  0.02  0.1   0.01  0.02  0.04  0.04  0.03  0.14  0.01  0.02  0.07  0.0   0.01  0.03  0.09  0.03  0.0   0.01  0.01  
192   G     0.03  0.0   0.03  0.01  0.0   0.0   0.01  0.85  0.0   0.0   0.01  0.0   0.0   0.0   0.01  0.01  0.0   0.0   0.0   0.01  
193   L     0.01  0.0   0.0   0.1   0.0   0.0   0.02  0.0   0.0   0.01  0.45  0.0   0.1   0.18  0.0   0.0   0.02  0.03  0.04  0.03  
194   C     0.01  0.09  0.01  0.01  0.01  0.05  0.02  0.0   0.02  0.12  0.03  0.24  0.01  0.0   0.02  0.04  0.04  0.0   0.0   0.28  
195   I     0.03  0.0   0.0   0.0   0.02  0.0   0.0   0.01  0.0   0.24  0.03  0.01  0.0   0.34  0.01  0.01  0.02  0.0   0.0   0.26  
196   S     0.09  0.0   0.0   0.0   0.0   0.0   0.02  0.03  0.0   0.02  0.01  0.0   0.0   0.01  0.0   0.51  0.16  0.0   0.01  0.11  
197   A     0.24  0.0   0.0   0.0   0.0   0.0   0.0   0.68  0.0   0.01  0.0   0.0   0.0   0.0   0.0   0.02  0.01  0.0   0.0   0.0   
198   V     0.01  0.08  0.01  0.01  0.0   0.03  0.02  0.01  0.02  0.13  0.09  0.07  0.07  0.08  0.01  0.02  0.2   0.02  0.02  0.11  
199   T     0.04  0.02  0.04  0.07  0.01  0.01  0.04  0.01  0.01  0.01  0.01  0.01  0.0   0.01  0.06  0.47  0.17  0.0   0.01  0.01  
200   D     0.08  0.03  0.05  0.09  0.01  0.03  0.1   0.05  0.02  0.03  0.08  0.04  0.02  0.02  0.09  0.11  0.08  0.01  0.02  0.06  
201   P     0.06  0.04  0.03  0.08  0.03  0.03  0.06  0.1   0.02  0.06  0.06  0.04  0.04  0.02  0.04  0.07  0.12  0.01  0.02  0.07  
202   T     0.22  0.04  0.05  0.03  0.02  0.04  0.05  0.07  0.02  0.03  0.06  0.04  0.02  0.03  0.03  0.06  0.11  0.01  0.02  0.05  
203   F     0.07  0.05  0.05  0.07  0.03  0.05  0.05  0.06  0.01  0.05  0.06  0.07  0.01  0.03  0.05  0.13  0.04  0.01  0.05  0.06  
204   S     0.08  0.02  0.04  0.04  0.01  0.03  0.04  0.04  0.01  0.02  0.02  0.04  0.01  0.02  0.3   0.03  0.18  0.0   0.01  0.06  
205   S     0.05  0.03  0.05  0.48  0.0   0.02  0.13  0.06  0.0   0.01  0.02  0.02  0.0   0.01  0.03  0.04  0.02  0.0   0.01  0.01  
206   R     0.01  0.05  0.13  0.04  0.0   0.02  0.06  0.31  0.01  0.01  0.02  0.07  0.0   0.03  0.01  0.07  0.12  0.0   0.01  0.02  
207   C     0.05  0.12  0.1   0.05  0.21  0.03  0.05  0.06  0.04  0.03  0.02  0.1   0.0   0.01  0.01  0.04  0.03  0.0   0.01  0.04  
208   R     0.0   0.1   0.02  0.0   0.0   0.01  0.0   0.0   0.0   0.03  0.49  0.01  0.0   0.01  0.24  0.0   0.0   0.0   0.03  0.01  
209   V     0.02  0.0   0.0   0.0   0.04  0.0   0.0   0.0   0.02  0.17  0.01  0.0   0.08  0.1   0.07  0.0   0.01  0.0   0.03  0.42  
210   E     0.26  0.0   0.01  0.03  0.0   0.0   0.67  0.0   0.0   0.0   0.0   0.01  0.0   0.0   0.0   0.0   0.0   0.0   0.0   0.0   
211   A     0.27  0.0   0.0   0.0   0.01  0.0   0.0   0.03  0.0   0.36  0.03  0.0   0.07  0.04  0.0   0.01  0.03  0.0   0.01  0.13  
212   V     0.02  0.0   0.0   0.0   0.01  0.0   0.0   0.0   0.0   0.32  0.09  0.0   0.23  0.02  0.0   0.0   0.01  0.0   0.0   0.28  
213   E     0.17  0.0   0.0   0.0   0.0   0.01  0.71  0.01  0.0   0.0   0.0   0.0   0.0   0.0   0.0   0.06  0.01  0.0   0.02  0.01  
214   N     0.03  0.03  0.17  0.06  0.01  0.0   0.0   0.0   0.04  0.12  0.36  0.01  0.01  0.0   0.0   0.0   0.0   0.0   0.09  0.05  
215   P     0.04  0.02  0.01  0.04  0.0   0.01  0.28  0.01  0.01  0.0   0.01  0.14  0.0   0.01  0.33  0.04  0.05  0.0   0.0   0.01  
216   S     0.07  0.03  0.14  0.28  0.0   0.02  0.17  0.08  0.01  0.0   0.0   0.1   0.0   0.0   0.01  0.08  0.02  0.0   0.0   0.0   
217   L     0.0   0.07  0.04  0.03  0.0   0.0   0.0   0.0   0.58  0.0   0.02  0.23  0.0   0.0   0.0   0.01  0.0   0.0   0.01  0.0   
218   R     0.0   0.18  0.02  0.02  0.0   0.03  0.01  0.01  0.05  0.0   0.01  0.1   0.0   0.0   0.53  0.0   0.02  0.0   0.0   0.0   
219   F     0.0   0.0   0.01  0.0   0.0   0.0   0.0   0.0   0.01  0.01  0.0   0.0   0.0   0.46  0.0   0.01  0.0   0.37  0.1   0.0   
220   F     0.0   0.0   0.0   0.0   0.0   0.0   0.0   0.0   0.0   0.0   0.01  0.0   0.02  0.59  0.0   0.0   0.0   0.0   0.35  0.03  
221   L     0.02  0.01  0.01  0.01  0.01  0.01  0.02  0.02  0.01  0.23  0.13  0.01  0.01  0.04  0.01  0.02  0.02  0.0   0.05  0.34  
222   A     0.36  0.0   0.0   0.0   0.0   0.0   0.0   0.61  0.0   0.0   0.02  0.0   0.0   0.0   0.0   0.0   0.0   0.0   0.0   0.0   
223   V     0.03  0.0   0.0   0.0   0.15  0.0   0.0   0.01  0.0   0.01  0.04  0.0   0.0   0.01  0.0   0.04  0.16  0.0   0.0   0.53  
224   Q     0.0   0.0   0.0   0.0   0.0   0.98  0.0   0.0   0.0   0.02  0.0   0.0   0.0   0.0   0.0   0.0   0.0   0.0   0.0   0.0   
225   F     0.06  0.0   0.0   0.0   0.0   0.0   0.0   0.0   0.0   0.0   0.0   0.0   0.0   0.76  0.0   0.01  0.0   0.02  0.14  0.0   
226   H     0.0   0.0   0.02  0.0   0.0   0.0   0.0   0.0   0.98  0.0   0.0   0.0   0.0   0.0   0.0   0.0   0.0   0.0   0.0   0.0   
227   P     0.01  0.0   0.0   0.0   0.0   0.0   0.0   0.0   0.0   0.0   0.0   0.0   0.0   0.0   0.98  0.01  0.0   0.0   0.0   0.0   
228   E     0.0   0.0   0.0   0.0   0.0   0.0   1.0   0.0   0.0   0.0   0.0   0.0   0.0   0.0   0.0   0.0   0.0   0.0   0.0   0.0   
229   F     0.0   0.0   0.0   0.0   0.0   0.0   0.0   0.0   0.0   0.0   0.12  0.0   0.0   0.46  0.0   0.0   0.01  0.0   0.09  0.29  
230   I     0.0   0.06  0.03  0.0   0.01  0.03  0.0   0.0   0.02  0.01  0.08  0.28  0.0   0.0   0.0   0.02  0.46  0.0   0.0   0.01  
231   S     0.01  0.0   0.01  0.0   0.0   0.0   0.0   0.0   0.31  0.0   0.0   0.0   0.0   0.0   0.0   0.66  0.01  0.0   0.0   0.0   
232   T     0.0   0.35  0.02  0.02  0.0   0.0   0.0   0.0   0.0   0.0   0.0   0.14  0.0   0.0   0.0   0.02  0.44  0.0   0.0   0.0   
233   P     0.01  0.01  0.02  0.01  0.0   0.01  0.01  0.01  0.0   0.02  0.05  0.01  0.0   0.01  0.72  0.01  0.02  0.0   0.0   0.08  
234   M     0.03  0.19  0.12  0.02  0.0   0.03  0.02  0.06  0.0   0.02  0.17  0.04  0.05  0.11  0.0   0.03  0.08  0.01  0.0   0.01  
235   D     0.05  0.17  0.06  0.19  0.02  0.14  0.05  0.01  0.03  0.02  0.01  0.2   0.0   0.0   0.0   0.03  0.02  0.0   0.0   0.01  
236   P     0.08  0.0   0.0   0.03  0.0   0.0   0.0   0.34  0.0   0.0   0.0   0.0   0.0   0.0   0.5   0.03  0.0   0.0   0.0   0.02  
237   A     0.09  0.01  0.06  0.0   0.0   0.09  0.03  0.0   0.53  0.0   0.05  0.02  0.01  0.0   0.0   0.11  0.0   0.0   0.0   0.0   
238   P     0.03  0.11  0.0   0.0   0.0   0.02  0.03  0.01  0.0   0.0   0.0   0.08  0.0   0.0   0.69  0.01  0.01  0.0   0.0   0.0   
239   T     0.0   0.0   0.0   0.0   0.0   0.0   0.0   0.0   0.0   0.04  0.74  0.0   0.04  0.0   0.09  0.01  0.0   0.0   0.03  0.05  
240   Y     0.0   0.0   0.0   0.0   0.0   0.0   0.0   0.0   0.02  0.04  0.14  0.0   0.0   0.73  0.0   0.0   0.0   0.0   0.07  0.0   
241   L     0.12  0.11  0.03  0.01  0.01  0.03  0.09  0.0   0.02  0.09  0.11  0.13  0.02  0.01  0.0   0.07  0.08  0.0   0.0   0.08  
242   S     0.14  0.04  0.1   0.06  0.0   0.02  0.02  0.36  0.09  0.0   0.0   0.0   0.0   0.0   0.0   0.16  0.01  0.01  0.0   0.0   
243   F     0.0   0.0   0.0   0.0   0.0   0.0   0.0   0.0   0.0   0.0   0.25  0.0   0.0   0.72  0.0   0.0   0.0   0.0   0.03  0.0   
244   M     0.0   0.0   0.0   0.0   0.0   0.0   0.0   0.0   0.0   0.31  0.08  0.0   0.01  0.0   0.0   0.0   0.0   0.0   0.0   0.59  
245   A     0.13  0.14  0.02  0.03  0.0   0.07  0.11  0.06  0.01  0.0   0.06  0.32  0.0   0.0   0.0   0.03  0.02  0.0   0.0   0.0   
246   A     0.8   0.0   0.01  0.0   0.0   0.04  0.01  0.0   0.0   0.0   0.06  0.01  0.03  0.0   0.0   0.02  0.0   0.0   0.0   0.01  
247   A     0.69  0.0   0.0   0.0   0.02  0.0   0.0   0.01  0.0   0.03  0.01  0.0   0.01  0.0   0.0   0.18  0.02  0.0   0.0   0.02  
248   A     0.05  0.03  0.01  0.0   0.07  0.02  0.0   0.03  0.01  0.14  0.35  0.1   0.01  0.0   0.0   0.02  0.01  0.0   0.03  0.11  
249   K     0.06  0.02  0.02  0.09  0.0   0.12  0.33  0.06  0.01  0.0   0.02  0.22  0.0   0.0   0.0   0.01  0.01  0.0   0.0   0.01  
250   K     0.02  0.2   0.14  0.01  0.08  0.2   0.04  0.0   0.04  0.0   0.01  0.18  0.0   0.0   0.0   0.02  0.02  0.0   0.05  0.0   
251   D     0.05  0.03  0.12  0.04  0.0   0.03  0.12  0.02  0.0   0.0   0.11  0.23  0.0   0.0   0.0   0.24  0.0   0.0   0.0   0.01  
252   Y     0.0   0.26  0.05  0.07  0.0   0.05  0.06  0.0   0.05  0.0   0.03  0.08  0.0   0.01  0.19  0.02  0.0   0.0   0.13  0.0   
253   V     0.16  0.04  0.02  0.02  0.01  0.03  0.02  0.02  0.02  0.03  0.37  0.03  0.01  0.0   0.0   0.14  0.03  0.0   0.0   0.06  
254   W     0.04  0.04  0.04  0.03  0.0   0.03  0.0   0.0   0.02  0.0   0.12  0.0   0.0   0.14  0.0   0.12  0.07  0.16  0.14  0.03  
255   P     0.03  0.01  0.0   0.0   0.0   0.02  0.08  0.08  0.0   0.08  0.15  0.02  0.0   0.0   0.3   0.05  0.14  0.0   0.0   0.04  
256   Q     0.04  0.04  0.0   0.05  0.0   0.35  0.03  0.01  0.0   0.0   0.03  0.1   0.0   0.0   0.18  0.04  0.0   0.0   0.0   0.14  
257   K     0.07  0.25  0.0   0.0   0.0   0.19  0.24  0.0   0.03  0.0   0.02  0.13  0.0   0.0   0.02  0.05  0.0   0.0   0.0   0.0   
258   C     0.22  0.04  0.04  0.0   0.06  0.07  0.0   0.1   0.0   0.08  0.02  0.05  0.08  0.0   0.14  0.03  0.0   0.0   0.0   0.06  
259   S     0.0   0.0   0.0   0.0   0.06  0.0   0.05  0.0   0.05  0.08  0.05  0.03  0.04  0.04  0.34  0.23  0.03  0.0   0.0   0.0   
260   Q     0.04  0.2   0.02  0.0   0.0   0.17  0.38  0.03  0.0   0.0   0.0   0.1   0.0   0.0   0.0   0.05  0.0   0.0   0.0   0.0   
261   R     0.0   0.23  0.06  0.0   0.0   0.2   0.11  0.0   0.07  0.0   0.11  0.0   0.04  0.06  0.03  0.0   0.08  0.0   0.0   0.0   
262   R     0.0   0.25  0.0   0.05  0.0   0.24  0.0   0.0   0.05  0.0   0.0   0.12  0.0   0.0   0.0   0.16  0.13  0.0   0.0   0.0   
263   L     0.12  0.0   0.0   0.0   0.0   0.0   0.0   0.0   0.0   0.11  0.37  0.0   0.0   0.0   0.19  0.09  0.0   0.0   0.0   0.12  
264   K     0.0   0.24  0.0   0.0   0.0   0.0   0.14  0.0   0.0   0.0   0.0   0.47  0.0   0.0   0.15  0.0   0.0   0.0   0.0   0.0   
265   Q     0.0   0.0   0.0   0.0   0.0   0.71  0.29  0.0   0.0   0.0   0.0   0.0   0.0   0.0   0.0   0.0   0.0   0.0   0.0   0.0   
