             A     R     N     D     C     Q     E     G     H     I     L     K     M     F     P     S     T     W     Y     V
1     S     0.0   0.0   0.0   0.0   0.0   0.0   0.0   0.0   0.0   0.0   0.0   0.0   0.0   0.0   0.0   0.59  0.41  0.0   0.0   0.0   
2     M     0.0   0.0   0.0   0.0   0.0   0.0   0.0   0.0   0.0   0.25  0.15  0.0   0.61  0.0   0.0   0.0   0.0   0.0   0.0   0.0   
3     K     0.0   0.0   0.0   0.11  0.0   0.0   0.36  0.0   0.0   0.0   0.0   0.23  0.0   0.0   0.0   0.1   0.19  0.0   0.0   0.0   
4     D     0.0   0.0   0.11  0.21  0.0   0.0   0.0   0.0   0.26  0.0   0.0   0.0   0.0   0.0   0.1   0.13  0.0   0.0   0.19  0.0   
5     S     0.0   0.11  0.0   0.1   0.0   0.05  0.21  0.0   0.0   0.13  0.0   0.0   0.0   0.0   0.0   0.12  0.19  0.0   0.0   0.09  
6     Y     0.17  0.0   0.0   0.0   0.0   0.0   0.0   0.0   0.0   0.07  0.54  0.0   0.0   0.0   0.0   0.0   0.0   0.0   0.14  0.08  
7     E     0.13  0.0   0.0   0.1   0.0   0.07  0.53  0.0   0.0   0.0   0.0   0.17  0.0   0.0   0.0   0.0   0.0   0.0   0.0   0.0   
8     R     0.0   0.21  0.0   0.34  0.0   0.11  0.2   0.02  0.0   0.0   0.0   0.03  0.0   0.0   0.0   0.06  0.04  0.0   0.0   0.0   
9     S     0.28  0.0   0.13  0.0   0.0   0.0   0.02  0.0   0.0   0.07  0.15  0.0   0.0   0.14  0.0   0.12  0.0   0.0   0.06  0.0   
10    K     0.0   0.05  0.07  0.0   0.0   0.05  0.1   0.0   0.0   0.25  0.1   0.19  0.05  0.0   0.0   0.06  0.06  0.0   0.0   0.0   
11    K     0.13  0.0   0.03  0.0   0.0   0.09  0.14  0.03  0.0   0.0   0.0   0.35  0.08  0.0   0.0   0.05  0.07  0.0   0.0   0.0   
12    I     0.07  0.0   0.0   0.0   0.0   0.09  0.2   0.0   0.0   0.22  0.1   0.03  0.06  0.0   0.0   0.09  0.02  0.0   0.0   0.1   
13    L     0.0   0.0   0.0   0.0   0.09  0.0   0.0   0.0   0.0   0.04  0.67  0.0   0.11  0.08  0.0   0.0   0.0   0.0   0.0   0.0   
14    E     0.06  0.26  0.05  0.0   0.0   0.0   0.12  0.0   0.03  0.0   0.0   0.42  0.0   0.0   0.0   0.04  0.03  0.0   0.0   0.0   
15    D     0.06  0.09  0.07  0.11  0.0   0.13  0.23  0.0   0.0   0.0   0.0   0.18  0.0   0.0   0.0   0.07  0.03  0.0   0.0   0.0   
16    A     0.38  0.14  0.23  0.0   0.0   0.0   0.0   0.04  0.0   0.02  0.0   0.06  0.02  0.0   0.0   0.04  0.02  0.0   0.0   0.04  
17    G     0.0   0.0   0.1   0.06  0.0   0.0   0.0   0.74  0.0   0.0   0.0   0.08  0.0   0.0   0.0   0.03  0.0   0.0   0.0   0.0   
18    I     0.0   0.0   0.0   0.0   0.0   0.0   0.0   0.0   0.0   0.04  0.54  0.0   0.07  0.0   0.0   0.0   0.0   0.05  0.09  0.21  
19    N     0.0   0.5   0.04  0.0   0.0   0.0   0.0   0.0   0.0   0.0   0.0   0.46  0.0   0.0   0.0   0.0   0.0   0.0   0.0   0.0   
20    V     0.04  0.0   0.04  0.0   0.0   0.0   0.0   0.0   0.03  0.17  0.29  0.0   0.03  0.0   0.0   0.04  0.0   0.0   0.13  0.22  
21    T     0.0   0.0   0.0   0.0   0.0   0.0   0.0   0.0   0.0   0.0   0.0   0.0   0.0   0.0   0.0   0.04  0.96  0.0   0.0   0.0   
22    V     0.0   0.15  0.03  0.09  0.0   0.04  0.07  0.01  0.0   0.0   0.1   0.13  0.0   0.02  0.3   0.0   0.0   0.0   0.0   0.06  
23    Q     0.0   0.0   0.0   0.0   0.0   0.49  0.0   0.0   0.0   0.0   0.0   0.12  0.0   0.0   0.35  0.04  0.0   0.0   0.0   0.0   
24    R     0.0   1.0   0.0   0.0   0.0   0.0   0.0   0.0   0.0   0.0   0.0   0.0   0.0   0.0   0.0   0.0   0.0   0.0   0.0   0.0   
25    L     0.04  0.06  0.0   0.0   0.0   0.06  0.22  0.0   0.02  0.08  0.35  0.06  0.0   0.0   0.0   0.0   0.0   0.0   0.0   0.1   
26    Q     0.3   0.0   0.0   0.09  0.0   0.04  0.13  0.0   0.0   0.03  0.0   0.23  0.04  0.03  0.0   0.0   0.04  0.0   0.0   0.07  
27    M     0.0   0.0   0.0   0.0   0.0   0.0   0.0   0.0   0.0   0.41  0.2   0.0   0.13  0.0   0.0   0.0   0.03  0.0   0.0   0.24  
28    A     0.07  0.0   0.0   0.0   0.0   0.0   0.0   0.0   0.0   0.09  0.68  0.0   0.02  0.0   0.0   0.04  0.0   0.0   0.03  0.07  
29    N     0.04  0.19  0.13  0.09  0.0   0.13  0.16  0.0   0.03  0.0   0.0   0.13  0.0   0.0   0.0   0.04  0.06  0.0   0.0   0.0   
30    L     0.09  0.0   0.0   0.0   0.08  0.0   0.0   0.0   0.0   0.2   0.25  0.0   0.04  0.02  0.0   0.0   0.04  0.0   0.1   0.19  
31    L     0.0   0.0   0.0   0.0   0.0   0.0   0.0   0.0   0.0   0.05  0.58  0.0   0.1   0.19  0.0   0.0   0.0   0.0   0.0   0.09  
32    L     0.06  0.02  0.06  0.04  0.0   0.15  0.17  0.0   0.03  0.1   0.04  0.06  0.0   0.0   0.0   0.06  0.0   0.0   0.09  0.12  
33    S     0.06  0.08  0.13  0.06  0.0   0.08  0.16  0.0   0.04  0.0   0.06  0.08  0.0   0.0   0.0   0.14  0.07  0.0   0.0   0.0   
34    K     0.03  0.0   0.0   0.0   0.0   0.06  0.1   0.05  0.17  0.0   0.08  0.07  0.0   0.0   0.05  0.28  0.08  0.0   0.0   0.0   
35    P     0.01  0.04  0.06  0.27  0.0   0.04  0.18  0.09  0.09  0.0   0.0   0.0   0.04  0.0   0.14  0.0   0.03  0.0   0.0   0.0   
36    Q     0.03  0.13  0.0   0.21  0.0   0.14  0.12  0.06  0.04  0.0   0.0   0.09  0.0   0.0   0.0   0.03  0.12  0.0   0.0   0.0   
37    H     0.06  0.0   0.0   0.03  0.0   0.0   0.0   0.0   0.67  0.0   0.0   0.0   0.0   0.04  0.0   0.0   0.0   0.08  0.12  0.0   
38    L     0.09  0.04  0.0   0.0   0.0   0.0   0.0   0.0   0.08  0.1   0.32  0.0   0.04  0.04  0.22  0.0   0.0   0.0   0.04  0.03  
39    T     0.0   0.0   0.1   0.12  0.0   0.0   0.03  0.0   0.0   0.0   0.0   0.0   0.0   0.0   0.0   0.44  0.31  0.0   0.0   0.0   
40    A     0.67  0.0   0.0   0.0   0.0   0.0   0.0   0.0   0.0   0.0   0.13  0.0   0.0   0.0   0.09  0.0   0.09  0.0   0.0   0.03  
41    D     0.04  0.0   0.0   0.15  0.0   0.04  0.48  0.0   0.0   0.0   0.03  0.16  0.0   0.0   0.0   0.04  0.0   0.0   0.06  0.0   
42    Q     0.01  0.0   0.03  0.32  0.0   0.08  0.34  0.0   0.06  0.0   0.0   0.0   0.0   0.0   0.0   0.04  0.09  0.0   0.02  0.0   
43    V     0.0   0.0   0.0   0.0   0.02  0.0   0.0   0.0   0.0   0.37  0.31  0.0   0.0   0.0   0.0   0.0   0.0   0.0   0.0   0.31  
44    F     0.0   0.0   0.0   0.0   0.0   0.06  0.0   0.0   0.06  0.07  0.12  0.08  0.0   0.1   0.0   0.0   0.04  0.0   0.46  0.0   
45    Q     0.0   0.17  0.02  0.1   0.0   0.16  0.08  0.03  0.11  0.0   0.03  0.19  0.04  0.0   0.0   0.03  0.04  0.0   0.0   0.0   
46    L     0.27  0.1   0.03  0.0   0.0   0.02  0.12  0.0   0.1   0.07  0.15  0.04  0.0   0.0   0.0   0.08  0.0   0.0   0.0   0.02  
47    I     0.03  0.0   0.0   0.0   0.0   0.0   0.0   0.0   0.0   0.16  0.51  0.0   0.09  0.02  0.0   0.03  0.0   0.0   0.0   0.16  
48    N     0.0   0.23  0.07  0.1   0.0   0.03  0.09  0.0   0.0   0.07  0.11  0.1   0.04  0.0   0.0   0.06  0.0   0.0   0.0   0.11  
49    E     0.02  0.04  0.02  0.11  0.0   0.13  0.34  0.02  0.0   0.0   0.04  0.11  0.0   0.03  0.06  0.06  0.0   0.0   0.0   0.03  
50    H     0.2   0.06  0.06  0.21  0.0   0.06  0.15  0.0   0.04  0.01  0.02  0.11  0.01  0.0   0.0   0.03  0.0   0.0   0.0   0.03  
51    M     0.0   0.02  0.09  0.11  0.0   0.04  0.1   0.16  0.02  0.0   0.09  0.0   0.04  0.16  0.0   0.05  0.0   0.0   0.12  0.0   
52    P     0.03  0.0   0.0   0.03  0.02  0.08  0.16  0.0   0.0   0.0   0.0   0.04  0.02  0.0   0.54  0.04  0.0   0.0   0.0   0.03  
53    N     0.0   0.04  0.25  0.14  0.0   0.06  0.16  0.12  0.0   0.0   0.0   0.06  0.0   0.0   0.06  0.03  0.08  0.0   0.0   0.0   
54    A     0.1   0.0   0.0   0.0   0.0   0.0   0.0   0.0   0.0   0.46  0.03  0.0   0.1   0.0   0.0   0.04  0.09  0.0   0.0   0.18  
55    S     0.0   0.0   0.0   0.0   0.0   0.0   0.0   0.3   0.0   0.0   0.0   0.06  0.0   0.0   0.0   0.56  0.08  0.0   0.0   0.0   
56    R     0.0   0.07  0.0   0.0   0.0   0.0   0.0   0.0   0.06  0.12  0.43  0.0   0.0   0.16  0.06  0.0   0.0   0.0   0.0   0.1   
57    A     0.5   0.0   0.0   0.12  0.0   0.09  0.0   0.0   0.0   0.0   0.0   0.0   0.0   0.0   0.06  0.2   0.04  0.0   0.0   0.0   
58    T     0.06  0.0   0.0   0.0   0.0   0.0   0.0   0.0   0.0   0.0   0.0   0.0   0.0   0.0   0.0   0.13  0.82  0.0   0.0   0.0   
59    I     0.0   0.0   0.0   0.0   0.0   0.0   0.0   0.0   0.0   0.3   0.05  0.0   0.0   0.0   0.0   0.0   0.0   0.0   0.0   0.65  
60    F     0.0   0.0   0.0   0.0   0.0   0.0   0.0   0.0   0.0   0.0   0.0   0.0   0.0   0.04  0.0   0.0   0.0   0.0   0.96  0.0   
61    N     0.0   0.63  0.2   0.09  0.0   0.0   0.0   0.0   0.0   0.0   0.0   0.03  0.0   0.0   0.0   0.05  0.0   0.0   0.0   0.0   
62    N     0.09  0.0   0.37  0.0   0.0   0.0   0.0   0.0   0.0   0.04  0.0   0.0   0.0   0.0   0.0   0.06  0.19  0.0   0.0   0.22  
63    L     0.0   0.0   0.0   0.0   0.0   0.0   0.0   0.0   0.0   0.0   0.91  0.0   0.03  0.0   0.0   0.0   0.0   0.0   0.0   0.06  
64    K     0.0   0.12  0.2   0.06  0.0   0.04  0.03  0.0   0.12  0.0   0.05  0.23  0.0   0.0   0.0   0.06  0.11  0.0   0.0   0.0   
65    L     0.09  0.0   0.0   0.0   0.0   0.19  0.0   0.0   0.0   0.13  0.34  0.0   0.0   0.1   0.0   0.04  0.03  0.0   0.0   0.08  
66    F     0.0   0.0   0.0   0.0   0.0   0.0   0.0   0.0   0.0   0.0   0.36  0.0   0.08  0.53  0.0   0.0   0.0   0.0   0.03  0.0   
67    A     0.21  0.07  0.0   0.07  0.0   0.0   0.3   0.0   0.0   0.0   0.06  0.12  0.0   0.0   0.0   0.02  0.11  0.0   0.0   0.03  
68    E     0.14  0.05  0.0   0.19  0.0   0.05  0.35  0.05  0.0   0.0   0.0   0.13  0.0   0.0   0.0   0.05  0.0   0.0   0.0   0.0   
69    K     0.33  0.03  0.0   0.0   0.0   0.06  0.04  0.0   0.0   0.06  0.27  0.04  0.05  0.0   0.0   0.06  0.0   0.0   0.0   0.05  
70    G     0.03  0.0   0.04  0.0   0.0   0.0   0.04  0.72  0.05  0.0   0.0   0.11  0.0   0.0   0.0   0.0   0.0   0.0   0.0   0.0   
71    I     0.03  0.0   0.0   0.0   0.0   0.0   0.0   0.0   0.0   0.39  0.4   0.0   0.04  0.1   0.0   0.0   0.0   0.0   0.0   0.03  
72    V     0.0   0.0   0.0   0.0   0.0   0.0   0.0   0.0   0.0   0.28  0.19  0.0   0.0   0.03  0.0   0.0   0.0   0.0   0.0   0.5   
73    N     0.03  0.13  0.12  0.11  0.04  0.05  0.12  0.0   0.09  0.02  0.02  0.08  0.0   0.0   0.0   0.03  0.11  0.0   0.0   0.04  
74    L     0.0   0.31  0.02  0.0   0.0   0.0   0.19  0.0   0.0   0.0   0.04  0.11  0.0   0.13  0.0   0.08  0.06  0.0   0.0   0.04  
75    L     0.0   0.0   0.02  0.0   0.0   0.0   0.0   0.0   0.22  0.13  0.31  0.0   0.0   0.05  0.0   0.02  0.12  0.0   0.0   0.14  
76    E     0.03  0.0   0.2   0.17  0.0   0.1   0.26  0.0   0.07  0.0   0.0   0.0   0.0   0.0   0.02  0.04  0.11  0.0   0.0   0.0   
77    L     0.0   0.0   0.0   0.0   0.0   0.0   0.0   0.0   0.0   0.0   0.27  0.0   0.0   0.3   0.12  0.06  0.12  0.0   0.08  0.03  
78    K     0.08  0.03  0.04  0.18  0.0   0.0   0.22  0.17  0.0   0.0   0.0   0.04  0.0   0.0   0.0   0.14  0.09  0.0   0.0   0.0   
79    S     0.0   0.08  0.06  0.15  0.0   0.0   0.08  0.33  0.0   0.0   0.0   0.05  0.0   0.0   0.0   0.15  0.07  0.0   0.0   0.0   
80    G     0.08  0.0   0.04  0.02  0.0   0.0   0.09  0.45  0.0   0.0   0.0   0.0   0.0   0.08  0.0   0.24  0.0   0.0   0.0   0.0   
81    I     0.0   0.06  0.03  0.0   0.0   0.0   0.19  0.09  0.1   0.04  0.0   0.14  0.06  0.0   0.03  0.08  0.0   0.0   0.06  0.11  
82    T     0.16  0.04  0.03  0.0   0.0   0.0   0.0   0.0   0.06  0.0   0.0   0.18  0.0   0.03  0.0   0.32  0.17  0.0   0.0   0.0   
83    L     0.0   0.38  0.0   0.0   0.0   0.0   0.0   0.0   0.05  0.02  0.13  0.04  0.0   0.09  0.0   0.0   0.0   0.0   0.08  0.21  
84    Y     0.0   0.09  0.0   0.0   0.0   0.0   0.0   0.0   0.0   0.0   0.0   0.0   0.0   0.38  0.0   0.0   0.0   0.0   0.48  0.05  
85    D     0.0   0.06  0.0   0.24  0.08  0.0   0.52  0.0   0.0   0.06  0.03  0.0   0.0   0.0   0.0   0.0   0.0   0.0   0.0   0.0   
86    S     0.31  0.04  0.0   0.0   0.0   0.06  0.0   0.0   0.0   0.0   0.26  0.0   0.0   0.11  0.0   0.12  0.06  0.0   0.0   0.05  
87    N     0.04  0.19  0.28  0.06  0.13  0.0   0.0   0.0   0.0   0.0   0.0   0.03  0.0   0.0   0.08  0.11  0.03  0.0   0.0   0.05  
88    V     0.03  0.0   0.0   0.0   0.05  0.05  0.0   0.16  0.08  0.0   0.0   0.09  0.0   0.0   0.06  0.08  0.3   0.0   0.0   0.11  
89    I     0.07  0.0   0.0   0.14  0.0   0.05  0.2   0.04  0.33  0.04  0.0   0.02  0.0   0.0   0.07  0.06  0.0   0.0   0.0   0.0   
90    H     0.0   0.0   0.19  0.02  0.0   0.0   0.04  0.0   0.58  0.0   0.0   0.0   0.0   0.03  0.05  0.03  0.06  0.0   0.0   0.0   
91    H     0.0   0.0   0.0   0.0   0.0   0.0   0.0   0.0   0.94  0.0   0.0   0.0   0.0   0.0   0.0   0.06  0.0   0.0   0.0   0.0   
92    H     0.06  0.0   0.04  0.29  0.0   0.0   0.0   0.0   0.4   0.0   0.0   0.04  0.0   0.05  0.03  0.0   0.0   0.0   0.08  0.0   
93    H     0.0   0.0   0.05  0.0   0.0   0.0   0.0   0.0   0.89  0.0   0.0   0.0   0.06  0.0   0.0   0.0   0.0   0.0   0.0   0.0   
94    A     0.06  0.0   0.0   0.0   0.0   0.0   0.0   0.0   0.0   0.3   0.22  0.0   0.08  0.18  0.0   0.0   0.0   0.0   0.0   0.16  
95    I     0.0   0.0   0.0   0.0   0.0   0.04  0.0   0.0   0.0   0.65  0.0   0.0   0.0   0.0   0.0   0.0   0.0   0.0   0.0   0.31  
96    D     0.0   0.0   0.02  0.13  0.8   0.0   0.06  0.0   0.0   0.0   0.0   0.0   0.0   0.0   0.0   0.0   0.0   0.0   0.0   0.0   
97    E     0.0   0.18  0.0   0.06  0.0   0.0   0.22  0.0   0.0   0.0   0.24  0.05  0.11  0.0   0.0   0.0   0.02  0.0   0.0   0.12  
98    K     0.03  0.06  0.1   0.17  0.0   0.06  0.11  0.0   0.05  0.0   0.0   0.2   0.0   0.0   0.0   0.19  0.0   0.0   0.0   0.02  
99    T     0.0   0.0   0.0   0.0   0.78  0.0   0.0   0.0   0.0   0.0   0.01  0.0   0.0   0.0   0.0   0.04  0.13  0.0   0.0   0.0   
100   G     0.0   0.0   0.05  0.0   0.0   0.0   0.0   0.86  0.0   0.0   0.01  0.0   0.0   0.0   0.0   0.05  0.0   0.0   0.0   0.0   
101   E     0.15  0.06  0.0   0.06  0.0   0.0   0.19  0.0   0.0   0.0   0.0   0.41  0.0   0.0   0.0   0.04  0.05  0.0   0.0   0.03  
102   I     0.0   0.0   0.0   0.0   0.0   0.0   0.0   0.0   0.0   0.37  0.0   0.0   0.0   0.0   0.0   0.0   0.18  0.0   0.0   0.45  
103   Y     0.09  0.06  0.0   0.07  0.0   0.0   0.04  0.0   0.0   0.36  0.0   0.15  0.0   0.06  0.0   0.0   0.02  0.0   0.04  0.12  
104   D     0.0   0.0   0.0   0.35  0.0   0.0   0.62  0.0   0.0   0.0   0.0   0.0   0.0   0.0   0.0   0.0   0.0   0.0   0.0   0.03  
105   I     0.0   0.0   0.0   0.0   0.0   0.0   0.06  0.0   0.0   0.2   0.0   0.0   0.0   0.61  0.0   0.0   0.0   0.0   0.0   0.13  
106   S     0.06  0.04  0.0   0.12  0.11  0.02  0.11  0.05  0.13  0.0   0.01  0.08  0.07  0.03  0.0   0.12  0.04  0.0   0.0   0.02  
107   L     0.07  0.0   0.11  0.28  0.0   0.0   0.04  0.0   0.0   0.0   0.05  0.0   0.03  0.0   0.05  0.15  0.0   0.0   0.13  0.06  
108   D     0.07  0.0   0.03  0.27  0.03  0.0   0.09  0.01  0.05  0.06  0.01  0.0   0.0   0.0   0.36  0.01  0.0   0.0   0.0   0.01  
109   S     0.01  0.0   0.0   0.07  0.0   0.08  0.32  0.1   0.0   0.08  0.05  0.04  0.04  0.0   0.04  0.15  0.01  0.0   0.0   0.01  
110   K     0.01  0.0   0.0   0.04  0.0   0.03  0.07  0.01  0.0   0.43  0.15  0.08  0.0   0.0   0.0   0.01  0.01  0.0   0.0   0.15  
111   L     0.01  0.0   0.02  0.12  0.0   0.0   0.52  0.01  0.0   0.06  0.18  0.01  0.0   0.04  0.0   0.01  0.01  0.0   0.0   0.01  
112   Q     0.03  0.09  0.01  0.12  0.01  0.14  0.12  0.02  0.01  0.08  0.08  0.1   0.06  0.01  0.02  0.04  0.02  0.0   0.01  0.02  
113   E     0.03  0.06  0.02  0.02  0.01  0.13  0.07  0.13  0.01  0.14  0.05  0.02  0.01  0.01  0.02  0.05  0.06  0.0   0.01  0.14  
114   K     0.02  0.02  0.01  0.02  0.01  0.15  0.29  0.02  0.01  0.06  0.03  0.13  0.07  0.01  0.02  0.05  0.02  0.0   0.04  0.02  
115   V     0.09  0.1   0.01  0.02  0.01  0.09  0.06  0.02  0.07  0.14  0.15  0.02  0.01  0.01  0.02  0.05  0.06  0.0   0.01  0.08  
116   L     0.02  0.02  0.01  0.02  0.01  0.01  0.14  0.05  0.01  0.1   0.26  0.05  0.01  0.06  0.07  0.05  0.08  0.0   0.01  0.02  
117   S     0.15  0.07  0.07  0.06  0.01  0.04  0.07  0.02  0.01  0.17  0.13  0.02  0.01  0.01  0.05  0.07  0.02  0.0   0.01  0.02  
118   E     0.28  0.06  0.1   0.0   0.03  0.11  0.1   0.01  0.0   0.0   0.01  0.13  0.0   0.0   0.04  0.05  0.0   0.0   0.0   0.06  
119   L     0.07  0.23  0.06  0.0   0.0   0.0   0.08  0.01  0.1   0.0   0.26  0.05  0.0   0.0   0.0   0.01  0.06  0.05  0.0   0.0   
120   K     0.05  0.01  0.05  0.04  0.0   0.34  0.06  0.07  0.0   0.08  0.01  0.14  0.02  0.0   0.01  0.04  0.01  0.0   0.0   0.07  
121   Q     0.05  0.13  0.05  0.02  0.0   0.07  0.1   0.01  0.16  0.01  0.01  0.09  0.07  0.0   0.01  0.01  0.11  0.04  0.05  0.01  
122   D     0.03  0.04  0.07  0.16  0.0   0.01  0.24  0.19  0.03  0.01  0.01  0.1   0.0   0.01  0.01  0.03  0.06  0.0   0.0   0.01  
123   F     0.01  0.01  0.01  0.01  0.0   0.01  0.01  0.01  0.06  0.27  0.01  0.01  0.02  0.31  0.01  0.01  0.01  0.0   0.0   0.23  
124   K     0.33  0.01  0.03  0.06  0.0   0.01  0.01  0.01  0.0   0.01  0.01  0.34  0.0   0.01  0.01  0.06  0.01  0.0   0.0   0.09  
125   L     0.05  0.12  0.01  0.01  0.0   0.01  0.08  0.01  0.0   0.05  0.23  0.08  0.0   0.01  0.01  0.08  0.06  0.0   0.01  0.17  
126   K     0.03  0.12  0.01  0.03  0.0   0.02  0.2   0.01  0.06  0.01  0.01  0.3   0.0   0.01  0.01  0.07  0.09  0.0   0.0   0.01  
127   T     0.04  0.05  0.05  0.01  0.0   0.01  0.08  0.01  0.32  0.01  0.05  0.01  0.0   0.01  0.01  0.01  0.16  0.0   0.09  0.07  
128   G     0.02  0.01  0.11  0.07  0.01  0.06  0.02  0.47  0.03  0.01  0.02  0.02  0.01  0.01  0.01  0.02  0.02  0.0   0.07  0.02  
129   S     0.07  0.01  0.01  0.01  0.01  0.01  0.02  0.08  0.01  0.03  0.02  0.02  0.01  0.29  0.01  0.07  0.02  0.0   0.15  0.15  
130   S     0.05  0.09  0.05  0.09  0.01  0.11  0.1   0.02  0.04  0.05  0.03  0.09  0.01  0.01  0.01  0.12  0.03  0.0   0.01  0.08  
131   L     0.02  0.01  0.01  0.06  0.07  0.01  0.01  0.02  0.0   0.15  0.47  0.01  0.03  0.01  0.01  0.01  0.01  0.0   0.01  0.07  
132   E     0.02  0.01  0.01  0.06  0.0   0.04  0.15  0.02  0.04  0.16  0.05  0.01  0.0   0.01  0.01  0.01  0.16  0.0   0.01  0.22  
133   N     0.01  0.01  0.13  0.26  0.0   0.01  0.07  0.11  0.04  0.01  0.01  0.05  0.0   0.01  0.01  0.23  0.01  0.0   0.01  0.01  
134   C     0.0   0.0   0.06  0.0   0.19  0.0   0.0   0.0   0.75  0.0   0.0   0.0   0.0   0.0   0.0   0.0   0.0   0.0   0.0   0.0   
135   N     0.1   0.24  0.13  0.05  0.0   0.13  0.0   0.0   0.0   0.0   0.06  0.14  0.0   0.0   0.0   0.1   0.05  0.0   0.0   0.0   
136   L     0.0   0.0   0.0   0.0   0.0   0.0   0.0   0.0   0.0   0.05  0.63  0.0   0.24  0.05  0.0   0.0   0.0   0.0   0.0   0.03  
137   S     0.0   0.0   0.03  0.0   0.0   0.06  0.36  0.0   0.0   0.0   0.0   0.06  0.0   0.0   0.0   0.08  0.12  0.0   0.22  0.08  
138   I     0.0   0.0   0.0   0.0   0.0   0.0   0.0   0.0   0.0   0.29  0.37  0.0   0.08  0.11  0.0   0.0   0.0   0.0   0.0   0.15  
139   T     0.0   0.0   0.0   0.0   0.0   0.0   0.0   0.0   0.08  0.0   0.0   0.0   0.0   0.11  0.0   0.0   0.1   0.0   0.71  0.0   
140   L     0.03  0.0   0.0   0.0   0.04  0.0   0.0   0.73  0.0   0.0   0.06  0.0   0.0   0.0   0.0   0.0   0.04  0.0   0.0   0.11  
141   K     0.0   0.05  0.03  0.0   0.0   0.0   0.05  0.0   0.04  0.26  0.02  0.2   0.0   0.0   0.0   0.0   0.06  0.06  0.0   0.22  
142   G     0.0   0.0   0.0   0.0   0.84  0.0   0.0   0.06  0.0   0.0   0.0   0.1   0.0   0.0   0.0   0.0   0.0   0.0   0.0   0.0   
143   K     0.03  0.0   0.0   0.0   0.0   0.04  0.1   0.0   0.06  0.0   0.06  0.48  0.0   0.0   0.18  0.0   0.05  0.0   0.0   0.0   
144   K     0.0   0.08  0.0   0.0   0.0   0.08  0.54  0.0   0.0   0.0   0.0   0.3   0.0   0.0   0.0   0.0   0.0   0.0   0.0   0.0   
145   N     0.0   0.0   0.58  0.19  0.0   0.0   0.0   0.0   0.0   0.0   0.0   0.0   0.0   0.0   0.0   0.23  0.0   0.0   0.0   0.0   
146   P     0.0   0.0   0.0   0.0   0.0   0.0   0.0   0.0   0.0   0.0   0.0   0.0   0.0   0.0   1.0   0.0   0.0   0.0   0.0   0.0   
