             A     R     N     D     C     Q     E     G     H     I     L     K     M     F     P     S     T     W     Y     V
1     P     0.0   0.0   0.0   0.0   0.0   0.0   0.0   0.0   0.0   0.0   0.0   0.0   0.0   0.0   1.0   0.0   0.0   0.0   0.0   0.0   
2     E     0.0   0.0   0.0   0.0   0.0   0.0   0.52  0.48  0.0   0.0   0.0   0.0   0.0   0.0   0.0   0.0   0.0   0.0   0.0   0.0   
3     N     0.0   0.0   0.26  0.0   0.0   0.0   0.0   0.0   0.0   0.0   0.0   0.31  0.0   0.0   0.0   0.3   0.13  0.0   0.0   0.0   
4     A     0.45  0.3   0.0   0.0   0.0   0.0   0.0   0.0   0.0   0.0   0.0   0.0   0.0   0.0   0.13  0.0   0.12  0.0   0.0   0.0   
5     L     0.0   0.0   0.0   0.0   0.0   0.0   0.0   0.0   0.0   0.0   1.0   0.0   0.0   0.0   0.0   0.0   0.0   0.0   0.0   0.0   
6     D     0.0   0.0   0.0   0.87  0.0   0.0   0.0   0.13  0.0   0.0   0.0   0.0   0.0   0.0   0.0   0.0   0.0   0.0   0.0   0.0   
7     K     0.0   0.26  0.0   0.0   0.0   0.0   0.0   0.0   0.0   0.0   0.0   0.25  0.0   0.0   0.3   0.19  0.0   0.0   0.0   0.0   
8     L     0.3   0.0   0.0   0.0   0.19  0.0   0.0   0.0   0.0   0.0   0.51  0.0   0.0   0.0   0.0   0.0   0.0   0.0   0.0   0.0   
9     F     0.0   0.0   0.0   0.0   0.0   0.0   0.0   0.0   0.0   0.0   0.3   0.0   0.0   0.38  0.0   0.0   0.0   0.0   0.32  0.0   
10    S     0.0   0.0   0.0   0.0   0.0   0.0   0.0   0.0   0.0   0.0   0.3   0.0   0.0   0.0   0.0   0.51  0.19  0.0   0.0   0.0   
11    S     0.0   0.0   0.0   0.0   0.0   0.0   0.49  0.0   0.0   0.0   0.13  0.0   0.0   0.0   0.13  0.25  0.0   0.0   0.0   0.0   
12    E     0.0   0.0   0.0   0.0   0.0   0.3   0.7   0.0   0.0   0.0   0.0   0.0   0.0   0.0   0.0   0.0   0.0   0.0   0.0   0.0   
13    Q     0.0   0.0   0.0   0.0   0.0   0.7   0.0   0.0   0.0   0.0   0.0   0.0   0.0   0.0   0.0   0.3   0.0   0.0   0.0   0.0   
14    Q     0.0   0.65  0.0   0.0   0.0   0.35  0.0   0.0   0.0   0.0   0.0   0.0   0.0   0.0   0.0   0.0   0.0   0.0   0.0   0.0   
15    A     0.49  0.0   0.0   0.0   0.0   0.09  0.12  0.0   0.0   0.0   0.0   0.3   0.0   0.0   0.0   0.0   0.0   0.0   0.0   0.0   
16    S     0.0   0.12  0.0   0.0   0.0   0.0   0.0   0.0   0.0   0.0   0.0   0.39  0.0   0.0   0.0   0.35  0.0   0.0   0.0   0.14  
17    I     0.0   0.0   0.0   0.0   0.0   0.0   0.0   0.0   0.0   0.85  0.15  0.0   0.0   0.0   0.0   0.0   0.0   0.0   0.0   0.0   
18    L     0.0   0.0   0.0   0.0   0.0   0.0   0.0   0.0   0.0   0.0   1.0   0.0   0.0   0.0   0.0   0.0   0.0   0.0   0.0   0.0   
19    H     0.0   0.0   0.0   0.12  0.0   0.29  0.0   0.0   0.27  0.0   0.0   0.32  0.0   0.0   0.0   0.0   0.0   0.0   0.0   0.0   
20    V     0.0   0.12  0.0   0.0   0.0   0.0   0.0   0.0   0.0   0.0   0.36  0.0   0.0   0.15  0.0   0.0   0.09  0.0   0.0   0.28  
21    L     0.0   0.0   0.0   0.0   0.0   0.0   0.0   0.0   0.0   0.46  0.54  0.0   0.0   0.0   0.0   0.0   0.0   0.0   0.0   0.0   
22    N     0.0   0.0   1.0   0.0   0.0   0.0   0.0   0.0   0.0   0.0   0.0   0.0   0.0   0.0   0.0   0.0   0.0   0.0   0.0   0.0   
23    T     0.0   0.0   0.05  0.0   0.0   0.0   0.1   0.0   0.0   0.08  0.0   0.0   0.0   0.0   0.0   0.05  0.71  0.0   0.0   0.0   
24    A     0.67  0.0   0.0   0.0   0.08  0.0   0.0   0.25  0.0   0.0   0.0   0.0   0.0   0.0   0.0   0.0   0.0   0.0   0.0   0.0   
25    S     0.0   0.0   0.0   0.0   0.0   0.0   0.0   0.08  0.0   0.0   0.0   0.0   0.0   0.0   0.0   0.61  0.3   0.0   0.0   0.0   
26    T     0.29  0.0   0.04  0.08  0.0   0.0   0.14  0.0   0.0   0.0   0.19  0.08  0.0   0.0   0.05  0.0   0.04  0.0   0.0   0.1   
27    K     0.06  0.1   0.0   0.0   0.0   0.0   0.21  0.0   0.0   0.0   0.0   0.3   0.0   0.0   0.05  0.19  0.0   0.0   0.0   0.08  
28    E     0.0   0.0   0.0   0.15  0.0   0.19  0.58  0.0   0.0   0.0   0.08  0.0   0.0   0.0   0.0   0.0   0.0   0.0   0.0   0.0   
29    L     0.0   0.0   0.0   0.0   0.0   0.0   0.0   0.0   0.0   0.06  0.94  0.0   0.0   0.0   0.0   0.0   0.0   0.0   0.0   0.0   
30    E     0.0   0.23  0.0   0.0   0.0   0.07  0.21  0.0   0.0   0.0   0.0   0.29  0.19  0.0   0.0   0.0   0.0   0.0   0.0   0.0   
31    A     0.21  0.0   0.08  0.0   0.0   0.06  0.0   0.07  0.08  0.0   0.0   0.08  0.0   0.0   0.0   0.42  0.0   0.0   0.0   0.0   
32    F     0.0   0.0   0.0   0.0   0.0   0.0   0.0   0.0   0.0   0.15  0.47  0.0   0.05  0.16  0.0   0.0   0.0   0.0   0.0   0.17  
33    R     0.08  0.31  0.05  0.0   0.0   0.25  0.0   0.0   0.0   0.0   0.0   0.18  0.0   0.0   0.0   0.07  0.06  0.0   0.0   0.0   
34    L     0.0   0.16  0.0   0.0   0.0   0.05  0.0   0.54  0.0   0.0   0.21  0.03  0.0   0.0   0.0   0.0   0.0   0.0   0.0   0.0   
35    L     0.0   0.0   0.0   0.0   0.0   0.0   0.0   0.0   0.0   0.45  0.43  0.0   0.0   0.0   0.0   0.0   0.0   0.0   0.0   0.13  
36    R     0.0   0.21  0.08  0.0   0.0   0.0   0.0   0.52  0.0   0.0   0.0   0.0   0.0   0.0   0.0   0.06  0.13  0.0   0.0   0.0   
37    G     0.14  0.0   0.0   0.23  0.0   0.17  0.11  0.21  0.0   0.0   0.05  0.0   0.0   0.0   0.07  0.0   0.0   0.0   0.0   0.0   
38    R     0.0   0.17  0.08  0.0   0.0   0.0   0.08  0.0   0.0   0.0   0.0   0.6   0.0   0.0   0.0   0.07  0.0   0.0   0.0   0.0   
39    R     0.0   0.21  0.0   0.0   0.0   0.0   0.0   0.0   0.0   0.05  0.0   0.61  0.13  0.0   0.0   0.0   0.0   0.0   0.0   0.0   
40    S     0.71  0.0   0.0   0.0   0.0   0.0   0.0   0.0   0.0   0.0   0.0   0.0   0.0   0.0   0.0   0.21  0.0   0.0   0.0   0.08  
41    I     0.08  0.0   0.0   0.0   0.0   0.15  0.21  0.0   0.0   0.04  0.0   0.28  0.0   0.04  0.0   0.0   0.0   0.0   0.0   0.19  
42    N     0.19  0.0   0.35  0.08  0.0   0.0   0.0   0.0   0.0   0.0   0.25  0.0   0.0   0.0   0.0   0.06  0.0   0.0   0.08  0.0   
43    I     0.0   0.0   0.0   0.0   0.0   0.0   0.0   0.0   0.0   1.0   0.0   0.0   0.0   0.0   0.0   0.0   0.0   0.0   0.0   0.0   
44    V     0.0   0.0   0.0   0.0   0.0   0.0   0.0   0.0   0.0   0.25  0.0   0.0   0.05  0.0   0.0   0.0   0.0   0.0   0.0   0.7   
45    E     0.07  0.0   0.0   0.06  0.0   0.14  0.37  0.25  0.0   0.0   0.0   0.06  0.0   0.0   0.0   0.05  0.0   0.0   0.0   0.0   
46    H     0.0   0.0   0.0   0.0   0.0   0.0   0.0   0.0   0.16  0.0   0.08  0.0   0.0   0.05  0.0   0.0   0.0   0.33  0.38  0.0   
47    R     0.0   1.0   0.0   0.0   0.0   0.0   0.0   0.0   0.0   0.0   0.0   0.0   0.0   0.0   0.0   0.0   0.0   0.0   0.0   0.0   
48    E     0.0   0.06  0.0   0.0   0.0   0.0   0.64  0.0   0.0   0.0   0.0   0.11  0.0   0.0   0.0   0.13  0.06  0.0   0.0   0.0   
49    N     0.0   0.06  0.04  0.0   0.0   0.08  0.27  0.0   0.0   0.05  0.1   0.25  0.0   0.0   0.0   0.0   0.0   0.0   0.0   0.15  
50    F     0.01  0.0   0.31  0.0   0.0   0.08  0.01  0.01  0.33  0.0   0.01  0.0   0.0   0.16  0.0   0.01  0.0   0.0   0.06  0.01  
51    G     0.0   0.0   0.0   0.0   0.0   0.0   0.0   0.92  0.0   0.0   0.0   0.0   0.0   0.0   0.0   0.08  0.0   0.0   0.0   0.0   
52    P     0.0   0.07  0.06  0.05  0.0   0.0   0.0   0.0   0.0   0.0   0.03  0.0   0.0   0.0   0.78  0.0   0.0   0.0   0.0   0.0   
53    F     0.0   0.0   0.0   0.0   0.0   0.0   0.0   0.0   0.0   0.0   0.08  0.0   0.0   0.92  0.0   0.0   0.0   0.0   0.0   0.0   
54    Q     0.0   0.06  0.03  0.0   0.0   0.23  0.0   0.0   0.0   0.08  0.0   0.36  0.0   0.0   0.0   0.12  0.05  0.0   0.0   0.0   
55    N     0.0   0.04  0.31  0.0   0.0   0.09  0.07  0.0   0.0   0.0   0.0   0.0   0.0   0.0   0.0   0.28  0.21  0.0   0.0   0.0   
56    L     0.06  0.08  0.0   0.0   0.0   0.0   0.0   0.0   0.0   0.2   0.3   0.0   0.0   0.0   0.0   0.0   0.0   0.0   0.0   0.36  
57    E     0.0   0.0   0.0   0.08  0.0   0.0   0.92  0.0   0.0   0.0   0.0   0.0   0.0   0.0   0.0   0.0   0.0   0.0   0.0   0.0   
58    S     0.0   0.0   0.04  0.58  0.0   0.14  0.06  0.0   0.0   0.0   0.0   0.0   0.0   0.0   0.0   0.17  0.0   0.0   0.0   0.0   
59    L     0.0   0.0   0.0   0.0   0.0   0.0   0.0   0.0   0.0   0.07  0.87  0.0   0.0   0.0   0.0   0.0   0.0   0.0   0.0   0.06  
60    M     0.08  0.0   0.0   0.0   0.0   0.09  0.1   0.0   0.0   0.14  0.06  0.19  0.08  0.0   0.0   0.0   0.07  0.0   0.0   0.19  
61    N     0.0   0.1   0.14  0.04  0.04  0.12  0.06  0.04  0.0   0.0   0.0   0.34  0.0   0.0   0.0   0.12  0.0   0.0   0.0   0.0   
62    V     0.0   0.0   0.0   0.0   0.0   0.0   0.0   0.0   0.0   0.14  0.08  0.0   0.06  0.0   0.0   0.0   0.0   0.0   0.0   0.71  
63    P     0.0   0.0   0.0   0.0   0.0   0.0   0.19  0.15  0.0   0.0   0.0   0.0   0.0   0.0   0.52  0.14  0.0   0.0   0.0   0.0   
64    L     0.0   0.0   0.0   0.0   0.0   0.0   0.0   0.39  0.0   0.0   0.61  0.0   0.0   0.0   0.0   0.0   0.0   0.0   0.0   0.0   
65    F     0.0   0.0   0.0   0.0   0.0   0.0   0.0   0.0   0.0   0.66  0.14  0.0   0.0   0.2   0.0   0.0   0.0   0.0   0.0   0.0   
66    K     0.0   0.0   0.0   0.0   0.0   0.28  0.0   0.21  0.0   0.0   0.0   0.25  0.0   0.0   0.0   0.27  0.0   0.0   0.0   0.0   
67    Y     0.27  0.0   0.0   0.0   0.0   0.0   0.21  0.0   0.0   0.0   0.0   0.0   0.0   0.0   0.0   0.0   0.0   0.0   0.52  0.0   
68    K     0.0   0.0   0.0   0.0   0.0   0.0   0.0   0.0   0.0   0.0   0.0   1.0   0.0   0.0   0.0   0.0   0.0   0.0   0.0   0.0   
69    S     0.0   0.0   0.0   0.0   0.0   0.0   0.0   0.0   0.0   0.13  0.0   0.0   0.0   0.0   0.0   0.62  0.25  0.0   0.0   0.0   
70    T     0.43  0.0   0.0   0.0   0.0   0.0   0.0   0.0   0.0   0.0   0.0   0.0   0.0   0.3   0.0   0.0   0.27  0.0   0.0   0.0   
71    V     0.0   0.0   0.0   0.0   0.0   0.0   0.3   0.0   0.0   0.31  0.0   0.0   0.0   0.0   0.0   0.0   0.0   0.0   0.0   0.38  
72    Q     0.0   0.0   0.0   0.0   0.0   0.27  0.25  0.0   0.0   0.0   0.0   0.3   0.18  0.0   0.0   0.0   0.0   0.0   0.0   0.0   
73    V     0.0   0.0   0.0   0.0   0.0   0.0   0.0   0.0   0.0   0.3   0.0   0.0   0.0   0.0   0.0   0.0   0.0   0.0   0.0   0.7   
74    C     0.0   0.0   0.0   0.0   0.52  0.0   0.0   0.0   0.0   0.0   0.0   0.3   0.0   0.18  0.0   0.0   0.0   0.0   0.0   0.0   
75    N     0.0   0.0   0.52  0.18  0.0   0.0   0.0   0.0   0.0   0.0   0.0   0.0   0.0   0.0   0.0   0.3   0.0   0.0   0.0   0.0   
76    S     0.0   0.0   0.0   0.0   0.0   0.0   0.0   0.0   0.0   0.0   0.0   0.0   0.0   0.0   0.0   1.0   0.0   0.0   0.0   0.0   
77    I     0.0   0.0   0.0   0.0   0.0   0.0   0.0   0.0   0.0   1.0   0.0   0.0   0.0   0.0   0.0   0.0   0.0   0.0   0.0   0.0   
78    L     0.0   0.0   0.0   0.0   0.0   0.0   0.0   0.0   0.0   0.0   1.0   0.0   0.0   0.0   0.0   0.0   0.0   0.0   0.0   0.0   
79    H     0.0   0.0   0.69  0.0   0.0   0.0   0.0   0.0   0.31  0.0   0.0   0.0   0.0   0.0   0.0   0.0   0.0   0.0   0.0   0.0   
80    H     0.0   0.0   0.0   0.0   0.0   0.0   0.0   0.0   0.0   0.0   0.0   0.0   0.0   0.0   0.0   0.0   0.0   0.0   0.0   0.0   
81    H     0.0   0.0   0.0   0.0   0.0   0.0   0.0   0.0   0.0   0.0   0.0   0.0   0.0   0.0   0.0   0.0   0.0   0.0   0.0   0.0   
