             A     R     N     D     C     Q     E     G     H     I     L     K     M     F     P     S     T     W     Y     V
1     S     0.19  0.0   0.0   0.0   0.0   0.0   0.0   0.0   0.0   0.0   0.0   0.0   0.0   0.0   0.0   0.43  0.38  0.0   0.0   0.0   
2     L     0.11  0.0   0.0   0.0   0.0   0.0   0.0   0.0   0.0   0.14  0.34  0.13  0.0   0.0   0.0   0.0   0.0   0.0   0.0   0.27  
3     C     0.0   0.0   0.0   0.0   1.0   0.0   0.0   0.0   0.0   0.0   0.0   0.0   0.0   0.0   0.0   0.0   0.0   0.0   0.0   0.0   
4     G     0.0   0.0   0.09  0.0   0.0   0.0   0.0   0.61  0.0   0.0   0.0   0.0   0.0   0.0   0.0   0.13  0.17  0.0   0.0   0.0   
5     R     0.05  0.26  0.0   0.0   0.0   0.0   0.0   0.0   0.16  0.0   0.13  0.13  0.0   0.13  0.0   0.06  0.0   0.0   0.07  0.0   
6     V     0.0   0.0   0.0   0.0   0.0   0.0   0.0   0.0   0.0   0.06  0.19  0.11  0.0   0.0   0.0   0.0   0.2   0.0   0.0   0.45  
7     F     0.0   0.0   0.0   0.0   0.19  0.0   0.0   0.0   0.0   0.0   0.0   0.0   0.0   0.49  0.0   0.0   0.0   0.32  0.0   0.0   
8     K     0.0   0.16  0.0   0.0   0.0   0.0   0.0   0.06  0.0   0.0   0.0   0.26  0.0   0.19  0.0   0.0   0.28  0.0   0.0   0.05  
9     V     0.13  0.0   0.1   0.0   0.0   0.06  0.0   0.0   0.0   0.18  0.0   0.13  0.09  0.0   0.15  0.04  0.0   0.0   0.0   0.12  
10    G     0.0   0.0   0.43  0.0   0.0   0.0   0.0   0.42  0.05  0.0   0.0   0.0   0.0   0.0   0.0   0.1   0.0   0.0   0.0   0.0   
11    E     0.0   0.0   0.0   0.13  0.0   0.22  0.52  0.0   0.0   0.0   0.0   0.0   0.0   0.08  0.0   0.0   0.0   0.0   0.0   0.05  
12    P     0.0   0.0   0.06  0.07  0.0   0.0   0.0   0.0   0.09  0.06  0.05  0.0   0.0   0.0   0.22  0.0   0.13  0.0   0.07  0.24  
13    T     0.16  0.0   0.0   0.0   0.0   0.0   0.0   0.0   0.0   0.37  0.06  0.0   0.0   0.12  0.0   0.0   0.2   0.08  0.0   0.0   
14    Y     0.0   0.0   0.0   0.0   0.0   0.0   0.0   0.0   0.0   0.0   0.0   0.0   0.0   0.12  0.0   0.0   0.0   0.0   0.88  0.0   
15    S     0.0   0.42  0.0   0.0   0.0   0.0   0.12  0.0   0.11  0.0   0.0   0.0   0.0   0.06  0.0   0.15  0.05  0.0   0.09  0.0   
16    C     0.0   0.0   0.0   0.0   1.0   0.0   0.0   0.0   0.0   0.0   0.0   0.0   0.0   0.0   0.0   0.0   0.0   0.0   0.0   0.0   
17    R     0.0   0.37  0.0   0.0   0.0   0.0   0.0   0.0   0.23  0.0   0.05  0.2   0.0   0.09  0.0   0.0   0.0   0.0   0.06  0.0   
18    D     0.0   0.0   0.05  0.16  0.0   0.0   0.14  0.0   0.0   0.0   0.0   0.0   0.0   0.0   0.0   0.0   0.65  0.0   0.0   0.0   
19    C     0.0   0.0   0.0   0.0   1.0   0.0   0.0   0.0   0.0   0.0   0.0   0.0   0.0   0.0   0.0   0.0   0.0   0.0   0.0   0.0   
20    A     0.16  0.0   0.11  0.0   0.0   0.0   0.05  0.43  0.0   0.0   0.0   0.06  0.0   0.0   0.0   0.19  0.0   0.0   0.0   0.0   
21    V     0.0   0.0   0.05  0.0   0.05  0.0   0.0   0.0   0.0   0.15  0.23  0.0   0.11  0.05  0.0   0.0   0.2   0.0   0.0   0.16  
22    D     0.0   0.0   0.09  0.45  0.0   0.0   0.06  0.0   0.0   0.05  0.06  0.0   0.0   0.0   0.0   0.11  0.12  0.0   0.0   0.06  
23    P     0.0   0.0   0.1   0.22  0.0   0.0   0.06  0.17  0.0   0.0   0.0   0.0   0.0   0.0   0.4   0.05  0.0   0.0   0.0   0.0   
24    T     0.0   0.06  0.05  0.0   0.17  0.0   0.0   0.06  0.0   0.0   0.09  0.0   0.0   0.0   0.0   0.12  0.45  0.0   0.0   0.0   
25    C     0.0   0.0   0.06  0.0   0.46  0.0   0.0   0.0   0.0   0.0   0.12  0.0   0.11  0.0   0.0   0.05  0.0   0.0   0.09  0.11  
26    V     0.16  0.0   0.0   0.0   0.12  0.0   0.09  0.11  0.0   0.0   0.0   0.0   0.0   0.0   0.0   0.17  0.0   0.0   0.0   0.35  
27    L     0.0   0.0   0.0   0.0   0.12  0.0   0.0   0.0   0.0   0.24  0.42  0.0   0.05  0.0   0.0   0.0   0.0   0.0   0.0   0.17  
28    C     0.0   0.0   0.0   0.0   1.0   0.0   0.0   0.0   0.0   0.0   0.0   0.0   0.0   0.0   0.0   0.0   0.0   0.0   0.0   0.0   
29    M     0.12  0.04  0.0   0.0   0.0   0.0   0.09  0.0   0.0   0.05  0.05  0.0   0.11  0.0   0.0   0.05  0.18  0.0   0.0   0.31  
30    E     0.0   0.0   0.15  0.08  0.0   0.05  0.25  0.0   0.05  0.0   0.09  0.11  0.0   0.0   0.1   0.0   0.0   0.0   0.0   0.11  
31    C     0.0   0.0   0.0   0.0   1.0   0.0   0.0   0.0   0.0   0.0   0.0   0.0   0.0   0.0   0.0   0.0   0.0   0.0   0.0   0.0   
32    F     0.18  0.01  0.01  0.01  0.0   0.01  0.01  0.01  0.0   0.07  0.01  0.01  0.0   0.66  0.01  0.01  0.01  0.0   0.0   0.01  
33    L     0.07  0.22  0.13  0.09  0.0   0.09  0.06  0.0   0.09  0.0   0.07  0.15  0.0   0.0   0.0   0.0   0.0   0.0   0.0   0.0   
34    G     0.11  0.04  0.09  0.04  0.0   0.04  0.0   0.07  0.0   0.0   0.01  0.26  0.0   0.0   0.1   0.0   0.0   0.0   0.0   0.22  
35    S     0.0   0.0   0.0   0.0   0.23  0.0   0.09  0.16  0.0   0.0   0.01  0.1   0.0   0.0   0.0   0.2   0.11  0.0   0.0   0.07  
36    I     0.06  0.01  0.1   0.23  0.07  0.01  0.02  0.02  0.01  0.14  0.03  0.11  0.01  0.01  0.01  0.07  0.02  0.0   0.01  0.06  
37    H     0.0   0.0   0.0   0.0   0.0   0.0   0.0   0.0   1.0   0.0   0.0   0.0   0.0   0.0   0.0   0.0   0.0   0.0   0.0   0.0   
38    R     0.0   0.11  0.05  0.0   0.0   0.06  0.05  0.0   0.0   0.0   0.0   0.43  0.0   0.0   0.0   0.0   0.11  0.0   0.0   0.19  
39    D     0.0   0.0   0.22  0.18  0.0   0.0   0.0   0.45  0.0   0.0   0.0   0.0   0.0   0.04  0.0   0.1   0.0   0.0   0.0   0.0   
40    H     0.0   0.0   0.0   0.0   0.0   0.0   0.0   0.0   1.0   0.0   0.0   0.0   0.0   0.0   0.0   0.0   0.0   0.0   0.0   0.0   
41    R     0.0   0.11  0.0   0.39  0.0   0.06  0.17  0.0   0.1   0.0   0.0   0.09  0.0   0.0   0.0   0.09  0.0   0.0   0.0   0.0   
42    Y     0.0   0.0   0.0   0.0   0.12  0.0   0.0   0.0   0.0   0.06  0.0   0.0   0.0   0.11  0.0   0.0   0.2   0.0   0.34  0.17  
43    R     0.0   0.07  0.11  0.05  0.0   0.0   0.06  0.0   0.05  0.0   0.0   0.34  0.0   0.0   0.0   0.32  0.0   0.0   0.0   0.0   
44    M     0.02  0.01  0.01  0.01  0.0   0.01  0.01  0.02  0.01  0.16  0.14  0.01  0.32  0.06  0.01  0.02  0.01  0.0   0.01  0.16  
45    T     0.0   0.0   0.0   0.0   0.1   0.0   0.0   0.0   0.09  0.05  0.0   0.12  0.0   0.17  0.0   0.09  0.12  0.0   0.17  0.09  
46    T     0.11  0.19  0.0   0.0   0.0   0.0   0.0   0.0   0.0   0.11  0.04  0.0   0.09  0.0   0.0   0.11  0.24  0.0   0.05  0.05  
47    S     0.0   0.21  0.0   0.0   0.0   0.0   0.1   0.0   0.0   0.0   0.0   0.11  0.0   0.0   0.0   0.41  0.17  0.0   0.0   0.0   
48    G     0.11  0.0   0.0   0.0   0.0   0.11  0.0   0.11  0.06  0.0   0.0   0.0   0.0   0.1   0.09  0.12  0.09  0.0   0.17  0.0   
49    G     0.11  0.0   0.05  0.06  0.0   0.0   0.09  0.42  0.0   0.0   0.0   0.0   0.0   0.0   0.12  0.11  0.05  0.0   0.0   0.0   
50    G     0.0   0.12  0.1   0.0   0.0   0.0   0.0   0.45  0.0   0.0   0.0   0.0   0.0   0.0   0.0   0.22  0.12  0.0   0.0   0.0   
51    G     0.12  0.09  0.0   0.0   0.0   0.0   0.0   0.56  0.0   0.0   0.0   0.0   0.0   0.23  0.0   0.0   0.0   0.0   0.0   0.0   
52    F     0.11  0.0   0.0   0.0   0.14  0.0   0.0   0.0   0.0   0.24  0.0   0.0   0.0   0.34  0.0   0.0   0.0   0.0   0.17  0.0   
53    C     0.0   0.0   0.0   0.0   1.0   0.0   0.0   0.0   0.0   0.0   0.0   0.0   0.0   0.0   0.0   0.0   0.0   0.0   0.0   0.0   
54    D     0.0   0.0   0.0   0.91  0.0   0.0   0.0   0.0   0.09  0.0   0.0   0.0   0.0   0.0   0.0   0.0   0.0   0.0   0.0   0.0   
55    C     0.0   0.0   0.0   0.0   1.0   0.0   0.0   0.0   0.0   0.0   0.0   0.0   0.0   0.0   0.0   0.0   0.0   0.0   0.0   0.0   
56    G     0.0   0.0   0.0   0.0   0.0   0.0   0.0   1.0   0.0   0.0   0.0   0.0   0.0   0.0   0.0   0.0   0.0   0.0   0.0   0.0   
57    D     0.17  0.0   0.08  0.76  0.0   0.0   0.0   0.0   0.0   0.0   0.0   0.0   0.0   0.0   0.0   0.0   0.0   0.0   0.0   0.0   
58    T     0.16  0.01  0.01  0.06  0.0   0.01  0.13  0.06  0.0   0.01  0.02  0.07  0.0   0.01  0.18  0.06  0.19  0.0   0.01  0.01  
59    E     0.09  0.01  0.11  0.08  0.0   0.01  0.37  0.01  0.0   0.01  0.02  0.01  0.0   0.12  0.01  0.07  0.07  0.0   0.01  0.01  
60    A     0.69  0.01  0.01  0.01  0.0   0.01  0.01  0.01  0.0   0.01  0.02  0.01  0.0   0.01  0.01  0.01  0.01  0.0   0.01  0.17  
61    W     0.01  0.01  0.01  0.01  0.0   0.01  0.01  0.01  0.0   0.01  0.02  0.01  0.16  0.12  0.01  0.01  0.01  0.57  0.01  0.01  
62    K     0.0   0.1   0.29  0.0   0.0   0.0   0.0   0.0   0.0   0.08  0.0   0.46  0.0   0.0   0.0   0.0   0.08  0.0   0.0   0.0   
63    E     0.05  0.0   0.0   0.11  0.0   0.0   0.43  0.08  0.06  0.0   0.0   0.05  0.0   0.0   0.06  0.06  0.04  0.0   0.0   0.06  
64    G     0.0   0.0   0.0   0.42  0.0   0.0   0.11  0.2   0.0   0.0   0.0   0.0   0.0   0.0   0.17  0.1   0.0   0.0   0.0   0.0   
65    P     0.0   0.0   0.0   0.0   0.0   0.05  0.0   0.38  0.0   0.0   0.18  0.0   0.0   0.11  0.12  0.0   0.0   0.0   0.08  0.08  
66    Y     0.08  0.0   0.12  0.0   0.0   0.0   0.0   0.0   0.06  0.0   0.0   0.11  0.0   0.26  0.0   0.24  0.0   0.0   0.13  0.0   
67    C     0.0   0.0   0.0   0.0   1.0   0.0   0.0   0.0   0.0   0.0   0.0   0.0   0.0   0.0   0.0   0.0   0.0   0.0   0.0   0.0   
68    Q     0.08  0.0   0.05  0.0   0.0   0.21  0.06  0.0   0.0   0.0   0.0   0.43  0.0   0.0   0.0   0.12  0.0   0.0   0.0   0.05  
69    K     0.07  0.12  0.35  0.07  0.0   0.0   0.0   0.07  0.0   0.16  0.06  0.09  0.0   0.0   0.0   0.0   0.0   0.0   0.0   0.0   
70    H     0.07  0.0   0.0   0.0   0.0   0.0   0.21  0.0   0.72  0.0   0.0   0.0   0.0   0.0   0.0   0.0   0.0   0.0   0.0   0.0   
71    E     0.0   0.11  0.0   0.0   0.0   0.11  0.56  0.0   0.0   0.0   0.0   0.22  0.0   0.0   0.0   0.0   0.0   0.0   0.0   0.0   
