             A     R     N     D     C     Q     E     G     H     I     L     K     M     F     P     S     T     W     Y     V
1     T     0.0   0.0   0.17  0.0   0.0   0.0   0.0   0.0   0.0   0.0   0.0   0.0   0.0   0.0   0.0   0.36  0.47  0.0   0.0   0.0   
2     H     0.01  0.13  0.15  0.02  0.0   0.1   0.16  0.13  0.04  0.02  0.0   0.01  0.0   0.06  0.01  0.01  0.04  0.0   0.09  0.02  
3     T     0.0   0.16  0.12  0.14  0.0   0.01  0.01  0.01  0.0   0.0   0.05  0.08  0.01  0.0   0.05  0.28  0.07  0.0   0.0   0.0   
4     L     0.0   0.0   0.0   0.0   0.0   0.0   0.0   0.0   0.0   0.05  0.65  0.0   0.07  0.09  0.0   0.0   0.0   0.0   0.0   0.13  
5     A     0.17  0.06  0.03  0.06  0.0   0.12  0.12  0.01  0.01  0.0   0.01  0.15  0.0   0.0   0.02  0.09  0.12  0.0   0.01  0.01  
6     D     0.01  0.01  0.12  0.17  0.0   0.01  0.02  0.59  0.0   0.0   0.0   0.02  0.0   0.0   0.0   0.03  0.0   0.0   0.0   0.0   
7     K     0.04  0.14  0.0   0.01  0.01  0.06  0.03  0.01  0.01  0.0   0.02  0.61  0.03  0.0   0.0   0.02  0.01  0.0   0.0   0.0   
8     V     0.03  0.06  0.08  0.0   0.01  0.0   0.0   0.0   0.01  0.06  0.02  0.05  0.0   0.01  0.0   0.03  0.24  0.04  0.03  0.34  
9     V     0.32  0.0   0.0   0.0   0.03  0.0   0.0   0.02  0.0   0.15  0.02  0.0   0.0   0.02  0.0   0.0   0.01  0.0   0.09  0.33  
10    L     0.03  0.0   0.0   0.0   0.01  0.0   0.0   0.0   0.0   0.13  0.53  0.0   0.01  0.06  0.0   0.01  0.01  0.01  0.01  0.19  
11    I     0.0   0.0   0.0   0.0   0.0   0.0   0.0   0.0   0.0   0.39  0.09  0.0   0.01  0.03  0.0   0.0   0.0   0.0   0.01  0.46  
12    A     0.02  0.0   0.0   0.0   0.0   0.0   0.0   0.0   0.0   0.04  0.02  0.0   0.01  0.02  0.0   0.03  0.77  0.0   0.01  0.08  
13    G     0.04  0.01  0.0   0.01  0.0   0.0   0.0   0.93  0.0   0.0   0.0   0.0   0.0   0.0   0.0   0.01  0.0   0.0   0.0   0.0   
14    G     0.4   0.0   0.0   0.0   0.04  0.0   0.0   0.38  0.0   0.03  0.03  0.0   0.01  0.0   0.01  0.06  0.01  0.0   0.0   0.02  
15    A     0.22  0.01  0.07  0.05  0.01  0.01  0.0   0.11  0.0   0.01  0.07  0.0   0.0   0.01  0.0   0.27  0.14  0.0   0.0   0.01  
16    K     0.03  0.13  0.01  0.04  0.0   0.04  0.01  0.3   0.01  0.0   0.0   0.06  0.0   0.0   0.0   0.29  0.04  0.0   0.0   0.0   
17    N     0.03  0.01  0.02  0.01  0.0   0.01  0.01  0.73  0.01  0.0   0.0   0.0   0.0   0.06  0.0   0.04  0.01  0.0   0.04  0.01  
18    L     0.0   0.0   0.0   0.0   0.0   0.01  0.0   0.0   0.0   0.59  0.26  0.0   0.02  0.06  0.01  0.0   0.0   0.0   0.01  0.03  
19    G     0.04  0.0   0.0   0.0   0.01  0.0   0.0   0.92  0.0   0.01  0.0   0.0   0.0   0.0   0.0   0.01  0.0   0.0   0.0   0.01  
20    G     0.08  0.18  0.02  0.0   0.0   0.03  0.05  0.01  0.01  0.01  0.17  0.15  0.0   0.09  0.0   0.08  0.02  0.03  0.04  0.01  
21    L     0.36  0.02  0.02  0.02  0.01  0.03  0.17  0.06  0.08  0.01  0.04  0.01  0.01  0.01  0.0   0.11  0.02  0.0   0.01  0.03  
22    I     0.07  0.0   0.0   0.0   0.03  0.01  0.0   0.0   0.01  0.27  0.19  0.0   0.05  0.05  0.0   0.01  0.17  0.0   0.03  0.11  
23    A     0.55  0.01  0.0   0.0   0.09  0.0   0.0   0.01  0.0   0.02  0.03  0.0   0.0   0.0   0.0   0.07  0.03  0.0   0.0   0.17  
24    R     0.02  0.21  0.01  0.03  0.0   0.07  0.12  0.01  0.03  0.03  0.11  0.18  0.01  0.01  0.0   0.02  0.03  0.01  0.04  0.05  
25    D     0.12  0.13  0.01  0.02  0.01  0.1   0.16  0.03  0.05  0.02  0.07  0.05  0.01  0.01  0.0   0.03  0.03  0.09  0.01  0.05  
26    L     0.04  0.0   0.0   0.0   0.01  0.0   0.0   0.0   0.0   0.04  0.55  0.0   0.09  0.19  0.0   0.0   0.0   0.01  0.04  0.01  
27    A     0.36  0.01  0.0   0.02  0.02  0.01  0.0   0.03  0.05  0.07  0.18  0.02  0.02  0.01  0.0   0.04  0.01  0.0   0.02  0.12  
28    G     0.13  0.14  0.05  0.04  0.0   0.09  0.15  0.03  0.01  0.01  0.03  0.16  0.01  0.0   0.01  0.09  0.03  0.0   0.0   0.01  
29    H     0.12  0.18  0.04  0.05  0.01  0.1   0.11  0.03  0.08  0.0   0.07  0.09  0.02  0.02  0.01  0.04  0.02  0.0   0.01  0.01  
30    G     0.01  0.02  0.04  0.03  0.0   0.01  0.02  0.77  0.01  0.0   0.01  0.02  0.0   0.0   0.01  0.02  0.01  0.0   0.01  0.0   
31    A     0.49  0.01  0.01  0.02  0.03  0.01  0.01  0.02  0.04  0.03  0.03  0.01  0.02  0.07  0.02  0.05  0.01  0.03  0.07  0.03  
32    K     0.03  0.2   0.12  0.05  0.01  0.04  0.05  0.01  0.07  0.01  0.01  0.2   0.0   0.01  0.01  0.06  0.07  0.01  0.01  0.02  
33    A     0.02  0.01  0.04  0.01  0.01  0.0   0.0   0.0   0.03  0.11  0.14  0.02  0.01  0.0   0.01  0.01  0.04  0.0   0.02  0.51  
34    V     0.08  0.02  0.01  0.0   0.01  0.01  0.01  0.01  0.02  0.21  0.13  0.01  0.01  0.05  0.01  0.02  0.03  0.0   0.03  0.34  
35    A     0.15  0.01  0.01  0.0   0.02  0.0   0.01  0.06  0.0   0.21  0.25  0.01  0.03  0.02  0.0   0.02  0.01  0.0   0.01  0.19  
36    I     0.15  0.0   0.04  0.01  0.05  0.01  0.01  0.03  0.01  0.11  0.14  0.01  0.01  0.06  0.01  0.04  0.14  0.02  0.01  0.16  
37    H     0.09  0.01  0.01  0.25  0.06  0.0   0.01  0.1   0.02  0.02  0.08  0.01  0.01  0.02  0.01  0.14  0.08  0.01  0.03  0.04  
38    Y     0.03  0.31  0.05  0.03  0.01  0.01  0.01  0.03  0.02  0.1   0.09  0.03  0.01  0.03  0.01  0.09  0.02  0.01  0.06  0.05  
39    N     0.02  0.17  0.19  0.09  0.01  0.04  0.02  0.03  0.02  0.02  0.07  0.02  0.01  0.02  0.03  0.08  0.11  0.0   0.01  0.03  
40    S     0.07  0.06  0.03  0.06  0.04  0.04  0.11  0.07  0.02  0.02  0.07  0.04  0.01  0.03  0.06  0.15  0.05  0.01  0.03  0.04  
41    A     0.16  0.02  0.07  0.09  0.01  0.03  0.18  0.08  0.01  0.02  0.03  0.03  0.0   0.01  0.05  0.14  0.03  0.0   0.02  0.02  
42    A     0.1   0.21  0.04  0.03  0.01  0.02  0.03  0.08  0.01  0.01  0.03  0.16  0.01  0.01  0.06  0.09  0.04  0.0   0.01  0.04  
43    S     0.11  0.04  0.07  0.06  0.01  0.01  0.02  0.11  0.02  0.02  0.18  0.03  0.01  0.01  0.03  0.14  0.07  0.01  0.01  0.04  
44    Q     0.07  0.06  0.03  0.08  0.01  0.11  0.2   0.03  0.02  0.03  0.04  0.08  0.01  0.03  0.06  0.07  0.03  0.01  0.01  0.04  
45    A     0.18  0.04  0.03  0.06  0.0   0.05  0.15  0.03  0.02  0.01  0.05  0.09  0.02  0.01  0.04  0.08  0.06  0.0   0.02  0.04  
46    Q     0.16  0.07  0.03  0.05  0.01  0.05  0.06  0.05  0.01  0.03  0.15  0.08  0.01  0.01  0.03  0.05  0.06  0.02  0.01  0.08  
47    A     0.3   0.03  0.02  0.02  0.02  0.02  0.03  0.02  0.01  0.06  0.16  0.06  0.01  0.01  0.01  0.04  0.03  0.01  0.02  0.11  
48    E     0.09  0.06  0.04  0.09  0.0   0.12  0.21  0.04  0.02  0.02  0.05  0.12  0.0   0.01  0.02  0.04  0.03  0.01  0.01  0.03  
49    E     0.07  0.09  0.02  0.07  0.01  0.07  0.3   0.02  0.01  0.02  0.05  0.1   0.01  0.01  0.02  0.06  0.03  0.0   0.02  0.02  
50    T     0.09  0.02  0.01  0.02  0.03  0.01  0.02  0.01  0.01  0.14  0.25  0.03  0.02  0.04  0.01  0.04  0.08  0.02  0.01  0.13  
51    A     0.16  0.05  0.02  0.02  0.02  0.03  0.07  0.06  0.01  0.06  0.12  0.09  0.02  0.01  0.02  0.06  0.04  0.01  0.02  0.1   
52    A     0.16  0.07  0.04  0.08  0.0   0.09  0.15  0.03  0.02  0.02  0.03  0.08  0.02  0.01  0.02  0.1   0.04  0.0   0.01  0.02  
53    A     0.09  0.05  0.04  0.04  0.01  0.06  0.18  0.03  0.03  0.03  0.15  0.07  0.02  0.02  0.02  0.05  0.05  0.01  0.02  0.03  
54    V     0.09  0.03  0.02  0.02  0.04  0.02  0.03  0.03  0.03  0.12  0.21  0.03  0.03  0.04  0.02  0.05  0.03  0.04  0.05  0.08  
55    R     0.05  0.11  0.06  0.03  0.02  0.06  0.1   0.08  0.02  0.03  0.04  0.13  0.02  0.02  0.05  0.06  0.04  0.02  0.02  0.03  
56    A     0.13  0.05  0.05  0.04  0.03  0.05  0.08  0.08  0.03  0.03  0.03  0.09  0.02  0.02  0.06  0.09  0.04  0.02  0.02  0.03  
57    A     0.08  0.04  0.06  0.04  0.03  0.05  0.08  0.04  0.03  0.03  0.1   0.06  0.03  0.03  0.09  0.07  0.05  0.0   0.04  0.04  
58    G     0.04  0.03  0.06  0.04  0.0   0.02  0.03  0.44  0.03  0.02  0.03  0.08  0.02  0.02  0.03  0.05  0.04  0.0   0.0   0.01  
59    A     0.11  0.04  0.03  0.07  0.03  0.04  0.03  0.12  0.03  0.05  0.05  0.04  0.01  0.04  0.06  0.07  0.05  0.0   0.02  0.11  
60    E     0.03  0.11  0.08  0.08  0.01  0.11  0.13  0.03  0.03  0.02  0.01  0.14  0.01  0.01  0.03  0.08  0.06  0.0   0.01  0.03  
61    A     0.22  0.01  0.02  0.01  0.05  0.0   0.01  0.02  0.02  0.08  0.09  0.01  0.01  0.03  0.04  0.04  0.04  0.01  0.02  0.27  
62    A     0.05  0.06  0.01  0.04  0.01  0.04  0.07  0.02  0.07  0.08  0.1   0.11  0.03  0.05  0.02  0.05  0.07  0.02  0.02  0.07  
63    T     0.17  0.02  0.02  0.02  0.03  0.0   0.01  0.06  0.01  0.06  0.05  0.01  0.01  0.11  0.04  0.03  0.1   0.01  0.07  0.15  
64    F     0.04  0.02  0.02  0.01  0.01  0.01  0.03  0.01  0.03  0.12  0.1   0.02  0.04  0.1   0.01  0.04  0.03  0.03  0.09  0.23  
65    Q     0.1   0.05  0.02  0.03  0.01  0.12  0.05  0.03  0.03  0.05  0.03  0.09  0.01  0.01  0.09  0.05  0.08  0.0   0.03  0.12  
66    A     0.13  0.01  0.01  0.02  0.21  0.0   0.02  0.11  0.01  0.03  0.13  0.0   0.03  0.06  0.02  0.02  0.02  0.02  0.02  0.11  
67    D     0.01  0.02  0.08  0.69  0.03  0.01  0.03  0.01  0.02  0.0   0.0   0.01  0.01  0.0   0.02  0.03  0.02  0.0   0.0   0.0   
68    L     0.04  0.02  0.0   0.0   0.02  0.02  0.0   0.0   0.01  0.15  0.2   0.0   0.04  0.05  0.02  0.02  0.02  0.0   0.02  0.37  
69    T     0.14  0.09  0.01  0.04  0.02  0.01  0.05  0.08  0.0   0.01  0.02  0.01  0.01  0.02  0.0   0.24  0.24  0.0   0.01  0.01  
70    T     0.02  0.02  0.13  0.31  0.01  0.03  0.04  0.01  0.01  0.01  0.02  0.12  0.0   0.01  0.0   0.21  0.03  0.0   0.01  0.03  
71    A     0.07  0.09  0.03  0.06  0.0   0.02  0.15  0.02  0.02  0.03  0.09  0.07  0.04  0.02  0.11  0.04  0.04  0.01  0.05  0.05  
72    A     0.13  0.03  0.03  0.18  0.0   0.05  0.25  0.04  0.02  0.01  0.01  0.06  0.01  0.0   0.02  0.08  0.05  0.01  0.01  0.01  
73    A     0.15  0.02  0.05  0.18  0.01  0.08  0.12  0.05  0.01  0.01  0.01  0.02  0.01  0.02  0.01  0.2   0.03  0.0   0.0   0.02  
74    V     0.06  0.03  0.01  0.01  0.04  0.01  0.0   0.02  0.02  0.18  0.11  0.01  0.03  0.01  0.02  0.02  0.04  0.01  0.03  0.32  
75    E     0.07  0.1   0.03  0.08  0.01  0.08  0.18  0.02  0.01  0.02  0.06  0.11  0.01  0.01  0.01  0.04  0.05  0.01  0.05  0.05  
76    K     0.19  0.11  0.06  0.06  0.01  0.08  0.08  0.04  0.01  0.01  0.03  0.15  0.01  0.0   0.02  0.07  0.04  0.0   0.01  0.01  
77    L     0.24  0.01  0.01  0.01  0.02  0.01  0.01  0.02  0.01  0.05  0.27  0.02  0.04  0.07  0.01  0.03  0.04  0.01  0.01  0.11  
78    F     0.13  0.02  0.0   0.0   0.01  0.0   0.01  0.01  0.02  0.14  0.11  0.02  0.05  0.14  0.0   0.02  0.02  0.01  0.04  0.22  
79    D     0.12  0.06  0.05  0.16  0.0   0.09  0.17  0.03  0.02  0.01  0.02  0.13  0.01  0.01  0.0   0.06  0.04  0.0   0.01  0.01  
80    D     0.11  0.06  0.04  0.06  0.01  0.09  0.18  0.03  0.02  0.01  0.03  0.08  0.01  0.03  0.01  0.06  0.1   0.02  0.02  0.01  
81    A     0.19  0.01  0.01  0.01  0.03  0.0   0.01  0.02  0.0   0.23  0.13  0.0   0.01  0.05  0.0   0.02  0.06  0.01  0.01  0.19  
82    K     0.06  0.07  0.03  0.02  0.02  0.05  0.06  0.03  0.01  0.07  0.13  0.13  0.02  0.03  0.03  0.06  0.03  0.0   0.02  0.12  
83    Q     0.14  0.05  0.04  0.12  0.01  0.08  0.15  0.04  0.01  0.02  0.02  0.14  0.01  0.01  0.02  0.09  0.04  0.0   0.0   0.02  
84    R     0.08  0.07  0.03  0.06  0.03  0.06  0.11  0.04  0.07  0.02  0.08  0.13  0.01  0.01  0.03  0.05  0.07  0.01  0.01  0.04  
85    F     0.03  0.01  0.02  0.02  0.01  0.01  0.05  0.03  0.06  0.04  0.18  0.03  0.05  0.22  0.01  0.03  0.03  0.05  0.07  0.07  
86    G     0.03  0.03  0.05  0.03  0.01  0.03  0.03  0.41  0.02  0.02  0.03  0.06  0.01  0.02  0.09  0.06  0.02  0.01  0.01  0.02  
87    K     0.04  0.12  0.04  0.06  0.02  0.07  0.03  0.13  0.03  0.02  0.0   0.1   0.0   0.0   0.17  0.05  0.06  0.01  0.02  0.02  
88    I     0.03  0.0   0.0   0.0   0.02  0.0   0.0   0.0   0.0   0.29  0.26  0.0   0.02  0.04  0.06  0.0   0.0   0.0   0.02  0.22  
89    D     0.03  0.05  0.06  0.49  0.01  0.02  0.03  0.03  0.06  0.0   0.02  0.03  0.01  0.02  0.0   0.04  0.04  0.02  0.02  0.01  
90    I     0.09  0.01  0.0   0.0   0.02  0.02  0.0   0.21  0.03  0.21  0.06  0.0   0.02  0.03  0.0   0.03  0.03  0.01  0.03  0.19  
91    A     0.03  0.0   0.0   0.0   0.02  0.0   0.0   0.02  0.0   0.09  0.41  0.0   0.02  0.04  0.0   0.02  0.02  0.01  0.01  0.29  
92    I     0.05  0.0   0.0   0.0   0.02  0.01  0.0   0.01  0.01  0.3   0.06  0.0   0.02  0.07  0.01  0.02  0.0   0.02  0.02  0.37  
93    N     0.04  0.0   0.42  0.01  0.04  0.04  0.0   0.02  0.16  0.02  0.06  0.0   0.03  0.03  0.02  0.05  0.01  0.01  0.01  0.03  
94    T     0.08  0.01  0.45  0.01  0.08  0.01  0.01  0.07  0.01  0.01  0.03  0.0   0.02  0.07  0.0   0.07  0.04  0.0   0.01  0.03  
95    V     0.77  0.01  0.01  0.0   0.0   0.0   0.0   0.01  0.02  0.03  0.01  0.01  0.01  0.01  0.0   0.03  0.01  0.0   0.0   0.06  
96    G     0.18  0.01  0.0   0.01  0.01  0.01  0.0   0.62  0.0   0.01  0.01  0.0   0.06  0.01  0.0   0.04  0.01  0.0   0.01  0.01  
97    K     0.04  0.02  0.01  0.01  0.0   0.02  0.02  0.06  0.02  0.24  0.11  0.02  0.04  0.03  0.02  0.03  0.04  0.0   0.02  0.26  
98    V     0.11  0.02  0.05  0.02  0.02  0.03  0.02  0.06  0.02  0.04  0.16  0.05  0.06  0.04  0.03  0.12  0.06  0.01  0.03  0.06  
99    L     0.08  0.1   0.03  0.04  0.01  0.05  0.04  0.06  0.05  0.05  0.08  0.04  0.02  0.05  0.06  0.07  0.04  0.01  0.05  0.06  
100   K     0.04  0.04  0.05  0.19  0.01  0.02  0.03  0.05  0.03  0.02  0.06  0.04  0.02  0.06  0.13  0.06  0.04  0.02  0.01  0.09  
101   K     0.08  0.04  0.04  0.03  0.02  0.04  0.04  0.22  0.02  0.02  0.02  0.12  0.02  0.02  0.03  0.07  0.09  0.01  0.03  0.06  
102   P     0.09  0.04  0.04  0.04  0.0   0.03  0.08  0.02  0.03  0.02  0.09  0.04  0.02  0.02  0.26  0.08  0.07  0.0   0.01  0.02  
103   F     0.07  0.01  0.02  0.01  0.01  0.01  0.02  0.02  0.01  0.1   0.19  0.02  0.02  0.24  0.01  0.06  0.05  0.01  0.03  0.1   
104   T     0.07  0.02  0.02  0.05  0.01  0.02  0.14  0.04  0.04  0.04  0.17  0.03  0.03  0.03  0.03  0.07  0.08  0.02  0.01  0.11  
105   E     0.05  0.07  0.07  0.22  0.0   0.05  0.23  0.02  0.03  0.01  0.02  0.08  0.0   0.01  0.01  0.07  0.03  0.01  0.01  0.01  
106   I     0.04  0.01  0.02  0.02  0.03  0.02  0.02  0.03  0.02  0.11  0.16  0.04  0.13  0.05  0.01  0.03  0.14  0.0   0.04  0.09  
107   S     0.03  0.01  0.04  0.11  0.0   0.03  0.05  0.01  0.01  0.01  0.02  0.05  0.01  0.01  0.13  0.23  0.24  0.0   0.0   0.01  
108   E     0.08  0.05  0.02  0.13  0.0   0.03  0.14  0.01  0.02  0.05  0.12  0.05  0.03  0.03  0.07  0.04  0.02  0.01  0.03  0.07  
109   A     0.07  0.02  0.03  0.18  0.01  0.05  0.34  0.03  0.03  0.0   0.03  0.07  0.01  0.01  0.02  0.06  0.03  0.01  0.01  0.01  
110   E     0.06  0.03  0.05  0.15  0.0   0.07  0.12  0.07  0.04  0.02  0.05  0.03  0.03  0.02  0.02  0.03  0.06  0.0   0.04  0.08  
111   Y     0.04  0.03  0.03  0.03  0.03  0.03  0.03  0.03  0.03  0.06  0.09  0.0   0.06  0.15  0.03  0.03  0.03  0.13  0.07  0.05  
112   D     0.05  0.12  0.04  0.12  0.03  0.05  0.1   0.04  0.05  0.03  0.03  0.07  0.06  0.03  0.03  0.04  0.04  0.03  0.03  0.03  
113   E     0.07  0.12  0.07  0.07  0.02  0.05  0.07  0.03  0.03  0.04  0.05  0.09  0.03  0.03  0.02  0.06  0.07  0.03  0.02  0.03  
114   M     0.06  0.02  0.02  0.02  0.02  0.04  0.02  0.03  0.04  0.12  0.08  0.0   0.09  0.02  0.03  0.06  0.11  0.0   0.03  0.19  
115   F     0.03  0.0   0.02  0.0   0.01  0.02  0.02  0.02  0.02  0.18  0.15  0.0   0.18  0.14  0.0   0.02  0.02  0.04  0.04  0.1   
116   A     0.1   0.06  0.1   0.14  0.01  0.1   0.1   0.06  0.05  0.01  0.02  0.07  0.02  0.0   0.01  0.06  0.04  0.01  0.01  0.01  
117   V     0.04  0.02  0.02  0.01  0.01  0.01  0.0   0.01  0.0   0.18  0.05  0.0   0.02  0.01  0.1   0.03  0.17  0.0   0.01  0.3   
118   N     0.01  0.03  0.63  0.02  0.01  0.0   0.0   0.01  0.04  0.03  0.01  0.11  0.01  0.01  0.0   0.05  0.01  0.0   0.0   0.02  
119   S     0.03  0.0   0.05  0.0   0.04  0.02  0.02  0.02  0.03  0.08  0.25  0.0   0.02  0.06  0.0   0.06  0.05  0.02  0.06  0.19  
120   K     0.06  0.06  0.03  0.03  0.02  0.03  0.03  0.03  0.08  0.03  0.12  0.08  0.03  0.05  0.0   0.04  0.15  0.03  0.05  0.06  
121   S     0.14  0.03  0.03  0.03  0.0   0.0   0.0   0.42  0.03  0.0   0.0   0.0   0.0   0.0   0.03  0.16  0.04  0.03  0.03  0.03  
122   A     0.11  0.02  0.02  0.02  0.02  0.03  0.0   0.02  0.05  0.03  0.08  0.02  0.04  0.04  0.07  0.09  0.21  0.0   0.05  0.1   
123   F     0.06  0.01  0.01  0.0   0.02  0.01  0.01  0.01  0.01  0.07  0.2   0.02  0.03  0.22  0.01  0.02  0.03  0.04  0.08  0.11  
124   F     0.05  0.08  0.12  0.03  0.01  0.03  0.03  0.04  0.05  0.04  0.17  0.05  0.02  0.06  0.01  0.05  0.03  0.03  0.07  0.03  
125   F     0.06  0.0   0.01  0.01  0.08  0.01  0.0   0.05  0.01  0.05  0.29  0.0   0.09  0.04  0.02  0.03  0.07  0.0   0.0   0.17  
126   I     0.12  0.0   0.02  0.02  0.06  0.01  0.01  0.01  0.04  0.1   0.08  0.01  0.02  0.02  0.0   0.1   0.28  0.0   0.02  0.08  
127   K     0.04  0.18  0.02  0.03  0.01  0.16  0.06  0.03  0.07  0.01  0.04  0.2   0.01  0.01  0.01  0.03  0.04  0.01  0.02  0.03  
128   E     0.3   0.03  0.03  0.02  0.01  0.03  0.12  0.03  0.05  0.04  0.12  0.03  0.01  0.01  0.02  0.04  0.03  0.0   0.02  0.05  
129   A     0.25  0.01  0.0   0.0   0.04  0.01  0.01  0.03  0.0   0.05  0.16  0.01  0.03  0.11  0.03  0.03  0.03  0.0   0.02  0.17  
130   G     0.12  0.03  0.01  0.02  0.02  0.01  0.02  0.05  0.05  0.07  0.31  0.04  0.03  0.02  0.02  0.02  0.03  0.01  0.04  0.05  
131   R     0.04  0.12  0.03  0.09  0.0   0.03  0.05  0.02  0.01  0.01  0.02  0.12  0.01  0.01  0.36  0.03  0.02  0.0   0.01  0.01  
132   H     0.08  0.05  0.03  0.03  0.01  0.05  0.04  0.06  0.11  0.05  0.14  0.05  0.03  0.06  0.03  0.04  0.04  0.01  0.06  0.04  
133   L     0.01  0.01  0.02  0.04  0.01  0.01  0.02  0.02  0.0   0.04  0.24  0.03  0.35  0.1   0.02  0.02  0.01  0.02  0.01  0.03  
134   E     0.05  0.14  0.04  0.04  0.01  0.06  0.05  0.02  0.01  0.07  0.1   0.17  0.02  0.01  0.02  0.04  0.04  0.01  0.01  0.09  
135   D     0.08  0.08  0.04  0.13  0.01  0.07  0.13  0.04  0.01  0.02  0.02  0.21  0.01  0.0   0.05  0.06  0.03  0.0   0.01  0.01  
136   H     0.07  0.19  0.05  0.02  0.01  0.09  0.02  0.1   0.07  0.01  0.04  0.08  0.01  0.04  0.03  0.12  0.02  0.01  0.02  0.02  
137   G     0.05  0.05  0.03  0.04  0.01  0.02  0.01  0.52  0.01  0.01  0.02  0.07  0.0   0.01  0.04  0.04  0.02  0.01  0.01  0.02  
138   K     0.08  0.16  0.03  0.02  0.01  0.03  0.02  0.15  0.05  0.01  0.04  0.08  0.01  0.03  0.01  0.16  0.04  0.0   0.01  0.04  
139   L     0.03  0.08  0.01  0.0   0.01  0.02  0.01  0.1   0.01  0.3   0.07  0.03  0.02  0.11  0.01  0.08  0.02  0.0   0.01  0.08  
140   V     0.02  0.01  0.01  0.01  0.01  0.01  0.01  0.01  0.01  0.32  0.13  0.01  0.01  0.06  0.01  0.04  0.02  0.0   0.01  0.32  
141   T     0.03  0.01  0.16  0.0   0.02  0.0   0.0   0.03  0.01  0.17  0.11  0.0   0.02  0.07  0.0   0.04  0.07  0.01  0.01  0.23  
142   L     0.03  0.0   0.11  0.0   0.01  0.0   0.0   0.01  0.01  0.16  0.16  0.0   0.1   0.13  0.01  0.02  0.07  0.01  0.01  0.17  
143   V     0.09  0.0   0.05  0.0   0.02  0.01  0.0   0.06  0.0   0.12  0.06  0.0   0.02  0.06  0.02  0.24  0.11  0.0   0.01  0.11  
144   T     0.03  0.0   0.01  0.02  0.01  0.0   0.0   0.04  0.0   0.02  0.04  0.0   0.02  0.01  0.0   0.71  0.07  0.0   0.02  0.01  
145   S     0.06  0.0   0.02  0.01  0.01  0.01  0.01  0.04  0.0   0.09  0.03  0.01  0.03  0.02  0.02  0.5   0.03  0.0   0.02  0.09  
146   L     0.17  0.01  0.03  0.01  0.01  0.02  0.02  0.06  0.01  0.07  0.09  0.01  0.03  0.01  0.04  0.18  0.08  0.0   0.01  0.13  
147   L     0.25  0.0   0.04  0.01  0.03  0.01  0.02  0.2   0.02  0.02  0.06  0.0   0.03  0.02  0.02  0.12  0.07  0.0   0.02  0.06  
148   G     0.08  0.01  0.02  0.01  0.02  0.02  0.05  0.31  0.07  0.04  0.07  0.04  0.02  0.04  0.0   0.06  0.03  0.01  0.03  0.06  
149   A     0.06  0.11  0.03  0.01  0.01  0.04  0.03  0.08  0.01  0.07  0.09  0.06  0.05  0.04  0.0   0.07  0.07  0.01  0.04  0.11  
150   F     0.08  0.02  0.03  0.01  0.0   0.01  0.01  0.26  0.01  0.07  0.05  0.02  0.03  0.07  0.12  0.03  0.02  0.02  0.05  0.11  
151   T     0.06  0.03  0.11  0.01  0.0   0.03  0.01  0.16  0.01  0.06  0.06  0.02  0.03  0.05  0.02  0.09  0.1   0.02  0.04  0.08  
152   P     0.11  0.01  0.06  0.02  0.0   0.04  0.02  0.05  0.0   0.03  0.03  0.03  0.02  0.01  0.46  0.04  0.02  0.0   0.01  0.03  
153   F     0.05  0.03  0.07  0.03  0.01  0.02  0.02  0.29  0.02  0.02  0.08  0.04  0.02  0.1   0.03  0.05  0.04  0.01  0.03  0.02  
154   Y     0.04  0.04  0.03  0.03  0.0   0.24  0.01  0.05  0.05  0.02  0.11  0.01  0.05  0.03  0.02  0.06  0.02  0.03  0.08  0.05  
155   A     0.25  0.01  0.08  0.0   0.03  0.01  0.01  0.11  0.01  0.02  0.02  0.0   0.0   0.01  0.04  0.22  0.09  0.0   0.01  0.06  
156   A     0.23  0.0   0.13  0.03  0.01  0.03  0.0   0.05  0.03  0.05  0.07  0.0   0.02  0.01  0.1   0.06  0.04  0.01  0.0   0.13  
157   Y     0.01  0.0   0.0   0.0   0.0   0.0   0.0   0.0   0.0   0.0   0.0   0.0   0.05  0.01  0.0   0.01  0.01  0.0   0.89  0.01  
158   E     0.23  0.01  0.06  0.01  0.09  0.01  0.01  0.2   0.01  0.01  0.0   0.01  0.0   0.0   0.01  0.24  0.08  0.0   0.01  0.03  
159   G     0.45  0.02  0.01  0.02  0.02  0.02  0.03  0.08  0.01  0.03  0.03  0.01  0.03  0.0   0.03  0.09  0.06  0.0   0.0   0.06  
160   S     0.25  0.0   0.0   0.0   0.01  0.0   0.0   0.05  0.0   0.01  0.01  0.0   0.01  0.0   0.0   0.46  0.17  0.0   0.01  0.01  
161   K     0.01  0.01  0.1   0.0   0.01  0.0   0.0   0.01  0.0   0.0   0.01  0.81  0.0   0.0   0.0   0.01  0.0   0.0   0.0   0.01  
162   A     0.37  0.03  0.01  0.01  0.01  0.01  0.01  0.09  0.09  0.01  0.1   0.02  0.01  0.07  0.0   0.07  0.05  0.01  0.04  0.02  
163   P     0.43  0.0   0.01  0.0   0.01  0.01  0.0   0.23  0.01  0.0   0.03  0.0   0.01  0.13  0.0   0.05  0.01  0.01  0.04  0.02  
164   V     0.05  0.01  0.04  0.01  0.02  0.04  0.01  0.01  0.0   0.1   0.37  0.0   0.06  0.0   0.0   0.01  0.01  0.0   0.01  0.24  
165   E     0.03  0.04  0.09  0.17  0.01  0.04  0.19  0.02  0.02  0.11  0.07  0.02  0.02  0.0   0.0   0.03  0.04  0.0   0.01  0.09  
166   H     0.19  0.01  0.05  0.01  0.0   0.06  0.01  0.24  0.04  0.01  0.07  0.01  0.08  0.01  0.0   0.1   0.05  0.01  0.02  0.03  
167   F     0.02  0.0   0.01  0.01  0.01  0.01  0.0   0.01  0.01  0.04  0.39  0.0   0.09  0.3   0.0   0.01  0.02  0.04  0.03  0.02  
168   T     0.17  0.0   0.02  0.0   0.02  0.01  0.0   0.01  0.03  0.03  0.01  0.0   0.05  0.05  0.0   0.15  0.3   0.0   0.01  0.11  
169   R     0.04  0.34  0.04  0.05  0.01  0.08  0.09  0.01  0.02  0.01  0.03  0.18  0.01  0.0   0.0   0.04  0.03  0.0   0.01  0.01  
170   A     0.13  0.02  0.04  0.03  0.05  0.02  0.06  0.09  0.02  0.03  0.01  0.02  0.01  0.01  0.01  0.23  0.09  0.03  0.05  0.04  
171   A     0.07  0.0   0.0   0.0   0.01  0.01  0.0   0.0   0.01  0.07  0.57  0.0   0.07  0.04  0.0   0.01  0.02  0.02  0.03  0.06  
172   S     0.58  0.13  0.01  0.01  0.01  0.03  0.01  0.03  0.04  0.0   0.0   0.01  0.0   0.0   0.0   0.09  0.01  0.0   0.01  0.0   
173   K     0.12  0.15  0.03  0.02  0.03  0.06  0.06  0.04  0.03  0.04  0.08  0.09  0.02  0.03  0.01  0.05  0.03  0.01  0.02  0.07  
174   E     0.03  0.08  0.02  0.12  0.01  0.06  0.52  0.03  0.02  0.0   0.01  0.03  0.0   0.01  0.0   0.03  0.01  0.0   0.02  0.01  
175   Y     0.03  0.04  0.01  0.01  0.01  0.01  0.01  0.02  0.01  0.02  0.4   0.01  0.04  0.06  0.01  0.02  0.02  0.11  0.12  0.07  
176   G     0.29  0.08  0.01  0.03  0.0   0.02  0.04  0.22  0.02  0.02  0.03  0.09  0.03  0.01  0.01  0.06  0.01  0.01  0.01  0.02  
177   A     0.08  0.08  0.02  0.06  0.0   0.06  0.06  0.08  0.03  0.01  0.03  0.15  0.01  0.0   0.21  0.08  0.03  0.0   0.01  0.01  
178   R     0.03  0.1   0.02  0.09  0.0   0.07  0.06  0.0   0.08  0.01  0.04  0.11  0.01  0.07  0.03  0.06  0.1   0.01  0.08  0.01  
179   G     0.03  0.01  0.17  0.03  0.0   0.02  0.02  0.55  0.01  0.01  0.01  0.06  0.0   0.0   0.01  0.03  0.01  0.0   0.0   0.01  
180   I     0.01  0.0   0.0   0.0   0.01  0.01  0.01  0.0   0.01  0.51  0.05  0.0   0.01  0.01  0.0   0.01  0.02  0.0   0.01  0.32  
181   S     0.03  0.41  0.04  0.04  0.0   0.02  0.01  0.01  0.03  0.03  0.03  0.08  0.01  0.01  0.01  0.04  0.15  0.0   0.01  0.02  
182   V     0.08  0.0   0.0   0.0   0.05  0.01  0.0   0.0   0.0   0.11  0.03  0.0   0.01  0.05  0.0   0.04  0.05  0.0   0.01  0.56  
183   T     0.02  0.0   0.49  0.0   0.02  0.04  0.02  0.01  0.02  0.02  0.04  0.0   0.02  0.04  0.0   0.08  0.09  0.0   0.03  0.06  
184   A     0.25  0.0   0.02  0.01  0.11  0.0   0.01  0.05  0.01  0.06  0.09  0.0   0.02  0.0   0.01  0.16  0.09  0.0   0.0   0.11  
185   V     0.03  0.0   0.0   0.0   0.02  0.01  0.0   0.0   0.0   0.3   0.14  0.0   0.02  0.01  0.0   0.01  0.01  0.0   0.02  0.43  
186   G     0.24  0.02  0.08  0.02  0.12  0.03  0.05  0.02  0.09  0.02  0.05  0.0   0.01  0.01  0.0   0.15  0.03  0.01  0.03  0.01  
187   P     0.04  0.0   0.0   0.0   0.01  0.01  0.0   0.01  0.0   0.02  0.02  0.0   0.01  0.0   0.82  0.03  0.01  0.01  0.0   0.01  
188   G     0.02  0.0   0.01  0.0   0.01  0.0   0.01  0.78  0.0   0.0   0.01  0.0   0.01  0.02  0.01  0.02  0.03  0.01  0.05  0.01  
189   P     0.09  0.01  0.04  0.01  0.01  0.01  0.01  0.07  0.02  0.06  0.15  0.01  0.04  0.1   0.12  0.03  0.04  0.04  0.08  0.06  
190   M     0.02  0.01  0.0   0.0   0.02  0.0   0.0   0.0   0.0   0.32  0.05  0.0   0.03  0.06  0.01  0.01  0.1   0.0   0.01  0.38  
191   D     0.11  0.11  0.06  0.15  0.0   0.05  0.06  0.04  0.02  0.01  0.06  0.13  0.01  0.01  0.02  0.04  0.04  0.02  0.03  0.04  
192   T     0.01  0.01  0.01  0.01  0.01  0.01  0.01  0.03  0.0   0.0   0.0   0.01  0.0   0.0   0.0   0.14  0.75  0.0   0.0   0.01  
193   P     0.07  0.03  0.08  0.17  0.0   0.02  0.16  0.06  0.01  0.01  0.02  0.05  0.0   0.0   0.22  0.05  0.03  0.0   0.01  0.02  
194   F     0.05  0.01  0.01  0.01  0.0   0.01  0.01  0.1   0.01  0.07  0.22  0.0   0.33  0.06  0.01  0.03  0.01  0.01  0.01  0.02  
195   F     0.08  0.02  0.03  0.01  0.0   0.02  0.01  0.05  0.01  0.03  0.15  0.02  0.03  0.11  0.01  0.11  0.15  0.03  0.06  0.08  
196   Y     0.09  0.12  0.03  0.07  0.0   0.06  0.07  0.06  0.03  0.02  0.05  0.11  0.04  0.02  0.02  0.06  0.03  0.02  0.03  0.06  
197   P     0.12  0.05  0.12  0.06  0.0   0.04  0.08  0.06  0.03  0.04  0.02  0.09  0.01  0.02  0.07  0.07  0.04  0.01  0.01  0.07  
198   A     0.12  0.09  0.04  0.02  0.0   0.02  0.08  0.05  0.01  0.08  0.14  0.04  0.04  0.04  0.01  0.09  0.04  0.01  0.01  0.07  
199   E     0.07  0.07  0.06  0.06  0.0   0.03  0.1   0.09  0.02  0.03  0.08  0.06  0.04  0.06  0.03  0.06  0.03  0.03  0.04  0.04  
200   G     0.07  0.04  0.06  0.06  0.0   0.04  0.03  0.18  0.01  0.04  0.05  0.07  0.04  0.03  0.09  0.06  0.09  0.01  0.01  0.04  
201   A     0.11  0.02  0.03  0.04  0.0   0.03  0.08  0.12  0.0   0.06  0.07  0.08  0.03  0.02  0.05  0.11  0.09  0.01  0.01  0.03  
202   D     0.07  0.04  0.05  0.15  0.0   0.04  0.14  0.02  0.02  0.03  0.06  0.08  0.03  0.02  0.05  0.08  0.05  0.02  0.02  0.02  
203   A     0.09  0.03  0.05  0.09  0.0   0.03  0.06  0.09  0.01  0.02  0.06  0.08  0.04  0.03  0.15  0.05  0.05  0.03  0.01  0.03  
204   V     0.08  0.04  0.02  0.08  0.0   0.05  0.16  0.05  0.01  0.06  0.07  0.05  0.05  0.02  0.05  0.07  0.03  0.01  0.01  0.09  
205   A     0.13  0.06  0.02  0.08  0.0   0.05  0.15  0.05  0.0   0.04  0.07  0.08  0.01  0.01  0.08  0.05  0.06  0.01  0.01  0.04  
206   Y     0.08  0.03  0.03  0.03  0.0   0.04  0.07  0.05  0.01  0.05  0.1   0.06  0.05  0.06  0.03  0.04  0.07  0.03  0.07  0.08  
207   H     0.06  0.1   0.02  0.06  0.01  0.05  0.14  0.03  0.04  0.02  0.11  0.07  0.03  0.04  0.07  0.03  0.02  0.01  0.03  0.04  
208   K     0.07  0.08  0.03  0.08  0.0   0.08  0.21  0.02  0.02  0.02  0.03  0.2   0.02  0.01  0.04  0.03  0.02  0.0   0.01  0.03  
209   T     0.1   0.04  0.03  0.04  0.01  0.07  0.08  0.05  0.03  0.06  0.08  0.07  0.05  0.04  0.03  0.06  0.07  0.01  0.03  0.05  
210   A     0.12  0.03  0.02  0.04  0.01  0.05  0.08  0.03  0.02  0.09  0.11  0.05  0.03  0.08  0.02  0.03  0.02  0.03  0.05  0.09  
211   A     0.18  0.06  0.02  0.03  0.01  0.02  0.11  0.05  0.01  0.05  0.09  0.06  0.02  0.04  0.01  0.08  0.06  0.01  0.01  0.08  
212   A     0.13  0.04  0.06  0.05  0.01  0.08  0.07  0.07  0.02  0.02  0.06  0.08  0.04  0.03  0.04  0.13  0.02  0.03  0.03  0.01  
213   L     0.06  0.1   0.03  0.01  0.0   0.04  0.03  0.03  0.02  0.05  0.2   0.07  0.07  0.03  0.01  0.05  0.07  0.02  0.04  0.06  
214   S     0.12  0.02  0.04  0.03  0.01  0.02  0.04  0.03  0.02  0.18  0.06  0.08  0.02  0.01  0.02  0.07  0.15  0.0   0.01  0.07  
215   P     0.05  0.07  0.04  0.02  0.01  0.01  0.02  0.03  0.0   0.01  0.05  0.04  0.0   0.02  0.53  0.04  0.04  0.0   0.0   0.02  
216   F     0.07  0.02  0.01  0.01  0.01  0.04  0.03  0.02  0.0   0.11  0.34  0.02  0.15  0.05  0.01  0.02  0.03  0.0   0.02  0.03  
217   S     0.03  0.07  0.03  0.01  0.0   0.06  0.04  0.31  0.03  0.02  0.04  0.16  0.01  0.01  0.07  0.05  0.03  0.0   0.01  0.02  
218   K     0.04  0.48  0.01  0.01  0.01  0.01  0.03  0.06  0.01  0.02  0.05  0.1   0.02  0.01  0.02  0.03  0.04  0.0   0.03  0.02  
219   T     0.07  0.03  0.05  0.02  0.01  0.02  0.04  0.08  0.01  0.06  0.14  0.04  0.03  0.04  0.04  0.06  0.07  0.02  0.05  0.13  
220   G     0.09  0.09  0.03  0.02  0.01  0.02  0.05  0.46  0.01  0.01  0.04  0.04  0.0   0.01  0.04  0.03  0.02  0.0   0.02  0.02  
221   L     0.07  0.04  0.02  0.02  0.0   0.04  0.04  0.03  0.01  0.03  0.16  0.05  0.06  0.07  0.05  0.05  0.12  0.01  0.04  0.08  
222   T     0.13  0.03  0.02  0.04  0.01  0.05  0.05  0.09  0.01  0.04  0.08  0.04  0.03  0.02  0.09  0.05  0.09  0.0   0.02  0.1   
223   D     0.03  0.05  0.04  0.18  0.0   0.05  0.21  0.02  0.02  0.01  0.03  0.04  0.01  0.01  0.03  0.07  0.13  0.0   0.02  0.04  
224   I     0.16  0.01  0.01  0.01  0.0   0.01  0.02  0.01  0.0   0.07  0.02  0.01  0.01  0.01  0.42  0.04  0.02  0.0   0.01  0.15  
225   E     0.12  0.04  0.03  0.07  0.0   0.06  0.44  0.02  0.01  0.02  0.02  0.06  0.0   0.01  0.01  0.06  0.02  0.0   0.01  0.03  
226   D     0.01  0.02  0.03  0.32  0.0   0.01  0.44  0.03  0.04  0.0   0.0   0.02  0.01  0.0   0.01  0.01  0.0   0.01  0.01  0.01  
227   V     0.06  0.0   0.0   0.0   0.03  0.01  0.0   0.02  0.0   0.25  0.09  0.01  0.03  0.02  0.0   0.02  0.01  0.0   0.02  0.42  
228   V     0.6   0.01  0.0   0.0   0.01  0.0   0.0   0.1   0.0   0.02  0.02  0.02  0.01  0.0   0.01  0.05  0.02  0.0   0.01  0.13  
229   P     0.14  0.08  0.13  0.08  0.01  0.08  0.1   0.12  0.04  0.01  0.01  0.05  0.01  0.0   0.05  0.06  0.02  0.0   0.0   0.02  
230   F     0.32  0.01  0.0   0.0   0.01  0.01  0.0   0.02  0.0   0.05  0.17  0.02  0.02  0.06  0.02  0.04  0.11  0.0   0.02  0.12  
231   I     0.16  0.0   0.0   0.0   0.03  0.0   0.0   0.01  0.01  0.15  0.15  0.0   0.03  0.01  0.0   0.02  0.01  0.0   0.08  0.34  
232   R     0.22  0.02  0.0   0.02  0.04  0.01  0.03  0.02  0.01  0.06  0.25  0.01  0.01  0.02  0.0   0.06  0.02  0.01  0.02  0.16  
233   H     0.03  0.03  0.01  0.01  0.0   0.01  0.0   0.01  0.03  0.0   0.05  0.01  0.01  0.48  0.0   0.06  0.01  0.07  0.17  0.01  
234   L     0.06  0.01  0.0   0.0   0.02  0.0   0.0   0.01  0.0   0.04  0.73  0.0   0.01  0.02  0.03  0.01  0.01  0.0   0.0   0.04  
235   V     0.41  0.0   0.01  0.01  0.1   0.0   0.01  0.01  0.0   0.06  0.21  0.0   0.03  0.01  0.01  0.07  0.01  0.0   0.0   0.05  
236   T     0.02  0.02  0.01  0.05  0.01  0.01  0.09  0.02  0.01  0.0   0.01  0.02  0.0   0.0   0.08  0.58  0.05  0.0   0.0   0.0   
237   D     0.08  0.02  0.03  0.47  0.0   0.03  0.15  0.03  0.0   0.01  0.0   0.05  0.0   0.0   0.04  0.05  0.02  0.0   0.01  0.01  
238   G     0.48  0.0   0.04  0.03  0.0   0.01  0.03  0.07  0.01  0.0   0.02  0.0   0.0   0.0   0.02  0.28  0.01  0.0   0.0   0.0   
239   W     0.12  0.07  0.02  0.02  0.02  0.01  0.06  0.05  0.0   0.02  0.01  0.1   0.0   0.0   0.02  0.38  0.07  0.01  0.01  0.01  
240   W     0.03  0.01  0.01  0.0   0.0   0.01  0.01  0.09  0.03  0.0   0.03  0.01  0.02  0.15  0.03  0.01  0.04  0.08  0.43  0.01  
241   I     0.03  0.0   0.0   0.01  0.03  0.0   0.02  0.0   0.0   0.35  0.05  0.01  0.05  0.0   0.02  0.01  0.07  0.01  0.01  0.34  
242   T     0.0   0.01  0.17  0.0   0.0   0.0   0.0   0.01  0.01  0.0   0.0   0.0   0.0   0.01  0.0   0.14  0.61  0.0   0.01  0.01  
243   G     0.03  0.0   0.02  0.0   0.0   0.0   0.0   0.92  0.0   0.0   0.01  0.0   0.0   0.0   0.0   0.02  0.0   0.0   0.0   0.01  
244   Q     0.15  0.03  0.02  0.02  0.01  0.27  0.09  0.02  0.05  0.04  0.03  0.03  0.0   0.0   0.0   0.12  0.08  0.0   0.01  0.03  
245   T     0.03  0.0   0.11  0.05  0.02  0.02  0.05  0.01  0.0   0.14  0.03  0.01  0.03  0.01  0.01  0.04  0.2   0.0   0.0   0.23  
246   I     0.0   0.0   0.0   0.0   0.0   0.0   0.0   0.0   0.02  0.35  0.33  0.0   0.05  0.06  0.0   0.0   0.01  0.0   0.04  0.12  
247   L     0.05  0.05  0.1   0.04  0.04  0.02  0.05  0.03  0.1   0.04  0.06  0.02  0.01  0.03  0.08  0.05  0.05  0.0   0.07  0.12  
248   I     0.08  0.01  0.0   0.0   0.0   0.0   0.0   0.0   0.01  0.17  0.06  0.0   0.01  0.01  0.01  0.02  0.03  0.0   0.01  0.57  
249   N     0.03  0.01  0.09  0.73  0.01  0.0   0.01  0.03  0.0   0.0   0.0   0.01  0.0   0.0   0.0   0.02  0.03  0.0   0.0   0.0   
250   G     0.06  0.0   0.02  0.01  0.01  0.0   0.0   0.84  0.0   0.0   0.0   0.01  0.0   0.0   0.0   0.03  0.0   0.0   0.0   0.0   
251   G     0.03  0.0   0.0   0.0   0.0   0.0   0.0   0.95  0.0   0.0   0.0   0.0   0.0   0.0   0.0   0.0   0.0   0.0   0.0   0.01  
252   Y     0.04  0.04  0.0   0.0   0.0   0.02  0.0   0.0   0.01  0.05  0.2   0.01  0.16  0.14  0.0   0.01  0.03  0.12  0.17  0.01  
253   T     0.02  0.0   0.08  0.0   0.03  0.01  0.0   0.05  0.06  0.03  0.04  0.0   0.01  0.0   0.04  0.23  0.35  0.0   0.0   0.05  
254   T     0.15  0.01  0.02  0.0   0.04  0.0   0.0   0.0   0.0   0.15  0.07  0.0   0.0   0.0   0.0   0.09  0.18  0.0   0.03  0.26  
255   K     0.0   0.44  0.32  0.0   0.0   0.11  0.0   0.0   0.0   0.0   0.0   0.13  0.0   0.0   0.0   0.0   0.0   0.0   0.0   0.0   
