             A     R     N     D     C     Q     E     G     H     I     L     K     M     F     P     S     T     W     Y     V
1     G     0.0   0.0   0.0   0.0   0.0   0.0   0.0   1.0   0.0   0.0   0.0   0.0   0.0   0.0   0.0   0.0   0.0   0.0   0.0   0.0   
2     M     0.0   0.0   0.0   0.0   0.0   0.0   0.0   0.0   0.0   0.0   0.0   0.0   0.5   0.0   0.0   0.0   0.0   0.0   0.5   0.0   
3     D     0.0   0.0   0.0   0.22  0.0   0.17  0.61  0.0   0.0   0.0   0.0   0.0   0.0   0.0   0.0   0.0   0.0   0.0   0.0   0.0   
4     T     0.0   0.0   0.0   0.23  0.0   0.0   0.0   0.0   0.0   0.0   0.0   0.38  0.0   0.0   0.0   0.0   0.39  0.0   0.0   0.0   
5     L     0.0   0.0   0.0   0.0   0.0   0.0   0.0   0.0   0.0   0.0   0.6   0.0   0.0   0.0   0.0   0.0   0.0   0.0   0.0   0.4   
6     L     0.12  0.0   0.0   0.0   0.0   0.0   0.0   0.0   0.0   0.0   0.62  0.0   0.13  0.0   0.0   0.0   0.0   0.0   0.0   0.12  
7     I     0.12  0.0   0.0   0.0   0.12  0.0   0.0   0.0   0.0   0.26  0.21  0.0   0.0   0.11  0.0   0.0   0.0   0.0   0.0   0.17  
8     L     0.0   0.0   0.0   0.0   0.0   0.0   0.0   0.0   0.0   0.24  0.22  0.0   0.0   0.46  0.0   0.0   0.0   0.0   0.0   0.08  
9     G     0.0   0.0   0.0   0.0   0.0   0.0   0.0   1.0   0.0   0.0   0.0   0.0   0.0   0.0   0.0   0.0   0.0   0.0   0.0   0.0   
10    D     0.0   0.0   0.1   0.9   0.0   0.0   0.0   0.0   0.0   0.0   0.0   0.0   0.0   0.0   0.0   0.0   0.0   0.0   0.0   0.0   
11    S     0.0   0.0   0.0   0.0   0.0   0.0   0.0   0.0   0.0   0.0   0.0   0.13  0.0   0.0   0.0   0.87  0.0   0.0   0.0   0.0   
12    L     0.0   0.0   0.09  0.0   0.0   0.13  0.0   0.0   0.0   0.41  0.17  0.0   0.0   0.0   0.0   0.0   0.2   0.0   0.0   0.0   
13    S     0.11  0.0   0.0   0.0   0.0   0.0   0.0   0.0   0.0   0.0   0.0   0.0   0.0   0.0   0.0   0.23  0.57  0.0   0.0   0.09  
14    A     0.36  0.09  0.0   0.19  0.0   0.25  0.0   0.0   0.0   0.0   0.0   0.0   0.0   0.0   0.0   0.0   0.11  0.0   0.0   0.0   
15    G     0.06  0.0   0.13  0.0   0.09  0.0   0.0   0.46  0.0   0.0   0.0   0.0   0.0   0.16  0.0   0.0   0.09  0.0   0.0   0.0   
16    Y     0.01  0.01  0.01  0.01  0.0   0.01  0.01  0.1   0.0   0.01  0.08  0.01  0.0   0.1   0.01  0.14  0.01  0.0   0.46  0.01  
17    R     0.01  0.29  0.01  0.01  0.0   0.08  0.01  0.37  0.0   0.01  0.01  0.14  0.0   0.01  0.01  0.01  0.01  0.0   0.01  0.01  
18    M     0.09  0.0   0.0   0.19  0.11  0.0   0.13  0.0   0.0   0.1   0.06  0.0   0.17  0.0   0.0   0.16  0.0   0.0   0.0   0.0   
19    S     0.11  0.09  0.0   0.29  0.0   0.0   0.0   0.0   0.0   0.0   0.0   0.0   0.0   0.16  0.07  0.19  0.0   0.0   0.09  0.0   
20    A     0.09  0.0   0.0   0.0   0.0   0.16  0.0   0.0   0.0   0.2   0.0   0.0   0.1   0.0   0.18  0.11  0.16  0.0   0.0   0.0   
21    S     0.11  0.1   0.09  0.0   0.0   0.16  0.16  0.0   0.0   0.0   0.0   0.22  0.0   0.0   0.0   0.16  0.0   0.0   0.0   0.0   
22    A     0.38  0.0   0.0   0.0   0.0   0.16  0.11  0.16  0.0   0.0   0.0   0.2   0.0   0.0   0.0   0.0   0.0   0.0   0.0   0.0   
23    A     0.09  0.0   0.0   0.0   0.0   0.09  0.11  0.42  0.0   0.0   0.0   0.0   0.0   0.0   0.0   0.2   0.0   0.0   0.09  0.0   
24    W     0.0   0.0   0.0   0.0   0.0   0.0   0.0   0.0   0.0   0.0   0.0   0.0   0.0   0.0   0.0   0.13  0.0   0.58  0.1   0.2   
25    P     0.0   0.0   0.0   0.0   0.0   0.0   0.0   0.25  0.0   0.0   0.0   0.0   0.0   0.0   0.5   0.0   0.0   0.0   0.0   0.25  
26    A     0.34  0.0   0.09  0.0   0.0   0.09  0.0   0.2   0.0   0.0   0.13  0.0   0.0   0.0   0.0   0.11  0.04  0.0   0.0   0.0   
27    L     0.0   0.0   0.0   0.0   0.0   0.1   0.0   0.0   0.0   0.09  0.53  0.0   0.0   0.09  0.0   0.08  0.0   0.0   0.0   0.11  
28    L     0.0   0.0   0.0   0.0   0.0   0.0   0.0   0.0   0.0   0.13  0.87  0.0   0.0   0.0   0.0   0.0   0.0   0.0   0.0   0.0   
29    N     0.27  0.0   0.09  0.0   0.0   0.25  0.0   0.22  0.0   0.0   0.0   0.09  0.0   0.0   0.07  0.0   0.0   0.0   0.0   0.0   
30    D     0.09  0.0   0.0   0.46  0.0   0.0   0.11  0.1   0.0   0.0   0.0   0.06  0.0   0.0   0.0   0.09  0.09  0.0   0.0   0.0   
31    K     0.09  0.18  0.0   0.0   0.0   0.11  0.07  0.0   0.09  0.1   0.0   0.09  0.04  0.0   0.0   0.13  0.0   0.0   0.0   0.09  
32    W     0.0   0.0   0.0   0.0   0.0   0.0   0.09  0.0   0.07  0.0   0.42  0.0   0.0   0.0   0.0   0.0   0.11  0.09  0.09  0.13  
33    Q     0.06  0.09  0.0   0.0   0.0   0.09  0.0   0.28  0.0   0.0   0.0   0.0   0.13  0.0   0.18  0.0   0.0   0.0   0.0   0.16  
34    S     0.0   0.16  0.0   0.16  0.0   0.07  0.18  0.09  0.0   0.0   0.0   0.11  0.0   0.0   0.0   0.09  0.0   0.0   0.0   0.13  
35    K     0.0   0.11  0.09  0.2   0.0   0.0   0.06  0.19  0.09  0.0   0.0   0.26  0.0   0.0   0.0   0.0   0.0   0.0   0.0   0.0   
36    T     0.0   0.0   0.0   0.0   0.16  0.0   0.0   0.06  0.0   0.42  0.09  0.0   0.0   0.0   0.0   0.0   0.09  0.0   0.1   0.07  
37    S     0.0   0.26  0.0   0.25  0.0   0.09  0.0   0.0   0.0   0.0   0.0   0.13  0.0   0.0   0.0   0.09  0.07  0.1   0.0   0.0   
38    V     0.0   0.0   0.0   0.0   0.0   0.0   0.0   0.0   0.0   0.22  0.11  0.0   0.0   0.0   0.0   0.0   0.0   0.0   0.0   0.67  
39    V     0.0   0.0   0.0   0.0   0.0   0.0   0.0   0.0   0.0   0.16  0.25  0.1   0.0   0.0   0.13  0.11  0.0   0.0   0.0   0.25  
40    N     0.0   0.0   0.89  0.0   0.0   0.0   0.0   0.0   0.0   0.0   0.0   0.0   0.0   0.0   0.0   0.0   0.11  0.0   0.0   0.0   
41    A     0.38  0.25  0.0   0.0   0.0   0.0   0.0   0.07  0.0   0.0   0.0   0.2   0.0   0.1   0.0   0.0   0.0   0.0   0.0   0.0   
42    S     0.2   0.0   0.0   0.0   0.0   0.13  0.0   0.44  0.0   0.0   0.0   0.0   0.0   0.0   0.0   0.23  0.0   0.0   0.0   0.0   
43    I     0.0   0.0   0.0   0.0   0.0   0.0   0.0   0.0   0.0   0.74  0.0   0.0   0.0   0.16  0.0   0.0   0.0   0.0   0.0   0.1   
44    S     0.0   0.0   0.0   0.13  0.0   0.0   0.0   0.19  0.0   0.0   0.0   0.0   0.0   0.0   0.0   0.58  0.0   0.0   0.0   0.11  
45    G     0.1   0.0   0.0   0.0   0.0   0.0   0.0   0.9   0.0   0.0   0.0   0.0   0.0   0.0   0.0   0.0   0.0   0.0   0.0   0.0   
46    D     0.11  0.19  0.09  0.23  0.0   0.09  0.0   0.0   0.0   0.0   0.0   0.13  0.0   0.0   0.0   0.0   0.0   0.0   0.16  0.0   
47    T     0.0   0.0   0.16  0.0   0.0   0.0   0.0   0.0   0.0   0.0   0.0   0.0   0.0   0.0   0.0   0.09  0.62  0.0   0.0   0.13  
48    S     0.0   0.0   0.0   0.0   0.0   0.0   0.0   0.13  0.0   0.0   0.0   0.0   0.1   0.0   0.0   0.36  0.32  0.0   0.0   0.09  
49    Q     0.06  0.38  0.0   0.0   0.0   0.09  0.09  0.07  0.0   0.0   0.1   0.2   0.0   0.0   0.0   0.0   0.0   0.0   0.0   0.0   
50    Q     0.0   0.0   0.17  0.18  0.0   0.22  0.0   0.17  0.0   0.0   0.0   0.0   0.0   0.0   0.0   0.0   0.09  0.16  0.0   0.0   
51    G     0.26  0.01  0.0   0.01  0.0   0.0   0.01  0.24  0.0   0.01  0.23  0.01  0.0   0.1   0.01  0.01  0.01  0.0   0.0   0.11  
52    L     0.0   0.09  0.0   0.0   0.11  0.0   0.0   0.0   0.0   0.0   0.23  0.35  0.0   0.0   0.0   0.0   0.0   0.0   0.0   0.22  
53    A     0.32  0.0   0.0   0.13  0.0   0.0   0.0   0.3   0.0   0.16  0.09  0.0   0.0   0.0   0.0   0.0   0.0   0.0   0.0   0.0   
54    R     0.13  0.51  0.0   0.1   0.0   0.11  0.0   0.0   0.0   0.16  0.0   0.0   0.0   0.0   0.0   0.0   0.0   0.0   0.0   0.0   
55    L     0.0   0.0   0.0   0.0   0.0   0.0   0.0   0.0   0.0   0.0   0.48  0.0   0.0   0.19  0.0   0.0   0.13  0.09  0.0   0.11  
56    P     0.0   0.0   0.0   0.11  0.0   0.19  0.09  0.0   0.0   0.0   0.0   0.0   0.0   0.0   0.62  0.0   0.0   0.0   0.0   0.0   
57    A     0.36  0.16  0.0   0.0   0.0   0.07  0.09  0.0   0.0   0.13  0.0   0.1   0.0   0.0   0.0   0.0   0.09  0.0   0.0   0.0   
58    L     0.0   0.0   0.0   0.28  0.0   0.0   0.0   0.0   0.0   0.13  0.35  0.0   0.11  0.0   0.0   0.0   0.0   0.0   0.0   0.13  
59    L     0.1   0.0   0.0   0.0   0.0   0.0   0.0   0.0   0.0   0.12  0.32  0.13  0.0   0.0   0.0   0.0   0.0   0.0   0.0   0.33  
60    K     0.06  0.16  0.0   0.16  0.0   0.0   0.0   0.0   0.0   0.09  0.19  0.09  0.0   0.0   0.0   0.13  0.0   0.0   0.0   0.11  
61    Q     0.19  0.0   0.0   0.09  0.0   0.29  0.06  0.11  0.0   0.0   0.0   0.16  0.0   0.0   0.0   0.0   0.0   0.0   0.0   0.09  
62    H     0.0   0.0   0.0   0.04  0.0   0.18  0.14  0.04  0.17  0.09  0.0   0.0   0.0   0.1   0.11  0.0   0.0   0.0   0.13  0.0   
63    Q     0.0   0.0   0.12  0.0   0.0   0.09  0.09  0.0   0.0   0.0   0.0   0.48  0.0   0.0   0.11  0.04  0.07  0.0   0.0   0.0   
64    P     0.0   0.0   0.0   0.13  0.0   0.0   0.0   0.0   0.0   0.0   0.0   0.0   0.0   0.0   0.87  0.0   0.0   0.0   0.0   0.0   
65    R     0.06  0.09  0.0   0.46  0.0   0.13  0.0   0.0   0.0   0.0   0.0   0.09  0.0   0.0   0.0   0.0   0.0   0.0   0.0   0.16  
66    W     0.27  0.0   0.0   0.0   0.0   0.0   0.0   0.0   0.0   0.0   0.13  0.13  0.0   0.0   0.0   0.0   0.0   0.28  0.09  0.1   
67    V     0.11  0.0   0.0   0.0   0.0   0.0   0.0   0.0   0.0   0.0   0.19  0.0   0.0   0.0   0.0   0.0   0.0   0.0   0.0   0.71  
68    L     0.0   0.0   0.0   0.0   0.0   0.0   0.0   0.0   0.0   0.0   0.17  0.0   0.0   0.19  0.0   0.09  0.16  0.0   0.0   0.4   
69    V     0.0   0.0   0.0   0.0   0.0   0.0   0.0   0.0   0.0   0.68  0.0   0.0   0.0   0.0   0.0   0.0   0.0   0.0   0.0   0.32  
70    E     0.0   0.0   0.0   0.0   0.0   0.09  0.36  0.0   0.0   0.0   0.0   0.1   0.29  0.16  0.0   0.0   0.0   0.0   0.0   0.0   
71    L     0.0   0.0   0.0   0.0   0.0   0.0   0.0   0.0   0.0   0.2   0.46  0.0   0.09  0.25  0.0   0.0   0.0   0.0   0.0   0.0   
72    G     0.0   0.0   0.0   0.0   0.0   0.0   0.0   1.0   0.0   0.0   0.0   0.0   0.0   0.0   0.0   0.0   0.0   0.0   0.0   0.0   
73    G     0.34  0.0   0.0   0.0   0.0   0.0   0.0   0.16  0.09  0.09  0.0   0.0   0.0   0.0   0.0   0.0   0.32  0.0   0.0   0.0   
74    N     0.0   0.0   1.0   0.0   0.0   0.0   0.0   0.0   0.0   0.0   0.0   0.0   0.0   0.0   0.0   0.0   0.0   0.0   0.0   0.0   
75    D     0.0   0.0   0.0   0.87  0.0   0.0   0.0   0.13  0.0   0.0   0.0   0.0   0.0   0.0   0.0   0.0   0.0   0.0   0.0   0.0   
76    G     0.5   0.0   0.0   0.0   0.0   0.0   0.0   0.23  0.0   0.0   0.0   0.0   0.0   0.0   0.0   0.18  0.0   0.0   0.0   0.09  
77    L     0.01  0.01  0.0   0.01  0.0   0.0   0.01  0.01  0.0   0.01  0.6   0.01  0.0   0.13  0.01  0.1   0.01  0.09  0.0   0.01  
78    R     0.02  0.33  0.12  0.01  0.0   0.01  0.01  0.02  0.01  0.01  0.02  0.27  0.01  0.01  0.01  0.02  0.11  0.0   0.01  0.01  
79    G     0.02  0.01  0.1   0.17  0.0   0.1   0.11  0.35  0.01  0.01  0.02  0.01  0.01  0.01  0.01  0.02  0.01  0.0   0.01  0.01  
80    F     0.02  0.01  0.01  0.01  0.0   0.01  0.17  0.11  0.01  0.12  0.02  0.11  0.07  0.17  0.01  0.02  0.01  0.0   0.1   0.01  
81    Q     0.07  0.01  0.17  0.1   0.0   0.1   0.01  0.12  0.0   0.01  0.01  0.2   0.0   0.0   0.17  0.01  0.01  0.0   0.0   0.01  
82    P     0.01  0.01  0.01  0.01  0.0   0.01  0.1   0.01  0.0   0.01  0.1   0.01  0.0   0.0   0.69  0.01  0.01  0.0   0.0   0.01  
83    Q     0.08  0.2   0.01  0.01  0.0   0.1   0.11  0.02  0.01  0.01  0.02  0.24  0.01  0.01  0.1   0.02  0.01  0.0   0.01  0.02  
84    Q     0.02  0.01  0.01  0.01  0.0   0.33  0.11  0.02  0.01  0.01  0.02  0.01  0.01  0.1   0.01  0.02  0.01  0.0   0.1   0.18  
85    T     0.0   0.0   0.0   0.0   0.0   0.0   0.0   0.0   0.0   0.07  0.06  0.0   0.09  0.14  0.0   0.2   0.32  0.0   0.12  0.0   
86    E     0.15  0.1   0.0   0.0   0.0   0.06  0.19  0.0   0.0   0.0   0.0   0.31  0.0   0.0   0.0   0.08  0.07  0.0   0.0   0.04  
87    Q     0.16  0.0   0.0   0.13  0.0   0.55  0.09  0.0   0.0   0.0   0.0   0.0   0.0   0.0   0.0   0.07  0.0   0.0   0.0   0.0   
88    T     0.0   0.2   0.3   0.1   0.0   0.13  0.0   0.0   0.0   0.0   0.0   0.0   0.0   0.0   0.0   0.0   0.18  0.0   0.09  0.0   
89    L     0.0   0.0   0.0   0.0   0.0   0.0   0.0   0.0   0.0   0.0   0.91  0.0   0.0   0.09  0.0   0.0   0.0   0.0   0.0   0.0   
90    R     0.17  0.4   0.13  0.0   0.0   0.0   0.1   0.0   0.0   0.0   0.0   0.13  0.0   0.0   0.0   0.07  0.0   0.0   0.0   0.0   
91    Q     0.0   0.0   0.0   0.18  0.0   0.29  0.22  0.0   0.0   0.0   0.0   0.07  0.0   0.0   0.0   0.24  0.0   0.0   0.0   0.0   
92    I     0.0   0.0   0.0   0.0   0.11  0.0   0.0   0.0   0.0   0.09  0.22  0.0   0.39  0.09  0.0   0.0   0.0   0.0   0.09  0.0   
93    L     0.06  0.0   0.0   0.0   0.0   0.0   0.0   0.0   0.0   0.36  0.22  0.0   0.0   0.0   0.0   0.0   0.0   0.0   0.0   0.36  
94    Q     0.09  0.15  0.0   0.13  0.0   0.28  0.09  0.0   0.0   0.0   0.09  0.1   0.0   0.0   0.0   0.07  0.0   0.0   0.0   0.0   
95    D     0.1   0.11  0.0   0.09  0.0   0.0   0.18  0.09  0.0   0.0   0.07  0.06  0.0   0.0   0.0   0.13  0.0   0.0   0.16  0.0   
96    V     0.16  0.0   0.0   0.0   0.0   0.0   0.0   0.0   0.0   0.07  0.36  0.0   0.0   0.13  0.0   0.09  0.09  0.0   0.0   0.09  
97    K     0.0   0.58  0.0   0.0   0.0   0.0   0.0   0.13  0.0   0.0   0.0   0.29  0.0   0.0   0.0   0.0   0.0   0.0   0.0   0.0   
98    A     0.26  0.0   0.0   0.07  0.0   0.0   0.09  0.0   0.0   0.0   0.0   0.22  0.0   0.0   0.09  0.16  0.11  0.0   0.0   0.0   
99    A     0.11  0.11  0.01  0.01  0.0   0.11  0.07  0.01  0.1   0.01  0.11  0.1   0.0   0.0   0.01  0.08  0.01  0.0   0.0   0.15  
100   N     0.01  0.01  0.1   0.15  0.0   0.01  0.01  0.45  0.0   0.01  0.01  0.01  0.0   0.0   0.11  0.01  0.01  0.0   0.0   0.1   
101   A     0.67  0.0   0.0   0.0   0.0   0.0   0.0   0.0   0.0   0.16  0.0   0.09  0.0   0.0   0.0   0.0   0.0   0.0   0.0   0.07  
102   E     0.0   0.0   0.07  0.13  0.0   0.0   0.1   0.2   0.1   0.0   0.0   0.16  0.0   0.0   0.14  0.0   0.0   0.0   0.0   0.11  
103   P     0.0   0.0   0.0   0.0   0.0   0.0   0.07  0.0   0.0   0.22  0.0   0.07  0.0   0.0   0.39  0.0   0.0   0.0   0.0   0.25  
104   L     0.0   0.0   0.0   0.0   0.0   0.0   0.07  0.07  0.0   0.19  0.26  0.1   0.0   0.0   0.0   0.0   0.0   0.0   0.13  0.18  
105   L     0.0   0.14  0.0   0.0   0.0   0.0   0.0   0.0   0.0   0.1   0.58  0.0   0.07  0.0   0.0   0.0   0.0   0.0   0.0   0.11  
106   M     0.0   0.0   0.0   0.0   0.0   0.0   0.0   0.11  0.0   0.1   0.24  0.0   0.36  0.0   0.0   0.0   0.0   0.0   0.0   0.2   
107   Q     0.0   0.0   0.0   0.0   0.0   0.17  0.0   0.07  0.0   0.14  0.1   0.0   0.0   0.0   0.0   0.13  0.39  0.0   0.0   0.0   
108   I     0.01  0.0   0.0   0.01  0.3   0.0   0.01  0.01  0.0   0.37  0.15  0.01  0.0   0.0   0.1   0.01  0.01  0.0   0.0   0.01  
109   R     0.01  0.33  0.0   0.01  0.0   0.08  0.01  0.01  0.0   0.16  0.01  0.01  0.0   0.22  0.01  0.01  0.12  0.0   0.0   0.01  
110   L     0.01  0.01  0.0   0.01  0.0   0.0   0.11  0.01  0.0   0.01  0.2   0.01  0.0   0.0   0.12  0.01  0.16  0.0   0.11  0.23  
111   P     0.0   0.0   0.0   0.0   0.0   0.0   0.0   0.0   0.0   0.22  0.0   0.0   0.0   0.0   0.78  0.0   0.0   0.0   0.0   0.0   
112   A     0.11  0.14  0.0   0.0   0.0   0.0   0.11  0.0   0.0   0.0   0.0   0.11  0.0   0.0   0.43  0.0   0.0   0.0   0.0   0.11  
113   N     0.27  0.0   0.32  0.15  0.0   0.0   0.0   0.26  0.0   0.0   0.0   0.0   0.0   0.0   0.0   0.0   0.0   0.0   0.0   0.0   
114   Y     0.0   0.13  0.13  0.0   0.0   0.0   0.0   0.13  0.0   0.0   0.0   0.0   0.0   0.14  0.0   0.0   0.0   0.0   0.47  0.0   
115   G     0.13  0.0   0.0   0.0   0.0   0.0   0.28  0.32  0.0   0.0   0.0   0.14  0.0   0.13  0.0   0.0   0.0   0.0   0.0   0.0   
116   R     0.0   0.38  0.0   0.0   0.0   0.0   0.0   0.15  0.13  0.0   0.0   0.1   0.0   0.0   0.23  0.0   0.0   0.0   0.0   0.0   
117   R     0.0   0.6   0.0   0.0   0.0   0.0   0.0   0.0   0.0   0.0   0.0   0.13  0.0   0.0   0.0   0.14  0.0   0.0   0.13  0.0   
118   Y     0.0   0.0   0.0   0.0   0.0   0.0   0.13  0.0   0.0   0.15  0.0   0.0   0.0   0.0   0.0   0.0   0.13  0.27  0.32  0.0   
119   N     0.0   0.0   0.55  0.0   0.0   0.0   0.0   0.0   0.13  0.09  0.0   0.0   0.13  0.0   0.0   0.1   0.0   0.0   0.0   0.0   
120   E     0.0   0.0   0.13  0.37  0.0   0.0   0.22  0.13  0.0   0.0   0.0   0.15  0.0   0.0   0.0   0.0   0.0   0.0   0.0   0.0   
121   A     0.22  0.0   0.0   0.0   0.0   0.13  0.14  0.0   0.0   0.0   0.15  0.0   0.1   0.0   0.0   0.13  0.0   0.0   0.0   0.13  
122   F     0.01  0.01  0.01  0.01  0.0   0.01  0.01  0.01  0.0   0.15  0.01  0.01  0.0   0.46  0.01  0.01  0.01  0.0   0.26  0.01  
123   S     0.01  0.01  0.13  0.01  0.0   0.01  0.01  0.14  0.0   0.15  0.15  0.01  0.0   0.01  0.01  0.23  0.01  0.0   0.1   0.01  
124   A     0.14  0.23  0.14  0.23  0.0   0.01  0.01  0.01  0.0   0.01  0.01  0.01  0.0   0.01  0.15  0.01  0.01  0.0   0.0   0.01  
125   I     0.0   0.0   0.0   0.13  0.0   0.0   0.0   0.0   0.0   0.65  0.0   0.0   0.0   0.0   0.0   0.0   0.0   0.0   0.0   0.22  
126   Y     0.0   0.0   0.0   0.0   0.0   0.14  0.0   0.0   0.0   0.0   0.0   0.0   0.0   0.13  0.0   0.0   0.13  0.0   0.47  0.13  
127   P     0.0   0.13  0.0   0.0   0.0   0.14  0.15  0.09  0.0   0.0   0.0   0.13  0.0   0.0   0.36  0.0   0.0   0.0   0.0   0.0   
128   K     0.24  0.0   0.0   0.26  0.0   0.13  0.14  0.0   0.0   0.0   0.0   0.23  0.0   0.0   0.0   0.0   0.0   0.0   0.0   0.0   
129   L     0.15  0.0   0.0   0.0   0.0   0.0   0.0   0.0   0.0   0.13  0.23  0.0   0.0   0.0   0.0   0.0   0.13  0.0   0.0   0.36  
130   A     0.72  0.0   0.0   0.0   0.0   0.0   0.15  0.0   0.0   0.0   0.0   0.0   0.0   0.0   0.0   0.13  0.0   0.0   0.0   0.0   
131   K     0.22  0.0   0.0   0.0   0.0   0.0   0.23  0.0   0.0   0.0   0.0   0.55  0.0   0.0   0.0   0.0   0.0   0.0   0.0   0.0   
132   E     0.0   0.28  0.0   0.0   0.0   0.23  0.39  0.0   0.1   0.0   0.0   0.0   0.0   0.0   0.0   0.0   0.0   0.0   0.0   0.0   
133   F     0.0   0.0   0.0   0.0   0.0   0.1   0.22  0.0   0.0   0.0   0.13  0.0   0.0   0.13  0.0   0.15  0.13  0.0   0.14  0.0   
134   D     0.0   0.0   0.41  0.25  0.0   0.1   0.0   0.14  0.0   0.0   0.0   0.09  0.0   0.0   0.0   0.0   0.0   0.0   0.0   0.0   
135   V     0.0   0.0   0.0   0.0   0.0   0.0   0.0   0.0   0.0   0.0   0.14  0.0   0.0   0.0   0.0   0.13  0.09  0.0   0.0   0.64  
136   P     0.09  0.0   0.0   0.0   0.0   0.37  0.0   0.0   0.15  0.0   0.13  0.0   0.0   0.0   0.25  0.0   0.0   0.0   0.0   0.0   
137   L     0.0   0.0   0.0   0.0   0.0   0.0   0.0   0.0   0.0   0.14  0.73  0.0   0.0   0.13  0.0   0.0   0.0   0.0   0.0   0.0   
138   L     0.0   0.0   0.0   0.0   0.0   0.0   0.0   0.0   0.0   0.14  0.26  0.0   0.1   0.0   0.0   0.0   0.0   0.0   0.0   0.5   
139   P     0.26  0.0   0.0   0.29  0.0   0.0   0.0   0.0   0.0   0.0   0.0   0.13  0.0   0.0   0.32  0.0   0.0   0.0   0.0   0.0   
140   F     0.14  0.01  0.01  0.01  0.0   0.01  0.01  0.01  0.13  0.01  0.01  0.01  0.0   0.46  0.01  0.01  0.01  0.15  0.0   0.01  
141   F     0.01  0.01  0.01  0.01  0.0   0.01  0.01  0.01  0.0   0.01  0.01  0.01  0.0   0.71  0.01  0.01  0.01  0.0   0.16  0.01  
142   L     0.01  0.01  0.14  0.01  0.0   0.01  0.01  0.01  0.0   0.14  0.41  0.01  0.07  0.01  0.01  0.01  0.14  0.0   0.0   0.01  
143   E     0.0   0.0   0.0   0.0   0.0   0.0   0.71  0.0   0.14  0.0   0.0   0.15  0.0   0.0   0.0   0.0   0.0   0.0   0.0   0.0   
144   E     0.42  0.0   0.0   0.0   0.0   0.0   0.26  0.09  0.1   0.0   0.0   0.0   0.0   0.0   0.0   0.0   0.0   0.0   0.0   0.13  
145   V     0.0   0.0   0.0   0.13  0.0   0.0   0.13  0.0   0.0   0.0   0.27  0.0   0.0   0.0   0.0   0.15  0.0   0.0   0.0   0.32  
146   K     0.15  0.0   0.0   0.0   0.0   0.0   0.0   0.22  0.0   0.1   0.0   0.32  0.14  0.0   0.0   0.0   0.0   0.0   0.06  0.0   
147   K     0.0   0.0   0.0   0.0   0.0   0.0   0.0   0.37  0.0   0.0   0.2   0.06  0.0   0.0   0.0   0.0   0.23  0.0   0.0   0.13  
148   K     0.0   0.0   0.14  0.0   0.0   0.0   0.0   0.0   0.15  0.0   0.13  0.35  0.0   0.0   0.0   0.0   0.0   0.0   0.13  0.09  
149   P     0.0   0.0   0.0   0.15  0.0   0.11  0.0   0.0   0.0   0.0   0.0   0.0   0.0   0.0   0.58  0.0   0.15  0.0   0.0   0.0   
150   Q     0.16  0.0   0.0   0.0   0.0   0.15  0.28  0.26  0.0   0.0   0.0   0.0   0.0   0.0   0.0   0.0   0.0   0.0   0.15  0.0   
151   W     0.16  0.0   0.0   0.0   0.0   0.0   0.0   0.0   0.0   0.0   0.0   0.15  0.11  0.15  0.0   0.0   0.0   0.26  0.17  0.0   
152   M     0.0   0.0   0.0   0.0   0.0   0.0   0.0   0.0   0.0   0.0   0.16  0.0   0.52  0.17  0.0   0.0   0.0   0.0   0.0   0.15  
153   Q     0.33  0.0   0.0   0.0   0.0   0.26  0.0   0.0   0.0   0.15  0.0   0.0   0.11  0.0   0.0   0.0   0.0   0.0   0.0   0.15  
154   D     0.11  0.0   0.0   0.41  0.0   0.0   0.0   0.0   0.0   0.0   0.0   0.0   0.0   0.0   0.0   0.15  0.0   0.16  0.17  0.0   
155   D     0.0   0.0   0.0   0.85  0.0   0.0   0.15  0.0   0.0   0.0   0.0   0.0   0.0   0.0   0.0   0.0   0.0   0.0   0.0   0.0   
156   G     0.0   0.16  0.0   0.0   0.0   0.0   0.0   0.84  0.0   0.0   0.0   0.0   0.0   0.0   0.0   0.0   0.0   0.0   0.0   0.0   
157   I     0.0   0.0   0.0   0.0   0.0   0.0   0.0   0.0   0.0   0.73  0.11  0.0   0.0   0.0   0.0   0.0   0.0   0.0   0.0   0.16  
158   H     0.0   0.0   0.0   0.0   0.0   0.0   0.0   0.0   1.0   0.0   0.0   0.0   0.0   0.0   0.0   0.0   0.0   0.0   0.0   0.0   
159   P     0.0   0.0   0.0   0.0   0.0   0.0   0.0   0.0   0.0   0.0   0.17  0.0   0.0   0.15  0.68  0.0   0.0   0.0   0.0   0.0   
160   N     0.11  0.0   0.3   0.0   0.0   0.0   0.17  0.0   0.0   0.0   0.0   0.11  0.0   0.0   0.0   0.16  0.15  0.0   0.0   0.0   
161   R     0.0   0.15  0.0   0.0   0.0   0.0   0.15  0.0   0.0   0.0   0.11  0.15  0.0   0.0   0.11  0.0   0.0   0.0   0.17  0.16  
162   D     0.43  0.0   0.0   0.15  0.0   0.0   0.11  0.0   0.0   0.0   0.0   0.31  0.0   0.0   0.0   0.0   0.0   0.0   0.0   0.0   
163   A     0.37  0.0   0.0   0.0   0.0   0.0   0.0   0.63  0.0   0.0   0.0   0.0   0.0   0.0   0.0   0.0   0.0   0.0   0.0   0.0   
164   Q     0.31  0.0   0.0   0.0   0.0   0.37  0.0   0.0   0.16  0.0   0.0   0.0   0.0   0.0   0.0   0.17  0.0   0.0   0.0   0.0   
165   P     0.0   0.0   0.15  0.0   0.0   0.0   0.0   0.0   0.0   0.0   0.0   0.32  0.16  0.0   0.37  0.0   0.0   0.0   0.0   0.0   
166   F     0.17  0.11  0.0   0.0   0.0   0.0   0.15  0.0   0.0   0.16  0.0   0.15  0.0   0.15  0.0   0.0   0.0   0.11  0.0   0.0   
167   I     0.0   0.0   0.0   0.0   0.0   0.0   0.0   0.0   0.0   0.26  0.43  0.0   0.31  0.0   0.0   0.0   0.0   0.0   0.0   0.0   
168   A     0.72  0.0   0.0   0.0   0.0   0.0   0.0   0.0   0.0   0.0   0.11  0.0   0.0   0.0   0.0   0.0   0.17  0.0   0.0   0.0   
169   D     0.0   0.16  0.0   0.31  0.0   0.0   0.37  0.0   0.0   0.0   0.0   0.15  0.0   0.0   0.0   0.0   0.0   0.0   0.0   0.0   
170   W     0.16  0.0   0.11  0.0   0.0   0.0   0.0   0.0   0.0   0.15  0.32  0.0   0.0   0.11  0.0   0.0   0.0   0.15  0.0   0.0   
171   M     0.0   0.0   0.0   0.0   0.0   0.0   0.0   0.0   0.0   0.32  0.0   0.0   0.15  0.16  0.0   0.0   0.0   0.0   0.0   0.37  
172   A     0.57  0.0   0.0   0.0   0.0   0.0   0.0   0.0   0.0   0.0   0.16  0.0   0.0   0.0   0.0   0.0   0.0   0.11  0.0   0.17  
173   K     0.15  0.16  0.0   0.0   0.0   0.11  0.0   0.0   0.0   0.0   0.0   0.47  0.0   0.0   0.11  0.0   0.0   0.0   0.0   0.0   
174   Q     0.15  0.0   0.0   0.0   0.0   0.15  0.27  0.15  0.0   0.0   0.0   0.0   0.0   0.0   0.0   0.0   0.28  0.0   0.0   0.0   
175   L     0.0   0.0   0.0   0.0   0.0   0.0   0.0   0.0   0.0   0.47  0.37  0.0   0.17  0.0   0.0   0.0   0.0   0.0   0.0   0.0   
176   Q     0.0   0.0   0.0   0.0   0.0   0.22  0.22  0.0   0.0   0.0   0.0   0.56  0.0   0.0   0.0   0.0   0.0   0.0   0.0   0.0   
177   P     0.0   0.0   0.0   0.0   0.0   0.0   0.34  0.0   0.0   0.0   0.0   0.0   0.0   0.0   0.66  0.0   0.0   0.0   0.0   0.0   
178   L     0.0   0.0   0.0   0.0   0.0   0.0   0.0   0.0   0.0   0.0   1.0   0.0   0.0   0.0   0.0   0.0   0.0   0.0   0.0   0.0   
179   V     0.0   0.0   0.0   0.0   0.0   0.0   0.0   0.0   0.0   0.0   0.41  0.0   0.0   0.0   0.0   0.0   0.0   0.0   0.0   0.59  
180   N     0.0   0.0   1.0   0.0   0.0   0.0   0.0   0.0   0.0   0.0   0.0   0.0   0.0   0.0   0.0   0.0   0.0   0.0   0.0   0.0   
181   H     0.0   0.0   0.0   0.0   0.0   0.0   0.0   0.0   1.0   0.0   0.0   0.0   0.0   0.0   0.0   0.0   0.0   0.0   0.0   0.0   
