             A     R     N     D     C     Q     E     G     H     I     L     K     M     F     P     S     T     W     Y     V
1     V     0.0   0.0   0.0   0.0   0.0   0.0   0.0   0.0   0.0   0.19  0.4   0.0   0.18  0.0   0.0   0.0   0.0   0.0   0.0   0.22  
2     L     0.0   0.0   0.0   0.0   0.0   0.0   0.0   0.0   0.0   0.12  0.11  0.0   0.77  0.0   0.0   0.0   0.0   0.0   0.0   0.0   
3     A     0.26  0.0   0.03  0.0   0.0   0.03  0.02  0.05  0.0   0.0   0.01  0.09  0.0   0.0   0.0   0.41  0.1   0.0   0.0   0.0   
4     A     0.13  0.02  0.01  0.08  0.0   0.05  0.04  0.0   0.0   0.0   0.0   0.13  0.0   0.0   0.24  0.28  0.03  0.0   0.0   0.0   
5     A     0.02  0.0   0.0   0.0   0.0   0.0   0.0   0.0   0.0   0.47  0.09  0.0   0.15  0.02  0.02  0.0   0.07  0.0   0.0   0.16  
6     P     0.01  0.43  0.14  0.0   0.0   0.0   0.0   0.0   0.01  0.0   0.0   0.28  0.0   0.0   0.09  0.04  0.0   0.0   0.0   0.0   
7     V     0.01  0.0   0.0   0.0   0.0   0.0   0.0   0.0   0.0   0.4   0.11  0.0   0.0   0.0   0.0   0.0   0.01  0.0   0.0   0.47  
8     M     0.31  0.0   0.0   0.0   0.0   0.0   0.0   0.23  0.0   0.16  0.08  0.0   0.03  0.0   0.0   0.01  0.01  0.0   0.0   0.16  
9     V     0.0   0.0   0.0   0.0   0.0   0.0   0.0   0.0   0.0   0.39  0.1   0.0   0.0   0.0   0.0   0.0   0.01  0.0   0.0   0.5   
10    N     0.24  0.0   0.12  0.0   0.03  0.0   0.0   0.0   0.06  0.06  0.06  0.0   0.03  0.03  0.0   0.06  0.12  0.0   0.03  0.16  
11    D     0.0   0.0   0.0   0.01  0.0   0.0   0.0   0.98  0.0   0.0   0.0   0.0   0.0   0.0   0.0   0.01  0.0   0.0   0.0   0.0   
12    C     0.61  0.0   0.0   0.0   0.15  0.0   0.0   0.03  0.0   0.03  0.0   0.0   0.0   0.05  0.03  0.04  0.0   0.0   0.02  0.04  
13    T     0.18  0.06  0.06  0.0   0.03  0.0   0.0   0.1   0.0   0.01  0.1   0.08  0.01  0.01  0.0   0.23  0.13  0.0   0.0   0.0   
14    G     0.0   0.0   0.0   0.0   0.0   0.0   0.0   0.97  0.0   0.0   0.0   0.03  0.0   0.0   0.0   0.0   0.0   0.0   0.0   0.0   
15    K     0.02  0.69  0.01  0.0   0.0   0.01  0.03  0.0   0.0   0.0   0.0   0.25  0.0   0.0   0.0   0.0   0.0   0.0   0.0   0.0   
16    V     0.0   0.0   0.0   0.0   0.0   0.02  0.0   0.0   0.0   0.05  0.01  0.0   0.86  0.0   0.0   0.0   0.01  0.0   0.0   0.05  
17    G     0.01  0.0   0.0   0.0   0.0   0.0   0.0   0.99  0.0   0.0   0.0   0.0   0.0   0.0   0.0   0.0   0.0   0.0   0.0   0.0   
18    Q     0.04  0.34  0.0   0.0   0.0   0.17  0.01  0.02  0.02  0.01  0.01  0.2   0.0   0.0   0.0   0.12  0.05  0.0   0.01  0.0   
19    A     0.18  0.05  0.03  0.0   0.0   0.08  0.16  0.02  0.02  0.03  0.1   0.02  0.08  0.0   0.0   0.04  0.13  0.0   0.0   0.06  
20    V     0.1   0.0   0.0   0.0   0.01  0.0   0.0   0.0   0.0   0.27  0.4   0.0   0.02  0.0   0.0   0.0   0.02  0.0   0.0   0.18  
21    A     0.07  0.0   0.0   0.0   0.03  0.01  0.02  0.02  0.0   0.38  0.1   0.0   0.01  0.0   0.0   0.03  0.06  0.0   0.01  0.24  
22    E     0.03  0.14  0.04  0.01  0.0   0.1   0.3   0.02  0.03  0.0   0.01  0.2   0.0   0.0   0.0   0.04  0.03  0.0   0.0   0.04  
23    A     0.45  0.03  0.03  0.0   0.05  0.01  0.06  0.01  0.0   0.02  0.1   0.01  0.06  0.0   0.0   0.02  0.1   0.0   0.0   0.05  
24    A     0.24  0.0   0.0   0.0   0.01  0.0   0.02  0.0   0.0   0.2   0.12  0.0   0.0   0.01  0.0   0.02  0.02  0.0   0.0   0.33  
25    V     0.05  0.05  0.04  0.05  0.01  0.1   0.08  0.03  0.06  0.06  0.12  0.06  0.01  0.0   0.01  0.09  0.11  0.0   0.01  0.06  
26    A     0.19  0.03  0.12  0.06  0.01  0.12  0.1   0.03  0.02  0.0   0.02  0.07  0.0   0.0   0.0   0.12  0.08  0.0   0.0   0.01  
27    A     0.27  0.03  0.06  0.06  0.0   0.05  0.12  0.02  0.02  0.02  0.02  0.03  0.03  0.01  0.06  0.11  0.1   0.0   0.0   0.01  
28    G     0.05  0.01  0.03  0.27  0.0   0.03  0.09  0.21  0.02  0.01  0.02  0.05  0.0   0.01  0.09  0.05  0.02  0.0   0.0   0.01  
29    L     0.06  0.02  0.04  0.05  0.05  0.02  0.04  0.12  0.03  0.07  0.17  0.05  0.06  0.05  0.01  0.02  0.02  0.0   0.02  0.09  
30    R     0.11  0.04  0.06  0.05  0.01  0.09  0.23  0.01  0.02  0.04  0.05  0.02  0.04  0.05  0.01  0.03  0.05  0.0   0.0   0.1   
31    L     0.04  0.08  0.01  0.01  0.02  0.04  0.06  0.01  0.01  0.08  0.35  0.06  0.01  0.02  0.01  0.03  0.05  0.0   0.01  0.11  
32    V     0.07  0.01  0.0   0.01  0.0   0.01  0.03  0.01  0.02  0.03  0.25  0.02  0.05  0.02  0.03  0.08  0.02  0.0   0.01  0.33  
33    P     0.19  0.01  0.03  0.02  0.01  0.01  0.01  0.36  0.01  0.01  0.03  0.06  0.0   0.0   0.05  0.08  0.06  0.0   0.01  0.05  
34    L     0.42  0.02  0.01  0.01  0.01  0.01  0.03  0.11  0.01  0.06  0.04  0.02  0.0   0.05  0.01  0.09  0.02  0.0   0.01  0.08  
35    S     0.24  0.01  0.01  0.02  0.01  0.01  0.03  0.05  0.01  0.1   0.07  0.01  0.0   0.02  0.02  0.1   0.05  0.0   0.03  0.2   
36    L     0.03  0.03  0.01  0.22  0.0   0.01  0.02  0.02  0.01  0.07  0.31  0.01  0.01  0.07  0.01  0.03  0.04  0.0   0.03  0.08  
37    T     0.05  0.06  0.06  0.05  0.0   0.01  0.17  0.07  0.03  0.08  0.07  0.02  0.01  0.01  0.01  0.09  0.04  0.0   0.01  0.16  
38    G     0.09  0.22  0.04  0.04  0.01  0.03  0.04  0.22  0.05  0.01  0.02  0.04  0.0   0.01  0.03  0.08  0.04  0.0   0.02  0.02  
39    P     0.09  0.03  0.11  0.02  0.0   0.03  0.04  0.03  0.03  0.04  0.02  0.09  0.0   0.02  0.27  0.05  0.06  0.0   0.04  0.02  
40    G     0.03  0.01  0.04  0.11  0.0   0.01  0.08  0.4   0.01  0.02  0.02  0.08  0.0   0.02  0.03  0.07  0.02  0.0   0.02  0.03  
41    R     0.05  0.12  0.04  0.1   0.0   0.01  0.05  0.04  0.05  0.02  0.06  0.07  0.01  0.07  0.02  0.16  0.03  0.01  0.03  0.04  
42    G     0.16  0.03  0.02  0.07  0.0   0.06  0.08  0.06  0.0   0.02  0.06  0.05  0.08  0.01  0.08  0.07  0.03  0.0   0.01  0.1   
43    G     0.06  0.05  0.03  0.06  0.0   0.02  0.04  0.44  0.0   0.01  0.06  0.04  0.01  0.04  0.02  0.05  0.01  0.01  0.02  0.03  
44    K     0.05  0.05  0.02  0.03  0.01  0.16  0.2   0.04  0.02  0.05  0.09  0.08  0.01  0.02  0.02  0.05  0.04  0.0   0.01  0.07  
45    R     0.05  0.05  0.04  0.15  0.0   0.05  0.08  0.12  0.01  0.03  0.15  0.05  0.0   0.02  0.01  0.08  0.06  0.0   0.0   0.03  
46    V     0.24  0.01  0.01  0.03  0.01  0.06  0.04  0.02  0.01  0.17  0.07  0.03  0.02  0.02  0.02  0.03  0.03  0.0   0.02  0.16  
47    V     0.11  0.02  0.01  0.13  0.0   0.02  0.06  0.3   0.01  0.04  0.08  0.03  0.0   0.01  0.01  0.04  0.02  0.0   0.01  0.11  
48    I     0.15  0.02  0.03  0.05  0.01  0.02  0.05  0.05  0.01  0.13  0.18  0.01  0.01  0.02  0.03  0.06  0.03  0.0   0.0   0.15  
49    G     0.06  0.02  0.04  0.02  0.05  0.01  0.02  0.46  0.01  0.05  0.07  0.01  0.01  0.01  0.01  0.02  0.02  0.0   0.02  0.1   
50    N     0.05  0.03  0.07  0.02  0.05  0.02  0.06  0.05  0.04  0.08  0.07  0.09  0.02  0.07  0.05  0.09  0.02  0.0   0.01  0.08  
51    V     0.09  0.02  0.03  0.05  0.02  0.02  0.07  0.1   0.01  0.09  0.16  0.06  0.03  0.02  0.04  0.06  0.05  0.0   0.01  0.08  
52    E     0.13  0.04  0.05  0.1   0.01  0.03  0.12  0.19  0.0   0.02  0.03  0.03  0.01  0.03  0.09  0.07  0.04  0.0   0.01  0.02  
53    V     0.06  0.02  0.03  0.02  0.03  0.03  0.02  0.11  0.01  0.09  0.16  0.03  0.01  0.03  0.01  0.1   0.05  0.0   0.02  0.17  
54    D     0.06  0.04  0.04  0.15  0.01  0.04  0.13  0.11  0.0   0.04  0.06  0.08  0.01  0.0   0.07  0.06  0.06  0.0   0.01  0.02  
55    V     0.08  0.01  0.0   0.02  0.03  0.02  0.02  0.05  0.03  0.2   0.11  0.02  0.0   0.04  0.02  0.03  0.04  0.01  0.01  0.24  
56    R     0.1   0.04  0.06  0.03  0.01  0.01  0.08  0.08  0.06  0.01  0.03  0.06  0.01  0.04  0.15  0.09  0.07  0.0   0.02  0.06  
57    E     0.08  0.01  0.03  0.08  0.02  0.02  0.12  0.08  0.0   0.14  0.06  0.02  0.01  0.01  0.03  0.07  0.06  0.0   0.0   0.14  
58    V     0.06  0.01  0.03  0.07  0.01  0.01  0.02  0.1   0.0   0.04  0.09  0.03  0.0   0.03  0.06  0.09  0.15  0.0   0.03  0.15  
59    S     0.12  0.01  0.06  0.08  0.01  0.02  0.03  0.06  0.02  0.07  0.08  0.04  0.0   0.04  0.05  0.11  0.07  0.0   0.01  0.12  
60    E     0.08  0.02  0.04  0.23  0.0   0.03  0.12  0.05  0.01  0.03  0.05  0.07  0.01  0.03  0.04  0.09  0.03  0.0   0.01  0.06  
61    R     0.06  0.05  0.01  0.03  0.0   0.02  0.03  0.03  0.03  0.1   0.23  0.04  0.01  0.05  0.05  0.06  0.04  0.0   0.02  0.13  
62    E     0.07  0.01  0.04  0.08  0.01  0.05  0.17  0.06  0.02  0.03  0.1   0.02  0.01  0.05  0.03  0.11  0.1   0.01  0.01  0.03  
63    D     0.06  0.02  0.05  0.32  0.0   0.01  0.06  0.08  0.02  0.03  0.02  0.03  0.03  0.06  0.03  0.08  0.05  0.0   0.0   0.04  
64    V     0.07  0.01  0.05  0.16  0.04  0.01  0.05  0.02  0.02  0.05  0.1   0.01  0.02  0.03  0.02  0.11  0.05  0.0   0.01  0.18  
65    V     0.06  0.02  0.02  0.07  0.03  0.01  0.04  0.02  0.01  0.04  0.45  0.03  0.02  0.05  0.03  0.03  0.02  0.0   0.01  0.04  
66    K     0.21  0.01  0.03  0.11  0.03  0.02  0.12  0.08  0.01  0.01  0.03  0.09  0.0   0.02  0.03  0.1   0.05  0.02  0.01  0.03  
67    E     0.14  0.03  0.03  0.09  0.0   0.04  0.16  0.02  0.03  0.02  0.06  0.08  0.01  0.02  0.02  0.17  0.03  0.0   0.02  0.03  
68    V     0.15  0.01  0.01  0.05  0.01  0.02  0.03  0.03  0.01  0.16  0.11  0.02  0.02  0.02  0.01  0.03  0.05  0.0   0.01  0.24  
69    I     0.13  0.03  0.02  0.02  0.01  0.02  0.04  0.03  0.01  0.09  0.15  0.05  0.01  0.08  0.02  0.14  0.09  0.0   0.01  0.06  
70    T     0.15  0.02  0.06  0.12  0.01  0.12  0.09  0.04  0.01  0.02  0.04  0.06  0.01  0.02  0.06  0.03  0.08  0.0   0.01  0.05  
71    E     0.05  0.02  0.06  0.16  0.02  0.05  0.18  0.07  0.02  0.03  0.04  0.09  0.01  0.03  0.02  0.06  0.03  0.0   0.01  0.05  
72    Y     0.08  0.05  0.04  0.03  0.03  0.02  0.04  0.04  0.03  0.03  0.06  0.11  0.01  0.13  0.04  0.07  0.07  0.0   0.05  0.05  
73    P     0.05  0.04  0.08  0.12  0.01  0.06  0.11  0.14  0.02  0.03  0.04  0.09  0.01  0.02  0.08  0.05  0.03  0.0   0.01  0.02  
74    N     0.24  0.01  0.07  0.04  0.03  0.03  0.03  0.08  0.01  0.03  0.03  0.02  0.01  0.05  0.1   0.11  0.04  0.0   0.02  0.07  
75    V     0.04  0.01  0.01  0.66  0.0   0.03  0.06  0.07  0.01  0.01  0.02  0.01  0.01  0.02  0.01  0.01  0.01  0.0   0.0   0.02  
76    I     0.06  0.0   0.0   0.0   0.02  0.0   0.01  0.02  0.0   0.1   0.02  0.0   0.01  0.01  0.0   0.01  0.01  0.0   0.01  0.69  
77    V     0.08  0.0   0.0   0.0   0.0   0.0   0.0   0.0   0.0   0.18  0.3   0.0   0.03  0.01  0.0   0.0   0.0   0.04  0.0   0.34  
78    V     0.0   0.0   0.0   0.0   0.0   0.0   0.0   0.0   0.0   0.59  0.08  0.0   0.0   0.0   0.0   0.0   0.0   0.0   0.0   0.32  
79    D     0.0   0.0   0.0   0.95  0.0   0.0   0.04  0.0   0.0   0.0   0.0   0.0   0.0   0.0   0.0   0.0   0.0   0.0   0.0   0.0   
80    Y     0.01  0.0   0.0   0.0   0.0   0.0   0.0   0.0   0.0   0.0   0.04  0.0   0.0   0.9   0.0   0.0   0.0   0.0   0.04  0.02  
81    T     0.01  0.0   0.0   0.0   0.0   0.0   0.0   0.0   0.0   0.0   0.0   0.0   0.0   0.0   0.0   0.3   0.69  0.0   0.0   0.0   
82    L     0.09  0.11  0.06  0.03  0.0   0.02  0.0   0.0   0.12  0.04  0.11  0.01  0.0   0.01  0.0   0.12  0.15  0.0   0.0   0.13  
83    P     0.09  0.03  0.0   0.0   0.0   0.0   0.0   0.0   0.02  0.0   0.0   0.02  0.0   0.01  0.77  0.02  0.0   0.0   0.01  0.02  
84    A     0.14  0.01  0.04  0.16  0.0   0.07  0.27  0.02  0.01  0.0   0.01  0.09  0.0   0.0   0.01  0.16  0.01  0.0   0.0   0.01  
85    A     0.37  0.01  0.01  0.0   0.03  0.0   0.0   0.16  0.0   0.03  0.05  0.0   0.01  0.02  0.02  0.08  0.08  0.0   0.0   0.13  
86    V     0.07  0.0   0.0   0.0   0.02  0.0   0.01  0.03  0.0   0.02  0.14  0.0   0.03  0.06  0.0   0.16  0.27  0.0   0.0   0.2   
87    N     0.03  0.02  0.04  0.04  0.0   0.02  0.07  0.0   0.01  0.07  0.25  0.06  0.08  0.04  0.04  0.02  0.0   0.0   0.12  0.09  
88    D     0.15  0.02  0.05  0.12  0.0   0.04  0.28  0.05  0.01  0.01  0.02  0.09  0.0   0.01  0.03  0.04  0.04  0.0   0.0   0.03  
89    N     0.0   0.0   0.35  0.0   0.04  0.0   0.0   0.0   0.17  0.03  0.19  0.0   0.01  0.04  0.0   0.0   0.05  0.0   0.06  0.05  
90    A     0.18  0.0   0.0   0.0   0.0   0.0   0.0   0.0   0.0   0.09  0.39  0.0   0.02  0.01  0.01  0.03  0.06  0.0   0.01  0.2   
91    E     0.14  0.12  0.07  0.09  0.0   0.03  0.19  0.02  0.01  0.01  0.02  0.2   0.0   0.0   0.04  0.04  0.02  0.0   0.0   0.0   
92    F     0.19  0.0   0.0   0.0   0.0   0.04  0.03  0.0   0.02  0.09  0.17  0.02  0.02  0.15  0.0   0.03  0.05  0.02  0.11  0.05  
93    Y     0.46  0.0   0.0   0.01  0.27  0.0   0.01  0.02  0.0   0.02  0.09  0.0   0.03  0.01  0.0   0.04  0.01  0.0   0.04  0.01  
94    C     0.2   0.08  0.01  0.0   0.02  0.01  0.05  0.01  0.0   0.14  0.2   0.04  0.01  0.02  0.0   0.05  0.04  0.0   0.02  0.11  
95    K     0.2   0.07  0.03  0.03  0.0   0.14  0.19  0.01  0.01  0.01  0.02  0.21  0.01  0.0   0.0   0.05  0.02  0.0   0.0   0.01  
96    Q     0.12  0.07  0.15  0.0   0.03  0.04  0.01  0.0   0.19  0.0   0.04  0.06  0.01  0.06  0.0   0.05  0.04  0.0   0.09  0.04  
97    G     0.02  0.06  0.09  0.02  0.0   0.02  0.0   0.53  0.02  0.0   0.0   0.14  0.0   0.0   0.09  0.01  0.0   0.0   0.0   0.0   
98    L     0.02  0.01  0.01  0.0   0.01  0.0   0.0   0.01  0.0   0.15  0.09  0.31  0.05  0.02  0.0   0.02  0.05  0.0   0.0   0.25  
99    P     0.13  0.08  0.09  0.01  0.0   0.0   0.0   0.03  0.05  0.02  0.0   0.1   0.0   0.01  0.36  0.03  0.0   0.0   0.0   0.07  
100   F     0.04  0.0   0.0   0.0   0.01  0.0   0.0   0.0   0.08  0.1   0.3   0.0   0.14  0.04  0.12  0.04  0.0   0.01  0.01  0.12  
101   V     0.0   0.0   0.0   0.0   0.01  0.0   0.0   0.0   0.0   0.12  0.03  0.0   0.0   0.0   0.0   0.0   0.0   0.0   0.0   0.84  
102   M     0.0   0.0   0.0   0.0   0.01  0.0   0.0   0.0   0.0   0.51  0.05  0.0   0.04  0.02  0.0   0.08  0.0   0.0   0.0   0.28  
103   G     0.07  0.0   0.0   0.0   0.03  0.0   0.0   0.86  0.0   0.0   0.0   0.0   0.0   0.0   0.0   0.0   0.0   0.0   0.03  0.0   
104   T     0.0   0.0   0.0   0.0   0.0   0.0   0.0   0.0   0.0   0.01  0.0   0.0   0.0   0.0   0.0   0.04  0.92  0.0   0.0   0.03  
105   T     0.0   0.0   0.0   0.0   0.0   0.0   0.0   0.0   0.0   0.0   0.0   0.0   0.0   0.0   0.03  0.03  0.94  0.0   0.0   0.0   
106   G     0.02  0.03  0.0   0.0   0.0   0.0   0.0   0.93  0.0   0.0   0.0   0.01  0.0   0.0   0.0   0.01  0.0   0.0   0.0   0.0   
107   G     0.0   0.0   0.0   0.0   0.02  0.0   0.02  0.04  0.0   0.06  0.27  0.0   0.03  0.42  0.02  0.01  0.0   0.08  0.02  0.01  
108   D     0.02  0.0   0.08  0.22  0.0   0.02  0.04  0.02  0.0   0.01  0.0   0.07  0.0   0.0   0.01  0.26  0.24  0.0   0.0   0.01  
109   R     0.11  0.05  0.03  0.18  0.0   0.03  0.22  0.02  0.02  0.0   0.01  0.07  0.0   0.0   0.17  0.05  0.02  0.0   0.01  0.01  
110   E     0.14  0.02  0.01  0.08  0.0   0.05  0.47  0.01  0.02  0.01  0.01  0.05  0.01  0.0   0.01  0.04  0.05  0.0   0.0   0.01  
111   K     0.06  0.06  0.0   0.09  0.0   0.29  0.18  0.08  0.06  0.02  0.03  0.06  0.02  0.0   0.0   0.01  0.02  0.0   0.01  0.0   
112   L     0.01  0.06  0.03  0.01  0.0   0.02  0.04  0.0   0.02  0.15  0.33  0.16  0.04  0.05  0.0   0.0   0.01  0.01  0.01  0.05  
113   L     0.27  0.04  0.05  0.08  0.0   0.11  0.18  0.0   0.03  0.01  0.01  0.09  0.0   0.01  0.0   0.07  0.03  0.0   0.02  0.02  
114   D     0.16  0.07  0.01  0.08  0.0   0.09  0.16  0.0   0.0   0.04  0.15  0.12  0.01  0.02  0.0   0.02  0.03  0.0   0.0   0.05  
115   V     0.03  0.0   0.0   0.01  0.0   0.0   0.02  0.0   0.01  0.27  0.46  0.03  0.05  0.02  0.0   0.01  0.02  0.0   0.0   0.06  
116   A     0.22  0.06  0.03  0.06  0.06  0.06  0.16  0.0   0.02  0.02  0.02  0.11  0.0   0.0   0.0   0.04  0.02  0.0   0.01  0.11  
117   R     0.13  0.07  0.03  0.11  0.0   0.05  0.27  0.0   0.02  0.02  0.02  0.1   0.01  0.0   0.01  0.06  0.04  0.0   0.02  0.02  
118   K     0.4   0.01  0.01  0.04  0.01  0.01  0.06  0.0   0.0   0.02  0.1   0.17  0.02  0.04  0.0   0.03  0.02  0.0   0.04  0.02  
119   S     0.44  0.01  0.04  0.01  0.0   0.0   0.02  0.04  0.0   0.01  0.01  0.06  0.0   0.0   0.03  0.27  0.03  0.0   0.0   0.01  
120   G     0.07  0.08  0.07  0.03  0.0   0.1   0.07  0.11  0.03  0.01  0.02  0.27  0.0   0.0   0.0   0.07  0.06  0.0   0.02  0.0   
121   T     0.02  0.04  0.04  0.04  0.0   0.05  0.08  0.01  0.06  0.14  0.04  0.09  0.05  0.0   0.0   0.05  0.15  0.0   0.0   0.15  
122   Y     0.1   0.01  0.01  0.0   0.0   0.0   0.0   0.27  0.0   0.23  0.02  0.01  0.06  0.0   0.07  0.05  0.04  0.0   0.04  0.09  
123   S     0.18  0.02  0.0   0.0   0.07  0.0   0.0   0.07  0.0   0.09  0.03  0.0   0.01  0.02  0.36  0.02  0.02  0.0   0.0   0.11  
124   I     0.03  0.0   0.0   0.0   0.01  0.0   0.0   0.0   0.0   0.29  0.27  0.0   0.01  0.01  0.0   0.0   0.01  0.0   0.0   0.38  
125   I     0.0   0.0   0.0   0.0   0.0   0.01  0.0   0.0   0.0   0.26  0.07  0.01  0.0   0.17  0.0   0.0   0.0   0.03  0.09  0.35  
126   A     0.49  0.0   0.0   0.0   0.02  0.01  0.0   0.01  0.01  0.06  0.0   0.0   0.0   0.0   0.0   0.34  0.01  0.0   0.01  0.01  
127   P     0.22  0.0   0.0   0.0   0.01  0.01  0.0   0.09  0.0   0.0   0.0   0.0   0.0   0.0   0.45  0.13  0.07  0.0   0.02  0.0   
128   Q     0.0   0.0   0.92  0.0   0.0   0.04  0.0   0.0   0.0   0.0   0.0   0.0   0.0   0.0   0.0   0.01  0.03  0.0   0.0   0.0   
129   M     0.01  0.0   0.0   0.0   0.0   0.0   0.0   0.0   0.0   0.0   0.04  0.0   0.4   0.41  0.0   0.0   0.05  0.0   0.09  0.01  
130   G     0.15  0.0   0.0   0.0   0.01  0.0   0.0   0.05  0.0   0.0   0.0   0.0   0.0   0.0   0.0   0.79  0.0   0.0   0.0   0.0   
131   K     0.0   0.01  0.0   0.0   0.0   0.01  0.0   0.0   0.0   0.27  0.3   0.04  0.01  0.04  0.01  0.0   0.02  0.0   0.03  0.27  
132   Q     0.01  0.0   0.0   0.0   0.0   0.04  0.0   0.9   0.0   0.0   0.0   0.0   0.0   0.0   0.0   0.04  0.0   0.0   0.0   0.0   
133   V     0.21  0.0   0.0   0.0   0.0   0.0   0.0   0.0   0.0   0.13  0.01  0.0   0.07  0.0   0.0   0.05  0.0   0.0   0.0   0.53  
134   V     0.04  0.0   0.52  0.0   0.0   0.02  0.0   0.0   0.02  0.07  0.01  0.0   0.02  0.0   0.0   0.0   0.03  0.0   0.04  0.21  
135   A     0.08  0.0   0.0   0.0   0.0   0.0   0.0   0.01  0.0   0.14  0.5   0.0   0.01  0.0   0.0   0.01  0.0   0.0   0.0   0.21  
136   F     0.04  0.01  0.0   0.01  0.03  0.03  0.01  0.01  0.01  0.04  0.4   0.01  0.12  0.13  0.01  0.04  0.06  0.0   0.0   0.06  
137   V     0.07  0.01  0.04  0.01  0.01  0.09  0.01  0.01  0.01  0.03  0.18  0.05  0.16  0.17  0.01  0.02  0.06  0.03  0.01  0.04  
138   A     0.16  0.14  0.04  0.0   0.0   0.12  0.05  0.01  0.03  0.0   0.0   0.34  0.01  0.0   0.0   0.04  0.01  0.01  0.01  0.03  
139   A     0.09  0.0   0.0   0.0   0.0   0.0   0.0   0.01  0.0   0.09  0.5   0.0   0.03  0.15  0.0   0.01  0.05  0.0   0.01  0.06  
140   M     0.23  0.0   0.01  0.0   0.01  0.0   0.0   0.0   0.0   0.02  0.37  0.0   0.04  0.0   0.0   0.02  0.06  0.0   0.0   0.2   
141   E     0.07  0.09  0.06  0.03  0.0   0.1   0.3   0.02  0.01  0.01  0.01  0.16  0.01  0.0   0.02  0.04  0.02  0.0   0.0   0.02  
142   I     0.05  0.06  0.03  0.03  0.01  0.17  0.15  0.01  0.0   0.08  0.07  0.16  0.05  0.02  0.0   0.02  0.03  0.0   0.03  0.04  
143   M     0.54  0.0   0.0   0.0   0.0   0.0   0.0   0.01  0.0   0.05  0.2   0.0   0.05  0.0   0.0   0.01  0.04  0.0   0.0   0.07  
144   A     0.66  0.0   0.0   0.0   0.0   0.01  0.01  0.01  0.01  0.0   0.03  0.01  0.0   0.0   0.0   0.11  0.04  0.0   0.0   0.09  
145   K     0.12  0.21  0.01  0.01  0.0   0.08  0.09  0.02  0.01  0.0   0.0   0.34  0.0   0.02  0.04  0.05  0.01  0.0   0.0   0.0   
146   Q     0.12  0.02  0.01  0.0   0.0   0.08  0.02  0.01  0.01  0.08  0.07  0.06  0.04  0.07  0.0   0.02  0.03  0.0   0.14  0.21  
147   F     0.07  0.0   0.0   0.0   0.01  0.01  0.0   0.02  0.0   0.05  0.38  0.0   0.08  0.26  0.0   0.02  0.03  0.0   0.03  0.01  
148   P     0.06  0.01  0.05  0.14  0.0   0.03  0.06  0.21  0.0   0.04  0.01  0.02  0.04  0.02  0.15  0.09  0.03  0.0   0.0   0.02  
149   G     0.16  0.02  0.03  0.12  0.01  0.03  0.05  0.1   0.01  0.05  0.06  0.05  0.01  0.02  0.09  0.1   0.03  0.01  0.02  0.04  
150   A     0.18  0.03  0.02  0.03  0.01  0.02  0.03  0.05  0.01  0.08  0.1   0.07  0.02  0.03  0.06  0.09  0.06  0.01  0.07  0.04  
151   F     0.07  0.03  0.04  0.03  0.03  0.02  0.04  0.06  0.01  0.04  0.19  0.03  0.02  0.13  0.03  0.06  0.08  0.01  0.04  0.05  
152   S     0.04  0.06  0.06  0.13  0.01  0.05  0.14  0.08  0.05  0.03  0.04  0.08  0.01  0.01  0.03  0.11  0.03  0.0   0.01  0.02  
153   G     0.03  0.03  0.08  0.27  0.01  0.05  0.09  0.18  0.02  0.02  0.03  0.02  0.01  0.02  0.02  0.03  0.03  0.0   0.05  0.02  
154   Y     0.05  0.01  0.05  0.02  0.01  0.01  0.02  0.02  0.01  0.03  0.03  0.02  0.01  0.2   0.02  0.04  0.02  0.08  0.32  0.03  
155   T     0.01  0.0   0.06  0.77  0.0   0.0   0.01  0.01  0.05  0.0   0.01  0.01  0.0   0.0   0.0   0.03  0.01  0.0   0.0   0.01  
156   L     0.04  0.0   0.0   0.0   0.03  0.0   0.0   0.0   0.0   0.55  0.06  0.0   0.0   0.01  0.0   0.01  0.0   0.0   0.0   0.27  
157   Q     0.04  0.04  0.0   0.05  0.0   0.02  0.84  0.0   0.0   0.0   0.0   0.01  0.0   0.0   0.0   0.01  0.0   0.0   0.0   0.0   
158   V     0.0   0.0   0.0   0.0   0.0   0.0   0.0   0.0   0.0   0.64  0.13  0.0   0.02  0.01  0.0   0.0   0.0   0.0   0.0   0.19  
159   T     0.01  0.02  0.0   0.0   0.01  0.01  0.02  0.0   0.0   0.38  0.13  0.0   0.03  0.03  0.0   0.03  0.07  0.03  0.01  0.22  
160   E     0.0   0.0   0.0   0.01  0.0   0.0   0.99  0.0   0.0   0.0   0.0   0.0   0.0   0.0   0.0   0.0   0.0   0.0   0.0   0.0   
161   S     0.24  0.02  0.0   0.0   0.02  0.04  0.0   0.02  0.01  0.06  0.16  0.02  0.17  0.0   0.0   0.11  0.08  0.0   0.01  0.04  
162   H     0.0   0.0   0.0   0.0   0.0   0.0   0.0   0.0   0.97  0.0   0.0   0.0   0.0   0.0   0.0   0.0   0.0   0.0   0.0   0.0   
163   Q     0.0   0.04  0.0   0.0   0.0   0.04  0.0   0.01  0.91  0.0   0.0   0.0   0.0   0.0   0.0   0.0   0.0   0.0   0.0   0.0   
164   S     0.05  0.4   0.22  0.07  0.0   0.0   0.01  0.0   0.01  0.0   0.01  0.07  0.0   0.0   0.08  0.02  0.04  0.0   0.0   0.02  
165   T     0.04  0.07  0.11  0.01  0.0   0.13  0.03  0.05  0.25  0.0   0.03  0.09  0.03  0.04  0.0   0.02  0.04  0.0   0.05  0.0   
166   K     0.03  0.0   0.0   0.0   0.0   0.0   0.0   0.0   0.0   0.0   0.0   0.97  0.0   0.0   0.0   0.0   0.0   0.0   0.0   0.0   
167   A     0.15  0.03  0.0   0.0   0.0   0.02  0.0   0.0   0.0   0.08  0.1   0.3   0.01  0.0   0.0   0.01  0.0   0.0   0.0   0.3   
168   D     0.0   0.0   0.0   1.0   0.0   0.0   0.0   0.0   0.0   0.0   0.0   0.0   0.0   0.0   0.0   0.0   0.0   0.0   0.0   0.0   
169   V     0.71  0.01  0.0   0.0   0.0   0.0   0.0   0.0   0.0   0.05  0.0   0.01  0.0   0.03  0.04  0.13  0.0   0.0   0.0   0.02  
170   S     0.0   0.0   0.0   0.0   0.0   0.0   0.0   0.0   0.0   0.0   0.0   0.0   0.0   0.0   0.01  0.99  0.0   0.0   0.0   0.0   
171   G     0.01  0.0   0.0   0.0   0.0   0.0   0.0   0.94  0.0   0.0   0.0   0.0   0.0   0.0   0.03  0.01  0.0   0.0   0.0   0.0   
172   T     0.0   0.0   0.0   0.0   0.0   0.0   0.03  0.01  0.0   0.0   0.0   0.0   0.0   0.0   0.0   0.02  0.94  0.0   0.0   0.0   
173   A     0.9   0.0   0.0   0.0   0.02  0.0   0.0   0.0   0.0   0.0   0.03  0.0   0.0   0.0   0.0   0.05  0.0   0.0   0.0   0.0   
174   L     0.02  0.01  0.02  0.0   0.0   0.01  0.03  0.01  0.0   0.19  0.49  0.05  0.04  0.0   0.0   0.01  0.01  0.0   0.01  0.1   
175   A     0.11  0.14  0.0   0.01  0.0   0.05  0.05  0.02  0.02  0.01  0.13  0.21  0.08  0.0   0.0   0.06  0.12  0.0   0.0   0.0   
176   V     0.07  0.0   0.0   0.0   0.0   0.0   0.0   0.0   0.0   0.12  0.4   0.0   0.15  0.02  0.0   0.0   0.21  0.0   0.0   0.04  
177   I     0.44  0.01  0.0   0.0   0.0   0.01  0.0   0.33  0.0   0.04  0.05  0.04  0.0   0.01  0.0   0.0   0.0   0.0   0.04  0.03  
178   S     0.04  0.05  0.07  0.08  0.0   0.13  0.45  0.02  0.01  0.0   0.0   0.08  0.0   0.0   0.0   0.07  0.01  0.0   0.0   0.0   
179   S     0.24  0.01  0.06  0.0   0.05  0.01  0.02  0.02  0.02  0.08  0.11  0.01  0.08  0.0   0.0   0.03  0.08  0.0   0.0   0.17  
180   L     0.13  0.0   0.0   0.0   0.02  0.0   0.0   0.01  0.0   0.49  0.13  0.0   0.04  0.03  0.0   0.0   0.0   0.0   0.0   0.15  
181   R     0.47  0.07  0.02  0.01  0.03  0.07  0.06  0.02  0.0   0.0   0.07  0.04  0.0   0.0   0.0   0.11  0.01  0.0   0.0   0.01  
182   K     0.1   0.01  0.07  0.08  0.01  0.04  0.32  0.1   0.01  0.0   0.0   0.18  0.0   0.0   0.0   0.05  0.01  0.0   0.01  0.0   
183   L     0.26  0.07  0.03  0.01  0.0   0.01  0.02  0.04  0.01  0.03  0.28  0.03  0.05  0.01  0.01  0.03  0.03  0.0   0.01  0.08  
184   G     0.03  0.13  0.09  0.03  0.0   0.02  0.02  0.44  0.01  0.02  0.04  0.07  0.01  0.01  0.01  0.02  0.01  0.0   0.01  0.02  
185   L     0.02  0.22  0.02  0.02  0.0   0.06  0.05  0.07  0.0   0.04  0.1   0.14  0.01  0.01  0.02  0.06  0.01  0.03  0.01  0.08  
186   D     0.08  0.05  0.11  0.25  0.0   0.05  0.07  0.02  0.01  0.05  0.02  0.05  0.01  0.0   0.04  0.11  0.06  0.0   0.01  0.03  
187   F     0.06  0.05  0.02  0.03  0.0   0.02  0.04  0.02  0.02  0.04  0.26  0.08  0.01  0.1   0.05  0.02  0.03  0.0   0.08  0.06  
188   K     0.06  0.06  0.17  0.06  0.01  0.05  0.09  0.04  0.03  0.02  0.06  0.16  0.01  0.0   0.02  0.05  0.05  0.03  0.01  0.02  
189   D     0.04  0.07  0.05  0.14  0.0   0.06  0.06  0.02  0.02  0.01  0.08  0.09  0.03  0.03  0.15  0.07  0.04  0.01  0.01  0.02  
190   E     0.06  0.02  0.06  0.1   0.07  0.06  0.13  0.02  0.04  0.06  0.01  0.04  0.0   0.01  0.06  0.03  0.02  0.0   0.01  0.19  
191   Q     0.22  0.08  0.02  0.05  0.0   0.08  0.1   0.05  0.04  0.02  0.03  0.07  0.01  0.01  0.01  0.06  0.01  0.0   0.06  0.06  
192   V     0.05  0.04  0.03  0.03  0.01  0.03  0.03  0.07  0.02  0.07  0.04  0.04  0.01  0.0   0.01  0.06  0.07  0.0   0.05  0.32  
193   E     0.04  0.14  0.05  0.04  0.0   0.06  0.12  0.04  0.0   0.02  0.02  0.03  0.0   0.03  0.02  0.12  0.04  0.01  0.16  0.04  
194   L     0.08  0.06  0.03  0.05  0.01  0.03  0.07  0.1   0.07  0.04  0.12  0.03  0.01  0.03  0.04  0.04  0.09  0.0   0.04  0.07  
195   V     0.08  0.07  0.05  0.05  0.0   0.02  0.07  0.18  0.02  0.08  0.04  0.03  0.01  0.02  0.05  0.09  0.04  0.0   0.01  0.08  
196   R     0.05  0.18  0.02  0.08  0.0   0.05  0.13  0.05  0.05  0.01  0.08  0.05  0.01  0.02  0.04  0.04  0.05  0.0   0.02  0.05  
197   D     0.04  0.07  0.04  0.18  0.02  0.05  0.11  0.13  0.03  0.02  0.03  0.03  0.01  0.01  0.03  0.05  0.1   0.0   0.01  0.02  
198   P     0.06  0.09  0.01  0.04  0.03  0.01  0.13  0.25  0.01  0.02  0.03  0.04  0.02  0.01  0.1   0.07  0.05  0.0   0.02  0.02  
199   K     0.1   0.25  0.04  0.02  0.0   0.04  0.09  0.02  0.05  0.02  0.03  0.17  0.01  0.01  0.02  0.07  0.03  0.0   0.01  0.03  
200   E     0.02  0.17  0.02  0.03  0.0   0.05  0.22  0.11  0.0   0.07  0.08  0.05  0.01  0.01  0.01  0.04  0.07  0.0   0.02  0.03  
201   Q     0.05  0.05  0.01  0.05  0.02  0.11  0.08  0.25  0.01  0.06  0.07  0.07  0.01  0.01  0.03  0.03  0.05  0.0   0.01  0.03  
202   M     0.12  0.06  0.03  0.04  0.0   0.04  0.03  0.09  0.07  0.09  0.04  0.06  0.02  0.01  0.09  0.04  0.02  0.01  0.06  0.07  
203   T     0.06  0.05  0.06  0.1   0.01  0.03  0.07  0.28  0.01  0.01  0.02  0.05  0.0   0.01  0.01  0.05  0.16  0.0   0.0   0.02  
204   R     0.1   0.16  0.03  0.04  0.01  0.02  0.13  0.05  0.01  0.09  0.04  0.05  0.02  0.01  0.02  0.05  0.04  0.0   0.01  0.13  
205   M     0.04  0.11  0.02  0.07  0.02  0.03  0.11  0.11  0.0   0.18  0.08  0.02  0.02  0.01  0.02  0.03  0.06  0.0   0.01  0.07  
206   G     0.03  0.03  0.02  0.01  0.0   0.04  0.03  0.64  0.01  0.01  0.03  0.01  0.01  0.02  0.01  0.05  0.03  0.0   0.0   0.02  
207   V     0.14  0.01  0.01  0.01  0.0   0.03  0.12  0.03  0.02  0.21  0.07  0.01  0.03  0.06  0.04  0.02  0.01  0.0   0.03  0.14  
208   P     0.14  0.29  0.02  0.05  0.0   0.01  0.02  0.07  0.06  0.01  0.02  0.02  0.0   0.01  0.1   0.09  0.04  0.0   0.01  0.03  
209   E     0.1   0.01  0.01  0.1   0.01  0.01  0.13  0.06  0.01  0.01  0.02  0.1   0.0   0.04  0.04  0.16  0.05  0.0   0.04  0.1   
210   Q     0.06  0.15  0.03  0.12  0.0   0.03  0.1   0.05  0.03  0.05  0.08  0.1   0.01  0.01  0.06  0.08  0.01  0.0   0.0   0.03  
211   H     0.01  0.22  0.05  0.09  0.0   0.03  0.16  0.24  0.03  0.0   0.01  0.04  0.0   0.0   0.01  0.05  0.01  0.01  0.0   0.03  
212   L     0.02  0.01  0.01  0.03  0.01  0.01  0.07  0.08  0.0   0.28  0.13  0.02  0.04  0.01  0.01  0.04  0.1   0.0   0.01  0.1   
213   N     0.06  0.15  0.08  0.02  0.02  0.0   0.02  0.25  0.03  0.23  0.02  0.02  0.0   0.0   0.03  0.03  0.01  0.0   0.0   0.03  
214   G     0.0   0.0   0.0   0.0   0.0   0.0   0.0   0.54  0.0   0.22  0.04  0.0   0.02  0.02  0.0   0.0   0.0   0.0   0.0   0.16  
215   H     0.01  0.0   0.03  0.05  0.0   0.03  0.01  0.01  0.39  0.04  0.02  0.0   0.04  0.18  0.01  0.08  0.06  0.0   0.0   0.03  
216   A     0.28  0.0   0.01  0.01  0.0   0.03  0.02  0.08  0.0   0.08  0.01  0.0   0.01  0.0   0.01  0.29  0.02  0.0   0.0   0.15  
217   F     0.05  0.01  0.0   0.01  0.01  0.0   0.03  0.0   0.0   0.14  0.1   0.01  0.03  0.1   0.01  0.03  0.16  0.0   0.0   0.31  
218   H     0.01  0.36  0.0   0.0   0.0   0.0   0.0   0.22  0.14  0.07  0.05  0.0   0.0   0.0   0.0   0.03  0.0   0.0   0.0   0.11  
219   T     0.03  0.24  0.0   0.06  0.0   0.02  0.17  0.12  0.0   0.01  0.24  0.04  0.02  0.0   0.0   0.01  0.03  0.0   0.0   0.02  
220   Y     0.11  0.01  0.0   0.0   0.0   0.02  0.02  0.29  0.24  0.03  0.0   0.0   0.0   0.0   0.18  0.0   0.01  0.0   0.03  0.05  
221   K     0.04  0.01  0.02  0.13  0.0   0.02  0.04  0.44  0.03  0.0   0.0   0.04  0.01  0.01  0.0   0.11  0.06  0.0   0.01  0.02  
222   I     0.04  0.0   0.01  0.18  0.0   0.0   0.0   0.01  0.0   0.19  0.24  0.0   0.02  0.09  0.0   0.01  0.02  0.0   0.01  0.19  
223   I     0.01  0.0   0.01  0.0   0.0   0.01  0.0   0.01  0.0   0.32  0.11  0.0   0.02  0.04  0.03  0.01  0.05  0.0   0.01  0.37  
224   S     0.22  0.0   0.0   0.0   0.0   0.0   0.0   0.23  0.0   0.07  0.03  0.0   0.0   0.17  0.0   0.09  0.01  0.0   0.0   0.17  
225   P     0.13  0.03  0.01  0.14  0.0   0.0   0.06  0.26  0.18  0.0   0.02  0.01  0.01  0.0   0.05  0.05  0.02  0.0   0.02  0.01  
226   D     0.01  0.0   0.03  0.16  0.0   0.16  0.17  0.16  0.15  0.0   0.01  0.03  0.01  0.01  0.0   0.06  0.03  0.0   0.0   0.0   
227   G     0.03  0.0   0.03  0.09  0.0   0.05  0.35  0.02  0.23  0.01  0.02  0.01  0.0   0.0   0.01  0.03  0.1   0.0   0.0   0.01  
228   T     0.02  0.03  0.01  0.06  0.0   0.03  0.03  0.11  0.0   0.02  0.0   0.0   0.01  0.0   0.0   0.06  0.24  0.0   0.01  0.36  
229   V     0.07  0.0   0.0   0.04  0.0   0.01  0.24  0.0   0.0   0.22  0.09  0.0   0.04  0.0   0.0   0.0   0.03  0.0   0.04  0.2   
230   F     0.01  0.08  0.0   0.01  0.0   0.01  0.02  0.01  0.01  0.04  0.1   0.02  0.1   0.37  0.0   0.05  0.04  0.01  0.06  0.05  
231   F     0.0   0.0   0.0   0.0   0.0   0.0   0.0   0.01  0.0   0.32  0.25  0.0   0.01  0.27  0.0   0.0   0.0   0.0   0.09  0.02  
232   E     0.01  0.0   0.0   0.01  0.0   0.01  0.52  0.0   0.0   0.0   0.01  0.03  0.0   0.0   0.0   0.04  0.31  0.0   0.0   0.06  
233   F     0.0   0.0   0.0   0.0   0.0   0.0   0.0   0.0   0.0   0.45  0.4   0.0   0.0   0.07  0.0   0.0   0.0   0.0   0.0   0.09  
234   K     0.02  0.22  0.07  0.0   0.0   0.03  0.01  0.01  0.01  0.01  0.0   0.12  0.0   0.0   0.0   0.21  0.25  0.0   0.0   0.04  
235   H     0.01  0.0   0.0   0.0   0.0   0.03  0.0   0.0   0.95  0.0   0.0   0.0   0.0   0.0   0.0   0.0   0.0   0.0   0.0   0.01  
236   N     0.01  0.19  0.05  0.24  0.0   0.04  0.04  0.0   0.01  0.02  0.0   0.18  0.01  0.0   0.0   0.03  0.14  0.0   0.0   0.02  
237   V     0.64  0.0   0.0   0.0   0.0   0.0   0.0   0.01  0.0   0.03  0.0   0.0   0.0   0.0   0.0   0.16  0.09  0.0   0.0   0.08  
238   C     0.0   0.01  0.0   0.0   0.03  0.05  0.06  0.01  0.05  0.11  0.11  0.04  0.03  0.1   0.0   0.16  0.14  0.0   0.07  0.0   
239   G     0.02  0.0   0.18  0.33  0.0   0.0   0.02  0.03  0.01  0.0   0.0   0.0   0.0   0.0   0.0   0.39  0.01  0.0   0.0   0.0   
240   R     0.01  0.88  0.01  0.0   0.0   0.0   0.0   0.0   0.01  0.0   0.0   0.06  0.0   0.0   0.01  0.0   0.0   0.0   0.0   0.03  
241   S     0.1   0.09  0.07  0.09  0.0   0.06  0.1   0.01  0.0   0.03  0.02  0.05  0.12  0.0   0.0   0.19  0.05  0.0   0.0   0.01  
242   I     0.08  0.0   0.01  0.0   0.05  0.01  0.0   0.05  0.0   0.18  0.04  0.0   0.02  0.0   0.0   0.22  0.19  0.0   0.0   0.16  
243   Y     0.0   0.0   0.0   0.0   0.0   0.0   0.0   0.0   0.0   0.0   0.03  0.0   0.0   0.78  0.0   0.0   0.01  0.0   0.18  0.0   
244   A     0.67  0.0   0.0   0.0   0.0   0.0   0.01  0.02  0.0   0.02  0.01  0.0   0.19  0.0   0.0   0.04  0.0   0.0   0.0   0.05  
245   Q     0.06  0.14  0.1   0.03  0.0   0.07  0.06  0.02  0.03  0.03  0.03  0.12  0.0   0.0   0.17  0.1   0.02  0.0   0.0   0.01  
246   G     0.0   0.0   0.0   0.0   0.0   0.0   0.0   0.99  0.0   0.0   0.0   0.0   0.0   0.0   0.0   0.0   0.0   0.0   0.0   0.0   
247   T     0.62  0.0   0.0   0.0   0.0   0.0   0.0   0.0   0.0   0.05  0.03  0.0   0.0   0.0   0.0   0.04  0.03  0.0   0.0   0.21  
248   V     0.01  0.0   0.01  0.0   0.0   0.0   0.0   0.0   0.0   0.17  0.47  0.01  0.02  0.01  0.0   0.0   0.0   0.0   0.0   0.27  
249   D     0.02  0.27  0.0   0.05  0.01  0.04  0.05  0.01  0.03  0.0   0.19  0.23  0.02  0.01  0.0   0.02  0.03  0.0   0.0   0.02  
250   A     0.77  0.0   0.0   0.0   0.0   0.0   0.0   0.05  0.0   0.05  0.0   0.0   0.01  0.0   0.0   0.04  0.03  0.0   0.0   0.03  
251   V     0.65  0.0   0.0   0.0   0.04  0.0   0.0   0.02  0.0   0.12  0.03  0.0   0.0   0.0   0.0   0.01  0.01  0.0   0.0   0.12  
252   L     0.04  0.25  0.01  0.03  0.01  0.02  0.12  0.01  0.01  0.08  0.18  0.15  0.01  0.01  0.0   0.01  0.02  0.0   0.0   0.04  
253   F     0.02  0.04  0.0   0.0   0.0   0.01  0.05  0.01  0.0   0.01  0.01  0.07  0.0   0.14  0.0   0.0   0.0   0.58  0.04  0.01  
254   L     0.05  0.01  0.0   0.0   0.0   0.01  0.0   0.02  0.0   0.13  0.53  0.01  0.03  0.0   0.0   0.0   0.0   0.0   0.0   0.19  
255   S     0.2   0.03  0.01  0.01  0.02  0.06  0.01  0.02  0.05  0.07  0.04  0.07  0.01  0.02  0.01  0.09  0.01  0.0   0.01  0.25  
256   K     0.04  0.08  0.07  0.18  0.0   0.04  0.06  0.26  0.01  0.02  0.01  0.12  0.0   0.01  0.01  0.04  0.03  0.0   0.0   0.02  
257   K     0.03  0.22  0.01  0.02  0.0   0.18  0.01  0.01  0.0   0.01  0.02  0.42  0.0   0.01  0.01  0.01  0.01  0.0   0.01  0.01  
258   I     0.11  0.04  0.03  0.04  0.01  0.03  0.05  0.06  0.02  0.09  0.09  0.09  0.02  0.03  0.06  0.06  0.05  0.02  0.02  0.08  
259   Q     0.1   0.1   0.05  0.05  0.01  0.06  0.06  0.07  0.02  0.05  0.06  0.04  0.03  0.03  0.05  0.06  0.07  0.01  0.02  0.06  
260   E     0.06  0.05  0.03  0.04  0.01  0.05  0.1   0.08  0.05  0.03  0.09  0.08  0.01  0.02  0.04  0.09  0.05  0.01  0.02  0.07  
261   K     0.07  0.05  0.08  0.04  0.02  0.05  0.08  0.09  0.01  0.05  0.06  0.1   0.01  0.02  0.04  0.09  0.06  0.01  0.02  0.06  
262   S     0.11  0.07  0.04  0.05  0.01  0.04  0.06  0.06  0.03  0.03  0.09  0.07  0.01  0.03  0.07  0.06  0.08  0.01  0.04  0.05  
263   E     0.03  0.01  0.04  0.05  0.0   0.05  0.16  0.05  0.0   0.01  0.02  0.25  0.0   0.01  0.19  0.07  0.04  0.0   0.0   0.01  
264   K     0.11  0.0   0.11  0.0   0.01  0.01  0.03  0.03  0.01  0.02  0.0   0.07  0.0   0.0   0.46  0.07  0.06  0.0   0.0   0.01  
265   R     0.03  0.05  0.01  0.0   0.0   0.0   0.0   0.79  0.0   0.0   0.04  0.05  0.0   0.0   0.0   0.0   0.01  0.0   0.0   0.0   
266   L     0.01  0.01  0.0   0.0   0.03  0.01  0.01  0.01  0.01  0.13  0.54  0.02  0.03  0.11  0.0   0.01  0.0   0.01  0.02  0.04  
267   Y     0.01  0.0   0.0   0.0   0.0   0.0   0.0   0.0   0.01  0.0   0.0   0.0   0.01  0.15  0.0   0.0   0.0   0.0   0.82  0.0   
268   N     0.0   0.03  0.09  0.31  0.0   0.01  0.01  0.11  0.01  0.0   0.0   0.0   0.0   0.0   0.0   0.24  0.18  0.0   0.02  0.0   
269   M     0.0   0.0   0.0   0.0   0.0   0.0   0.0   0.0   0.0   0.07  0.09  0.0   0.73  0.03  0.0   0.0   0.05  0.0   0.0   0.03  
270   I     0.04  0.09  0.06  0.1   0.0   0.18  0.1   0.03  0.0   0.05  0.05  0.07  0.02  0.07  0.0   0.09  0.03  0.0   0.01  0.0   
271   D     0.01  0.0   0.04  0.84  0.01  0.02  0.02  0.0   0.04  0.0   0.0   0.02  0.0   0.0   0.0   0.0   0.0   0.0   0.0   0.0   
272   V     0.02  0.0   0.01  0.0   0.03  0.0   0.0   0.0   0.0   0.13  0.04  0.0   0.06  0.09  0.0   0.0   0.02  0.0   0.0   0.61  
273   L     0.0   0.0   0.0   0.0   0.0   0.0   0.0   0.0   0.0   0.04  0.93  0.0   0.0   0.01  0.0   0.0   0.0   0.0   0.0   0.02  
274   E     0.0   0.09  0.21  0.2   0.0   0.03  0.09  0.18  0.0   0.0   0.0   0.1   0.0   0.04  0.0   0.02  0.0   0.0   0.03  0.0   
275   G     0.0   0.0   0.0   0.02  0.0   0.0   0.22  0.07  0.0   0.02  0.58  0.05  0.02  0.0   0.0   0.01  0.0   0.0   0.0   0.0   
276   G     0.0   0.01  0.48  0.05  0.0   0.03  0.01  0.24  0.01  0.0   0.0   0.14  0.0   0.0   0.0   0.01  0.0   0.0   0.0   0.0   
277   S     0.05  0.0   0.29  0.25  0.0   0.02  0.1   0.0   0.0   0.0   0.0   0.0   0.0   0.0   0.0   0.2   0.09  0.0   0.01  0.0   
278   M     0.04  0.0   0.0   0.0   0.0   0.0   0.0   0.0   0.0   0.09  0.47  0.16  0.19  0.0   0.0   0.0   0.0   0.0   0.0   0.05  
279   R     0.0   0.52  0.0   0.0   0.0   0.19  0.0   0.0   0.0   0.0   0.0   0.29  0.0   0.0   0.0   0.0   0.0   0.0   0.0   0.0   
