             A     R     N     D     C     Q     E     G     H     I     L     K     M     F     P     S     T     W     Y     V
1     E     0.0   0.0   0.0   0.13  0.0   0.0   0.87  0.0   0.0   0.0   0.0   0.0   0.0   0.0   0.0   0.0   0.0   0.0   0.0   0.0   
2     K     0.0   0.43  0.0   0.0   0.0   0.0   0.0   0.0   0.0   0.0   0.0   0.57  0.0   0.0   0.0   0.0   0.0   0.0   0.0   0.0   
3     I     0.0   0.0   0.0   0.0   0.0   0.0   0.0   0.0   0.0   0.28  0.0   0.0   0.0   0.0   0.0   0.0   0.0   0.0   0.0   0.72  
4     I     0.0   0.0   0.0   0.0   0.0   0.0   0.0   0.0   0.0   0.71  0.29  0.0   0.0   0.0   0.0   0.0   0.0   0.0   0.0   0.0   
5     Y     0.0   0.0   0.0   0.0   0.0   0.0   0.0   0.0   0.0   0.0   0.0   0.0   0.0   0.0   0.0   0.0   0.0   0.0   1.0   0.0   
6     F     0.0   0.0   0.0   0.0   0.0   0.0   0.0   0.0   0.0   0.0   0.0   0.0   0.0   0.92  0.0   0.0   0.0   0.0   0.08  0.0   
7     A     0.89  0.0   0.0   0.0   0.0   0.0   0.0   0.03  0.0   0.0   0.0   0.0   0.0   0.0   0.0   0.08  0.0   0.0   0.0   0.0   
8     A     0.56  0.0   0.0   0.0   0.0   0.0   0.0   0.0   0.08  0.0   0.0   0.0   0.0   0.0   0.0   0.36  0.0   0.0   0.0   0.0   
9     Y     0.0   0.0   0.1   0.0   0.0   0.0   0.0   0.0   0.0   0.0   0.0   0.0   0.0   0.08  0.0   0.07  0.0   0.0   0.75  0.0   
10    V     0.0   0.0   0.0   0.0   0.0   0.0   0.0   0.0   0.0   0.43  0.0   0.0   0.46  0.0   0.0   0.0   0.0   0.0   0.0   0.1   
11    I     0.0   0.0   0.0   0.0   0.0   0.0   0.0   0.0   0.0   0.72  0.0   0.0   0.0   0.0   0.0   0.0   0.0   0.0   0.0   0.28  
12    T     0.0   0.0   0.0   0.0   0.0   0.0   0.0   0.0   0.0   0.05  0.0   0.0   0.0   0.0   0.0   0.0   0.73  0.0   0.0   0.22  
13    S     0.13  0.0   0.0   0.13  0.0   0.0   0.08  0.01  0.07  0.0   0.0   0.06  0.0   0.01  0.0   0.39  0.01  0.1   0.0   0.0   
14    V     0.0   0.0   0.0   0.0   0.0   0.0   0.0   0.0   0.0   0.0   0.06  0.0   0.0   0.0   0.0   0.0   0.0   0.0   0.0   0.94  
15    D     0.0   0.0   0.12  0.79  0.0   0.0   0.0   0.0   0.0   0.0   0.0   0.09  0.0   0.0   0.0   0.0   0.0   0.0   0.0   0.0   
16    E     0.03  0.07  0.0   0.25  0.0   0.0   0.58  0.0   0.0   0.01  0.0   0.0   0.0   0.0   0.0   0.0   0.06  0.0   0.0   0.0   
17    E     0.02  0.0   0.0   0.21  0.0   0.03  0.68  0.0   0.0   0.0   0.06  0.0   0.0   0.0   0.0   0.0   0.0   0.0   0.0   0.0   
18    M     0.45  0.03  0.0   0.0   0.0   0.05  0.03  0.16  0.0   0.0   0.05  0.0   0.17  0.0   0.0   0.03  0.0   0.0   0.0   0.04  
19    R     0.0   0.78  0.0   0.0   0.0   0.0   0.0   0.0   0.0   0.0   0.15  0.07  0.0   0.0   0.0   0.0   0.0   0.0   0.0   0.0   
20    H     0.22  0.0   0.0   0.0   0.0   0.1   0.02  0.06  0.53  0.0   0.0   0.06  0.0   0.0   0.0   0.0   0.01  0.0   0.0   0.0   
21    N     0.05  0.18  0.27  0.03  0.0   0.08  0.12  0.0   0.04  0.0   0.0   0.08  0.0   0.0   0.0   0.04  0.03  0.0   0.0   0.09  
22    E     0.21  0.04  0.0   0.57  0.0   0.0   0.12  0.0   0.0   0.0   0.0   0.0   0.0   0.0   0.0   0.0   0.0   0.0   0.0   0.06  
23    L     0.0   0.22  0.0   0.0   0.0   0.1   0.0   0.0   0.0   0.15  0.46  0.0   0.06  0.01  0.0   0.0   0.0   0.0   0.0   0.0   
24    S     0.04  0.0   0.0   0.07  0.0   0.06  0.24  0.0   0.0   0.0   0.0   0.08  0.0   0.0   0.32  0.16  0.04  0.0   0.0   0.0   
25    T     0.07  0.07  0.1   0.19  0.0   0.06  0.0   0.07  0.0   0.0   0.0   0.0   0.09  0.0   0.0   0.11  0.24  0.0   0.0   0.0   
26    L     0.0   0.0   0.0   0.0   0.0   0.0   0.0   0.0   0.0   0.06  0.83  0.0   0.06  0.0   0.0   0.0   0.0   0.0   0.0   0.05  
27    E     0.0   0.07  0.0   0.0   0.0   0.35  0.52  0.0   0.0   0.0   0.0   0.06  0.0   0.0   0.0   0.0   0.0   0.0   0.0   0.0   
28    A     0.43  0.0   0.13  0.05  0.0   0.09  0.09  0.02  0.0   0.0   0.0   0.0   0.0   0.0   0.0   0.0   0.06  0.0   0.0   0.12  
29    E     0.03  0.04  0.0   0.08  0.0   0.12  0.62  0.01  0.02  0.0   0.01  0.04  0.0   0.0   0.0   0.01  0.0   0.0   0.0   0.01  
30    M     0.01  0.0   0.0   0.0   0.0   0.0   0.01  0.01  0.06  0.16  0.11  0.0   0.17  0.14  0.0   0.01  0.0   0.0   0.18  0.12  
31    A     0.11  0.17  0.0   0.2   0.0   0.04  0.1   0.14  0.0   0.0   0.11  0.0   0.02  0.02  0.0   0.05  0.0   0.0   0.0   0.02  
32    V     0.11  0.03  0.03  0.0   0.0   0.02  0.14  0.01  0.03  0.04  0.24  0.0   0.02  0.0   0.0   0.03  0.03  0.0   0.0   0.25  
33    E     0.01  0.16  0.0   0.06  0.0   0.0   0.65  0.01  0.0   0.0   0.01  0.07  0.0   0.0   0.0   0.01  0.0   0.0   0.0   0.01  
34    R     0.01  0.35  0.0   0.0   0.0   0.0   0.01  0.01  0.0   0.2   0.01  0.31  0.0   0.0   0.0   0.03  0.03  0.0   0.0   0.03  
35    K     0.03  0.13  0.0   0.0   0.0   0.16  0.13  0.02  0.0   0.0   0.01  0.46  0.0   0.0   0.0   0.03  0.0   0.0   0.0   0.01  
36    A     0.05  0.13  0.05  0.12  0.0   0.29  0.09  0.01  0.02  0.0   0.01  0.09  0.0   0.0   0.0   0.02  0.06  0.0   0.0   0.03  
37    V     0.0   0.0   0.0   0.0   0.0   0.0   0.0   0.0   0.0   0.36  0.44  0.0   0.0   0.0   0.0   0.02  0.0   0.0   0.0   0.18  
38    E     0.07  0.06  0.0   0.0   0.0   0.18  0.53  0.0   0.0   0.02  0.0   0.0   0.0   0.0   0.0   0.11  0.0   0.0   0.0   0.04  
39    D     0.09  0.03  0.03  0.35  0.0   0.2   0.06  0.0   0.0   0.0   0.0   0.16  0.0   0.0   0.0   0.08  0.0   0.0   0.0   0.0   
40    Q     0.06  0.18  0.04  0.15  0.0   0.33  0.08  0.0   0.0   0.0   0.0   0.1   0.0   0.0   0.0   0.02  0.04  0.0   0.0   0.0   
41    R     0.18  0.62  0.0   0.0   0.06  0.0   0.0   0.0   0.0   0.06  0.0   0.04  0.03  0.0   0.0   0.0   0.0   0.0   0.0   0.01  
42    D     0.0   0.0   0.1   0.54  0.0   0.0   0.21  0.0   0.0   0.06  0.0   0.0   0.0   0.0   0.0   0.0   0.0   0.0   0.0   0.08  
43    G     0.37  0.0   0.03  0.0   0.0   0.02  0.24  0.03  0.0   0.0   0.01  0.0   0.0   0.0   0.0   0.3   0.0   0.0   0.0   0.01  
44    E     0.02  0.06  0.0   0.4   0.0   0.09  0.25  0.0   0.0   0.0   0.0   0.12  0.0   0.0   0.0   0.07  0.0   0.0   0.0   0.0   
45    L     0.01  0.16  0.0   0.0   0.0   0.07  0.01  0.01  0.0   0.45  0.18  0.0   0.0   0.0   0.0   0.01  0.0   0.0   0.0   0.08  
46    E     0.28  0.0   0.03  0.02  0.0   0.0   0.32  0.07  0.0   0.16  0.01  0.0   0.0   0.0   0.0   0.01  0.07  0.0   0.0   0.01  
47    A     0.3   0.0   0.0   0.05  0.0   0.0   0.42  0.02  0.0   0.0   0.01  0.02  0.0   0.0   0.0   0.06  0.06  0.0   0.0   0.02  
48    R     0.12  0.47  0.0   0.0   0.0   0.0   0.0   0.0   0.0   0.08  0.16  0.15  0.0   0.0   0.0   0.0   0.0   0.0   0.0   0.02  
49    A     0.49  0.02  0.0   0.0   0.0   0.12  0.0   0.08  0.02  0.0   0.05  0.0   0.0   0.0   0.0   0.16  0.0   0.0   0.0   0.06  
50    Q     0.12  0.13  0.0   0.0   0.0   0.14  0.03  0.04  0.0   0.0   0.0   0.17  0.0   0.0   0.0   0.14  0.22  0.0   0.0   0.02  
51    K     0.0   0.15  0.0   0.1   0.0   0.16  0.14  0.0   0.0   0.0   0.07  0.35  0.0   0.0   0.0   0.0   0.04  0.0   0.0   0.0   
52    L     0.0   0.0   0.0   0.0   0.0   0.0   0.0   0.0   0.0   0.0   0.87  0.0   0.0   0.0   0.0   0.0   0.0   0.0   0.0   0.13  
53    E     0.0   0.0   0.0   0.08  0.0   0.0   0.63  0.0   0.0   0.0   0.0   0.0   0.0   0.0   0.0   0.06  0.23  0.0   0.0   0.0   
54    A     0.2   0.06  0.04  0.01  0.0   0.19  0.16  0.04  0.0   0.0   0.0   0.15  0.0   0.0   0.0   0.0   0.16  0.0   0.0   0.0   
55    D     0.0   0.15  0.0   0.74  0.0   0.0   0.06  0.0   0.0   0.0   0.0   0.0   0.0   0.0   0.0   0.0   0.06  0.0   0.0   0.0   
56    L     0.0   0.0   0.0   0.0   0.0   0.0   0.0   0.0   0.0   0.16  0.73  0.0   0.03  0.0   0.0   0.0   0.0   0.0   0.0   0.08  
57    A     0.67  0.0   0.0   0.0   0.0   0.0   0.0   0.16  0.0   0.0   0.0   0.03  0.0   0.0   0.0   0.07  0.07  0.0   0.0   0.0   
58    E     0.18  0.06  0.0   0.0   0.0   0.14  0.35  0.16  0.0   0.0   0.0   0.04  0.0   0.0   0.0   0.0   0.0   0.0   0.0   0.07  
59    L     0.0   0.0   0.0   0.0   0.0   0.0   0.0   0.0   0.0   0.07  0.6   0.0   0.3   0.0   0.0   0.0   0.0   0.0   0.0   0.03  
60    E     0.0   0.0   0.0   0.0   0.0   0.06  0.82  0.0   0.0   0.0   0.01  0.07  0.0   0.0   0.0   0.0   0.0   0.0   0.0   0.0   
61    A     0.46  0.01  0.0   0.06  0.0   0.02  0.11  0.13  0.0   0.01  0.01  0.01  0.0   0.0   0.01  0.11  0.05  0.0   0.0   0.01  
62    E     0.17  0.01  0.02  0.12  0.0   0.02  0.55  0.01  0.0   0.01  0.01  0.01  0.0   0.01  0.01  0.01  0.01  0.0   0.01  0.01  
63    G     0.01  0.01  0.07  0.09  0.0   0.01  0.01  0.58  0.0   0.01  0.01  0.06  0.0   0.01  0.01  0.08  0.01  0.0   0.01  0.01  
64    A     0.78  0.0   0.0   0.0   0.0   0.0   0.0   0.03  0.0   0.0   0.0   0.0   0.0   0.0   0.0   0.07  0.06  0.0   0.0   0.03  
65    K     0.0   0.0   0.0   0.0   0.0   0.12  0.0   0.0   0.0   0.0   0.0   0.58  0.06  0.0   0.07  0.06  0.09  0.0   0.0   0.0   
66    A     0.41  0.05  0.01  0.07  0.0   0.0   0.07  0.12  0.0   0.03  0.04  0.0   0.0   0.0   0.0   0.1   0.0   0.0   0.0   0.09  
67    D     0.1   0.0   0.0   0.4   0.0   0.0   0.15  0.06  0.0   0.0   0.0   0.0   0.0   0.0   0.03  0.19  0.08  0.0   0.0   0.0   
68    A     0.41  0.06  0.0   0.06  0.0   0.06  0.05  0.0   0.0   0.0   0.07  0.0   0.0   0.0   0.0   0.0   0.18  0.0   0.0   0.12  
69    R     0.0   0.34  0.0   0.0   0.0   0.16  0.0   0.0   0.0   0.14  0.06  0.23  0.0   0.0   0.0   0.0   0.07  0.0   0.0   0.0   
70    R     0.02  0.54  0.15  0.0   0.0   0.0   0.13  0.0   0.0   0.0   0.0   0.1   0.0   0.0   0.0   0.0   0.05  0.0   0.0   0.0   
71    K     0.0   0.18  0.0   0.07  0.0   0.13  0.0   0.0   0.0   0.0   0.0   0.58  0.0   0.0   0.0   0.04  0.0   0.0   0.0   0.0   
72    V     0.1   0.0   0.0   0.0   0.0   0.0   0.0   0.0   0.0   0.2   0.1   0.0   0.0   0.01  0.0   0.0   0.11  0.0   0.07  0.42  
73    R     0.07  0.48  0.0   0.0   0.0   0.13  0.05  0.01  0.06  0.0   0.01  0.15  0.0   0.0   0.0   0.0   0.0   0.0   0.0   0.0   
74    D     0.02  0.13  0.15  0.34  0.0   0.0   0.24  0.01  0.0   0.0   0.01  0.02  0.0   0.0   0.0   0.06  0.0   0.0   0.0   0.0   
75    G     0.15  0.0   0.0   0.13  0.0   0.11  0.13  0.22  0.0   0.0   0.01  0.0   0.0   0.0   0.0   0.19  0.03  0.0   0.0   0.0   
76    G     0.6   0.0   0.0   0.0   0.0   0.0   0.0   0.11  0.0   0.05  0.01  0.0   0.0   0.15  0.0   0.0   0.0   0.0   0.05  0.0   
77    E     0.06  0.05  0.0   0.16  0.0   0.0   0.65  0.0   0.0   0.0   0.0   0.0   0.0   0.0   0.0   0.08  0.0   0.0   0.0   0.0   
78    R     0.0   0.54  0.06  0.0   0.0   0.0   0.18  0.0   0.0   0.0   0.0   0.14  0.0   0.0   0.0   0.0   0.08  0.0   0.0   0.0   
79    E     0.0   0.0   0.0   0.05  0.0   0.19  0.61  0.0   0.0   0.0   0.0   0.06  0.0   0.0   0.0   0.0   0.09  0.0   0.0   0.0   
80    M     0.0   0.19  0.0   0.0   0.0   0.0   0.0   0.0   0.0   0.09  0.02  0.0   0.59  0.0   0.0   0.0   0.0   0.0   0.11  0.0   
81    R     0.26  0.33  0.0   0.05  0.0   0.12  0.15  0.05  0.0   0.0   0.0   0.05  0.0   0.0   0.0   0.0   0.0   0.0   0.0   0.0   
82    Q     0.08  0.11  0.14  0.07  0.0   0.38  0.11  0.0   0.12  0.0   0.0   0.0   0.0   0.0   0.0   0.0   0.0   0.0   0.0   0.0   
83    I     0.0   0.0   0.0   0.0   0.0   0.0   0.0   0.0   0.0   0.55  0.28  0.0   0.08  0.0   0.0   0.0   0.02  0.0   0.0   0.06  
84    R     0.0   0.72  0.0   0.0   0.0   0.0   0.17  0.0   0.0   0.0   0.0   0.07  0.0   0.0   0.0   0.0   0.0   0.0   0.0   0.05  
85    D     0.0   0.14  0.0   0.35  0.0   0.03  0.21  0.05  0.0   0.0   0.0   0.16  0.0   0.0   0.0   0.0   0.07  0.0   0.0   0.0   
86    R     0.02  0.53  0.0   0.08  0.0   0.0   0.28  0.0   0.0   0.0   0.0   0.0   0.0   0.0   0.0   0.09  0.0   0.0   0.0   0.0   
87    A     0.5   0.0   0.0   0.0   0.0   0.0   0.0   0.01  0.0   0.19  0.0   0.0   0.07  0.05  0.0   0.03  0.0   0.0   0.13  0.01  
88    Q     0.04  0.0   0.09  0.35  0.0   0.32  0.13  0.0   0.0   0.0   0.0   0.0   0.0   0.0   0.0   0.07  0.0   0.0   0.0   0.0   
89    R     0.24  0.38  0.0   0.11  0.0   0.0   0.14  0.0   0.0   0.0   0.08  0.01  0.0   0.0   0.0   0.04  0.0   0.0   0.0   0.0   
90    E     0.0   0.0   0.0   0.1   0.0   0.16  0.45  0.0   0.0   0.0   0.19  0.1   0.0   0.0   0.0   0.0   0.0   0.0   0.0   0.0   
91    L     0.11  0.11  0.0   0.0   0.0   0.0   0.0   0.0   0.0   0.63  0.12  0.0   0.0   0.0   0.0   0.0   0.0   0.0   0.0   0.03  
92    D     0.06  0.0   0.0   0.47  0.0   0.02  0.39  0.0   0.0   0.0   0.0   0.03  0.0   0.0   0.0   0.02  0.0   0.0   0.0   0.0   
93    R     0.0   0.61  0.0   0.04  0.0   0.13  0.0   0.0   0.12  0.0   0.07  0.01  0.0   0.0   0.0   0.0   0.0   0.0   0.03  0.0   
94    L     0.0   0.0   0.0   0.0   0.0   0.0   0.0   0.0   0.0   0.11  0.84  0.02  0.0   0.0   0.0   0.0   0.0   0.0   0.0   0.03  
95    E     0.04  0.18  0.0   0.29  0.0   0.0   0.38  0.0   0.0   0.0   0.0   0.08  0.0   0.0   0.0   0.02  0.0   0.0   0.0   0.0   
96    D     0.1   0.23  0.0   0.11  0.0   0.08  0.39  0.0   0.0   0.0   0.0   0.03  0.0   0.0   0.0   0.05  0.02  0.0   0.0   0.0   
97    I     0.07  0.05  0.0   0.05  0.0   0.0   0.0   0.0   0.0   0.19  0.15  0.0   0.05  0.0   0.0   0.0   0.0   0.0   0.0   0.45  
98    W     0.01  0.0   0.0   0.0   0.0   0.09  0.0   0.01  0.0   0.0   0.14  0.0   0.0   0.14  0.0   0.01  0.0   0.57  0.0   0.0   
99    S     0.01  0.01  0.14  0.35  0.0   0.05  0.26  0.01  0.0   0.01  0.01  0.01  0.0   0.01  0.01  0.03  0.05  0.0   0.01  0.01  
100   T     0.01  0.26  0.01  0.01  0.0   0.01  0.22  0.01  0.0   0.01  0.01  0.06  0.0   0.01  0.01  0.09  0.24  0.0   0.01  0.01  
101   F     0.02  0.01  0.01  0.01  0.0   0.01  0.01  0.02  0.0   0.01  0.08  0.01  0.0   0.73  0.01  0.02  0.01  0.0   0.01  0.01  
102   T     0.02  0.1   0.01  0.01  0.0   0.08  0.01  0.02  0.0   0.09  0.02  0.38  0.0   0.01  0.01  0.08  0.11  0.0   0.01  0.04  
103   K     0.08  0.01  0.21  0.02  0.01  0.01  0.02  0.04  0.01  0.01  0.03  0.26  0.01  0.01  0.01  0.09  0.15  0.0   0.01  0.02  
104   L     0.02  0.01  0.01  0.01  0.0   0.01  0.01  0.02  0.0   0.08  0.69  0.01  0.05  0.01  0.01  0.01  0.01  0.0   0.01  0.01  
105   A     0.18  0.01  0.01  0.01  0.0   0.01  0.11  0.09  0.0   0.01  0.01  0.5   0.0   0.01  0.01  0.02  0.01  0.0   0.0   0.01  
106   P     0.01  0.01  0.01  0.01  0.0   0.06  0.01  0.01  0.0   0.08  0.01  0.01  0.0   0.01  0.36  0.01  0.01  0.0   0.0   0.38  
107   K     0.07  0.08  0.02  0.07  0.0   0.14  0.0   0.3   0.0   0.0   0.0   0.29  0.0   0.0   0.0   0.0   0.02  0.0   0.0   0.0   
108   Q     0.07  0.0   0.0   0.35  0.0   0.28  0.08  0.14  0.0   0.0   0.0   0.0   0.0   0.0   0.0   0.0   0.06  0.0   0.0   0.0   
109   L     0.06  0.0   0.09  0.0   0.0   0.0   0.0   0.0   0.0   0.07  0.6   0.0   0.18  0.0   0.0   0.0   0.0   0.0   0.0   0.0   
110   I     0.19  0.0   0.0   0.0   0.0   0.0   0.28  0.0   0.0   0.2   0.09  0.05  0.02  0.0   0.0   0.0   0.0   0.0   0.05  0.11  
111   V     0.08  0.03  0.0   0.23  0.0   0.0   0.06  0.23  0.0   0.04  0.09  0.0   0.0   0.0   0.1   0.03  0.02  0.0   0.0   0.1   
112   D     0.0   0.0   0.0   0.61  0.0   0.0   0.3   0.0   0.0   0.0   0.0   0.0   0.0   0.0   0.0   0.0   0.09  0.0   0.0   0.0   
113   E     0.0   0.0   0.0   0.3   0.0   0.0   0.62  0.0   0.0   0.0   0.0   0.0   0.0   0.0   0.0   0.0   0.0   0.0   0.0   0.08  
114   N     0.08  0.0   0.14  0.13  0.0   0.02  0.07  0.07  0.0   0.21  0.13  0.03  0.02  0.0   0.0   0.0   0.06  0.0   0.0   0.05  
115   L     0.0   0.0   0.0   0.03  0.0   0.09  0.0   0.0   0.0   0.06  0.67  0.0   0.0   0.0   0.0   0.0   0.0   0.0   0.0   0.15  
116   Y     0.0   0.0   0.0   0.0   0.0   0.0   0.0   0.0   0.0   0.0   0.0   0.0   0.0   0.31  0.0   0.0   0.0   0.08  0.62  0.0   
117   R     0.0   0.75  0.04  0.03  0.0   0.0   0.04  0.0   0.03  0.0   0.0   0.0   0.0   0.0   0.0   0.02  0.0   0.0   0.09  0.0   
118   E     0.04  0.0   0.0   0.06  0.0   0.03  0.77  0.0   0.0   0.1   0.0   0.0   0.0   0.0   0.0   0.0   0.0   0.0   0.0   0.0   
119   L     0.0   0.0   0.0   0.0   0.0   0.0   0.0   0.0   0.0   0.0   0.65  0.0   0.29  0.0   0.0   0.0   0.0   0.0   0.0   0.06  
120   V     0.0   0.32  0.0   0.0   0.0   0.14  0.07  0.0   0.0   0.02  0.04  0.22  0.0   0.0   0.0   0.0   0.01  0.0   0.02  0.16  
121   D     0.0   0.0   0.02  0.82  0.0   0.12  0.02  0.0   0.0   0.0   0.0   0.0   0.0   0.0   0.0   0.02  0.0   0.0   0.0   0.0   
122   R     0.0   0.85  0.0   0.0   0.0   0.0   0.0   0.0   0.0   0.0   0.1   0.02  0.0   0.0   0.0   0.0   0.0   0.02  0.0   0.0   
123   Y     0.1   0.0   0.0   0.0   0.0   0.0   0.0   0.0   0.0   0.0   0.0   0.0   0.0   0.43  0.0   0.0   0.0   0.0   0.47  0.0   
124   G     0.0   0.0   0.0   0.0   0.0   0.0   0.12  0.68  0.0   0.0   0.0   0.0   0.0   0.0   0.1   0.1   0.0   0.0   0.0   0.0   
125   E     0.02  0.0   0.1   0.33  0.0   0.07  0.13  0.0   0.0   0.03  0.07  0.06  0.06  0.0   0.0   0.02  0.01  0.0   0.1   0.0   
126   Y     0.0   0.0   0.0   0.0   0.0   0.0   0.0   0.0   0.0   0.0   0.0   0.0   0.0   0.0   0.0   0.0   0.1   0.0   0.8   0.1   
127   F     0.0   0.0   0.0   0.0   0.0   0.0   0.0   0.0   0.0   0.0   0.0   0.0   0.0   1.0   0.0   0.0   0.0   0.0   0.0   0.0   
128   T     0.0   0.11  0.0   0.13  0.0   0.0   0.42  0.0   0.0   0.0   0.0   0.1   0.0   0.0   0.0   0.0   0.24  0.0   0.0   0.0   
129   G     0.32  0.0   0.0   0.0   0.0   0.0   0.0   0.68  0.0   0.0   0.0   0.0   0.0   0.0   0.0   0.0   0.0   0.0   0.0   0.0   
130   A     0.09  0.0   0.0   0.1   0.14  0.0   0.0   0.33  0.05  0.0   0.0   0.0   0.0   0.03  0.0   0.26  0.0   0.0   0.0   0.0   
131   M     0.0   0.0   0.0   0.0   0.0   0.0   0.0   0.0   0.0   0.0   0.0   0.0   1.0   0.0   0.0   0.0   0.0   0.0   0.0   0.0   
