             A     R     N     D     C     Q     E     G     H     I     L     K     M     F     P     S     T     W     Y     V
1     A     0.54  0.0   0.0   0.0   0.0   0.0   0.0   0.0   0.0   0.0   0.0   0.0   0.0   0.0   0.0   0.46  0.0   0.0   0.0   0.0   
2     Y     0.06  0.0   0.0   0.0   0.0   0.0   0.0   0.0   0.0   0.28  0.0   0.0   0.0   0.38  0.0   0.0   0.0   0.0   0.21  0.07  
3     R     0.0   0.17  0.0   0.0   0.0   0.04  0.0   0.0   0.0   0.0   0.15  0.35  0.0   0.05  0.09  0.12  0.04  0.0   0.0   0.0   
4     I     0.0   0.0   0.0   0.0   0.0   0.0   0.0   0.0   0.0   0.47  0.38  0.0   0.0   0.0   0.0   0.0   0.0   0.0   0.0   0.16  
5     A     0.49  0.0   0.02  0.0   0.0   0.0   0.0   0.15  0.06  0.0   0.1   0.0   0.0   0.0   0.0   0.18  0.0   0.0   0.0   0.0   
6     P     0.03  0.0   0.0   0.0   0.0   0.0   0.0   0.0   0.0   0.05  0.0   0.0   0.0   0.0   0.81  0.04  0.0   0.0   0.0   0.07  
7     S     0.0   0.0   0.0   0.0   0.0   0.0   0.0   0.07  0.0   0.0   0.1   0.0   0.0   0.0   0.0   0.83  0.0   0.0   0.0   0.0   
8     I     0.0   0.0   0.0   0.0   0.0   0.0   0.0   0.0   0.0   0.63  0.32  0.0   0.02  0.0   0.0   0.0   0.0   0.0   0.0   0.03  
9     L     0.06  0.0   0.05  0.0   0.0   0.0   0.0   0.0   0.05  0.0   0.73  0.0   0.11  0.0   0.0   0.0   0.0   0.0   0.0   0.0   
10    S     0.21  0.05  0.04  0.05  0.04  0.05  0.0   0.07  0.0   0.0   0.0   0.0   0.0   0.0   0.0   0.49  0.0   0.0   0.0   0.0   
11    A     0.57  0.0   0.0   0.0   0.05  0.0   0.0   0.12  0.0   0.0   0.0   0.0   0.04  0.1   0.0   0.12  0.0   0.0   0.0   0.0   
12    D     0.0   0.0   0.18  0.75  0.0   0.07  0.0   0.0   0.0   0.0   0.0   0.0   0.0   0.0   0.0   0.0   0.0   0.0   0.0   0.0   
13    F     0.0   0.0   0.0   0.0   0.0   0.0   0.0   0.0   0.0   0.0   0.16  0.05  0.0   0.62  0.06  0.0   0.0   0.08  0.0   0.0   
14    A     0.43  0.0   0.0   0.0   0.0   0.0   0.0   0.07  0.0   0.06  0.09  0.0   0.03  0.0   0.0   0.14  0.03  0.02  0.0   0.09  
15    R     0.1   0.21  0.18  0.03  0.09  0.0   0.0   0.0   0.11  0.03  0.05  0.08  0.0   0.0   0.0   0.09  0.0   0.0   0.0   0.0   
16    L     0.0   0.0   0.0   0.0   0.09  0.0   0.0   0.0   0.0   0.05  0.68  0.0   0.0   0.06  0.0   0.03  0.0   0.0   0.05  0.0   
17    G     0.09  0.1   0.0   0.03  0.0   0.0   0.13  0.54  0.06  0.0   0.0   0.04  0.0   0.0   0.0   0.0   0.02  0.0   0.0   0.0   
18    E     0.06  0.18  0.02  0.09  0.05  0.0   0.31  0.0   0.0   0.0   0.0   0.1   0.0   0.0   0.12  0.05  0.0   0.0   0.0   0.02  
19    E     0.05  0.03  0.0   0.09  0.0   0.19  0.45  0.02  0.0   0.0   0.04  0.02  0.0   0.0   0.0   0.0   0.0   0.0   0.11  0.0   
20    V     0.14  0.0   0.0   0.0   0.12  0.0   0.0   0.0   0.0   0.3   0.22  0.0   0.0   0.05  0.0   0.0   0.04  0.0   0.0   0.12  
21    A     0.08  0.04  0.0   0.02  0.03  0.17  0.07  0.07  0.05  0.0   0.04  0.18  0.0   0.12  0.03  0.0   0.06  0.0   0.0   0.03  
22    N     0.22  0.1   0.08  0.09  0.0   0.12  0.08  0.0   0.0   0.0   0.0   0.11  0.0   0.0   0.0   0.15  0.0   0.0   0.03  0.02  
23    V     0.06  0.0   0.0   0.03  0.0   0.0   0.0   0.0   0.0   0.2   0.21  0.0   0.09  0.08  0.0   0.0   0.03  0.0   0.0   0.28  
24    I     0.01  0.01  0.01  0.07  0.0   0.0   0.32  0.04  0.0   0.16  0.23  0.05  0.0   0.05  0.01  0.01  0.01  0.0   0.0   0.03  
25    A     0.23  0.12  0.12  0.12  0.0   0.04  0.09  0.01  0.0   0.01  0.03  0.16  0.0   0.01  0.01  0.01  0.01  0.0   0.0   0.02  
26    A     0.25  0.0   0.06  0.05  0.0   0.12  0.0   0.07  0.03  0.0   0.14  0.0   0.0   0.0   0.0   0.19  0.03  0.0   0.03  0.0   
27    G     0.0   0.09  0.09  0.05  0.0   0.0   0.0   0.71  0.04  0.0   0.0   0.0   0.0   0.0   0.0   0.02  0.0   0.0   0.0   0.0   
28    A     0.48  0.0   0.0   0.0   0.04  0.15  0.0   0.01  0.0   0.0   0.09  0.0   0.0   0.05  0.0   0.1   0.0   0.0   0.0   0.07  
29    D     0.0   0.09  0.02  0.59  0.0   0.03  0.03  0.05  0.0   0.0   0.0   0.09  0.0   0.0   0.06  0.0   0.04  0.0   0.0   0.0   
30    L     0.0   0.09  0.04  0.0   0.02  0.0   0.0   0.0   0.0   0.05  0.25  0.0   0.02  0.08  0.0   0.05  0.0   0.27  0.08  0.04  
31    I     0.0   0.0   0.0   0.0   0.0   0.0   0.0   0.0   0.0   0.44  0.39  0.0   0.0   0.07  0.0   0.0   0.0   0.0   0.0   0.1   
32    H     0.0   0.0   0.0   0.0   0.0   0.0   0.0   0.0   0.91  0.0   0.0   0.0   0.0   0.09  0.0   0.0   0.0   0.0   0.0   0.0   
33    F     0.0   0.0   0.0   0.0   0.0   0.0   0.0   0.0   0.0   0.17  0.31  0.0   0.02  0.14  0.0   0.0   0.0   0.0   0.14  0.22  
34    D     0.0   0.0   0.0   1.0   0.0   0.0   0.0   0.0   0.0   0.0   0.0   0.0   0.0   0.0   0.0   0.0   0.0   0.0   0.0   0.0   
35    V     0.0   0.0   0.0   0.0   0.0   0.0   0.0   0.0   0.0   0.14  0.15  0.0   0.03  0.0   0.0   0.0   0.0   0.0   0.0   0.69  
36    M     0.01  0.0   0.0   0.0   0.0   0.0   0.06  0.01  0.0   0.0   0.01  0.01  0.86  0.0   0.0   0.01  0.01  0.0   0.0   0.01  
37    D     0.0   0.0   0.0   0.91  0.0   0.0   0.0   0.0   0.0   0.0   0.0   0.09  0.0   0.0   0.0   0.0   0.0   0.0   0.0   0.0   
38    N     0.03  0.0   0.19  0.0   0.0   0.0   0.01  0.52  0.0   0.0   0.01  0.01  0.0   0.09  0.0   0.06  0.05  0.0   0.0   0.01  
39    H     0.0   0.06  0.0   0.0   0.0   0.13  0.0   0.0   0.72  0.0   0.0   0.0   0.0   0.0   0.0   0.05  0.04  0.0   0.0   0.0   
40    Y     0.0   0.0   0.0   0.09  0.0   0.0   0.0   0.0   0.0   0.0   0.0   0.0   0.0   0.71  0.0   0.0   0.0   0.0   0.2   0.0   
41    V     0.0   0.0   0.0   0.0   0.06  0.0   0.0   0.0   0.0   0.14  0.0   0.0   0.0   0.0   0.0   0.0   0.0   0.0   0.0   0.8   
42    P     0.0   0.0   0.05  0.04  0.0   0.0   0.0   0.0   0.05  0.0   0.0   0.06  0.0   0.0   0.78  0.01  0.0   0.0   0.0   0.0   
43    N     0.0   0.0   0.94  0.0   0.0   0.06  0.0   0.0   0.0   0.0   0.0   0.0   0.0   0.0   0.0   0.0   0.0   0.0   0.0   0.0   
44    L     0.0   0.0   0.0   0.0   0.0   0.0   0.0   0.0   0.0   0.35  0.41  0.0   0.0   0.06  0.0   0.0   0.18  0.0   0.0   0.0   
45    T     0.05  0.0   0.0   0.0   0.0   0.0   0.0   0.0   0.0   0.0   0.0   0.0   0.0   0.0   0.0   0.05  0.77  0.0   0.0   0.13  
46    F     0.11  0.0   0.0   0.0   0.0   0.0   0.0   0.0   0.0   0.21  0.11  0.0   0.09  0.39  0.0   0.0   0.0   0.0   0.0   0.09  
47    G     0.0   0.0   0.0   0.0   0.0   0.03  0.0   0.9   0.0   0.0   0.0   0.04  0.0   0.0   0.0   0.03  0.0   0.0   0.0   0.0   
48    P     0.04  0.0   0.0   0.0   0.0   0.03  0.0   0.07  0.04  0.03  0.2   0.0   0.04  0.0   0.48  0.0   0.0   0.0   0.02  0.02  
49    M     0.02  0.04  0.0   0.0   0.03  0.0   0.09  0.13  0.0   0.04  0.11  0.08  0.06  0.03  0.27  0.0   0.0   0.04  0.0   0.03  
50    V     0.13  0.0   0.0   0.0   0.0   0.0   0.0   0.0   0.03  0.35  0.0   0.0   0.0   0.03  0.0   0.0   0.04  0.0   0.04  0.39  
51    C     0.02  0.0   0.0   0.0   0.13  0.0   0.0   0.0   0.0   0.17  0.27  0.0   0.0   0.0   0.0   0.0   0.0   0.0   0.0   0.41  
52    A     0.11  0.12  0.03  0.11  0.0   0.16  0.24  0.0   0.0   0.0   0.0   0.08  0.0   0.0   0.0   0.08  0.07  0.0   0.0   0.0   
53    A     0.27  0.03  0.02  0.0   0.02  0.07  0.19  0.0   0.09  0.0   0.0   0.0   0.0   0.0   0.0   0.24  0.0   0.0   0.03  0.04  
54    L     0.05  0.0   0.0   0.0   0.0   0.0   0.0   0.0   0.0   0.14  0.6   0.0   0.02  0.07  0.0   0.0   0.0   0.0   0.0   0.13  
55    K     0.11  0.39  0.13  0.0   0.0   0.0   0.0   0.01  0.0   0.0   0.07  0.22  0.0   0.0   0.0   0.0   0.03  0.0   0.0   0.0   
56    P     0.03  0.18  0.09  0.06  0.0   0.09  0.03  0.0   0.0   0.0   0.0   0.25  0.0   0.0   0.15  0.07  0.04  0.0   0.0   0.0   
57    Y     0.06  0.06  0.08  0.0   0.0   0.14  0.0   0.0   0.16  0.03  0.09  0.07  0.03  0.0   0.0   0.07  0.0   0.0   0.12  0.09  
58    A     0.08  0.0   0.0   0.0   0.0   0.04  0.0   0.05  0.0   0.21  0.0   0.02  0.0   0.0   0.0   0.09  0.39  0.0   0.02  0.08  
59    S     0.0   0.0   0.0   0.25  0.0   0.02  0.04  0.15  0.02  0.0   0.0   0.08  0.0   0.08  0.08  0.14  0.1   0.0   0.0   0.05  
60    V     0.1   0.01  0.0   0.05  0.0   0.0   0.0   0.0   0.04  0.09  0.31  0.04  0.02  0.1   0.03  0.0   0.08  0.0   0.0   0.13  
61    P     0.0   0.0   0.0   0.07  0.0   0.03  0.0   0.0   0.0   0.0   0.12  0.04  0.0   0.13  0.52  0.0   0.01  0.0   0.02  0.07  
62    I     0.08  0.0   0.0   0.0   0.0   0.0   0.01  0.01  0.0   0.22  0.31  0.0   0.05  0.19  0.0   0.01  0.0   0.0   0.0   0.09  
63    D     0.0   0.0   0.06  0.61  0.0   0.05  0.08  0.0   0.0   0.04  0.0   0.04  0.0   0.0   0.0   0.04  0.05  0.0   0.0   0.0   
64    V     0.05  0.0   0.0   0.0   0.14  0.0   0.0   0.0   0.0   0.04  0.11  0.0   0.03  0.08  0.0   0.0   0.0   0.0   0.0   0.54  
65    H     0.0   0.0   0.0   0.04  0.0   0.0   0.0   0.0   0.75  0.05  0.0   0.11  0.0   0.0   0.05  0.0   0.0   0.0   0.0   0.0   
66    L     0.1   0.0   0.0   0.04  0.0   0.0   0.0   0.0   0.0   0.07  0.66  0.0   0.1   0.04  0.0   0.0   0.0   0.0   0.0   0.0   
67    M     0.04  0.0   0.0   0.0   0.0   0.0   0.0   0.0   0.0   0.04  0.05  0.04  0.79  0.0   0.0   0.0   0.04  0.0   0.0   0.0   
68    V     0.05  0.0   0.0   0.0   0.0   0.0   0.0   0.01  0.0   0.28  0.08  0.0   0.0   0.0   0.04  0.01  0.09  0.0   0.0   0.41  
69    E     0.13  0.03  0.04  0.1   0.02  0.03  0.21  0.05  0.0   0.02  0.0   0.05  0.0   0.0   0.04  0.08  0.05  0.0   0.1   0.05  
70    P     0.12  0.14  0.17  0.08  0.0   0.04  0.1   0.0   0.0   0.0   0.0   0.02  0.0   0.0   0.2   0.03  0.08  0.0   0.0   0.0   
71    V     0.1   0.0   0.0   0.0   0.0   0.04  0.0   0.0   0.0   0.08  0.03  0.0   0.0   0.0   0.38  0.0   0.04  0.0   0.0   0.3   
72    D     0.1   0.0   0.09  0.32  0.0   0.06  0.15  0.0   0.0   0.03  0.03  0.0   0.0   0.1   0.04  0.04  0.0   0.04  0.0   0.0   
73    D     0.04  0.22  0.06  0.17  0.0   0.09  0.05  0.04  0.0   0.0   0.02  0.06  0.0   0.02  0.06  0.04  0.04  0.0   0.07  0.0   
74    L     0.08  0.13  0.0   0.0   0.0   0.03  0.07  0.0   0.0   0.09  0.16  0.0   0.0   0.09  0.0   0.0   0.09  0.15  0.12  0.0   
75    I     0.13  0.0   0.04  0.0   0.04  0.0   0.0   0.0   0.0   0.34  0.03  0.0   0.0   0.04  0.0   0.0   0.0   0.0   0.0   0.4   
76    Q     0.08  0.08  0.09  0.14  0.0   0.09  0.12  0.0   0.0   0.02  0.0   0.08  0.03  0.0   0.2   0.07  0.0   0.0   0.0   0.0   
77    S     0.14  0.0   0.0   0.12  0.0   0.23  0.02  0.04  0.0   0.0   0.12  0.08  0.01  0.03  0.08  0.09  0.0   0.0   0.0   0.04  
78    F     0.16  0.0   0.0   0.0   0.09  0.0   0.0   0.0   0.0   0.07  0.09  0.04  0.03  0.4   0.0   0.0   0.0   0.0   0.12  0.0   
79    A     0.5   0.0   0.0   0.03  0.0   0.0   0.02  0.0   0.0   0.03  0.08  0.0   0.0   0.0   0.0   0.03  0.0   0.0   0.0   0.31  
80    K     0.06  0.08  0.0   0.02  0.0   0.07  0.22  0.0   0.03  0.0   0.07  0.4   0.0   0.0   0.02  0.0   0.0   0.0   0.0   0.03  
81    A     0.58  0.0   0.01  0.0   0.01  0.0   0.07  0.0   0.03  0.04  0.04  0.0   0.0   0.05  0.03  0.07  0.0   0.0   0.06  0.0   
82    G     0.0   0.06  0.05  0.02  0.0   0.03  0.02  0.8   0.0   0.0   0.0   0.0   0.0   0.0   0.0   0.0   0.0   0.0   0.0   0.0   
83    A     0.81  0.0   0.0   0.0   0.0   0.0   0.0   0.0   0.0   0.0   0.0   0.0   0.02  0.0   0.06  0.0   0.0   0.0   0.0   0.11  
84    S     0.03  0.0   0.1   0.56  0.0   0.02  0.0   0.02  0.04  0.0   0.0   0.1   0.0   0.0   0.0   0.09  0.01  0.0   0.03  0.0   
85    I     0.0   0.11  0.03  0.0   0.04  0.07  0.0   0.12  0.0   0.22  0.09  0.0   0.03  0.07  0.0   0.02  0.0   0.05  0.12  0.04  
86    I     0.0   0.0   0.0   0.0   0.0   0.0   0.0   0.0   0.0   0.58  0.05  0.0   0.03  0.07  0.0   0.0   0.0   0.0   0.03  0.23  
87    T     0.01  0.0   0.0   0.01  0.02  0.0   0.01  0.01  0.0   0.14  0.06  0.01  0.0   0.04  0.0   0.2   0.48  0.0   0.0   0.01  
88    F     0.05  0.0   0.0   0.01  0.0   0.0   0.01  0.01  0.0   0.16  0.1   0.01  0.0   0.38  0.0   0.01  0.01  0.0   0.0   0.24  
89    H     0.0   0.0   0.0   0.0   0.0   0.04  0.0   0.0   0.8   0.0   0.08  0.0   0.0   0.0   0.0   0.0   0.0   0.0   0.0   0.05  
90    P     0.19  0.0   0.0   0.05  0.03  0.0   0.0   0.1   0.0   0.08  0.09  0.0   0.0   0.05  0.18  0.06  0.0   0.0   0.05  0.09  
91    E     0.0   0.0   0.0   0.0   0.0   0.0   0.67  0.05  0.0   0.0   0.05  0.0   0.0   0.09  0.0   0.0   0.04  0.0   0.0   0.08  
92    A     0.43  0.0   0.04  0.0   0.0   0.05  0.0   0.04  0.0   0.0   0.0   0.0   0.0   0.0   0.08  0.14  0.06  0.0   0.0   0.13  
93    S     0.05  0.0   0.01  0.04  0.04  0.0   0.12  0.18  0.0   0.03  0.03  0.0   0.0   0.06  0.0   0.14  0.24  0.0   0.0   0.07  
94    R     0.05  0.15  0.05  0.29  0.0   0.05  0.13  0.0   0.0   0.07  0.01  0.07  0.0   0.0   0.04  0.05  0.0   0.0   0.01  0.02  
95    H     0.02  0.0   0.14  0.16  0.0   0.03  0.0   0.0   0.33  0.0   0.05  0.12  0.0   0.02  0.0   0.07  0.03  0.0   0.03  0.0   
96    I     0.16  0.0   0.0   0.0   0.0   0.0   0.0   0.0   0.02  0.25  0.11  0.0   0.0   0.0   0.29  0.08  0.0   0.02  0.0   0.08  
97    D     0.0   0.0   0.0   0.08  0.0   0.02  0.05  0.11  0.2   0.0   0.08  0.18  0.0   0.05  0.05  0.04  0.0   0.0   0.0   0.13  
98    R     0.07  0.36  0.0   0.0   0.0   0.0   0.27  0.06  0.07  0.0   0.01  0.09  0.0   0.0   0.0   0.02  0.02  0.0   0.0   0.01  
99    S     0.19  0.0   0.0   0.0   0.0   0.0   0.0   0.0   0.0   0.07  0.25  0.0   0.0   0.07  0.0   0.05  0.24  0.05  0.0   0.08  
100   L     0.11  0.0   0.0   0.0   0.0   0.0   0.0   0.0   0.0   0.32  0.33  0.0   0.0   0.0   0.0   0.0   0.0   0.0   0.0   0.24  
101   S     0.07  0.03  0.1   0.12  0.01  0.17  0.13  0.02  0.04  0.0   0.0   0.15  0.03  0.0   0.0   0.1   0.03  0.0   0.0   0.0   
102   L     0.14  0.04  0.0   0.06  0.0   0.07  0.27  0.0   0.0   0.04  0.22  0.0   0.03  0.0   0.0   0.02  0.0   0.04  0.08  0.0   
103   I     0.17  0.05  0.0   0.0   0.0   0.0   0.0   0.0   0.0   0.6   0.15  0.0   0.0   0.0   0.0   0.0   0.0   0.0   0.0   0.03  
104   R     0.0   0.36  0.0   0.0   0.0   0.02  0.0   0.12  0.09  0.0   0.04  0.34  0.0   0.0   0.0   0.0   0.0   0.0   0.0   0.03  
105   D     0.07  0.03  0.0   0.04  0.0   0.03  0.35  0.02  0.03  0.05  0.0   0.21  0.0   0.0   0.0   0.12  0.06  0.0   0.0   0.0   
106   M     0.07  0.09  0.12  0.0   0.08  0.01  0.08  0.0   0.11  0.08  0.11  0.06  0.05  0.0   0.0   0.06  0.06  0.0   0.02  0.0   
107   G     0.0   0.0   0.03  0.03  0.0   0.0   0.0   0.78  0.0   0.08  0.04  0.0   0.0   0.0   0.04  0.0   0.0   0.0   0.0   0.0   
108   C     0.18  0.0   0.0   0.0   0.1   0.0   0.0   0.0   0.0   0.09  0.1   0.19  0.14  0.0   0.0   0.0   0.04  0.0   0.0   0.15  
109   Q     0.0   0.08  0.0   0.05  0.0   0.15  0.06  0.0   0.0   0.07  0.05  0.41  0.0   0.0   0.0   0.04  0.02  0.0   0.0   0.05  
110   A     0.43  0.08  0.0   0.0   0.0   0.0   0.0   0.01  0.0   0.0   0.01  0.0   0.0   0.03  0.06  0.03  0.05  0.0   0.0   0.26  
111   G     0.04  0.0   0.0   0.05  0.0   0.0   0.09  0.63  0.0   0.08  0.01  0.0   0.0   0.0   0.0   0.02  0.0   0.0   0.0   0.05  
112   L     0.04  0.0   0.0   0.0   0.05  0.0   0.0   0.0   0.0   0.21  0.36  0.0   0.1   0.05  0.0   0.0   0.0   0.0   0.0   0.16  
113   V     0.43  0.0   0.0   0.0   0.0   0.0   0.0   0.07  0.0   0.03  0.12  0.0   0.0   0.0   0.0   0.17  0.0   0.0   0.0   0.19  
114   L     0.06  0.0   0.0   0.0   0.0   0.0   0.01  0.01  0.0   0.09  0.52  0.0   0.0   0.23  0.0   0.01  0.0   0.0   0.0   0.05  
115   N     0.05  0.02  0.35  0.08  0.04  0.0   0.0   0.0   0.08  0.0   0.0   0.19  0.0   0.0   0.0   0.1   0.0   0.0   0.0   0.09  
116   P     0.0   0.0   0.0   0.07  0.0   0.0   0.0   0.0   0.0   0.05  0.08  0.0   0.0   0.06  0.74  0.0   0.0   0.0   0.0   0.0   
117   A     0.23  0.0   0.04  0.03  0.0   0.0   0.13  0.23  0.07  0.0   0.02  0.08  0.07  0.0   0.0   0.03  0.05  0.0   0.0   0.0   
118   T     0.1   0.0   0.0   0.0   0.0   0.0   0.0   0.0   0.0   0.14  0.0   0.0   0.01  0.0   0.0   0.03  0.69  0.0   0.0   0.0   
119   P     0.07  0.0   0.04  0.0   0.0   0.03  0.0   0.0   0.02  0.0   0.01  0.08  0.0   0.0   0.59  0.12  0.02  0.0   0.0   0.0   
120   V     0.02  0.0   0.0   0.05  0.0   0.0   0.11  0.0   0.0   0.09  0.38  0.0   0.0   0.0   0.0   0.0   0.0   0.0   0.0   0.31  
121   Y     0.03  0.0   0.04  0.2   0.02  0.16  0.37  0.01  0.0   0.0   0.0   0.0   0.0   0.0   0.0   0.1   0.02  0.0   0.01  0.02  
122   V     0.24  0.04  0.05  0.07  0.0   0.0   0.01  0.0   0.0   0.0   0.13  0.0   0.0   0.19  0.04  0.02  0.0   0.02  0.06  0.12  
123   L     0.07  0.0   0.0   0.0   0.0   0.0   0.0   0.0   0.0   0.23  0.45  0.0   0.03  0.0   0.07  0.0   0.0   0.03  0.09  0.03  
124   E     0.03  0.12  0.03  0.13  0.0   0.08  0.37  0.0   0.0   0.03  0.04  0.05  0.0   0.05  0.02  0.04  0.02  0.0   0.0   0.0   
125   N     0.06  0.02  0.03  0.09  0.0   0.02  0.11  0.0   0.08  0.0   0.0   0.05  0.0   0.04  0.18  0.04  0.0   0.0   0.26  0.0   
126   V     0.05  0.07  0.0   0.0   0.0   0.0   0.0   0.0   0.0   0.19  0.21  0.0   0.0   0.1   0.05  0.0   0.02  0.03  0.03  0.23  
127   L     0.17  0.0   0.08  0.0   0.0   0.0   0.04  0.0   0.0   0.06  0.4   0.04  0.06  0.04  0.0   0.0   0.05  0.0   0.0   0.05  
128   D     0.04  0.03  0.03  0.23  0.0   0.06  0.14  0.02  0.03  0.0   0.0   0.07  0.0   0.0   0.24  0.07  0.03  0.0   0.01  0.0   
129   R     0.01  0.01  0.0   0.11  0.0   0.11  0.09  0.04  0.03  0.02  0.07  0.17  0.08  0.04  0.01  0.09  0.03  0.0   0.04  0.02  
130   L     0.16  0.0   0.0   0.0   0.07  0.0   0.0   0.0   0.0   0.09  0.37  0.0   0.0   0.05  0.0   0.0   0.08  0.0   0.0   0.19  
131   D     0.01  0.01  0.01  0.71  0.0   0.01  0.1   0.07  0.0   0.01  0.01  0.01  0.0   0.0   0.01  0.01  0.01  0.0   0.02  0.01  
132   M     0.02  0.0   0.0   0.0   0.0   0.0   0.0   0.11  0.0   0.06  0.21  0.07  0.11  0.13  0.0   0.0   0.03  0.0   0.11  0.14  
133   V     0.14  0.0   0.0   0.0   0.0   0.0   0.06  0.01  0.0   0.2   0.13  0.0   0.0   0.04  0.0   0.0   0.0   0.0   0.0   0.39  
134   L     0.05  0.0   0.0   0.07  0.02  0.04  0.0   0.01  0.0   0.04  0.51  0.0   0.03  0.0   0.0   0.05  0.08  0.0   0.04  0.03  
135   L     0.05  0.0   0.0   0.04  0.0   0.0   0.0   0.0   0.0   0.13  0.41  0.0   0.0   0.0   0.0   0.0   0.0   0.0   0.07  0.31  
136   M     0.0   0.0   0.05  0.0   0.0   0.0   0.0   0.04  0.0   0.11  0.07  0.0   0.68  0.0   0.0   0.05  0.0   0.0   0.0   0.0   
137   S     0.21  0.0   0.0   0.03  0.0   0.0   0.03  0.0   0.0   0.0   0.0   0.0   0.0   0.0   0.09  0.42  0.23  0.0   0.0   0.0   
138   V     0.0   0.0   0.0   0.0   0.0   0.07  0.0   0.0   0.0   0.04  0.07  0.0   0.0   0.0   0.0   0.03  0.0   0.0   0.0   0.79  
139   N     0.0   0.0   0.3   0.03  0.0   0.02  0.3   0.0   0.09  0.0   0.0   0.07  0.0   0.0   0.06  0.0   0.04  0.0   0.07  0.0   
140   P     0.0   0.0   0.0   0.0   0.0   0.0   0.0   0.05  0.0   0.0   0.0   0.0   0.0   0.0   0.77  0.04  0.07  0.0   0.0   0.04  
141   G     0.01  0.01  0.01  0.04  0.0   0.01  0.01  0.76  0.0   0.01  0.01  0.01  0.0   0.01  0.01  0.01  0.09  0.0   0.0   0.01  
142   F     0.0   0.0   0.0   0.0   0.0   0.0   0.0   0.03  0.0   0.0   0.07  0.11  0.0   0.61  0.0   0.0   0.04  0.0   0.11  0.0   
143   G     0.03  0.0   0.0   0.11  0.03  0.03  0.0   0.61  0.0   0.0   0.0   0.0   0.0   0.0   0.06  0.09  0.02  0.0   0.0   0.0   
144   G     0.05  0.01  0.04  0.01  0.0   0.01  0.03  0.68  0.0   0.01  0.08  0.01  0.0   0.01  0.01  0.05  0.01  0.0   0.0   0.01  
145   Q     0.08  0.08  0.01  0.01  0.0   0.68  0.01  0.01  0.0   0.01  0.01  0.04  0.0   0.01  0.01  0.01  0.01  0.0   0.0   0.01  
146   S     0.21  0.05  0.0   0.04  0.0   0.03  0.0   0.0   0.0   0.0   0.0   0.23  0.04  0.0   0.07  0.19  0.0   0.0   0.0   0.14  
147   F     0.0   0.07  0.0   0.0   0.07  0.0   0.07  0.0   0.0   0.07  0.0   0.0   0.03  0.64  0.0   0.0   0.0   0.0   0.02  0.0   
148   I     0.07  0.0   0.06  0.04  0.0   0.03  0.0   0.07  0.0   0.35  0.12  0.0   0.09  0.03  0.0   0.11  0.0   0.0   0.0   0.0   
149   P     0.03  0.0   0.0   0.04  0.0   0.03  0.21  0.0   0.02  0.0   0.0   0.02  0.0   0.0   0.53  0.06  0.04  0.0   0.0   0.0   
150   H     0.12  0.02  0.02  0.15  0.0   0.08  0.14  0.08  0.03  0.02  0.02  0.0   0.0   0.0   0.03  0.23  0.05  0.0   0.0   0.02  
151   T     0.04  0.0   0.0   0.0   0.06  0.04  0.07  0.0   0.0   0.02  0.03  0.0   0.18  0.0   0.06  0.03  0.26  0.0   0.0   0.21  
152   L     0.03  0.07  0.0   0.0   0.03  0.0   0.0   0.0   0.06  0.07  0.37  0.03  0.08  0.08  0.0   0.0   0.06  0.0   0.0   0.1   
153   E     0.14  0.0   0.07  0.08  0.0   0.0   0.26  0.0   0.0   0.0   0.0   0.09  0.0   0.0   0.26  0.05  0.03  0.0   0.0   0.0   
154   K     0.0   0.12  0.07  0.02  0.0   0.1   0.0   0.03  0.0   0.0   0.0   0.51  0.0   0.03  0.03  0.06  0.0   0.0   0.0   0.0   
155   I     0.0   0.0   0.0   0.0   0.02  0.0   0.0   0.0   0.0   0.26  0.3   0.0   0.0   0.0   0.0   0.0   0.06  0.0   0.0   0.33  
156   R     0.17  0.42  0.0   0.0   0.0   0.09  0.06  0.0   0.03  0.0   0.02  0.08  0.0   0.0   0.0   0.07  0.0   0.0   0.0   0.04  
157   Q     0.15  0.08  0.0   0.02  0.0   0.15  0.18  0.0   0.0   0.03  0.0   0.1   0.0   0.06  0.0   0.0   0.07  0.03  0.1   0.0   
158   V     0.13  0.0   0.0   0.0   0.0   0.0   0.0   0.0   0.0   0.1   0.36  0.0   0.0   0.0   0.0   0.0   0.05  0.0   0.0   0.34  
159   R     0.01  0.51  0.0   0.0   0.07  0.0   0.0   0.01  0.06  0.0   0.07  0.16  0.0   0.0   0.03  0.01  0.04  0.0   0.0   0.03  
160   A     0.12  0.09  0.0   0.01  0.03  0.07  0.16  0.11  0.02  0.01  0.01  0.14  0.0   0.0   0.01  0.1   0.08  0.03  0.0   0.01  
161   M     0.19  0.1   0.01  0.07  0.0   0.04  0.01  0.01  0.0   0.07  0.16  0.06  0.13  0.01  0.01  0.01  0.01  0.03  0.0   0.07  
162   L     0.08  0.08  0.01  0.08  0.06  0.01  0.01  0.01  0.0   0.32  0.15  0.01  0.0   0.13  0.01  0.01  0.01  0.0   0.0   0.03  
163   D     0.05  0.01  0.06  0.22  0.0   0.07  0.1   0.04  0.0   0.01  0.02  0.11  0.0   0.08  0.11  0.04  0.04  0.0   0.01  0.01  
164   R     0.07  0.16  0.14  0.02  0.01  0.09  0.03  0.02  0.01  0.02  0.08  0.09  0.03  0.01  0.02  0.02  0.07  0.0   0.01  0.1   
165   Y     0.1   0.08  0.02  0.02  0.01  0.04  0.04  0.06  0.02  0.03  0.29  0.05  0.01  0.02  0.02  0.07  0.05  0.01  0.04  0.03  
166   E     0.07  0.04  0.1   0.04  0.02  0.02  0.14  0.11  0.01  0.02  0.09  0.1   0.01  0.01  0.02  0.03  0.02  0.03  0.01  0.11  
167   G     0.13  0.04  0.02  0.06  0.08  0.02  0.08  0.15  0.01  0.06  0.08  0.04  0.01  0.02  0.02  0.05  0.04  0.01  0.01  0.09  
168   K     0.12  0.06  0.01  0.02  0.04  0.01  0.16  0.02  0.01  0.06  0.05  0.21  0.01  0.01  0.08  0.02  0.02  0.0   0.01  0.07  
169   S     0.02  0.13  0.08  0.06  0.01  0.01  0.08  0.2   0.03  0.02  0.03  0.11  0.01  0.01  0.07  0.08  0.02  0.0   0.01  0.02  
170   G     0.06  0.06  0.01  0.04  0.01  0.01  0.02  0.22  0.03  0.06  0.03  0.09  0.01  0.05  0.02  0.05  0.02  0.03  0.03  0.15  
171   R     0.06  0.14  0.01  0.01  0.0   0.01  0.02  0.04  0.01  0.01  0.17  0.04  0.01  0.03  0.12  0.08  0.04  0.0   0.15  0.04  
172   R     0.04  0.08  0.11  0.11  0.05  0.01  0.05  0.04  0.05  0.01  0.01  0.04  0.0   0.01  0.12  0.15  0.11  0.0   0.0   0.01  
173   I     0.01  0.05  0.01  0.01  0.1   0.01  0.01  0.01  0.0   0.19  0.11  0.04  0.02  0.01  0.15  0.06  0.06  0.0   0.05  0.11  
174   A     0.08  0.03  0.04  0.04  0.0   0.01  0.03  0.12  0.02  0.04  0.22  0.06  0.05  0.01  0.03  0.03  0.01  0.15  0.0   0.01  
175   I     0.08  0.01  0.0   0.05  0.03  0.0   0.01  0.01  0.0   0.44  0.13  0.01  0.0   0.0   0.01  0.01  0.01  0.0   0.0   0.21  
176   E     0.08  0.05  0.01  0.01  0.0   0.06  0.48  0.11  0.0   0.01  0.01  0.01  0.0   0.02  0.01  0.03  0.01  0.03  0.0   0.09  
177   V     0.2   0.0   0.0   0.0   0.0   0.0   0.01  0.02  0.0   0.18  0.01  0.0   0.0   0.0   0.0   0.01  0.01  0.0   0.0   0.53  
178   D     0.09  0.0   0.0   0.62  0.0   0.07  0.01  0.04  0.0   0.08  0.01  0.04  0.0   0.0   0.0   0.01  0.01  0.0   0.0   0.01  
179   G     0.0   0.0   0.0   0.07  0.0   0.0   0.0   0.93  0.0   0.0   0.0   0.0   0.0   0.0   0.0   0.0   0.0   0.0   0.0   0.0   
180   G     0.0   0.0   0.0   0.0   0.0   0.07  0.0   0.84  0.0   0.0   0.0   0.0   0.0   0.0   0.0   0.06  0.0   0.0   0.0   0.03  
181   I     0.0   0.0   0.0   0.0   0.03  0.0   0.0   0.0   0.0   0.48  0.11  0.07  0.02  0.0   0.0   0.06  0.0   0.0   0.0   0.21  
182   K     0.02  0.12  0.19  0.13  0.0   0.0   0.04  0.1   0.0   0.0   0.0   0.22  0.0   0.0   0.03  0.03  0.11  0.0   0.0   0.0   
183   T     0.04  0.03  0.0   0.03  0.02  0.09  0.03  0.0   0.0   0.02  0.16  0.08  0.03  0.0   0.25  0.09  0.01  0.0   0.0   0.12  
184   D     0.16  0.02  0.05  0.26  0.0   0.03  0.2   0.03  0.0   0.0   0.07  0.05  0.0   0.0   0.0   0.1   0.0   0.0   0.0   0.02  
185   N     0.04  0.02  0.36  0.04  0.0   0.08  0.0   0.0   0.0   0.0   0.0   0.04  0.0   0.0   0.0   0.06  0.35  0.0   0.0   0.0   
186   I     0.27  0.0   0.0   0.0   0.0   0.0   0.0   0.0   0.0   0.36  0.09  0.0   0.0   0.0   0.07  0.0   0.03  0.0   0.03  0.13  
187   A     0.09  0.1   0.0   0.07  0.0   0.04  0.09  0.06  0.04  0.0   0.0   0.11  0.0   0.04  0.17  0.1   0.03  0.01  0.03  0.0   
188   A     0.12  0.05  0.0   0.11  0.0   0.25  0.19  0.0   0.01  0.0   0.07  0.12  0.0   0.0   0.0   0.04  0.0   0.0   0.0   0.03  
189   V     0.26  0.0   0.0   0.0   0.09  0.0   0.0   0.0   0.0   0.2   0.21  0.0   0.02  0.0   0.0   0.0   0.0   0.0   0.0   0.22  
190   A     0.33  0.06  0.0   0.0   0.0   0.04  0.0   0.0   0.0   0.22  0.17  0.0   0.03  0.0   0.0   0.0   0.0   0.0   0.0   0.11  
191   R     0.23  0.1   0.0   0.09  0.01  0.07  0.17  0.03  0.0   0.0   0.0   0.2   0.0   0.02  0.0   0.05  0.02  0.0   0.0   0.0   
192   A     0.75  0.0   0.0   0.0   0.0   0.04  0.07  0.0   0.0   0.0   0.0   0.0   0.0   0.02  0.04  0.02  0.05  0.0   0.0   0.0   
193   G     0.0   0.0   0.02  0.05  0.0   0.0   0.02  0.89  0.0   0.0   0.0   0.0   0.0   0.02  0.0   0.0   0.0   0.0   0.0   0.0   
194   A     0.77  0.0   0.0   0.0   0.0   0.0   0.0   0.0   0.0   0.03  0.0   0.0   0.0   0.0   0.07  0.0   0.02  0.0   0.0   0.11  
195   D     0.0   0.02  0.22  0.72  0.0   0.03  0.0   0.0   0.0   0.0   0.0   0.0   0.0   0.0   0.0   0.0   0.0   0.0   0.0   0.0   
196   T     0.04  0.07  0.0   0.0   0.03  0.0   0.0   0.07  0.03  0.14  0.09  0.0   0.06  0.05  0.0   0.02  0.03  0.0   0.17  0.19  
197   F     0.05  0.0   0.0   0.0   0.0   0.0   0.0   0.0   0.0   0.33  0.21  0.0   0.03  0.18  0.0   0.0   0.02  0.0   0.0   0.18  
198   V     0.1   0.0   0.0   0.0   0.0   0.0   0.0   0.0   0.0   0.14  0.0   0.0   0.0   0.0   0.0   0.0   0.0   0.0   0.0   0.76  
199   A     0.25  0.04  0.0   0.0   0.0   0.0   0.0   0.0   0.0   0.17  0.0   0.0   0.06  0.0   0.0   0.09  0.02  0.0   0.0   0.36  
200   G     0.07  0.0   0.0   0.0   0.0   0.0   0.0   0.76  0.0   0.04  0.0   0.0   0.0   0.0   0.0   0.0   0.0   0.0   0.0   0.1   
201   S     0.0   0.23  0.0   0.0   0.0   0.0   0.0   0.07  0.0   0.0   0.04  0.0   0.0   0.0   0.0   0.61  0.05  0.0   0.0   0.0   
202   A     0.49  0.0   0.0   0.0   0.0   0.0   0.0   0.28  0.0   0.0   0.0   0.0   0.0   0.0   0.07  0.09  0.0   0.0   0.07  0.0   
203   I     0.0   0.0   0.0   0.0   0.0   0.0   0.0   0.0   0.0   0.47  0.18  0.0   0.0   0.1   0.0   0.0   0.0   0.0   0.03  0.22  
204   F     0.08  0.0   0.0   0.0   0.02  0.0   0.0   0.0   0.0   0.03  0.03  0.0   0.06  0.53  0.0   0.0   0.13  0.0   0.13  0.0   
205   G     0.1   0.11  0.2   0.04  0.0   0.0   0.12  0.24  0.02  0.0   0.0   0.07  0.0   0.0   0.0   0.07  0.04  0.0   0.0   0.0   
206   K     0.57  0.0   0.0   0.04  0.0   0.03  0.0   0.0   0.0   0.0   0.03  0.07  0.0   0.0   0.0   0.18  0.04  0.0   0.04  0.0   
207   P     0.11  0.03  0.02  0.22  0.0   0.02  0.09  0.04  0.0   0.06  0.0   0.08  0.0   0.0   0.17  0.14  0.02  0.0   0.0   0.0   
208   D     0.0   0.07  0.15  0.66  0.0   0.0   0.05  0.0   0.0   0.0   0.0   0.0   0.0   0.0   0.0   0.06  0.0   0.0   0.0   0.0   
209   Y     0.01  0.15  0.0   0.0   0.0   0.02  0.0   0.0   0.0   0.05  0.04  0.0   0.0   0.0   0.44  0.0   0.0   0.0   0.2   0.09  
210   K     0.16  0.22  0.02  0.07  0.0   0.0   0.13  0.02  0.03  0.0   0.0   0.2   0.0   0.0   0.0   0.05  0.0   0.0   0.0   0.09  
211   A     0.16  0.03  0.0   0.04  0.0   0.02  0.4   0.03  0.0   0.0   0.11  0.15  0.0   0.0   0.0   0.03  0.02  0.0   0.0   0.0   
212   V     0.57  0.0   0.04  0.0   0.0   0.02  0.0   0.02  0.0   0.02  0.0   0.0   0.02  0.04  0.04  0.0   0.06  0.0   0.0   0.18  
213   I     0.2   0.0   0.0   0.0   0.0   0.0   0.0   0.0   0.0   0.33  0.12  0.0   0.0   0.0   0.0   0.0   0.15  0.07  0.02  0.12  
214   A     0.11  0.34  0.04  0.04  0.0   0.02  0.13  0.0   0.0   0.0   0.0   0.18  0.0   0.0   0.0   0.1   0.0   0.0   0.02  0.02  
215   A     0.15  0.12  0.02  0.04  0.0   0.11  0.12  0.14  0.0   0.03  0.04  0.1   0.0   0.03  0.0   0.1   0.0   0.0   0.02  0.0   
216   M     0.0   0.0   0.0   0.0   0.07  0.0   0.0   0.0   0.0   0.28  0.35  0.0   0.11  0.1   0.0   0.0   0.0   0.04  0.02  0.02  
217   R     0.04  0.53  0.0   0.0   0.03  0.04  0.0   0.0   0.0   0.02  0.04  0.14  0.02  0.03  0.0   0.0   0.07  0.0   0.04  0.0   
218   A     0.17  0.05  0.12  0.13  0.0   0.07  0.17  0.06  0.02  0.0   0.0   0.08  0.0   0.0   0.0   0.08  0.05  0.0   0.0   0.0   
219   E     0.16  0.05  0.02  0.0   0.0   0.11  0.23  0.04  0.02  0.06  0.02  0.06  0.04  0.0   0.0   0.12  0.0   0.0   0.0   0.07  
220   L     0.1   0.03  0.0   0.0   0.04  0.01  0.0   0.0   0.0   0.19  0.23  0.04  0.04  0.13  0.0   0.0   0.0   0.0   0.0   0.19  
221   E     0.1   0.15  0.02  0.04  0.0   0.03  0.22  0.02  0.0   0.0   0.11  0.17  0.02  0.0   0.0   0.12  0.0   0.0   0.0   0.0   
222   K     0.21  0.0   0.0   0.0   0.0   0.0   0.14  0.0   0.0   0.0   0.0   0.22  0.0   0.0   0.17  0.11  0.04  0.0   0.04  0.07  
223   A     0.86  0.0   0.0   0.0   0.0   0.0   0.0   0.07  0.0   0.0   0.0   0.0   0.0   0.0   0.0   0.07  0.0   0.0   0.0   0.0   
