             A     R     N     D     C     Q     E     G     H     I     L     K     M     F     P     S     T     W     Y     V
1     L     0.0   0.0   0.0   0.0   0.0   0.0   0.0   0.0   0.0   0.16  0.41  0.0   0.0   0.0   0.0   0.0   0.0   0.0   0.0   0.42  
2     T     0.0   0.0   0.0   0.0   0.0   0.0   0.0   0.0   0.0   0.0   0.0   0.0   0.0   0.0   0.0   0.59  0.41  0.0   0.0   0.0   
3     S     0.63  0.0   0.06  0.0   0.0   0.0   0.0   0.0   0.0   0.0   0.0   0.0   0.0   0.0   0.0   0.11  0.21  0.0   0.0   0.0   
4     E     0.15  0.14  0.0   0.06  0.0   0.0   0.65  0.0   0.0   0.0   0.0   0.0   0.0   0.0   0.0   0.0   0.0   0.0   0.0   0.0   
5     W     0.0   0.0   0.0   0.0   0.0   0.0   0.0   0.0   0.0   0.0   0.21  0.0   0.0   0.04  0.0   0.0   0.0   0.43  0.27  0.06  
6     V     0.0   0.0   0.0   0.0   0.0   0.0   0.0   0.0   0.0   0.14  0.37  0.0   0.0   0.0   0.0   0.0   0.08  0.0   0.0   0.41  
7     N     0.19  0.17  0.29  0.13  0.0   0.05  0.07  0.05  0.06  0.0   0.0   0.0   0.0   0.0   0.0   0.0   0.0   0.0   0.0   0.0   
8     R     0.0   0.48  0.0   0.0   0.0   0.0   0.0   0.0   0.0   0.1   0.24  0.0   0.04  0.0   0.0   0.0   0.0   0.0   0.06  0.09  
9     L     0.0   0.0   0.0   0.0   0.0   0.0   0.0   0.0   0.0   0.0   1.0   0.0   0.0   0.0   0.0   0.0   0.0   0.0   0.0   0.0   
10    R     0.0   0.86  0.0   0.0   0.0   0.06  0.0   0.0   0.0   0.0   0.0   0.08  0.0   0.0   0.0   0.0   0.0   0.0   0.0   0.0   
11    N     0.04  0.23  0.44  0.0   0.0   0.0   0.08  0.13  0.0   0.0   0.0   0.04  0.0   0.0   0.0   0.04  0.0   0.0   0.0   0.0   
12    R     0.11  0.26  0.0   0.05  0.11  0.07  0.0   0.2   0.15  0.0   0.04  0.0   0.0   0.0   0.0   0.0   0.0   0.0   0.0   0.0   
13    G     0.14  0.0   0.12  0.0   0.0   0.0   0.0   0.64  0.0   0.0   0.0   0.04  0.0   0.0   0.0   0.06  0.0   0.0   0.0   0.0   
14    Y     0.0   0.0   0.0   0.0   0.0   0.0   0.0   0.0   0.0   0.21  0.0   0.0   0.0   0.0   0.0   0.0   0.0   0.0   0.48  0.31  
15    A     0.81  0.0   0.0   0.0   0.0   0.0   0.0   0.0   0.0   0.0   0.0   0.0   0.0   0.0   0.19  0.0   0.0   0.0   0.0   0.0   
16    A     0.74  0.0   0.0   0.0   0.0   0.0   0.0   0.0   0.0   0.0   0.0   0.0   0.0   0.0   0.0   0.05  0.2   0.0   0.0   0.0   
17    Y     0.04  0.0   0.0   0.0   0.0   0.0   0.0   0.0   0.0   0.0   0.0   0.0   0.0   0.07  0.0   0.0   0.23  0.0   0.37  0.29  
18    L     0.0   0.0   0.0   0.0   0.0   0.0   0.0   0.0   0.0   0.16  0.68  0.0   0.0   0.0   0.0   0.0   0.0   0.0   0.0   0.16  
19    S     0.0   0.0   0.0   0.0   0.0   0.0   0.0   0.0   0.0   0.0   0.0   0.0   0.0   0.0   0.0   1.0   0.0   0.0   0.0   0.0   
20    G     0.0   0.0   0.0   0.0   0.0   0.0   0.0   1.0   0.0   0.0   0.0   0.0   0.0   0.0   0.0   0.0   0.0   0.0   0.0   0.0   
21    A     1.0   0.0   0.0   0.0   0.0   0.0   0.0   0.0   0.0   0.0   0.0   0.0   0.0   0.0   0.0   0.0   0.0   0.0   0.0   0.0   
22    G     0.0   0.0   0.0   0.0   0.0   0.0   0.0   1.0   0.0   0.0   0.0   0.0   0.0   0.0   0.0   0.0   0.0   0.0   0.0   0.0   
23    P     0.0   0.0   0.0   0.0   0.0   0.0   0.0   0.0   0.0   0.0   0.0   0.0   0.0   0.0   1.0   0.0   0.0   0.0   0.0   0.0   
24    T     0.14  0.0   0.0   0.0   0.0   0.0   0.0   0.0   0.0   0.0   0.0   0.0   0.0   0.0   0.0   0.2   0.66  0.0   0.0   0.0   
25    A     0.05  0.0   0.0   0.0   0.0   0.0   0.0   0.0   0.0   0.1   0.19  0.0   0.0   0.0   0.0   0.0   0.0   0.0   0.0   0.65  
26    M     0.0   0.0   0.0   0.0   0.0   0.0   0.0   0.0   0.0   0.24  0.4   0.0   0.37  0.0   0.0   0.0   0.0   0.0   0.0   0.0   
27    V     0.47  0.0   0.0   0.0   0.0   0.0   0.0   0.05  0.0   0.0   0.0   0.0   0.0   0.0   0.0   0.0   0.0   0.0   0.0   0.48  
28    L     0.0   0.0   0.0   0.0   0.0   0.0   0.0   0.0   0.0   0.0   1.0   0.0   0.0   0.0   0.0   0.0   0.0   0.0   0.0   0.0   
29    S     0.09  0.0   0.0   0.0   0.05  0.0   0.0   0.13  0.06  0.0   0.0   0.0   0.0   0.0   0.0   0.46  0.21  0.0   0.0   0.0   
30    T     0.05  0.0   0.0   0.1   0.0   0.0   0.0   0.0   0.0   0.0   0.0   0.0   0.0   0.0   0.06  0.18  0.61  0.0   0.0   0.0   
31    E     0.09  0.05  0.04  0.08  0.0   0.18  0.38  0.04  0.04  0.0   0.0   0.06  0.0   0.0   0.0   0.0   0.0   0.0   0.0   0.04  
32    P     0.0   0.0   0.0   0.26  0.0   0.0   0.15  0.0   0.06  0.0   0.0   0.0   0.0   0.0   0.44  0.08  0.0   0.0   0.0   0.0   
33    I     0.0   0.0   0.0   0.0   0.0   0.05  0.0   0.0   0.0   0.13  0.3   0.16  0.0   0.11  0.0   0.0   0.09  0.0   0.0   0.16  
34    P     0.14  0.0   0.0   0.07  0.0   0.0   0.06  0.0   0.0   0.0   0.05  0.0   0.04  0.0   0.5   0.03  0.06  0.0   0.0   0.05  
35    D     0.22  0.04  0.04  0.22  0.0   0.0   0.21  0.0   0.0   0.0   0.0   0.0   0.0   0.0   0.12  0.0   0.09  0.0   0.0   0.07  
36    K     0.13  0.0   0.0   0.04  0.0   0.05  0.45  0.0   0.0   0.0   0.0   0.18  0.0   0.0   0.0   0.04  0.11  0.0   0.0   0.0   
37    V     0.26  0.0   0.0   0.0   0.0   0.0   0.0   0.0   0.0   0.24  0.27  0.0   0.0   0.0   0.0   0.0   0.0   0.0   0.0   0.22  
38    L     0.07  0.08  0.0   0.0   0.0   0.0   0.05  0.0   0.0   0.0   0.25  0.1   0.04  0.0   0.0   0.1   0.0   0.0   0.06  0.26  
39    E     0.27  0.04  0.03  0.09  0.0   0.1   0.36  0.0   0.0   0.0   0.0   0.09  0.0   0.0   0.0   0.0   0.0   0.0   0.0   0.0   
40    D     0.04  0.0   0.0   0.24  0.0   0.04  0.16  0.0   0.0   0.0   0.2   0.0   0.0   0.07  0.0   0.0   0.03  0.0   0.23  0.0   
41    A     0.44  0.04  0.0   0.0   0.05  0.0   0.0   0.26  0.0   0.05  0.11  0.0   0.0   0.0   0.0   0.0   0.0   0.0   0.0   0.05  
42    R     0.23  0.26  0.0   0.12  0.0   0.06  0.13  0.0   0.0   0.03  0.05  0.0   0.0   0.0   0.0   0.08  0.05  0.0   0.0   0.0   
43    E     0.36  0.0   0.0   0.16  0.0   0.0   0.18  0.05  0.0   0.0   0.0   0.11  0.0   0.0   0.0   0.03  0.1   0.0   0.0   0.0   
44    S     0.11  0.08  0.19  0.04  0.0   0.18  0.11  0.05  0.08  0.0   0.06  0.04  0.0   0.0   0.0   0.06  0.0   0.0   0.0   0.0   
45    G     0.0   0.0   0.09  0.0   0.0   0.05  0.06  0.7   0.0   0.0   0.0   0.0   0.0   0.0   0.1   0.0   0.0   0.0   0.0   0.0   
46    I     0.0   0.0   0.0   0.0   0.0   0.0   0.0   0.0   0.0   0.14  0.29  0.0   0.05  0.47  0.0   0.0   0.0   0.05  0.0   0.0   
47    K     0.08  0.23  0.0   0.0   0.0   0.16  0.0   0.0   0.0   0.04  0.0   0.15  0.0   0.0   0.0   0.1   0.2   0.0   0.0   0.06  
48    V     0.12  0.0   0.0   0.0   0.0   0.0   0.0   0.0   0.0   0.19  0.15  0.0   0.0   0.0   0.0   0.0   0.0   0.0   0.0   0.55  
49    L     0.07  0.0   0.0   0.0   0.0   0.0   0.03  0.0   0.06  0.1   0.41  0.04  0.0   0.08  0.0   0.0   0.12  0.0   0.0   0.09  
50    E     0.08  0.18  0.07  0.06  0.0   0.0   0.45  0.0   0.0   0.0   0.0   0.04  0.05  0.0   0.0   0.03  0.04  0.0   0.0   0.0   
51    L     0.0   0.0   0.0   0.0   0.0   0.0   0.0   0.0   0.0   0.13  0.56  0.0   0.27  0.0   0.05  0.0   0.0   0.0   0.0   0.0   
52    E     0.13  0.0   0.0   0.17  0.0   0.08  0.17  0.09  0.0   0.0   0.0   0.0   0.0   0.0   0.04  0.08  0.19  0.0   0.0   0.06  
53    V     0.12  0.07  0.0   0.0   0.0   0.0   0.0   0.0   0.0   0.12  0.11  0.0   0.0   0.0   0.0   0.0   0.0   0.0   0.0   0.54  
54    A     0.46  0.0   0.0   0.0   0.0   0.0   0.0   0.34  0.0   0.0   0.0   0.07  0.0   0.0   0.0   0.05  0.08  0.0   0.0   0.0   
55    G     0.09  0.0   0.0   0.25  0.0   0.0   0.27  0.28  0.04  0.0   0.0   0.07  0.0   0.0   0.0   0.0   0.0   0.0   0.0   0.0   
56    P     0.08  0.04  0.0   0.0   0.0   0.0   0.05  0.54  0.0   0.0   0.01  0.0   0.0   0.0   0.24  0.01  0.0   0.0   0.0   0.0   
57    V     0.0   0.0   0.0   0.0   0.0   0.0   0.0   0.0   0.0   0.05  0.0   0.0   0.0   0.0   0.0   0.0   0.0   0.0   0.0   0.95  
58    K     0.0   0.54  0.0   0.0   0.0   0.05  0.09  0.0   0.0   0.0   0.06  0.06  0.0   0.0   0.0   0.16  0.04  0.0   0.0   0.0   
59    V     0.0   0.0   0.0   0.0   0.0   0.0   0.0   0.0   0.0   0.05  0.0   0.0   0.0   0.0   0.0   0.0   0.06  0.0   0.0   0.89  
60    E     0.0   0.0   0.0   0.17  0.0   0.0   0.62  0.0   0.0   0.0   0.0   0.07  0.0   0.0   0.0   0.14  0.0   0.0   0.0   0.0   
61    V     0.0   0.0   0.0   0.0   0.0   0.0   0.0   0.0   0.0   0.0   0.0   0.24  0.0   0.0   0.0   0.0   0.17  0.0   0.0   0.59  
62    N     0.0   0.0   0.49  0.15  0.0   0.0   0.0   0.0   0.0   0.0   0.0   0.0   0.0   0.0   0.0   0.0   0.36  0.0   0.0   0.0   
