             A     R     N     D     C     Q     E     G     H     I     L     K     M     F     P     S     T     W     Y     V
1     T     0.0   0.0   0.0   0.0   0.0   0.0   0.0   0.0   0.0   0.0   0.0   0.0   0.0   0.0   0.0   0.47  0.53  0.0   0.0   0.0   
2     T     0.04  0.02  0.23  0.05  0.0   0.02  0.0   0.0   0.0   0.02  0.0   0.03  0.08  0.0   0.01  0.28  0.2   0.0   0.0   0.02  
3     K     0.0   0.11  0.02  0.03  0.0   0.14  0.05  0.05  0.0   0.01  0.0   0.49  0.01  0.0   0.06  0.03  0.01  0.0   0.0   0.0   
4     G     0.02  0.0   0.01  0.0   0.0   0.01  0.01  0.06  0.01  0.36  0.07  0.02  0.24  0.01  0.03  0.01  0.02  0.0   0.02  0.1   
5     H     0.0   0.36  0.07  0.01  0.01  0.03  0.01  0.0   0.08  0.01  0.0   0.34  0.0   0.0   0.0   0.04  0.03  0.0   0.0   0.0   
6     I     0.02  0.0   0.0   0.0   0.0   0.0   0.0   0.0   0.0   0.36  0.05  0.0   0.0   0.01  0.0   0.0   0.01  0.0   0.0   0.54  
7     Y     0.04  0.0   0.0   0.0   0.01  0.0   0.0   0.01  0.01  0.03  0.74  0.0   0.06  0.03  0.0   0.0   0.0   0.01  0.01  0.06  
8     V     0.04  0.0   0.0   0.0   0.01  0.0   0.0   0.0   0.0   0.36  0.25  0.0   0.01  0.01  0.0   0.0   0.0   0.0   0.0   0.32  
9     I     0.11  0.0   0.0   0.0   0.03  0.0   0.0   0.0   0.0   0.13  0.03  0.0   0.03  0.01  0.0   0.01  0.0   0.0   0.0   0.66  
10    D     0.0   0.0   0.02  0.66  0.0   0.01  0.29  0.0   0.01  0.0   0.0   0.0   0.0   0.0   0.0   0.01  0.0   0.0   0.0   0.0   
11    D     0.0   0.01  0.01  0.85  0.0   0.02  0.05  0.0   0.01  0.0   0.0   0.0   0.0   0.0   0.01  0.02  0.01  0.0   0.01  0.0   
12    D     0.0   0.01  0.16  0.28  0.01  0.02  0.17  0.01  0.08  0.01  0.0   0.0   0.01  0.01  0.0   0.2   0.02  0.0   0.0   0.0   
13    A     0.18  0.05  0.02  0.05  0.0   0.04  0.06  0.03  0.04  0.04  0.05  0.05  0.02  0.02  0.23  0.04  0.03  0.01  0.01  0.03  
14    A     0.08  0.03  0.02  0.07  0.01  0.01  0.03  0.01  0.01  0.07  0.16  0.02  0.04  0.08  0.02  0.09  0.08  0.0   0.0   0.17  
15    M     0.08  0.0   0.11  0.03  0.02  0.01  0.0   0.0   0.02  0.15  0.14  0.01  0.09  0.07  0.0   0.06  0.05  0.0   0.01  0.15  
16    R     0.09  0.52  0.01  0.0   0.02  0.05  0.0   0.03  0.0   0.04  0.13  0.0   0.01  0.02  0.0   0.02  0.03  0.0   0.0   0.03  
17    D     0.05  0.12  0.04  0.07  0.0   0.07  0.16  0.03  0.03  0.01  0.05  0.13  0.06  0.02  0.0   0.05  0.06  0.0   0.01  0.02  
18    S     0.08  0.04  0.02  0.01  0.0   0.01  0.06  0.11  0.01  0.12  0.19  0.01  0.04  0.03  0.0   0.06  0.04  0.01  0.02  0.15  
19    L     0.04  0.0   0.01  0.0   0.01  0.0   0.0   0.0   0.01  0.18  0.48  0.0   0.06  0.02  0.0   0.0   0.06  0.01  0.01  0.1   
20    N     0.1   0.12  0.02  0.01  0.02  0.07  0.11  0.03  0.02  0.03  0.01  0.16  0.01  0.01  0.0   0.14  0.1   0.0   0.0   0.04  
21    F     0.07  0.15  0.04  0.08  0.0   0.08  0.12  0.06  0.01  0.01  0.04  0.08  0.03  0.03  0.0   0.07  0.06  0.01  0.03  0.01  
22    L     0.09  0.01  0.01  0.0   0.01  0.02  0.02  0.03  0.02  0.16  0.25  0.01  0.1   0.08  0.0   0.02  0.02  0.02  0.07  0.07  
23    L     0.0   0.0   0.0   0.0   0.01  0.0   0.0   0.0   0.0   0.11  0.74  0.0   0.03  0.07  0.0   0.0   0.0   0.0   0.0   0.04  
24    D     0.06  0.1   0.09  0.04  0.0   0.06  0.24  0.04  0.0   0.01  0.04  0.07  0.01  0.0   0.01  0.11  0.08  0.0   0.01  0.02  
25    S     0.04  0.1   0.03  0.09  0.0   0.1   0.09  0.03  0.07  0.01  0.04  0.16  0.02  0.01  0.02  0.12  0.04  0.01  0.01  0.01  
26    A     0.08  0.04  0.03  0.1   0.04  0.05  0.19  0.02  0.03  0.05  0.13  0.02  0.02  0.03  0.01  0.08  0.01  0.01  0.04  0.01  
27    G     0.02  0.01  0.05  0.06  0.0   0.03  0.02  0.48  0.01  0.03  0.01  0.03  0.01  0.0   0.12  0.08  0.0   0.0   0.01  0.0   
28    F     0.03  0.0   0.01  0.08  0.06  0.02  0.08  0.0   0.04  0.06  0.05  0.01  0.03  0.18  0.01  0.01  0.01  0.01  0.27  0.03  
29    G     0.05  0.07  0.06  0.08  0.0   0.1   0.17  0.01  0.03  0.07  0.02  0.06  0.01  0.0   0.0   0.06  0.05  0.0   0.0   0.15  
30    V     0.04  0.0   0.01  0.0   0.04  0.0   0.01  0.0   0.0   0.15  0.02  0.0   0.0   0.01  0.01  0.01  0.05  0.0   0.0   0.65  
31    T     0.1   0.03  0.01  0.1   0.0   0.02  0.06  0.11  0.02  0.07  0.04  0.03  0.02  0.02  0.0   0.04  0.19  0.01  0.03  0.11  
32    L     0.12  0.01  0.0   0.01  0.04  0.03  0.11  0.06  0.01  0.08  0.05  0.02  0.01  0.01  0.0   0.07  0.23  0.02  0.0   0.1   
33    F     0.47  0.0   0.0   0.0   0.03  0.01  0.01  0.01  0.01  0.03  0.02  0.01  0.0   0.07  0.0   0.02  0.06  0.01  0.04  0.19  
34    D     0.09  0.05  0.06  0.09  0.01  0.03  0.13  0.09  0.01  0.01  0.01  0.05  0.01  0.01  0.05  0.12  0.12  0.0   0.02  0.03  
35    D     0.02  0.01  0.24  0.35  0.01  0.03  0.03  0.01  0.01  0.0   0.02  0.01  0.0   0.0   0.0   0.19  0.05  0.0   0.0   0.01  
36    A     0.17  0.01  0.01  0.01  0.0   0.01  0.01  0.5   0.0   0.03  0.05  0.0   0.0   0.04  0.07  0.05  0.01  0.0   0.0   0.04  
37    Q     0.11  0.07  0.02  0.07  0.0   0.05  0.17  0.01  0.01  0.04  0.1   0.12  0.01  0.02  0.01  0.04  0.05  0.0   0.02  0.06  
38    A     0.07  0.03  0.01  0.15  0.0   0.12  0.34  0.01  0.02  0.02  0.02  0.07  0.01  0.02  0.01  0.05  0.03  0.0   0.0   0.03  
39    F     0.61  0.0   0.0   0.0   0.05  0.0   0.0   0.11  0.0   0.01  0.08  0.0   0.01  0.04  0.0   0.01  0.02  0.01  0.0   0.05  
40    L     0.02  0.06  0.01  0.01  0.0   0.04  0.03  0.0   0.01  0.11  0.44  0.03  0.04  0.01  0.01  0.0   0.02  0.03  0.02  0.12  
41    D     0.11  0.1   0.06  0.15  0.0   0.08  0.22  0.01  0.03  0.01  0.02  0.09  0.01  0.0   0.01  0.06  0.02  0.0   0.01  0.01  
42    A     0.1   0.06  0.0   0.01  0.01  0.05  0.05  0.02  0.02  0.08  0.18  0.15  0.07  0.04  0.0   0.04  0.02  0.02  0.04  0.05  
43    L     0.1   0.0   0.0   0.01  0.04  0.0   0.0   0.02  0.01  0.17  0.32  0.01  0.05  0.05  0.0   0.01  0.03  0.01  0.02  0.14  
44    P     0.07  0.11  0.07  0.04  0.01  0.11  0.13  0.02  0.02  0.01  0.05  0.13  0.02  0.01  0.04  0.09  0.04  0.0   0.01  0.03  
45    G     0.09  0.09  0.05  0.06  0.0   0.1   0.2   0.03  0.03  0.01  0.03  0.11  0.0   0.01  0.01  0.1   0.05  0.0   0.0   0.03  
46    L     0.03  0.05  0.06  0.05  0.01  0.09  0.1   0.05  0.11  0.02  0.17  0.05  0.02  0.02  0.02  0.05  0.02  0.01  0.04  0.03  
47    S     0.05  0.11  0.1   0.08  0.01  0.06  0.05  0.03  0.05  0.01  0.02  0.16  0.0   0.01  0.11  0.08  0.04  0.02  0.01  0.02  
48    F     0.05  0.01  0.0   0.02  0.01  0.0   0.01  0.01  0.01  0.1   0.01  0.0   0.0   0.14  0.42  0.0   0.01  0.0   0.11  0.08  
49    G     0.04  0.01  0.03  0.62  0.0   0.05  0.03  0.07  0.04  0.0   0.02  0.03  0.01  0.01  0.0   0.03  0.0   0.0   0.0   0.0   
50    C     0.06  0.0   0.0   0.01  0.03  0.0   0.0   0.0   0.0   0.13  0.44  0.0   0.01  0.0   0.0   0.0   0.0   0.0   0.01  0.29  
51    V     0.06  0.0   0.0   0.0   0.03  0.0   0.0   0.0   0.0   0.33  0.12  0.0   0.02  0.02  0.0   0.0   0.0   0.0   0.01  0.4   
52    V     0.0   0.0   0.0   0.0   0.0   0.0   0.0   0.0   0.0   0.29  0.28  0.0   0.03  0.14  0.0   0.01  0.09  0.0   0.0   0.15  
53    S     0.05  0.0   0.0   0.01  0.04  0.0   0.0   0.0   0.0   0.06  0.42  0.0   0.2   0.01  0.0   0.06  0.09  0.01  0.0   0.06  
54    D     0.01  0.01  0.02  0.87  0.0   0.01  0.04  0.02  0.0   0.0   0.01  0.0   0.0   0.0   0.0   0.0   0.0   0.0   0.0   0.0   
55    V     0.01  0.0   0.02  0.01  0.02  0.02  0.01  0.01  0.0   0.28  0.2   0.01  0.04  0.03  0.01  0.0   0.0   0.01  0.06  0.25  
56    R     0.01  0.11  0.11  0.04  0.03  0.1   0.16  0.02  0.07  0.04  0.02  0.02  0.09  0.03  0.0   0.05  0.03  0.01  0.03  0.03  
57    M     0.02  0.0   0.01  0.01  0.0   0.0   0.01  0.01  0.0   0.03  0.28  0.01  0.57  0.01  0.0   0.01  0.01  0.0   0.0   0.01  
58    P     0.02  0.01  0.01  0.01  0.0   0.01  0.03  0.05  0.01  0.01  0.01  0.01  0.01  0.0   0.77  0.02  0.01  0.0   0.0   0.01  
59    G     0.01  0.1   0.05  0.16  0.0   0.03  0.14  0.22  0.03  0.02  0.01  0.07  0.01  0.01  0.0   0.02  0.01  0.0   0.0   0.09  
60    L     0.01  0.04  0.0   0.02  0.01  0.02  0.05  0.06  0.0   0.12  0.12  0.03  0.37  0.01  0.0   0.02  0.02  0.0   0.01  0.07  
61    D     0.02  0.01  0.16  0.48  0.01  0.0   0.02  0.03  0.02  0.0   0.01  0.02  0.01  0.0   0.0   0.14  0.05  0.01  0.0   0.0   
62    G     0.02  0.0   0.01  0.02  0.01  0.0   0.0   0.88  0.0   0.01  0.0   0.01  0.0   0.0   0.0   0.02  0.0   0.0   0.0   0.0   
63    I     0.02  0.01  0.0   0.01  0.0   0.01  0.0   0.01  0.02  0.21  0.31  0.01  0.02  0.13  0.02  0.03  0.02  0.02  0.09  0.07  
64    E     0.05  0.03  0.01  0.16  0.0   0.08  0.33  0.03  0.01  0.01  0.02  0.04  0.01  0.0   0.01  0.07  0.09  0.01  0.01  0.01  
65    L     0.19  0.01  0.01  0.0   0.01  0.0   0.0   0.01  0.0   0.07  0.31  0.01  0.02  0.11  0.0   0.01  0.05  0.02  0.01  0.16  
66    L     0.11  0.0   0.0   0.01  0.08  0.01  0.0   0.01  0.01  0.09  0.4   0.01  0.0   0.02  0.01  0.02  0.13  0.0   0.01  0.07  
67    K     0.05  0.26  0.03  0.02  0.01  0.08  0.12  0.02  0.02  0.01  0.02  0.18  0.01  0.01  0.02  0.07  0.04  0.0   0.0   0.01  
68    R     0.07  0.17  0.03  0.03  0.0   0.12  0.13  0.01  0.02  0.02  0.06  0.17  0.03  0.02  0.0   0.03  0.03  0.02  0.02  0.01  
69    M     0.01  0.01  0.0   0.01  0.01  0.0   0.01  0.0   0.0   0.43  0.33  0.01  0.04  0.02  0.0   0.0   0.01  0.02  0.01  0.1   
70    K     0.02  0.38  0.03  0.02  0.01  0.02  0.02  0.02  0.01  0.03  0.04  0.16  0.13  0.0   0.01  0.03  0.03  0.0   0.0   0.03  
71    A     0.11  0.08  0.04  0.03  0.0   0.09  0.18  0.04  0.01  0.02  0.04  0.11  0.01  0.0   0.04  0.12  0.03  0.0   0.01  0.02  
72    Q     0.06  0.11  0.05  0.03  0.0   0.11  0.13  0.02  0.05  0.04  0.1   0.12  0.05  0.01  0.01  0.06  0.04  0.0   0.01  0.01  
73    Q     0.03  0.07  0.07  0.08  0.01  0.04  0.06  0.1   0.09  0.0   0.04  0.12  0.04  0.09  0.02  0.03  0.04  0.02  0.05  0.02  
74    S     0.08  0.06  0.03  0.04  0.03  0.02  0.05  0.02  0.01  0.05  0.07  0.08  0.03  0.01  0.18  0.12  0.03  0.02  0.04  0.04  
75    P     0.03  0.05  0.06  0.18  0.0   0.06  0.07  0.06  0.05  0.0   0.01  0.04  0.01  0.01  0.18  0.08  0.08  0.01  0.01  0.01  
76    F     0.05  0.02  0.0   0.0   0.05  0.01  0.01  0.02  0.01  0.16  0.19  0.02  0.04  0.02  0.08  0.03  0.16  0.0   0.01  0.14  
77    P     0.03  0.05  0.01  0.03  0.0   0.02  0.01  0.02  0.03  0.01  0.03  0.1   0.01  0.02  0.57  0.01  0.01  0.01  0.01  0.02  
78    I     0.01  0.01  0.0   0.0   0.01  0.0   0.0   0.0   0.01  0.41  0.04  0.0   0.01  0.02  0.0   0.01  0.02  0.0   0.0   0.44  
79    L     0.01  0.0   0.0   0.0   0.01  0.0   0.0   0.0   0.0   0.47  0.19  0.0   0.02  0.02  0.0   0.0   0.0   0.01  0.01  0.26  
80    I     0.11  0.0   0.0   0.0   0.03  0.0   0.0   0.03  0.0   0.22  0.12  0.0   0.16  0.1   0.0   0.0   0.04  0.0   0.04  0.16  
81    M     0.03  0.0   0.02  0.0   0.04  0.02  0.0   0.0   0.02  0.14  0.26  0.0   0.14  0.1   0.0   0.02  0.04  0.0   0.02  0.15  
82    T     0.03  0.0   0.04  0.0   0.0   0.02  0.0   0.02  0.0   0.02  0.03  0.0   0.02  0.02  0.02  0.37  0.35  0.0   0.0   0.05  
83    G     0.33  0.02  0.02  0.04  0.0   0.02  0.02  0.11  0.02  0.02  0.02  0.0   0.02  0.0   0.03  0.18  0.12  0.0   0.0   0.05  
84    H     0.05  0.1   0.06  0.1   0.02  0.04  0.09  0.01  0.09  0.02  0.08  0.11  0.02  0.06  0.01  0.04  0.03  0.01  0.06  0.02  
85    G     0.12  0.03  0.08  0.15  0.02  0.02  0.05  0.1   0.02  0.04  0.02  0.02  0.03  0.02  0.02  0.11  0.1   0.0   0.01  0.04  
86    D     0.04  0.03  0.08  0.17  0.01  0.06  0.15  0.1   0.02  0.05  0.02  0.03  0.02  0.01  0.03  0.1   0.05  0.0   0.01  0.04  
87    V     0.11  0.02  0.03  0.06  0.01  0.04  0.15  0.01  0.02  0.05  0.07  0.09  0.03  0.01  0.08  0.06  0.05  0.01  0.03  0.08  
88    P     0.09  0.03  0.05  0.12  0.01  0.03  0.24  0.03  0.04  0.05  0.01  0.06  0.02  0.02  0.04  0.07  0.04  0.01  0.02  0.02  
89    L     0.07  0.05  0.03  0.21  0.0   0.01  0.06  0.01  0.02  0.05  0.06  0.02  0.04  0.04  0.01  0.03  0.14  0.01  0.08  0.06  
90    A     0.14  0.1   0.01  0.0   0.01  0.02  0.02  0.02  0.01  0.08  0.07  0.1   0.04  0.01  0.03  0.05  0.13  0.01  0.01  0.14  
91    V     0.03  0.04  0.02  0.04  0.0   0.05  0.08  0.02  0.01  0.13  0.11  0.04  0.06  0.07  0.02  0.04  0.04  0.0   0.02  0.19  
92    E     0.1   0.16  0.03  0.07  0.0   0.09  0.17  0.01  0.02  0.02  0.04  0.18  0.02  0.01  0.01  0.02  0.04  0.0   0.01  0.01  
93    A     0.38  0.02  0.01  0.01  0.14  0.0   0.01  0.15  0.01  0.02  0.05  0.01  0.01  0.02  0.02  0.05  0.01  0.0   0.03  0.04  
94    M     0.02  0.02  0.0   0.02  0.0   0.02  0.02  0.01  0.01  0.11  0.39  0.03  0.09  0.1   0.01  0.03  0.02  0.0   0.03  0.07  
95    K     0.05  0.06  0.02  0.11  0.01  0.12  0.25  0.03  0.01  0.02  0.03  0.1   0.01  0.01  0.01  0.08  0.05  0.0   0.01  0.01  
96    L     0.22  0.03  0.04  0.01  0.03  0.02  0.03  0.02  0.04  0.04  0.18  0.03  0.03  0.02  0.03  0.11  0.03  0.01  0.04  0.05  
97    G     0.02  0.03  0.03  0.02  0.0   0.01  0.02  0.76  0.02  0.0   0.01  0.01  0.0   0.0   0.02  0.02  0.01  0.0   0.01  0.01  
98    A     0.63  0.01  0.0   0.01  0.02  0.0   0.01  0.02  0.0   0.05  0.03  0.0   0.09  0.04  0.0   0.01  0.01  0.0   0.0   0.06  
99    V     0.06  0.02  0.08  0.26  0.04  0.03  0.05  0.0   0.02  0.04  0.06  0.05  0.02  0.05  0.0   0.04  0.04  0.01  0.02  0.1   
100   D     0.04  0.01  0.01  0.51  0.0   0.02  0.06  0.18  0.02  0.01  0.02  0.01  0.01  0.02  0.0   0.04  0.01  0.0   0.03  0.0   
101   F     0.01  0.01  0.0   0.0   0.04  0.01  0.0   0.0   0.01  0.05  0.03  0.0   0.0   0.25  0.0   0.01  0.03  0.0   0.42  0.11  
102   L     0.01  0.0   0.0   0.0   0.0   0.01  0.0   0.0   0.0   0.27  0.39  0.0   0.04  0.05  0.0   0.0   0.01  0.0   0.01  0.2   
103   E     0.09  0.02  0.01  0.03  0.01  0.04  0.04  0.02  0.01  0.04  0.17  0.02  0.01  0.01  0.1   0.13  0.13  0.01  0.0   0.1   
104   K     0.0   0.02  0.0   0.01  0.0   0.0   0.0   0.0   0.0   0.01  0.01  0.92  0.0   0.0   0.0   0.0   0.02  0.0   0.0   0.0   
105   P     0.08  0.08  0.07  0.08  0.07  0.07  0.08  0.08  0.07  0.0   0.01  0.08  0.0   0.0   0.08  0.08  0.08  0.0   0.0   0.0   
106   F     0.05  0.05  0.05  0.05  0.05  0.05  0.05  0.05  0.05  0.05  0.05  0.05  0.05  0.05  0.05  0.05  0.05  0.05  0.05  0.05  
107   E     0.06  0.06  0.06  0.06  0.0   0.06  0.06  0.06  0.06  0.06  0.06  0.06  0.06  0.0   0.06  0.06  0.06  0.0   0.06  0.06  
108   D     0.1   0.04  0.03  0.05  0.0   0.04  0.06  0.04  0.03  0.05  0.11  0.04  0.04  0.04  0.12  0.06  0.05  0.03  0.03  0.04  
109   D     0.05  0.05  0.05  0.05  0.05  0.05  0.05  0.05  0.05  0.05  0.05  0.05  0.05  0.05  0.05  0.05  0.05  0.0   0.05  0.05  
110   R     0.08  0.07  0.03  0.1   0.02  0.04  0.27  0.03  0.02  0.02  0.03  0.08  0.02  0.02  0.02  0.05  0.04  0.02  0.02  0.04  
111   L     0.08  0.0   0.0   0.08  0.0   0.07  0.0   0.01  0.0   0.08  0.08  0.08  0.07  0.07  0.08  0.08  0.08  0.0   0.07  0.08  
112   T     0.13  0.07  0.03  0.03  0.03  0.08  0.07  0.03  0.04  0.04  0.07  0.12  0.03  0.03  0.04  0.04  0.05  0.0   0.03  0.06  
113   A     0.23  0.05  0.05  0.06  0.0   0.11  0.09  0.03  0.03  0.03  0.04  0.07  0.02  0.02  0.02  0.06  0.03  0.0   0.02  0.03  
114   M     0.2   0.18  0.0   0.02  0.02  0.02  0.06  0.02  0.03  0.08  0.1   0.06  0.03  0.03  0.0   0.03  0.05  0.0   0.02  0.06  
115   I     0.06  0.02  0.02  0.0   0.02  0.01  0.01  0.01  0.01  0.25  0.23  0.04  0.03  0.02  0.0   0.02  0.03  0.04  0.01  0.15  
116   E     0.04  0.16  0.07  0.05  0.02  0.12  0.15  0.02  0.01  0.02  0.04  0.13  0.0   0.01  0.02  0.07  0.02  0.0   0.02  0.02  
117   S     0.05  0.05  0.05  0.05  0.05  0.05  0.05  0.05  0.05  0.05  0.05  0.05  0.05  0.05  0.0   0.05  0.05  0.05  0.05  0.05  
118   A     0.12  0.04  0.03  0.03  0.03  0.03  0.03  0.03  0.03  0.09  0.15  0.03  0.05  0.03  0.03  0.03  0.04  0.03  0.04  0.12  
119   I     0.06  0.06  0.05  0.0   0.05  0.05  0.06  0.06  0.05  0.06  0.06  0.06  0.05  0.05  0.0   0.06  0.06  0.05  0.05  0.06  
120   R     0.06  0.26  0.05  0.03  0.02  0.08  0.06  0.04  0.03  0.03  0.03  0.1   0.02  0.03  0.03  0.04  0.03  0.03  0.03  0.03  
121   Q     0.06  0.18  0.04  0.03  0.0   0.06  0.06  0.05  0.04  0.04  0.07  0.15  0.02  0.03  0.02  0.05  0.03  0.0   0.04  0.05  
122   A     0.08  0.09  0.03  0.03  0.01  0.06  0.04  0.05  0.02  0.06  0.06  0.1   0.05  0.03  0.02  0.04  0.07  0.02  0.05  0.1   
123   E     0.05  0.05  0.05  0.05  0.05  0.05  0.05  0.05  0.05  0.05  0.05  0.05  0.05  0.05  0.05  0.05  0.05  0.05  0.05  0.05  
124   P     0.05  0.04  0.05  0.04  0.03  0.07  0.06  0.06  0.04  0.04  0.08  0.07  0.03  0.03  0.08  0.05  0.06  0.03  0.03  0.04  
125   A     0.05  0.05  0.05  0.05  0.05  0.05  0.05  0.05  0.05  0.05  0.05  0.05  0.05  0.05  0.05  0.05  0.05  0.0   0.05  0.05  
126   A     0.05  0.05  0.05  0.05  0.05  0.05  0.05  0.05  0.05  0.05  0.05  0.05  0.05  0.05  0.05  0.05  0.05  0.05  0.05  0.05  
127   K     0.07  0.06  0.07  0.08  0.03  0.06  0.08  0.04  0.04  0.03  0.04  0.07  0.03  0.03  0.04  0.11  0.04  0.0   0.03  0.05  
128   S     0.06  0.05  0.07  0.05  0.02  0.08  0.08  0.03  0.02  0.03  0.04  0.05  0.02  0.03  0.07  0.18  0.05  0.02  0.03  0.05  
129   E     0.05  0.1   0.07  0.04  0.02  0.08  0.14  0.04  0.06  0.02  0.03  0.04  0.02  0.02  0.06  0.11  0.04  0.0   0.02  0.05  
130   A     0.1   0.05  0.06  0.04  0.02  0.05  0.07  0.04  0.03  0.04  0.12  0.07  0.04  0.03  0.06  0.06  0.05  0.01  0.01  0.04  
131   V     0.05  0.05  0.05  0.05  0.05  0.05  0.05  0.05  0.05  0.05  0.05  0.05  0.05  0.05  0.05  0.05  0.05  0.05  0.05  0.05  
132   A     0.05  0.05  0.05  0.05  0.05  0.05  0.05  0.05  0.05  0.05  0.05  0.05  0.05  0.05  0.05  0.05  0.05  0.0   0.05  0.05  
133   Q     0.06  0.06  0.05  0.04  0.03  0.09  0.07  0.08  0.04  0.04  0.07  0.06  0.04  0.03  0.06  0.06  0.04  0.0   0.03  0.06  
134   D     0.06  0.06  0.05  0.06  0.0   0.05  0.06  0.06  0.05  0.06  0.06  0.06  0.05  0.05  0.06  0.06  0.06  0.05  0.0   0.06  
135   I     0.1   0.05  0.04  0.03  0.03  0.04  0.04  0.04  0.03  0.06  0.14  0.04  0.03  0.04  0.05  0.05  0.04  0.03  0.04  0.08  
136   A     0.05  0.05  0.05  0.05  0.05  0.05  0.05  0.05  0.05  0.05  0.05  0.05  0.05  0.05  0.05  0.05  0.05  0.0   0.05  0.05  
137   A     0.06  0.08  0.06  0.1   0.0   0.05  0.06  0.07  0.04  0.04  0.05  0.05  0.03  0.04  0.05  0.08  0.06  0.0   0.04  0.04  
138   R     0.06  0.06  0.05  0.06  0.05  0.05  0.06  0.06  0.05  0.06  0.06  0.06  0.05  0.05  0.06  0.06  0.06  0.0   0.0   0.06  
139   V     0.06  0.06  0.05  0.06  0.0   0.05  0.06  0.06  0.0   0.06  0.06  0.06  0.05  0.05  0.06  0.06  0.06  0.05  0.05  0.06  
140   A     0.05  0.05  0.05  0.05  0.0   0.05  0.05  0.05  0.05  0.05  0.05  0.05  0.05  0.05  0.05  0.05  0.05  0.05  0.05  0.05  
141   S     0.05  0.05  0.05  0.05  0.05  0.05  0.05  0.05  0.05  0.05  0.05  0.05  0.05  0.05  0.05  0.05  0.05  0.0   0.05  0.05  
142   L     0.06  0.06  0.05  0.06  0.05  0.05  0.06  0.06  0.0   0.06  0.06  0.06  0.05  0.05  0.06  0.06  0.06  0.0   0.05  0.06  
143   S     0.08  0.07  0.05  0.06  0.0   0.06  0.06  0.05  0.0   0.05  0.05  0.08  0.03  0.04  0.04  0.1   0.13  0.0   0.03  0.03  
144   P     0.06  0.05  0.04  0.06  0.0   0.06  0.08  0.06  0.03  0.04  0.07  0.08  0.0   0.02  0.19  0.05  0.05  0.0   0.02  0.05  
145   R     0.05  0.2   0.03  0.05  0.0   0.05  0.07  0.04  0.04  0.03  0.03  0.17  0.02  0.02  0.02  0.04  0.09  0.0   0.02  0.04  
146   E     0.03  0.05  0.03  0.11  0.0   0.07  0.35  0.02  0.0   0.02  0.02  0.08  0.02  0.02  0.02  0.08  0.04  0.0   0.03  0.02  
147   R     0.08  0.15  0.03  0.06  0.01  0.05  0.04  0.02  0.02  0.05  0.06  0.09  0.03  0.11  0.03  0.04  0.02  0.01  0.07  0.02  
148   Q     0.1   0.07  0.03  0.1   0.01  0.12  0.16  0.01  0.01  0.05  0.04  0.04  0.01  0.01  0.03  0.06  0.09  0.0   0.04  0.01  
149   V     0.04  0.03  0.02  0.03  0.01  0.0   0.03  0.01  0.01  0.16  0.19  0.03  0.04  0.02  0.02  0.01  0.05  0.02  0.04  0.25  
150   M     0.06  0.03  0.02  0.02  0.0   0.02  0.02  0.02  0.0   0.09  0.48  0.03  0.05  0.02  0.02  0.02  0.02  0.01  0.02  0.05  
151   E     0.04  0.06  0.03  0.05  0.01  0.1   0.15  0.02  0.03  0.07  0.08  0.07  0.02  0.04  0.04  0.06  0.05  0.01  0.02  0.04  
152   G     0.06  0.07  0.04  0.0   0.01  0.06  0.04  0.11  0.03  0.02  0.15  0.06  0.05  0.05  0.03  0.05  0.06  0.04  0.06  0.03  
153   L     0.07  0.02  0.03  0.03  0.01  0.01  0.02  0.06  0.0   0.09  0.25  0.04  0.06  0.05  0.04  0.07  0.06  0.01  0.01  0.07  
154   I     0.13  0.05  0.01  0.04  0.01  0.02  0.1   0.02  0.02  0.1   0.12  0.02  0.05  0.03  0.02  0.09  0.06  0.01  0.02  0.08  
155   A     0.15  0.05  0.05  0.06  0.01  0.08  0.12  0.01  0.01  0.04  0.02  0.08  0.01  0.04  0.01  0.14  0.05  0.0   0.04  0.01  
156   G     0.07  0.05  0.09  0.01  0.02  0.06  0.03  0.33  0.06  0.04  0.09  0.01  0.0   0.02  0.0   0.05  0.03  0.0   0.0   0.03  
157   L     0.05  0.03  0.04  0.0   0.01  0.03  0.04  0.02  0.03  0.01  0.29  0.12  0.02  0.03  0.03  0.07  0.09  0.0   0.03  0.05  
158   S     0.05  0.03  0.02  0.05  0.0   0.02  0.05  0.13  0.01  0.02  0.14  0.07  0.05  0.02  0.02  0.12  0.17  0.0   0.01  0.03  
159   N     0.05  0.05  0.2   0.07  0.0   0.04  0.15  0.02  0.06  0.03  0.01  0.1   0.01  0.01  0.03  0.05  0.07  0.0   0.02  0.04  
160   K     0.03  0.09  0.05  0.06  0.0   0.07  0.16  0.01  0.02  0.02  0.09  0.22  0.0   0.0   0.05  0.04  0.03  0.01  0.02  0.04  
161   L     0.03  0.03  0.0   0.04  0.01  0.08  0.14  0.01  0.01  0.05  0.25  0.0   0.06  0.01  0.0   0.01  0.06  0.0   0.0   0.21  
162   I     0.02  0.01  0.01  0.0   0.0   0.0   0.02  0.0   0.0   0.39  0.06  0.01  0.02  0.03  0.01  0.04  0.12  0.13  0.03  0.08  
163   A     0.33  0.02  0.03  0.05  0.01  0.04  0.07  0.15  0.02  0.05  0.03  0.07  0.0   0.0   0.01  0.08  0.03  0.0   0.0   0.01  
164   R     0.07  0.25  0.04  0.1   0.0   0.02  0.1   0.02  0.04  0.01  0.06  0.05  0.01  0.04  0.01  0.03  0.02  0.02  0.06  0.05  
165   E     0.08  0.05  0.06  0.15  0.0   0.07  0.25  0.02  0.02  0.07  0.03  0.05  0.01  0.01  0.01  0.06  0.04  0.0   0.01  0.02  
166   Y     0.02  0.05  0.01  0.06  0.0   0.01  0.06  0.05  0.03  0.05  0.28  0.01  0.06  0.08  0.01  0.04  0.02  0.02  0.08  0.06  
167   D     0.05  0.03  0.04  0.13  0.04  0.02  0.17  0.08  0.06  0.03  0.06  0.02  0.01  0.09  0.03  0.05  0.02  0.01  0.05  0.02  
168   I     0.04  0.04  0.03  0.02  0.01  0.0   0.02  0.07  0.0   0.3   0.14  0.0   0.0   0.0   0.06  0.02  0.05  0.0   0.01  0.2   
169   S     0.05  0.01  0.03  0.17  0.01  0.03  0.08  0.04  0.01  0.01  0.09  0.01  0.01  0.02  0.01  0.28  0.1   0.0   0.03  0.03  
170   P     0.09  0.03  0.04  0.12  0.0   0.05  0.16  0.03  0.0   0.05  0.03  0.02  0.0   0.01  0.08  0.1   0.14  0.0   0.01  0.03  
171   R     0.03  0.32  0.17  0.01  0.0   0.03  0.01  0.02  0.04  0.0   0.02  0.15  0.0   0.01  0.01  0.09  0.04  0.0   0.0   0.05  
172   T     0.07  0.0   0.05  0.0   0.0   0.02  0.01  0.01  0.01  0.05  0.02  0.0   0.02  0.0   0.01  0.13  0.52  0.0   0.02  0.07  
173   I     0.02  0.0   0.01  0.0   0.01  0.03  0.02  0.01  0.01  0.21  0.13  0.02  0.02  0.01  0.0   0.04  0.01  0.0   0.0   0.44  
174   E     0.02  0.06  0.09  0.31  0.0   0.01  0.16  0.03  0.02  0.02  0.0   0.16  0.02  0.0   0.02  0.03  0.04  0.0   0.01  0.0   
175   V     0.06  0.02  0.05  0.01  0.0   0.01  0.01  0.02  0.01  0.06  0.03  0.05  0.01  0.05  0.01  0.05  0.1   0.01  0.02  0.42  
176   Y     0.02  0.0   0.02  0.0   0.02  0.04  0.0   0.04  0.39  0.01  0.04  0.0   0.0   0.01  0.0   0.09  0.06  0.0   0.24  0.01  
177   R     0.04  0.12  0.0   0.0   0.0   0.01  0.02  0.0   0.01  0.35  0.07  0.07  0.03  0.01  0.0   0.03  0.0   0.0   0.03  0.21  
178   A     0.09  0.12  0.04  0.02  0.02  0.04  0.01  0.08  0.07  0.01  0.02  0.09  0.03  0.01  0.0   0.22  0.11  0.0   0.03  0.01  
179   N     0.02  0.3   0.21  0.0   0.01  0.01  0.06  0.0   0.04  0.0   0.01  0.05  0.0   0.01  0.0   0.12  0.07  0.01  0.07  0.03  
180   V     0.1   0.0   0.0   0.0   0.0   0.02  0.0   0.0   0.0   0.22  0.5   0.0   0.01  0.0   0.02  0.04  0.02  0.0   0.0   0.06  
181   M     0.01  0.48  0.0   0.0   0.01  0.02  0.05  0.0   0.04  0.04  0.05  0.02  0.09  0.06  0.0   0.01  0.0   0.0   0.04  0.09  
182   T     0.09  0.19  0.03  0.03  0.0   0.06  0.09  0.05  0.03  0.0   0.01  0.19  0.01  0.0   0.0   0.11  0.06  0.05  0.0   0.0   
183   K     0.04  0.02  0.03  0.02  0.0   0.02  0.02  0.0   0.02  0.0   0.01  0.76  0.01  0.0   0.0   0.0   0.03  0.0   0.03  0.0   
184   M     0.02  0.02  0.0   0.0   0.0   0.0   0.05  0.0   0.0   0.13  0.55  0.0   0.12  0.05  0.0   0.0   0.03  0.0   0.0   0.04  
185   Q     0.06  0.03  0.19  0.07  0.0   0.03  0.24  0.2   0.01  0.0   0.0   0.12  0.0   0.0   0.0   0.03  0.02  0.0   0.0   0.0   
186   A     0.23  0.02  0.02  0.1   0.0   0.01  0.06  0.02  0.0   0.05  0.07  0.05  0.01  0.08  0.03  0.03  0.03  0.0   0.01  0.15  
187   N     0.05  0.04  0.08  0.18  0.01  0.06  0.03  0.05  0.08  0.03  0.06  0.08  0.0   0.01  0.04  0.08  0.07  0.02  0.01  0.03  
188   S     0.06  0.02  0.23  0.09  0.0   0.01  0.07  0.08  0.01  0.0   0.01  0.03  0.0   0.02  0.02  0.26  0.03  0.0   0.02  0.03  
189   L     0.04  0.22  0.05  0.1   0.01  0.01  0.05  0.06  0.05  0.01  0.1   0.09  0.02  0.02  0.03  0.06  0.03  0.0   0.0   0.05  
190   S     0.09  0.04  0.01  0.03  0.0   0.08  0.04  0.02  0.01  0.09  0.02  0.04  0.01  0.02  0.18  0.03  0.18  0.0   0.03  0.09  
191   E     0.03  0.05  0.06  0.11  0.0   0.2   0.2   0.04  0.06  0.01  0.02  0.06  0.01  0.0   0.02  0.03  0.08  0.0   0.0   0.03  
192   L     0.21  0.02  0.01  0.0   0.01  0.01  0.02  0.0   0.01  0.1   0.33  0.0   0.03  0.02  0.02  0.02  0.02  0.01  0.07  0.1   
193   V     0.06  0.0   0.01  0.0   0.0   0.01  0.0   0.0   0.0   0.51  0.06  0.0   0.01  0.01  0.02  0.01  0.01  0.0   0.02  0.28  
194   R     0.07  0.13  0.05  0.09  0.01  0.07  0.13  0.01  0.06  0.06  0.06  0.07  0.01  0.0   0.0   0.03  0.05  0.0   0.0   0.09  
195   L     0.05  0.01  0.0   0.0   0.0   0.02  0.04  0.0   0.03  0.08  0.06  0.04  0.02  0.03  0.0   0.02  0.44  0.01  0.11  0.05  
196   A     0.36  0.01  0.0   0.0   0.0   0.01  0.03  0.06  0.01  0.05  0.08  0.05  0.01  0.0   0.0   0.05  0.01  0.0   0.0   0.28  
197   M     0.01  0.41  0.03  0.0   0.0   0.02  0.02  0.0   0.09  0.11  0.05  0.03  0.03  0.01  0.0   0.0   0.03  0.03  0.02  0.1   
198   R     0.06  0.2   0.01  0.04  0.0   0.04  0.05  0.44  0.0   0.0   0.02  0.05  0.01  0.01  0.0   0.05  0.01  0.0   0.0   0.01  
199   A     0.08  0.04  0.04  0.01  0.0   0.07  0.04  0.05  0.07  0.06  0.11  0.07  0.05  0.03  0.0   0.01  0.08  0.0   0.07  0.14  
200   G     0.0   0.05  0.05  0.0   0.0   0.02  0.02  0.83  0.01  0.0   0.0   0.03  0.0   0.0   0.0   0.0   0.0   0.0   0.0   0.0   
201   M     0.01  0.0   0.0   0.0   0.0   0.0   0.01  0.0   0.0   0.1   0.22  0.0   0.02  0.01  0.0   0.0   0.0   0.03  0.57  0.03  
202   L     0.0   0.0   0.0   0.0   0.0   0.0   0.0   0.0   0.0   0.18  0.4   0.0   0.1   0.09  0.0   0.0   0.0   0.0   0.0   0.23  
