             A     R     N     D     C     Q     E     G     H     I     L     K     M     F     P     S     T     W     Y     V
1     D     0.0   0.0   0.21  0.1   0.0   0.13  0.37  0.0   0.0   0.0   0.0   0.19  0.0   0.0   0.0   0.0   0.0   0.0   0.0   0.0   
2     R     0.0   0.6   0.0   0.0   0.0   0.0   0.0   0.0   0.0   0.0   0.0   0.4   0.0   0.0   0.0   0.0   0.0   0.0   0.0   0.0   
3     P     0.08  0.0   0.0   0.0   0.0   0.0   0.0   0.0   0.0   0.0   0.0   0.05  0.0   0.0   0.88  0.0   0.0   0.0   0.0   0.0   
4     F     0.0   0.0   0.0   0.0   0.0   0.0   0.0   0.0   0.13  0.0   0.0   0.0   0.0   0.37  0.0   0.0   0.0   0.12  0.37  0.0   
5     I     0.06  0.0   0.0   0.0   0.0   0.0   0.0   0.04  0.0   0.23  0.0   0.0   0.0   0.0   0.0   0.06  0.03  0.0   0.0   0.59  
6     F     0.0   0.0   0.0   0.0   0.0   0.07  0.0   0.0   0.0   0.29  0.07  0.04  0.0   0.05  0.0   0.0   0.32  0.0   0.0   0.16  
7     I     0.0   0.0   0.0   0.0   0.0   0.0   0.0   0.0   0.0   0.09  0.71  0.0   0.08  0.03  0.0   0.03  0.0   0.04  0.0   0.03  
8     N     0.0   0.06  0.1   0.06  0.0   0.0   0.0   0.0   0.0   0.0   0.0   0.45  0.0   0.04  0.0   0.0   0.21  0.0   0.05  0.03  
9     S     0.13  0.0   0.0   0.0   0.0   0.0   0.0   0.0   0.0   0.05  0.16  0.0   0.0   0.04  0.0   0.12  0.05  0.07  0.33  0.05  
10    A     0.82  0.0   0.0   0.0   0.0   0.0   0.03  0.06  0.0   0.0   0.0   0.0   0.0   0.0   0.0   0.0   0.09  0.0   0.0   0.0   
11    M     0.18  0.0   0.0   0.0   0.0   0.27  0.0   0.0   0.0   0.0   0.06  0.0   0.26  0.0   0.0   0.03  0.04  0.0   0.0   0.17  
12    S     0.0   0.0   0.0   0.0   0.0   0.0   0.0   0.0   0.0   0.0   0.0   0.0   0.0   0.0   0.0   0.71  0.29  0.0   0.0   0.0   
13    A     0.08  0.0   0.0   0.0   0.0   0.0   0.0   0.0   0.0   0.24  0.57  0.0   0.06  0.0   0.0   0.0   0.0   0.0   0.0   0.05  
14    D     0.0   0.0   0.09  0.91  0.0   0.0   0.0   0.0   0.0   0.0   0.0   0.0   0.0   0.0   0.0   0.0   0.0   0.0   0.0   0.0   
15    G     0.11  0.0   0.0   0.0   0.0   0.0   0.0   0.83  0.0   0.0   0.0   0.0   0.0   0.0   0.0   0.06  0.0   0.0   0.0   0.0   
16    K     0.0   0.37  0.0   0.0   0.0   0.07  0.0   0.0   0.0   0.06  0.0   0.36  0.05  0.09  0.0   0.0   0.0   0.0   0.0   0.0   
17    L     0.0   0.0   0.0   0.0   0.0   0.0   0.0   0.0   0.0   0.57  0.14  0.0   0.0   0.0   0.0   0.04  0.2   0.0   0.0   0.05  
18    S     0.72  0.0   0.0   0.0   0.0   0.0   0.06  0.04  0.0   0.0   0.0   0.0   0.0   0.0   0.0   0.1   0.08  0.0   0.0   0.0   
19    T     0.15  0.02  0.05  0.09  0.0   0.0   0.0   0.06  0.0   0.0   0.06  0.16  0.11  0.0   0.0   0.04  0.25  0.0   0.0   0.0   
20    K     0.19  0.07  0.03  0.0   0.0   0.11  0.1   0.05  0.0   0.08  0.03  0.17  0.0   0.0   0.04  0.11  0.0   0.0   0.03  0.0   
21    E     0.0   0.08  0.16  0.12  0.0   0.06  0.03  0.02  0.0   0.05  0.0   0.08  0.0   0.0   0.05  0.21  0.14  0.0   0.0   0.0   
22    R     0.03  0.05  0.02  0.0   0.0   0.0   0.0   0.86  0.0   0.0   0.04  0.0   0.0   0.0   0.0   0.0   0.0   0.0   0.0   0.0   
23    K     0.03  0.0   0.0   0.1   0.0   0.0   0.23  0.04  0.09  0.02  0.0   0.16  0.0   0.0   0.0   0.16  0.09  0.0   0.03  0.06  
24    Q     0.06  0.14  0.0   0.0   0.0   0.12  0.0   0.05  0.0   0.05  0.0   0.0   0.0   0.0   0.0   0.53  0.0   0.0   0.0   0.06  
25    V     0.09  0.03  0.0   0.11  0.0   0.17  0.01  0.01  0.0   0.0   0.07  0.2   0.0   0.0   0.0   0.09  0.17  0.0   0.0   0.03  
26    K     0.0   0.09  0.0   0.0   0.0   0.0   0.06  0.0   0.0   0.03  0.0   0.09  0.0   0.03  0.0   0.0   0.06  0.59  0.0   0.03  
27    I     0.0   0.0   0.0   0.0   0.06  0.0   0.0   0.0   0.0   0.71  0.15  0.0   0.0   0.0   0.0   0.0   0.0   0.0   0.0   0.04  
28    S     0.0   0.0   0.0   0.05  0.0   0.0   0.0   0.0   0.0   0.06  0.0   0.0   0.03  0.0   0.0   0.47  0.35  0.0   0.0   0.0   
29    G     0.0   0.0   0.0   0.03  0.1   0.0   0.06  0.23  0.17  0.0   0.0   0.0   0.06  0.0   0.0   0.33  0.0   0.0   0.0   0.0   
30    K     0.0   0.0   0.0   0.14  0.0   0.03  0.35  0.0   0.0   0.03  0.03  0.2   0.0   0.05  0.14  0.03  0.0   0.0   0.0   0.0   
31    L     0.11  0.0   0.0   0.03  0.0   0.13  0.43  0.0   0.0   0.0   0.08  0.03  0.04  0.0   0.06  0.06  0.0   0.0   0.03  0.0   
32    N     0.4   0.0   0.03  0.16  0.0   0.0   0.0   0.05  0.0   0.0   0.0   0.0   0.0   0.0   0.0   0.2   0.16  0.0   0.0   0.0   
33    F     0.0   0.48  0.03  0.0   0.0   0.0   0.05  0.05  0.0   0.0   0.07  0.17  0.06  0.06  0.0   0.0   0.0   0.0   0.03  0.0   
34    E     0.05  0.08  0.0   0.04  0.0   0.09  0.08  0.19  0.09  0.02  0.08  0.06  0.0   0.0   0.0   0.03  0.16  0.0   0.0   0.04  
35    R     0.0   0.19  0.0   0.35  0.0   0.0   0.0   0.0   0.0   0.02  0.0   0.0   0.2   0.06  0.0   0.0   0.0   0.03  0.11  0.03  
36    M     0.08  0.0   0.05  0.0   0.0   0.03  0.0   0.0   0.0   0.0   0.06  0.0   0.03  0.0   0.0   0.0   0.26  0.0   0.05  0.44  
37    D     0.0   0.0   0.0   0.11  0.0   0.22  0.0   0.12  0.44  0.0   0.0   0.0   0.0   0.06  0.0   0.05  0.0   0.0   0.0   0.0   
38    E     0.04  0.08  0.0   0.0   0.0   0.16  0.17  0.0   0.03  0.03  0.06  0.16  0.0   0.06  0.0   0.0   0.0   0.0   0.22  0.0   
39    L     0.0   0.03  0.0   0.04  0.0   0.0   0.0   0.0   0.0   0.11  0.57  0.0   0.03  0.1   0.0   0.0   0.03  0.0   0.05  0.03  
40    R     0.0   0.84  0.0   0.0   0.0   0.0   0.0   0.0   0.0   0.0   0.01  0.0   0.05  0.0   0.0   0.0   0.0   0.0   0.05  0.0   
41    A     0.32  0.05  0.06  0.0   0.0   0.05  0.07  0.06  0.05  0.0   0.0   0.1   0.0   0.0   0.0   0.1   0.04  0.0   0.11  0.0   
42    H     0.0   0.03  0.02  0.0   0.0   0.15  0.23  0.03  0.11  0.03  0.0   0.26  0.0   0.03  0.0   0.03  0.08  0.0   0.0   0.0   
43    A     0.09  0.04  0.0   0.0   0.06  0.0   0.0   0.0   0.16  0.06  0.0   0.0   0.0   0.09  0.0   0.29  0.0   0.0   0.08  0.13  
44    D     0.0   0.0   0.0   0.65  0.0   0.15  0.0   0.0   0.03  0.0   0.0   0.0   0.0   0.0   0.0   0.14  0.03  0.0   0.0   0.0   
45    A     0.54  0.03  0.0   0.0   0.0   0.0   0.0   0.27  0.0   0.0   0.0   0.0   0.0   0.0   0.0   0.03  0.11  0.0   0.0   0.03  
46    I     0.0   0.0   0.0   0.0   0.0   0.0   0.0   0.0   0.0   0.69  0.03  0.0   0.0   0.0   0.0   0.0   0.0   0.0   0.0   0.28  
47    M     0.0   0.0   0.0   0.0   0.0   0.0   0.0   0.0   0.0   0.3   0.39  0.0   0.31  0.0   0.0   0.0   0.0   0.0   0.0   0.0   
48    V     0.0   0.0   0.0   0.0   0.0   0.0   0.0   0.0   0.0   0.18  0.11  0.0   0.0   0.0   0.0   0.09  0.05  0.0   0.06  0.52  
49    G     0.0   0.0   0.0   0.0   0.0   0.0   0.0   0.8   0.0   0.0   0.0   0.0   0.0   0.0   0.0   0.16  0.03  0.0   0.0   0.0   
50    I     0.08  0.05  0.0   0.0   0.08  0.0   0.0   0.09  0.0   0.13  0.01  0.0   0.0   0.0   0.0   0.37  0.07  0.0   0.0   0.09  
51    G     0.06  0.11  0.18  0.08  0.0   0.0   0.06  0.36  0.0   0.0   0.01  0.0   0.0   0.0   0.0   0.08  0.04  0.0   0.0   0.0   
52    T     0.0   0.0   0.0   0.0   0.0   0.0   0.0   0.0   0.0   0.0   0.06  0.0   0.0   0.0   0.0   0.0   0.9   0.0   0.0   0.0   
53    V     0.16  0.01  0.0   0.01  0.0   0.0   0.01  0.01  0.0   0.09  0.01  0.01  0.0   0.0   0.01  0.01  0.01  0.0   0.0   0.67  
54    L     0.01  0.15  0.0   0.01  0.05  0.0   0.04  0.01  0.0   0.07  0.48  0.11  0.03  0.0   0.01  0.01  0.01  0.0   0.0   0.01  
55    A     0.37  0.04  0.07  0.01  0.0   0.03  0.01  0.01  0.0   0.07  0.05  0.06  0.05  0.06  0.01  0.06  0.03  0.0   0.0   0.07  
56    D     0.01  0.01  0.01  0.85  0.0   0.01  0.01  0.01  0.0   0.01  0.01  0.01  0.0   0.01  0.01  0.01  0.01  0.0   0.01  0.01  
57    D     0.01  0.01  0.38  0.48  0.0   0.01  0.01  0.01  0.0   0.01  0.01  0.01  0.0   0.01  0.01  0.01  0.01  0.0   0.01  0.01  
58    P     0.01  0.01  0.01  0.01  0.0   0.01  0.01  0.01  0.0   0.01  0.01  0.01  0.0   0.01  0.85  0.01  0.01  0.0   0.01  0.01  
59    S     0.07  0.18  0.01  0.01  0.0   0.01  0.01  0.15  0.03  0.01  0.13  0.04  0.03  0.01  0.01  0.25  0.01  0.03  0.01  0.01  
60    L     0.01  0.01  0.01  0.01  0.0   0.01  0.01  0.01  0.0   0.01  0.85  0.01  0.0   0.01  0.01  0.01  0.01  0.0   0.01  0.01  
61    T     0.01  0.01  0.29  0.01  0.0   0.01  0.01  0.01  0.0   0.01  0.01  0.01  0.0   0.01  0.01  0.06  0.53  0.0   0.01  0.01  
62    V     0.25  0.01  0.01  0.01  0.22  0.01  0.01  0.01  0.0   0.01  0.02  0.01  0.0   0.01  0.01  0.04  0.01  0.0   0.01  0.34  
63    K     0.02  0.54  0.01  0.01  0.0   0.01  0.01  0.01  0.05  0.01  0.02  0.24  0.0   0.01  0.01  0.01  0.01  0.0   0.01  0.01  
64    S     0.01  0.06  0.04  0.01  0.0   0.03  0.01  0.01  0.06  0.01  0.14  0.03  0.05  0.09  0.01  0.06  0.01  0.2   0.15  0.01  
65    P     0.08  0.01  0.01  0.05  0.01  0.01  0.02  0.08  0.01  0.07  0.02  0.12  0.01  0.01  0.32  0.05  0.05  0.03  0.01  0.05  
66    E     0.05  0.02  0.1   0.15  0.01  0.04  0.18  0.05  0.03  0.02  0.03  0.1   0.01  0.01  0.07  0.1   0.02  0.0   0.01  0.02  
67    R     0.1   0.04  0.05  0.1   0.01  0.04  0.02  0.13  0.01  0.02  0.11  0.02  0.01  0.13  0.08  0.1   0.02  0.0   0.01  0.02  
68    K     0.11  0.07  0.05  0.27  0.01  0.01  0.05  0.02  0.01  0.02  0.03  0.11  0.03  0.01  0.08  0.06  0.02  0.0   0.01  0.02  
69    A     0.08  0.02  0.09  0.02  0.01  0.02  0.14  0.06  0.01  0.02  0.28  0.1   0.01  0.02  0.02  0.03  0.02  0.01  0.01  0.03  
70    A     0.14  0.02  0.08  0.05  0.01  0.05  0.03  0.03  0.01  0.02  0.07  0.07  0.01  0.02  0.16  0.03  0.02  0.06  0.08  0.03  
71    R     0.03  0.09  0.08  0.08  0.01  0.02  0.13  0.08  0.01  0.02  0.12  0.08  0.01  0.02  0.05  0.03  0.1   0.01  0.01  0.03  
72    K     0.06  0.02  0.02  0.05  0.07  0.12  0.03  0.03  0.1   0.02  0.09  0.08  0.01  0.02  0.05  0.08  0.02  0.01  0.07  0.05  
73    A     0.08  0.07  0.02  0.05  0.01  0.02  0.16  0.1   0.01  0.02  0.1   0.04  0.01  0.01  0.02  0.11  0.08  0.0   0.07  0.02  
74    A     0.11  0.02  0.02  0.07  0.01  0.01  0.13  0.03  0.09  0.1   0.1   0.05  0.01  0.01  0.02  0.06  0.08  0.0   0.01  0.09  
75    G     0.13  0.01  0.01  0.02  0.01  0.07  0.02  0.19  0.01  0.01  0.03  0.02  0.04  0.09  0.14  0.02  0.05  0.0   0.07  0.07  
76    K     0.04  0.05  0.04  0.01  0.0   0.04  0.08  0.07  0.01  0.04  0.06  0.26  0.01  0.04  0.12  0.04  0.04  0.0   0.01  0.04  
77    S     0.01  0.01  0.13  0.01  0.0   0.03  0.15  0.12  0.0   0.04  0.04  0.07  0.0   0.01  0.07  0.09  0.09  0.0   0.0   0.12  
78    E     0.01  0.1   0.06  0.03  0.0   0.12  0.12  0.01  0.12  0.0   0.06  0.24  0.0   0.0   0.08  0.03  0.01  0.0   0.0   0.01  
79    N     0.0   0.05  0.19  0.06  0.0   0.45  0.0   0.0   0.03  0.0   0.0   0.0   0.0   0.0   0.0   0.08  0.11  0.0   0.0   0.03  
80    P     0.0   0.0   0.0   0.0   0.0   0.0   0.0   0.0   0.0   0.0   0.0   0.0   0.0   0.0   1.0   0.0   0.0   0.0   0.0   0.0   
81    V     0.01  0.15  0.0   0.01  0.0   0.0   0.01  0.01  0.0   0.19  0.22  0.01  0.0   0.0   0.01  0.01  0.03  0.0   0.0   0.33  
82    R     0.01  0.65  0.01  0.01  0.05  0.01  0.01  0.01  0.0   0.01  0.01  0.01  0.0   0.01  0.16  0.01  0.01  0.0   0.01  0.01  
83    V     0.01  0.01  0.0   0.01  0.0   0.0   0.01  0.01  0.0   0.47  0.01  0.01  0.0   0.0   0.01  0.01  0.01  0.0   0.0   0.43  
84    V     0.01  0.01  0.0   0.01  0.0   0.0   0.01  0.01  0.0   0.48  0.01  0.01  0.0   0.0   0.01  0.01  0.01  0.0   0.0   0.42  
85    V     0.01  0.01  0.0   0.01  0.03  0.0   0.01  0.01  0.0   0.23  0.32  0.01  0.06  0.0   0.03  0.01  0.01  0.0   0.0   0.25  
86    D     0.06  0.01  0.01  0.63  0.03  0.01  0.01  0.05  0.0   0.01  0.01  0.01  0.0   0.01  0.01  0.07  0.07  0.0   0.0   0.01  
87    S     0.01  0.07  0.01  0.01  0.0   0.11  0.01  0.01  0.0   0.01  0.01  0.04  0.0   0.01  0.15  0.41  0.08  0.0   0.0   0.04  
88    S     0.01  0.16  0.1   0.01  0.0   0.1   0.04  0.06  0.0   0.01  0.01  0.19  0.03  0.01  0.01  0.16  0.06  0.0   0.0   0.03  
89    A     0.09  0.01  0.12  0.01  0.05  0.03  0.06  0.16  0.04  0.01  0.3   0.01  0.0   0.04  0.01  0.01  0.01  0.0   0.01  0.01  
90    R     0.01  0.34  0.09  0.1   0.0   0.01  0.04  0.01  0.0   0.01  0.01  0.15  0.0   0.01  0.01  0.13  0.06  0.0   0.0   0.01  
91    T     0.01  0.0   0.0   0.0   0.0   0.0   0.01  0.01  0.0   0.13  0.17  0.01  0.0   0.06  0.0   0.06  0.09  0.17  0.0   0.28  
92    P     0.03  0.1   0.0   0.13  0.0   0.06  0.0   0.0   0.0   0.0   0.0   0.11  0.0   0.0   0.48  0.0   0.06  0.0   0.0   0.0   
93    L     0.0   0.0   0.0   0.0   0.0   0.0   0.11  0.0   0.0   0.04  0.26  0.03  0.0   0.08  0.24  0.0   0.06  0.0   0.18  0.0   
94    N     0.07  0.03  0.05  0.13  0.0   0.05  0.2   0.0   0.11  0.0   0.0   0.03  0.0   0.0   0.0   0.18  0.11  0.0   0.0   0.03  
95    A     0.36  0.0   0.0   0.05  0.03  0.0   0.0   0.11  0.15  0.05  0.0   0.11  0.0   0.03  0.0   0.05  0.0   0.0   0.03  0.0   
96    D     0.0   0.22  0.14  0.03  0.0   0.06  0.11  0.0   0.0   0.0   0.0   0.28  0.0   0.0   0.05  0.08  0.0   0.0   0.0   0.0   
97    I     0.0   0.0   0.0   0.0   0.03  0.03  0.04  0.0   0.0   0.16  0.35  0.0   0.0   0.0   0.0   0.05  0.05  0.0   0.0   0.26  
98    F     0.0   0.04  0.0   0.0   0.08  0.0   0.0   0.0   0.03  0.11  0.27  0.0   0.0   0.19  0.0   0.0   0.0   0.17  0.03  0.06  
99    K     0.01  0.01  0.3   0.14  0.03  0.09  0.04  0.01  0.0   0.03  0.08  0.09  0.0   0.01  0.01  0.06  0.07  0.0   0.0   0.01  
100   K     0.05  0.01  0.01  0.06  0.0   0.18  0.01  0.05  0.0   0.01  0.1   0.14  0.01  0.01  0.03  0.04  0.22  0.0   0.01  0.04  
101   G     0.05  0.04  0.04  0.12  0.01  0.04  0.1   0.21  0.04  0.01  0.02  0.13  0.01  0.01  0.04  0.07  0.04  0.0   0.01  0.02  
102   E     0.04  0.01  0.01  0.15  0.0   0.03  0.19  0.07  0.05  0.03  0.04  0.06  0.03  0.01  0.11  0.11  0.01  0.0   0.0   0.04  
103   G     0.33  0.01  0.01  0.01  0.0   0.01  0.07  0.28  0.0   0.01  0.04  0.06  0.0   0.01  0.11  0.01  0.01  0.0   0.0   0.04  
104   L     0.04  0.06  0.02  0.0   0.0   0.0   0.03  0.0   0.0   0.05  0.1   0.25  0.0   0.0   0.19  0.14  0.0   0.0   0.06  0.04  
105   R     0.08  0.18  0.0   0.0   0.0   0.0   0.0   0.0   0.0   0.04  0.09  0.0   0.0   0.06  0.06  0.0   0.38  0.06  0.0   0.03  
106   I     0.06  0.0   0.04  0.0   0.0   0.0   0.0   0.0   0.0   0.23  0.25  0.0   0.0   0.0   0.14  0.0   0.07  0.08  0.0   0.12  
107   I     0.0   0.0   0.0   0.0   0.0   0.0   0.0   0.0   0.06  0.47  0.06  0.0   0.06  0.05  0.0   0.0   0.0   0.0   0.03  0.24  
108   A     0.27  0.08  0.0   0.0   0.0   0.0   0.0   0.03  0.0   0.15  0.0   0.0   0.03  0.05  0.0   0.09  0.0   0.0   0.09  0.21  
109   V     0.03  0.03  0.0   0.07  0.0   0.0   0.0   0.0   0.0   0.1   0.11  0.06  0.0   0.0   0.04  0.0   0.32  0.0   0.0   0.23  
110   S     0.11  0.04  0.0   0.0   0.0   0.06  0.06  0.0   0.03  0.0   0.0   0.14  0.0   0.05  0.0   0.15  0.26  0.0   0.0   0.08  
111   N     0.06  0.08  0.08  0.09  0.0   0.05  0.1   0.07  0.0   0.0   0.01  0.18  0.0   0.0   0.0   0.06  0.17  0.0   0.0   0.03  
112   S     0.01  0.08  0.0   0.04  0.0   0.05  0.11  0.16  0.04  0.03  0.01  0.06  0.0   0.0   0.0   0.23  0.04  0.0   0.09  0.03  
113   A     0.23  0.01  0.01  0.07  0.11  0.01  0.19  0.01  0.0   0.01  0.07  0.05  0.0   0.01  0.01  0.09  0.07  0.0   0.01  0.07  
114   P     0.05  0.06  0.01  0.12  0.0   0.01  0.01  0.01  0.0   0.01  0.08  0.03  0.0   0.06  0.44  0.06  0.01  0.0   0.01  0.01  
115   E     0.0   0.15  0.03  0.14  0.0   0.0   0.17  0.0   0.0   0.02  0.03  0.17  0.03  0.0   0.08  0.15  0.0   0.0   0.0   0.03  
116   E     0.0   0.11  0.15  0.06  0.0   0.03  0.36  0.0   0.0   0.02  0.0   0.05  0.0   0.0   0.0   0.08  0.0   0.0   0.0   0.13  
117   K     0.04  0.08  0.03  0.0   0.0   0.0   0.06  0.0   0.02  0.0   0.07  0.3   0.0   0.06  0.03  0.0   0.14  0.0   0.1   0.06  
118   I     0.03  0.0   0.04  0.03  0.0   0.16  0.14  0.0   0.0   0.23  0.1   0.05  0.0   0.0   0.0   0.0   0.04  0.0   0.0   0.17  
119   R     0.06  0.18  0.06  0.03  0.0   0.07  0.2   0.04  0.0   0.0   0.03  0.14  0.0   0.0   0.0   0.04  0.0   0.11  0.0   0.03  
120   M     0.04  0.05  0.03  0.0   0.0   0.0   0.17  0.06  0.06  0.03  0.11  0.13  0.03  0.04  0.19  0.01  0.0   0.0   0.0   0.03  
121   L     0.06  0.0   0.0   0.0   0.0   0.0   0.06  0.04  0.0   0.12  0.38  0.03  0.0   0.04  0.04  0.04  0.0   0.0   0.0   0.17  
122   E     0.06  0.03  0.08  0.22  0.0   0.04  0.1   0.08  0.03  0.03  0.03  0.1   0.0   0.04  0.0   0.09  0.05  0.0   0.0   0.0   
123   E     0.05  0.03  0.06  0.13  0.0   0.0   0.21  0.0   0.0   0.03  0.0   0.05  0.03  0.03  0.0   0.09  0.05  0.0   0.08  0.14  
124   K     0.03  0.11  0.0   0.06  0.03  0.09  0.05  0.0   0.05  0.0   0.1   0.26  0.05  0.03  0.03  0.0   0.03  0.0   0.0   0.06  
125   A     0.13  0.0   0.0   0.0   0.0   0.14  0.04  0.3   0.0   0.06  0.04  0.0   0.0   0.0   0.0   0.0   0.03  0.0   0.09  0.16  
126   L     0.09  0.0   0.0   0.03  0.06  0.04  0.11  0.0   0.0   0.17  0.19  0.0   0.03  0.0   0.0   0.0   0.05  0.0   0.0   0.21  
127   V     0.0   0.0   0.03  0.0   0.0   0.03  0.09  0.03  0.0   0.19  0.08  0.03  0.0   0.11  0.03  0.0   0.04  0.0   0.0   0.34  
128   I     0.03  0.0   0.0   0.0   0.03  0.0   0.06  0.0   0.0   0.37  0.06  0.0   0.05  0.05  0.03  0.0   0.03  0.05  0.0   0.22  
129   K     0.0   0.18  0.17  0.09  0.0   0.03  0.05  0.0   0.0   0.0   0.03  0.15  0.0   0.09  0.03  0.0   0.04  0.0   0.0   0.13  
130   T     0.1   0.01  0.1   0.12  0.03  0.01  0.17  0.01  0.0   0.04  0.05  0.01  0.0   0.03  0.07  0.08  0.14  0.0   0.0   0.04  
131   G     0.05  0.04  0.09  0.01  0.0   0.01  0.1   0.22  0.06  0.01  0.05  0.08  0.0   0.06  0.01  0.06  0.06  0.0   0.03  0.05  
132   A     0.09  0.03  0.06  0.19  0.0   0.01  0.07  0.02  0.0   0.01  0.05  0.13  0.0   0.01  0.06  0.07  0.17  0.0   0.01  0.01  
133   F     0.02  0.04  0.05  0.04  0.01  0.03  0.15  0.18  0.03  0.01  0.02  0.15  0.06  0.07  0.01  0.08  0.02  0.0   0.01  0.02  
134   R     0.02  0.22  0.04  0.01  0.01  0.14  0.02  0.04  0.03  0.01  0.14  0.15  0.01  0.01  0.05  0.02  0.02  0.0   0.01  0.05  
135   V     0.02  0.01  0.01  0.05  0.0   0.01  0.01  0.04  0.04  0.23  0.16  0.01  0.03  0.04  0.01  0.02  0.01  0.0   0.01  0.29  
136   D     0.01  0.01  0.22  0.38  0.0   0.04  0.03  0.01  0.03  0.01  0.06  0.01  0.0   0.01  0.01  0.12  0.04  0.0   0.0   0.01  
137   L     0.01  0.01  0.01  0.05  0.0   0.01  0.01  0.01  0.0   0.13  0.36  0.01  0.0   0.04  0.15  0.01  0.01  0.18  0.0   0.01  
138   T     0.05  0.11  0.03  0.08  0.0   0.03  0.04  0.03  0.08  0.03  0.11  0.18  0.0   0.03  0.06  0.09  0.03  0.0   0.0   0.03  
139   E     0.14  0.02  0.04  0.21  0.02  0.0   0.21  0.03  0.0   0.02  0.08  0.1   0.0   0.0   0.0   0.1   0.0   0.0   0.0   0.02  
140   L     0.04  0.0   0.0   0.0   0.0   0.0   0.04  0.0   0.0   0.13  0.4   0.0   0.03  0.04  0.0   0.0   0.0   0.0   0.04  0.25  
141   A     0.03  0.0   0.0   0.0   0.0   0.0   0.05  0.0   0.0   0.0   0.48  0.0   0.17  0.07  0.0   0.0   0.05  0.0   0.03  0.11  
142   A     0.11  0.05  0.04  0.14  0.0   0.08  0.19  0.0   0.0   0.03  0.0   0.2   0.02  0.0   0.03  0.06  0.0   0.0   0.0   0.03  
143   K     0.0   0.1   0.0   0.0   0.0   0.07  0.13  0.0   0.0   0.1   0.08  0.19  0.02  0.12  0.0   0.0   0.04  0.0   0.14  0.0   
144   L     0.0   0.0   0.0   0.0   0.04  0.0   0.0   0.0   0.0   0.0   0.85  0.0   0.0   0.03  0.0   0.0   0.0   0.0   0.05  0.0   
145   K     0.18  0.04  0.0   0.05  0.0   0.0   0.05  0.12  0.08  0.0   0.04  0.21  0.0   0.02  0.0   0.0   0.0   0.0   0.18  0.0   
146   E     0.04  0.06  0.1   0.06  0.0   0.25  0.23  0.08  0.0   0.0   0.04  0.13  0.0   0.0   0.0   0.0   0.0   0.0   0.0   0.0   
147   M     0.0   0.21  0.11  0.0   0.0   0.02  0.07  0.0   0.02  0.0   0.08  0.14  0.08  0.11  0.0   0.03  0.04  0.0   0.06  0.0   
148   G     0.0   0.0   0.13  0.04  0.0   0.09  0.08  0.5   0.02  0.0   0.0   0.07  0.0   0.0   0.04  0.0   0.0   0.0   0.0   0.0   
149   I     0.04  0.0   0.0   0.0   0.08  0.0   0.0   0.09  0.0   0.41  0.08  0.0   0.03  0.0   0.0   0.0   0.0   0.0   0.11  0.13  
150   N     0.0   0.12  0.18  0.03  0.03  0.0   0.1   0.0   0.0   0.0   0.17  0.2   0.09  0.0   0.0   0.04  0.05  0.0   0.0   0.0   
151   S     0.03  0.18  0.11  0.12  0.0   0.1   0.0   0.0   0.03  0.0   0.0   0.0   0.0   0.0   0.0   0.4   0.02  0.0   0.0   0.0   
152   L     0.0   0.0   0.0   0.0   0.0   0.0   0.0   0.0   0.0   0.26  0.26  0.0   0.0   0.0   0.0   0.0   0.0   0.0   0.0   0.48  
153   M     0.04  0.0   0.0   0.0   0.0   0.0   0.0   0.0   0.0   0.0   0.36  0.0   0.37  0.0   0.0   0.0   0.0   0.17  0.06  0.0   
154   V     0.0   0.0   0.0   0.0   0.0   0.0   0.0   0.0   0.0   0.15  0.16  0.0   0.0   0.0   0.0   0.0   0.0   0.1   0.0   0.59  
155   E     0.04  0.0   0.0   0.0   0.0   0.0   0.87  0.0   0.0   0.04  0.0   0.0   0.0   0.0   0.0   0.0   0.0   0.0   0.04  0.0   
156   G     0.15  0.0   0.0   0.0   0.1   0.0   0.0   0.75  0.0   0.0   0.0   0.0   0.0   0.0   0.0   0.0   0.0   0.0   0.0   0.0   
157   G     0.0   0.0   0.0   0.0   0.0   0.0   0.0   1.0   0.0   0.0   0.0   0.0   0.0   0.0   0.0   0.0   0.0   0.0   0.0   0.0   
158   A     0.41  0.0   0.0   0.0   0.0   0.0   0.0   0.24  0.0   0.0   0.0   0.04  0.0   0.0   0.12  0.16  0.03  0.0   0.0   0.0   
159   T     0.03  0.05  0.02  0.0   0.0   0.02  0.08  0.04  0.05  0.03  0.0   0.0   0.0   0.0   0.0   0.2   0.35  0.0   0.0   0.12  
160   L     0.0   0.0   0.0   0.0   0.0   0.0   0.0   0.0   0.0   0.15  0.71  0.0   0.0   0.0   0.0   0.0   0.03  0.0   0.0   0.1   
161   N     0.21  0.0   0.28  0.0   0.0   0.0   0.0   0.0   0.13  0.11  0.1   0.0   0.0   0.04  0.0   0.09  0.0   0.0   0.0   0.04  
162   W     0.14  0.0   0.08  0.07  0.0   0.08  0.0   0.19  0.0   0.0   0.0   0.0   0.0   0.03  0.0   0.12  0.14  0.13  0.03  0.0   
163   G     0.11  0.0   0.0   0.08  0.02  0.0   0.11  0.09  0.0   0.0   0.14  0.04  0.0   0.03  0.0   0.3   0.04  0.05  0.0   0.0   
164   M     0.16  0.0   0.0   0.0   0.0   0.0   0.0   0.0   0.0   0.0   0.26  0.0   0.08  0.5   0.0   0.0   0.0   0.0   0.0   0.0   
165   L     0.04  0.0   0.0   0.0   0.0   0.08  0.0   0.0   0.0   0.23  0.37  0.0   0.08  0.06  0.0   0.0   0.0   0.04  0.0   0.11  
166   S     0.03  0.23  0.1   0.02  0.03  0.04  0.06  0.04  0.0   0.0   0.0   0.27  0.0   0.0   0.0   0.12  0.03  0.0   0.02  0.0   
167   A     0.18  0.03  0.0   0.08  0.0   0.08  0.22  0.03  0.0   0.0   0.08  0.0   0.03  0.0   0.07  0.19  0.0   0.0   0.0   0.0   
168   G     0.0   0.06  0.11  0.12  0.0   0.0   0.02  0.37  0.04  0.0   0.0   0.14  0.0   0.0   0.0   0.07  0.04  0.0   0.03  0.0   
169   L     0.09  0.0   0.0   0.04  0.06  0.0   0.0   0.0   0.0   0.11  0.52  0.0   0.0   0.06  0.0   0.0   0.03  0.0   0.0   0.1   
170   V     0.0   0.0   0.0   0.0   0.0   0.0   0.0   0.0   0.0   0.34  0.0   0.0   0.0   0.09  0.0   0.0   0.0   0.0   0.05  0.53  
171   D     0.0   0.0   0.18  0.65  0.0   0.1   0.0   0.0   0.07  0.0   0.0   0.0   0.0   0.0   0.0   0.0   0.0   0.0   0.0   0.0   
172   E     0.13  0.11  0.0   0.0   0.0   0.0   0.47  0.0   0.0   0.0   0.0   0.14  0.0   0.0   0.0   0.12  0.0   0.04  0.0   0.0   
173   V     0.0   0.0   0.0   0.0   0.0   0.0   0.0   0.04  0.0   0.23  0.37  0.0   0.0   0.08  0.0   0.0   0.0   0.0   0.04  0.24  
174   Y     0.0   0.17  0.0   0.0   0.0   0.04  0.0   0.0   0.09  0.28  0.05  0.0   0.0   0.04  0.0   0.02  0.0   0.0   0.06  0.25  
175   T     0.15  0.0   0.0   0.0   0.03  0.0   0.0   0.0   0.0   0.36  0.1   0.0   0.0   0.06  0.0   0.0   0.03  0.0   0.0   0.29  
176   F     0.0   0.0   0.0   0.0   0.03  0.0   0.03  0.0   0.0   0.03  0.0   0.0   0.0   0.16  0.0   0.04  0.31  0.0   0.39  0.0   
177   V     0.0   0.0   0.0   0.0   0.0   0.04  0.0   0.0   0.03  0.41  0.06  0.0   0.03  0.06  0.0   0.03  0.0   0.08  0.02  0.25  
178   G     0.46  0.0   0.0   0.0   0.0   0.0   0.04  0.27  0.04  0.04  0.07  0.0   0.0   0.0   0.0   0.05  0.0   0.0   0.0   0.04  
179   N     0.05  0.0   0.03  0.0   0.0   0.0   0.0   0.0   0.0   0.0   0.0   0.0   0.0   0.0   0.85  0.08  0.0   0.0   0.0   0.0   
180   L     0.0   0.05  0.0   0.0   0.0   0.0   0.0   0.0   0.0   0.13  0.07  0.43  0.05  0.03  0.0   0.0   0.07  0.0   0.04  0.14  
181   I     0.0   0.0   0.0   0.0   0.0   0.0   0.0   0.0   0.0   0.42  0.21  0.0   0.0   0.18  0.0   0.0   0.0   0.03  0.03  0.13  
182   I     0.0   0.0   0.0   0.0   0.0   0.0   0.0   0.0   0.0   0.21  0.53  0.0   0.03  0.15  0.0   0.0   0.0   0.0   0.0   0.09  
183   G     0.04  0.0   0.0   0.0   0.0   0.0   0.0   0.96  0.0   0.0   0.0   0.0   0.0   0.0   0.0   0.0   0.0   0.0   0.0   0.0   
184   G     0.01  0.0   0.08  0.11  0.0   0.0   0.04  0.39  0.06  0.0   0.01  0.01  0.0   0.0   0.0   0.26  0.01  0.0   0.0   0.01  
185   K     0.0   0.06  0.03  0.07  0.0   0.08  0.23  0.09  0.0   0.0   0.04  0.14  0.0   0.0   0.05  0.06  0.06  0.0   0.03  0.04  
186   T     0.17  0.0   0.07  0.06  0.0   0.03  0.03  0.32  0.03  0.0   0.07  0.07  0.0   0.0   0.0   0.0   0.04  0.0   0.0   0.1   
187   A     0.3   0.11  0.01  0.01  0.0   0.04  0.01  0.01  0.0   0.11  0.06  0.14  0.0   0.01  0.01  0.12  0.01  0.0   0.0   0.04  
188   P     0.01  0.04  0.01  0.01  0.0   0.01  0.01  0.08  0.0   0.01  0.02  0.04  0.0   0.01  0.64  0.06  0.01  0.0   0.01  0.01  
189   T     0.01  0.01  0.06  0.01  0.0   0.01  0.01  0.01  0.0   0.01  0.26  0.01  0.07  0.06  0.01  0.15  0.32  0.0   0.0   0.01  
190   F     0.06  0.0   0.0   0.0   0.1   0.0   0.01  0.01  0.0   0.0   0.28  0.01  0.0   0.29  0.14  0.01  0.01  0.0   0.03  0.04  
191   T     0.06  0.07  0.0   0.06  0.04  0.04  0.01  0.01  0.0   0.2   0.01  0.01  0.04  0.03  0.01  0.01  0.12  0.0   0.0   0.29  
192   D     0.01  0.01  0.0   0.29  0.0   0.05  0.06  0.25  0.0   0.04  0.1   0.01  0.0   0.08  0.01  0.07  0.01  0.0   0.0   0.01  
193   G     0.01  0.01  0.04  0.13  0.0   0.01  0.11  0.42  0.0   0.01  0.01  0.01  0.0   0.06  0.07  0.01  0.01  0.0   0.04  0.05  
194   E     0.01  0.01  0.1   0.01  0.0   0.01  0.4   0.04  0.0   0.01  0.23  0.01  0.0   0.01  0.01  0.01  0.01  0.0   0.01  0.11  
195   G     0.01  0.01  0.01  0.01  0.0   0.07  0.01  0.61  0.0   0.01  0.08  0.04  0.0   0.0   0.01  0.05  0.06  0.0   0.03  0.01  
196   F     0.01  0.0   0.04  0.0   0.0   0.0   0.04  0.01  0.05  0.1   0.1   0.0   0.07  0.28  0.0   0.09  0.04  0.0   0.06  0.11  
197   T     0.01  0.0   0.03  0.04  0.03  0.18  0.05  0.01  0.0   0.05  0.08  0.19  0.0   0.06  0.0   0.18  0.04  0.0   0.0   0.04  
198   E     0.0   0.0   0.05  0.0   0.0   0.1   0.1   0.05  0.0   0.07  0.24  0.07  0.0   0.0   0.11  0.11  0.0   0.0   0.0   0.07  
199   N     0.1   0.0   0.04  0.09  0.0   0.0   0.13  0.01  0.0   0.0   0.06  0.14  0.0   0.08  0.06  0.07  0.21  0.0   0.0   0.0   
200   E     0.01  0.0   0.2   0.32  0.0   0.18  0.11  0.01  0.0   0.0   0.01  0.06  0.0   0.0   0.06  0.04  0.0   0.0   0.0   0.0   
201   L     0.35  0.05  0.0   0.0   0.06  0.0   0.1   0.01  0.0   0.0   0.18  0.0   0.0   0.0   0.0   0.13  0.0   0.0   0.0   0.09  
202   L     0.01  0.0   0.0   0.0   0.0   0.0   0.04  0.01  0.0   0.11  0.33  0.06  0.0   0.0   0.2   0.04  0.05  0.0   0.0   0.12  
203   G     0.0   0.13  0.2   0.0   0.0   0.13  0.0   0.04  0.1   0.0   0.07  0.27  0.0   0.0   0.04  0.0   0.0   0.0   0.0   0.0   
204   L     0.0   0.0   0.0   0.0   0.04  0.0   0.0   0.0   0.0   0.0   0.69  0.0   0.0   0.12  0.0   0.0   0.0   0.08  0.0   0.07  
205   E     0.0   0.16  0.0   0.03  0.0   0.14  0.25  0.0   0.0   0.07  0.0   0.25  0.0   0.0   0.0   0.03  0.07  0.0   0.0   0.0   
206   L     0.0   0.0   0.0   0.16  0.0   0.0   0.0   0.0   0.0   0.07  0.41  0.04  0.1   0.23  0.0   0.0   0.0   0.0   0.0   0.0   
207   S     0.0   0.14  0.03  0.05  0.0   0.0   0.07  0.0   0.0   0.1   0.04  0.31  0.0   0.0   0.0   0.04  0.09  0.0   0.0   0.14  
208   S     0.0   0.08  0.1   0.16  0.03  0.03  0.06  0.05  0.04  0.0   0.0   0.14  0.0   0.0   0.0   0.27  0.03  0.0   0.0   0.0   
209   A     0.12  0.0   0.0   0.0   0.04  0.0   0.0   0.0   0.03  0.22  0.09  0.0   0.0   0.03  0.0   0.07  0.15  0.05  0.07  0.14  
210   E     0.0   0.11  0.06  0.0   0.03  0.08  0.34  0.0   0.0   0.0   0.0   0.1   0.0   0.07  0.0   0.0   0.09  0.06  0.06  0.0   
211   K     0.04  0.07  0.04  0.0   0.0   0.31  0.06  0.0   0.07  0.09  0.07  0.14  0.0   0.0   0.0   0.0   0.08  0.0   0.0   0.04  
212   I     0.0   0.1   0.0   0.0   0.05  0.0   0.0   0.06  0.0   0.37  0.14  0.0   0.0   0.09  0.0   0.0   0.0   0.0   0.0   0.19  
213   E     0.0   0.0   0.0   0.04  0.0   0.0   0.09  0.77  0.0   0.0   0.0   0.0   0.0   0.0   0.0   0.05  0.06  0.0   0.0   0.0   
214   D     0.0   0.07  0.04  0.11  0.05  0.05  0.18  0.0   0.0   0.0   0.0   0.07  0.0   0.0   0.25  0.11  0.06  0.0   0.0   0.0   
215   G     0.06  0.0   0.0   0.56  0.0   0.04  0.0   0.21  0.0   0.0   0.01  0.0   0.0   0.0   0.0   0.09  0.0   0.0   0.0   0.0   
216   I     0.0   0.0   0.0   0.0   0.0   0.0   0.0   0.0   0.0   0.29  0.33  0.0   0.08  0.0   0.0   0.0   0.0   0.05  0.0   0.26  
217   L     0.0   0.07  0.0   0.0   0.04  0.06  0.0   0.0   0.0   0.09  0.25  0.23  0.0   0.06  0.0   0.0   0.0   0.0   0.0   0.2   
218   L     0.0   0.0   0.0   0.0   0.0   0.0   0.0   0.0   0.0   0.08  0.53  0.0   0.11  0.05  0.0   0.0   0.1   0.0   0.0   0.13  
219   K     0.0   0.0   0.0   0.05  0.07  0.0   0.16  0.0   0.09  0.0   0.0   0.2   0.0   0.06  0.0   0.19  0.12  0.0   0.0   0.06  
220   W     0.07  0.0   0.0   0.0   0.0   0.0   0.0   0.0   0.0   0.0   0.15  0.0   0.0   0.2   0.0   0.0   0.0   0.2   0.38  0.0   
221   K     0.0   0.0   0.0   0.0   0.0   0.0   0.28  0.0   0.0   0.0   0.0   0.26  0.0   0.0   0.0   0.09  0.13  0.0   0.0   0.24  
222   V     0.13  0.0   0.0   0.0   0.0   0.0   0.0   0.0   0.0   0.11  0.0   0.0   0.0   0.0   0.21  0.0   0.0   0.0   0.0   0.56  
223   K     0.0   0.18  0.0   0.0   0.0   0.0   0.17  0.0   0.0   0.0   0.0   0.65  0.0   0.0   0.0   0.0   0.0   0.0   0.0   0.0   
