             A     R     N     D     C     Q     E     G     H     I     L     K     M     F     P     S     T     W     Y     V
1     S     0.22  0.0   0.16  0.0   0.0   0.0   0.0   0.0   0.0   0.0   0.0   0.0   0.0   0.0   0.0   0.2   0.42  0.0   0.0   0.0   
2     A     0.07  0.0   0.0   0.0   0.0   0.0   0.0   0.0   0.0   0.4   0.31  0.0   0.0   0.0   0.15  0.0   0.07  0.0   0.0   0.0   
3     A     0.06  0.0   0.0   0.0   0.0   0.0   0.0   0.06  0.0   0.0   0.0   0.0   0.0   0.0   0.0   0.42  0.46  0.0   0.0   0.0   
4     N     0.0   0.06  0.1   0.54  0.0   0.0   0.2   0.0   0.0   0.0   0.0   0.08  0.0   0.0   0.0   0.0   0.0   0.0   0.0   0.0   
5     A     0.18  0.0   0.0   0.07  0.0   0.12  0.06  0.0   0.0   0.1   0.15  0.15  0.0   0.0   0.0   0.0   0.16  0.0   0.0   0.0   
6     D     0.0   0.0   0.0   0.47  0.0   0.0   0.41  0.0   0.12  0.0   0.0   0.0   0.0   0.0   0.0   0.0   0.0   0.0   0.0   0.0   
7     F     0.0   0.0   0.0   0.0   0.0   0.0   0.0   0.0   0.0   0.08  0.15  0.0   0.0   0.5   0.0   0.0   0.0   0.0   0.27  0.0   
8     E     0.0   0.28  0.13  0.0   0.06  0.19  0.13  0.0   0.0   0.0   0.06  0.06  0.0   0.0   0.0   0.1   0.0   0.0   0.0   0.0   
9     L     0.0   0.33  0.0   0.09  0.0   0.08  0.08  0.0   0.0   0.0   0.11  0.0   0.0   0.06  0.0   0.0   0.06  0.1   0.05  0.05  
10    F     0.0   0.0   0.0   0.0   0.0   0.0   0.0   0.0   0.0   0.16  0.19  0.0   0.0   0.61  0.0   0.0   0.0   0.0   0.0   0.04  
11    R     0.0   0.17  0.0   0.0   0.06  0.06  0.06  0.0   0.0   0.25  0.06  0.0   0.0   0.06  0.0   0.13  0.1   0.0   0.0   0.05  
12    V     0.0   0.26  0.0   0.06  0.0   0.1   0.23  0.0   0.0   0.0   0.0   0.18  0.0   0.0   0.0   0.0   0.05  0.06  0.0   0.07  
13    F     0.07  0.04  0.0   0.0   0.0   0.05  0.05  0.0   0.0   0.13  0.16  0.05  0.0   0.34  0.0   0.0   0.0   0.0   0.06  0.05  
14    L     0.0   0.0   0.0   0.0   0.0   0.0   0.0   0.0   0.0   0.35  0.31  0.0   0.05  0.05  0.0   0.0   0.0   0.04  0.0   0.19  
15    E     0.0   0.06  0.07  0.0   0.0   0.0   0.26  0.0   0.05  0.0   0.0   0.2   0.0   0.0   0.0   0.0   0.0   0.0   0.36  0.0   
16    K     0.0   0.09  0.05  0.0   0.0   0.19  0.22  0.0   0.0   0.0   0.07  0.16  0.0   0.0   0.0   0.18  0.05  0.0   0.0   0.0   
17    T     0.04  0.34  0.05  0.09  0.0   0.08  0.05  0.0   0.0   0.0   0.08  0.12  0.07  0.0   0.0   0.0   0.08  0.0   0.0   0.0   
18    C     0.19  0.0   0.0   0.0   0.15  0.0   0.0   0.0   0.0   0.11  0.05  0.0   0.0   0.09  0.0   0.07  0.23  0.0   0.07  0.05  
19    G     0.0   0.0   0.0   0.0   0.0   0.0   0.0   0.93  0.0   0.0   0.0   0.0   0.0   0.0   0.0   0.07  0.0   0.0   0.0   0.0   
20    I     0.0   0.0   0.0   0.0   0.0   0.0   0.0   0.0   0.0   0.56  0.24  0.0   0.0   0.05  0.0   0.0   0.0   0.0   0.06  0.1   
21    V     0.05  0.0   0.14  0.36  0.0   0.0   0.0   0.0   0.0   0.0   0.03  0.05  0.0   0.09  0.0   0.04  0.0   0.0   0.05  0.2   
22    L     0.05  0.0   0.0   0.0   0.0   0.0   0.0   0.0   0.0   0.05  0.63  0.0   0.0   0.16  0.0   0.0   0.05  0.0   0.0   0.05  
23    G     0.17  0.06  0.08  0.0   0.0   0.0   0.1   0.14  0.0   0.0   0.06  0.0   0.0   0.0   0.05  0.19  0.16  0.0   0.0   0.0   
24    S     0.03  0.0   0.11  0.3   0.0   0.0   0.16  0.0   0.0   0.0   0.13  0.0   0.0   0.0   0.05  0.17  0.0   0.0   0.05  0.0   
25    N     0.01  0.0   0.07  0.05  0.0   0.0   0.0   0.0   0.09  0.0   0.01  0.05  0.0   0.0   0.0   0.21  0.05  0.0   0.34  0.11  
26    K     0.0   0.0   0.0   0.05  0.0   0.0   0.0   0.15  0.0   0.0   0.0   0.74  0.0   0.0   0.0   0.06  0.0   0.0   0.0   0.0   
27    Q     0.13  0.18  0.0   0.0   0.0   0.14  0.18  0.06  0.0   0.0   0.0   0.11  0.0   0.05  0.1   0.05  0.0   0.0   0.0   0.0   
28    Y     0.15  0.0   0.07  0.06  0.0   0.08  0.03  0.06  0.05  0.0   0.05  0.0   0.0   0.0   0.05  0.09  0.13  0.0   0.19  0.0   
29    L     0.0   0.04  0.0   0.0   0.0   0.13  0.0   0.0   0.0   0.07  0.27  0.0   0.19  0.05  0.0   0.11  0.06  0.0   0.05  0.05  
30    V     0.0   0.0   0.0   0.0   0.0   0.0   0.0   0.0   0.0   0.16  0.17  0.0   0.13  0.0   0.0   0.0   0.0   0.0   0.0   0.55  
31    S     0.07  0.13  0.0   0.1   0.0   0.06  0.15  0.0   0.0   0.0   0.0   0.23  0.0   0.0   0.0   0.06  0.0   0.0   0.21  0.0   
32    S     0.0   0.44  0.09  0.0   0.0   0.0   0.0   0.05  0.0   0.0   0.12  0.05  0.0   0.0   0.0   0.27  0.0   0.0   0.0   0.0   
33    R     0.15  0.78  0.0   0.0   0.0   0.0   0.0   0.0   0.0   0.0   0.0   0.07  0.0   0.0   0.0   0.0   0.0   0.0   0.0   0.0   
34    L     0.0   0.0   0.0   0.0   0.0   0.0   0.0   0.0   0.0   0.16  0.7   0.0   0.0   0.0   0.0   0.0   0.04  0.0   0.0   0.1   
35    N     0.0   0.1   0.13  0.0   0.0   0.0   0.1   0.0   0.0   0.04  0.15  0.0   0.0   0.0   0.0   0.35  0.04  0.0   0.0   0.09  
36    K     0.14  0.23  0.0   0.0   0.0   0.15  0.0   0.0   0.06  0.0   0.04  0.17  0.0   0.0   0.08  0.13  0.0   0.0   0.0   0.0   
37    L     0.06  0.43  0.0   0.0   0.0   0.05  0.0   0.0   0.04  0.0   0.31  0.0   0.0   0.11  0.0   0.0   0.0   0.0   0.0   0.0   
38    M     0.0   0.04  0.0   0.0   0.05  0.0   0.0   0.0   0.0   0.13  0.34  0.0   0.31  0.0   0.0   0.0   0.0   0.0   0.04  0.08  
39    E     0.03  0.37  0.0   0.0   0.0   0.0   0.26  0.06  0.0   0.0   0.0   0.05  0.0   0.0   0.05  0.05  0.05  0.0   0.0   0.1   
40    Q     0.08  0.1   0.04  0.0   0.0   0.13  0.0   0.12  0.0   0.0   0.12  0.24  0.0   0.0   0.0   0.03  0.0   0.0   0.0   0.15  
41    Q     0.05  0.15  0.0   0.0   0.0   0.06  0.0   0.0   0.0   0.0   0.27  0.17  0.0   0.14  0.0   0.0   0.11  0.0   0.04  0.0   
42    G     0.05  0.04  0.15  0.06  0.0   0.06  0.05  0.48  0.0   0.0   0.0   0.12  0.0   0.0   0.0   0.0   0.0   0.0   0.0   0.0   
43    I     0.05  0.0   0.0   0.0   0.06  0.0   0.0   0.0   0.05  0.09  0.36  0.0   0.0   0.09  0.0   0.0   0.07  0.0   0.09  0.15  
44    K     0.03  0.05  0.0   0.03  0.0   0.13  0.1   0.04  0.08  0.05  0.07  0.18  0.05  0.0   0.06  0.07  0.06  0.0   0.0   0.0   
45    S     0.0   0.05  0.11  0.29  0.0   0.0   0.1   0.08  0.0   0.0   0.0   0.0   0.0   0.0   0.0   0.27  0.11  0.0   0.0   0.0   
46    L     0.0   0.0   0.0   0.0   0.0   0.0   0.05  0.0   0.0   0.0   0.25  0.0   0.0   0.5   0.05  0.0   0.0   0.0   0.09  0.06  
47    G     0.09  0.17  0.0   0.1   0.0   0.0   0.05  0.19  0.0   0.0   0.0   0.04  0.0   0.0   0.0   0.21  0.15  0.0   0.0   0.0   
48    E     0.06  0.03  0.0   0.2   0.0   0.05  0.39  0.1   0.08  0.0   0.0   0.0   0.0   0.0   0.0   0.1   0.0   0.0   0.0   0.0   
49    L     0.0   0.0   0.0   0.0   0.0   0.0   0.0   0.0   0.0   0.0   0.2   0.0   0.0   0.2   0.0   0.0   0.0   0.0   0.6   0.0   
50    V     0.04  0.05  0.0   0.0   0.04  0.06  0.0   0.0   0.0   0.09  0.38  0.0   0.0   0.17  0.0   0.0   0.0   0.1   0.0   0.06  
51    Q     0.07  0.08  0.11  0.0   0.0   0.11  0.21  0.07  0.0   0.0   0.05  0.04  0.05  0.0   0.0   0.03  0.18  0.0   0.0   0.0   
52    R     0.08  0.28  0.0   0.08  0.0   0.0   0.0   0.0   0.08  0.0   0.25  0.07  0.07  0.05  0.0   0.0   0.0   0.0   0.05  0.0   
53    I     0.0   0.0   0.0   0.0   0.0   0.0   0.0   0.0   0.0   0.11  0.67  0.0   0.04  0.0   0.0   0.0   0.0   0.0   0.0   0.18  
54    Q     0.05  0.05  0.05  0.04  0.0   0.12  0.28  0.01  0.0   0.05  0.07  0.12  0.0   0.0   0.0   0.01  0.06  0.0   0.0   0.08  
55    T     0.09  0.04  0.0   0.0   0.0   0.0   0.05  0.05  0.12  0.0   0.0   0.17  0.0   0.05  0.0   0.22  0.18  0.0   0.0   0.0   
56    Q     0.0   0.0   0.11  0.37  0.0   0.22  0.04  0.13  0.0   0.0   0.0   0.0   0.0   0.0   0.04  0.09  0.0   0.0   0.0   0.0   
57    R     0.18  0.23  0.03  0.09  0.0   0.04  0.05  0.0   0.03  0.0   0.0   0.04  0.0   0.0   0.21  0.05  0.05  0.0   0.0   0.0   
58    G     0.09  0.0   0.08  0.09  0.0   0.11  0.0   0.35  0.0   0.0   0.0   0.04  0.0   0.0   0.0   0.14  0.06  0.0   0.0   0.04  
59    G     0.11  0.01  0.05  0.14  0.0   0.01  0.17  0.2   0.0   0.01  0.1   0.01  0.07  0.01  0.01  0.01  0.05  0.0   0.05  0.01  
60    L     0.04  0.0   0.0   0.0   0.0   0.0   0.37  0.0   0.0   0.05  0.43  0.0   0.0   0.06  0.0   0.0   0.0   0.0   0.0   0.05  
61    R     0.01  0.28  0.04  0.09  0.0   0.18  0.1   0.01  0.0   0.01  0.01  0.07  0.06  0.0   0.01  0.01  0.01  0.09  0.0   0.01  
62    E     0.11  0.04  0.04  0.0   0.0   0.4   0.24  0.0   0.0   0.12  0.0   0.0   0.0   0.0   0.0   0.0   0.0   0.0   0.0   0.05  
63    M     0.33  0.01  0.01  0.01  0.0   0.04  0.26  0.01  0.05  0.01  0.1   0.01  0.03  0.01  0.01  0.07  0.01  0.0   0.01  0.01  
64    V     0.08  0.0   0.0   0.0   0.0   0.0   0.0   0.0   0.0   0.0   0.36  0.0   0.04  0.3   0.0   0.0   0.11  0.0   0.0   0.11  
65    V     0.0   0.06  0.0   0.0   0.0   0.0   0.0   0.0   0.0   0.37  0.35  0.0   0.04  0.0   0.0   0.0   0.0   0.0   0.0   0.18  
66    D     0.0   0.06  0.22  0.38  0.0   0.06  0.14  0.0   0.0   0.0   0.0   0.0   0.0   0.0   0.05  0.09  0.0   0.0   0.0   0.0   
67    A     0.39  0.08  0.0   0.0   0.0   0.0   0.06  0.0   0.04  0.0   0.09  0.09  0.0   0.07  0.0   0.03  0.1   0.0   0.06  0.0   
68    M     0.0   0.0   0.0   0.0   0.0   0.0   0.0   0.0   0.0   0.09  0.37  0.0   0.32  0.0   0.0   0.0   0.0   0.0   0.0   0.22  
69    T     0.0   0.0   0.0   0.0   0.0   0.0   0.0   0.0   0.0   0.05  0.06  0.0   0.0   0.0   0.0   0.1   0.75  0.0   0.0   0.05  
70    T     0.0   0.0   0.0   0.0   0.0   0.0   0.0   0.0   0.0   0.35  0.0   0.0   0.0   0.0   0.0   0.0   0.4   0.0   0.0   0.25  
71    N     0.0   0.0   0.66  0.0   0.0   0.0   0.0   0.12  0.0   0.0   0.0   0.0   0.0   0.0   0.22  0.0   0.0   0.0   0.0   0.0   
72    E     0.0   0.0   0.0   0.0   0.0   0.0   0.36  0.0   0.09  0.0   0.13  0.05  0.0   0.04  0.0   0.0   0.0   0.0   0.0   0.33  
73    T     0.0   0.0   0.0   0.0   0.0   0.0   0.0   0.0   0.0   0.0   0.0   0.0   0.0   0.0   0.0   0.19  0.81  0.0   0.0   0.0   
74    L     0.13  0.04  0.0   0.0   0.0   0.0   0.33  0.0   0.0   0.0   0.14  0.0   0.0   0.0   0.0   0.1   0.0   0.1   0.16  0.0   
75    W     0.0   0.0   0.0   0.0   0.0   0.0   0.0   0.0   0.0   0.0   0.0   0.0   0.06  0.8   0.0   0.0   0.0   0.14  0.0   0.0   
76    F     0.0   0.0   0.0   0.0   0.0   0.0   0.0   0.0   0.0   0.0   0.07  0.0   0.0   0.89  0.0   0.0   0.0   0.0   0.04  0.0   
77    R     0.0   1.0   0.0   0.0   0.0   0.0   0.0   0.0   0.0   0.0   0.0   0.0   0.0   0.0   0.0   0.0   0.0   0.0   0.0   0.0   
78    D     0.0   0.0   0.17  0.36  0.0   0.0   0.37  0.0   0.0   0.0   0.0   0.0   0.0   0.0   0.0   0.0   0.0   0.0   0.1   0.0   
79    T     0.17  0.13  0.05  0.0   0.0   0.0   0.05  0.0   0.0   0.05  0.01  0.0   0.0   0.0   0.26  0.12  0.09  0.0   0.04  0.0   
80    Y     0.01  0.0   0.05  0.12  0.0   0.0   0.15  0.0   0.22  0.0   0.01  0.23  0.0   0.0   0.0   0.05  0.0   0.0   0.14  0.0   
81    P     0.01  0.13  0.0   0.0   0.0   0.1   0.0   0.0   0.32  0.0   0.01  0.04  0.0   0.0   0.14  0.16  0.0   0.0   0.0   0.05  
82    F     0.01  0.0   0.0   0.0   0.0   0.0   0.0   0.0   0.0   0.0   0.05  0.0   0.0   0.67  0.0   0.0   0.0   0.22  0.0   0.0   
83    E     0.06  0.05  0.0   0.13  0.0   0.0   0.24  0.0   0.0   0.0   0.07  0.0   0.0   0.0   0.13  0.0   0.24  0.04  0.0   0.0   
84    V     0.26  0.0   0.0   0.0   0.0   0.0   0.1   0.0   0.04  0.06  0.07  0.0   0.0   0.09  0.0   0.05  0.05  0.0   0.0   0.23  
85    L     0.0   0.0   0.0   0.0   0.0   0.0   0.0   0.0   0.0   0.05  0.89  0.0   0.0   0.0   0.0   0.0   0.0   0.0   0.0   0.06  
86    K     0.43  0.2   0.05  0.04  0.0   0.0   0.18  0.0   0.0   0.0   0.0   0.06  0.0   0.0   0.0   0.0   0.0   0.0   0.0   0.05  
87    Q     0.0   0.05  0.14  0.25  0.0   0.1   0.23  0.0   0.0   0.0   0.0   0.14  0.0   0.0   0.0   0.05  0.04  0.0   0.0   0.0   
88    R     0.04  0.06  0.0   0.0   0.0   0.04  0.15  0.0   0.13  0.0   0.21  0.19  0.0   0.0   0.0   0.05  0.04  0.0   0.0   0.1   
89    V     0.23  0.0   0.0   0.0   0.0   0.0   0.0   0.0   0.0   0.17  0.17  0.07  0.0   0.0   0.0   0.0   0.0   0.0   0.0   0.36  
90    L     0.01  0.04  0.0   0.0   0.0   0.0   0.07  0.01  0.06  0.18  0.43  0.01  0.0   0.05  0.0   0.01  0.01  0.0   0.0   0.11  
91    P     0.01  0.04  0.0   0.11  0.0   0.0   0.11  0.01  0.0   0.07  0.01  0.06  0.0   0.0   0.56  0.01  0.01  0.0   0.0   0.01  
92    E     0.01  0.15  0.01  0.1   0.0   0.09  0.24  0.01  0.0   0.07  0.16  0.05  0.0   0.01  0.06  0.01  0.01  0.0   0.0   0.01  
93    L     0.01  0.01  0.01  0.01  0.0   0.01  0.01  0.01  0.0   0.14  0.52  0.01  0.03  0.04  0.01  0.01  0.01  0.05  0.07  0.06  
94    I     0.12  0.02  0.01  0.02  0.01  0.05  0.02  0.02  0.01  0.12  0.16  0.02  0.01  0.01  0.07  0.07  0.02  0.0   0.08  0.17  
95    K     0.09  0.2   0.01  0.01  0.0   0.12  0.06  0.02  0.01  0.01  0.12  0.17  0.01  0.01  0.01  0.12  0.01  0.0   0.01  0.02  
96    A     0.26  0.11  0.12  0.05  0.0   0.0   0.09  0.01  0.09  0.01  0.11  0.07  0.0   0.0   0.01  0.04  0.01  0.0   0.0   0.01  
97    N     0.19  0.29  0.06  0.05  0.0   0.0   0.0   0.05  0.0   0.0   0.0   0.08  0.0   0.0   0.0   0.25  0.0   0.0   0.0   0.0   
98    G     0.01  0.15  0.08  0.0   0.0   0.0   0.05  0.14  0.0   0.0   0.11  0.0   0.0   0.0   0.12  0.05  0.16  0.0   0.0   0.11  
99    G     0.06  0.06  0.05  0.01  0.0   0.01  0.07  0.39  0.03  0.01  0.01  0.09  0.0   0.0   0.01  0.08  0.01  0.06  0.0   0.06  
100   Q     0.0   0.36  0.03  0.0   0.0   0.11  0.05  0.1   0.0   0.0   0.0   0.15  0.0   0.0   0.06  0.1   0.0   0.0   0.0   0.0   
101   R     0.06  0.26  0.01  0.01  0.0   0.01  0.11  0.01  0.0   0.01  0.06  0.06  0.0   0.0   0.22  0.12  0.06  0.0   0.0   0.01  
102   L     0.0   0.0   0.0   0.0   0.0   0.0   0.0   0.0   0.0   0.28  0.43  0.0   0.04  0.0   0.0   0.0   0.0   0.0   0.09  0.16  
103   R     0.0   0.54  0.07  0.05  0.0   0.0   0.0   0.0   0.0   0.0   0.0   0.26  0.0   0.0   0.0   0.08  0.0   0.0   0.0   0.0   
104   I     0.0   0.0   0.0   0.0   0.0   0.0   0.0   0.0   0.0   0.53  0.05  0.0   0.03  0.09  0.0   0.0   0.0   0.0   0.0   0.29  
105   W     0.0   0.0   0.0   0.0   0.0   0.0   0.0   0.0   0.0   0.0   0.17  0.0   0.0   0.0   0.0   0.0   0.0   0.83  0.0   0.0   
106   S     0.0   0.0   0.0   0.0   0.0   0.0   0.0   0.0   0.0   0.06  0.0   0.0   0.0   0.0   0.0   0.88  0.06  0.0   0.0   0.0   
107   A     0.82  0.0   0.0   0.0   0.0   0.0   0.0   0.0   0.0   0.0   0.1   0.0   0.05  0.0   0.0   0.0   0.03  0.0   0.0   0.0   
108   A     0.49  0.0   0.0   0.0   0.0   0.0   0.0   0.3   0.0   0.0   0.0   0.0   0.0   0.0   0.22  0.0   0.0   0.0   0.0   0.0   
109   C     0.13  0.0   0.0   0.0   0.75  0.0   0.0   0.0   0.0   0.0   0.0   0.0   0.0   0.0   0.0   0.12  0.0   0.0   0.0   0.0   
110   S     0.15  0.0   0.0   0.0   0.0   0.0   0.0   0.0   0.0   0.0   0.0   0.0   0.0   0.0   0.0   0.85  0.0   0.0   0.0   0.0   
111   S     0.0   0.0   0.0   0.09  0.0   0.0   0.0   0.0   0.0   0.0   0.0   0.0   0.0   0.0   0.0   0.38  0.52  0.0   0.0   0.0   
112   G     0.0   0.0   0.0   0.0   0.0   0.0   0.0   1.0   0.0   0.0   0.0   0.0   0.0   0.0   0.0   0.0   0.0   0.0   0.0   0.0   
113   Q     0.0   0.05  0.0   0.0   0.0   0.18  0.77  0.0   0.0   0.0   0.0   0.0   0.0   0.0   0.0   0.0   0.0   0.0   0.0   0.0   
114   E     0.0   0.0   0.0   0.0   0.0   0.0   1.0   0.0   0.0   0.0   0.0   0.0   0.0   0.0   0.0   0.0   0.0   0.0   0.0   0.0   
115   P     0.06  0.0   0.0   0.0   0.0   0.0   0.0   0.0   0.0   0.0   0.0   0.0   0.0   0.0   0.82  0.0   0.0   0.0   0.0   0.13  
116   Y     0.0   0.0   0.0   0.0   0.0   0.0   0.0   0.0   0.0   0.0   0.0   0.0   0.0   0.0   0.0   0.0   0.0   0.0   1.0   0.0   
117   S     0.0   0.0   0.0   0.0   0.0   0.0   0.0   0.0   0.0   0.0   0.0   0.0   0.0   0.0   0.0   0.77  0.23  0.0   0.0   0.0   
118   L     0.0   0.0   0.0   0.0   0.0   0.0   0.0   0.0   0.0   0.37  0.52  0.0   0.12  0.0   0.0   0.0   0.0   0.0   0.0   0.0   
119   S     0.8   0.0   0.0   0.0   0.0   0.0   0.0   0.0   0.0   0.0   0.0   0.0   0.0   0.0   0.0   0.06  0.0   0.0   0.0   0.14  
120   M     0.0   0.0   0.0   0.0   0.0   0.0   0.0   0.0   0.0   0.2   0.16  0.0   0.6   0.0   0.0   0.05  0.0   0.0   0.0   0.0   
121   A     0.17  0.0   0.0   0.0   0.0   0.0   0.0   0.0   0.0   0.04  0.32  0.0   0.09  0.05  0.0   0.0   0.25  0.0   0.0   0.09  
122   I     0.06  0.0   0.0   0.0   0.0   0.0   0.0   0.0   0.0   0.12  0.57  0.0   0.04  0.06  0.0   0.0   0.0   0.0   0.0   0.11  
123   D     0.12  0.07  0.01  0.16  0.0   0.05  0.05  0.04  0.04  0.01  0.28  0.05  0.0   0.06  0.01  0.01  0.01  0.0   0.0   0.04  
124   E     0.01  0.05  0.01  0.25  0.0   0.05  0.43  0.01  0.05  0.01  0.01  0.05  0.0   0.0   0.01  0.05  0.01  0.0   0.0   0.01  
125   F     0.14  0.02  0.02  0.03  0.01  0.06  0.03  0.04  0.05  0.02  0.13  0.03  0.01  0.08  0.02  0.08  0.11  0.01  0.06  0.06  
126   E     0.04  0.03  0.02  0.03  0.01  0.1   0.09  0.08  0.06  0.03  0.09  0.07  0.1   0.07  0.03  0.04  0.03  0.01  0.02  0.08  
127   K     0.04  0.06  0.02  0.03  0.01  0.1   0.13  0.12  0.01  0.03  0.05  0.06  0.01  0.02  0.07  0.04  0.03  0.05  0.02  0.08  
128   T     0.04  0.08  0.02  0.03  0.01  0.02  0.03  0.04  0.06  0.03  0.13  0.06  0.06  0.07  0.08  0.07  0.1   0.01  0.02  0.03  
129   N     0.2   0.1   0.17  0.08  0.01  0.02  0.03  0.03  0.01  0.02  0.04  0.16  0.01  0.02  0.02  0.03  0.02  0.01  0.01  0.03  
130   L     0.29  0.05  0.01  0.01  0.0   0.01  0.07  0.01  0.0   0.01  0.3   0.01  0.0   0.05  0.13  0.01  0.01  0.0   0.01  0.01  
131   G     0.01  0.01  0.05  0.01  0.05  0.07  0.06  0.6   0.0   0.01  0.02  0.01  0.0   0.01  0.01  0.01  0.01  0.0   0.01  0.06  
132   Q     0.06  0.06  0.16  0.01  0.0   0.12  0.04  0.01  0.0   0.01  0.23  0.01  0.11  0.01  0.01  0.05  0.04  0.0   0.01  0.05  
133   L     0.17  0.04  0.01  0.06  0.0   0.01  0.01  0.01  0.0   0.01  0.31  0.01  0.0   0.16  0.01  0.06  0.01  0.06  0.01  0.06  
134   K     0.05  0.01  0.01  0.09  0.0   0.01  0.13  0.02  0.0   0.08  0.02  0.12  0.0   0.01  0.31  0.11  0.01  0.0   0.01  0.01  
135   A     0.04  0.16  0.01  0.01  0.0   0.01  0.01  0.15  0.0   0.01  0.06  0.07  0.04  0.01  0.13  0.09  0.06  0.0   0.14  0.01  
136   G     0.07  0.07  0.06  0.25  0.0   0.01  0.06  0.12  0.05  0.01  0.07  0.05  0.0   0.01  0.05  0.04  0.07  0.0   0.01  0.01  
137   V     0.03  0.0   0.0   0.0   0.03  0.0   0.0   0.0   0.0   0.16  0.06  0.0   0.07  0.14  0.0   0.0   0.04  0.06  0.08  0.33  
138   Q     0.03  0.04  0.0   0.1   0.0   0.14  0.1   0.0   0.0   0.0   0.06  0.29  0.0   0.0   0.0   0.15  0.0   0.0   0.07  0.0   
139   I     0.0   0.0   0.0   0.0   0.0   0.0   0.0   0.0   0.0   0.76  0.05  0.0   0.0   0.0   0.0   0.0   0.0   0.0   0.0   0.19  
140   V     0.0   0.0   0.0   0.1   0.0   0.0   0.0   0.0   0.0   0.05  0.37  0.0   0.0   0.11  0.0   0.0   0.08  0.13  0.06  0.1   
141   A     0.88  0.0   0.0   0.0   0.0   0.0   0.0   0.12  0.0   0.0   0.0   0.0   0.0   0.0   0.0   0.0   0.0   0.0   0.0   0.0   
142   T     0.0   0.0   0.0   0.0   0.0   0.0   0.0   0.0   0.0   0.0   0.05  0.0   0.05  0.0   0.0   0.17  0.66  0.0   0.0   0.07  
143   D     0.0   0.0   0.0   1.0   0.0   0.0   0.0   0.0   0.0   0.0   0.0   0.0   0.0   0.0   0.0   0.0   0.0   0.0   0.0   0.0   
144   L     0.0   0.0   0.0   0.0   0.0   0.0   0.0   0.0   0.0   0.69  0.2   0.0   0.0   0.0   0.0   0.0   0.0   0.0   0.0   0.1   
145   S     0.0   0.0   0.18  0.43  0.0   0.0   0.1   0.0   0.0   0.0   0.0   0.0   0.0   0.0   0.0   0.29  0.0   0.0   0.0   0.0   
146   G     0.13  0.04  0.0   0.0   0.0   0.0   0.09  0.06  0.0   0.09  0.05  0.0   0.0   0.0   0.26  0.07  0.22  0.0   0.0   0.0   
147   S     0.18  0.05  0.0   0.05  0.0   0.03  0.06  0.13  0.06  0.0   0.0   0.08  0.06  0.0   0.0   0.27  0.03  0.0   0.0   0.0   
148   M     0.14  0.0   0.06  0.0   0.0   0.0   0.0   0.0   0.0   0.17  0.0   0.0   0.14  0.0   0.0   0.12  0.0   0.0   0.0   0.37  
149   L     0.0   0.0   0.0   0.0   0.0   0.0   0.0   0.0   0.0   0.17  0.73  0.0   0.0   0.0   0.0   0.0   0.0   0.0   0.0   0.1   
150   T     0.15  0.04  0.05  0.15  0.0   0.09  0.42  0.0   0.0   0.0   0.0   0.04  0.0   0.0   0.0   0.0   0.06  0.0   0.0   0.0   
151   A     0.08  0.25  0.03  0.0   0.04  0.04  0.05  0.0   0.0   0.04  0.0   0.34  0.08  0.0   0.0   0.0   0.06  0.0   0.0   0.0   
152   A     0.89  0.0   0.0   0.0   0.11  0.0   0.0   0.0   0.0   0.0   0.0   0.0   0.0   0.0   0.0   0.0   0.0   0.0   0.0   0.0   
153   K     0.1   0.28  0.0   0.0   0.0   0.04  0.03  0.05  0.0   0.0   0.0   0.35  0.0   0.0   0.0   0.09  0.0   0.0   0.0   0.04  
154   A     0.29  0.0   0.0   0.0   0.0   0.25  0.09  0.0   0.0   0.04  0.16  0.04  0.0   0.0   0.0   0.06  0.03  0.0   0.0   0.04  
155   G     0.05  0.0   0.0   0.0   0.0   0.0   0.0   0.95  0.0   0.0   0.0   0.0   0.0   0.0   0.0   0.0   0.0   0.0   0.0   0.0   
156   E     0.04  0.1   0.0   0.0   0.0   0.0   0.11  0.0   0.0   0.38  0.0   0.07  0.0   0.06  0.0   0.0   0.0   0.0   0.04  0.21  
157   Y     0.0   0.0   0.0   0.0   0.0   0.0   0.0   0.0   0.0   0.0   0.0   0.0   0.0   0.15  0.0   0.0   0.0   0.0   0.85  0.0   
158   D     0.01  0.06  0.0   0.19  0.0   0.15  0.1   0.11  0.0   0.0   0.01  0.0   0.0   0.0   0.13  0.12  0.1   0.0   0.0   0.01  
159   T     0.1   0.13  0.08  0.0   0.0   0.0   0.21  0.07  0.06  0.05  0.04  0.0   0.06  0.0   0.0   0.13  0.08  0.0   0.0   0.0   
160   L     0.0   0.38  0.1   0.05  0.0   0.06  0.2   0.0   0.0   0.0   0.17  0.0   0.0   0.0   0.0   0.04  0.0   0.0   0.0   0.0   
161   A     0.28  0.13  0.0   0.03  0.0   0.04  0.03  0.0   0.0   0.0   0.0   0.0   0.0   0.0   0.0   0.32  0.17  0.0   0.0   0.0   
162   M     0.06  0.0   0.0   0.01  0.0   0.0   0.03  0.01  0.0   0.14  0.38  0.01  0.14  0.15  0.0   0.01  0.01  0.0   0.0   0.05  
163   G     0.16  0.08  0.02  0.07  0.01  0.12  0.1   0.13  0.01  0.02  0.06  0.06  0.01  0.01  0.02  0.02  0.02  0.0   0.01  0.06  
164   R     0.06  0.34  0.0   0.0   0.0   0.08  0.23  0.0   0.0   0.14  0.0   0.1   0.0   0.0   0.0   0.04  0.0   0.0   0.0   0.0   
165   G     0.02  0.01  0.13  0.07  0.0   0.01  0.01  0.26  0.0   0.01  0.02  0.01  0.04  0.01  0.01  0.16  0.15  0.0   0.07  0.01  
166   L     0.01  0.0   0.0   0.1   0.0   0.0   0.07  0.01  0.0   0.05  0.49  0.0   0.0   0.0   0.04  0.11  0.0   0.0   0.0   0.09  
167   S     0.04  0.0   0.05  0.0   0.0   0.05  0.17  0.0   0.0   0.09  0.0   0.0   0.0   0.0   0.23  0.32  0.06  0.0   0.0   0.0   
168   P     0.0   0.0   0.11  0.0   0.0   0.08  0.11  0.0   0.0   0.0   0.19  0.09  0.0   0.0   0.36  0.0   0.06  0.0   0.0   0.0   
169   E     0.09  0.0   0.0   0.0   0.0   0.1   0.23  0.15  0.0   0.03  0.04  0.0   0.0   0.0   0.0   0.15  0.06  0.0   0.11  0.04  
170   R     0.0   0.3   0.0   0.0   0.0   0.09  0.15  0.0   0.0   0.0   0.05  0.04  0.04  0.21  0.0   0.05  0.0   0.0   0.04  0.04  
171   L     0.0   0.27  0.0   0.0   0.0   0.0   0.0   0.0   0.0   0.0   0.47  0.19  0.03  0.0   0.0   0.0   0.0   0.0   0.05  0.0   
172   Q     0.06  0.16  0.05  0.09  0.0   0.2   0.15  0.0   0.04  0.05  0.05  0.11  0.0   0.0   0.0   0.0   0.05  0.0   0.0   0.0   
173   R     0.0   0.51  0.0   0.0   0.0   0.04  0.16  0.0   0.0   0.03  0.0   0.13  0.0   0.04  0.0   0.0   0.07  0.0   0.0   0.03  
174   Y     0.04  0.04  0.0   0.0   0.0   0.0   0.0   0.04  0.14  0.0   0.0   0.0   0.0   0.25  0.0   0.0   0.0   0.04  0.45  0.0   
175   F     0.0   0.0   0.0   0.0   0.04  0.0   0.0   0.0   0.0   0.0   0.08  0.0   0.0   0.77  0.0   0.0   0.0   0.0   0.06  0.05  
176   D     0.0   0.11  0.04  0.15  0.0   0.0   0.1   0.0   0.0   0.0   0.07  0.04  0.0   0.08  0.0   0.12  0.15  0.0   0.0   0.14  
177   A     0.14  0.05  0.0   0.06  0.0   0.08  0.19  0.21  0.0   0.0   0.04  0.03  0.0   0.0   0.07  0.0   0.08  0.0   0.0   0.04  
178   K     0.07  0.13  0.04  0.0   0.0   0.04  0.06  0.0   0.0   0.0   0.13  0.13  0.0   0.0   0.0   0.07  0.11  0.0   0.0   0.19  
179   G     0.18  0.0   0.0   0.19  0.0   0.04  0.11  0.44  0.0   0.0   0.0   0.0   0.0   0.0   0.03  0.0   0.0   0.0   0.0   0.0   
180   P     0.0   0.08  0.04  0.34  0.0   0.04  0.14  0.0   0.0   0.0   0.11  0.0   0.0   0.0   0.16  0.0   0.0   0.0   0.07  0.0   
181   G     0.04  0.12  0.0   0.04  0.0   0.0   0.0   0.63  0.0   0.0   0.0   0.07  0.0   0.0   0.0   0.07  0.04  0.0   0.0   0.0   
182   R     0.06  0.15  0.1   0.01  0.0   0.05  0.01  0.04  0.05  0.01  0.08  0.25  0.0   0.07  0.01  0.08  0.01  0.0   0.0   0.01  
183   W     0.1   0.0   0.0   0.0   0.0   0.0   0.0   0.0   0.0   0.0   0.0   0.07  0.1   0.13  0.0   0.0   0.0   0.05  0.38  0.15  
184   A     0.05  0.18  0.0   0.0   0.0   0.27  0.08  0.0   0.0   0.06  0.0   0.1   0.0   0.0   0.0   0.0   0.18  0.0   0.04  0.05  
185   V     0.04  0.0   0.0   0.0   0.0   0.0   0.0   0.0   0.0   0.37  0.13  0.0   0.06  0.0   0.0   0.0   0.0   0.0   0.0   0.39  
186   K     0.04  0.12  0.12  0.17  0.0   0.0   0.0   0.0   0.05  0.04  0.08  0.25  0.0   0.0   0.0   0.1   0.0   0.0   0.0   0.03  
187   P     0.0   0.0   0.04  0.28  0.0   0.11  0.24  0.0   0.0   0.0   0.0   0.07  0.0   0.0   0.18  0.06  0.03  0.0   0.0   0.0   
188   A     0.23  0.13  0.13  0.04  0.0   0.04  0.22  0.0   0.0   0.04  0.0   0.04  0.0   0.0   0.0   0.12  0.0   0.0   0.0   0.0   
189   I     0.0   0.0   0.07  0.0   0.0   0.0   0.07  0.0   0.0   0.17  0.32  0.06  0.0   0.0   0.0   0.0   0.0   0.0   0.04  0.26  
190   R     0.07  0.4   0.0   0.0   0.0   0.03  0.0   0.0   0.0   0.06  0.07  0.36  0.0   0.0   0.0   0.0   0.0   0.0   0.0   0.0   
191   S     0.02  0.17  0.05  0.11  0.07  0.2   0.04  0.0   0.0   0.0   0.0   0.28  0.0   0.0   0.0   0.05  0.0   0.0   0.0   0.0   
192   R     0.04  0.07  0.23  0.0   0.0   0.05  0.0   0.0   0.0   0.03  0.18  0.04  0.04  0.0   0.0   0.08  0.11  0.0   0.13  0.0   
193   V     0.0   0.0   0.0   0.0   0.07  0.0   0.0   0.0   0.0   0.3   0.0   0.0   0.0   0.0   0.0   0.0   0.0   0.0   0.0   0.63  
194   E     0.0   0.23  0.09  0.06  0.0   0.0   0.21  0.0   0.0   0.0   0.0   0.07  0.0   0.0   0.0   0.05  0.21  0.0   0.04  0.05  
195   F     0.0   0.0   0.0   0.0   0.0   0.0   0.0   0.0   0.0   0.0   0.11  0.0   0.0   0.85  0.0   0.0   0.0   0.0   0.04  0.0   
196   R     0.13  0.27  0.04  0.04  0.0   0.02  0.12  0.0   0.11  0.0   0.0   0.2   0.0   0.0   0.0   0.03  0.04  0.0   0.0   0.0   
197   A     0.09  0.16  0.0   0.06  0.04  0.14  0.04  0.04  0.07  0.0   0.07  0.07  0.0   0.0   0.11  0.05  0.0   0.0   0.0   0.05  
198   L     0.0   0.0   0.0   0.0   0.14  0.1   0.0   0.09  0.29  0.03  0.25  0.0   0.0   0.03  0.0   0.0   0.04  0.0   0.0   0.03  
199   N     0.0   0.0   0.69  0.12  0.0   0.0   0.0   0.0   0.0   0.0   0.0   0.0   0.0   0.0   0.0   0.2   0.0   0.0   0.0   0.0   
200   L     0.0   0.0   0.0   0.0   0.0   0.0   0.0   0.0   0.0   0.14  0.75  0.0   0.0   0.0   0.0   0.0   0.0   0.0   0.0   0.12  
201   L     0.0   0.0   0.05  0.0   0.0   0.0   0.0   0.0   0.0   0.09  0.49  0.0   0.14  0.11  0.0   0.0   0.08  0.0   0.0   0.0   
202   D     0.22  0.0   0.05  0.38  0.0   0.04  0.17  0.01  0.0   0.0   0.01  0.0   0.0   0.0   0.0   0.01  0.09  0.0   0.0   0.0   
203   S     0.04  0.0   0.0   0.04  0.0   0.09  0.21  0.05  0.0   0.08  0.07  0.08  0.0   0.0   0.09  0.16  0.07  0.0   0.0   0.0   
204   Y     0.05  0.0   0.0   0.42  0.0   0.0   0.0   0.0   0.0   0.0   0.04  0.0   0.0   0.11  0.0   0.0   0.0   0.09  0.2   0.09  
205   A     0.2   0.07  0.03  0.07  0.0   0.04  0.06  0.0   0.0   0.0   0.0   0.0   0.0   0.0   0.24  0.2   0.03  0.03  0.04  0.0   
206   S     0.0   0.12  0.0   0.0   0.0   0.0   0.04  0.04  0.0   0.0   0.09  0.09  0.0   0.18  0.05  0.22  0.0   0.0   0.03  0.11  
207   L     0.0   0.0   0.0   0.05  0.0   0.0   0.14  0.0   0.0   0.03  0.25  0.11  0.02  0.18  0.07  0.09  0.0   0.0   0.06  0.0   
208   G     0.04  0.04  0.0   0.0   0.0   0.07  0.0   0.64  0.0   0.0   0.0   0.07  0.0   0.0   0.0   0.1   0.05  0.0   0.0   0.0   
209   K     0.05  0.05  0.03  0.07  0.0   0.0   0.1   0.01  0.0   0.0   0.06  0.43  0.0   0.0   0.12  0.05  0.01  0.0   0.0   0.01  
210   F     0.0   0.0   0.0   0.0   0.04  0.0   0.0   0.0   0.0   0.0   0.11  0.0   0.09  0.62  0.0   0.0   0.06  0.0   0.09  0.0   
211   D     0.0   0.0   0.0   0.94  0.0   0.06  0.0   0.0   0.0   0.0   0.0   0.0   0.0   0.0   0.0   0.0   0.0   0.0   0.0   0.0   
212   M     0.11  0.0   0.0   0.0   0.0   0.0   0.0   0.0   0.0   0.16  0.41  0.0   0.02  0.09  0.0   0.0   0.0   0.0   0.14  0.08  
213   V     0.0   0.0   0.0   0.0   0.0   0.0   0.0   0.0   0.0   0.71  0.0   0.0   0.0   0.0   0.0   0.0   0.0   0.0   0.0   0.29  
214   F     0.12  0.0   0.0   0.0   0.0   0.0   0.0   0.0   0.0   0.07  0.08  0.0   0.0   0.43  0.0   0.06  0.05  0.0   0.0   0.2   
215   C     0.0   0.0   0.0   0.0   0.93  0.0   0.0   0.0   0.0   0.0   0.0   0.0   0.0   0.0   0.0   0.07  0.0   0.0   0.0   0.0   
216   R     0.0   0.86  0.0   0.0   0.0   0.0   0.0   0.0   0.14  0.0   0.0   0.0   0.0   0.0   0.0   0.0   0.0   0.0   0.0   0.0   
217   N     0.0   0.0   0.86  0.0   0.0   0.0   0.0   0.14  0.0   0.0   0.0   0.0   0.0   0.0   0.0   0.0   0.0   0.0   0.0   0.0   
218   V     0.0   0.0   0.0   0.0   0.0   0.0   0.0   0.0   0.0   0.0   0.13  0.0   0.07  0.0   0.0   0.0   0.05  0.0   0.0   0.75  
219   L     0.0   0.0   0.0   0.0   0.05  0.0   0.0   0.0   0.0   0.18  0.42  0.0   0.18  0.03  0.0   0.0   0.0   0.0   0.06  0.06  
220   I     0.0   0.0   0.0   0.0   0.0   0.0   0.0   0.0   0.0   0.86  0.0   0.0   0.0   0.0   0.0   0.14  0.0   0.0   0.0   0.0   
221   Y     0.0   0.0   0.0   0.0   0.0   0.0   0.0   0.0   0.0   0.0   0.0   0.0   0.0   0.0   0.0   0.0   0.0   0.14  0.86  0.0   
222   F     0.0   0.0   0.0   0.0   0.0   0.0   0.0   0.0   0.0   0.05  0.0   0.0   0.0   0.81  0.0   0.0   0.0   0.0   0.0   0.14  
223   S     0.0   0.05  0.06  0.51  0.0   0.0   0.03  0.0   0.0   0.0   0.0   0.0   0.0   0.0   0.07  0.17  0.11  0.0   0.0   0.0   
224   A     0.09  0.08  0.0   0.04  0.0   0.03  0.15  0.0   0.07  0.0   0.04  0.33  0.0   0.0   0.14  0.0   0.0   0.0   0.0   0.05  
225   E     0.0   0.0   0.0   0.1   0.0   0.07  0.32  0.0   0.0   0.12  0.0   0.04  0.0   0.0   0.26  0.03  0.05  0.0   0.0   0.0   
226   V     0.14  0.0   0.0   0.0   0.0   0.0   0.0   0.04  0.0   0.0   0.06  0.0   0.06  0.0   0.0   0.11  0.35  0.0   0.05  0.19  
227   K     0.0   0.16  0.0   0.0   0.0   0.43  0.0   0.0   0.0   0.04  0.0   0.37  0.0   0.0   0.0   0.0   0.0   0.0   0.0   0.0   
228   R     0.0   0.14  0.07  0.2   0.0   0.07  0.16  0.0   0.04  0.0   0.12  0.03  0.04  0.0   0.0   0.1   0.03  0.0   0.0   0.0   
229   D     0.0   0.21  0.08  0.08  0.0   0.07  0.16  0.04  0.0   0.0   0.0   0.3   0.0   0.0   0.05  0.0   0.0   0.0   0.0   0.0   
230   I     0.19  0.0   0.0   0.0   0.0   0.0   0.0   0.0   0.0   0.34  0.32  0.0   0.0   0.0   0.0   0.0   0.0   0.0   0.0   0.15  
231   L     0.04  0.0   0.0   0.0   0.0   0.0   0.0   0.0   0.0   0.03  0.44  0.0   0.11  0.12  0.0   0.0   0.0   0.04  0.14  0.08  
232   L     0.0   0.15  0.1   0.09  0.0   0.07  0.33  0.06  0.04  0.0   0.08  0.07  0.0   0.0   0.0   0.0   0.0   0.0   0.0   0.0   
233   R     0.0   0.38  0.0   0.0   0.0   0.06  0.0   0.0   0.0   0.0   0.06  0.18  0.0   0.0   0.0   0.04  0.05  0.0   0.0   0.23  
234   I     0.0   0.0   0.0   0.0   0.07  0.0   0.0   0.0   0.0   0.05  0.15  0.0   0.17  0.5   0.0   0.0   0.0   0.0   0.0   0.05  
235   H     0.2   0.0   0.18  0.0   0.0   0.0   0.0   0.0   0.26  0.0   0.04  0.09  0.0   0.0   0.0   0.08  0.0   0.0   0.04  0.11  
236   G     0.1   0.23  0.0   0.0   0.0   0.03  0.21  0.06  0.03  0.0   0.0   0.11  0.0   0.0   0.07  0.11  0.0   0.0   0.05  0.0   
237   T     0.12  0.0   0.07  0.0   0.0   0.08  0.0   0.0   0.0   0.07  0.29  0.0   0.0   0.0   0.0   0.27  0.05  0.0   0.04  0.0   
238   L     0.0   0.0   0.0   0.0   0.0   0.0   0.0   0.0   0.0   0.0   0.95  0.0   0.0   0.0   0.0   0.0   0.0   0.0   0.0   0.05  
239   K     0.0   0.28  0.24  0.0   0.06  0.0   0.0   0.0   0.05  0.0   0.0   0.26  0.0   0.0   0.04  0.07  0.0   0.0   0.0   0.0   
240   P     0.0   0.04  0.0   0.07  0.0   0.0   0.08  0.0   0.06  0.0   0.0   0.07  0.0   0.0   0.55  0.0   0.12  0.0   0.0   0.0   
241   G     0.0   0.06  0.17  0.13  0.0   0.05  0.03  0.49  0.0   0.0   0.0   0.07  0.0   0.0   0.0   0.0   0.0   0.0   0.0   0.0   
242   G     0.0   0.0   0.0   0.0   0.0   0.0   0.0   0.96  0.0   0.0   0.0   0.0   0.0   0.0   0.0   0.04  0.0   0.0   0.0   0.0   
243   Y     0.04  0.07  0.0   0.0   0.0   0.0   0.0   0.0   0.08  0.14  0.15  0.0   0.0   0.09  0.0   0.0   0.0   0.0   0.2   0.23  
244   L     0.14  0.0   0.0   0.0   0.0   0.0   0.0   0.0   0.0   0.0   0.79  0.0   0.04  0.03  0.0   0.0   0.0   0.0   0.0   0.0   
245   F     0.0   0.0   0.0   0.0   0.0   0.0   0.0   0.0   0.0   0.0   0.1   0.0   0.03  0.57  0.0   0.0   0.0   0.0   0.18  0.11  
246   L     0.11  0.0   0.0   0.0   0.0   0.0   0.0   0.0   0.0   0.34  0.39  0.0   0.0   0.0   0.0   0.0   0.0   0.0   0.0   0.17  
247   G     0.01  0.01  0.01  0.01  0.0   0.01  0.01  0.87  0.0   0.01  0.01  0.01  0.0   0.01  0.01  0.01  0.01  0.0   0.0   0.01  
248   A     0.12  0.01  0.1   0.01  0.0   0.05  0.01  0.09  0.26  0.01  0.01  0.01  0.0   0.01  0.1   0.14  0.01  0.0   0.05  0.01  
249   S     0.17  0.01  0.01  0.01  0.0   0.01  0.01  0.01  0.0   0.01  0.01  0.07  0.0   0.01  0.01  0.51  0.15  0.0   0.0   0.01  
250   E     0.01  0.01  0.01  0.08  0.0   0.01  0.8   0.01  0.0   0.01  0.01  0.01  0.0   0.01  0.01  0.01  0.01  0.0   0.0   0.01  
251   A     0.15  0.07  0.11  0.0   0.0   0.11  0.0   0.0   0.0   0.0   0.08  0.0   0.0   0.0   0.0   0.39  0.09  0.0   0.0   0.0   
252   L     0.0   0.0   0.0   0.0   0.0   0.0   0.0   0.0   0.0   0.27  0.27  0.0   0.05  0.12  0.0   0.0   0.0   0.0   0.15  0.14  
253   N     0.0   0.05  0.22  0.0   0.0   0.0   0.0   0.04  0.0   0.0   0.04  0.0   0.0   0.17  0.06  0.26  0.08  0.0   0.0   0.09  
254   N     0.07  0.1   0.18  0.0   0.0   0.08  0.0   0.26  0.07  0.0   0.0   0.05  0.0   0.0   0.0   0.0   0.16  0.0   0.0   0.0   
255   L     0.05  0.0   0.0   0.0   0.05  0.0   0.1   0.0   0.0   0.09  0.38  0.0   0.0   0.0   0.05  0.0   0.0   0.0   0.07  0.18  
256   P     0.15  0.0   0.0   0.0   0.0   0.06  0.03  0.0   0.0   0.0   0.0   0.06  0.0   0.0   0.27  0.25  0.08  0.0   0.06  0.03  
257   D     0.0   0.1   0.0   0.4   0.0   0.0   0.12  0.13  0.0   0.0   0.0   0.06  0.0   0.0   0.0   0.17  0.0   0.0   0.0   0.0   
258   H     0.01  0.24  0.01  0.1   0.0   0.01  0.05  0.01  0.12  0.07  0.07  0.2   0.0   0.01  0.01  0.01  0.01  0.0   0.06  0.01  
259   Y     0.0   0.0   0.0   0.0   0.0   0.0   0.0   0.0   0.0   0.0   0.0   0.0   0.0   0.68  0.0   0.0   0.0   0.14  0.14  0.0   
260   Q     0.0   0.0   0.13  0.0   0.0   0.08  0.31  0.12  0.18  0.0   0.0   0.0   0.0   0.0   0.0   0.1   0.04  0.0   0.04  0.0   
261   M     0.0   0.0   0.0   0.0   0.0   0.0   0.0   0.0   0.0   0.0   0.33  0.0   0.42  0.0   0.09  0.0   0.0   0.0   0.0   0.15  
262   V     0.01  0.0   0.0   0.0   0.0   0.0   0.01  0.01  0.0   0.09  0.2   0.1   0.0   0.0   0.0   0.01  0.0   0.0   0.0   0.56  
263   Q     0.01  0.46  0.0   0.01  0.0   0.11  0.17  0.01  0.0   0.01  0.01  0.01  0.0   0.0   0.08  0.09  0.01  0.0   0.0   0.01  
264   C     0.22  0.0   0.0   0.0   0.31  0.0   0.0   0.0   0.0   0.0   0.0   0.0   0.0   0.0   0.0   0.11  0.1   0.0   0.0   0.25  
265   S     0.0   0.0   0.31  0.25  0.0   0.0   0.0   0.0   0.0   0.0   0.0   0.15  0.0   0.0   0.0   0.16  0.0   0.0   0.0   0.13  
266   P     0.01  0.01  0.01  0.01  0.0   0.0   0.13  0.27  0.0   0.01  0.01  0.01  0.0   0.0   0.51  0.01  0.01  0.0   0.0   0.01  
267   G     0.14  0.0   0.0   0.0   0.0   0.28  0.0   0.35  0.0   0.0   0.0   0.0   0.0   0.0   0.0   0.0   0.23  0.0   0.0   0.0   
268   I     0.0   0.15  0.0   0.0   0.0   0.0   0.0   0.0   0.0   0.35  0.0   0.0   0.0   0.37  0.0   0.0   0.13  0.0   0.0   0.0   
269   I     0.0   0.0   0.0   0.0   0.0   0.0   0.0   0.0   0.0   0.5   0.0   0.0   0.0   0.23  0.0   0.0   0.0   0.0   0.0   0.27  
270   Y     0.0   0.0   0.0   0.0   0.0   0.0   0.0   0.0   0.0   0.0   0.0   0.0   0.0   0.15  0.0   0.0   0.0   0.0   0.85  0.0   
271   R     0.0   0.55  0.0   0.0   0.0   0.23  0.0   0.0   0.0   0.0   0.0   0.22  0.0   0.0   0.0   0.0   0.0   0.0   0.0   0.0   
272   A     0.32  0.0   0.0   0.0   0.0   0.0   0.0   0.0   0.0   0.0   0.38  0.3   0.0   0.0   0.0   0.0   0.0   0.0   0.0   0.0   
273   K     0.0   0.3   0.0   0.0   0.0   0.0   0.0   0.0   0.0   0.0   0.0   0.7   0.0   0.0   0.0   0.0   0.0   0.0   0.0   0.0   
