             A     R     N     D     C     Q     E     G     H     I     L     K     M     F     P     S     T     W     Y     V
1     Y     0.0   0.0   0.0   0.0   0.0   0.0   0.0   0.0   0.0   0.0   0.0   0.0   0.0   0.0   0.0   0.0   0.0   0.0   1.0   0.0   
2     H     0.0   0.0   0.09  0.48  0.0   0.0   0.15  0.0   0.1   0.0   0.0   0.19  0.0   0.0   0.0   0.0   0.0   0.0   0.0   0.0   
3     E     0.0   0.0   0.0   0.17  0.0   0.0   0.66  0.0   0.0   0.0   0.0   0.0   0.0   0.0   0.0   0.17  0.0   0.0   0.0   0.0   
4     Q     0.0   0.19  0.06  0.07  0.0   0.43  0.0   0.0   0.0   0.0   0.0   0.24  0.0   0.0   0.0   0.0   0.0   0.0   0.0   0.0   
5     F     0.0   0.0   0.0   0.0   0.0   0.0   0.0   0.0   0.0   0.0   0.0   0.0   0.0   0.6   0.0   0.0   0.0   0.0   0.4   0.0   
6     L     0.1   0.11  0.0   0.0   0.0   0.0   0.0   0.05  0.0   0.14  0.35  0.0   0.0   0.07  0.0   0.0   0.1   0.0   0.0   0.09  
7     K     0.06  0.05  0.0   0.0   0.0   0.05  0.0   0.0   0.0   0.0   0.33  0.3   0.05  0.0   0.0   0.0   0.0   0.0   0.0   0.17  
8     Q     0.0   0.4   0.0   0.0   0.0   0.17  0.0   0.0   0.07  0.0   0.0   0.09  0.0   0.0   0.0   0.11  0.12  0.0   0.05  0.0   
9     N     0.07  0.0   0.39  0.0   0.0   0.0   0.07  0.15  0.11  0.0   0.0   0.0   0.0   0.0   0.0   0.15  0.0   0.0   0.06  0.0   
10    P     0.05  0.12  0.06  0.0   0.0   0.0   0.0   0.0   0.0   0.0   0.0   0.14  0.0   0.0   0.46  0.05  0.11  0.0   0.0   0.0   
11    L     0.0   0.32  0.0   0.0   0.0   0.0   0.0   0.0   0.0   0.0   0.43  0.07  0.0   0.07  0.0   0.06  0.05  0.0   0.0   0.0   
12    A     0.23  0.0   0.0   0.0   0.0   0.26  0.51  0.0   0.0   0.0   0.0   0.0   0.0   0.0   0.0   0.0   0.0   0.0   0.0   0.0   
13    V     0.0   0.0   0.0   0.0   0.0   0.0   0.0   0.0   0.0   0.68  0.05  0.0   0.0   0.0   0.0   0.0   0.0   0.0   0.0   0.27  
14    L     0.09  0.15  0.0   0.0   0.09  0.0   0.0   0.14  0.0   0.05  0.35  0.0   0.0   0.0   0.0   0.06  0.07  0.0   0.0   0.0   
15    G     0.2   0.0   0.0   0.0   0.0   0.3   0.0   0.18  0.0   0.0   0.0   0.0   0.0   0.12  0.0   0.06  0.06  0.0   0.0   0.09  
16    V     0.0   0.0   0.0   0.0   0.05  0.1   0.0   0.0   0.09  0.22  0.19  0.0   0.0   0.0   0.0   0.0   0.04  0.0   0.06  0.24  
17    L     0.0   0.0   0.0   0.0   0.0   0.0   0.0   0.0   0.0   0.07  0.93  0.0   0.0   0.0   0.0   0.0   0.0   0.0   0.0   0.0   
18    R     0.0   0.63  0.13  0.0   0.0   0.14  0.0   0.0   0.0   0.0   0.0   0.04  0.0   0.0   0.0   0.05  0.0   0.0   0.0   0.0   
19    D     0.05  0.04  0.09  0.29  0.0   0.1   0.16  0.05  0.0   0.0   0.06  0.0   0.0   0.0   0.0   0.09  0.0   0.0   0.0   0.06  
20    L     0.0   0.0   0.0   0.0   0.0   0.0   0.0   0.0   0.0   0.21  0.74  0.0   0.06  0.0   0.0   0.0   0.0   0.0   0.0   0.0   
21    H     0.1   0.0   0.04  0.0   0.07  0.1   0.0   0.05  0.04  0.36  0.05  0.04  0.0   0.0   0.0   0.0   0.0   0.0   0.0   0.15  
22    K     0.04  0.05  0.04  0.14  0.0   0.05  0.05  0.0   0.0   0.0   0.0   0.49  0.0   0.0   0.0   0.04  0.04  0.05  0.0   0.0   
23    A     0.08  0.2   0.22  0.0   0.0   0.21  0.05  0.04  0.19  0.0   0.0   0.0   0.0   0.0   0.0   0.0   0.0   0.0   0.0   0.0   
24    A     0.04  0.26  0.14  0.08  0.0   0.13  0.0   0.14  0.05  0.0   0.0   0.16  0.0   0.0   0.0   0.0   0.0   0.0   0.0   0.0   
25    I     0.1   0.0   0.0   0.08  0.05  0.05  0.05  0.04  0.04  0.04  0.0   0.0   0.0   0.0   0.0   0.21  0.2   0.0   0.0   0.13  
26    P     0.04  0.0   0.0   0.0   0.0   0.05  0.0   0.0   0.0   0.0   0.33  0.0   0.15  0.08  0.25  0.04  0.0   0.0   0.0   0.05  
27    L     0.05  0.0   0.0   0.0   0.0   0.0   0.0   0.0   0.0   0.19  0.39  0.0   0.05  0.05  0.0   0.0   0.0   0.0   0.0   0.26  
28    R     0.0   0.17  0.04  0.05  0.0   0.0   0.0   0.0   0.0   0.0   0.0   0.13  0.08  0.0   0.0   0.1   0.42  0.0   0.0   0.0   
29    L     0.19  0.0   0.0   0.0   0.05  0.0   0.0   0.0   0.0   0.04  0.1   0.0   0.1   0.0   0.0   0.0   0.0   0.0   0.0   0.52  
30    S     0.0   0.0   0.0   0.0   0.0   0.09  0.04  0.0   0.28  0.0   0.0   0.0   0.0   0.08  0.0   0.18  0.15  0.0   0.05  0.11  
31    W     0.04  0.05  0.07  0.0   0.0   0.0   0.05  0.0   0.13  0.14  0.0   0.0   0.0   0.2   0.0   0.04  0.09  0.08  0.04  0.05  
32    N     0.21  0.0   0.22  0.17  0.0   0.0   0.0   0.17  0.0   0.0   0.0   0.0   0.0   0.0   0.04  0.13  0.05  0.0   0.0   0.0   
33    G     0.1   0.2   0.0   0.06  0.0   0.0   0.0   0.29  0.3   0.0   0.0   0.04  0.0   0.0   0.0   0.0   0.0   0.0   0.0   0.0   
34    G     0.0   0.13  0.0   0.0   0.0   0.17  0.0   0.56  0.05  0.0   0.0   0.0   0.0   0.0   0.0   0.09  0.0   0.0   0.0   0.0   
35    Q     0.1   0.0   0.0   0.05  0.0   0.4   0.0   0.0   0.04  0.05  0.0   0.14  0.05  0.04  0.0   0.09  0.04  0.0   0.0   0.0   
36    L     0.0   0.0   0.0   0.0   0.0   0.0   0.0   0.0   0.0   0.26  0.08  0.0   0.05  0.56  0.0   0.0   0.0   0.0   0.06  0.0   
37    I     0.05  0.0   0.0   0.0   0.0   0.07  0.0   0.0   0.0   0.2   0.33  0.0   0.04  0.0   0.08  0.0   0.0   0.0   0.0   0.22  
38    S     0.0   0.0   0.0   0.0   0.0   0.0   0.0   0.0   0.0   0.0   0.0   0.0   0.0   0.0   0.0   0.27  0.73  0.0   0.0   0.0   
39    K     0.18  0.16  0.0   0.0   0.0   0.04  0.0   0.0   0.0   0.0   0.07  0.15  0.0   0.0   0.0   0.25  0.15  0.0   0.0   0.0   
40    L     0.0   0.0   0.0   0.0   0.0   0.0   0.0   0.0   0.0   0.35  0.35  0.0   0.06  0.0   0.05  0.0   0.0   0.0   0.0   0.19  
41    L     0.0   0.0   0.0   0.0   0.0   0.0   0.0   0.0   0.0   0.12  0.83  0.0   0.0   0.0   0.0   0.0   0.0   0.0   0.0   0.05  
42    A     0.36  0.0   0.09  0.12  0.0   0.0   0.17  0.0   0.1   0.0   0.0   0.04  0.0   0.0   0.0   0.13  0.0   0.0   0.0   0.0   
43    I     0.0   0.0   0.0   0.0   0.0   0.0   0.0   0.0   0.0   0.22  0.13  0.0   0.0   0.0   0.0   0.0   0.0   0.0   0.0   0.65  
44    T     0.0   0.0   0.05  0.71  0.0   0.04  0.05  0.07  0.0   0.0   0.0   0.0   0.0   0.0   0.0   0.0   0.04  0.0   0.0   0.04  
45    P     0.06  0.0   0.0   0.06  0.0   0.0   0.23  0.08  0.0   0.0   0.0   0.04  0.0   0.0   0.37  0.12  0.0   0.0   0.04  0.0   
46    D     0.05  0.13  0.09  0.28  0.0   0.13  0.19  0.04  0.0   0.0   0.0   0.06  0.0   0.0   0.0   0.0   0.04  0.0   0.0   0.0   
47    K     0.04  0.12  0.19  0.05  0.0   0.09  0.04  0.0   0.0   0.0   0.0   0.18  0.0   0.0   0.0   0.05  0.24  0.0   0.0   0.0   
48    L     0.0   0.0   0.0   0.0   0.0   0.0   0.0   0.0   0.0   0.18  0.21  0.0   0.09  0.28  0.0   0.0   0.0   0.0   0.0   0.24  
49    V     0.04  0.0   0.0   0.0   0.0   0.0   0.0   0.0   0.0   0.26  0.08  0.0   0.0   0.06  0.0   0.0   0.08  0.0   0.06  0.42  
50    L     0.0   0.0   0.0   0.0   0.0   0.0   0.0   0.0   0.0   0.09  0.43  0.0   0.05  0.4   0.0   0.0   0.0   0.0   0.0   0.04  
51    D     0.0   0.0   0.0   0.93  0.0   0.0   0.0   0.0   0.0   0.0   0.0   0.0   0.0   0.0   0.0   0.07  0.0   0.0   0.0   0.0   
52    F     0.13  0.0   0.0   0.0   0.09  0.0   0.0   0.09  0.0   0.0   0.04  0.0   0.0   0.13  0.05  0.12  0.0   0.13  0.13  0.06  
53    G     0.15  0.0   0.0   0.0   0.05  0.0   0.0   0.61  0.0   0.0   0.0   0.0   0.0   0.0   0.0   0.18  0.0   0.0   0.0   0.0   
54    S     0.08  0.05  0.05  0.07  0.0   0.06  0.0   0.08  0.05  0.05  0.0   0.0   0.0   0.0   0.21  0.24  0.0   0.0   0.0   0.06  
55    Q     0.11  0.0   0.18  0.15  0.0   0.12  0.11  0.05  0.0   0.04  0.04  0.0   0.0   0.0   0.0   0.08  0.04  0.0   0.0   0.08  
56    A     0.19  0.0   0.0   0.3   0.0   0.0   0.38  0.0   0.0   0.0   0.0   0.0   0.0   0.0   0.04  0.04  0.0   0.0   0.0   0.05  
57    E     0.14  0.04  0.04  0.18  0.0   0.04  0.29  0.0   0.05  0.04  0.0   0.0   0.0   0.0   0.05  0.0   0.05  0.0   0.08  0.0   
58    D     0.08  0.0   0.07  0.12  0.0   0.04  0.16  0.0   0.0   0.09  0.16  0.0   0.04  0.06  0.0   0.14  0.04  0.0   0.0   0.0   
59    N     0.0   0.12  0.88  0.0   0.0   0.0   0.0   0.0   0.0   0.0   0.0   0.0   0.0   0.0   0.0   0.0   0.0   0.0   0.0   0.0   
60    I     0.0   0.27  0.09  0.04  0.0   0.27  0.0   0.0   0.0   0.04  0.0   0.0   0.05  0.0   0.0   0.04  0.1   0.0   0.0   0.11  
61    A     0.27  0.28  0.0   0.0   0.0   0.12  0.06  0.04  0.0   0.05  0.09  0.0   0.0   0.0   0.0   0.06  0.0   0.0   0.0   0.0   
62    V     0.36  0.0   0.0   0.0   0.0   0.0   0.0   0.01  0.0   0.05  0.28  0.0   0.0   0.05  0.0   0.01  0.0   0.0   0.0   0.21  
63    L     0.01  0.0   0.0   0.0   0.0   0.05  0.09  0.05  0.0   0.0   0.55  0.06  0.1   0.0   0.04  0.01  0.0   0.0   0.0   0.0   
64    K     0.11  0.09  0.15  0.05  0.0   0.14  0.05  0.08  0.0   0.0   0.01  0.13  0.0   0.0   0.0   0.09  0.06  0.0   0.04  0.0   
65    A     0.51  0.05  0.0   0.07  0.0   0.0   0.0   0.05  0.0   0.0   0.0   0.0   0.0   0.0   0.0   0.28  0.0   0.0   0.0   0.04  
66    Q     0.0   0.04  0.15  0.09  0.0   0.04  0.26  0.19  0.06  0.0   0.0   0.1   0.0   0.0   0.08  0.0   0.0   0.0   0.0   0.0   
67    H     0.0   0.31  0.0   0.0   0.0   0.11  0.17  0.05  0.14  0.0   0.0   0.09  0.0   0.0   0.0   0.04  0.0   0.0   0.1   0.0   
68    I     0.05  0.0   0.18  0.0   0.11  0.0   0.0   0.0   0.0   0.1   0.43  0.0   0.0   0.0   0.0   0.0   0.0   0.04  0.0   0.09  
69    T     0.09  0.05  0.04  0.0   0.0   0.04  0.05  0.0   0.04  0.05  0.09  0.0   0.0   0.0   0.0   0.08  0.29  0.0   0.0   0.18  
70    I     0.0   0.0   0.0   0.0   0.22  0.0   0.0   0.0   0.0   0.23  0.06  0.0   0.0   0.44  0.0   0.0   0.0   0.0   0.0   0.04  
71    T     0.0   0.04  0.0   0.0   0.0   0.0   0.04  0.0   0.04  0.23  0.0   0.0   0.05  0.04  0.0   0.05  0.1   0.0   0.05  0.37  
72    A     0.44  0.0   0.0   0.0   0.08  0.0   0.0   0.1   0.0   0.07  0.0   0.06  0.0   0.0   0.0   0.08  0.13  0.0   0.0   0.04  
73    E     0.0   0.05  0.0   0.04  0.0   0.27  0.28  0.0   0.0   0.0   0.09  0.06  0.0   0.04  0.0   0.09  0.04  0.0   0.0   0.04  
74    T     0.0   0.0   0.0   0.0   0.0   0.0   0.0   0.0   0.05  0.0   0.39  0.0   0.0   0.0   0.32  0.07  0.12  0.0   0.0   0.0   
75    Q     0.04  0.1   0.09  0.33  0.0   0.08  0.17  0.09  0.07  0.0   0.0   0.0   0.0   0.0   0.0   0.0   0.04  0.0   0.0   0.0   
76    G     0.0   0.15  0.04  0.07  0.0   0.09  0.0   0.6   0.0   0.0   0.0   0.05  0.0   0.0   0.0   0.0   0.0   0.0   0.0   0.0   
77    A     0.27  0.0   0.0   0.0   0.0   0.0   0.0   0.0   0.0   0.25  0.0   0.0   0.0   0.0   0.0   0.0   0.0   0.0   0.0   0.48  
78    K     0.0   0.3   0.05  0.0   0.0   0.0   0.0   0.0   0.05  0.0   0.04  0.46  0.0   0.0   0.05  0.05  0.0   0.0   0.0   0.0   
79    V     0.0   0.0   0.0   0.0   0.0   0.0   0.0   0.0   0.0   0.55  0.0   0.0   0.0   0.0   0.0   0.0   0.12  0.0   0.0   0.33  
80    E     0.0   0.09  0.05  0.0   0.0   0.32  0.39  0.0   0.0   0.0   0.04  0.06  0.0   0.0   0.0   0.05  0.0   0.0   0.0   0.0   
81    F     0.0   0.0   0.0   0.0   0.0   0.0   0.0   0.0   0.0   0.0   0.1   0.0   0.0   0.84  0.0   0.0   0.0   0.06  0.0   0.0   
82    T     0.04  0.15  0.08  0.09  0.0   0.0   0.0   0.0   0.0   0.04  0.0   0.0   0.0   0.0   0.04  0.17  0.26  0.0   0.0   0.13  
83    V     0.08  0.0   0.0   0.0   0.13  0.0   0.0   0.0   0.0   0.05  0.32  0.0   0.0   0.0   0.0   0.1   0.16  0.0   0.0   0.16  
84    E     0.1   0.0   0.04  0.05  0.0   0.08  0.13  0.3   0.0   0.0   0.0   0.0   0.0   0.04  0.14  0.05  0.04  0.0   0.0   0.04  
85    Q     0.14  0.0   0.05  0.04  0.0   0.28  0.04  0.04  0.06  0.04  0.0   0.04  0.0   0.0   0.1   0.09  0.09  0.0   0.0   0.0   
86    L     0.24  0.0   0.0   0.0   0.0   0.0   0.0   0.0   0.0   0.14  0.35  0.0   0.0   0.0   0.18  0.0   0.0   0.0   0.0   0.09  
87    Q     0.16  0.15  0.0   0.0   0.0   0.21  0.16  0.09  0.0   0.0   0.0   0.08  0.0   0.0   0.0   0.09  0.04  0.0   0.0   0.04  
88    Q     0.05  0.14  0.0   0.0   0.0   0.08  0.13  0.06  0.1   0.0   0.1   0.04  0.04  0.07  0.04  0.08  0.07  0.0   0.0   0.0   
89    S     0.0   0.0   0.0   0.0   0.09  0.06  0.0   0.08  0.0   0.0   0.05  0.0   0.0   0.04  0.0   0.08  0.29  0.0   0.0   0.31  
90    E     0.05  0.14  0.0   0.11  0.0   0.13  0.36  0.0   0.0   0.04  0.06  0.0   0.08  0.0   0.0   0.0   0.04  0.0   0.0   0.0   
91    Y     0.0   0.05  0.04  0.04  0.0   0.0   0.0   0.0   0.12  0.0   0.06  0.0   0.0   0.17  0.0   0.0   0.0   0.0   0.43  0.1   
92    L     0.0   0.0   0.0   0.35  0.0   0.11  0.36  0.0   0.0   0.0   0.08  0.1   0.0   0.0   0.0   0.0   0.0   0.0   0.0   0.0   
93    Q     0.0   0.04  0.09  0.15  0.0   0.04  0.0   0.55  0.0   0.05  0.0   0.05  0.0   0.0   0.0   0.04  0.0   0.0   0.0   0.0   
94    L     0.04  0.22  0.0   0.0   0.0   0.06  0.0   0.16  0.09  0.0   0.37  0.0   0.0   0.0   0.0   0.0   0.0   0.0   0.0   0.07  
95    P     0.0   0.0   0.11  0.0   0.0   0.0   0.0   0.0   0.05  0.0   0.0   0.17  0.0   0.0   0.58  0.0   0.0   0.0   0.0   0.09  
96    A     0.94  0.0   0.0   0.0   0.0   0.0   0.0   0.0   0.0   0.0   0.0   0.0   0.06  0.0   0.0   0.0   0.0   0.0   0.0   0.0   
97    F     0.0   0.0   0.0   0.0   0.07  0.0   0.0   0.0   0.0   0.06  0.15  0.0   0.0   0.72  0.0   0.0   0.0   0.0   0.0   0.0   
98    I     0.05  0.19  0.0   0.0   0.0   0.04  0.08  0.0   0.0   0.08  0.08  0.06  0.0   0.04  0.0   0.19  0.04  0.0   0.0   0.16  
99    T     0.57  0.0   0.0   0.0   0.04  0.0   0.0   0.0   0.0   0.15  0.0   0.0   0.0   0.0   0.0   0.04  0.15  0.0   0.0   0.05  
100   V     0.25  0.15  0.0   0.08  0.0   0.08  0.05  0.0   0.0   0.0   0.0   0.0   0.0   0.0   0.3   0.0   0.05  0.0   0.0   0.04  
101   P     0.0   0.0   0.0   0.0   0.0   0.0   0.0   0.0   0.0   0.17  0.55  0.0   0.0   0.15  0.04  0.0   0.0   0.0   0.0   0.1   
102   P     0.0   0.0   0.0   0.0   0.0   0.0   0.0   0.0   0.0   0.0   0.0   0.0   0.0   0.0   1.0   0.0   0.0   0.0   0.0   0.0   
103   P     0.09  0.0   0.0   0.09  0.0   0.11  0.25  0.04  0.0   0.0   0.0   0.13  0.0   0.0   0.08  0.04  0.18  0.0   0.0   0.0   
104   T     0.07  0.0   0.0   0.06  0.0   0.17  0.2   0.0   0.0   0.0   0.04  0.06  0.0   0.0   0.0   0.28  0.04  0.0   0.0   0.08  
105   L     0.0   0.0   0.0   0.0   0.0   0.0   0.0   0.0   0.0   0.07  0.7   0.0   0.11  0.0   0.0   0.0   0.0   0.0   0.0   0.13  
106   W     0.0   0.0   0.0   0.0   0.0   0.0   0.0   0.0   0.06  0.24  0.1   0.13  0.0   0.06  0.0   0.0   0.0   0.11  0.25  0.07  
107   F     0.0   0.12  0.0   0.0   0.0   0.0   0.0   0.0   0.27  0.0   0.07  0.0   0.08  0.2   0.0   0.0   0.0   0.0   0.27  0.0   
108   V     0.0   0.0   0.0   0.0   0.0   0.0   0.0   0.0   0.0   0.49  0.19  0.0   0.0   0.0   0.0   0.0   0.0   0.0   0.0   0.33  
109   L     0.0   0.0   0.0   0.0   0.0   0.0   0.0   0.0   0.0   0.0   0.0   0.0   0.0   0.0   0.0   0.0   0.0   0.0   0.0   0.0   
110   E     0.0   0.0   0.0   0.0   0.0   0.0   0.0   0.0   0.0   0.0   0.0   0.0   0.0   0.0   0.0   0.0   0.0   0.0   0.0   0.0   
