             A     R     N     D     C     Q     E     G     H     I     L     K     M     F     P     S     T     W     Y     V
1     S     0.83  0.0   0.0   0.0   0.0   0.0   0.0   0.0   0.0   0.0   0.0   0.0   0.0   0.0   0.0   0.17  0.0   0.0   0.0   0.0   
2     A     1.0   0.0   0.0   0.0   0.0   0.0   0.0   0.0   0.0   0.0   0.0   0.0   0.0   0.0   0.0   0.0   0.0   0.0   0.0   0.0   
3     D     0.0   0.0   0.28  0.36  0.0   0.0   0.0   0.0   0.0   0.0   0.0   0.0   0.0   0.0   0.0   0.36  0.0   0.0   0.0   0.0   
4     L     0.0   0.0   0.0   0.0   0.0   0.0   0.0   0.0   0.0   0.0   0.55  0.0   0.0   0.0   0.0   0.0   0.0   0.0   0.0   0.45  
5     E     0.17  0.28  0.0   0.0   0.0   0.19  0.36  0.0   0.0   0.0   0.0   0.0   0.0   0.0   0.0   0.0   0.0   0.0   0.0   0.0   
6     D     0.28  0.0   0.0   0.72  0.0   0.0   0.0   0.0   0.0   0.0   0.0   0.0   0.0   0.0   0.0   0.0   0.0   0.0   0.0   0.0   
7     N     0.0   0.0   0.36  0.36  0.0   0.0   0.28  0.0   0.0   0.0   0.0   0.0   0.0   0.0   0.0   0.0   0.0   0.0   0.0   0.0   
8     W     0.0   0.0   0.0   0.0   0.0   0.0   0.0   0.0   0.0   0.0   0.0   0.0   0.88  0.0   0.0   0.0   0.0   0.12  0.0   0.0   
9     E     0.0   0.0   0.47  0.12  0.0   0.0   0.41  0.0   0.0   0.0   0.0   0.0   0.0   0.0   0.0   0.0   0.0   0.0   0.0   0.0   
10    T     0.0   0.0   0.0   0.0   0.0   0.28  0.0   0.0   0.0   0.31  0.0   0.0   0.0   0.0   0.0   0.0   0.41  0.0   0.0   0.0   
11    L     0.0   0.0   0.0   0.0   0.0   0.0   0.0   0.0   0.0   0.17  0.55  0.0   0.28  0.0   0.0   0.0   0.0   0.0   0.0   0.0   
12    N     0.17  0.0   0.36  0.0   0.0   0.0   0.0   0.0   0.0   0.19  0.0   0.28  0.0   0.0   0.0   0.0   0.0   0.0   0.0   0.0   
13    D     0.19  0.0   0.0   0.36  0.0   0.0   0.17  0.0   0.0   0.0   0.0   0.0   0.0   0.0   0.0   0.0   0.28  0.0   0.0   0.0   
14    N     0.0   0.0   0.55  0.0   0.0   0.0   0.0   0.0   0.17  0.0   0.0   0.0   0.0   0.0   0.0   0.0   0.0   0.0   0.0   0.28  
15    L     0.28  0.0   0.0   0.0   0.0   0.0   0.0   0.0   0.0   0.0   0.55  0.0   0.0   0.0   0.0   0.0   0.0   0.0   0.17  0.0   
16    K     0.28  0.0   0.0   0.0   0.0   0.0   0.0   0.36  0.0   0.0   0.0   0.36  0.0   0.0   0.0   0.0   0.0   0.0   0.0   0.0   
17    A     0.12  0.0   0.0   0.0   0.0   0.0   0.0   0.0   0.0   0.19  0.0   0.17  0.0   0.0   0.0   0.0   0.28  0.0   0.0   0.23  
18    I     0.0   0.0   0.0   0.0   0.0   0.0   0.0   0.0   0.0   0.12  0.28  0.0   0.0   0.0   0.0   0.0   0.0   0.0   0.0   0.6   
19    E     0.0   0.0   0.0   0.0   0.0   0.0   0.36  0.0   0.0   0.0   0.17  0.0   0.0   0.0   0.0   0.19  0.28  0.0   0.0   0.0   
20    K     0.0   0.0   0.28  0.0   0.0   0.0   0.0   0.0   0.0   0.0   0.0   0.53  0.0   0.0   0.0   0.19  0.0   0.0   0.0   0.0   
21    A     0.69  0.0   0.0   0.0   0.0   0.0   0.0   0.0   0.0   0.0   0.0   0.0   0.0   0.0   0.0   0.19  0.12  0.0   0.0   0.0   
22    D     0.0   0.0   0.0   0.53  0.0   0.0   0.0   0.0   0.0   0.0   0.0   0.28  0.0   0.0   0.0   0.0   0.19  0.0   0.0   0.0   
23    N     0.0   0.0   0.24  0.47  0.0   0.0   0.0   0.0   0.0   0.0   0.0   0.0   0.0   0.0   0.0   0.29  0.0   0.0   0.0   0.0   
24    A     0.36  0.0   0.0   0.0   0.0   0.0   0.0   0.0   0.0   0.0   0.0   0.0   0.0   0.0   0.0   0.0   0.36  0.0   0.0   0.28  
25    A     0.57  0.0   0.0   0.0   0.0   0.0   0.0   0.0   0.0   0.0   0.0   0.19  0.0   0.0   0.12  0.0   0.0   0.0   0.0   0.11  
26    Q     0.0   0.0   0.0   0.0   0.0   0.24  0.4   0.0   0.0   0.0   0.0   0.0   0.0   0.0   0.0   0.0   0.0   0.0   0.0   0.36  
27    V     0.0   0.0   0.0   0.0   0.0   0.0   0.0   0.0   0.0   0.36  0.12  0.0   0.0   0.28  0.0   0.0   0.0   0.0   0.0   0.24  
28    K     0.0   0.0   0.0   0.0   0.0   0.28  0.0   0.0   0.0   0.0   0.0   0.53  0.0   0.0   0.0   0.0   0.19  0.0   0.0   0.0   
29    D     0.12  0.0   0.0   0.24  0.0   0.17  0.28  0.0   0.0   0.0   0.0   0.0   0.0   0.0   0.0   0.19  0.0   0.0   0.0   0.0   
30    A     0.36  0.0   0.0   0.17  0.0   0.0   0.0   0.0   0.0   0.0   0.0   0.0   0.0   0.0   0.0   0.47  0.0   0.0   0.0   0.0   
31    L     0.28  0.0   0.0   0.0   0.0   0.0   0.0   0.0   0.0   0.0   0.72  0.0   0.0   0.0   0.0   0.0   0.0   0.0   0.0   0.0   
32    T     0.0   0.0   0.0   0.0   0.0   0.17  0.19  0.0   0.0   0.0   0.0   0.28  0.0   0.0   0.0   0.0   0.36  0.0   0.0   0.0   
33    K     0.17  0.0   0.0   0.0   0.0   0.0   0.0   0.0   0.0   0.28  0.0   0.55  0.0   0.0   0.0   0.0   0.0   0.0   0.0   0.0   
34    M     0.0   0.0   0.0   0.0   0.0   0.0   0.0   0.0   0.0   0.0   0.28  0.0   0.72  0.0   0.0   0.0   0.0   0.0   0.0   0.0   
35    R     0.0   1.0   0.0   0.0   0.0   0.0   0.0   0.0   0.0   0.0   0.0   0.0   0.0   0.0   0.0   0.0   0.0   0.0   0.0   0.0   
36    A     0.36  0.0   0.19  0.0   0.0   0.0   0.28  0.0   0.0   0.0   0.0   0.0   0.0   0.0   0.0   0.0   0.0   0.0   0.0   0.17  
37    A     0.72  0.0   0.0   0.0   0.0   0.0   0.0   0.0   0.0   0.28  0.0   0.0   0.0   0.0   0.0   0.0   0.0   0.0   0.0   0.0   
38    A     1.0   0.0   0.0   0.0   0.0   0.0   0.0   0.0   0.0   0.0   0.0   0.0   0.0   0.0   0.0   0.0   0.0   0.0   0.0   0.0   
39    L     0.0   0.0   0.0   0.0   0.0   0.28  0.0   0.0   0.0   0.0   0.55  0.0   0.0   0.0   0.0   0.0   0.0   0.0   0.0   0.17  
40    D     0.0   0.0   0.0   0.72  0.0   0.28  0.0   0.0   0.0   0.0   0.0   0.0   0.0   0.0   0.0   0.0   0.0   0.0   0.0   0.0   
41    A     0.72  0.0   0.0   0.0   0.0   0.0   0.0   0.0   0.0   0.0   0.0   0.0   0.0   0.0   0.0   0.28  0.0   0.0   0.0   0.0   
42    Q     0.0   0.0   0.0   0.0   0.0   0.72  0.0   0.0   0.0   0.0   0.0   0.0   0.0   0.0   0.0   0.28  0.0   0.0   0.0   0.0   
43    K     0.0   0.0   0.0   0.0   0.0   0.0   0.28  0.0   0.0   0.0   0.0   0.72  0.0   0.0   0.0   0.0   0.0   0.0   0.0   0.0   
44    A     0.55  0.0   0.0   0.0   0.0   0.0   0.0   0.17  0.0   0.0   0.0   0.28  0.0   0.0   0.0   0.0   0.0   0.0   0.0   0.0   
45    T     0.0   0.28  0.0   0.0   0.0   0.0   0.0   0.0   0.0   0.36  0.0   0.0   0.0   0.0   0.0   0.0   0.36  0.0   0.0   0.0   
46    P     0.0   0.0   0.0   0.0   0.0   0.0   0.0   0.0   0.0   0.0   0.0   0.0   0.0   0.0   1.0   0.0   0.0   0.0   0.0   0.0   
47    P     0.0   0.0   0.0   0.0   0.0   0.0   0.0   0.0   0.0   0.0   0.0   0.0   0.0   0.0   0.55  0.28  0.17  0.0   0.0   0.0   
48    K     0.0   0.0   0.0   0.0   0.0   0.0   0.0   0.0   0.0   0.0   0.0   0.72  0.0   0.0   0.0   0.28  0.0   0.0   0.0   0.0   
49    L     0.0   0.0   0.0   0.0   0.0   0.0   0.0   0.0   0.0   0.28  0.72  0.0   0.0   0.0   0.0   0.0   0.0   0.0   0.0   0.0   
50    E     0.0   0.0   0.0   0.0   0.0   0.0   0.55  0.0   0.0   0.0   0.0   0.17  0.0   0.0   0.0   0.0   0.28  0.0   0.0   0.0   
51    D     0.0   0.0   0.28  0.24  0.0   0.0   0.0   0.31  0.0   0.0   0.0   0.0   0.0   0.0   0.0   0.17  0.0   0.0   0.0   0.0   
52    K     0.0   0.0   0.0   0.28  0.0   0.0   0.0   0.0   0.0   0.0   0.0   0.72  0.0   0.0   0.0   0.0   0.0   0.0   0.0   0.0   
53    S     0.59  0.0   0.0   0.0   0.0   0.0   0.0   0.0   0.0   0.0   0.0   0.0   0.0   0.0   0.0   0.24  0.0   0.0   0.0   0.17  
54    P     0.02  0.01  0.01  0.02  0.01  0.01  0.38  0.02  0.01  0.01  0.03  0.02  0.01  0.01  0.37  0.02  0.02  0.0   0.01  0.02  
55    D     0.02  0.01  0.01  0.73  0.01  0.01  0.02  0.02  0.01  0.01  0.03  0.02  0.01  0.01  0.01  0.02  0.02  0.0   0.01  0.02  
56    S     0.02  0.01  0.01  0.02  0.01  0.01  0.02  0.02  0.01  0.01  0.03  0.02  0.01  0.01  0.01  0.74  0.02  0.0   0.01  0.02  
57    P     0.02  0.01  0.01  0.02  0.01  0.01  0.02  0.02  0.01  0.01  0.03  0.02  0.01  0.01  0.73  0.02  0.02  0.0   0.01  0.02  
58    E     0.0   0.0   0.0   0.28  0.0   0.0   0.72  0.0   0.0   0.0   0.0   0.0   0.0   0.0   0.0   0.0   0.0   0.0   0.0   0.0   
59    M     0.0   0.0   0.0   0.0   0.0   0.0   0.0   0.0   0.0   0.19  0.0   0.0   0.53  0.28  0.0   0.0   0.0   0.0   0.0   0.0   
60    K     0.0   0.0   0.0   0.0   0.0   0.0   0.0   0.0   0.0   0.0   0.0   1.0   0.0   0.0   0.0   0.0   0.0   0.0   0.0   0.0   
61    D     0.0   0.0   0.0   0.72  0.0   0.0   0.0   0.28  0.0   0.0   0.0   0.0   0.0   0.0   0.0   0.0   0.0   0.0   0.0   0.0   
62    F     0.0   0.0   0.0   0.0   0.0   0.0   0.0   0.0   0.0   0.0   0.0   0.0   0.0   0.53  0.0   0.0   0.0   0.0   0.47  0.0   
63    R     0.0   0.72  0.0   0.0   0.0   0.28  0.0   0.0   0.0   0.0   0.0   0.0   0.0   0.0   0.0   0.0   0.0   0.0   0.0   0.0   
64    H     0.0   0.0   0.0   0.0   0.0   0.0   0.28  0.0   0.72  0.0   0.0   0.0   0.0   0.0   0.0   0.0   0.0   0.0   0.0   0.0   
65    G     0.0   0.0   0.0   0.0   0.0   0.0   0.0   1.0   0.0   0.0   0.0   0.0   0.0   0.0   0.0   0.0   0.0   0.0   0.0   0.0   
66    F     0.0   0.0   0.0   0.0   0.0   0.0   0.0   0.0   0.0   0.0   0.0   0.0   0.45  0.55  0.0   0.0   0.0   0.0   0.0   0.0   
67    D     0.0   0.0   0.0   0.72  0.0   0.0   0.0   0.0   0.0   0.0   0.0   0.28  0.0   0.0   0.0   0.0   0.0   0.0   0.0   0.0   
68    I     0.0   0.0   0.0   0.0   0.0   0.0   0.28  0.0   0.0   0.36  0.19  0.0   0.0   0.0   0.0   0.0   0.0   0.0   0.0   0.17  
69    L     0.0   0.0   0.0   0.0   0.0   0.0   0.0   0.0   0.0   0.0   0.72  0.0   0.0   0.28  0.0   0.0   0.0   0.0   0.0   0.0   
70    V     0.0   0.0   0.0   0.0   0.0   0.0   0.0   0.0   0.0   0.64  0.0   0.0   0.0   0.0   0.0   0.0   0.0   0.0   0.0   0.36  
71    G     0.0   0.0   0.0   0.0   0.0   0.0   0.19  0.53  0.0   0.0   0.0   0.0   0.0   0.0   0.0   0.0   0.28  0.0   0.0   0.0   
72    Q     0.28  0.0   0.0   0.0   0.0   0.55  0.17  0.0   0.0   0.0   0.0   0.0   0.0   0.0   0.0   0.0   0.0   0.0   0.0   0.0   
73    I     0.0   0.0   0.0   0.0   0.0   0.0   0.0   0.0   0.0   0.72  0.28  0.0   0.0   0.0   0.0   0.0   0.0   0.0   0.0   0.0   
74    D     0.0   0.0   0.0   1.0   0.0   0.0   0.0   0.0   0.0   0.0   0.0   0.0   0.0   0.0   0.0   0.0   0.0   0.0   0.0   0.0   
75    D     0.0   0.0   0.0   0.24  0.0   0.0   0.28  0.29  0.0   0.0   0.0   0.19  0.0   0.0   0.0   0.0   0.0   0.0   0.0   0.0   
76    A     0.81  0.0   0.0   0.0   0.0   0.0   0.0   0.0   0.0   0.0   0.0   0.0   0.0   0.0   0.0   0.0   0.19  0.0   0.0   0.0   
77    L     0.0   0.0   0.0   0.28  0.0   0.0   0.0   0.0   0.0   0.0   0.53  0.19  0.0   0.0   0.0   0.0   0.0   0.0   0.0   0.0   
78    K     0.17  0.0   0.0   0.0   0.0   0.19  0.0   0.0   0.0   0.0   0.0   0.64  0.0   0.0   0.0   0.0   0.0   0.0   0.0   0.0   
79    L     0.0   0.0   0.0   0.0   0.0   0.0   0.0   0.0   0.0   0.0   0.81  0.0   0.0   0.0   0.0   0.0   0.0   0.19  0.0   0.0   
80    A     1.0   0.0   0.0   0.0   0.0   0.0   0.0   0.0   0.0   0.0   0.0   0.0   0.0   0.0   0.0   0.0   0.0   0.0   0.0   0.0   
81    N     0.0   0.0   0.36  0.17  0.0   0.28  0.19  0.0   0.0   0.0   0.0   0.0   0.0   0.0   0.0   0.0   0.0   0.0   0.0   0.0   
82    E     0.0   0.0   0.0   0.0   0.0   0.17  0.83  0.0   0.0   0.0   0.0   0.0   0.0   0.0   0.0   0.0   0.0   0.0   0.0   0.0   
83    G     0.0   0.0   0.0   0.0   0.0   0.0   0.0   1.0   0.0   0.0   0.0   0.0   0.0   0.0   0.0   0.0   0.0   0.0   0.0   0.0   
84    K     0.0   0.0   0.59  0.0   0.0   0.0   0.0   0.0   0.0   0.0   0.0   0.41  0.0   0.0   0.0   0.0   0.0   0.0   0.0   0.0   
85    V     0.0   0.0   0.0   0.0   0.0   0.0   0.0   0.0   0.0   0.19  0.45  0.0   0.0   0.0   0.0   0.0   0.0   0.0   0.0   0.36  
86    K     0.0   0.0   0.0   0.45  0.0   0.19  0.0   0.0   0.0   0.0   0.0   0.36  0.0   0.0   0.0   0.0   0.0   0.0   0.0   0.0   
87    E     0.28  0.0   0.0   0.0   0.0   0.0   0.72  0.0   0.0   0.0   0.0   0.0   0.0   0.0   0.0   0.0   0.0   0.0   0.0   0.0   
88    A     0.81  0.0   0.0   0.0   0.0   0.0   0.0   0.0   0.0   0.0   0.0   0.0   0.0   0.0   0.0   0.0   0.0   0.0   0.0   0.19  
89    Q     0.0   0.0   0.0   0.0   0.0   0.24  0.0   0.0   0.0   0.0   0.0   0.76  0.0   0.0   0.0   0.0   0.0   0.0   0.0   0.0   
90    A     0.36  0.0   0.0   0.0   0.0   0.17  0.0   0.0   0.0   0.0   0.0   0.19  0.0   0.0   0.0   0.0   0.28  0.0   0.0   0.0   
91    A     0.81  0.0   0.0   0.0   0.0   0.0   0.0   0.0   0.0   0.0   0.0   0.0   0.0   0.0   0.0   0.19  0.0   0.0   0.0   0.0   
92    A     0.81  0.0   0.0   0.0   0.0   0.0   0.0   0.0   0.0   0.0   0.0   0.0   0.0   0.0   0.0   0.0   0.0   0.0   0.0   0.19  
93    E     0.0   0.0   0.0   0.0   0.0   0.17  0.36  0.19  0.0   0.0   0.0   0.28  0.0   0.0   0.0   0.0   0.0   0.0   0.0   0.0   
94    Q     0.12  0.0   0.0   0.17  0.0   0.24  0.19  0.0   0.0   0.0   0.0   0.28  0.0   0.0   0.0   0.0   0.0   0.0   0.0   0.0   
95    L     0.0   0.0   0.0   0.0   0.0   0.0   0.0   0.0   0.0   0.0   0.64  0.0   0.0   0.17  0.0   0.0   0.0   0.0   0.0   0.19  
96    K     0.0   0.0   0.0   0.0   0.0   0.0   0.0   0.0   0.0   0.19  0.0   0.53  0.0   0.28  0.0   0.0   0.0   0.0   0.0   0.0   
97    T     0.0   0.0   0.19  0.45  0.0   0.0   0.0   0.0   0.0   0.0   0.0   0.0   0.0   0.0   0.0   0.0   0.36  0.0   0.0   0.0   
98    T     0.0   0.0   0.0   0.0   0.0   0.0   0.0   0.0   0.0   0.47  0.0   0.0   0.0   0.0   0.0   0.0   0.53  0.0   0.0   0.0   
99    R     0.0   1.0   0.0   0.0   0.0   0.0   0.0   0.0   0.0   0.0   0.0   0.0   0.0   0.0   0.0   0.0   0.0   0.0   0.0   0.0   
100   N     0.0   0.0   1.0   0.0   0.0   0.0   0.0   0.0   0.0   0.0   0.0   0.0   0.0   0.0   0.0   0.0   0.0   0.0   0.0   0.0   
101   A     0.24  0.0   0.0   0.0   0.0   0.0   0.0   0.0   0.0   0.0   0.0   0.0   0.0   0.0   0.0   0.0   0.48  0.0   0.0   0.28  
102   Y     0.0   0.0   0.0   0.0   0.0   0.0   0.0   0.0   0.0   0.0   0.0   0.0   0.0   0.0   0.0   0.0   0.0   0.0   1.0   0.0   
103   I     0.0   0.0   0.0   0.0   0.0   0.0   0.0   0.0   0.88  0.12  0.0   0.0   0.0   0.0   0.0   0.0   0.0   0.0   0.0   0.0   
104   Q     0.0   0.0   0.0   0.0   0.0   0.24  0.0   0.0   0.0   0.0   0.0   0.57  0.0   0.0   0.0   0.19  0.0   0.0   0.0   0.0   
105   K     0.0   0.19  0.0   0.0   0.0   0.0   0.0   0.0   0.0   0.0   0.0   0.81  0.0   0.0   0.0   0.0   0.0   0.0   0.0   0.0   
106   Y     0.0   0.0   0.0   0.0   0.0   0.0   0.0   0.0   0.0   0.0   0.0   0.0   0.0   0.0   0.0   0.0   0.0   0.0   1.0   0.0   
107   L     0.0   0.0   0.0   0.0   0.0   0.0   0.0   0.0   0.0   0.0   0.0   0.0   0.0   0.0   0.0   0.0   0.0   0.0   0.0   0.0   
