             A     R     N     D     C     Q     E     G     H     I     L     K     M     F     P     S     T     W     Y     V
1     L     0.0   0.0   0.0   0.0   0.0   0.0   0.0   0.0   0.0   0.0   0.44  0.0   0.4   0.0   0.0   0.0   0.0   0.0   0.0   0.16  
2     E     0.0   0.05  0.0   0.11  0.0   0.08  0.28  0.0   0.0   0.0   0.0   0.44  0.0   0.0   0.0   0.03  0.01  0.0   0.0   0.0   
3     A     0.28  0.01  0.0   0.01  0.0   0.0   0.02  0.0   0.0   0.06  0.13  0.07  0.23  0.02  0.0   0.02  0.03  0.0   0.0   0.12  
4     Q     0.0   0.0   0.0   0.0   0.0   0.77  0.13  0.0   0.0   0.0   0.0   0.1   0.0   0.0   0.0   0.0   0.0   0.0   0.0   0.0   
5     Q     0.14  0.01  0.03  0.09  0.0   0.09  0.44  0.01  0.0   0.0   0.0   0.15  0.0   0.0   0.0   0.03  0.0   0.0   0.0   0.0   
6     Q     0.04  0.05  0.02  0.05  0.0   0.1   0.55  0.01  0.0   0.0   0.0   0.14  0.0   0.0   0.0   0.03  0.01  0.0   0.0   0.0   
7     L     0.01  0.01  0.02  0.0   0.0   0.0   0.03  0.0   0.0   0.18  0.64  0.0   0.06  0.02  0.0   0.01  0.0   0.0   0.0   0.03  
8     A     0.4   0.01  0.03  0.06  0.0   0.01  0.2   0.02  0.01  0.0   0.02  0.06  0.01  0.04  0.0   0.06  0.03  0.0   0.01  0.02  
9     N     0.16  0.03  0.19  0.02  0.0   0.13  0.21  0.02  0.01  0.0   0.01  0.13  0.01  0.0   0.0   0.06  0.03  0.0   0.0   0.01  
10    S     0.07  0.02  0.0   0.0   0.0   0.03  0.05  0.0   0.0   0.12  0.11  0.13  0.2   0.02  0.0   0.04  0.14  0.0   0.02  0.05  
11    E     0.01  0.04  0.01  0.01  0.0   0.04  0.52  0.0   0.01  0.03  0.01  0.06  0.0   0.0   0.0   0.06  0.13  0.0   0.0   0.07  
12    V     0.04  0.0   0.0   0.0   0.0   0.0   0.02  0.0   0.0   0.18  0.02  0.0   0.01  0.18  0.0   0.01  0.01  0.0   0.05  0.48  
13    H     0.0   0.0   0.02  0.06  0.02  0.02  0.35  0.0   0.02  0.03  0.0   0.05  0.0   0.03  0.01  0.06  0.21  0.0   0.0   0.09  
14    G     0.11  0.0   0.02  0.03  0.0   0.02  0.01  0.73  0.0   0.02  0.0   0.0   0.0   0.0   0.0   0.01  0.01  0.0   0.0   0.03  
15    Q     0.03  0.02  0.01  0.01  0.0   0.11  0.23  0.0   0.02  0.01  0.01  0.17  0.0   0.03  0.0   0.12  0.15  0.0   0.04  0.03  
16    A     0.44  0.0   0.02  0.03  0.02  0.0   0.02  0.01  0.0   0.0   0.0   0.02  0.0   0.0   0.0   0.39  0.0   0.0   0.0   0.06  
17    G     0.12  0.0   0.0   0.03  0.0   0.05  0.02  0.66  0.0   0.0   0.0   0.0   0.0   0.0   0.01  0.02  0.01  0.0   0.05  0.01  
18    G     0.18  0.0   0.07  0.11  0.0   0.05  0.0   0.5   0.0   0.0   0.0   0.03  0.0   0.0   0.0   0.05  0.0   0.0   0.0   0.0   
19    G     0.0   0.01  0.02  0.08  0.0   0.01  0.06  0.76  0.0   0.0   0.0   0.02  0.0   0.0   0.0   0.01  0.0   0.0   0.0   0.0   
20    L     0.1   0.04  0.0   0.0   0.0   0.0   0.0   0.0   0.0   0.01  0.47  0.03  0.26  0.0   0.0   0.01  0.0   0.0   0.03  0.03  
21    V     0.03  0.0   0.0   0.0   0.01  0.0   0.0   0.0   0.0   0.1   0.02  0.0   0.0   0.0   0.0   0.0   0.0   0.0   0.0   0.83  
22    K     0.02  0.04  0.01  0.0   0.0   0.02  0.05  0.0   0.01  0.0   0.01  0.41  0.0   0.0   0.0   0.14  0.23  0.0   0.0   0.06  
23    V     0.1   0.0   0.0   0.0   0.0   0.0   0.0   0.0   0.0   0.23  0.03  0.0   0.0   0.0   0.0   0.0   0.01  0.0   0.0   0.63  
24    V     0.01  0.04  0.0   0.01  0.01  0.02  0.03  0.0   0.0   0.06  0.02  0.1   0.0   0.01  0.0   0.03  0.42  0.07  0.0   0.16  
25    V     0.12  0.0   0.0   0.0   0.01  0.0   0.0   0.01  0.0   0.16  0.25  0.0   0.26  0.06  0.0   0.01  0.0   0.0   0.0   0.14  
26    K     0.01  0.01  0.33  0.04  0.0   0.01  0.0   0.0   0.0   0.01  0.02  0.07  0.01  0.01  0.0   0.21  0.27  0.0   0.0   0.0   
27    G     0.07  0.0   0.0   0.0   0.07  0.0   0.0   0.85  0.0   0.0   0.0   0.0   0.0   0.0   0.0   0.0   0.0   0.0   0.0   0.01  
28    S     0.05  0.09  0.21  0.11  0.0   0.02  0.04  0.01  0.04  0.0   0.01  0.28  0.0   0.0   0.0   0.07  0.04  0.0   0.0   0.02  
29    G     0.0   0.09  0.03  0.0   0.03  0.15  0.01  0.27  0.14  0.0   0.04  0.14  0.03  0.02  0.0   0.01  0.0   0.0   0.05  0.0   
30    E     0.0   0.04  0.07  0.11  0.0   0.1   0.41  0.01  0.01  0.01  0.04  0.08  0.01  0.01  0.0   0.01  0.05  0.0   0.02  0.02  
31    V     0.01  0.0   0.0   0.0   0.08  0.0   0.0   0.0   0.0   0.2   0.18  0.0   0.05  0.0   0.11  0.0   0.0   0.0   0.0   0.37  
32    I     0.02  0.18  0.01  0.01  0.0   0.02  0.03  0.0   0.0   0.07  0.18  0.26  0.0   0.0   0.0   0.02  0.07  0.0   0.0   0.15  
33    G     0.06  0.25  0.03  0.14  0.0   0.01  0.04  0.06  0.0   0.0   0.0   0.15  0.0   0.0   0.0   0.23  0.01  0.0   0.01  0.0   
34    V     0.01  0.0   0.0   0.0   0.0   0.0   0.0   0.0   0.0   0.33  0.15  0.0   0.03  0.0   0.0   0.0   0.02  0.0   0.0   0.46  
35    T     0.03  0.05  0.05  0.07  0.0   0.03  0.23  0.0   0.02  0.01  0.02  0.22  0.0   0.01  0.0   0.13  0.1   0.0   0.0   0.03  
36    I     0.0   0.0   0.0   0.0   0.0   0.0   0.0   0.0   0.0   0.77  0.08  0.0   0.01  0.03  0.0   0.0   0.0   0.0   0.01  0.09  
37    D     0.03  0.01  0.07  0.62  0.0   0.03  0.02  0.0   0.01  0.0   0.01  0.14  0.0   0.0   0.0   0.03  0.02  0.0   0.0   0.0   
38    P     0.03  0.01  0.02  0.11  0.0   0.01  0.17  0.0   0.0   0.0   0.0   0.09  0.0   0.0   0.53  0.02  0.01  0.0   0.0   0.0   
39    K     0.09  0.0   0.03  0.09  0.0   0.02  0.23  0.02  0.0   0.0   0.0   0.08  0.0   0.0   0.0   0.38  0.04  0.0   0.0   0.01  
40    V     0.11  0.0   0.0   0.0   0.03  0.0   0.0   0.02  0.0   0.09  0.5   0.0   0.0   0.02  0.0   0.0   0.02  0.0   0.0   0.22  
41    V     0.02  0.01  0.0   0.0   0.0   0.0   0.0   0.0   0.0   0.14  0.32  0.0   0.13  0.07  0.0   0.0   0.0   0.02  0.0   0.3   
42    D     0.02  0.0   0.09  0.45  0.0   0.06  0.11  0.02  0.0   0.0   0.02  0.11  0.0   0.0   0.0   0.06  0.02  0.0   0.0   0.01  
43    P     0.11  0.01  0.01  0.05  0.01  0.01  0.11  0.03  0.01  0.01  0.05  0.04  0.01  0.01  0.43  0.04  0.03  0.0   0.01  0.03  
44    D     0.03  0.0   0.04  0.29  0.0   0.02  0.37  0.08  0.01  0.0   0.03  0.04  0.0   0.0   0.01  0.06  0.01  0.0   0.0   0.0   
45    D     0.02  0.0   0.04  0.67  0.0   0.0   0.16  0.08  0.0   0.0   0.0   0.0   0.0   0.0   0.0   0.02  0.0   0.0   0.0   0.0   
46    I     0.07  0.04  0.04  0.01  0.0   0.05  0.0   0.03  0.01  0.07  0.06  0.32  0.01  0.01  0.07  0.03  0.03  0.0   0.01  0.15  
47    E     0.01  0.0   0.0   0.14  0.0   0.01  0.74  0.01  0.0   0.01  0.0   0.01  0.0   0.0   0.01  0.02  0.01  0.0   0.0   0.01  
48    T     0.06  0.0   0.0   0.02  0.0   0.02  0.02  0.02  0.0   0.11  0.03  0.04  0.32  0.01  0.0   0.03  0.18  0.0   0.0   0.13  
49    L     0.02  0.0   0.0   0.0   0.01  0.0   0.0   0.0   0.0   0.11  0.72  0.0   0.02  0.02  0.0   0.01  0.01  0.0   0.0   0.09  
50    Q     0.05  0.0   0.01  0.0   0.0   0.28  0.53  0.02  0.0   0.0   0.0   0.03  0.0   0.0   0.0   0.07  0.0   0.0   0.0   0.0   
51    D     0.03  0.0   0.0   0.74  0.0   0.04  0.05  0.01  0.02  0.04  0.01  0.03  0.01  0.0   0.0   0.0   0.02  0.0   0.0   0.0   
52    L     0.05  0.0   0.04  0.0   0.0   0.0   0.0   0.0   0.0   0.02  0.75  0.0   0.11  0.0   0.0   0.02  0.0   0.0   0.02  0.0   
53    I     0.01  0.0   0.0   0.0   0.0   0.0   0.0   0.0   0.0   0.45  0.2   0.0   0.0   0.02  0.0   0.0   0.06  0.0   0.0   0.27  
54    V     0.17  0.04  0.0   0.0   0.0   0.01  0.0   0.0   0.01  0.14  0.2   0.05  0.04  0.0   0.0   0.01  0.13  0.0   0.0   0.21  
55    G     0.52  0.0   0.0   0.03  0.0   0.06  0.12  0.05  0.0   0.0   0.03  0.0   0.01  0.0   0.0   0.1   0.04  0.0   0.0   0.04  
56    A     0.94  0.0   0.0   0.0   0.01  0.0   0.0   0.02  0.0   0.0   0.0   0.0   0.0   0.0   0.0   0.0   0.02  0.0   0.0   0.0   
57    M     0.0   0.0   0.0   0.0   0.02  0.0   0.0   0.0   0.07  0.2   0.12  0.0   0.09  0.19  0.0   0.0   0.06  0.0   0.06  0.18  
58    R     0.08  0.03  0.61  0.0   0.0   0.07  0.02  0.01  0.0   0.0   0.01  0.15  0.0   0.0   0.0   0.01  0.01  0.0   0.0   0.01  
59    D     0.06  0.0   0.04  0.55  0.0   0.02  0.2   0.0   0.01  0.0   0.01  0.06  0.0   0.0   0.0   0.04  0.0   0.0   0.0   0.01  
60    A     0.88  0.0   0.0   0.0   0.0   0.0   0.0   0.04  0.0   0.0   0.01  0.0   0.0   0.0   0.0   0.0   0.0   0.0   0.0   0.06  
61    S     0.03  0.06  0.03  0.0   0.0   0.01  0.01  0.01  0.1   0.09  0.19  0.1   0.04  0.01  0.0   0.04  0.02  0.0   0.11  0.15  
62    Q     0.09  0.25  0.04  0.03  0.0   0.04  0.17  0.03  0.02  0.0   0.0   0.17  0.0   0.01  0.0   0.09  0.06  0.0   0.0   0.0   
63    Q     0.05  0.13  0.01  0.02  0.0   0.17  0.03  0.0   0.01  0.01  0.03  0.46  0.02  0.0   0.0   0.04  0.02  0.0   0.0   0.01  
64    V     0.25  0.0   0.0   0.0   0.01  0.0   0.0   0.02  0.0   0.19  0.07  0.0   0.02  0.0   0.0   0.21  0.02  0.0   0.01  0.2   
65    T     0.05  0.02  0.0   0.23  0.0   0.06  0.27  0.02  0.01  0.0   0.01  0.08  0.0   0.0   0.0   0.03  0.2   0.0   0.0   0.02  
66    K     0.16  0.02  0.02  0.08  0.0   0.07  0.39  0.0   0.0   0.01  0.01  0.08  0.0   0.0   0.0   0.03  0.09  0.0   0.0   0.02  
67    M     0.17  0.01  0.05  0.02  0.0   0.04  0.1   0.0   0.01  0.05  0.18  0.04  0.07  0.0   0.0   0.01  0.2   0.0   0.0   0.06  
68    A     0.16  0.03  0.03  0.0   0.0   0.11  0.0   0.0   0.01  0.03  0.01  0.04  0.27  0.0   0.0   0.13  0.13  0.0   0.01  0.04  
69    Q     0.08  0.06  0.03  0.02  0.0   0.29  0.13  0.02  0.01  0.0   0.0   0.31  0.0   0.0   0.0   0.04  0.0   0.0   0.0   0.0   
70    E     0.01  0.0   0.01  0.07  0.0   0.12  0.58  0.02  0.0   0.0   0.01  0.1   0.0   0.0   0.0   0.05  0.02  0.0   0.0   0.0   
71    R     0.0   0.28  0.0   0.0   0.0   0.01  0.14  0.0   0.0   0.0   0.0   0.57  0.0   0.0   0.0   0.0   0.0   0.0   0.0   0.0   
