             A     R     N     D     C     Q     E     G     H     I     L     K     M     F     P     S     T     W     Y     V
1     E     0.0   0.0   0.0   0.0   0.0   0.0   0.69  0.0   0.0   0.0   0.0   0.31  0.0   0.0   0.0   0.0   0.0   0.0   0.0   0.0   
2     E     0.0   0.0   0.0   0.01  0.0   0.02  0.97  0.0   0.0   0.0   0.0   0.0   0.0   0.0   0.0   0.0   0.0   0.0   0.0   0.0   
3     V     0.02  0.25  0.01  0.0   0.04  0.03  0.05  0.02  0.0   0.01  0.02  0.03  0.23  0.0   0.0   0.18  0.06  0.0   0.0   0.06  
4     R     0.0   0.98  0.0   0.0   0.0   0.0   0.0   0.0   0.0   0.01  0.0   0.0   0.01  0.0   0.0   0.0   0.0   0.0   0.0   0.0   
5     L     0.0   0.0   0.0   0.0   0.0   0.0   0.0   0.0   0.0   0.07  0.9   0.0   0.01  0.01  0.0   0.0   0.0   0.0   0.0   0.01  
6     D     0.01  0.0   0.03  0.84  0.0   0.08  0.01  0.0   0.03  0.0   0.0   0.0   0.0   0.0   0.0   0.02  0.0   0.0   0.0   0.0   
7     K     0.06  0.0   0.51  0.0   0.0   0.0   0.0   0.0   0.01  0.01  0.0   0.21  0.02  0.01  0.0   0.05  0.11  0.0   0.0   0.01  
8     W     0.02  0.0   0.0   0.0   0.0   0.01  0.0   0.0   0.0   0.18  0.08  0.0   0.02  0.09  0.0   0.02  0.05  0.04  0.05  0.44  
9     L     0.02  0.0   0.0   0.0   0.02  0.0   0.0   0.0   0.0   0.15  0.26  0.0   0.0   0.0   0.0   0.0   0.0   0.0   0.0   0.53  
10    W     0.08  0.01  0.0   0.0   0.0   0.02  0.0   0.0   0.02  0.0   0.03  0.04  0.0   0.22  0.0   0.03  0.0   0.04  0.51  0.01  
11    A     0.04  0.73  0.02  0.0   0.0   0.04  0.03  0.0   0.01  0.0   0.0   0.03  0.0   0.0   0.0   0.07  0.01  0.0   0.0   0.04  
12    A     0.22  0.01  0.0   0.0   0.0   0.01  0.0   0.0   0.0   0.02  0.32  0.05  0.19  0.01  0.0   0.11  0.03  0.0   0.0   0.03  
13    R     0.0   0.08  0.02  0.0   0.0   0.0   0.03  0.77  0.0   0.0   0.01  0.05  0.01  0.0   0.0   0.0   0.0   0.0   0.02  0.0   
14    F     0.0   0.0   0.03  0.0   0.0   0.0   0.0   0.0   0.0   0.06  0.24  0.0   0.11  0.49  0.02  0.0   0.0   0.0   0.04  0.0   
15    Y     0.52  0.0   0.0   0.05  0.03  0.0   0.0   0.16  0.0   0.04  0.0   0.0   0.0   0.0   0.0   0.03  0.02  0.0   0.04  0.1   
16    K     0.05  0.1   0.04  0.01  0.0   0.0   0.0   0.01  0.0   0.03  0.01  0.16  0.0   0.03  0.21  0.26  0.05  0.03  0.0   0.01  
17    T     0.0   0.12  0.01  0.0   0.01  0.0   0.0   0.0   0.0   0.0   0.0   0.0   0.0   0.0   0.0   0.28  0.58  0.0   0.0   0.0   
18    R     0.02  0.57  0.0   0.0   0.0   0.0   0.0   0.0   0.0   0.26  0.02  0.01  0.03  0.0   0.04  0.0   0.01  0.0   0.0   0.04  
19    S     0.22  0.11  0.01  0.01  0.0   0.01  0.03  0.01  0.0   0.01  0.02  0.06  0.0   0.08  0.15  0.09  0.1   0.0   0.04  0.04  
20    L     0.2   0.0   0.01  0.0   0.0   0.27  0.18  0.1   0.02  0.01  0.09  0.0   0.02  0.01  0.0   0.04  0.01  0.0   0.02  0.02  
21    A     0.83  0.0   0.0   0.03  0.0   0.0   0.0   0.02  0.0   0.02  0.0   0.0   0.0   0.0   0.0   0.06  0.0   0.0   0.0   0.03  
22    R     0.0   0.82  0.0   0.0   0.0   0.04  0.03  0.0   0.0   0.0   0.0   0.09  0.0   0.0   0.0   0.0   0.02  0.0   0.0   0.0   
23    N     0.02  0.0   0.01  0.04  0.0   0.81  0.05  0.0   0.0   0.01  0.01  0.02  0.0   0.0   0.0   0.0   0.0   0.0   0.0   0.01  
24    M     0.01  0.03  0.0   0.0   0.0   0.01  0.0   0.01  0.0   0.06  0.57  0.0   0.09  0.12  0.0   0.0   0.0   0.03  0.03  0.05  
25    V     0.03  0.0   0.0   0.0   0.04  0.0   0.0   0.0   0.0   0.28  0.0   0.0   0.0   0.0   0.0   0.0   0.01  0.0   0.0   0.64  
26    E     0.02  0.09  0.28  0.03  0.01  0.0   0.08  0.01  0.0   0.02  0.02  0.06  0.0   0.0   0.0   0.23  0.08  0.0   0.0   0.07  
27    G     0.0   0.0   0.03  0.03  0.0   0.05  0.02  0.02  0.79  0.0   0.0   0.02  0.0   0.0   0.0   0.01  0.0   0.0   0.0   0.02  
28    G     0.02  0.11  0.03  0.0   0.0   0.0   0.0   0.69  0.0   0.0   0.0   0.12  0.0   0.0   0.0   0.02  0.0   0.0   0.0   0.0   
29    K     0.07  0.04  0.05  0.0   0.01  0.03  0.0   0.02  0.59  0.03  0.06  0.05  0.0   0.01  0.0   0.02  0.01  0.0   0.01  0.0   
30    V     0.0   0.0   0.01  0.0   0.0   0.0   0.0   0.0   0.0   0.5   0.02  0.0   0.01  0.12  0.0   0.0   0.0   0.0   0.0   0.34  
31    H     0.07  0.04  0.01  0.0   0.02  0.01  0.02  0.0   0.05  0.02  0.29  0.08  0.03  0.05  0.0   0.03  0.16  0.02  0.04  0.06  
32    Y     0.0   0.0   0.02  0.0   0.0   0.0   0.0   0.0   0.0   0.07  0.12  0.0   0.01  0.0   0.0   0.0   0.0   0.0   0.04  0.74  
33    N     0.01  0.0   0.86  0.09  0.0   0.0   0.01  0.01  0.0   0.0   0.0   0.01  0.0   0.0   0.0   0.01  0.0   0.0   0.0   0.0   
34    G     0.0   0.0   0.06  0.05  0.0   0.0   0.02  0.8   0.0   0.0   0.0   0.03  0.0   0.01  0.0   0.01  0.0   0.0   0.01  0.01  
35    Q     0.01  0.2   0.05  0.03  0.01  0.09  0.04  0.01  0.04  0.03  0.0   0.34  0.0   0.01  0.0   0.06  0.0   0.0   0.0   0.06  
36    R     0.03  0.25  0.0   0.0   0.03  0.01  0.02  0.0   0.0   0.14  0.03  0.26  0.01  0.0   0.02  0.01  0.05  0.0   0.0   0.12  
37    A     0.18  0.0   0.03  0.0   0.02  0.01  0.01  0.0   0.0   0.06  0.01  0.0   0.0   0.0   0.0   0.02  0.02  0.0   0.0   0.64  
38    K     0.0   0.03  0.33  0.26  0.0   0.03  0.0   0.0   0.0   0.02  0.0   0.18  0.0   0.0   0.0   0.03  0.12  0.0   0.0   0.0   
39    P     0.13  0.02  0.0   0.0   0.0   0.01  0.0   0.01  0.0   0.04  0.03  0.0   0.0   0.0   0.71  0.03  0.0   0.0   0.0   0.01  
40    S     0.02  0.01  0.03  0.0   0.0   0.0   0.0   0.14  0.0   0.0   0.0   0.0   0.0   0.0   0.0   0.8   0.0   0.0   0.0   0.0   
41    K     0.02  0.03  0.0   0.03  0.0   0.01  0.0   0.0   0.0   0.03  0.01  0.06  0.05  0.13  0.0   0.01  0.04  0.0   0.56  0.0   
42    S     0.02  0.18  0.04  0.02  0.0   0.22  0.04  0.01  0.02  0.07  0.13  0.07  0.03  0.01  0.01  0.06  0.04  0.0   0.0   0.03  
43    V     0.0   0.01  0.0   0.0   0.18  0.0   0.0   0.0   0.0   0.07  0.17  0.0   0.01  0.0   0.0   0.0   0.0   0.0   0.0   0.57  
44    E     0.01  0.12  0.03  0.01  0.0   0.06  0.1   0.01  0.0   0.0   0.02  0.5   0.0   0.0   0.01  0.11  0.01  0.0   0.0   0.0   
45    I     0.12  0.03  0.01  0.01  0.0   0.02  0.07  0.0   0.0   0.05  0.03  0.02  0.0   0.0   0.41  0.05  0.03  0.0   0.0   0.15  
46    G     0.02  0.03  0.1   0.01  0.0   0.03  0.04  0.68  0.01  0.0   0.0   0.04  0.0   0.0   0.0   0.01  0.01  0.0   0.01  0.0   
47    A     0.04  0.0   0.0   0.74  0.0   0.08  0.08  0.0   0.01  0.0   0.01  0.0   0.01  0.0   0.0   0.01  0.01  0.0   0.0   0.0   
48    Q     0.01  0.02  0.01  0.0   0.01  0.07  0.12  0.0   0.0   0.15  0.06  0.07  0.03  0.02  0.0   0.01  0.08  0.0   0.0   0.35  
49    I     0.01  0.0   0.01  0.02  0.0   0.0   0.0   0.0   0.0   0.61  0.06  0.0   0.02  0.01  0.0   0.01  0.01  0.0   0.0   0.26  
50    T     0.07  0.01  0.01  0.03  0.0   0.03  0.25  0.03  0.01  0.02  0.0   0.07  0.01  0.0   0.0   0.21  0.22  0.0   0.0   0.03  
51    L     0.01  0.0   0.0   0.0   0.0   0.0   0.0   0.0   0.0   0.27  0.21  0.0   0.0   0.03  0.01  0.0   0.02  0.0   0.01  0.42  
52    R     0.05  0.41  0.01  0.02  0.0   0.02  0.03  0.04  0.06  0.01  0.02  0.25  0.0   0.0   0.02  0.03  0.01  0.01  0.0   0.01  
53    Q     0.03  0.0   0.1   0.11  0.0   0.08  0.41  0.01  0.0   0.0   0.01  0.07  0.01  0.08  0.05  0.02  0.01  0.0   0.02  0.0   
54    G     0.04  0.11  0.06  0.01  0.0   0.04  0.03  0.15  0.01  0.02  0.0   0.45  0.0   0.0   0.01  0.04  0.01  0.0   0.01  0.0   
55    H     0.12  0.01  0.05  0.02  0.01  0.12  0.02  0.02  0.01  0.03  0.02  0.04  0.0   0.01  0.04  0.43  0.02  0.0   0.01  0.01  
56    D     0.02  0.2   0.02  0.08  0.0   0.06  0.06  0.01  0.01  0.01  0.04  0.38  0.0   0.0   0.01  0.04  0.03  0.0   0.0   0.02  
57    E     0.02  0.01  0.11  0.03  0.0   0.07  0.11  0.05  0.0   0.04  0.08  0.16  0.0   0.0   0.01  0.25  0.04  0.0   0.01  0.0   
58    K     0.02  0.13  0.05  0.0   0.0   0.14  0.05  0.01  0.02  0.06  0.16  0.11  0.08  0.01  0.0   0.03  0.03  0.0   0.03  0.06  
59    T     0.17  0.02  0.04  0.02  0.0   0.05  0.07  0.01  0.0   0.02  0.06  0.07  0.0   0.0   0.13  0.13  0.14  0.0   0.0   0.06  
60    I     0.05  0.17  0.01  0.01  0.01  0.03  0.01  0.0   0.0   0.18  0.2   0.03  0.03  0.06  0.03  0.04  0.01  0.01  0.01  0.12  
61    I     0.02  0.01  0.0   0.0   0.0   0.03  0.03  0.01  0.0   0.41  0.07  0.06  0.0   0.06  0.02  0.0   0.0   0.0   0.02  0.25  
62    I     0.11  0.04  0.03  0.01  0.0   0.11  0.05  0.01  0.0   0.12  0.09  0.17  0.02  0.01  0.0   0.07  0.07  0.0   0.0   0.09  
63    E     0.12  0.04  0.1   0.08  0.0   0.02  0.28  0.02  0.01  0.02  0.04  0.14  0.0   0.01  0.02  0.05  0.04  0.0   0.0   0.02  
64    K     0.38  0.04  0.17  0.02  0.0   0.02  0.04  0.01  0.0   0.02  0.02  0.05  0.0   0.01  0.0   0.14  0.02  0.0   0.03  0.02  
65    I     0.04  0.01  0.01  0.01  0.0   0.03  0.06  0.01  0.0   0.18  0.42  0.01  0.04  0.03  0.01  0.02  0.03  0.0   0.01  0.09  
66    S     0.12  0.01  0.03  0.04  0.0   0.12  0.28  0.02  0.02  0.01  0.01  0.09  0.0   0.01  0.0   0.14  0.07  0.0   0.0   0.03  
67    D     0.06  0.01  0.06  0.06  0.0   0.02  0.12  0.03  0.02  0.04  0.24  0.03  0.01  0.05  0.02  0.11  0.05  0.0   0.02  0.06  
68    Q     0.24  0.01  0.06  0.0   0.0   0.11  0.02  0.05  0.0   0.02  0.01  0.05  0.02  0.04  0.12  0.11  0.06  0.0   0.02  0.06  
69    R     0.08  0.15  0.05  0.05  0.0   0.13  0.2   0.03  0.05  0.0   0.03  0.03  0.0   0.01  0.05  0.05  0.05  0.0   0.01  0.04  
70    R     0.11  0.45  0.02  0.01  0.0   0.08  0.03  0.02  0.02  0.0   0.05  0.12  0.0   0.0   0.01  0.05  0.01  0.0   0.0   0.02  
71    G     0.04  0.05  0.09  0.11  0.0   0.02  0.12  0.18  0.01  0.01  0.02  0.04  0.01  0.03  0.08  0.1   0.07  0.0   0.01  0.02  
72    A     0.12  0.04  0.0   0.0   0.01  0.0   0.01  0.01  0.0   0.14  0.11  0.17  0.02  0.03  0.02  0.02  0.05  0.0   0.01  0.21  
73    P     0.02  0.0   0.0   0.01  0.0   0.04  0.06  0.01  0.0   0.02  0.04  0.0   0.01  0.01  0.7   0.02  0.0   0.01  0.01  0.04  
74    E     0.12  0.01  0.06  0.15  0.0   0.06  0.17  0.03  0.0   0.03  0.03  0.04  0.0   0.0   0.1   0.13  0.05  0.0   0.01  0.01  
75    A     0.12  0.0   0.01  0.01  0.0   0.0   0.0   0.01  0.13  0.0   0.0   0.02  0.0   0.02  0.0   0.01  0.01  0.47  0.18  0.0   
76    Q     0.04  0.0   0.0   0.01  0.0   0.03  0.01  0.0   0.02  0.16  0.48  0.01  0.01  0.0   0.0   0.02  0.02  0.0   0.0   0.18  
77    Q     0.03  0.02  0.03  0.07  0.0   0.09  0.4   0.01  0.0   0.01  0.09  0.01  0.0   0.0   0.01  0.14  0.11  0.0   0.0   0.0   
78    L     0.07  0.0   0.01  0.01  0.0   0.0   0.0   0.01  0.0   0.07  0.24  0.02  0.05  0.09  0.01  0.01  0.01  0.02  0.01  0.37  
79    Y     0.0   0.0   0.08  0.54  0.0   0.0   0.03  0.0   0.02  0.0   0.02  0.01  0.01  0.09  0.0   0.0   0.0   0.01  0.15  0.04  
80    R     0.09  0.08  0.06  0.01  0.0   0.04  0.17  0.03  0.06  0.0   0.03  0.19  0.0   0.02  0.03  0.09  0.05  0.0   0.03  0.01  
81    E     0.07  0.01  0.04  0.11  0.0   0.03  0.23  0.2   0.0   0.03  0.01  0.1   0.0   0.01  0.01  0.08  0.03  0.0   0.0   0.03  
82    T     0.05  0.04  0.09  0.0   0.0   0.04  0.02  0.02  0.01  0.02  0.03  0.24  0.0   0.01  0.03  0.05  0.26  0.0   0.01  0.06  
83    A     0.05  0.01  0.01  0.0   0.0   0.04  0.08  0.01  0.0   0.02  0.26  0.03  0.13  0.14  0.0   0.02  0.0   0.0   0.04  0.16  
84    K     0.04  0.05  0.04  0.0   0.0   0.04  0.12  0.04  0.01  0.01  0.02  0.38  0.0   0.0   0.0   0.09  0.07  0.0   0.01  0.08  
85    S     0.25  0.1   0.01  0.01  0.0   0.02  0.05  0.26  0.0   0.03  0.01  0.01  0.02  0.0   0.0   0.11  0.08  0.0   0.0   0.03  
86    I     0.04  0.01  0.01  0.0   0.0   0.01  0.01  0.0   0.0   0.16  0.33  0.02  0.03  0.01  0.0   0.01  0.12  0.0   0.02  0.22  
87    T     0.01  0.0   0.0   0.0   0.0   0.02  0.01  0.02  0.0   0.08  0.02  0.04  0.0   0.15  0.44  0.01  0.05  0.0   0.05  0.09  
88    K     0.06  0.04  0.07  0.05  0.0   0.03  0.15  0.0   0.01  0.02  0.02  0.24  0.0   0.0   0.02  0.05  0.12  0.0   0.0   0.11  
89    R     0.01  0.73  0.01  0.01  0.01  0.03  0.04  0.0   0.0   0.01  0.0   0.05  0.0   0.0   0.03  0.02  0.0   0.0   0.01  0.02  
90    E     0.12  0.0   0.02  0.08  0.0   0.03  0.6   0.0   0.0   0.02  0.01  0.03  0.0   0.0   0.02  0.05  0.01  0.0   0.0   0.01  
91    R     0.0   0.19  0.01  0.2   0.0   0.07  0.31  0.0   0.0   0.01  0.0   0.05  0.0   0.0   0.11  0.0   0.0   0.02  0.0   0.02  
92    N     0.01  0.0   0.04  0.12  0.0   0.02  0.1   0.0   0.0   0.33  0.1   0.03  0.05  0.02  0.0   0.05  0.04  0.0   0.0   0.08  
93    A     0.22  0.04  0.02  0.19  0.0   0.06  0.07  0.0   0.0   0.0   0.05  0.0   0.0   0.0   0.09  0.1   0.06  0.06  0.0   0.05  
94    M     0.05  0.0   0.0   0.01  0.0   0.0   0.13  0.0   0.0   0.14  0.24  0.02  0.1   0.0   0.02  0.01  0.04  0.05  0.0   0.19  
95    M     0.16  0.0   0.06  0.06  0.0   0.14  0.13  0.03  0.0   0.01  0.0   0.01  0.03  0.0   0.24  0.13  0.01  0.0   0.0   0.0   
96    R     0.11  0.11  0.01  0.0   0.0   0.01  0.03  0.0   0.0   0.41  0.11  0.03  0.01  0.02  0.01  0.01  0.0   0.0   0.0   0.12  
97    Q     0.01  0.07  0.06  0.03  0.0   0.36  0.23  0.0   0.0   0.0   0.0   0.19  0.0   0.0   0.04  0.01  0.0   0.0   0.0   0.0   
98    L     0.0   0.0   0.03  0.0   0.0   0.0   0.16  0.0   0.0   0.32  0.28  0.0   0.02  0.09  0.0   0.0   0.0   0.0   0.02  0.07  
99    N     0.0   0.0   0.97  0.0   0.0   0.0   0.0   0.0   0.0   0.0   0.0   0.0   0.0   0.0   0.0   0.03  0.0   0.0   0.0   0.0   
