             A     R     N     D     C     Q     E     G     H     I     L     K     M     F     P     S     T     W     Y     V
1     M     0.0   0.0   0.0   0.0   0.0   0.0   0.0   0.0   0.0   0.0   0.28  0.0   0.37  0.0   0.0   0.0   0.0   0.0   0.0   0.34  
2     R     0.1   0.81  0.0   0.0   0.0   0.0   0.0   0.0   0.0   0.0   0.0   0.04  0.0   0.0   0.0   0.04  0.0   0.0   0.0   0.0   
3     K     0.0   0.0   0.0   0.0   0.0   0.0   0.0   0.23  0.0   0.0   0.0   0.61  0.0   0.0   0.0   0.04  0.03  0.0   0.0   0.09  
4     E     0.0   0.16  0.0   0.2   0.0   0.0   0.64  0.0   0.0   0.0   0.0   0.0   0.0   0.0   0.0   0.0   0.0   0.0   0.0   0.0   
5     T     0.0   0.0   0.1   0.0   0.0   0.0   0.04  0.0   0.0   0.0   0.0   0.0   0.0   0.0   0.0   0.63  0.24  0.0   0.0   0.0   
6     Y     0.0   0.0   0.0   0.0   0.0   0.0   0.0   0.0   0.0   0.0   0.0   0.0   0.0   0.31  0.0   0.0   0.0   0.07  0.62  0.0   
7     S     0.09  0.07  0.06  0.0   0.0   0.0   0.0   0.12  0.0   0.0   0.0   0.12  0.0   0.0   0.0   0.39  0.15  0.0   0.0   0.0   
8     S     0.0   0.02  0.0   0.0   0.0   0.0   0.0   0.0   0.0   0.25  0.11  0.0   0.01  0.0   0.27  0.15  0.07  0.0   0.0   0.12  
9     Y     0.17  0.0   0.0   0.0   0.0   0.0   0.0   0.0   0.0   0.0   0.0   0.0   0.0   0.0   0.0   0.15  0.0   0.0   0.69  0.0   
10    I     0.0   0.0   0.0   0.0   0.0   0.0   0.0   0.0   0.0   0.58  0.17  0.0   0.0   0.06  0.0   0.0   0.0   0.0   0.0   0.19  
11    Y     0.0   0.11  0.1   0.0   0.0   0.07  0.0   0.0   0.03  0.0   0.0   0.24  0.0   0.06  0.03  0.06  0.0   0.0   0.29  0.0   
12    K     0.0   0.36  0.0   0.0   0.0   0.0   0.0   0.0   0.0   0.0   0.0   0.64  0.0   0.0   0.0   0.0   0.0   0.0   0.0   0.0   
13    V     0.0   0.0   0.0   0.0   0.0   0.0   0.0   0.0   0.0   0.07  0.15  0.0   0.0   0.0   0.0   0.06  0.0   0.0   0.0   0.72  
14    L     0.0   0.0   0.0   0.0   0.07  0.1   0.0   0.0   0.0   0.05  0.69  0.0   0.03  0.0   0.0   0.07  0.0   0.0   0.0   0.0   
15    K     0.0   0.07  0.0   0.0   0.0   0.0   0.12  0.05  0.0   0.0   0.0   0.65  0.0   0.0   0.0   0.0   0.04  0.0   0.0   0.07  
16    Q     0.03  0.07  0.0   0.0   0.0   0.62  0.13  0.0   0.01  0.0   0.0   0.0   0.0   0.07  0.0   0.06  0.0   0.0   0.0   0.0   
17    T     0.0   0.0   0.0   0.0   0.0   0.0   0.0   0.0   0.0   0.15  0.07  0.0   0.0   0.0   0.0   0.0   0.03  0.0   0.0   0.74  
18    H     0.0   0.04  0.11  0.01  0.0   0.0   0.0   0.0   0.57  0.0   0.0   0.07  0.0   0.03  0.0   0.07  0.03  0.0   0.0   0.07  
19    P     0.0   0.0   0.03  0.0   0.0   0.06  0.0   0.0   0.0   0.0   0.0   0.0   0.0   0.0   0.88  0.03  0.0   0.0   0.0   0.0   
20    D     0.05  0.07  0.05  0.44  0.0   0.03  0.12  0.06  0.06  0.0   0.0   0.0   0.0   0.0   0.03  0.0   0.1   0.0   0.0   0.0   
21    T     0.0   0.03  0.07  0.0   0.05  0.0   0.0   0.0   0.0   0.09  0.21  0.03  0.07  0.0   0.0   0.07  0.29  0.0   0.0   0.08  
22    G     0.0   0.04  0.12  0.06  0.0   0.0   0.05  0.49  0.0   0.0   0.0   0.0   0.0   0.0   0.0   0.18  0.07  0.0   0.0   0.0   
23    I     0.14  0.0   0.0   0.0   0.0   0.0   0.0   0.0   0.0   0.6   0.08  0.0   0.04  0.04  0.0   0.04  0.0   0.0   0.0   0.05  
24    S     0.0   0.0   0.09  0.0   0.0   0.04  0.0   0.0   0.0   0.0   0.0   0.07  0.0   0.0   0.03  0.61  0.1   0.07  0.0   0.0   
25    Q     0.08  0.05  0.1   0.04  0.07  0.04  0.11  0.05  0.0   0.0   0.03  0.06  0.0   0.0   0.0   0.32  0.02  0.0   0.0   0.04  
26    K     0.0   0.16  0.05  0.18  0.0   0.01  0.16  0.0   0.0   0.0   0.0   0.33  0.0   0.0   0.03  0.0   0.06  0.0   0.03  0.0   
27    S     0.51  0.0   0.0   0.0   0.0   0.0   0.0   0.09  0.0   0.03  0.03  0.0   0.0   0.0   0.0   0.26  0.07  0.0   0.0   0.0   
28    M     0.0   0.0   0.0   0.0   0.0   0.0   0.0   0.0   0.0   0.17  0.25  0.0   0.42  0.0   0.0   0.0   0.0   0.0   0.0   0.15  
29    S     0.12  0.05  0.01  0.06  0.0   0.14  0.0   0.11  0.0   0.0   0.1   0.04  0.0   0.0   0.0   0.3   0.02  0.0   0.04  0.01  
30    I     0.0   0.07  0.0   0.0   0.0   0.0   0.0   0.0   0.0   0.45  0.0   0.07  0.0   0.0   0.0   0.0   0.0   0.0   0.21  0.2   
31    L     0.0   0.0   0.0   0.0   0.0   0.0   0.0   0.0   0.0   0.1   0.34  0.0   0.36  0.0   0.0   0.0   0.0   0.0   0.0   0.21  
32    N     0.04  0.0   0.53  0.06  0.06  0.0   0.19  0.0   0.0   0.0   0.0   0.0   0.0   0.0   0.0   0.08  0.05  0.0   0.0   0.0   
33    S     0.05  0.0   0.09  0.0   0.0   0.0   0.1   0.1   0.0   0.03  0.0   0.08  0.02  0.0   0.0   0.46  0.06  0.0   0.0   0.0   
34    F     0.0   0.0   0.0   0.0   0.0   0.0   0.0   0.0   0.0   0.07  0.39  0.0   0.05  0.46  0.0   0.0   0.0   0.0   0.03  0.0   
35    V     0.0   0.0   0.0   0.0   0.08  0.0   0.0   0.0   0.0   0.31  0.11  0.0   0.02  0.0   0.0   0.06  0.0   0.0   0.0   0.41  
36    N     0.06  0.11  0.37  0.0   0.02  0.01  0.0   0.02  0.05  0.0   0.13  0.0   0.0   0.05  0.0   0.06  0.01  0.0   0.06  0.03  
37    D     0.0   0.2   0.0   0.66  0.0   0.1   0.0   0.0   0.04  0.0   0.0   0.0   0.0   0.0   0.0   0.0   0.0   0.0   0.0   0.0   
38    I     0.12  0.0   0.03  0.0   0.0   0.0   0.0   0.0   0.0   0.31  0.21  0.0   0.12  0.06  0.0   0.01  0.05  0.0   0.0   0.1   
39    F     0.0   0.0   0.0   0.0   0.0   0.0   0.0   0.0   0.0   0.0   0.33  0.0   0.03  0.47  0.0   0.06  0.05  0.0   0.0   0.06  
40    E     0.08  0.0   0.16  0.11  0.0   0.03  0.44  0.01  0.0   0.08  0.0   0.0   0.0   0.0   0.0   0.0   0.0   0.0   0.0   0.08  
41    R     0.06  0.53  0.03  0.0   0.0   0.02  0.0   0.0   0.0   0.0   0.0   0.12  0.13  0.0   0.0   0.05  0.06  0.0   0.0   0.0   
42    I     0.0   0.0   0.0   0.0   0.0   0.0   0.0   0.0   0.0   0.6   0.26  0.0   0.0   0.0   0.0   0.0   0.0   0.0   0.0   0.14  
43    A     0.68  0.0   0.0   0.0   0.19  0.0   0.0   0.0   0.0   0.06  0.0   0.0   0.05  0.0   0.0   0.03  0.0   0.0   0.0   0.0   
44    T     0.11  0.1   0.05  0.06  0.04  0.09  0.0   0.09  0.0   0.0   0.02  0.06  0.11  0.0   0.0   0.02  0.18  0.0   0.0   0.07  
45    E     0.11  0.0   0.0   0.03  0.0   0.0   0.73  0.01  0.0   0.0   0.07  0.0   0.0   0.0   0.0   0.01  0.0   0.0   0.0   0.01  
46    A     0.7   0.0   0.0   0.0   0.0   0.11  0.01  0.01  0.0   0.0   0.01  0.0   0.0   0.0   0.0   0.13  0.0   0.0   0.0   0.01  
47    S     0.12  0.0   0.0   0.0   0.06  0.12  0.01  0.11  0.0   0.06  0.01  0.0   0.0   0.05  0.11  0.32  0.0   0.0   0.0   0.01  
48    K     0.01  0.42  0.04  0.0   0.0   0.05  0.07  0.03  0.11  0.04  0.01  0.12  0.0   0.0   0.0   0.07  0.03  0.0   0.0   0.01  
49    L     0.01  0.01  0.01  0.01  0.0   0.04  0.01  0.01  0.0   0.04  0.66  0.01  0.03  0.01  0.01  0.07  0.01  0.0   0.01  0.03  
50    A     0.35  0.01  0.01  0.01  0.01  0.01  0.01  0.01  0.0   0.01  0.02  0.01  0.06  0.01  0.01  0.23  0.08  0.0   0.01  0.13  
51    A     0.05  0.26  0.01  0.03  0.0   0.13  0.01  0.02  0.06  0.01  0.11  0.1   0.0   0.03  0.01  0.04  0.03  0.0   0.04  0.05  
52    Y     0.07  0.09  0.04  0.01  0.0   0.01  0.01  0.01  0.0   0.01  0.13  0.09  0.0   0.02  0.01  0.09  0.01  0.0   0.35  0.03  
53    N     0.01  0.07  0.29  0.01  0.0   0.01  0.01  0.01  0.13  0.01  0.02  0.03  0.0   0.03  0.01  0.11  0.07  0.0   0.09  0.07  
54    K     0.1   0.06  0.05  0.01  0.0   0.03  0.01  0.11  0.01  0.01  0.01  0.58  0.0   0.0   0.01  0.01  0.01  0.0   0.0   0.01  
55    K     0.01  0.3   0.0   0.01  0.0   0.0   0.01  0.01  0.06  0.01  0.01  0.47  0.0   0.0   0.09  0.01  0.01  0.0   0.0   0.01  
56    S     0.02  0.12  0.02  0.01  0.18  0.1   0.01  0.01  0.01  0.01  0.12  0.1   0.0   0.0   0.06  0.2   0.02  0.0   0.0   0.02  
57    T     0.01  0.01  0.0   0.01  0.0   0.0   0.01  0.01  0.0   0.01  0.01  0.01  0.0   0.0   0.09  0.01  0.82  0.0   0.0   0.01  
58    I     0.02  0.01  0.01  0.01  0.0   0.01  0.01  0.02  0.09  0.34  0.3   0.01  0.0   0.01  0.01  0.02  0.01  0.0   0.01  0.1   
59    S     0.01  0.01  0.01  0.01  0.0   0.0   0.01  0.12  0.02  0.01  0.07  0.01  0.0   0.0   0.01  0.39  0.32  0.0   0.0   0.01  
60    A     0.18  0.04  0.0   0.0   0.0   0.0   0.0   0.0   0.0   0.06  0.0   0.08  0.0   0.0   0.07  0.38  0.03  0.0   0.0   0.17  
61    R     0.0   0.44  0.0   0.06  0.0   0.13  0.09  0.03  0.03  0.0   0.0   0.06  0.0   0.04  0.0   0.05  0.0   0.02  0.05  0.0   
62    E     0.0   0.07  0.0   0.41  0.0   0.0   0.52  0.0   0.0   0.0   0.0   0.0   0.0   0.0   0.0   0.0   0.0   0.0   0.0   0.0   
63    I     0.0   0.0   0.0   0.0   0.0   0.0   0.0   0.0   0.0   0.52  0.06  0.0   0.0   0.0   0.0   0.07  0.02  0.0   0.0   0.34  
64    Q     0.0   0.09  0.0   0.0   0.0   0.54  0.29  0.0   0.0   0.05  0.0   0.03  0.0   0.0   0.0   0.0   0.0   0.0   0.0   0.0   
65    T     0.05  0.07  0.0   0.0   0.0   0.03  0.16  0.0   0.0   0.0   0.0   0.03  0.04  0.0   0.0   0.25  0.35  0.0   0.0   0.02  
66    A     0.71  0.09  0.0   0.0   0.0   0.0   0.0   0.0   0.0   0.0   0.0   0.07  0.0   0.0   0.07  0.07  0.0   0.0   0.0   0.0   
67    V     0.0   0.0   0.0   0.0   0.11  0.0   0.0   0.0   0.0   0.15  0.06  0.0   0.04  0.04  0.0   0.0   0.03  0.0   0.0   0.56  
68    R     0.11  0.36  0.11  0.0   0.0   0.06  0.16  0.0   0.03  0.0   0.0   0.14  0.0   0.0   0.0   0.0   0.0   0.0   0.03  0.0   
69    L     0.0   0.0   0.0   0.0   0.11  0.0   0.0   0.0   0.0   0.12  0.53  0.11  0.07  0.0   0.0   0.0   0.0   0.0   0.0   0.06  
70    I     0.0   0.0   0.0   0.0   0.14  0.0   0.0   0.0   0.0   0.17  0.22  0.07  0.01  0.0   0.0   0.08  0.03  0.0   0.0   0.28  
71    L     0.0   0.0   0.0   0.0   0.09  0.0   0.0   0.0   0.04  0.0   0.54  0.0   0.07  0.15  0.0   0.07  0.03  0.0   0.0   0.0   
72    P     0.0   0.0   0.0   0.0   0.0   0.0   0.0   0.0   0.0   0.0   0.0   0.06  0.0   0.0   0.66  0.22  0.03  0.0   0.0   0.03  
73    G     0.16  0.0   0.0   0.0   0.0   0.0   0.03  0.42  0.09  0.0   0.0   0.03  0.0   0.0   0.01  0.12  0.0   0.15  0.0   0.0   
74    E     0.04  0.0   0.0   0.04  0.0   0.06  0.34  0.04  0.0   0.0   0.0   0.16  0.0   0.0   0.09  0.09  0.13  0.0   0.0   0.0   
75    L     0.0   0.0   0.0   0.0   0.0   0.0   0.0   0.05  0.0   0.22  0.37  0.0   0.21  0.0   0.0   0.0   0.0   0.08  0.0   0.07  
76    A     0.4   0.04  0.02  0.13  0.0   0.0   0.0   0.04  0.0   0.0   0.04  0.04  0.0   0.0   0.07  0.21  0.0   0.0   0.0   0.0   
77    K     0.07  0.03  0.0   0.05  0.0   0.05  0.07  0.04  0.0   0.0   0.0   0.42  0.0   0.0   0.0   0.15  0.06  0.0   0.0   0.06  
78    H     0.0   0.0   0.06  0.0   0.0   0.0   0.0   0.08  0.25  0.0   0.1   0.04  0.0   0.0   0.0   0.17  0.15  0.09  0.06  0.0   
79    A     0.57  0.0   0.0   0.0   0.11  0.0   0.0   0.0   0.0   0.05  0.04  0.06  0.0   0.0   0.12  0.0   0.05  0.0   0.0   0.0   
80    V     0.03  0.0   0.0   0.03  0.07  0.0   0.04  0.06  0.03  0.28  0.05  0.03  0.11  0.0   0.0   0.0   0.1   0.0   0.0   0.17  
81    S     0.23  0.07  0.08  0.0   0.0   0.0   0.0   0.05  0.0   0.0   0.05  0.04  0.03  0.0   0.06  0.21  0.13  0.0   0.0   0.04  
82    E     0.14  0.05  0.0   0.07  0.0   0.08  0.27  0.11  0.0   0.0   0.0   0.17  0.0   0.04  0.0   0.07  0.0   0.0   0.0   0.0   
83    G     0.18  0.0   0.0   0.0   0.0   0.0   0.0   0.41  0.0   0.0   0.0   0.1   0.0   0.0   0.0   0.19  0.07  0.0   0.0   0.05  
84    T     0.07  0.03  0.0   0.02  0.0   0.04  0.05  0.17  0.02  0.0   0.06  0.12  0.03  0.0   0.11  0.07  0.17  0.0   0.0   0.05  
85    R     0.1   0.18  0.07  0.0   0.0   0.0   0.05  0.13  0.0   0.0   0.0   0.26  0.0   0.0   0.0   0.14  0.07  0.0   0.0   0.0   
86    A     0.34  0.11  0.0   0.0   0.0   0.04  0.04  0.22  0.0   0.0   0.0   0.04  0.0   0.0   0.0   0.12  0.03  0.0   0.0   0.06  
87    V     0.05  0.05  0.05  0.0   0.0   0.0   0.0   0.16  0.0   0.07  0.09  0.22  0.0   0.0   0.04  0.08  0.0   0.0   0.0   0.2   
88    T     0.08  0.07  0.04  0.07  0.0   0.06  0.04  0.04  0.05  0.0   0.05  0.14  0.0   0.0   0.08  0.16  0.08  0.0   0.0   0.04  
89    K     0.09  0.1   0.07  0.0   0.0   0.0   0.0   0.09  0.04  0.0   0.06  0.23  0.04  0.04  0.05  0.1   0.05  0.0   0.0   0.04  
90    Y     0.1   0.04  0.04  0.06  0.0   0.08  0.0   0.13  0.0   0.0   0.01  0.12  0.0   0.13  0.0   0.06  0.07  0.0   0.11  0.05  
91    S     0.07  0.07  0.07  0.07  0.0   0.07  0.07  0.07  0.0   0.07  0.01  0.07  0.07  0.0   0.07  0.07  0.07  0.0   0.0   0.07  
92    S     0.07  0.07  0.07  0.07  0.0   0.07  0.0   0.07  0.06  0.0   0.07  0.07  0.06  0.06  0.07  0.07  0.07  0.0   0.0   0.07  
93    S     0.07  0.07  0.07  0.07  0.07  0.07  0.07  0.07  0.0   0.0   0.01  0.07  0.0   0.0   0.07  0.07  0.07  0.0   0.07  0.07  
94    T     0.07  0.07  0.07  0.07  0.0   0.0   0.07  0.07  0.0   0.0   0.07  0.07  0.07  0.07  0.07  0.07  0.07  0.0   0.0   0.07  
95    Q     0.08  0.08  0.08  0.0   0.0   0.08  0.08  0.08  0.0   0.08  0.08  0.08  0.0   0.0   0.08  0.08  0.08  0.0   0.0   0.0   
96    A     0.08  0.08  0.0   0.0   0.0   0.08  0.0   0.08  0.0   0.08  0.01  0.08  0.08  0.0   0.08  0.08  0.08  0.08  0.0   0.08  
97    Q     0.01  0.08  0.08  0.0   0.0   0.08  0.08  0.08  0.0   0.08  0.08  0.08  0.08  0.0   0.0   0.08  0.08  0.0   0.0   0.08  
98    S     0.01  0.04  0.1   0.05  0.0   0.06  0.01  0.07  0.0   0.01  0.07  0.01  0.0   0.0   0.12  0.3   0.08  0.0   0.0   0.07  
99    S     0.01  0.33  0.04  0.01  0.0   0.05  0.01  0.07  0.05  0.01  0.01  0.13  0.0   0.0   0.11  0.13  0.04  0.0   0.0   0.01  
100   S     0.01  0.01  0.0   0.01  0.0   0.1   0.01  0.01  0.0   0.01  0.01  0.11  0.0   0.0   0.15  0.47  0.1   0.0   0.0   0.01  
101   A     0.23  0.12  0.0   0.0   0.0   0.05  0.05  0.15  0.0   0.03  0.01  0.04  0.02  0.02  0.0   0.12  0.05  0.0   0.02  0.08  
102   R     0.02  0.26  0.01  0.01  0.0   0.01  0.02  0.02  0.01  0.01  0.02  0.26  0.01  0.01  0.01  0.02  0.01  0.0   0.01  0.27  
103   A     0.61  0.0   0.07  0.0   0.1   0.0   0.0   0.01  0.0   0.0   0.01  0.0   0.0   0.0   0.06  0.04  0.08  0.0   0.0   0.01  
104   G     0.1   0.0   0.0   0.04  0.0   0.0   0.08  0.67  0.0   0.0   0.01  0.0   0.0   0.0   0.07  0.0   0.0   0.0   0.0   0.0   
105   L     0.0   0.0   0.0   0.0   0.07  0.0   0.05  0.0   0.0   0.1   0.63  0.0   0.0   0.0   0.0   0.0   0.0   0.0   0.0   0.1   
106   Q     0.01  0.0   0.0   0.0   0.0   0.37  0.0   0.0   0.0   0.1   0.04  0.0   0.05  0.07  0.0   0.12  0.13  0.0   0.0   0.11  
107   F     0.0   0.0   0.0   0.0   0.0   0.0   0.0   0.0   0.06  0.03  0.13  0.0   0.0   0.68  0.0   0.0   0.0   0.0   0.0   0.1   
108   P     0.0   0.0   0.0   0.0   0.0   0.03  0.0   0.0   0.0   0.0   0.0   0.0   0.0   0.0   0.75  0.21  0.0   0.0   0.0   0.0   
109   V     0.0   0.0   0.0   0.0   0.06  0.0   0.0   0.0   0.0   0.0   0.0   0.06  0.0   0.04  0.09  0.0   0.04  0.0   0.0   0.7   
110   G     0.06  0.0   0.04  0.03  0.0   0.0   0.05  0.61  0.0   0.06  0.0   0.0   0.0   0.0   0.0   0.14  0.0   0.0   0.0   0.0   
111   R     0.0   0.63  0.0   0.0   0.0   0.03  0.0   0.0   0.0   0.06  0.03  0.15  0.0   0.0   0.0   0.05  0.0   0.0   0.04  0.0   
112   I     0.0   0.0   0.0   0.0   0.0   0.0   0.0   0.0   0.0   0.37  0.05  0.0   0.04  0.12  0.06  0.0   0.02  0.0   0.0   0.35  
113   K     0.04  0.03  0.0   0.05  0.0   0.05  0.08  0.08  0.32  0.0   0.04  0.16  0.01  0.07  0.0   0.01  0.01  0.0   0.06  0.0   
114   R     0.0   0.64  0.0   0.0   0.0   0.0   0.0   0.07  0.0   0.0   0.0   0.1   0.0   0.0   0.06  0.08  0.03  0.0   0.02  0.0   
115   Y     0.0   0.0   0.0   0.0   0.0   0.04  0.0   0.0   0.09  0.12  0.17  0.0   0.05  0.15  0.0   0.07  0.0   0.08  0.23  0.0   
116   L     0.0   0.0   0.0   0.0   0.0   0.0   0.0   0.0   0.0   0.06  0.76  0.0   0.18  0.0   0.0   0.0   0.0   0.0   0.0   0.0   
117   K     0.0   0.24  0.0   0.0   0.0   0.12  0.0   0.0   0.0   0.0   0.0   0.5   0.0   0.0   0.0   0.0   0.05  0.0   0.0   0.08  
118   R     0.07  0.07  0.07  0.1   0.0   0.03  0.19  0.02  0.0   0.0   0.0   0.29  0.0   0.0   0.0   0.03  0.12  0.0   0.0   0.0   
119   H     0.0   0.12  0.03  0.08  0.0   0.08  0.08  0.35  0.02  0.02  0.0   0.03  0.0   0.0   0.0   0.13  0.04  0.0   0.0   0.0   
120   A     0.08  0.23  0.09  0.0   0.0   0.07  0.05  0.0   0.06  0.0   0.0   0.04  0.06  0.03  0.0   0.01  0.11  0.0   0.0   0.14  
121   T     0.02  0.02  0.06  0.05  0.03  0.06  0.0   0.0   0.03  0.03  0.01  0.06  0.0   0.04  0.05  0.05  0.05  0.0   0.31  0.12  
122   G     0.29  0.0   0.06  0.0   0.02  0.01  0.06  0.07  0.0   0.04  0.11  0.03  0.0   0.01  0.0   0.16  0.05  0.0   0.03  0.04  
123   R     0.01  0.08  0.06  0.01  0.04  0.14  0.01  0.15  0.09  0.01  0.01  0.16  0.0   0.0   0.06  0.14  0.01  0.0   0.0   0.01  
124   T     0.02  0.08  0.02  0.02  0.04  0.01  0.06  0.07  0.01  0.03  0.06  0.06  0.05  0.1   0.02  0.06  0.05  0.0   0.15  0.08  
125   R     0.0   0.62  0.0   0.0   0.0   0.0   0.0   0.0   0.0   0.0   0.13  0.17  0.0   0.0   0.0   0.04  0.0   0.0   0.0   0.0   
126   V     0.0   0.0   0.0   0.0   0.08  0.0   0.0   0.0   0.0   0.32  0.04  0.0   0.0   0.0   0.0   0.07  0.0   0.0   0.02  0.48  
127   G     0.04  0.0   0.0   0.09  0.06  0.04  0.01  0.43  0.05  0.0   0.0   0.0   0.0   0.0   0.0   0.27  0.0   0.0   0.0   0.0   
128   S     0.23  0.01  0.08  0.0   0.0   0.13  0.07  0.02  0.04  0.03  0.0   0.04  0.0   0.0   0.04  0.24  0.02  0.0   0.05  0.02  
129   K     0.11  0.0   0.0   0.04  0.0   0.04  0.0   0.14  0.07  0.0   0.03  0.08  0.0   0.0   0.0   0.23  0.18  0.0   0.04  0.04  
130   A     0.43  0.0   0.0   0.04  0.04  0.05  0.0   0.02  0.0   0.0   0.07  0.0   0.0   0.0   0.0   0.13  0.12  0.0   0.0   0.11  
131   A     0.23  0.0   0.04  0.0   0.04  0.0   0.0   0.0   0.0   0.0   0.12  0.0   0.05  0.0   0.26  0.24  0.0   0.0   0.0   0.04  
132   I     0.03  0.0   0.0   0.03  0.0   0.0   0.0   0.0   0.05  0.19  0.05  0.0   0.05  0.07  0.0   0.0   0.0   0.0   0.0   0.55  
133   Y     0.07  0.0   0.0   0.0   0.0   0.0   0.0   0.0   0.0   0.05  0.01  0.0   0.0   0.2   0.0   0.05  0.0   0.0   0.58  0.0   
134   L     0.06  0.0   0.0   0.0   0.0   0.0   0.0   0.0   0.0   0.09  0.57  0.0   0.09  0.03  0.0   0.03  0.03  0.0   0.0   0.09  
135   T     0.39  0.0   0.0   0.0   0.0   0.0   0.0   0.07  0.0   0.0   0.05  0.0   0.0   0.0   0.0   0.18  0.19  0.0   0.0   0.09  
136   A     0.61  0.07  0.0   0.0   0.0   0.0   0.0   0.06  0.0   0.0   0.0   0.08  0.0   0.0   0.0   0.15  0.0   0.0   0.0   0.0   
137   V     0.05  0.05  0.0   0.0   0.11  0.0   0.0   0.0   0.0   0.12  0.0   0.0   0.04  0.0   0.0   0.07  0.0   0.0   0.0   0.5   
138   L     0.0   0.0   0.0   0.0   0.0   0.0   0.0   0.0   0.0   0.06  0.74  0.0   0.08  0.0   0.0   0.0   0.0   0.0   0.0   0.04  
139   E     0.01  0.0   0.0   0.05  0.0   0.04  0.78  0.0   0.0   0.0   0.01  0.0   0.05  0.0   0.0   0.0   0.0   0.0   0.0   0.0   
140   Y     0.01  0.0   0.06  0.0   0.0   0.0   0.0   0.0   0.0   0.0   0.07  0.0   0.0   0.07  0.0   0.08  0.0   0.0   0.67  0.0   
141   L     0.01  0.0   0.0   0.0   0.0   0.0   0.0   0.0   0.0   0.08  0.71  0.0   0.03  0.13  0.0   0.0   0.0   0.0   0.0   0.0   
142   T     0.14  0.0   0.0   0.0   0.01  0.0   0.0   0.0   0.0   0.16  0.03  0.0   0.06  0.08  0.0   0.09  0.3   0.0   0.0   0.1   
143   A     0.47  0.08  0.0   0.05  0.0   0.0   0.08  0.0   0.0   0.06  0.04  0.0   0.0   0.01  0.0   0.13  0.03  0.0   0.0   0.01  
144   E     0.01  0.0   0.04  0.11  0.0   0.0   0.61  0.0   0.0   0.0   0.07  0.02  0.0   0.0   0.0   0.07  0.0   0.0   0.05  0.0   
145   V     0.0   0.0   0.0   0.0   0.0   0.0   0.0   0.0   0.0   0.5   0.21  0.0   0.0   0.0   0.0   0.0   0.0   0.0   0.0   0.29  
146   L     0.0   0.0   0.0   0.0   0.0   0.0   0.0   0.0   0.0   0.0   0.75  0.0   0.0   0.05  0.0   0.0   0.05  0.0   0.03  0.13  
147   E     0.04  0.0   0.0   0.06  0.0   0.02  0.57  0.0   0.0   0.0   0.0   0.14  0.0   0.0   0.0   0.03  0.11  0.0   0.0   0.0   
148   L     0.0   0.08  0.0   0.0   0.0   0.0   0.0   0.05  0.0   0.04  0.56  0.13  0.04  0.0   0.0   0.04  0.02  0.0   0.0   0.05  
149   A     0.6   0.0   0.0   0.0   0.0   0.04  0.0   0.0   0.0   0.0   0.0   0.0   0.0   0.0   0.0   0.2   0.0   0.0   0.0   0.15  
150   G     0.08  0.0   0.0   0.0   0.0   0.03  0.02  0.54  0.02  0.04  0.06  0.04  0.03  0.0   0.0   0.08  0.0   0.04  0.0   0.03  
151   N     0.0   0.03  0.6   0.03  0.0   0.02  0.12  0.0   0.0   0.0   0.0   0.08  0.0   0.0   0.05  0.05  0.02  0.0   0.0   0.0   
152   A     0.3   0.04  0.0   0.05  0.0   0.0   0.14  0.03  0.0   0.02  0.0   0.0   0.05  0.0   0.0   0.09  0.03  0.0   0.1   0.14  
153   A     0.61  0.0   0.0   0.0   0.02  0.0   0.0   0.05  0.0   0.0   0.06  0.02  0.0   0.0   0.0   0.13  0.03  0.0   0.0   0.08  
154   K     0.02  0.31  0.06  0.0   0.0   0.05  0.05  0.05  0.01  0.06  0.0   0.19  0.0   0.03  0.04  0.1   0.0   0.0   0.0   0.03  
155   D     0.0   0.0   0.1   0.37  0.0   0.05  0.09  0.1   0.0   0.06  0.06  0.04  0.0   0.0   0.0   0.03  0.08  0.0   0.02  0.0   
156   L     0.08  0.05  0.37  0.04  0.0   0.07  0.0   0.0   0.03  0.12  0.08  0.02  0.01  0.01  0.0   0.08  0.06  0.0   0.0   0.0   
157   K     0.03  0.09  0.13  0.0   0.0   0.0   0.0   0.29  0.0   0.0   0.0   0.41  0.0   0.0   0.0   0.02  0.04  0.0   0.0   0.0   
158   V     0.0   0.08  0.0   0.0   0.0   0.05  0.02  0.05  0.08  0.04  0.03  0.37  0.0   0.0   0.03  0.05  0.05  0.0   0.0   0.14  
159   K     0.01  0.11  0.03  0.0   0.03  0.05  0.0   0.05  0.0   0.03  0.0   0.31  0.0   0.0   0.07  0.08  0.15  0.0   0.08  0.0   
160   R     0.0   0.59  0.07  0.0   0.0   0.0   0.13  0.0   0.0   0.0   0.03  0.11  0.0   0.0   0.04  0.0   0.0   0.0   0.0   0.03  
161   I     0.0   0.0   0.0   0.0   0.0   0.0   0.0   0.0   0.0   0.72  0.03  0.0   0.0   0.07  0.0   0.0   0.0   0.0   0.0   0.18  
162   T     0.05  0.0   0.05  0.0   0.0   0.03  0.0   0.0   0.0   0.12  0.04  0.09  0.04  0.0   0.0   0.19  0.36  0.0   0.0   0.04  
163   P     0.15  0.0   0.03  0.0   0.0   0.03  0.0   0.0   0.0   0.0   0.04  0.06  0.0   0.0   0.6   0.04  0.0   0.0   0.0   0.04  
164   R     0.0   0.43  0.0   0.0   0.0   0.13  0.24  0.0   0.0   0.0   0.02  0.07  0.0   0.0   0.04  0.0   0.05  0.0   0.0   0.02  
165   H     0.05  0.0   0.0   0.21  0.0   0.0   0.0   0.04  0.52  0.05  0.02  0.0   0.0   0.01  0.0   0.07  0.03  0.0   0.0   0.0   
166   L     0.0   0.05  0.0   0.0   0.0   0.0   0.0   0.0   0.0   0.34  0.44  0.0   0.0   0.04  0.0   0.0   0.04  0.0   0.0   0.1   
167   Q     0.0   0.05  0.08  0.02  0.05  0.23  0.2   0.0   0.02  0.0   0.07  0.15  0.05  0.03  0.0   0.03  0.02  0.0   0.0   0.0   
168   L     0.0   0.06  0.08  0.0   0.0   0.12  0.02  0.0   0.0   0.0   0.47  0.05  0.07  0.0   0.0   0.0   0.0   0.05  0.0   0.08  
169   A     0.61  0.0   0.0   0.0   0.0   0.05  0.0   0.0   0.0   0.0   0.0   0.0   0.0   0.0   0.0   0.14  0.06  0.0   0.0   0.15  
170   I     0.02  0.05  0.0   0.0   0.0   0.0   0.0   0.0   0.0   0.45  0.07  0.0   0.08  0.02  0.02  0.0   0.0   0.0   0.0   0.28  
171   R     0.04  0.33  0.1   0.05  0.14  0.08  0.0   0.02  0.03  0.0   0.08  0.02  0.0   0.0   0.0   0.04  0.0   0.0   0.0   0.04  
172   G     0.08  0.0   0.61  0.0   0.02  0.0   0.0   0.09  0.04  0.0   0.0   0.07  0.0   0.0   0.0   0.03  0.02  0.0   0.0   0.0   
173   D     0.0   0.0   0.05  0.92  0.0   0.0   0.0   0.0   0.0   0.0   0.0   0.0   0.0   0.0   0.0   0.0   0.0   0.0   0.0   0.0   
174   D     0.08  0.11  0.0   0.05  0.0   0.01  0.42  0.0   0.0   0.03  0.02  0.05  0.0   0.0   0.03  0.07  0.04  0.0   0.0   0.06  
175   E     0.0   0.0   0.0   0.04  0.0   0.05  0.68  0.0   0.0   0.0   0.03  0.06  0.0   0.0   0.0   0.0   0.0   0.0   0.0   0.13  
176   L     0.0   0.0   0.0   0.0   0.0   0.0   0.0   0.0   0.0   0.02  0.8   0.0   0.0   0.09  0.05  0.0   0.0   0.0   0.0   0.04  
177   D     0.0   0.03  0.25  0.21  0.0   0.0   0.02  0.08  0.09  0.0   0.0   0.0   0.08  0.0   0.0   0.12  0.0   0.07  0.04  0.0   
178   S     0.03  0.07  0.03  0.1   0.0   0.11  0.0   0.12  0.0   0.01  0.04  0.2   0.02  0.1   0.0   0.07  0.1   0.0   0.0   0.0   
179   L     0.03  0.0   0.0   0.0   0.0   0.0   0.0   0.06  0.0   0.0   0.72  0.0   0.12  0.03  0.0   0.0   0.0   0.0   0.0   0.05  
180   I     0.0   0.07  0.0   0.0   0.0   0.0   0.0   0.0   0.0   0.12  0.47  0.0   0.01  0.27  0.0   0.0   0.0   0.0   0.0   0.06  
181   R     0.05  0.13  0.15  0.0   0.0   0.14  0.07  0.08  0.03  0.0   0.0   0.3   0.0   0.0   0.0   0.03  0.0   0.0   0.0   0.0   
182   A     0.24  0.0   0.0   0.0   0.0   0.0   0.0   0.76  0.0   0.0   0.0   0.0   0.0   0.0   0.0   0.0   0.0   0.0   0.0   0.0   
