             A     R     N     D     C     Q     E     G     H     I     L     K     M     F     P     S     T     W     Y     V
1     S     0.0   0.0   0.0   0.0   0.0   0.0   0.0   0.0   0.0   0.0   0.0   0.0   0.0   0.0   0.0   0.5   0.5   0.0   0.0   0.0   
2     T     0.0   0.0   0.0   0.0   0.0   0.0   0.0   0.0   0.0   0.09  0.0   0.0   0.0   0.0   0.0   0.19  0.72  0.0   0.0   0.0   
3     E     0.0   0.0   0.12  0.0   0.0   0.15  0.73  0.0   0.0   0.0   0.0   0.0   0.0   0.0   0.0   0.0   0.0   0.0   0.0   0.0   
4     K     0.0   0.11  0.0   0.09  0.0   0.0   0.15  0.0   0.0   0.09  0.0   0.36  0.0   0.0   0.0   0.0   0.0   0.0   0.21  0.0   
5     E     0.0   0.0   0.0   0.0   0.0   0.09  0.82  0.0   0.0   0.0   0.0   0.04  0.0   0.05  0.0   0.0   0.0   0.0   0.0   0.0   
6     K     0.05  0.07  0.02  0.0   0.0   0.0   0.14  0.0   0.0   0.0   0.11  0.55  0.06  0.0   0.0   0.0   0.0   0.0   0.0   0.0   
7     M     0.1   0.0   0.0   0.0   0.0   0.0   0.0   0.08  0.0   0.09  0.09  0.05  0.32  0.08  0.0   0.0   0.05  0.0   0.0   0.14  
8     I     0.21  0.07  0.03  0.0   0.0   0.0   0.0   0.0   0.03  0.13  0.23  0.0   0.04  0.05  0.0   0.0   0.04  0.0   0.0   0.17  
9     A     0.35  0.08  0.0   0.0   0.0   0.04  0.0   0.0   0.0   0.04  0.0   0.04  0.0   0.0   0.15  0.24  0.06  0.0   0.0   0.0   
10    G     0.05  0.0   0.0   0.0   0.0   0.04  0.06  0.63  0.03  0.0   0.0   0.09  0.0   0.0   0.0   0.04  0.0   0.0   0.0   0.05  
11    E     0.16  0.0   0.05  0.08  0.0   0.11  0.27  0.0   0.0   0.0   0.07  0.05  0.04  0.0   0.05  0.04  0.0   0.0   0.0   0.08  
12    L     0.0   0.03  0.04  0.0   0.04  0.0   0.04  0.0   0.0   0.11  0.38  0.0   0.12  0.0   0.2   0.0   0.0   0.05  0.0   0.0   
13    Y     0.04  0.0   0.0   0.0   0.0   0.0   0.04  0.0   0.0   0.07  0.05  0.0   0.0   0.12  0.0   0.07  0.08  0.0   0.45  0.08  
14    R     0.12  0.04  0.21  0.14  0.0   0.04  0.0   0.0   0.0   0.08  0.04  0.06  0.0   0.16  0.0   0.04  0.03  0.0   0.0   0.04  
15    S     0.35  0.0   0.0   0.05  0.0   0.0   0.0   0.06  0.0   0.05  0.09  0.0   0.0   0.06  0.14  0.1   0.0   0.0   0.03  0.06  
16    A     0.1   0.06  0.14  0.03  0.0   0.07  0.14  0.04  0.05  0.06  0.0   0.0   0.06  0.01  0.0   0.08  0.0   0.0   0.12  0.04  
17    D     0.0   0.0   0.05  0.61  0.11  0.0   0.04  0.03  0.0   0.0   0.04  0.0   0.0   0.0   0.0   0.04  0.03  0.0   0.0   0.03  
18    E     0.02  0.03  0.0   0.0   0.0   0.11  0.28  0.0   0.0   0.0   0.0   0.16  0.0   0.0   0.27  0.0   0.0   0.0   0.0   0.12  
19    T     0.07  0.0   0.1   0.19  0.0   0.05  0.18  0.07  0.0   0.0   0.02  0.12  0.0   0.03  0.07  0.03  0.01  0.0   0.04  0.04  
20    L     0.02  0.0   0.0   0.0   0.0   0.0   0.0   0.03  0.0   0.2   0.54  0.0   0.0   0.05  0.03  0.0   0.0   0.0   0.04  0.05  
21    S     0.03  0.0   0.0   0.02  0.02  0.13  0.17  0.04  0.0   0.04  0.16  0.02  0.04  0.02  0.02  0.07  0.07  0.09  0.04  0.04  
22    R     0.09  0.03  0.11  0.0   0.0   0.1   0.06  0.02  0.0   0.02  0.05  0.23  0.03  0.07  0.04  0.01  0.1   0.04  0.0   0.01  
23    D     0.12  0.04  0.0   0.2   0.0   0.07  0.2   0.01  0.02  0.07  0.07  0.04  0.0   0.01  0.0   0.04  0.03  0.0   0.07  0.01  
24    R     0.08  0.31  0.0   0.04  0.0   0.03  0.0   0.0   0.02  0.07  0.09  0.0   0.04  0.0   0.0   0.0   0.09  0.01  0.14  0.06  
25    L     0.06  0.0   0.0   0.04  0.03  0.03  0.05  0.02  0.02  0.14  0.27  0.04  0.05  0.0   0.0   0.01  0.09  0.0   0.03  0.12  
26    R     0.12  0.2   0.06  0.05  0.0   0.06  0.27  0.02  0.06  0.06  0.03  0.03  0.02  0.0   0.02  0.0   0.0   0.0   0.0   0.0   
27    A     0.34  0.0   0.06  0.0   0.02  0.02  0.05  0.09  0.01  0.01  0.01  0.03  0.01  0.01  0.04  0.12  0.15  0.0   0.01  0.02  
28    R     0.05  0.09  0.07  0.02  0.0   0.03  0.11  0.23  0.0   0.0   0.02  0.19  0.0   0.01  0.03  0.05  0.06  0.0   0.0   0.03  
29    Q     0.25  0.03  0.01  0.15  0.01  0.08  0.1   0.02  0.01  0.05  0.01  0.04  0.0   0.01  0.04  0.08  0.07  0.0   0.0   0.05  
30    L     0.02  0.01  0.04  0.0   0.0   0.05  0.01  0.0   0.0   0.11  0.27  0.05  0.04  0.04  0.0   0.06  0.04  0.05  0.01  0.19  
31    I     0.03  0.03  0.02  0.0   0.06  0.01  0.03  0.0   0.0   0.34  0.18  0.02  0.06  0.0   0.02  0.01  0.0   0.08  0.01  0.07  
32    H     0.0   0.08  0.03  0.02  0.01  0.01  0.11  0.05  0.3   0.03  0.06  0.09  0.01  0.05  0.03  0.02  0.0   0.0   0.06  0.04  
33    R     0.1   0.19  0.04  0.08  0.0   0.08  0.11  0.03  0.05  0.0   0.05  0.07  0.02  0.03  0.04  0.06  0.0   0.0   0.03  0.02  
34    Y     0.04  0.02  0.03  0.03  0.01  0.0   0.0   0.05  0.02  0.02  0.05  0.03  0.02  0.25  0.03  0.03  0.01  0.09  0.21  0.04  
35    N     0.07  0.07  0.43  0.01  0.0   0.02  0.0   0.01  0.08  0.01  0.0   0.01  0.03  0.0   0.0   0.19  0.03  0.0   0.0   0.0   
36    H     0.11  0.03  0.07  0.05  0.02  0.06  0.03  0.01  0.2   0.02  0.07  0.05  0.0   0.01  0.0   0.08  0.11  0.0   0.02  0.05  
37    S     0.05  0.06  0.02  0.03  0.0   0.03  0.06  0.0   0.01  0.1   0.22  0.02  0.01  0.04  0.04  0.08  0.13  0.0   0.0   0.11  
38    L     0.04  0.03  0.01  0.01  0.01  0.0   0.05  0.06  0.01  0.25  0.17  0.01  0.02  0.04  0.01  0.04  0.04  0.0   0.06  0.13  
39    A     0.11  0.0   0.02  0.03  0.0   0.03  0.07  0.2   0.01  0.04  0.03  0.02  0.01  0.0   0.15  0.04  0.03  0.04  0.0   0.16  
40    E     0.15  0.02  0.06  0.14  0.0   0.0   0.13  0.02  0.08  0.02  0.01  0.08  0.0   0.0   0.03  0.12  0.07  0.0   0.01  0.02  
41    E     0.05  0.02  0.11  0.25  0.02  0.04  0.14  0.03  0.02  0.0   0.02  0.01  0.01  0.07  0.02  0.1   0.02  0.0   0.02  0.05  
42    H     0.04  0.06  0.07  0.02  0.02  0.05  0.03  0.01  0.11  0.04  0.02  0.05  0.0   0.0   0.16  0.08  0.06  0.0   0.07  0.13  
43    T     0.04  0.11  0.04  0.1   0.01  0.02  0.09  0.03  0.0   0.08  0.09  0.07  0.02  0.0   0.0   0.02  0.08  0.0   0.12  0.08  
44    L     0.03  0.11  0.04  0.01  0.0   0.05  0.04  0.04  0.03  0.15  0.12  0.11  0.0   0.01  0.04  0.08  0.01  0.0   0.0   0.13  
45    R     0.1   0.2   0.0   0.01  0.0   0.02  0.06  0.14  0.01  0.02  0.02  0.12  0.0   0.07  0.09  0.04  0.01  0.04  0.03  0.01  
46    Q     0.14  0.03  0.09  0.01  0.0   0.09  0.04  0.01  0.09  0.01  0.02  0.11  0.01  0.07  0.04  0.11  0.03  0.0   0.06  0.04  
47    Q     0.24  0.07  0.05  0.05  0.02  0.03  0.07  0.02  0.02  0.04  0.01  0.02  0.0   0.03  0.03  0.15  0.03  0.0   0.1   0.04  
48    I     0.12  0.04  0.0   0.0   0.01  0.01  0.01  0.0   0.01  0.11  0.15  0.06  0.01  0.05  0.06  0.03  0.11  0.01  0.04  0.16  
49    L     0.05  0.0   0.0   0.0   0.0   0.01  0.01  0.01  0.01  0.34  0.27  0.0   0.02  0.02  0.02  0.04  0.04  0.0   0.02  0.14  
50    A     0.19  0.07  0.02  0.04  0.0   0.01  0.04  0.08  0.01  0.09  0.08  0.11  0.04  0.01  0.08  0.06  0.03  0.0   0.01  0.04  
51    D     0.03  0.09  0.06  0.16  0.0   0.1   0.23  0.04  0.04  0.02  0.04  0.06  0.01  0.01  0.02  0.04  0.01  0.0   0.01  0.03  
52    L     0.06  0.06  0.08  0.08  0.0   0.02  0.05  0.08  0.01  0.04  0.28  0.02  0.02  0.03  0.02  0.04  0.03  0.0   0.03  0.05  
53    F     0.04  0.02  0.02  0.06  0.07  0.01  0.01  0.01  0.0   0.09  0.12  0.04  0.04  0.27  0.0   0.03  0.05  0.0   0.02  0.08  
54    G     0.09  0.03  0.08  0.14  0.01  0.02  0.04  0.21  0.01  0.02  0.02  0.03  0.01  0.01  0.04  0.19  0.02  0.0   0.02  0.02  
55    Q     0.1   0.06  0.01  0.0   0.0   0.09  0.08  0.01  0.04  0.13  0.03  0.1   0.0   0.02  0.04  0.07  0.1   0.0   0.04  0.07  
56    V     0.11  0.02  0.03  0.04  0.02  0.01  0.04  0.12  0.02  0.07  0.06  0.02  0.02  0.03  0.02  0.07  0.17  0.0   0.02  0.14  
57    T     0.08  0.03  0.01  0.06  0.01  0.0   0.05  0.13  0.0   0.12  0.06  0.09  0.01  0.0   0.11  0.06  0.06  0.0   0.01  0.11  
58    E     0.05  0.09  0.07  0.14  0.0   0.05  0.14  0.19  0.05  0.0   0.02  0.11  0.0   0.01  0.03  0.03  0.01  0.0   0.02  0.01  
59    A     0.28  0.01  0.02  0.01  0.09  0.0   0.02  0.01  0.0   0.04  0.03  0.02  0.0   0.04  0.13  0.1   0.02  0.0   0.02  0.15  
60    Y     0.05  0.2   0.02  0.02  0.0   0.01  0.01  0.01  0.02  0.04  0.04  0.04  0.01  0.24  0.01  0.02  0.04  0.03  0.11  0.08  
61    I     0.13  0.01  0.01  0.01  0.0   0.02  0.01  0.01  0.01  0.35  0.09  0.01  0.01  0.01  0.01  0.01  0.02  0.0   0.01  0.27  
62    E     0.07  0.17  0.01  0.04  0.0   0.06  0.19  0.09  0.08  0.01  0.03  0.06  0.0   0.0   0.01  0.08  0.02  0.0   0.01  0.05  
63    P     0.03  0.01  0.06  0.03  0.0   0.03  0.04  0.01  0.01  0.23  0.08  0.02  0.0   0.0   0.38  0.02  0.02  0.0   0.0   0.03  
64    T     0.03  0.15  0.04  0.01  0.01  0.02  0.01  0.2   0.15  0.01  0.02  0.03  0.0   0.01  0.12  0.09  0.05  0.01  0.01  0.02  
65    F     0.27  0.0   0.02  0.01  0.01  0.02  0.01  0.02  0.02  0.03  0.02  0.01  0.0   0.08  0.23  0.06  0.08  0.0   0.01  0.08  
66    R     0.04  0.16  0.03  0.04  0.01  0.04  0.03  0.16  0.04  0.04  0.02  0.13  0.0   0.01  0.0   0.1   0.03  0.0   0.03  0.07  
67    C     0.2   0.0   0.0   0.0   0.07  0.0   0.01  0.0   0.0   0.11  0.1   0.0   0.01  0.02  0.01  0.06  0.07  0.0   0.01  0.31  
68    D     0.03  0.1   0.02  0.1   0.01  0.04  0.11  0.05  0.05  0.1   0.02  0.08  0.01  0.01  0.05  0.04  0.06  0.0   0.02  0.11  
69    Y     0.03  0.02  0.0   0.01  0.0   0.05  0.04  0.07  0.02  0.39  0.12  0.03  0.01  0.05  0.04  0.01  0.0   0.0   0.05  0.06  
70    G     0.05  0.02  0.01  0.06  0.0   0.03  0.02  0.61  0.01  0.03  0.01  0.02  0.01  0.01  0.02  0.03  0.01  0.0   0.01  0.02  
71    Y     0.15  0.05  0.05  0.15  0.01  0.02  0.07  0.07  0.01  0.01  0.01  0.06  0.0   0.02  0.05  0.08  0.08  0.01  0.02  0.08  
72    N     0.03  0.08  0.32  0.09  0.0   0.03  0.04  0.11  0.04  0.02  0.0   0.06  0.0   0.01  0.0   0.06  0.03  0.0   0.03  0.05  
73    I     0.19  0.0   0.04  0.0   0.03  0.0   0.0   0.01  0.0   0.12  0.08  0.0   0.0   0.01  0.0   0.03  0.09  0.0   0.0   0.39  
74    F     0.03  0.1   0.02  0.01  0.0   0.03  0.08  0.05  0.14  0.05  0.04  0.08  0.01  0.07  0.0   0.06  0.08  0.01  0.03  0.1   
75    L     0.01  0.01  0.0   0.01  0.01  0.0   0.01  0.01  0.0   0.56  0.12  0.02  0.02  0.03  0.02  0.0   0.01  0.0   0.0   0.17  
76    G     0.03  0.07  0.01  0.05  0.0   0.01  0.02  0.67  0.01  0.02  0.01  0.01  0.04  0.0   0.0   0.02  0.01  0.0   0.0   0.0   
77    N     0.12  0.07  0.17  0.13  0.0   0.03  0.14  0.03  0.03  0.0   0.01  0.07  0.04  0.01  0.07  0.05  0.02  0.0   0.0   0.01  
78    N     0.02  0.05  0.22  0.08  0.0   0.02  0.02  0.21  0.04  0.0   0.01  0.04  0.0   0.14  0.02  0.06  0.01  0.0   0.04  0.0   
79    F     0.14  0.0   0.02  0.0   0.02  0.0   0.01  0.01  0.01  0.04  0.01  0.01  0.01  0.05  0.03  0.13  0.14  0.0   0.0   0.36  
80    F     0.02  0.01  0.01  0.01  0.01  0.02  0.17  0.01  0.02  0.05  0.02  0.11  0.02  0.06  0.0   0.04  0.14  0.03  0.14  0.1   
81    A     0.09  0.02  0.0   0.0   0.0   0.0   0.02  0.01  0.0   0.41  0.06  0.01  0.01  0.01  0.01  0.0   0.02  0.0   0.01  0.3   
82    N     0.05  0.06  0.2   0.1   0.0   0.01  0.02  0.24  0.07  0.02  0.01  0.12  0.03  0.0   0.02  0.02  0.01  0.01  0.01  0.01  
83    F     0.11  0.11  0.06  0.03  0.0   0.01  0.06  0.03  0.14  0.09  0.03  0.06  0.01  0.04  0.09  0.05  0.03  0.0   0.03  0.03  
84    D     0.1   0.01  0.16  0.06  0.0   0.0   0.02  0.34  0.01  0.0   0.11  0.05  0.01  0.01  0.0   0.06  0.03  0.0   0.02  0.0   
85    C     0.25  0.01  0.03  0.01  0.11  0.01  0.01  0.05  0.0   0.04  0.02  0.02  0.0   0.01  0.01  0.15  0.15  0.0   0.01  0.14  
86    V     0.03  0.01  0.02  0.02  0.03  0.02  0.02  0.03  0.06  0.08  0.05  0.03  0.01  0.01  0.0   0.05  0.13  0.0   0.15  0.23  
87    M     0.02  0.02  0.01  0.01  0.01  0.02  0.01  0.01  0.0   0.35  0.22  0.01  0.04  0.03  0.01  0.02  0.05  0.01  0.0   0.15  
88    L     0.08  0.02  0.03  0.09  0.01  0.04  0.03  0.36  0.01  0.06  0.05  0.03  0.01  0.01  0.01  0.05  0.04  0.01  0.01  0.03  
89    D     0.04  0.07  0.03  0.36  0.0   0.02  0.14  0.05  0.03  0.02  0.01  0.01  0.01  0.0   0.01  0.06  0.06  0.0   0.07  0.01  
90    V     0.13  0.04  0.04  0.06  0.0   0.01  0.03  0.2   0.02  0.03  0.13  0.04  0.03  0.02  0.02  0.04  0.04  0.01  0.02  0.09  
91    C     0.11  0.01  0.06  0.05  0.06  0.01  0.04  0.27  0.03  0.01  0.02  0.02  0.01  0.01  0.02  0.08  0.14  0.0   0.02  0.02  
92    P     0.07  0.03  0.06  0.14  0.0   0.02  0.08  0.09  0.01  0.02  0.06  0.1   0.08  0.01  0.05  0.05  0.05  0.0   0.01  0.07  
93    I     0.06  0.01  0.01  0.01  0.0   0.01  0.01  0.02  0.0   0.2   0.06  0.01  0.01  0.01  0.01  0.04  0.24  0.0   0.01  0.28  
94    R     0.01  0.16  0.01  0.01  0.0   0.1   0.08  0.0   0.01  0.09  0.01  0.09  0.0   0.01  0.0   0.06  0.17  0.0   0.04  0.14  
95    I     0.02  0.0   0.0   0.0   0.0   0.0   0.01  0.0   0.0   0.68  0.06  0.0   0.01  0.0   0.01  0.0   0.0   0.0   0.0   0.2   
96    G     0.01  0.0   0.0   0.0   0.0   0.01  0.04  0.88  0.01  0.0   0.0   0.01  0.0   0.0   0.0   0.02  0.0   0.0   0.01  0.0   
97    D     0.11  0.05  0.11  0.23  0.01  0.02  0.13  0.0   0.04  0.0   0.0   0.14  0.0   0.0   0.01  0.12  0.01  0.0   0.01  0.0   
98    N     0.01  0.07  0.3   0.12  0.02  0.02  0.02  0.18  0.08  0.0   0.03  0.02  0.0   0.04  0.0   0.03  0.02  0.0   0.03  0.0   
99    C     0.14  0.0   0.1   0.0   0.2   0.0   0.0   0.01  0.0   0.01  0.0   0.0   0.0   0.01  0.0   0.09  0.15  0.0   0.0   0.3   
100   M     0.02  0.03  0.2   0.01  0.0   0.02  0.04  0.0   0.09  0.09  0.1   0.11  0.03  0.02  0.0   0.03  0.07  0.02  0.04  0.08  
101   L     0.0   0.0   0.0   0.0   0.0   0.0   0.0   0.0   0.0   0.61  0.17  0.0   0.01  0.06  0.0   0.0   0.0   0.0   0.01  0.14  
102   A     0.05  0.01  0.01  0.15  0.01  0.04  0.04  0.42  0.03  0.0   0.01  0.01  0.1   0.01  0.0   0.07  0.01  0.0   0.02  0.0   
103   P     0.27  0.02  0.14  0.09  0.03  0.02  0.06  0.05  0.03  0.01  0.0   0.03  0.0   0.0   0.11  0.07  0.01  0.0   0.01  0.03  
104   G     0.04  0.04  0.2   0.02  0.01  0.05  0.0   0.41  0.02  0.0   0.09  0.01  0.01  0.01  0.0   0.03  0.0   0.01  0.06  0.0   
105   V     0.18  0.0   0.0   0.0   0.08  0.0   0.01  0.0   0.0   0.02  0.01  0.0   0.0   0.0   0.0   0.1   0.18  0.0   0.01  0.41  
106   H     0.01  0.02  0.05  0.01  0.01  0.13  0.01  0.05  0.16  0.13  0.02  0.04  0.01  0.03  0.0   0.04  0.07  0.0   0.03  0.18  
107   I     0.02  0.0   0.0   0.01  0.01  0.0   0.0   0.02  0.0   0.48  0.1   0.0   0.02  0.06  0.0   0.0   0.08  0.0   0.0   0.19  
108   Y     0.27  0.03  0.01  0.01  0.1   0.01  0.03  0.27  0.05  0.03  0.04  0.0   0.01  0.01  0.01  0.03  0.01  0.01  0.05  0.01  
109   T     0.08  0.02  0.04  0.05  0.02  0.02  0.04  0.15  0.33  0.01  0.01  0.02  0.01  0.01  0.05  0.03  0.06  0.0   0.01  0.03  
110   A     0.07  0.01  0.19  0.19  0.01  0.03  0.02  0.14  0.04  0.02  0.05  0.01  0.0   0.04  0.02  0.04  0.02  0.0   0.02  0.08  
111   T     0.06  0.02  0.07  0.04  0.17  0.01  0.03  0.05  0.01  0.03  0.06  0.01  0.01  0.01  0.01  0.06  0.15  0.0   0.0   0.21  
112   H     0.03  0.07  0.02  0.02  0.01  0.06  0.13  0.04  0.1   0.11  0.04  0.05  0.01  0.04  0.01  0.04  0.05  0.0   0.05  0.12  
113   P     0.02  0.02  0.02  0.03  0.0   0.01  0.02  0.07  0.0   0.32  0.09  0.03  0.01  0.01  0.12  0.01  0.06  0.0   0.01  0.13  
114   I     0.05  0.02  0.02  0.03  0.03  0.01  0.03  0.45  0.01  0.05  0.08  0.02  0.02  0.05  0.03  0.03  0.01  0.0   0.02  0.06  
115   D     0.07  0.05  0.15  0.19  0.0   0.02  0.08  0.08  0.03  0.02  0.02  0.07  0.01  0.03  0.02  0.09  0.03  0.01  0.02  0.01  
116   P     0.04  0.04  0.12  0.05  0.01  0.02  0.03  0.14  0.12  0.03  0.03  0.03  0.01  0.04  0.08  0.06  0.04  0.0   0.06  0.05  
117   V     0.04  0.02  0.05  0.07  0.12  0.02  0.03  0.03  0.01  0.1   0.05  0.03  0.01  0.02  0.01  0.09  0.13  0.0   0.01  0.15  
118   A     0.1   0.05  0.02  0.02  0.01  0.02  0.06  0.08  0.04  0.13  0.08  0.04  0.02  0.03  0.01  0.06  0.12  0.0   0.01  0.1   
119   R     0.06  0.05  0.02  0.02  0.02  0.01  0.03  0.07  0.01  0.2   0.14  0.05  0.05  0.06  0.01  0.03  0.03  0.0   0.02  0.13  
120   N     0.2   0.0   0.27  0.04  0.02  0.01  0.01  0.13  0.03  0.04  0.03  0.02  0.01  0.02  0.02  0.06  0.01  0.01  0.01  0.06  
121   S     0.13  0.01  0.16  0.02  0.01  0.02  0.02  0.09  0.0   0.03  0.01  0.08  0.01  0.03  0.04  0.08  0.04  0.0   0.19  0.02  
122   G     0.02  0.05  0.13  0.2   0.03  0.08  0.01  0.2   0.04  0.01  0.02  0.04  0.0   0.03  0.03  0.04  0.01  0.0   0.03  0.02  
123   A     0.16  0.01  0.02  0.02  0.03  0.02  0.03  0.21  0.0   0.07  0.03  0.06  0.0   0.01  0.02  0.05  0.06  0.02  0.01  0.16  
124   E     0.07  0.01  0.03  0.03  0.0   0.06  0.08  0.16  0.01  0.04  0.03  0.09  0.02  0.03  0.03  0.05  0.1   0.0   0.02  0.14  
125   L     0.02  0.02  0.12  0.01  0.01  0.07  0.01  0.01  0.04  0.18  0.2   0.07  0.03  0.03  0.02  0.04  0.02  0.01  0.01  0.08  
126   G     0.33  0.01  0.02  0.03  0.0   0.01  0.01  0.17  0.01  0.01  0.03  0.21  0.01  0.01  0.01  0.06  0.01  0.0   0.03  0.04  
127   K     0.03  0.06  0.06  0.02  0.0   0.02  0.02  0.35  0.17  0.0   0.01  0.09  0.01  0.04  0.02  0.05  0.01  0.0   0.03  0.0   
128   P     0.02  0.1   0.05  0.05  0.01  0.03  0.02  0.08  0.2   0.01  0.01  0.09  0.0   0.0   0.15  0.16  0.01  0.0   0.01  0.01  
129   V     0.06  0.0   0.0   0.0   0.05  0.0   0.0   0.0   0.0   0.06  0.02  0.0   0.0   0.0   0.05  0.03  0.37  0.0   0.0   0.35  
130   T     0.01  0.05  0.02  0.01  0.0   0.04  0.08  0.0   0.03  0.18  0.02  0.14  0.0   0.02  0.0   0.03  0.16  0.0   0.03  0.16  
131   I     0.0   0.0   0.01  0.0   0.0   0.0   0.0   0.0   0.0   0.69  0.08  0.0   0.01  0.0   0.0   0.0   0.03  0.0   0.0   0.17  
132   G     0.01  0.02  0.01  0.03  0.0   0.01  0.15  0.71  0.0   0.0   0.0   0.03  0.0   0.0   0.0   0.02  0.0   0.0   0.0   0.0   
133   N     0.05  0.06  0.14  0.44  0.0   0.02  0.08  0.0   0.02  0.0   0.01  0.09  0.0   0.0   0.01  0.07  0.0   0.0   0.0   0.0   
134   N     0.0   0.05  0.28  0.15  0.0   0.01  0.01  0.15  0.15  0.02  0.01  0.02  0.0   0.03  0.0   0.01  0.0   0.02  0.08  0.0   
135   V     0.21  0.0   0.01  0.0   0.2   0.0   0.0   0.0   0.0   0.01  0.0   0.0   0.0   0.01  0.0   0.04  0.06  0.0   0.0   0.46  
136   W     0.02  0.04  0.0   0.0   0.0   0.01  0.03  0.0   0.02  0.15  0.11  0.05  0.04  0.26  0.0   0.02  0.05  0.08  0.01  0.11  
137   I     0.01  0.0   0.0   0.0   0.0   0.0   0.0   0.01  0.0   0.55  0.17  0.0   0.02  0.03  0.0   0.0   0.05  0.0   0.0   0.16  
138   G     0.07  0.0   0.01  0.0   0.0   0.01  0.01  0.8   0.02  0.0   0.0   0.0   0.0   0.0   0.0   0.03  0.01  0.0   0.02  0.0   
139   G     0.26  0.01  0.01  0.0   0.04  0.01  0.01  0.28  0.02  0.02  0.0   0.01  0.04  0.0   0.04  0.21  0.03  0.0   0.0   0.0   
140   R     0.04  0.05  0.39  0.09  0.01  0.1   0.01  0.14  0.02  0.0   0.04  0.02  0.03  0.02  0.0   0.02  0.0   0.0   0.01  0.01  
141   A     0.22  0.0   0.02  0.0   0.03  0.0   0.0   0.0   0.0   0.0   0.01  0.0   0.0   0.0   0.0   0.32  0.18  0.0   0.0   0.22  
142   V     0.11  0.02  0.06  0.0   0.01  0.06  0.05  0.14  0.0   0.07  0.02  0.03  0.03  0.01  0.01  0.07  0.11  0.0   0.0   0.2   
143   I     0.01  0.0   0.0   0.0   0.0   0.0   0.0   0.0   0.0   0.4   0.25  0.0   0.0   0.06  0.0   0.0   0.01  0.0   0.0   0.25  
144   N     0.08  0.02  0.04  0.02  0.0   0.0   0.02  0.05  0.13  0.09  0.15  0.01  0.05  0.0   0.01  0.03  0.02  0.0   0.03  0.24  
145   P     0.27  0.04  0.03  0.05  0.01  0.11  0.08  0.2   0.01  0.0   0.0   0.02  0.01  0.0   0.12  0.03  0.01  0.0   0.0   0.0   
146   G     0.01  0.02  0.06  0.03  0.0   0.02  0.01  0.29  0.14  0.0   0.0   0.01  0.0   0.11  0.26  0.01  0.0   0.0   0.02  0.0   
147   V     0.06  0.01  0.0   0.0   0.09  0.0   0.0   0.0   0.0   0.15  0.09  0.0   0.01  0.0   0.0   0.02  0.05  0.0   0.0   0.52  
148   T     0.01  0.13  0.05  0.01  0.01  0.03  0.08  0.0   0.04  0.11  0.01  0.11  0.01  0.0   0.01  0.05  0.22  0.0   0.01  0.09  
149   I     0.0   0.0   0.0   0.0   0.0   0.0   0.0   0.0   0.0   0.6   0.11  0.0   0.01  0.0   0.0   0.0   0.0   0.0   0.0   0.28  
150   G     0.06  0.01  0.01  0.01  0.03  0.0   0.06  0.73  0.01  0.0   0.0   0.02  0.0   0.0   0.01  0.02  0.01  0.0   0.0   0.01  
151   D     0.1   0.06  0.07  0.37  0.0   0.03  0.12  0.0   0.03  0.0   0.0   0.11  0.0   0.0   0.01  0.08  0.02  0.0   0.0   0.0   
152   N     0.01  0.05  0.22  0.08  0.0   0.02  0.03  0.35  0.1   0.0   0.01  0.03  0.0   0.02  0.0   0.02  0.0   0.01  0.05  0.0   
153   V     0.4   0.0   0.0   0.0   0.12  0.0   0.0   0.01  0.0   0.01  0.0   0.0   0.0   0.0   0.0   0.15  0.06  0.0   0.0   0.25  
154   V     0.01  0.03  0.01  0.0   0.0   0.03  0.03  0.0   0.02  0.13  0.05  0.05  0.11  0.09  0.0   0.01  0.14  0.01  0.09  0.22  
155   V     0.02  0.0   0.0   0.0   0.0   0.0   0.0   0.0   0.0   0.5   0.09  0.0   0.01  0.0   0.0   0.01  0.06  0.0   0.0   0.3   
156   A     0.28  0.0   0.01  0.01  0.01  0.01  0.02  0.5   0.03  0.0   0.0   0.01  0.01  0.0   0.0   0.06  0.04  0.0   0.0   0.0   
157   S     0.55  0.0   0.01  0.01  0.0   0.0   0.0   0.18  0.0   0.01  0.0   0.01  0.04  0.02  0.02  0.1   0.03  0.0   0.0   0.01  
158   G     0.04  0.04  0.08  0.02  0.04  0.05  0.0   0.56  0.02  0.0   0.02  0.03  0.07  0.0   0.0   0.02  0.0   0.0   0.0   0.01  
159   A     0.15  0.01  0.0   0.0   0.02  0.0   0.03  0.02  0.0   0.01  0.01  0.01  0.01  0.0   0.0   0.51  0.19  0.0   0.0   0.04  
160   V     0.08  0.02  0.01  0.0   0.02  0.0   0.01  0.12  0.0   0.07  0.06  0.01  0.04  0.03  0.0   0.01  0.19  0.0   0.02  0.32  
161   V     0.01  0.0   0.0   0.0   0.0   0.0   0.0   0.0   0.01  0.36  0.09  0.01  0.0   0.01  0.0   0.0   0.01  0.0   0.0   0.5   
162   T     0.04  0.05  0.06  0.04  0.0   0.0   0.02  0.09  0.03  0.01  0.06  0.03  0.04  0.01  0.02  0.07  0.33  0.0   0.03  0.05  
163   K     0.04  0.14  0.04  0.04  0.01  0.11  0.07  0.09  0.04  0.01  0.01  0.31  0.01  0.0   0.01  0.05  0.0   0.0   0.01  0.0   
164   D     0.02  0.03  0.11  0.52  0.0   0.02  0.03  0.03  0.01  0.0   0.0   0.01  0.0   0.0   0.02  0.18  0.02  0.0   0.0   0.0   
165   V     0.04  0.0   0.0   0.0   0.01  0.0   0.0   0.0   0.0   0.27  0.07  0.0   0.0   0.03  0.0   0.01  0.01  0.0   0.0   0.55  
166   P     0.06  0.01  0.01  0.02  0.0   0.02  0.13  0.04  0.0   0.02  0.03  0.05  0.01  0.01  0.55  0.01  0.02  0.0   0.0   0.02  
167   D     0.21  0.0   0.01  0.14  0.0   0.01  0.12  0.03  0.01  0.01  0.0   0.04  0.0   0.0   0.31  0.1   0.0   0.0   0.0   0.0   
168   N     0.02  0.03  0.16  0.1   0.0   0.0   0.01  0.31  0.05  0.0   0.0   0.04  0.0   0.09  0.02  0.02  0.0   0.0   0.15  0.0   
169   V     0.16  0.01  0.01  0.04  0.06  0.03  0.1   0.07  0.0   0.02  0.0   0.02  0.02  0.01  0.0   0.17  0.14  0.0   0.01  0.12  
170   V     0.02  0.03  0.0   0.01  0.0   0.01  0.0   0.0   0.0   0.12  0.3   0.01  0.09  0.03  0.01  0.01  0.09  0.0   0.05  0.23  
171   V     0.31  0.0   0.01  0.0   0.01  0.01  0.0   0.01  0.0   0.14  0.04  0.0   0.01  0.02  0.01  0.05  0.01  0.04  0.06  0.3   
172   G     0.13  0.01  0.01  0.01  0.01  0.03  0.02  0.16  0.0   0.11  0.05  0.0   0.02  0.03  0.0   0.15  0.02  0.0   0.02  0.22  
173   G     0.1   0.0   0.01  0.0   0.0   0.0   0.01  0.81  0.01  0.0   0.0   0.01  0.0   0.0   0.0   0.03  0.01  0.0   0.0   0.0   
174   N     0.04  0.19  0.23  0.0   0.01  0.02  0.01  0.01  0.02  0.08  0.02  0.01  0.01  0.04  0.01  0.1   0.08  0.0   0.02  0.1   
175   P     0.09  0.03  0.01  0.0   0.04  0.01  0.01  0.05  0.04  0.0   0.01  0.02  0.0   0.01  0.62  0.05  0.01  0.0   0.0   0.0   
176   A     0.58  0.14  0.0   0.0   0.03  0.02  0.01  0.07  0.0   0.0   0.04  0.03  0.02  0.0   0.01  0.02  0.01  0.0   0.0   0.01  
177   R     0.01  0.22  0.01  0.0   0.0   0.31  0.01  0.01  0.01  0.02  0.01  0.27  0.03  0.0   0.0   0.01  0.0   0.0   0.01  0.07  
178   I     0.01  0.0   0.01  0.02  0.0   0.02  0.05  0.0   0.01  0.21  0.09  0.02  0.01  0.03  0.18  0.01  0.09  0.0   0.0   0.23  
179   I     0.01  0.01  0.19  0.02  0.0   0.0   0.0   0.0   0.01  0.37  0.07  0.01  0.06  0.0   0.0   0.0   0.05  0.01  0.02  0.19  
180   K     0.01  0.25  0.02  0.0   0.0   0.02  0.0   0.01  0.01  0.0   0.0   0.64  0.01  0.0   0.0   0.04  0.0   0.0   0.0   0.0   
181   K     0.0   0.05  0.01  0.05  0.0   0.18  0.44  0.0   0.01  0.0   0.0   0.2   0.0   0.0   0.01  0.05  0.01  0.0   0.0   0.0   
182   L     0.0   0.0   0.0   0.0   0.0   0.0   0.0   0.0   0.0   0.33  0.16  0.0   0.02  0.14  0.0   0.0   0.0   0.0   0.0   0.35  
