             A     R     N     D     C     Q     E     G     H     I     L     K     M     F     P     S     T     W     Y     V
1     I     0.0   0.0   0.0   0.0   0.0   0.0   0.0   0.0   0.0   0.58  0.09  0.0   0.04  0.0   0.0   0.0   0.0   0.0   0.0   0.29  
2     R     0.01  0.19  0.11  0.19  0.0   0.07  0.23  0.0   0.0   0.01  0.0   0.12  0.02  0.0   0.0   0.04  0.01  0.0   0.0   0.0   
3     V     0.11  0.0   0.09  0.0   0.02  0.01  0.02  0.02  0.0   0.13  0.1   0.0   0.02  0.09  0.01  0.06  0.07  0.0   0.0   0.25  
4     F     0.01  0.2   0.02  0.05  0.0   0.09  0.06  0.0   0.02  0.08  0.02  0.16  0.02  0.09  0.0   0.06  0.05  0.01  0.04  0.03  
5     D     0.0   0.0   0.2   0.49  0.0   0.01  0.11  0.01  0.09  0.01  0.01  0.02  0.0   0.0   0.0   0.05  0.01  0.0   0.01  0.0   
6     V     0.04  0.04  0.02  0.0   0.01  0.01  0.1   0.01  0.0   0.17  0.16  0.04  0.01  0.03  0.02  0.03  0.07  0.0   0.0   0.25  
7     W     0.03  0.01  0.07  0.01  0.0   0.02  0.05  0.12  0.01  0.0   0.01  0.08  0.04  0.02  0.02  0.15  0.18  0.11  0.01  0.05  
8     K     0.01  0.08  0.0   0.03  0.0   0.09  0.03  0.13  0.01  0.0   0.02  0.43  0.03  0.0   0.06  0.03  0.02  0.0   0.01  0.01  
9     K     0.02  0.06  0.01  0.04  0.01  0.1   0.22  0.01  0.02  0.03  0.07  0.15  0.0   0.02  0.07  0.08  0.05  0.0   0.01  0.02  
10    Y     0.02  0.04  0.0   0.02  0.0   0.04  0.07  0.01  0.05  0.02  0.07  0.1   0.0   0.06  0.1   0.05  0.01  0.0   0.23  0.12  
11    K     0.02  0.03  0.06  0.08  0.0   0.09  0.11  0.01  0.02  0.03  0.07  0.16  0.01  0.0   0.12  0.09  0.04  0.01  0.0   0.03  
12    Y     0.06  0.03  0.03  0.05  0.01  0.01  0.11  0.06  0.03  0.08  0.11  0.05  0.06  0.03  0.02  0.07  0.03  0.09  0.04  0.03  
13    Y     0.06  0.05  0.05  0.04  0.0   0.01  0.03  0.02  0.07  0.02  0.06  0.09  0.13  0.06  0.09  0.07  0.05  0.0   0.09  0.01  
14    K     0.06  0.05  0.08  0.03  0.01  0.09  0.04  0.03  0.04  0.03  0.01  0.16  0.0   0.01  0.1   0.13  0.1   0.0   0.0   0.02  
15    K     0.03  0.11  0.09  0.06  0.0   0.12  0.1   0.03  0.01  0.01  0.0   0.27  0.01  0.01  0.02  0.06  0.03  0.0   0.0   0.01  
16    P     0.03  0.02  0.05  0.01  0.0   0.01  0.03  0.25  0.0   0.01  0.02  0.04  0.0   0.01  0.46  0.03  0.03  0.0   0.0   0.0   
17    Q     0.1   0.04  0.02  0.05  0.0   0.05  0.09  0.01  0.02  0.1   0.17  0.08  0.01  0.01  0.02  0.1   0.05  0.0   0.01  0.06  
18    D     0.01  0.0   0.02  0.04  0.0   0.01  0.03  0.0   0.0   0.45  0.22  0.01  0.02  0.01  0.01  0.01  0.01  0.0   0.0   0.15  
19    R     0.04  0.13  0.04  0.03  0.0   0.08  0.31  0.01  0.01  0.02  0.01  0.11  0.0   0.0   0.01  0.1   0.07  0.0   0.01  0.03  
20    L     0.02  0.0   0.01  0.0   0.0   0.0   0.0   0.0   0.0   0.16  0.32  0.0   0.03  0.25  0.0   0.0   0.01  0.0   0.0   0.18  
21    K     0.01  0.19  0.06  0.08  0.01  0.07  0.15  0.02  0.02  0.01  0.02  0.28  0.0   0.0   0.0   0.04  0.02  0.0   0.01  0.01  
22    E     0.01  0.01  0.4   0.24  0.0   0.02  0.06  0.09  0.04  0.0   0.01  0.04  0.0   0.0   0.0   0.02  0.01  0.0   0.0   0.01  
23    I     0.02  0.0   0.0   0.0   0.01  0.0   0.01  0.02  0.0   0.16  0.27  0.0   0.01  0.01  0.0   0.0   0.0   0.0   0.01  0.46  
24    I     0.04  0.04  0.06  0.04  0.03  0.02  0.03  0.04  0.03  0.02  0.02  0.03  0.0   0.04  0.01  0.29  0.15  0.01  0.03  0.07  
25    F     0.04  0.04  0.02  0.01  0.01  0.01  0.01  0.02  0.02  0.04  0.1   0.1   0.02  0.36  0.02  0.01  0.01  0.0   0.09  0.07  
26    R     0.08  0.18  0.04  0.03  0.01  0.04  0.04  0.05  0.02  0.03  0.03  0.07  0.01  0.02  0.02  0.19  0.1   0.01  0.01  0.04  
27    K     0.02  0.03  0.03  0.01  0.0   0.01  0.01  0.02  0.03  0.02  0.03  0.14  0.0   0.08  0.01  0.02  0.04  0.01  0.45  0.04  
28    P     0.05  0.06  0.03  0.07  0.01  0.05  0.05  0.05  0.01  0.03  0.02  0.17  0.01  0.02  0.19  0.08  0.05  0.01  0.01  0.06  
29    F     0.05  0.02  0.06  0.03  0.01  0.03  0.05  0.1   0.01  0.03  0.04  0.06  0.01  0.1   0.04  0.1   0.09  0.02  0.13  0.03  
30    H     0.05  0.18  0.08  0.05  0.0   0.02  0.04  0.12  0.04  0.02  0.03  0.05  0.01  0.04  0.06  0.04  0.02  0.0   0.15  0.01  
31    E     0.03  0.01  0.07  0.1   0.0   0.05  0.06  0.34  0.01  0.01  0.03  0.06  0.0   0.01  0.11  0.06  0.03  0.0   0.0   0.01  
32    E     0.04  0.04  0.07  0.16  0.0   0.05  0.2   0.13  0.03  0.01  0.01  0.1   0.01  0.0   0.04  0.06  0.05  0.0   0.01  0.01  
33    L     0.03  0.14  0.04  0.02  0.0   0.04  0.03  0.01  0.03  0.04  0.09  0.16  0.01  0.07  0.02  0.03  0.08  0.0   0.02  0.14  
34    W     0.05  0.07  0.02  0.01  0.01  0.1   0.05  0.01  0.04  0.03  0.06  0.08  0.05  0.02  0.16  0.02  0.1   0.01  0.02  0.06  
35    V     0.29  0.0   0.01  0.0   0.0   0.0   0.0   0.01  0.0   0.18  0.14  0.0   0.0   0.0   0.0   0.02  0.03  0.0   0.0   0.28  
36    L     0.01  0.01  0.01  0.0   0.0   0.0   0.0   0.0   0.0   0.08  0.65  0.0   0.0   0.09  0.0   0.0   0.01  0.0   0.01  0.12  
37    K     0.02  0.11  0.1   0.15  0.0   0.06  0.07  0.02  0.05  0.01  0.01  0.21  0.0   0.02  0.01  0.13  0.03  0.0   0.01  0.01  
38    G     0.02  0.02  0.29  0.26  0.0   0.02  0.03  0.2   0.05  0.01  0.0   0.03  0.0   0.0   0.03  0.03  0.0   0.0   0.0   0.01  
39    I     0.04  0.0   0.0   0.0   0.01  0.0   0.0   0.0   0.0   0.32  0.22  0.0   0.01  0.04  0.0   0.01  0.02  0.0   0.0   0.31  
40    N     0.01  0.01  0.25  0.14  0.01  0.01  0.02  0.01  0.01  0.0   0.0   0.01  0.0   0.0   0.0   0.42  0.07  0.0   0.01  0.0   
41    L     0.01  0.0   0.0   0.0   0.02  0.0   0.01  0.08  0.0   0.05  0.41  0.0   0.03  0.31  0.0   0.0   0.01  0.01  0.02  0.04  
42    E     0.05  0.05  0.03  0.1   0.02  0.05  0.1   0.01  0.04  0.07  0.01  0.11  0.0   0.01  0.01  0.11  0.17  0.01  0.02  0.02  
43    I     0.04  0.0   0.0   0.0   0.01  0.0   0.0   0.0   0.0   0.32  0.2   0.0   0.04  0.06  0.0   0.0   0.0   0.0   0.0   0.31  
44    E     0.06  0.13  0.1   0.05  0.0   0.03  0.13  0.03  0.04  0.0   0.03  0.14  0.01  0.02  0.13  0.04  0.02  0.01  0.03  0.01  
45    K     0.11  0.08  0.01  0.03  0.0   0.04  0.08  0.03  0.03  0.0   0.01  0.18  0.01  0.0   0.21  0.12  0.02  0.0   0.01  0.01  
46    G     0.01  0.02  0.07  0.01  0.0   0.02  0.01  0.78  0.01  0.0   0.0   0.03  0.0   0.0   0.0   0.02  0.0   0.0   0.0   0.0   
47    E     0.03  0.03  0.01  0.05  0.01  0.16  0.4   0.03  0.03  0.01  0.01  0.1   0.01  0.0   0.0   0.07  0.04  0.0   0.01  0.02  
48    V     0.03  0.06  0.01  0.0   0.02  0.01  0.0   0.0   0.01  0.18  0.14  0.05  0.09  0.12  0.0   0.03  0.06  0.05  0.01  0.13  
49    L     0.01  0.0   0.04  0.0   0.01  0.0   0.0   0.0   0.02  0.09  0.25  0.0   0.02  0.04  0.0   0.01  0.16  0.01  0.04  0.28  
50    G     0.45  0.01  0.0   0.0   0.02  0.02  0.0   0.18  0.02  0.02  0.03  0.0   0.01  0.02  0.0   0.07  0.07  0.0   0.01  0.07  
51    I     0.01  0.0   0.0   0.0   0.0   0.0   0.0   0.0   0.0   0.39  0.4   0.0   0.02  0.04  0.0   0.0   0.01  0.0   0.01  0.12  
52    V     0.02  0.01  0.0   0.0   0.02  0.01  0.01  0.0   0.0   0.21  0.19  0.01  0.09  0.02  0.0   0.01  0.07  0.0   0.01  0.31  
53    G     0.04  0.0   0.0   0.0   0.0   0.0   0.0   0.93  0.0   0.0   0.0   0.0   0.0   0.0   0.0   0.03  0.0   0.0   0.0   0.0   
54    P     0.06  0.05  0.01  0.01  0.0   0.03  0.13  0.01  0.04  0.01  0.02  0.02  0.01  0.01  0.46  0.11  0.01  0.0   0.01  0.02  
55    N     0.05  0.0   0.32  0.0   0.0   0.06  0.0   0.0   0.0   0.01  0.0   0.01  0.01  0.0   0.01  0.44  0.06  0.0   0.0   0.03  
56    G     0.02  0.02  0.0   0.06  0.0   0.08  0.0   0.78  0.0   0.0   0.0   0.02  0.01  0.0   0.01  0.0   0.0   0.0   0.0   0.0   
57    A     0.24  0.01  0.0   0.0   0.17  0.01  0.01  0.09  0.0   0.01  0.0   0.0   0.0   0.01  0.0   0.42  0.02  0.0   0.0   0.02  
58    G     0.03  0.0   0.0   0.0   0.0   0.0   0.0   0.83  0.0   0.0   0.01  0.0   0.0   0.0   0.0   0.08  0.0   0.0   0.0   0.0   
59    K     0.0   0.12  0.0   0.0   0.0   0.0   0.0   0.0   0.0   0.0   0.0   0.88  0.0   0.0   0.0   0.0   0.0   0.0   0.0   0.0   
60    S     0.05  0.0   0.0   0.0   0.0   0.0   0.08  0.0   0.0   0.0   0.0   0.05  0.0   0.0   0.0   0.62  0.2   0.0   0.0   0.0   
61    T     0.03  0.0   0.03  0.0   0.0   0.03  0.0   0.0   0.0   0.03  0.03  0.0   0.03  0.08  0.0   0.12  0.61  0.0   0.0   0.03  
62    L     0.03  0.0   0.0   0.0   0.02  0.0   0.0   0.0   0.0   0.17  0.41  0.0   0.03  0.1   0.02  0.03  0.12  0.0   0.02  0.04  
63    L     0.1   0.0   0.02  0.0   0.07  0.02  0.0   0.02  0.0   0.15  0.32  0.0   0.04  0.1   0.02  0.05  0.03  0.0   0.0   0.07  
64    K     0.03  0.21  0.08  0.08  0.0   0.04  0.02  0.02  0.04  0.0   0.07  0.18  0.02  0.03  0.03  0.14  0.01  0.01  0.02  0.0   
65    V     0.17  0.01  0.01  0.01  0.06  0.01  0.01  0.02  0.03  0.11  0.28  0.0   0.07  0.01  0.0   0.06  0.04  0.01  0.01  0.08  
66    I     0.03  0.02  0.0   0.0   0.03  0.0   0.0   0.0   0.01  0.31  0.42  0.0   0.05  0.04  0.0   0.01  0.01  0.0   0.01  0.06  
67    T     0.18  0.01  0.18  0.02  0.03  0.06  0.03  0.06  0.01  0.04  0.11  0.01  0.05  0.03  0.02  0.05  0.1   0.0   0.01  0.02  
68    G     0.04  0.19  0.01  0.01  0.02  0.02  0.02  0.56  0.01  0.0   0.04  0.02  0.01  0.02  0.0   0.02  0.01  0.0   0.0   0.01  
69    V     0.03  0.06  0.01  0.02  0.01  0.02  0.05  0.02  0.0   0.07  0.43  0.01  0.07  0.11  0.0   0.01  0.01  0.0   0.03  0.05  
70    T     0.02  0.02  0.07  0.09  0.01  0.04  0.12  0.01  0.04  0.09  0.16  0.02  0.02  0.02  0.01  0.02  0.04  0.02  0.12  0.05  
71    E     0.04  0.09  0.02  0.14  0.01  0.06  0.08  0.04  0.03  0.02  0.03  0.1   0.02  0.01  0.11  0.06  0.09  0.01  0.01  0.03  
72    P     0.09  0.04  0.02  0.02  0.02  0.02  0.02  0.03  0.01  0.04  0.06  0.04  0.01  0.02  0.41  0.03  0.03  0.01  0.01  0.07  
73    D     0.04  0.02  0.04  0.14  0.01  0.03  0.07  0.02  0.02  0.05  0.03  0.03  0.01  0.03  0.04  0.13  0.2   0.01  0.05  0.05  
74    K     0.1   0.03  0.03  0.05  0.01  0.06  0.17  0.07  0.02  0.01  0.01  0.08  0.01  0.01  0.02  0.21  0.07  0.01  0.01  0.01  
75    G     0.02  0.01  0.01  0.01  0.0   0.01  0.01  0.83  0.01  0.0   0.01  0.01  0.01  0.01  0.0   0.02  0.01  0.0   0.0   0.01  
76    F     0.03  0.07  0.04  0.07  0.02  0.07  0.15  0.02  0.03  0.03  0.03  0.1   0.02  0.05  0.0   0.11  0.09  0.02  0.02  0.04  
77    V     0.04  0.03  0.0   0.0   0.03  0.03  0.0   0.03  0.0   0.27  0.08  0.03  0.03  0.03  0.03  0.03  0.03  0.03  0.04  0.2   
78    E     0.05  0.05  0.05  0.05  0.05  0.05  0.05  0.05  0.05  0.05  0.05  0.05  0.05  0.05  0.05  0.05  0.05  0.05  0.05  0.05  
79    R     0.02  0.05  0.02  0.02  0.02  0.02  0.02  0.02  0.02  0.18  0.17  0.03  0.03  0.09  0.02  0.02  0.03  0.03  0.05  0.14  
80    S     0.06  0.05  0.1   0.18  0.02  0.05  0.06  0.07  0.04  0.02  0.06  0.05  0.02  0.03  0.04  0.06  0.03  0.02  0.02  0.02  
81    G     0.02  0.03  0.06  0.07  0.01  0.02  0.03  0.59  0.01  0.0   0.01  0.03  0.01  0.01  0.03  0.03  0.01  0.01  0.01  0.01  
82    K     0.04  0.19  0.02  0.03  0.01  0.12  0.12  0.02  0.03  0.04  0.03  0.18  0.01  0.01  0.01  0.04  0.04  0.01  0.01  0.04  
83    V     0.04  0.05  0.08  0.2   0.01  0.03  0.09  0.02  0.02  0.07  0.04  0.04  0.02  0.02  0.11  0.05  0.04  0.0   0.01  0.07  
84    V     0.04  0.02  0.02  0.02  0.02  0.02  0.02  0.02  0.02  0.28  0.13  0.02  0.03  0.02  0.02  0.04  0.04  0.02  0.02  0.16  
85    G     0.1   0.06  0.09  0.04  0.02  0.04  0.03  0.15  0.03  0.02  0.03  0.05  0.03  0.02  0.02  0.13  0.07  0.03  0.04  0.03  
86    L     0.05  0.09  0.03  0.07  0.02  0.04  0.05  0.03  0.03  0.05  0.08  0.06  0.04  0.08  0.03  0.04  0.04  0.02  0.08  0.07  
87    L     0.04  0.11  0.01  0.01  0.03  0.02  0.02  0.01  0.02  0.1   0.24  0.03  0.04  0.04  0.04  0.02  0.02  0.01  0.02  0.16  
88    E     0.02  0.22  0.05  0.06  0.01  0.1   0.1   0.04  0.03  0.01  0.01  0.05  0.01  0.07  0.09  0.07  0.02  0.01  0.02  0.01  
89    L     0.03  0.1   0.02  0.02  0.01  0.3   0.03  0.01  0.05  0.1   0.1   0.03  0.01  0.03  0.02  0.03  0.02  0.01  0.01  0.08  
90    G     0.06  0.1   0.07  0.07  0.02  0.08  0.08  0.18  0.07  0.01  0.01  0.07  0.01  0.02  0.02  0.07  0.02  0.0   0.01  0.01  
91    T     0.05  0.05  0.05  0.05  0.05  0.05  0.05  0.05  0.05  0.05  0.05  0.0   0.05  0.05  0.05  0.05  0.05  0.05  0.05  0.05  
92    G     0.05  0.05  0.05  0.05  0.05  0.05  0.05  0.05  0.05  0.05  0.05  0.05  0.05  0.05  0.05  0.05  0.05  0.05  0.05  0.05  
93    F     0.01  0.04  0.01  0.01  0.01  0.03  0.01  0.01  0.04  0.05  0.3   0.01  0.07  0.2   0.02  0.02  0.02  0.02  0.07  0.06  
94    N     0.02  0.02  0.06  0.05  0.01  0.14  0.01  0.03  0.02  0.1   0.06  0.05  0.03  0.06  0.03  0.08  0.02  0.01  0.02  0.18  
95    Y     0.04  0.03  0.03  0.05  0.01  0.04  0.04  0.04  0.04  0.02  0.03  0.03  0.01  0.25  0.21  0.05  0.02  0.02  0.04  0.01  
96    E     0.06  0.04  0.06  0.06  0.02  0.25  0.05  0.03  0.07  0.02  0.03  0.02  0.02  0.02  0.07  0.06  0.05  0.03  0.02  0.03  
97    L     0.05  0.04  0.05  0.08  0.02  0.06  0.05  0.03  0.04  0.04  0.17  0.05  0.06  0.07  0.03  0.03  0.04  0.03  0.04  0.04  
98    S     0.05  0.05  0.05  0.05  0.05  0.05  0.05  0.05  0.05  0.05  0.05  0.05  0.05  0.05  0.05  0.05  0.05  0.0   0.05  0.05  
99    G     0.11  0.02  0.02  0.01  0.01  0.02  0.01  0.05  0.01  0.12  0.05  0.01  0.01  0.02  0.05  0.03  0.03  0.01  0.02  0.39  
100   L     0.07  0.1   0.01  0.02  0.01  0.03  0.08  0.02  0.02  0.05  0.25  0.04  0.03  0.07  0.01  0.02  0.03  0.03  0.06  0.05  
101   E     0.02  0.02  0.03  0.13  0.0   0.06  0.37  0.02  0.01  0.01  0.03  0.04  0.02  0.13  0.02  0.03  0.01  0.01  0.01  0.02  
102   N     0.06  0.02  0.44  0.04  0.01  0.02  0.03  0.02  0.04  0.02  0.03  0.01  0.02  0.02  0.05  0.05  0.06  0.01  0.02  0.03  
103   I     0.03  0.03  0.01  0.04  0.01  0.01  0.01  0.04  0.02  0.19  0.21  0.01  0.03  0.02  0.02  0.01  0.04  0.0   0.01  0.25  
104   Y     0.14  0.05  0.02  0.03  0.02  0.03  0.05  0.03  0.03  0.04  0.12  0.03  0.05  0.06  0.02  0.06  0.11  0.03  0.05  0.05  
105   V     0.03  0.02  0.02  0.03  0.02  0.03  0.03  0.02  0.02  0.11  0.12  0.02  0.06  0.19  0.02  0.03  0.04  0.03  0.08  0.07  
106   N     0.07  0.04  0.07  0.04  0.0   0.03  0.03  0.24  0.02  0.03  0.03  0.04  0.02  0.06  0.09  0.04  0.02  0.03  0.05  0.05  
107   A     0.05  0.05  0.05  0.05  0.05  0.05  0.05  0.05  0.05  0.05  0.05  0.05  0.05  0.05  0.05  0.05  0.05  0.05  0.05  0.05  
108   S     0.05  0.05  0.05  0.05  0.05  0.05  0.05  0.05  0.05  0.05  0.05  0.05  0.05  0.05  0.05  0.05  0.05  0.05  0.05  0.05  
109   L     0.04  0.03  0.07  0.02  0.01  0.01  0.01  0.02  0.01  0.17  0.26  0.01  0.04  0.06  0.04  0.02  0.02  0.02  0.06  0.07  
110   L     0.13  0.15  0.04  0.05  0.01  0.04  0.02  0.05  0.05  0.02  0.12  0.06  0.02  0.06  0.02  0.05  0.03  0.01  0.03  0.02  
111   G     0.04  0.07  0.05  0.04  0.01  0.03  0.03  0.36  0.03  0.01  0.04  0.09  0.01  0.03  0.04  0.04  0.03  0.01  0.03  0.01  
112   L     0.05  0.05  0.02  0.02  0.01  0.03  0.03  0.06  0.01  0.1   0.2   0.04  0.07  0.05  0.03  0.02  0.04  0.01  0.05  0.12  
113   S     0.06  0.06  0.07  0.1   0.01  0.02  0.04  0.05  0.03  0.01  0.03  0.09  0.01  0.03  0.12  0.18  0.06  0.01  0.02  0.02  
114   R     0.04  0.17  0.03  0.05  0.01  0.05  0.09  0.05  0.02  0.02  0.03  0.19  0.0   0.01  0.09  0.04  0.03  0.01  0.04  0.02  
115   R     0.11  0.1   0.04  0.07  0.01  0.06  0.1   0.05  0.02  0.02  0.02  0.14  0.01  0.01  0.03  0.07  0.04  0.01  0.02  0.03  
116   E     0.1   0.04  0.03  0.09  0.01  0.07  0.27  0.02  0.02  0.03  0.03  0.08  0.02  0.02  0.03  0.05  0.04  0.01  0.02  0.04  
117   I     0.13  0.08  0.01  0.06  0.01  0.03  0.03  0.02  0.01  0.16  0.08  0.04  0.07  0.02  0.03  0.05  0.06  0.01  0.02  0.1   
118   D     0.07  0.11  0.05  0.14  0.0   0.06  0.14  0.02  0.02  0.05  0.04  0.11  0.02  0.02  0.02  0.02  0.03  0.01  0.03  0.03  
119   E     0.12  0.07  0.03  0.07  0.01  0.1   0.28  0.02  0.01  0.02  0.02  0.1   0.01  0.01  0.02  0.04  0.02  0.01  0.01  0.02  
120   K     0.11  0.24  0.01  0.04  0.01  0.04  0.09  0.01  0.01  0.07  0.05  0.13  0.02  0.02  0.01  0.03  0.03  0.01  0.02  0.05  
121   L     0.24  0.01  0.01  0.01  0.02  0.01  0.01  0.02  0.01  0.15  0.11  0.01  0.03  0.02  0.01  0.02  0.03  0.01  0.01  0.28  
122   E     0.08  0.09  0.04  0.1   0.01  0.08  0.21  0.02  0.02  0.03  0.06  0.09  0.03  0.02  0.02  0.03  0.04  0.02  0.02  0.02  
123   S     0.13  0.08  0.03  0.08  0.01  0.09  0.22  0.02  0.04  0.01  0.02  0.09  0.02  0.02  0.02  0.05  0.04  0.02  0.02  0.01  
124   I     0.29  0.01  0.01  0.01  0.02  0.01  0.01  0.01  0.01  0.11  0.23  0.02  0.03  0.01  0.0   0.05  0.03  0.01  0.02  0.12  
125   I     0.1   0.02  0.02  0.02  0.02  0.01  0.02  0.02  0.02  0.09  0.42  0.02  0.05  0.02  0.02  0.02  0.02  0.01  0.04  0.04  
126   E     0.12  0.09  0.05  0.12  0.02  0.05  0.16  0.03  0.03  0.02  0.04  0.12  0.01  0.01  0.01  0.04  0.03  0.0   0.01  0.02  
127   F     0.06  0.08  0.03  0.05  0.02  0.06  0.04  0.03  0.03  0.04  0.09  0.04  0.08  0.07  0.03  0.04  0.03  0.1   0.03  0.06  
128   S     0.05  0.05  0.05  0.05  0.05  0.05  0.05  0.05  0.05  0.05  0.05  0.05  0.05  0.05  0.05  0.05  0.05  0.05  0.05  0.05  
129   E     0.05  0.05  0.05  0.05  0.05  0.05  0.05  0.05  0.05  0.05  0.05  0.05  0.05  0.05  0.05  0.05  0.05  0.0   0.05  0.05  
130   L     0.07  0.01  0.0   0.01  0.02  0.01  0.01  0.01  0.0   0.12  0.53  0.01  0.09  0.02  0.01  0.01  0.01  0.0   0.01  0.07  
131   D     0.08  0.02  0.03  0.15  0.01  0.05  0.15  0.08  0.05  0.01  0.03  0.09  0.01  0.02  0.04  0.08  0.05  0.02  0.02  0.01  
132   D     0.03  0.02  0.04  0.25  0.0   0.05  0.12  0.07  0.09  0.04  0.04  0.04  0.01  0.02  0.03  0.05  0.04  0.01  0.01  0.03  
133   F     0.04  0.11  0.04  0.07  0.02  0.02  0.01  0.01  0.03  0.06  0.16  0.11  0.02  0.13  0.01  0.02  0.01  0.01  0.08  0.05  
134   I     0.18  0.05  0.01  0.01  0.01  0.02  0.05  0.03  0.01  0.14  0.22  0.05  0.02  0.01  0.06  0.02  0.02  0.01  0.01  0.08  
135   N     0.03  0.04  0.1   0.24  0.01  0.04  0.1   0.08  0.06  0.01  0.02  0.1   0.01  0.01  0.01  0.06  0.05  0.01  0.02  0.01  
136   K     0.14  0.17  0.02  0.05  0.01  0.08  0.09  0.01  0.04  0.02  0.03  0.09  0.01  0.01  0.03  0.07  0.06  0.02  0.01  0.03  
137   P     0.03  0.13  0.06  0.02  0.02  0.03  0.03  0.02  0.01  0.02  0.14  0.09  0.03  0.03  0.13  0.06  0.01  0.02  0.07  0.05  
138   L     0.12  0.01  0.0   0.01  0.02  0.01  0.01  0.1   0.01  0.1   0.05  0.01  0.03  0.02  0.17  0.05  0.02  0.0   0.02  0.24  
139   K     0.08  0.07  0.04  0.05  0.01  0.04  0.05  0.19  0.05  0.02  0.03  0.14  0.02  0.02  0.01  0.12  0.03  0.01  0.02  0.02  
140   T     0.05  0.05  0.06  0.08  0.02  0.08  0.14  0.14  0.03  0.01  0.02  0.05  0.02  0.01  0.0   0.06  0.11  0.01  0.02  0.06  
141   Y     0.02  0.0   0.0   0.0   0.02  0.0   0.0   0.0   0.02  0.03  0.66  0.0   0.03  0.04  0.03  0.02  0.0   0.02  0.06  0.04  
142   S     0.04  0.04  0.1   0.04  0.0   0.0   0.04  0.07  0.0   0.0   0.01  0.0   0.0   0.0   0.06  0.52  0.05  0.0   0.0   0.01  
143   S     0.06  0.02  0.02  0.02  0.02  0.02  0.03  0.1   0.02  0.11  0.1   0.03  0.02  0.02  0.05  0.06  0.07  0.0   0.03  0.17  
144   G     0.12  0.0   0.0   0.04  0.0   0.0   0.08  0.49  0.04  0.0   0.01  0.04  0.0   0.0   0.0   0.07  0.04  0.0   0.04  0.01  
145   M     0.01  0.02  0.02  0.03  0.0   0.39  0.29  0.0   0.03  0.01  0.01  0.03  0.07  0.01  0.01  0.02  0.01  0.01  0.01  0.01  
146   I     0.02  0.34  0.01  0.0   0.01  0.19  0.0   0.02  0.01  0.04  0.04  0.23  0.03  0.01  0.0   0.01  0.01  0.01  0.01  0.01  
147   M     0.03  0.11  0.01  0.0   0.01  0.5   0.01  0.01  0.01  0.01  0.01  0.16  0.02  0.02  0.01  0.02  0.02  0.0   0.02  0.01  
148   R     0.01  0.52  0.0   0.0   0.01  0.01  0.0   0.02  0.01  0.03  0.13  0.07  0.09  0.05  0.0   0.01  0.0   0.01  0.0   0.02  
149   L     0.04  0.0   0.01  0.0   0.02  0.0   0.0   0.01  0.0   0.11  0.3   0.0   0.02  0.02  0.0   0.0   0.06  0.0   0.0   0.41  
150   A     0.43  0.01  0.01  0.0   0.05  0.03  0.1   0.06  0.01  0.01  0.05  0.03  0.02  0.01  0.0   0.13  0.04  0.0   0.0   0.02  
151   F     0.0   0.0   0.0   0.0   0.0   0.0   0.0   0.0   0.0   0.5   0.34  0.0   0.03  0.08  0.0   0.0   0.01  0.0   0.0   0.04  
152   S     0.77  0.0   0.0   0.0   0.02  0.0   0.0   0.08  0.0   0.01  0.03  0.0   0.01  0.01  0.0   0.04  0.01  0.0   0.01  0.02  
153   I     0.02  0.54  0.0   0.0   0.04  0.02  0.01  0.03  0.0   0.05  0.05  0.08  0.03  0.0   0.0   0.05  0.01  0.0   0.0   0.05  
154   A     0.51  0.0   0.02  0.0   0.02  0.01  0.07  0.02  0.0   0.04  0.09  0.0   0.03  0.01  0.0   0.04  0.03  0.0   0.01  0.09  
155   I     0.03  0.0   0.0   0.0   0.0   0.01  0.0   0.0   0.0   0.12  0.64  0.0   0.03  0.05  0.0   0.01  0.01  0.01  0.01  0.07  
156   H     0.22  0.0   0.02  0.01  0.01  0.01  0.0   0.02  0.02  0.08  0.22  0.01  0.05  0.02  0.0   0.07  0.02  0.0   0.05  0.16  
157   T     0.07  0.1   0.08  0.01  0.01  0.1   0.02  0.05  0.04  0.03  0.1   0.09  0.06  0.02  0.01  0.07  0.07  0.0   0.01  0.04  
158   E     0.02  0.11  0.17  0.17  0.0   0.07  0.13  0.04  0.02  0.01  0.02  0.14  0.0   0.0   0.04  0.03  0.01  0.0   0.01  0.0   
159   P     0.15  0.03  0.01  0.02  0.02  0.01  0.0   0.02  0.01  0.01  0.01  0.01  0.0   0.01  0.55  0.1   0.03  0.0   0.0   0.02  
160   E     0.06  0.13  0.03  0.15  0.0   0.05  0.1   0.01  0.02  0.01  0.01  0.18  0.0   0.0   0.11  0.07  0.03  0.0   0.0   0.01  
161   C     0.01  0.0   0.0   0.0   0.02  0.0   0.0   0.0   0.0   0.28  0.3   0.0   0.01  0.04  0.03  0.0   0.01  0.01  0.02  0.25  
162   F     0.02  0.0   0.0   0.0   0.01  0.0   0.0   0.0   0.0   0.15  0.52  0.0   0.05  0.03  0.0   0.01  0.0   0.04  0.08  0.08  
163   I     0.01  0.0   0.0   0.0   0.01  0.0   0.0   0.0   0.0   0.32  0.45  0.0   0.02  0.07  0.0   0.0   0.01  0.0   0.01  0.11  
164   I     0.09  0.0   0.0   0.0   0.05  0.0   0.0   0.01  0.0   0.05  0.61  0.0   0.1   0.07  0.0   0.01  0.0   0.0   0.0   0.01  
165   D     0.0   0.0   0.0   0.96  0.0   0.0   0.0   0.0   0.0   0.0   0.0   0.0   0.0   0.0   0.0   0.0   0.0   0.0   0.0   0.02  
166   E     0.01  0.0   0.01  0.03  0.0   0.0   0.91  0.01  0.0   0.0   0.0   0.0   0.0   0.0   0.0   0.01  0.0   0.0   0.0   0.0   
167   A     0.16  0.0   0.0   0.0   0.01  0.0   0.0   0.01  0.0   0.03  0.01  0.01  0.0   0.0   0.67  0.02  0.02  0.01  0.0   0.02  
168   L     0.03  0.01  0.01  0.03  0.02  0.0   0.01  0.01  0.0   0.02  0.14  0.0   0.02  0.11  0.0   0.04  0.51  0.0   0.01  0.04  
169   A     0.19  0.0   0.05  0.01  0.01  0.02  0.0   0.1   0.0   0.02  0.01  0.01  0.0   0.0   0.01  0.42  0.09  0.0   0.01  0.03  
170   V     0.35  0.0   0.1   0.01  0.0   0.01  0.01  0.21  0.03  0.0   0.01  0.0   0.02  0.02  0.01  0.12  0.03  0.0   0.02  0.03  
171   G     0.01  0.01  0.0   0.0   0.0   0.02  0.0   0.04  0.0   0.05  0.76  0.0   0.03  0.01  0.0   0.0   0.01  0.0   0.0   0.07  
172   D     0.01  0.0   0.01  0.86  0.0   0.01  0.01  0.01  0.02  0.0   0.0   0.0   0.0   0.0   0.01  0.03  0.03  0.0   0.0   0.0   
173   A     0.13  0.05  0.04  0.03  0.0   0.04  0.05  0.01  0.01  0.06  0.05  0.02  0.02  0.02  0.24  0.07  0.07  0.01  0.01  0.07  
174   H     0.14  0.07  0.02  0.05  0.0   0.06  0.14  0.02  0.08  0.06  0.05  0.12  0.01  0.01  0.02  0.05  0.04  0.0   0.02  0.04  
175   F     0.07  0.02  0.05  0.03  0.0   0.02  0.06  0.1   0.05  0.02  0.1   0.0   0.01  0.03  0.0   0.2   0.19  0.0   0.0   0.03  
176   Q     0.12  0.21  0.0   0.01  0.0   0.09  0.13  0.03  0.0   0.06  0.03  0.07  0.01  0.0   0.0   0.04  0.1   0.0   0.02  0.06  
177   Q     0.16  0.1   0.04  0.07  0.01  0.08  0.11  0.03  0.04  0.03  0.05  0.12  0.01  0.01  0.0   0.04  0.03  0.01  0.01  0.03  
178   K     0.09  0.08  0.04  0.05  0.01  0.1   0.15  0.01  0.05  0.03  0.06  0.13  0.02  0.01  0.01  0.07  0.04  0.02  0.01  0.03  
179   C     0.02  0.0   0.0   0.0   0.02  0.0   0.0   0.01  0.0   0.24  0.28  0.01  0.11  0.05  0.0   0.01  0.02  0.0   0.02  0.19  
180   F     0.03  0.06  0.01  0.01  0.01  0.14  0.08  0.02  0.04  0.06  0.15  0.02  0.08  0.1   0.0   0.03  0.02  0.02  0.04  0.05  
181   R     0.09  0.09  0.06  0.11  0.01  0.1   0.18  0.03  0.01  0.01  0.06  0.09  0.01  0.01  0.02  0.05  0.04  0.0   0.01  0.01  
182   K     0.09  0.02  0.02  0.01  0.01  0.02  0.09  0.01  0.01  0.11  0.31  0.04  0.03  0.04  0.0   0.02  0.05  0.02  0.03  0.06  
183   L     0.03  0.01  0.0   0.0   0.02  0.02  0.01  0.0   0.0   0.26  0.41  0.0   0.08  0.04  0.0   0.01  0.01  0.0   0.01  0.07  
184   K     0.05  0.18  0.05  0.06  0.01  0.09  0.08  0.02  0.03  0.03  0.07  0.17  0.02  0.02  0.01  0.03  0.03  0.01  0.01  0.05  
185   E     0.06  0.12  0.06  0.1   0.02  0.07  0.18  0.03  0.01  0.01  0.05  0.11  0.02  0.01  0.01  0.06  0.05  0.01  0.01  0.01  
186   H     0.02  0.02  0.04  0.02  0.01  0.03  0.02  0.02  0.1   0.08  0.43  0.03  0.02  0.06  0.01  0.01  0.03  0.02  0.02  0.03  
187   K     0.15  0.16  0.05  0.01  0.03  0.08  0.02  0.01  0.03  0.02  0.1   0.17  0.02  0.01  0.01  0.03  0.02  0.01  0.01  0.05  
188   Q     0.08  0.11  0.04  0.1   0.01  0.14  0.17  0.02  0.03  0.01  0.03  0.07  0.05  0.03  0.01  0.07  0.03  0.0   0.01  0.01  
189   K     0.06  0.13  0.03  0.04  0.01  0.11  0.12  0.03  0.03  0.01  0.11  0.15  0.01  0.01  0.01  0.05  0.04  0.0   0.02  0.02  
190   G     0.02  0.02  0.14  0.08  0.0   0.03  0.02  0.48  0.04  0.01  0.01  0.04  0.01  0.01  0.02  0.03  0.02  0.0   0.01  0.01  
191   G     0.03  0.14  0.03  0.01  0.05  0.04  0.01  0.08  0.03  0.11  0.08  0.14  0.03  0.03  0.01  0.02  0.06  0.01  0.04  0.07  
192   S     0.13  0.01  0.01  0.0   0.01  0.02  0.0   0.05  0.0   0.03  0.02  0.01  0.03  0.01  0.03  0.07  0.58  0.0   0.0   0.01  
193   I     0.05  0.02  0.0   0.0   0.01  0.01  0.0   0.0   0.0   0.31  0.06  0.0   0.03  0.07  0.0   0.04  0.06  0.0   0.01  0.3   
194   I     0.01  0.0   0.0   0.0   0.02  0.0   0.0   0.01  0.0   0.36  0.27  0.01  0.02  0.05  0.0   0.0   0.01  0.0   0.0   0.26  
195   F     0.05  0.0   0.01  0.0   0.04  0.0   0.0   0.0   0.01  0.19  0.18  0.0   0.1   0.11  0.0   0.03  0.03  0.01  0.08  0.15  
196   V     0.06  0.0   0.02  0.0   0.01  0.0   0.0   0.0   0.0   0.3   0.01  0.0   0.0   0.0   0.0   0.05  0.09  0.0   0.0   0.45  
197   S     0.11  0.0   0.01  0.01  0.0   0.0   0.04  0.01  0.01  0.06  0.06  0.01  0.01  0.01  0.0   0.2   0.47  0.0   0.0   0.01  
198   H     0.0   0.01  0.01  0.0   0.0   0.02  0.0   0.0   0.92  0.0   0.0   0.0   0.0   0.01  0.0   0.02  0.01  0.0   0.01  0.0   
199   D     0.01  0.16  0.1   0.35  0.0   0.12  0.04  0.01  0.02  0.01  0.01  0.04  0.0   0.02  0.0   0.07  0.01  0.0   0.01  0.01  
200   M     0.01  0.04  0.01  0.01  0.0   0.08  0.02  0.01  0.01  0.06  0.32  0.01  0.18  0.02  0.11  0.02  0.01  0.0   0.01  0.09  
201   N     0.05  0.06  0.1   0.17  0.0   0.08  0.17  0.03  0.04  0.01  0.01  0.02  0.0   0.0   0.02  0.17  0.02  0.0   0.01  0.02  
202   A     0.02  0.01  0.01  0.03  0.0   0.09  0.26  0.01  0.03  0.04  0.16  0.01  0.02  0.08  0.0   0.03  0.11  0.0   0.01  0.07  
203   V     0.34  0.01  0.0   0.0   0.0   0.0   0.0   0.0   0.0   0.2   0.13  0.0   0.03  0.0   0.0   0.01  0.02  0.0   0.01  0.21  
204   K     0.16  0.07  0.02  0.04  0.0   0.03  0.08  0.01  0.01  0.03  0.14  0.1   0.08  0.08  0.02  0.04  0.02  0.0   0.03  0.04  
205   I     0.1   0.21  0.05  0.07  0.0   0.07  0.13  0.02  0.02  0.02  0.03  0.08  0.01  0.02  0.01  0.05  0.07  0.0   0.03  0.01  
206   L     0.04  0.02  0.02  0.02  0.02  0.02  0.02  0.02  0.06  0.12  0.22  0.02  0.07  0.05  0.01  0.02  0.02  0.02  0.1   0.12  
207   C     0.42  0.01  0.01  0.01  0.14  0.01  0.01  0.03  0.0   0.01  0.02  0.01  0.01  0.08  0.02  0.16  0.05  0.0   0.0   0.02  
208   D     0.01  0.01  0.05  0.7   0.0   0.03  0.04  0.01  0.04  0.0   0.0   0.02  0.0   0.0   0.02  0.02  0.05  0.0   0.0   0.0   
209   R     0.01  0.45  0.02  0.02  0.01  0.06  0.07  0.0   0.05  0.01  0.02  0.11  0.01  0.01  0.0   0.02  0.02  0.03  0.06  0.01  
210   A     0.03  0.02  0.0   0.0   0.01  0.01  0.0   0.0   0.0   0.36  0.12  0.01  0.02  0.02  0.0   0.01  0.07  0.0   0.01  0.31  
211   I     0.13  0.0   0.0   0.0   0.02  0.0   0.0   0.02  0.01  0.24  0.22  0.0   0.03  0.03  0.0   0.02  0.03  0.02  0.05  0.17  
212   L     0.02  0.03  0.0   0.02  0.03  0.01  0.04  0.04  0.02  0.09  0.13  0.01  0.02  0.09  0.0   0.01  0.02  0.01  0.01  0.39  
213   L     0.0   0.0   0.0   0.0   0.0   0.0   0.0   0.0   0.0   0.13  0.43  0.0   0.25  0.09  0.0   0.0   0.01  0.0   0.01  0.06  
214   H     0.06  0.14  0.12  0.13  0.01  0.03  0.11  0.02  0.08  0.0   0.02  0.1   0.0   0.0   0.0   0.09  0.01  0.0   0.04  0.02  
215   K     0.07  0.05  0.13  0.23  0.0   0.09  0.09  0.08  0.04  0.0   0.03  0.12  0.02  0.0   0.02  0.03  0.01  0.0   0.01  0.0   
216   G     0.01  0.01  0.01  0.0   0.0   0.01  0.01  0.91  0.01  0.01  0.0   0.01  0.0   0.0   0.0   0.01  0.0   0.0   0.0   0.0   
217   E     0.02  0.24  0.03  0.02  0.01  0.1   0.13  0.02  0.06  0.01  0.02  0.2   0.01  0.0   0.0   0.05  0.04  0.0   0.01  0.04  
218   I     0.01  0.0   0.0   0.0   0.01  0.0   0.0   0.0   0.01  0.35  0.26  0.01  0.03  0.01  0.01  0.01  0.04  0.0   0.01  0.22  
219   I     0.09  0.02  0.0   0.0   0.03  0.04  0.06  0.0   0.01  0.2   0.06  0.03  0.01  0.01  0.0   0.02  0.03  0.0   0.02  0.35  
220   E     0.16  0.02  0.0   0.02  0.06  0.09  0.32  0.03  0.01  0.0   0.03  0.03  0.02  0.08  0.01  0.02  0.01  0.0   0.08  0.01  
221   E     0.04  0.03  0.02  0.14  0.02  0.11  0.11  0.01  0.03  0.06  0.02  0.03  0.02  0.08  0.01  0.11  0.06  0.0   0.06  0.06  
222   G     0.03  0.01  0.02  0.07  0.01  0.01  0.01  0.75  0.01  0.01  0.02  0.01  0.01  0.01  0.0   0.01  0.02  0.0   0.0   0.02  
223   S     0.05  0.03  0.04  0.08  0.0   0.01  0.05  0.01  0.01  0.01  0.01  0.08  0.0   0.0   0.14  0.19  0.26  0.0   0.0   0.01  
224   P     0.09  0.03  0.01  0.01  0.0   0.01  0.0   0.01  0.1   0.02  0.03  0.02  0.01  0.03  0.34  0.03  0.15  0.0   0.03  0.07  
225   E     0.1   0.06  0.04  0.11  0.01  0.08  0.25  0.02  0.02  0.01  0.02  0.09  0.01  0.01  0.0   0.11  0.03  0.01  0.01  0.02  
226   T     0.05  0.02  0.04  0.16  0.0   0.09  0.36  0.02  0.03  0.01  0.01  0.08  0.0   0.01  0.01  0.04  0.06  0.0   0.0   0.02  
227   V     0.06  0.0   0.0   0.0   0.0   0.0   0.0   0.0   0.0   0.22  0.38  0.0   0.02  0.01  0.0   0.01  0.02  0.0   0.01  0.25  
228   T     0.05  0.01  0.01  0.01  0.0   0.01  0.01  0.0   0.01  0.04  0.23  0.06  0.06  0.22  0.01  0.07  0.09  0.0   0.06  0.04  
229   Q     0.06  0.08  0.1   0.06  0.0   0.19  0.18  0.01  0.02  0.0   0.01  0.11  0.0   0.0   0.02  0.08  0.05  0.0   0.0   0.0   
230   A     0.15  0.06  0.08  0.06  0.0   0.04  0.16  0.01  0.03  0.0   0.01  0.1   0.0   0.04  0.01  0.13  0.03  0.0   0.06  0.02  
231   Y     0.03  0.03  0.03  0.02  0.0   0.01  0.02  0.03  0.01  0.02  0.03  0.02  0.03  0.19  0.29  0.02  0.02  0.01  0.16  0.03  
232   Y     0.08  0.03  0.02  0.06  0.0   0.05  0.19  0.04  0.03  0.04  0.1   0.07  0.01  0.06  0.01  0.09  0.02  0.0   0.09  0.03  
233   K     0.02  0.11  0.03  0.05  0.0   0.06  0.09  0.03  0.02  0.01  0.05  0.21  0.01  0.05  0.01  0.1   0.04  0.01  0.09  0.02  
234   L     0.05  0.03  0.01  0.01  0.0   0.04  0.04  0.0   0.0   0.05  0.46  0.04  0.08  0.06  0.01  0.04  0.04  0.0   0.02  0.03  
235   K     0.08  0.16  0.01  0.01  0.0   0.16  0.12  0.04  0.02  0.01  0.02  0.13  0.01  0.04  0.06  0.03  0.04  0.01  0.03  0.02  
236   L     0.04  0.01  0.01  0.0   0.0   0.01  0.02  0.04  0.0   0.05  0.49  0.05  0.06  0.01  0.01  0.02  0.05  0.0   0.02  0.11  
237   H     0.09  0.01  0.02  0.0   0.0   0.0   0.02  0.0   0.39  0.02  0.0   0.0   0.0   0.15  0.01  0.02  0.03  0.03  0.19  0.0   
238   H     0.01  0.08  0.08  0.0   0.0   0.19  0.0   0.1   0.46  0.01  0.02  0.0   0.0   0.0   0.04  0.0   0.0   0.0   0.02  0.01  
239   H     0.0   0.06  0.2   0.0   0.0   0.15  0.0   0.0   0.28  0.0   0.0   0.0   0.0   0.0   0.0   0.0   0.0   0.0   0.31  0.0   
