             A     R     N     D     C     Q     E     G     H     I     L     K     M     F     P     S     T     W     Y     V
1     M     0.0   0.0   0.0   0.0   0.0   0.0   0.0   0.0   0.0   0.0   0.17  0.0   0.83  0.0   0.0   0.0   0.0   0.0   0.0   0.0   
2     E     0.04  0.1   0.08  0.03  0.0   0.05  0.13  0.02  0.02  0.0   0.0   0.15  0.01  0.0   0.04  0.12  0.19  0.0   0.0   0.02  
3     K     0.02  0.23  0.05  0.03  0.0   0.04  0.06  0.01  0.03  0.0   0.03  0.17  0.01  0.0   0.02  0.15  0.14  0.0   0.0   0.01  
4     Q     0.03  0.14  0.03  0.0   0.0   0.11  0.08  0.0   0.04  0.0   0.03  0.37  0.0   0.0   0.05  0.07  0.04  0.0   0.0   0.01  
5     N     0.07  0.1   0.13  0.02  0.05  0.0   0.0   0.01  0.02  0.2   0.06  0.03  0.0   0.06  0.03  0.03  0.08  0.0   0.01  0.09  
6     I     0.08  0.0   0.0   0.0   0.03  0.0   0.0   0.01  0.02  0.19  0.21  0.0   0.03  0.04  0.0   0.04  0.07  0.01  0.02  0.23  
7     A     0.58  0.0   0.0   0.0   0.04  0.0   0.0   0.1   0.0   0.11  0.0   0.0   0.0   0.01  0.0   0.02  0.02  0.0   0.0   0.13  
8     V     0.04  0.0   0.0   0.0   0.0   0.01  0.01  0.0   0.0   0.36  0.16  0.0   0.0   0.0   0.0   0.0   0.01  0.0   0.0   0.4   
9     I     0.01  0.0   0.0   0.0   0.0   0.0   0.0   0.02  0.0   0.81  0.02  0.0   0.0   0.0   0.0   0.0   0.0   0.0   0.0   0.14  
10    L     0.03  0.0   0.0   0.0   0.01  0.01  0.0   0.01  0.0   0.0   0.48  0.0   0.01  0.01  0.42  0.0   0.0   0.0   0.0   0.02  
11    A     0.93  0.0   0.0   0.0   0.01  0.0   0.0   0.02  0.0   0.0   0.0   0.0   0.0   0.0   0.0   0.04  0.0   0.0   0.0   0.01  
12    R     0.5   0.4   0.0   0.0   0.0   0.0   0.0   0.07  0.0   0.0   0.0   0.01  0.0   0.0   0.0   0.03  0.0   0.0   0.0   0.0   
13    Q     0.01  0.01  0.0   0.0   0.0   0.0   0.0   0.61  0.0   0.01  0.09  0.0   0.07  0.05  0.0   0.01  0.0   0.01  0.12  0.0   
14    N     0.18  0.02  0.03  0.02  0.0   0.1   0.05  0.13  0.02  0.02  0.03  0.24  0.03  0.01  0.0   0.07  0.01  0.0   0.0   0.05  
15    S     0.03  0.0   0.02  0.0   0.0   0.0   0.0   0.54  0.0   0.0   0.0   0.0   0.0   0.0   0.0   0.39  0.01  0.0   0.0   0.0   
16    K     0.0   0.04  0.0   0.0   0.0   0.01  0.01  0.0   0.0   0.0   0.0   0.2   0.0   0.0   0.0   0.19  0.52  0.0   0.0   0.03  
17    G     0.0   0.93  0.0   0.0   0.0   0.0   0.0   0.04  0.0   0.0   0.0   0.01  0.0   0.0   0.01  0.0   0.0   0.0   0.01  0.0   
18    L     0.01  0.0   0.0   0.0   0.0   0.0   0.0   0.0   0.0   0.03  0.29  0.01  0.49  0.14  0.0   0.0   0.0   0.0   0.02  0.01  
19    P     0.0   0.08  0.03  0.0   0.0   0.03  0.05  0.06  0.01  0.0   0.0   0.33  0.0   0.0   0.35  0.0   0.02  0.0   0.01  0.01  
20    L     0.07  0.03  0.13  0.05  0.0   0.02  0.02  0.21  0.0   0.0   0.05  0.01  0.0   0.0   0.03  0.36  0.01  0.0   0.0   0.0   
21    K     0.0   0.01  0.0   0.0   0.0   0.0   0.0   0.0   0.0   0.0   0.0   0.98  0.0   0.0   0.0   0.0   0.0   0.0   0.0   0.01  
22    N     0.04  0.0   0.05  0.0   0.0   0.13  0.0   0.0   0.01  0.02  0.11  0.01  0.03  0.0   0.23  0.01  0.01  0.0   0.0   0.36  
23    L     0.01  0.0   0.0   0.0   0.0   0.0   0.0   0.0   0.0   0.03  0.7   0.0   0.05  0.11  0.01  0.0   0.01  0.0   0.06  0.02  
24    R     0.19  0.03  0.0   0.0   0.0   0.08  0.01  0.0   0.37  0.07  0.16  0.03  0.01  0.01  0.0   0.01  0.0   0.0   0.01  0.02  
25    K     0.02  0.04  0.01  0.2   0.01  0.04  0.13  0.0   0.01  0.01  0.07  0.14  0.02  0.01  0.22  0.03  0.05  0.0   0.0   0.01  
26    M     0.01  0.0   0.0   0.0   0.0   0.0   0.0   0.0   0.0   0.44  0.37  0.0   0.01  0.01  0.0   0.0   0.0   0.0   0.0   0.16  
27    N     0.33  0.01  0.08  0.02  0.08  0.02  0.03  0.19  0.04  0.0   0.07  0.04  0.01  0.02  0.0   0.04  0.0   0.0   0.0   0.0   
28    G     0.01  0.0   0.04  0.02  0.0   0.01  0.02  0.85  0.01  0.0   0.0   0.0   0.0   0.0   0.0   0.02  0.0   0.0   0.0   0.0   
29    I     0.03  0.15  0.01  0.01  0.0   0.03  0.06  0.0   0.0   0.03  0.05  0.53  0.01  0.01  0.0   0.0   0.01  0.0   0.01  0.03  
30    S     0.01  0.01  0.0   0.0   0.01  0.0   0.03  0.0   0.0   0.0   0.0   0.01  0.01  0.0   0.73  0.08  0.11  0.0   0.01  0.0   
31    L     0.01  0.0   0.0   0.0   0.0   0.0   0.0   0.0   0.0   0.1   0.19  0.0   0.59  0.01  0.0   0.0   0.0   0.0   0.0   0.09  
32    L     0.01  0.0   0.0   0.0   0.0   0.0   0.0   0.0   0.0   0.46  0.27  0.0   0.01  0.02  0.0   0.0   0.0   0.0   0.01  0.23  
33    G     0.13  0.01  0.03  0.03  0.01  0.18  0.13  0.06  0.02  0.03  0.05  0.03  0.0   0.01  0.0   0.03  0.01  0.02  0.05  0.15  
34    H     0.0   0.19  0.0   0.0   0.0   0.02  0.0   0.0   0.55  0.01  0.01  0.01  0.0   0.01  0.0   0.0   0.0   0.1   0.09  0.0   
35    T     0.04  0.0   0.0   0.0   0.01  0.0   0.0   0.0   0.0   0.05  0.02  0.0   0.0   0.0   0.03  0.04  0.23  0.0   0.0   0.57  
36    I     0.07  0.01  0.0   0.0   0.01  0.0   0.0   0.0   0.01  0.3   0.27  0.0   0.03  0.01  0.0   0.0   0.0   0.04  0.11  0.12  
37    N     0.1   0.1   0.03  0.22  0.0   0.05  0.29  0.01  0.02  0.01  0.02  0.09  0.01  0.0   0.0   0.03  0.01  0.0   0.01  0.0   
38    A     0.23  0.19  0.05  0.0   0.01  0.11  0.01  0.01  0.0   0.02  0.01  0.06  0.0   0.0   0.0   0.08  0.13  0.0   0.0   0.07  
39    A     0.52  0.0   0.0   0.0   0.02  0.0   0.0   0.01  0.0   0.03  0.1   0.0   0.01  0.14  0.0   0.02  0.01  0.0   0.0   0.12  
40    I     0.09  0.14  0.02  0.01  0.02  0.08  0.09  0.02  0.02  0.03  0.15  0.12  0.02  0.02  0.01  0.06  0.02  0.0   0.01  0.04  
41    S     0.09  0.05  0.08  0.04  0.0   0.16  0.17  0.05  0.01  0.0   0.08  0.12  0.01  0.0   0.01  0.11  0.02  0.0   0.01  0.01  
42    S     0.28  0.01  0.04  0.02  0.02  0.01  0.01  0.01  0.05  0.03  0.15  0.0   0.0   0.01  0.01  0.27  0.04  0.0   0.0   0.04  
43    K     0.05  0.04  0.09  0.05  0.0   0.02  0.07  0.27  0.0   0.01  0.02  0.1   0.0   0.0   0.12  0.1   0.02  0.0   0.0   0.01  
44    C     0.25  0.04  0.03  0.04  0.02  0.04  0.04  0.03  0.01  0.09  0.12  0.02  0.02  0.02  0.08  0.07  0.02  0.0   0.0   0.07  
45    F     0.12  0.04  0.02  0.05  0.03  0.05  0.05  0.04  0.0   0.12  0.08  0.04  0.0   0.13  0.02  0.04  0.03  0.0   0.01  0.11  
46    D     0.03  0.07  0.06  0.28  0.0   0.06  0.12  0.05  0.02  0.03  0.01  0.08  0.0   0.0   0.02  0.08  0.04  0.0   0.0   0.03  
47    R     0.08  0.18  0.06  0.06  0.02  0.05  0.12  0.01  0.09  0.05  0.02  0.1   0.0   0.0   0.02  0.05  0.03  0.01  0.0   0.05  
48    I     0.02  0.0   0.01  0.0   0.01  0.0   0.0   0.0   0.01  0.31  0.1   0.0   0.01  0.0   0.0   0.0   0.03  0.0   0.0   0.48  
49    I     0.04  0.0   0.0   0.0   0.01  0.0   0.0   0.02  0.0   0.2   0.06  0.0   0.0   0.05  0.0   0.01  0.02  0.03  0.05  0.49  
50    V     0.01  0.0   0.0   0.0   0.0   0.0   0.0   0.0   0.0   0.23  0.08  0.0   0.01  0.0   0.0   0.0   0.02  0.0   0.04  0.59  
51    S     0.39  0.01  0.0   0.0   0.01  0.0   0.0   0.16  0.01  0.04  0.01  0.01  0.0   0.0   0.01  0.06  0.01  0.0   0.01  0.24  
52    T     0.06  0.01  0.02  0.0   0.02  0.0   0.01  0.12  0.13  0.05  0.02  0.03  0.01  0.01  0.01  0.05  0.39  0.0   0.01  0.05  
53    D     0.02  0.02  0.07  0.41  0.0   0.04  0.03  0.16  0.07  0.01  0.01  0.04  0.0   0.01  0.05  0.04  0.0   0.0   0.01  0.01  
54    G     0.12  0.02  0.02  0.19  0.0   0.03  0.07  0.13  0.11  0.0   0.01  0.07  0.01  0.01  0.03  0.15  0.02  0.0   0.01  0.01  
55    G     0.12  0.04  0.02  0.17  0.0   0.09  0.29  0.03  0.02  0.01  0.01  0.06  0.01  0.0   0.07  0.02  0.01  0.0   0.0   0.02  
56    L     0.05  0.2   0.02  0.06  0.0   0.07  0.28  0.01  0.02  0.01  0.08  0.05  0.01  0.0   0.01  0.05  0.01  0.04  0.01  0.01  
57    I     0.05  0.03  0.02  0.01  0.0   0.03  0.02  0.01  0.0   0.38  0.06  0.03  0.03  0.02  0.01  0.01  0.02  0.0   0.02  0.26  
58    A     0.2   0.09  0.01  0.03  0.0   0.07  0.14  0.03  0.01  0.04  0.06  0.09  0.03  0.04  0.0   0.02  0.01  0.01  0.01  0.12  
59    E     0.12  0.05  0.04  0.16  0.0   0.08  0.21  0.02  0.05  0.01  0.01  0.13  0.0   0.01  0.02  0.05  0.03  0.01  0.01  0.01  
60    E     0.28  0.02  0.01  0.02  0.01  0.02  0.08  0.01  0.03  0.07  0.1   0.02  0.02  0.03  0.0   0.05  0.05  0.0   0.01  0.18  
61    A     0.2   0.02  0.01  0.0   0.07  0.02  0.01  0.01  0.01  0.08  0.14  0.03  0.02  0.02  0.0   0.02  0.03  0.01  0.01  0.29  
62    K     0.11  0.09  0.03  0.03  0.01  0.08  0.16  0.01  0.02  0.03  0.11  0.12  0.0   0.0   0.01  0.07  0.06  0.0   0.03  0.02  
63    N     0.19  0.05  0.06  0.09  0.0   0.04  0.07  0.16  0.02  0.01  0.05  0.13  0.0   0.0   0.04  0.06  0.02  0.0   0.0   0.01  
64    F     0.07  0.03  0.02  0.03  0.01  0.02  0.09  0.02  0.12  0.03  0.1   0.02  0.01  0.23  0.02  0.02  0.02  0.01  0.12  0.03  
65    G     0.05  0.03  0.08  0.09  0.0   0.03  0.02  0.45  0.03  0.02  0.02  0.04  0.0   0.03  0.03  0.05  0.01  0.0   0.0   0.01  
66    V     0.15  0.02  0.02  0.04  0.01  0.01  0.02  0.19  0.02  0.1   0.06  0.02  0.0   0.07  0.04  0.04  0.02  0.01  0.02  0.15  
67    E     0.04  0.05  0.08  0.11  0.0   0.07  0.23  0.02  0.02  0.01  0.02  0.16  0.0   0.0   0.03  0.07  0.05  0.0   0.02  0.01  
68    V     0.15  0.01  0.02  0.01  0.02  0.01  0.01  0.01  0.01  0.06  0.03  0.06  0.0   0.09  0.03  0.03  0.03  0.06  0.06  0.3   
69    V     0.07  0.03  0.01  0.02  0.04  0.02  0.02  0.01  0.02  0.1   0.08  0.02  0.03  0.06  0.01  0.03  0.0   0.01  0.01  0.4   
70    L     0.03  0.08  0.01  0.0   0.01  0.02  0.03  0.0   0.01  0.08  0.23  0.04  0.2   0.06  0.02  0.01  0.03  0.02  0.02  0.09  
71    R     0.03  0.07  0.0   0.03  0.0   0.26  0.02  0.04  0.01  0.03  0.04  0.05  0.0   0.02  0.01  0.03  0.31  0.0   0.01  0.05  
72    P     0.09  0.14  0.03  0.09  0.01  0.02  0.14  0.03  0.0   0.04  0.02  0.05  0.0   0.02  0.05  0.14  0.03  0.01  0.0   0.08  
73    A     0.14  0.01  0.01  0.04  0.02  0.09  0.19  0.02  0.01  0.07  0.04  0.08  0.0   0.02  0.12  0.04  0.03  0.0   0.01  0.06  
74    E     0.06  0.04  0.03  0.07  0.01  0.25  0.17  0.04  0.04  0.03  0.03  0.05  0.01  0.02  0.02  0.04  0.04  0.0   0.01  0.03  
75    L     0.04  0.03  0.02  0.02  0.03  0.02  0.04  0.1   0.05  0.07  0.35  0.03  0.01  0.02  0.03  0.02  0.03  0.01  0.01  0.06  
76    A     0.1   0.04  0.01  0.01  0.01  0.1   0.04  0.34  0.02  0.05  0.02  0.02  0.0   0.01  0.03  0.08  0.04  0.0   0.01  0.07  
77    S     0.06  0.02  0.07  0.06  0.01  0.06  0.06  0.03  0.01  0.01  0.03  0.08  0.01  0.01  0.06  0.09  0.31  0.01  0.01  0.02  
78    D     0.06  0.02  0.01  0.24  0.0   0.02  0.11  0.36  0.0   0.01  0.02  0.01  0.0   0.01  0.02  0.04  0.02  0.0   0.01  0.02  
79    T     0.04  0.11  0.01  0.01  0.01  0.07  0.01  0.1   0.41  0.02  0.02  0.03  0.0   0.0   0.01  0.04  0.09  0.0   0.01  0.01  
80    A     0.35  0.03  0.06  0.05  0.01  0.09  0.05  0.05  0.01  0.01  0.08  0.03  0.0   0.0   0.08  0.05  0.02  0.0   0.01  0.01  
81    S     0.05  0.07  0.03  0.05  0.02  0.02  0.09  0.12  0.02  0.01  0.04  0.03  0.01  0.01  0.02  0.27  0.1   0.0   0.01  0.04  
82    S     0.04  0.11  0.02  0.02  0.01  0.02  0.02  0.31  0.01  0.02  0.04  0.03  0.01  0.01  0.01  0.12  0.14  0.0   0.01  0.05  
83    I     0.07  0.02  0.01  0.02  0.01  0.09  0.02  0.09  0.01  0.09  0.08  0.01  0.01  0.03  0.02  0.08  0.26  0.0   0.04  0.06  
84    S     0.04  0.03  0.03  0.29  0.0   0.04  0.18  0.04  0.12  0.01  0.06  0.02  0.02  0.01  0.02  0.03  0.03  0.01  0.01  0.01  
85    G     0.21  0.3   0.05  0.02  0.01  0.01  0.01  0.09  0.0   0.02  0.04  0.02  0.01  0.01  0.01  0.12  0.03  0.0   0.01  0.04  
86    V     0.06  0.01  0.0   0.01  0.03  0.0   0.01  0.04  0.0   0.17  0.2   0.0   0.03  0.02  0.01  0.01  0.04  0.0   0.0   0.35  
87    I     0.23  0.05  0.01  0.01  0.01  0.06  0.03  0.03  0.01  0.07  0.16  0.06  0.04  0.05  0.0   0.02  0.01  0.02  0.06  0.06  
88    H     0.07  0.06  0.07  0.04  0.04  0.16  0.29  0.02  0.04  0.0   0.02  0.03  0.03  0.01  0.0   0.04  0.03  0.0   0.04  0.01  
89    A     0.51  0.0   0.01  0.0   0.03  0.04  0.02  0.09  0.01  0.01  0.03  0.01  0.02  0.02  0.0   0.03  0.01  0.0   0.0   0.14  
90    L     0.2   0.04  0.01  0.0   0.02  0.02  0.05  0.01  0.0   0.12  0.28  0.03  0.04  0.01  0.0   0.02  0.01  0.0   0.01  0.12  
91    E     0.12  0.06  0.02  0.06  0.01  0.08  0.22  0.02  0.01  0.02  0.03  0.08  0.03  0.01  0.09  0.09  0.05  0.0   0.0   0.01  
92    T     0.19  0.05  0.03  0.04  0.0   0.08  0.08  0.04  0.07  0.04  0.06  0.11  0.01  0.04  0.04  0.03  0.03  0.0   0.03  0.03  
93    I     0.05  0.01  0.01  0.01  0.01  0.03  0.02  0.01  0.01  0.13  0.39  0.02  0.03  0.08  0.01  0.02  0.03  0.0   0.04  0.08  
94    G     0.11  0.02  0.05  0.1   0.01  0.04  0.08  0.21  0.03  0.02  0.03  0.08  0.0   0.04  0.05  0.07  0.02  0.01  0.03  0.02  
95    S     0.12  0.03  0.05  0.08  0.01  0.02  0.08  0.09  0.01  0.04  0.04  0.09  0.01  0.01  0.15  0.08  0.06  0.02  0.0   0.02  
96    N     0.03  0.02  0.07  0.33  0.01  0.03  0.14  0.06  0.02  0.01  0.03  0.07  0.01  0.06  0.03  0.06  0.02  0.0   0.01  0.01  
97    S     0.1   0.02  0.03  0.26  0.01  0.04  0.15  0.04  0.03  0.03  0.01  0.03  0.0   0.03  0.03  0.06  0.03  0.01  0.06  0.05  
98    G     0.06  0.01  0.02  0.36  0.0   0.02  0.19  0.2   0.01  0.01  0.01  0.02  0.0   0.0   0.01  0.01  0.02  0.02  0.01  0.02  
99    T     0.04  0.03  0.03  0.12  0.0   0.01  0.01  0.0   0.01  0.22  0.06  0.05  0.01  0.03  0.0   0.01  0.15  0.02  0.02  0.18  
100   V     0.02  0.0   0.0   0.0   0.0   0.0   0.0   0.0   0.0   0.26  0.12  0.0   0.0   0.03  0.0   0.01  0.04  0.01  0.01  0.5   
101   T     0.04  0.0   0.0   0.0   0.02  0.0   0.0   0.0   0.0   0.13  0.38  0.0   0.02  0.04  0.0   0.0   0.0   0.0   0.0   0.36  
102   L     0.01  0.01  0.31  0.01  0.01  0.0   0.0   0.0   0.06  0.17  0.05  0.0   0.02  0.0   0.0   0.0   0.01  0.0   0.0   0.31  
103   L     0.02  0.0   0.0   0.0   0.0   0.01  0.0   0.01  0.12  0.09  0.4   0.0   0.01  0.02  0.0   0.01  0.03  0.0   0.0   0.26  
104   Q     0.01  0.0   0.05  0.18  0.06  0.34  0.0   0.01  0.03  0.0   0.0   0.0   0.0   0.03  0.0   0.03  0.03  0.0   0.21  0.0   
105   P     0.12  0.0   0.0   0.0   0.0   0.0   0.0   0.84  0.0   0.0   0.0   0.0   0.0   0.0   0.02  0.0   0.0   0.0   0.0   0.02  
106   T     0.16  0.0   0.0   0.75  0.0   0.0   0.0   0.0   0.0   0.0   0.0   0.0   0.0   0.0   0.0   0.02  0.03  0.0   0.0   0.04  
107   S     0.04  0.2   0.02  0.0   0.0   0.02  0.23  0.01  0.01  0.01  0.04  0.0   0.06  0.01  0.0   0.05  0.13  0.0   0.0   0.18  
108   P     0.01  0.0   0.0   0.0   0.02  0.0   0.0   0.0   0.0   0.0   0.0   0.0   0.0   0.0   0.97  0.0   0.0   0.0   0.0   0.0   
109   L     0.01  0.0   0.0   0.0   0.07  0.0   0.0   0.01  0.0   0.0   0.63  0.0   0.03  0.2   0.0   0.01  0.04  0.0   0.0   0.0   
110   R     0.02  0.03  0.0   0.0   0.0   0.0   0.0   0.0   0.0   0.53  0.23  0.0   0.01  0.01  0.0   0.0   0.03  0.0   0.0   0.14  
111   T     0.03  0.12  0.04  0.11  0.0   0.07  0.08  0.02  0.02  0.01  0.0   0.08  0.0   0.0   0.1   0.1   0.21  0.0   0.0   0.01  
112   G     0.15  0.02  0.02  0.02  0.0   0.03  0.04  0.04  0.05  0.01  0.01  0.06  0.0   0.0   0.42  0.06  0.03  0.0   0.01  0.04  
113   A     0.13  0.05  0.03  0.09  0.0   0.04  0.36  0.03  0.01  0.01  0.02  0.07  0.0   0.0   0.0   0.07  0.04  0.01  0.0   0.02  
114   H     0.04  0.0   0.02  0.05  0.0   0.02  0.04  0.01  0.05  0.09  0.13  0.0   0.03  0.02  0.02  0.06  0.35  0.0   0.0   0.05  
115   I     0.0   0.0   0.0   0.0   0.0   0.0   0.0   0.0   0.0   0.51  0.36  0.0   0.02  0.01  0.0   0.0   0.0   0.0   0.0   0.09  
116   R     0.04  0.14  0.07  0.2   0.0   0.08  0.15  0.02  0.02  0.02  0.04  0.13  0.0   0.0   0.01  0.04  0.03  0.0   0.0   0.01  
117   E     0.15  0.15  0.05  0.04  0.0   0.14  0.12  0.04  0.02  0.0   0.04  0.11  0.0   0.01  0.01  0.05  0.04  0.0   0.02  0.01  
118   A     0.15  0.0   0.03  0.0   0.03  0.01  0.0   0.02  0.0   0.07  0.36  0.0   0.05  0.02  0.01  0.02  0.02  0.0   0.0   0.2   
119   F     0.19  0.03  0.0   0.0   0.0   0.0   0.01  0.0   0.0   0.19  0.25  0.02  0.03  0.05  0.0   0.01  0.01  0.01  0.03  0.17  
120   S     0.14  0.08  0.02  0.09  0.0   0.1   0.3   0.03  0.01  0.0   0.02  0.08  0.01  0.0   0.01  0.07  0.03  0.0   0.0   0.01  
121   L     0.13  0.03  0.05  0.01  0.01  0.03  0.05  0.02  0.04  0.04  0.15  0.06  0.02  0.03  0.09  0.03  0.08  0.0   0.06  0.05  
122   F     0.08  0.03  0.01  0.01  0.01  0.01  0.01  0.01  0.12  0.04  0.36  0.02  0.03  0.13  0.0   0.02  0.03  0.0   0.03  0.05  
123   D     0.2   0.08  0.04  0.08  0.02  0.04  0.17  0.02  0.04  0.03  0.05  0.06  0.01  0.02  0.02  0.03  0.04  0.0   0.0   0.06  
124   E     0.13  0.05  0.06  0.11  0.0   0.07  0.21  0.05  0.03  0.0   0.0   0.11  0.0   0.0   0.02  0.11  0.03  0.0   0.0   0.01  
125   K     0.1   0.04  0.14  0.06  0.01  0.05  0.06  0.11  0.11  0.01  0.01  0.09  0.01  0.01  0.03  0.08  0.05  0.0   0.02  0.01  
126   I     0.1   0.03  0.06  0.08  0.01  0.09  0.09  0.18  0.01  0.02  0.02  0.07  0.0   0.0   0.13  0.05  0.05  0.0   0.0   0.01  
127   K     0.22  0.01  0.09  0.07  0.01  0.03  0.05  0.04  0.01  0.02  0.05  0.07  0.01  0.04  0.02  0.03  0.04  0.01  0.06  0.11  
128   G     0.21  0.01  0.02  0.14  0.03  0.02  0.02  0.19  0.01  0.04  0.04  0.05  0.0   0.0   0.05  0.04  0.04  0.0   0.01  0.06  
129   S     0.15  0.01  0.04  0.05  0.01  0.02  0.02  0.07  0.0   0.13  0.06  0.02  0.06  0.01  0.01  0.08  0.11  0.0   0.01  0.13  
130   V     0.17  0.0   0.01  0.0   0.07  0.0   0.01  0.01  0.0   0.11  0.17  0.0   0.07  0.0   0.0   0.02  0.05  0.0   0.01  0.29  
131   V     0.14  0.0   0.0   0.01  0.0   0.0   0.0   0.04  0.01  0.1   0.2   0.01  0.03  0.03  0.01  0.06  0.16  0.0   0.0   0.18  
132   S     0.08  0.01  0.01  0.02  0.01  0.0   0.0   0.05  0.0   0.02  0.2   0.03  0.01  0.01  0.07  0.08  0.28  0.0   0.0   0.1   
133   A     0.31  0.01  0.01  0.02  0.0   0.0   0.01  0.03  0.0   0.04  0.16  0.03  0.01  0.04  0.05  0.04  0.1   0.0   0.0   0.13  
134   C     0.1   0.02  0.0   0.02  0.09  0.01  0.03  0.01  0.02  0.08  0.06  0.03  0.01  0.04  0.01  0.04  0.12  0.0   0.01  0.3   
135   P     0.08  0.05  0.02  0.03  0.0   0.01  0.12  0.06  0.02  0.02  0.06  0.07  0.02  0.02  0.21  0.04  0.1   0.0   0.01  0.06  
136   M     0.11  0.08  0.01  0.09  0.01  0.02  0.06  0.02  0.01  0.12  0.11  0.05  0.02  0.04  0.05  0.02  0.03  0.0   0.01  0.13  
137   E     0.08  0.06  0.05  0.14  0.0   0.02  0.18  0.02  0.06  0.03  0.1   0.07  0.01  0.0   0.03  0.08  0.06  0.0   0.01  0.02  
138   H     0.07  0.05  0.09  0.27  0.0   0.01  0.06  0.01  0.06  0.03  0.04  0.04  0.0   0.01  0.15  0.02  0.04  0.0   0.01  0.02  
139   H     0.08  0.02  0.1   0.08  0.0   0.02  0.04  0.03  0.04  0.02  0.04  0.08  0.01  0.05  0.09  0.04  0.15  0.0   0.06  0.04  
140   P     0.06  0.04  0.0   0.02  0.0   0.01  0.02  0.18  0.0   0.03  0.06  0.03  0.0   0.11  0.3   0.04  0.06  0.0   0.01  0.02  
141   L     0.02  0.04  0.11  0.03  0.0   0.0   0.02  0.09  0.01  0.03  0.06  0.06  0.01  0.01  0.0   0.1   0.03  0.01  0.31  0.06  
142   K     0.02  0.09  0.01  0.03  0.0   0.04  0.05  0.26  0.01  0.02  0.01  0.06  0.01  0.09  0.12  0.03  0.01  0.02  0.1   0.02  
143   T     0.05  0.25  0.13  0.04  0.01  0.01  0.05  0.12  0.01  0.03  0.02  0.02  0.0   0.01  0.01  0.09  0.09  0.0   0.01  0.06  
144   L     0.07  0.18  0.02  0.03  0.0   0.0   0.03  0.04  0.0   0.26  0.08  0.07  0.01  0.01  0.01  0.02  0.03  0.0   0.0   0.15  
145   L     0.07  0.03  0.0   0.02  0.0   0.01  0.05  0.02  0.0   0.2   0.1   0.03  0.01  0.05  0.02  0.03  0.01  0.0   0.01  0.33  
146   Q     0.03  0.17  0.02  0.02  0.0   0.04  0.05  0.0   0.02  0.08  0.05  0.16  0.01  0.01  0.06  0.03  0.1   0.0   0.04  0.11  
147   I     0.06  0.08  0.04  0.15  0.01  0.01  0.04  0.08  0.01  0.11  0.13  0.04  0.01  0.02  0.03  0.01  0.03  0.01  0.01  0.15  
148   N     0.07  0.03  0.13  0.13  0.0   0.06  0.15  0.11  0.02  0.02  0.02  0.07  0.0   0.02  0.06  0.06  0.02  0.0   0.0   0.05  
149   N     0.08  0.09  0.14  0.16  0.01  0.05  0.05  0.06  0.04  0.02  0.01  0.06  0.01  0.01  0.02  0.06  0.04  0.01  0.02  0.05  
150   G     0.02  0.03  0.08  0.12  0.01  0.02  0.07  0.42  0.02  0.01  0.02  0.01  0.01  0.0   0.02  0.03  0.03  0.0   0.0   0.07  
151   E     0.08  0.1   0.09  0.09  0.0   0.04  0.12  0.11  0.04  0.01  0.02  0.14  0.0   0.01  0.02  0.07  0.02  0.0   0.02  0.02  
152   Y     0.05  0.03  0.05  0.0   0.01  0.04  0.05  0.05  0.01  0.07  0.09  0.01  0.01  0.01  0.01  0.01  0.09  0.0   0.06  0.33  
153   A     0.15  0.03  0.01  0.01  0.01  0.03  0.07  0.04  0.0   0.07  0.09  0.03  0.02  0.02  0.09  0.03  0.07  0.0   0.01  0.21  
154   P     0.1   0.09  0.01  0.02  0.01  0.03  0.06  0.04  0.01  0.06  0.12  0.16  0.01  0.05  0.07  0.05  0.02  0.01  0.09  0.02  
155   M     0.04  0.07  0.01  0.08  0.0   0.01  0.02  0.02  0.01  0.32  0.06  0.0   0.02  0.07  0.02  0.04  0.01  0.02  0.13  0.05  
156   R     0.02  0.11  0.01  0.01  0.0   0.03  0.07  0.01  0.06  0.05  0.04  0.12  0.01  0.11  0.01  0.04  0.01  0.01  0.01  0.26  
157   H     0.04  0.03  0.09  0.06  0.0   0.01  0.36  0.02  0.14  0.01  0.02  0.01  0.0   0.01  0.0   0.1   0.04  0.0   0.03  0.03  
158   L     0.05  0.11  0.0   0.01  0.01  0.06  0.12  0.05  0.12  0.09  0.2   0.01  0.01  0.06  0.01  0.01  0.01  0.0   0.01  0.04  
159   S     0.05  0.04  0.07  0.07  0.01  0.04  0.02  0.12  0.0   0.01  0.02  0.31  0.0   0.0   0.01  0.1   0.06  0.04  0.02  0.01  
160   D     0.1   0.07  0.02  0.34  0.0   0.02  0.02  0.01  0.02  0.05  0.07  0.03  0.01  0.03  0.13  0.03  0.02  0.0   0.01  0.02  
161   L     0.34  0.01  0.01  0.02  0.05  0.03  0.02  0.01  0.0   0.07  0.09  0.01  0.0   0.04  0.03  0.07  0.03  0.0   0.13  0.04  
162   E     0.16  0.04  0.09  0.02  0.01  0.09  0.07  0.04  0.01  0.01  0.03  0.04  0.01  0.03  0.09  0.1   0.08  0.0   0.07  0.0   
163   Q     0.06  0.06  0.02  0.06  0.0   0.03  0.12  0.02  0.01  0.04  0.05  0.01  0.0   0.13  0.02  0.06  0.12  0.01  0.16  0.02  
164   P     0.09  0.17  0.02  0.03  0.0   0.05  0.15  0.02  0.01  0.01  0.05  0.01  0.01  0.04  0.18  0.08  0.04  0.0   0.02  0.01  
165   R     0.06  0.33  0.01  0.02  0.01  0.15  0.17  0.01  0.01  0.02  0.03  0.07  0.01  0.01  0.01  0.03  0.01  0.0   0.02  0.03  
166   Q     0.09  0.19  0.06  0.06  0.0   0.16  0.08  0.05  0.0   0.02  0.06  0.1   0.01  0.0   0.03  0.04  0.01  0.0   0.01  0.04  
167   Q     0.15  0.04  0.05  0.07  0.01  0.13  0.07  0.02  0.02  0.01  0.03  0.12  0.01  0.06  0.03  0.07  0.08  0.0   0.01  0.03  
168   L     0.04  0.01  0.03  0.01  0.0   0.01  0.01  0.02  0.01  0.28  0.31  0.0   0.0   0.02  0.0   0.02  0.07  0.06  0.0   0.1   
169   P     0.04  0.05  0.05  0.07  0.0   0.05  0.07  0.02  0.0   0.05  0.03  0.11  0.0   0.0   0.21  0.06  0.1   0.0   0.01  0.07  
170   Q     0.03  0.12  0.02  0.06  0.0   0.09  0.2   0.11  0.02  0.01  0.05  0.11  0.0   0.02  0.06  0.02  0.06  0.01  0.01  0.01  
171   A     0.13  0.03  0.02  0.02  0.08  0.02  0.1   0.04  0.01  0.16  0.1   0.03  0.01  0.07  0.03  0.03  0.04  0.0   0.03  0.07  
172   F     0.08  0.03  0.02  0.02  0.0   0.01  0.02  0.06  0.01  0.04  0.14  0.03  0.0   0.1   0.02  0.02  0.03  0.04  0.23  0.07  
173   R     0.05  0.11  0.03  0.05  0.09  0.04  0.04  0.02  0.09  0.02  0.05  0.08  0.0   0.03  0.01  0.07  0.02  0.06  0.12  0.02  
174   P     0.09  0.08  0.04  0.07  0.02  0.03  0.11  0.03  0.05  0.05  0.11  0.07  0.04  0.02  0.09  0.03  0.02  0.01  0.02  0.02  
175   N     0.14  0.03  0.37  0.03  0.0   0.04  0.05  0.04  0.09  0.01  0.03  0.04  0.01  0.01  0.04  0.06  0.01  0.0   0.0   0.02  
176   G     0.15  0.01  0.01  0.02  0.01  0.03  0.03  0.25  0.03  0.05  0.05  0.03  0.01  0.01  0.07  0.1   0.08  0.01  0.01  0.05  
177   A     0.12  0.01  0.02  0.01  0.01  0.02  0.06  0.34  0.02  0.01  0.09  0.01  0.01  0.02  0.02  0.17  0.04  0.0   0.0   0.01  
178   I     0.03  0.02  0.0   0.01  0.01  0.01  0.02  0.01  0.0   0.33  0.16  0.02  0.07  0.09  0.01  0.02  0.04  0.0   0.05  0.09  
179   Y     0.09  0.02  0.01  0.01  0.0   0.02  0.01  0.02  0.01  0.02  0.08  0.01  0.01  0.08  0.01  0.04  0.03  0.02  0.49  0.02  
180   I     0.17  0.01  0.01  0.01  0.07  0.02  0.02  0.04  0.0   0.17  0.12  0.0   0.04  0.07  0.05  0.04  0.03  0.0   0.04  0.08  
181   N     0.14  0.02  0.05  0.03  0.0   0.01  0.02  0.04  0.01  0.03  0.1   0.03  0.01  0.2   0.01  0.04  0.13  0.0   0.11  0.03  
182   D     0.01  0.1   0.09  0.22  0.0   0.02  0.24  0.03  0.02  0.02  0.01  0.11  0.0   0.0   0.01  0.01  0.1   0.01  0.01  0.0   
183   T     0.13  0.15  0.06  0.11  0.0   0.08  0.04  0.06  0.01  0.05  0.06  0.12  0.0   0.0   0.0   0.04  0.04  0.01  0.0   0.03  
184   A     0.15  0.09  0.01  0.12  0.02  0.05  0.08  0.04  0.02  0.05  0.03  0.14  0.0   0.0   0.03  0.05  0.04  0.02  0.01  0.06  
185   S     0.15  0.01  0.01  0.04  0.01  0.04  0.3   0.02  0.01  0.01  0.01  0.04  0.01  0.12  0.01  0.1   0.05  0.0   0.03  0.03  
186   L     0.1   0.05  0.0   0.01  0.01  0.02  0.0   0.01  0.0   0.11  0.39  0.07  0.02  0.01  0.0   0.08  0.0   0.02  0.03  0.06  
187   I     0.02  0.01  0.01  0.0   0.0   0.0   0.02  0.01  0.0   0.08  0.6   0.04  0.03  0.06  0.0   0.0   0.03  0.01  0.02  0.07  
188   A     0.03  0.07  0.01  0.05  0.0   0.02  0.59  0.01  0.01  0.01  0.01  0.05  0.0   0.0   0.03  0.03  0.03  0.0   0.0   0.06  
189   N     0.04  0.03  0.12  0.05  0.0   0.39  0.14  0.01  0.0   0.03  0.03  0.05  0.01  0.01  0.0   0.01  0.04  0.01  0.01  0.01  
190   N     0.07  0.07  0.05  0.09  0.01  0.02  0.01  0.05  0.0   0.02  0.48  0.07  0.01  0.0   0.01  0.01  0.01  0.0   0.01  0.02  
191   C     0.04  0.37  0.07  0.01  0.04  0.0   0.04  0.07  0.02  0.01  0.04  0.06  0.0   0.03  0.02  0.09  0.03  0.0   0.03  0.04  
192   F     0.22  0.01  0.03  0.01  0.01  0.0   0.01  0.01  0.02  0.05  0.19  0.03  0.01  0.12  0.02  0.04  0.02  0.03  0.03  0.14  
193   F     0.02  0.01  0.02  0.0   0.0   0.09  0.07  0.0   0.01  0.02  0.4   0.01  0.03  0.11  0.04  0.02  0.01  0.01  0.09  0.03  
194   I     0.04  0.01  0.08  0.02  0.01  0.01  0.31  0.26  0.01  0.04  0.05  0.04  0.01  0.01  0.02  0.03  0.02  0.02  0.01  0.02  
195   A     0.14  0.05  0.15  0.01  0.0   0.04  0.13  0.13  0.08  0.01  0.02  0.07  0.02  0.0   0.03  0.04  0.02  0.01  0.05  0.01  
196   P     0.03  0.1   0.09  0.03  0.0   0.05  0.01  0.28  0.05  0.01  0.02  0.13  0.01  0.01  0.08  0.02  0.01  0.0   0.07  0.0   
197   T     0.04  0.01  0.03  0.02  0.0   0.03  0.03  0.04  0.02  0.2   0.02  0.04  0.09  0.02  0.01  0.05  0.07  0.02  0.06  0.18  
198   K     0.11  0.18  0.0   0.06  0.0   0.01  0.07  0.11  0.04  0.04  0.02  0.12  0.0   0.01  0.03  0.06  0.05  0.0   0.03  0.05  
199   L     0.13  0.02  0.0   0.0   0.02  0.01  0.01  0.03  0.0   0.37  0.05  0.03  0.02  0.02  0.0   0.0   0.02  0.0   0.11  0.16  
200   Y     0.06  0.07  0.01  0.04  0.0   0.01  0.03  0.01  0.05  0.04  0.1   0.07  0.02  0.06  0.01  0.01  0.02  0.0   0.26  0.12  
201   I     0.04  0.0   0.0   0.0   0.03  0.06  0.15  0.01  0.0   0.12  0.12  0.02  0.02  0.0   0.01  0.01  0.03  0.0   0.01  0.37  
202   M     0.19  0.02  0.02  0.0   0.01  0.03  0.03  0.03  0.01  0.09  0.09  0.03  0.14  0.0   0.01  0.03  0.12  0.0   0.03  0.11  
203   S     0.06  0.03  0.01  0.17  0.0   0.01  0.09  0.14  0.0   0.03  0.03  0.04  0.0   0.0   0.11  0.08  0.1   0.0   0.01  0.09  
204   H     0.1   0.05  0.02  0.09  0.01  0.03  0.21  0.04  0.04  0.02  0.02  0.05  0.0   0.02  0.08  0.06  0.09  0.0   0.01  0.07  
205   Q     0.08  0.02  0.05  0.07  0.02  0.04  0.18  0.01  0.01  0.03  0.03  0.02  0.0   0.04  0.02  0.1   0.07  0.0   0.19  0.03  
206   D     0.05  0.05  0.01  0.17  0.0   0.02  0.2   0.01  0.06  0.02  0.02  0.02  0.01  0.07  0.08  0.05  0.07  0.0   0.06  0.05  
207   S     0.14  0.02  0.23  0.0   0.0   0.01  0.01  0.05  0.0   0.03  0.03  0.0   0.0   0.02  0.1   0.18  0.1   0.0   0.01  0.07  
208   I     0.04  0.02  0.0   0.0   0.0   0.02  0.0   0.0   0.01  0.34  0.19  0.01  0.05  0.07  0.09  0.01  0.03  0.0   0.0   0.1   
209   D     0.02  0.0   0.02  0.08  0.0   0.0   0.06  0.52  0.0   0.0   0.0   0.24  0.0   0.0   0.0   0.03  0.02  0.0   0.0   0.0   
210   I     0.01  0.0   0.0   0.0   0.01  0.0   0.0   0.0   0.0   0.46  0.02  0.0   0.0   0.0   0.0   0.01  0.0   0.0   0.0   0.5   
211   D     0.01  0.0   0.23  0.49  0.0   0.01  0.0   0.0   0.0   0.01  0.0   0.0   0.01  0.0   0.0   0.0   0.25  0.0   0.0   0.0   
212   T     0.0   0.04  0.01  0.09  0.01  0.01  0.01  0.0   0.01  0.01  0.01  0.0   0.0   0.0   0.01  0.13  0.64  0.0   0.02  0.02  
213   E     0.05  0.18  0.01  0.02  0.0   0.04  0.06  0.01  0.0   0.01  0.01  0.06  0.01  0.0   0.52  0.0   0.01  0.0   0.01  0.01  
214   L     0.14  0.01  0.01  0.06  0.0   0.05  0.41  0.03  0.01  0.07  0.07  0.01  0.02  0.01  0.0   0.0   0.0   0.01  0.03  0.06  
215   D     0.05  0.0   0.0   0.81  0.0   0.07  0.05  0.02  0.0   0.0   0.0   0.0   0.0   0.0   0.0   0.01  0.0   0.0   0.0   0.0   
216   L     0.0   0.0   0.0   0.0   0.0   0.0   0.0   0.01  0.0   0.07  0.79  0.0   0.02  0.05  0.0   0.0   0.0   0.03  0.02  0.03  
217   Q     0.24  0.05  0.01  0.05  0.0   0.05  0.24  0.0   0.01  0.03  0.04  0.1   0.0   0.02  0.04  0.06  0.02  0.0   0.01  0.03  
218   Q     0.04  0.21  0.02  0.01  0.01  0.06  0.05  0.0   0.01  0.12  0.15  0.14  0.02  0.03  0.0   0.01  0.02  0.0   0.01  0.09  
219   A     0.61  0.01  0.0   0.0   0.02  0.0   0.0   0.03  0.0   0.04  0.02  0.0   0.0   0.01  0.0   0.0   0.01  0.0   0.01  0.25  
220   E     0.01  0.23  0.04  0.01  0.0   0.04  0.52  0.01  0.0   0.02  0.04  0.06  0.01  0.0   0.0   0.02  0.01  0.0   0.0   0.0   
221   N     0.25  0.1   0.05  0.01  0.0   0.09  0.1   0.0   0.0   0.03  0.04  0.13  0.0   0.07  0.0   0.07  0.02  0.0   0.01  0.02  
222   I     0.01  0.02  0.0   0.0   0.0   0.0   0.01  0.0   0.0   0.36  0.28  0.01  0.04  0.1   0.0   0.01  0.01  0.0   0.08  0.07  
223   L     0.01  0.0   0.0   0.0   0.01  0.01  0.0   0.0   0.0   0.1   0.56  0.0   0.16  0.08  0.0   0.0   0.0   0.0   0.01  0.04  
224   N     0.03  0.2   0.06  0.02  0.01  0.12  0.05  0.0   0.01  0.0   0.01  0.3   0.01  0.0   0.0   0.16  0.02  0.0   0.0   0.01  
225   H     0.0   0.0   0.16  0.11  0.0   0.18  0.29  0.0   0.09  0.0   0.0   0.17  0.0   0.0   0.0   0.0   0.0   0.0   0.0   0.0   
