             A     R     N     D     C     Q     E     G     H     I     L     K     M     F     P     S     T     W     Y     V
1     D     0.0   0.0   0.0   1.0   0.0   0.0   0.0   0.0   0.0   0.0   0.0   0.0   0.0   0.0   0.0   0.0   0.0   0.0   0.0   0.0   
2     D     0.42  0.0   0.0   0.4   0.0   0.0   0.0   0.0   0.0   0.0   0.0   0.0   0.0   0.0   0.0   0.18  0.0   0.0   0.0   0.0   
3     T     0.0   0.0   0.0   0.0   0.0   0.19  0.0   0.0   0.0   0.0   0.0   0.0   0.0   0.0   0.0   0.49  0.17  0.0   0.0   0.15  
4     A     0.17  0.0   0.0   0.0   0.0   0.33  0.0   0.0   0.0   0.0   0.0   0.0   0.0   0.0   0.16  0.15  0.0   0.0   0.0   0.18  
5     L     0.0   0.0   0.0   0.18  0.19  0.0   0.0   0.0   0.0   0.0   0.63  0.0   0.0   0.0   0.0   0.0   0.0   0.0   0.0   0.0   
6     T     0.15  0.0   0.0   0.0   0.0   0.0   0.0   0.34  0.0   0.0   0.0   0.18  0.0   0.0   0.0   0.0   0.17  0.0   0.0   0.16  
7     N     0.23  0.0   0.24  0.0   0.0   0.22  0.19  0.0   0.0   0.0   0.0   0.0   0.0   0.0   0.11  0.0   0.0   0.0   0.0   0.0   
8     L     0.0   0.0   0.0   0.0   0.0   0.0   0.0   0.0   0.0   0.18  0.7   0.0   0.0   0.0   0.0   0.0   0.11  0.0   0.0   0.0   
9     V     0.11  0.0   0.0   0.0   0.0   0.0   0.0   0.0   0.0   0.07  0.48  0.0   0.0   0.0   0.0   0.0   0.0   0.0   0.0   0.34  
10    A     0.16  0.0   0.05  0.22  0.0   0.15  0.0   0.0   0.07  0.0   0.0   0.1   0.0   0.0   0.11  0.0   0.14  0.0   0.0   0.0   
11    L     0.3   0.0   0.0   0.0   0.0   0.0   0.0   0.0   0.0   0.0   0.7   0.0   0.0   0.0   0.0   0.0   0.0   0.0   0.0   0.0   
12    A     0.24  0.0   0.0   0.0   0.0   0.0   0.0   0.0   0.0   0.19  0.5   0.0   0.0   0.06  0.0   0.0   0.0   0.0   0.0   0.0   
13    S     0.61  0.06  0.24  0.0   0.0   0.0   0.0   0.0   0.0   0.0   0.0   0.0   0.0   0.0   0.0   0.09  0.0   0.0   0.0   0.0   
14    Q     0.0   0.0   0.0   0.0   0.0   0.17  0.54  0.0   0.0   0.0   0.0   0.3   0.0   0.0   0.0   0.0   0.0   0.0   0.0   0.0   
15    R     0.0   1.0   0.0   0.0   0.0   0.0   0.0   0.0   0.0   0.0   0.0   0.0   0.0   0.0   0.0   0.0   0.0   0.0   0.0   0.0   
16    L     0.0   0.12  0.1   0.0   0.0   0.0   0.0   0.0   0.0   0.0   0.56  0.08  0.14  0.0   0.0   0.0   0.0   0.0   0.0   0.0   
17    A     0.09  0.0   0.0   0.06  0.0   0.16  0.3   0.0   0.0   0.0   0.12  0.08  0.0   0.0   0.0   0.19  0.0   0.0   0.0   0.0   
18    L     0.0   0.0   0.0   0.0   0.0   0.0   0.0   0.0   0.0   0.0   0.67  0.0   0.0   0.0   0.0   0.0   0.08  0.0   0.09  0.16  
19    A     0.5   0.0   0.0   0.0   0.0   0.0   0.0   0.0   0.0   0.0   0.0   0.0   0.22  0.0   0.0   0.0   0.0   0.0   0.0   0.28  
20    E     0.15  0.0   0.0   0.21  0.0   0.0   0.08  0.0   0.0   0.0   0.07  0.31  0.0   0.0   0.0   0.06  0.0   0.0   0.0   0.11  
21    P     0.07  0.0   0.07  0.24  0.0   0.19  0.21  0.0   0.0   0.0   0.0   0.0   0.0   0.0   0.21  0.0   0.0   0.0   0.0   0.0   
22    V     0.0   0.0   0.0   0.0   0.0   0.0   0.0   0.0   0.0   0.07  0.0   0.0   0.0   0.0   0.0   0.0   0.0   0.0   0.0   0.93  
23    A     0.73  0.0   0.0   0.0   0.0   0.0   0.0   0.27  0.0   0.0   0.0   0.0   0.0   0.0   0.0   0.0   0.0   0.0   0.0   0.0   
24    H     0.2   0.0   0.0   0.0   0.0   0.13  0.26  0.16  0.08  0.0   0.0   0.12  0.0   0.0   0.0   0.0   0.06  0.0   0.0   0.0   
25    W     0.11  0.0   0.0   0.0   0.0   0.0   0.0   0.0   0.0   0.09  0.0   0.0   0.0   0.07  0.0   0.22  0.0   0.08  0.22  0.21  
26    K     0.0   0.0   0.0   0.0   0.0   0.0   0.0   0.0   0.0   0.0   0.0   1.0   0.0   0.0   0.0   0.0   0.0   0.0   0.0   0.0   
27    W     0.23  0.0   0.09  0.0   0.0   0.0   0.0   0.0   0.12  0.07  0.11  0.0   0.06  0.07  0.0   0.09  0.0   0.15  0.0   0.0   
28    I     0.11  0.23  0.0   0.0   0.0   0.23  0.08  0.0   0.0   0.08  0.13  0.14  0.0   0.0   0.0   0.0   0.0   0.0   0.0   0.0   
29    N     0.13  0.0   0.23  0.0   0.0   0.0   0.0   0.0   0.19  0.0   0.09  0.0   0.0   0.05  0.0   0.2   0.05  0.0   0.05  0.0   
30    R     0.0   0.08  0.07  0.0   0.0   0.07  0.0   0.44  0.34  0.0   0.0   0.0   0.0   0.0   0.0   0.0   0.0   0.0   0.0   0.0   
31    K     0.0   0.11  0.0   0.0   0.0   0.07  0.0   0.07  0.0   0.09  0.5   0.15  0.0   0.0   0.0   0.0   0.0   0.0   0.0   0.0   
32    P     0.14  0.0   0.0   0.0   0.0   0.0   0.0   0.0   0.0   0.0   0.0   0.0   0.0   0.0   0.86  0.0   0.0   0.0   0.0   0.0   
33    I     0.0   0.0   0.0   0.0   0.0   0.0   0.0   0.0   0.0   0.87  0.0   0.0   0.0   0.0   0.0   0.0   0.0   0.0   0.0   0.13  
34    S     0.0   0.19  0.09  0.07  0.0   0.07  0.29  0.0   0.0   0.0   0.0   0.0   0.0   0.0   0.0   0.08  0.0   0.0   0.21  0.0   
35    D     0.12  0.0   0.0   0.79  0.0   0.0   0.0   0.0   0.0   0.0   0.0   0.0   0.0   0.0   0.0   0.0   0.0   0.0   0.0   0.09  
36    P     0.0   0.08  0.0   0.0   0.0   0.0   0.0   0.0   0.0   0.13  0.07  0.0   0.0   0.06  0.44  0.15  0.0   0.0   0.0   0.05  
37    P     0.0   0.0   0.0   0.13  0.0   0.06  0.37  0.07  0.0   0.08  0.0   0.0   0.0   0.0   0.22  0.0   0.06  0.0   0.0   0.0   
38    R     0.0   0.92  0.0   0.0   0.0   0.08  0.0   0.0   0.0   0.0   0.0   0.0   0.0   0.0   0.0   0.0   0.0   0.0   0.0   0.0   
39    E     0.0   0.0   0.0   0.0   0.0   0.0   0.93  0.0   0.0   0.0   0.0   0.0   0.0   0.0   0.0   0.0   0.0   0.0   0.0   0.07  
40    A     0.23  0.11  0.0   0.0   0.0   0.2   0.23  0.0   0.0   0.06  0.0   0.17  0.0   0.0   0.0   0.0   0.0   0.0   0.0   0.0   
41    A     0.25  0.0   0.06  0.06  0.0   0.21  0.0   0.0   0.0   0.07  0.0   0.08  0.0   0.0   0.0   0.09  0.0   0.0   0.09  0.07  
42    L     0.0   0.0   0.0   0.0   0.0   0.15  0.0   0.0   0.0   0.09  0.26  0.0   0.21  0.0   0.0   0.0   0.0   0.0   0.0   0.29  
43    L     0.0   0.0   0.0   0.0   0.0   0.0   0.0   0.0   0.0   0.15  0.69  0.0   0.0   0.06  0.0   0.0   0.0   0.0   0.09  0.0   
44    T     0.35  0.0   0.08  0.17  0.0   0.13  0.19  0.0   0.0   0.0   0.0   0.0   0.0   0.0   0.0   0.0   0.08  0.0   0.0   0.0   
45    D     0.12  0.15  0.05  0.08  0.0   0.0   0.06  0.0   0.07  0.0   0.0   0.2   0.07  0.0   0.0   0.18  0.0   0.0   0.0   0.0   
46    V     0.15  0.21  0.0   0.0   0.0   0.0   0.0   0.0   0.0   0.09  0.33  0.0   0.07  0.0   0.0   0.0   0.0   0.0   0.0   0.14  
47    E     0.07  0.3   0.0   0.0   0.0   0.0   0.14  0.07  0.0   0.11  0.07  0.0   0.08  0.0   0.0   0.0   0.14  0.0   0.0   0.0   
48    K     0.13  0.0   0.07  0.0   0.0   0.07  0.19  0.14  0.0   0.0   0.06  0.22  0.0   0.0   0.0   0.0   0.06  0.0   0.0   0.05  
49    R     0.0   0.08  0.07  0.14  0.0   0.16  0.27  0.0   0.0   0.0   0.28  0.0   0.0   0.0   0.0   0.0   0.0   0.0   0.0   0.0   
50    A     0.72  0.0   0.0   0.0   0.09  0.0   0.0   0.19  0.0   0.0   0.0   0.0   0.0   0.0   0.0   0.0   0.0   0.0   0.0   0.0   
51    T     0.0   0.07  0.0   0.0   0.0   0.13  0.23  0.07  0.0   0.0   0.0   0.35  0.0   0.0   0.0   0.0   0.14  0.0   0.0   0.0   
52    A     0.28  0.07  0.06  0.0   0.0   0.07  0.09  0.0   0.0   0.0   0.0   0.13  0.0   0.0   0.0   0.23  0.06  0.0   0.0   0.0   
53    N     0.13  0.0   0.21  0.0   0.0   0.07  0.0   0.0   0.35  0.0   0.18  0.0   0.06  0.0   0.0   0.0   0.0   0.0   0.0   0.0   
54    G     0.0   0.0   0.29  0.0   0.0   0.0   0.0   0.58  0.13  0.0   0.0   0.0   0.0   0.0   0.0   0.0   0.0   0.0   0.0   0.0   
55    V     0.0   0.0   0.0   0.0   0.0   0.0   0.0   0.0   0.0   0.25  0.41  0.0   0.0   0.0   0.0   0.0   0.0   0.0   0.0   0.34  
56    D     0.06  0.0   0.16  0.49  0.0   0.0   0.07  0.07  0.0   0.0   0.0   0.0   0.0   0.0   0.09  0.06  0.0   0.0   0.0   0.0   
57    P     0.25  0.0   0.0   0.0   0.0   0.0   0.09  0.08  0.0   0.0   0.0   0.0   0.0   0.0   0.5   0.0   0.07  0.0   0.0   0.0   
58    A     0.08  0.0   0.17  0.22  0.0   0.06  0.16  0.07  0.25  0.0   0.0   0.0   0.0   0.0   0.0   0.0   0.0   0.0   0.0   0.0   
59    Y     0.0   0.0   0.0   0.0   0.0   0.07  0.0   0.0   0.0   0.09  0.21  0.0   0.0   0.0   0.0   0.22  0.0   0.0   0.4   0.0   
60    A     0.08  0.0   0.0   0.0   0.0   0.0   0.0   0.09  0.0   0.55  0.0   0.0   0.0   0.0   0.0   0.0   0.0   0.0   0.0   0.29  
61    R     0.0   0.15  0.0   0.0   0.0   0.0   0.28  0.0   0.07  0.09  0.0   0.08  0.0   0.0   0.0   0.0   0.32  0.0   0.0   0.0   
62    T     0.0   0.26  0.0   0.28  0.0   0.0   0.0   0.0   0.0   0.0   0.07  0.09  0.0   0.0   0.22  0.0   0.08  0.0   0.0   0.0   
63    F     0.0   0.0   0.0   0.0   0.0   0.0   0.0   0.0   0.0   0.15  0.35  0.0   0.0   0.21  0.0   0.0   0.0   0.0   0.0   0.29  
64    F     0.0   0.0   0.0   0.0   0.0   0.0   0.0   0.0   0.0   0.06  0.21  0.0   0.08  0.57  0.0   0.0   0.0   0.0   0.0   0.07  
65    D     0.07  0.34  0.0   0.15  0.0   0.28  0.0   0.0   0.07  0.0   0.0   0.0   0.0   0.0   0.0   0.0   0.0   0.0   0.0   0.08  
66    D     0.23  0.21  0.07  0.15  0.0   0.0   0.0   0.0   0.0   0.09  0.19  0.0   0.0   0.0   0.0   0.06  0.0   0.0   0.0   0.0   
67    Q     0.0   0.0   0.0   0.0   0.0   0.37  0.0   0.0   0.0   0.13  0.29  0.0   0.0   0.06  0.0   0.0   0.0   0.0   0.0   0.15  
68    I     0.0   0.0   0.0   0.0   0.0   0.0   0.0   0.0   0.0   0.66  0.0   0.0   0.34  0.0   0.0   0.0   0.0   0.0   0.0   0.0   
69    A     0.08  0.28  0.16  0.13  0.0   0.0   0.36  0.0   0.0   0.0   0.0   0.0   0.0   0.0   0.0   0.0   0.0   0.0   0.0   0.0   
70    A     0.51  0.0   0.0   0.11  0.0   0.0   0.28  0.0   0.09  0.0   0.0   0.0   0.0   0.0   0.0   0.0   0.0   0.0   0.0   0.0   
71    S     0.08  0.0   0.17  0.0   0.0   0.0   0.0   0.0   0.0   0.0   0.0   0.0   0.0   0.0   0.0   0.61  0.14  0.0   0.0   0.0   
72    K     0.0   0.0   0.0   0.0   0.0   0.0   0.08  0.0   0.0   0.0   0.0   0.47  0.0   0.0   0.0   0.08  0.0   0.0   0.18  0.2   
73    Q     0.39  0.0   0.0   0.0   0.0   0.08  0.0   0.0   0.0   0.0   0.27  0.0   0.0   0.0   0.0   0.13  0.13  0.0   0.0   0.0   
74    L     0.0   0.0   0.07  0.0   0.0   0.0   0.0   0.0   0.0   0.3   0.17  0.0   0.0   0.0   0.0   0.11  0.2   0.0   0.0   0.15  
75    Q     0.0   0.0   0.0   0.0   0.0   0.67  0.33  0.0   0.0   0.0   0.0   0.0   0.0   0.0   0.0   0.0   0.0   0.0   0.0   0.0   
76    N     0.0   0.0   0.26  0.0   0.0   0.12  0.0   0.0   0.08  0.0   0.0   0.17  0.0   0.0   0.0   0.0   0.0   0.0   0.37  0.0   
77    A     0.22  0.32  0.0   0.0   0.0   0.21  0.0   0.0   0.0   0.0   0.0   0.08  0.0   0.0   0.0   0.09  0.09  0.0   0.0   0.0   
78    L     0.0   0.17  0.0   0.0   0.0   0.0   0.0   0.0   0.0   0.0   0.38  0.0   0.0   0.11  0.0   0.0   0.0   0.0   0.34  0.0   
79    F     0.0   0.19  0.0   0.0   0.0   0.0   0.0   0.0   0.0   0.0   0.52  0.0   0.0   0.29  0.0   0.0   0.0   0.0   0.0   0.0   
80    A     0.52  0.0   0.0   0.0   0.0   0.13  0.14  0.0   0.0   0.0   0.0   0.0   0.0   0.0   0.0   0.21  0.0   0.0   0.0   0.0   
81    T     0.0   0.1   0.0   0.32  0.0   0.33  0.14  0.0   0.0   0.0   0.0   0.0   0.0   0.0   0.0   0.0   0.11  0.0   0.0   0.0   
82    W     0.0   0.0   0.0   0.0   0.0   0.0   0.0   0.0   0.0   0.0   0.0   0.0   0.0   0.0   0.16  0.0   0.0   0.84  0.0   0.0   
83    R     0.0   0.29  0.0   0.0   0.0   0.0   0.0   0.0   0.0   0.0   0.43  0.28  0.0   0.0   0.0   0.0   0.0   0.0   0.0   0.0   
84    A     0.16  0.0   0.0   0.0   0.0   0.0   0.0   0.0   0.0   0.0   0.28  0.0   0.0   0.0   0.16  0.27  0.13  0.0   0.0   0.0   
85    T     0.0   0.0   0.14  0.3   0.0   0.14  0.0   0.13  0.0   0.0   0.0   0.0   0.0   0.0   0.0   0.13  0.16  0.0   0.0   0.0   
86    H     0.16  0.0   0.0   0.0   0.0   0.0   0.0   0.0   0.16  0.0   0.0   0.0   0.0   0.0   0.55  0.13  0.0   0.0   0.0   0.0   
87    G     0.28  0.0   0.0   0.13  0.0   0.0   0.28  0.32  0.0   0.0   0.0   0.0   0.0   0.0   0.0   0.0   0.0   0.0   0.0   0.0   
88    P     0.14  0.0   0.0   0.0   0.0   0.16  0.0   0.0   0.0   0.0   0.0   0.0   0.0   0.0   0.44  0.26  0.0   0.0   0.0   0.0   
89    E     0.56  0.0   0.0   0.0   0.0   0.0   0.16  0.14  0.0   0.0   0.0   0.0   0.0   0.0   0.0   0.13  0.0   0.0   0.0   0.0   
90    G     0.0   0.0   0.0   0.0   0.0   0.0   0.0   0.16  0.0   0.0   0.0   0.0   0.0   0.13  0.28  0.0   0.0   0.14  0.0   0.29  
91    P     0.01  0.01  0.01  0.01  0.0   0.15  0.01  0.01  0.0   0.01  0.01  0.01  0.0   0.01  0.56  0.15  0.01  0.0   0.01  0.01  
92    A     0.17  0.01  0.01  0.01  0.0   0.01  0.15  0.01  0.0   0.14  0.01  0.01  0.0   0.01  0.15  0.15  0.01  0.0   0.01  0.14  
93    P     0.16  0.13  0.01  0.01  0.0   0.14  0.01  0.01  0.0   0.01  0.01  0.15  0.0   0.01  0.3   0.01  0.01  0.0   0.01  0.01  
94    D     0.01  0.01  0.01  0.29  0.0   0.01  0.01  0.01  0.0   0.01  0.01  0.01  0.0   0.01  0.43  0.01  0.14  0.0   0.01  0.01  
95    L     0.0   0.0   0.0   0.44  0.0   0.0   0.0   0.0   0.0   0.0   0.56  0.0   0.0   0.0   0.0   0.0   0.0   0.0   0.0   0.0   
96    A     0.18  0.01  0.01  0.01  0.01  0.01  0.02  0.02  0.01  0.01  0.46  0.02  0.01  0.01  0.01  0.15  0.02  0.0   0.01  0.02  
97    T     0.0   0.0   0.0   0.14  0.0   0.0   0.16  0.0   0.0   0.0   0.0   0.0   0.0   0.0   0.0   0.28  0.29  0.0   0.0   0.13  
98    S     0.15  0.17  0.01  0.15  0.0   0.01  0.28  0.01  0.0   0.01  0.01  0.01  0.0   0.01  0.01  0.17  0.01  0.0   0.0   0.01  
99    T     0.0   0.0   0.0   0.0   0.0   0.0   0.0   0.0   0.0   0.16  0.0   0.0   0.0   0.0   0.0   0.28  0.42  0.0   0.0   0.14  
100   R     0.0   1.0   0.0   0.0   0.0   0.0   0.0   0.0   0.0   0.0   0.0   0.0   0.0   0.0   0.0   0.0   0.0   0.0   0.0   0.0   
101   P     0.14  0.0   0.0   0.0   0.0   0.4   0.0   0.0   0.0   0.0   0.0   0.0   0.0   0.0   0.16  0.29  0.0   0.0   0.0   0.0   
102   Q     0.14  0.29  0.14  0.0   0.0   0.29  0.0   0.0   0.0   0.0   0.0   0.14  0.0   0.0   0.0   0.0   0.0   0.0   0.0   0.0   
103   L     0.0   0.0   0.0   0.0   0.0   0.0   0.0   0.0   0.0   0.68  0.32  0.0   0.0   0.0   0.0   0.0   0.0   0.0   0.0   0.0   
104   D     0.0   0.13  0.16  0.44  0.0   0.13  0.0   0.14  0.0   0.0   0.0   0.0   0.0   0.0   0.0   0.0   0.0   0.0   0.0   0.0   
105   R     0.0   0.16  0.0   0.0   0.0   0.42  0.14  0.0   0.0   0.0   0.0   0.0   0.0   0.0   0.0   0.14  0.14  0.0   0.0   0.0   
106   L     0.0   0.0   0.0   0.0   0.0   0.0   0.0   0.0   0.0   0.0   1.0   0.0   0.0   0.0   0.0   0.0   0.0   0.0   0.0   0.0   
107   T     0.0   0.0   0.44  0.26  0.0   0.0   0.0   0.0   0.0   0.0   0.0   0.0   0.0   0.0   0.0   0.14  0.16  0.0   0.0   0.0   
108   Q     0.0   0.14  0.27  0.0   0.0   0.16  0.0   0.0   0.0   0.0   0.16  0.0   0.0   0.0   0.0   0.0   0.27  0.0   0.0   0.0   
109   S     0.0   0.14  0.0   0.0   0.0   0.26  0.16  0.0   0.0   0.0   0.0   0.14  0.0   0.0   0.0   0.16  0.14  0.0   0.0   0.0   
110   L     0.0   0.0   0.0   0.0   0.0   0.0   0.0   0.0   0.0   0.14  0.44  0.0   0.41  0.0   0.0   0.0   0.0   0.0   0.0   0.0   
111   I     0.0   0.0   0.0   0.0   0.0   0.0   0.0   0.0   0.0   0.16  0.7   0.0   0.0   0.0   0.0   0.0   0.0   0.0   0.0   0.14  
112   A     0.16  0.16  0.0   0.14  0.0   0.0   0.14  0.0   0.0   0.13  0.0   0.0   0.0   0.0   0.0   0.14  0.13  0.0   0.0   0.0   
113   A     0.29  0.0   0.0   0.0   0.0   0.28  0.14  0.16  0.0   0.13  0.0   0.0   0.0   0.0   0.0   0.0   0.0   0.0   0.0   0.0   
114   L     0.0   0.0   0.0   0.0   0.0   0.0   0.0   0.0   0.0   0.68  0.16  0.0   0.0   0.0   0.0   0.0   0.0   0.0   0.16  0.0   
115   A     0.6   0.0   0.0   0.0   0.0   0.0   0.0   0.0   0.0   0.0   0.0   0.0   0.0   0.0   0.0   0.26  0.0   0.14  0.0   0.0   
116   R     0.0   0.3   0.0   0.0   0.0   0.26  0.14  0.0   0.0   0.0   0.0   0.0   0.0   0.0   0.16  0.14  0.0   0.0   0.0   0.0   
117   V     0.2   0.0   0.0   0.0   0.0   0.19  0.22  0.0   0.18  0.0   0.0   0.0   0.0   0.0   0.0   0.0   0.0   0.0   0.0   0.21  
118   A     0.27  0.0   0.0   0.0   0.0   0.0   0.0   0.0   0.0   0.0   0.26  0.0   0.0   0.0   0.0   0.0   0.0   0.47  0.0   0.0   
119   P     0.26  0.0   0.0   0.0   0.0   0.0   0.0   0.0   0.0   0.0   0.0   0.0   0.0   0.0   0.51  0.23  0.0   0.0   0.0   0.0   
120   L     0.0   0.0   0.0   0.0   0.0   0.0   0.26  0.0   0.0   0.0   0.5   0.0   0.0   0.0   0.0   0.0   0.0   0.0   0.0   0.24  
121   R     0.0   0.27  0.0   0.0   0.0   0.0   0.0   0.0   0.0   0.0   0.73  0.0   0.0   0.0   0.0   0.0   0.0   0.0   0.0   0.0   
122   D     0.0   0.26  0.0   0.27  0.0   0.0   0.0   0.0   0.24  0.0   0.0   0.0   0.0   0.0   0.0   0.23  0.0   0.0   0.0   0.0   
123   A     0.5   0.0   0.0   0.0   0.0   0.0   0.0   0.0   0.0   0.0   0.0   0.0   0.0   0.0   0.0   0.24  0.0   0.0   0.0   0.26  
124   P     0.0   0.0   0.0   0.26  0.0   0.0   0.0   0.0   0.0   0.0   0.0   0.0   0.0   0.0   0.74  0.0   0.0   0.0   0.0   0.0   
125   D     0.0   0.0   0.0   0.53  0.0   0.0   0.0   0.0   0.0   0.0   0.0   0.0   0.0   0.0   0.0   0.23  0.0   0.0   0.0   0.24  
126   A     0.27  0.0   0.0   0.0   0.73  0.0   0.0   0.0   0.0   0.0   0.0   0.0   0.0   0.0   0.0   0.0   0.0   0.0   0.0   0.0   
127   P     0.23  0.5   0.0   0.0   0.0   0.0   0.0   0.0   0.0   0.0   0.0   0.0   0.0   0.0   0.27  0.0   0.0   0.0   0.0   0.0   
128   S     0.23  0.0   0.0   0.0   0.0   0.0   0.0   0.0   0.0   0.0   0.0   0.0   0.0   0.0   0.5   0.27  0.0   0.0   0.0   0.0   
129   R     0.0   0.53  0.0   0.24  0.0   0.23  0.0   0.0   0.0   0.0   0.0   0.0   0.0   0.0   0.0   0.0   0.0   0.0   0.0   0.0   
130   L     0.0   0.0   0.0   0.0   0.0   0.0   0.0   0.0   0.0   0.0   1.0   0.0   0.0   0.0   0.0   0.0   0.0   0.0   0.0   0.0   
131   A     0.27  0.0   0.26  0.47  0.0   0.0   0.0   0.0   0.0   0.0   0.0   0.0   0.0   0.0   0.0   0.0   0.0   0.0   0.0   0.0   
132   R     0.0   0.74  0.0   0.0   0.0   0.26  0.0   0.0   0.0   0.0   0.0   0.0   0.0   0.0   0.0   0.0   0.0   0.0   0.0   0.0   
133   S     0.73  0.0   0.0   0.0   0.0   0.0   0.0   0.0   0.0   0.0   0.0   0.0   0.0   0.0   0.0   0.27  0.0   0.0   0.0   0.0   
134   I     0.0   0.0   0.0   0.0   0.0   0.0   0.0   0.0   0.0   0.27  0.5   0.23  0.0   0.0   0.0   0.0   0.0   0.0   0.0   0.0   
135   A     0.27  0.23  0.0   0.24  0.0   0.26  0.0   0.0   0.0   0.0   0.0   0.0   0.0   0.0   0.0   0.0   0.0   0.0   0.0   0.0   
136   N     0.24  0.26  0.27  0.23  0.0   0.0   0.0   0.0   0.0   0.0   0.0   0.0   0.0   0.0   0.0   0.0   0.0   0.0   0.0   0.0   
137   W     0.0   0.0   0.0   0.0   0.0   0.26  0.0   0.0   0.0   0.23  0.0   0.0   0.0   0.0   0.0   0.0   0.0   0.27  0.0   0.24  
138   K     0.24  0.0   0.0   0.0   0.0   0.0   0.0   0.0   0.0   0.0   0.0   0.27  0.0   0.0   0.0   0.0   0.0   0.0   0.0   0.49  
139   T     0.0   0.49  0.0   0.0   0.0   0.0   0.0   0.0   0.0   0.0   0.0   0.0   0.0   0.0   0.0   0.0   0.51  0.0   0.0   0.0   
140   L     0.24  0.0   0.0   0.0   0.0   0.0   0.0   0.0   0.0   0.0   0.27  0.0   0.0   0.0   0.0   0.23  0.0   0.0   0.0   0.26  
141   T     0.0   0.47  0.0   0.26  0.0   0.0   0.0   0.0   0.0   0.0   0.0   0.0   0.0   0.0   0.0   0.0   0.27  0.0   0.0   0.0   
142   R     0.0   0.53  0.0   0.0   0.0   0.0   0.0   0.24  0.23  0.0   0.0   0.0   0.0   0.0   0.0   0.0   0.0   0.0   0.0   0.0   
143   Y     0.0   0.0   0.0   0.0   0.0   0.0   0.0   0.0   0.0   0.0   0.49  0.0   0.0   0.24  0.0   0.0   0.0   0.0   0.27  0.0   
144   D     0.0   0.0   0.0   1.0   0.0   0.0   0.0   0.0   0.0   0.0   0.0   0.0   0.0   0.0   0.0   0.0   0.0   0.0   0.0   0.0   
145   S     0.0   0.0   0.0   0.0   0.0   0.0   0.26  0.0   0.0   0.0   0.0   0.0   0.0   0.0   0.24  0.5   0.0   0.0   0.0   0.0   
146   A     0.27  0.0   0.0   0.0   0.0   0.0   0.0   0.0   0.0   0.0   0.49  0.0   0.0   0.0   0.0   0.0   0.0   0.0   0.0   0.24  
147   Q     0.0   0.0   0.0   0.0   0.0   0.27  0.0   0.0   0.26  0.0   0.0   0.0   0.0   0.0   0.0   0.0   0.0   0.0   0.47  0.0   
148   K     0.26  0.24  0.0   0.0   0.0   0.23  0.0   0.0   0.0   0.0   0.0   0.27  0.0   0.0   0.0   0.0   0.0   0.0   0.0   0.0   
149   D     0.0   0.23  0.0   0.27  0.0   0.0   0.0   0.0   0.24  0.26  0.0   0.0   0.0   0.0   0.0   0.0   0.0   0.0   0.0   0.0   
150   A     1.0   0.0   0.0   0.0   0.0   0.0   0.0   0.0   0.0   0.0   0.0   0.0   0.0   0.0   0.0   0.0   0.0   0.0   0.0   0.0   
151   L     0.0   0.0   0.0   0.0   0.0   0.0   0.0   0.0   0.0   0.0   1.0   0.0   0.0   0.0   0.0   0.0   0.0   0.0   0.0   0.0   
152   G     0.0   0.0   0.0   0.0   0.0   0.0   0.24  0.27  0.0   0.0   0.0   0.0   0.0   0.0   0.0   0.26  0.23  0.0   0.0   0.0   
153   T     0.0   0.26  0.0   0.0   0.0   0.0   0.0   0.0   0.0   0.0   0.0   0.0   0.0   0.0   0.0   0.0   0.5   0.0   0.24  0.0   
154   A     1.0   0.0   0.0   0.0   0.0   0.0   0.0   0.0   0.0   0.0   0.0   0.0   0.0   0.0   0.0   0.0   0.0   0.0   0.0   0.0   
155   L     0.0   0.0   0.0   0.0   0.0   0.0   0.0   0.0   0.0   0.0   0.0   0.0   0.0   0.0   0.0   0.0   0.0   0.0   0.0   0.0   
156   S     0.0   0.0   0.0   0.0   0.0   0.0   0.0   0.0   0.0   0.0   0.0   0.0   0.0   0.0   0.0   0.0   0.0   0.0   0.0   0.0   
157   H     0.0   0.0   0.0   0.0   0.0   0.0   0.0   0.0   0.0   0.0   0.0   0.0   0.0   0.0   0.0   0.0   0.0   0.0   0.0   0.0   
158   V     0.0   0.0   0.0   0.0   0.0   0.0   0.0   0.0   0.0   0.0   0.0   0.0   0.0   0.0   0.0   0.0   0.0   0.0   0.0   0.0   
159   A     0.0   0.0   0.0   0.0   0.0   0.0   0.0   0.0   0.0   0.0   0.0   0.0   0.0   0.0   0.0   0.0   0.0   0.0   0.0   0.0   
160   A     0.0   0.0   0.0   0.0   0.0   0.0   0.0   0.0   0.0   0.0   0.0   0.0   0.0   0.0   0.0   0.0   0.0   0.0   0.0   0.0   
161   A     0.0   0.0   0.0   0.0   0.0   0.0   0.0   0.0   0.0   0.0   0.0   0.0   0.0   0.0   0.0   0.0   0.0   0.0   0.0   0.0   
