             A     R     N     D     C     Q     E     G     H     I     L     K     M     F     P     S     T     W     Y     V
1     T     0.0   0.0   0.0   0.0   0.0   0.0   0.0   0.0   0.0   0.0   0.0   0.0   0.0   0.0   0.0   0.0   1.0   0.0   0.0   0.0   
2     E     0.0   0.0   0.5   0.0   0.0   0.0   0.5   0.0   0.0   0.0   0.0   0.0   0.0   0.0   0.0   0.0   0.0   0.0   0.0   0.0   
3     V     0.0   0.0   0.0   0.0   0.0   0.0   0.0   0.0   0.0   0.0   0.0   0.0   0.0   0.0   0.0   0.0   0.0   0.0   0.5   0.5   
4     T     0.0   0.0   0.0   0.0   0.0   0.0   0.0   0.0   0.0   0.0   0.0   0.0   0.0   0.0   0.0   0.0   1.0   0.0   0.0   0.0   
5     R     0.0   0.59  0.41  0.0   0.0   0.0   0.0   0.0   0.0   0.0   0.0   0.0   0.0   0.0   0.0   0.0   0.0   0.0   0.0   0.0   
6     A     0.59  0.0   0.0   0.0   0.0   0.0   0.0   0.0   0.0   0.0   0.0   0.41  0.0   0.0   0.0   0.0   0.0   0.0   0.0   0.0   
7     E     0.0   0.0   0.0   0.0   0.0   0.0   1.0   0.0   0.0   0.0   0.0   0.0   0.0   0.0   0.0   0.0   0.0   0.0   0.0   0.0   
8     Y     0.0   0.0   0.0   0.0   0.0   0.0   0.0   0.0   0.0   0.0   0.0   0.0   0.41  0.0   0.0   0.0   0.0   0.0   0.29  0.3   
9     C     0.0   0.0   0.0   0.0   0.59  0.41  0.0   0.0   0.0   0.0   0.0   0.0   0.0   0.0   0.0   0.0   0.0   0.0   0.0   0.0   
10    A     1.0   0.0   0.0   0.0   0.0   0.0   0.0   0.0   0.0   0.0   0.0   0.0   0.0   0.0   0.0   0.0   0.0   0.0   0.0   0.0   
11    I     0.0   0.0   0.0   0.0   0.0   0.0   0.0   0.0   0.0   0.29  0.0   0.0   0.0   0.0   0.0   0.0   0.0   0.0   0.0   0.71  
12    A     0.59  0.0   0.0   0.0   0.0   0.0   0.0   0.0   0.0   0.0   0.0   0.0   0.0   0.0   0.0   0.0   0.41  0.0   0.0   0.0   
13    C     0.0   0.0   0.0   0.0   0.59  0.0   0.0   0.0   0.0   0.41  0.0   0.0   0.0   0.0   0.0   0.0   0.0   0.0   0.0   0.0   
14    A     1.0   0.0   0.0   0.0   0.0   0.0   0.0   0.0   0.0   0.0   0.0   0.0   0.0   0.0   0.0   0.0   0.0   0.0   0.0   0.0   
15    D     0.0   0.0   0.0   0.29  0.0   0.0   0.3   0.0   0.0   0.0   0.0   0.41  0.0   0.0   0.0   0.0   0.0   0.0   0.0   0.0   
16    I     0.0   0.0   0.0   0.0   0.0   0.41  0.0   0.0   0.0   0.29  0.3   0.0   0.0   0.0   0.0   0.0   0.0   0.0   0.0   0.0   
17    F     0.0   0.0   0.0   0.0   0.0   0.0   0.0   0.0   0.0   0.41  0.0   0.0   0.0   0.59  0.0   0.0   0.0   0.0   0.0   0.0   
18    S     0.0   0.3   0.0   0.0   0.0   0.0   0.0   0.0   0.0   0.0   0.0   0.41  0.0   0.0   0.0   0.29  0.0   0.0   0.0   0.0   
19    G     0.0   0.0   0.41  0.3   0.0   0.0   0.0   0.29  0.0   0.0   0.0   0.0   0.0   0.0   0.0   0.0   0.0   0.0   0.0   0.0   
20    A     0.59  0.0   0.0   0.0   0.0   0.0   0.0   0.41  0.0   0.0   0.0   0.0   0.0   0.0   0.0   0.0   0.0   0.0   0.0   0.0   
21    G     0.0   0.0   0.0   0.0   0.0   0.41  0.0   0.59  0.0   0.0   0.0   0.0   0.0   0.0   0.0   0.0   0.0   0.0   0.0   0.0   
22    E     0.0   0.0   0.0   0.0   0.0   0.0   0.59  0.0   0.0   0.0   0.0   0.0   0.0   0.0   0.0   0.0   0.0   0.0   0.0   0.41  
23    I     0.0   0.0   0.0   0.0   0.0   0.0   0.0   0.0   0.0   0.59  0.0   0.0   0.0   0.0   0.0   0.0   0.0   0.0   0.0   0.41  
24    M     0.0   0.0   0.0   0.0   0.0   0.0   0.0   0.0   0.0   0.0   0.0   0.0   0.59  0.0   0.0   0.0   0.41  0.0   0.0   0.0   
25    A     0.29  0.0   0.0   0.0   0.0   0.0   0.0   0.0   0.0   0.3   0.0   0.0   0.0   0.0   0.0   0.0   0.0   0.0   0.0   0.41  
26    S     0.0   0.0   0.0   0.0   0.0   0.0   0.0   0.41  0.0   0.0   0.0   0.0   0.0   0.0   0.0   0.59  0.0   0.0   0.0   0.0   
27    P     0.03  0.02  0.02  0.02  0.01  0.02  0.03  0.03  0.01  0.02  0.04  0.02  0.01  0.02  0.61  0.03  0.02  0.01  0.01  0.03  
28    M     0.03  0.02  0.02  0.02  0.01  0.02  0.03  0.03  0.01  0.02  0.04  0.02  0.6   0.02  0.02  0.03  0.02  0.01  0.01  0.03  
29    A     0.29  0.0   0.0   0.0   0.0   0.0   0.0   0.0   0.0   0.0   0.0   0.0   0.0   0.0   0.0   0.0   0.71  0.0   0.0   0.0   
30    T     0.0   0.0   0.3   0.0   0.0   0.0   0.0   0.41  0.0   0.0   0.0   0.0   0.0   0.0   0.0   0.0   0.29  0.0   0.0   0.0   
31    L     0.0   0.0   0.0   0.0   0.0   0.0   0.0   0.0   0.0   0.0   0.78  0.0   0.22  0.0   0.0   0.0   0.0   0.0   0.0   0.0   
32    P     0.22  0.0   0.0   0.0   0.0   0.0   0.0   0.0   0.0   0.0   0.0   0.0   0.0   0.0   0.78  0.0   0.0   0.0   0.0   0.0   
33    L     0.0   0.0   0.0   0.0   0.0   0.0   0.0   0.0   0.0   0.0   0.5   0.0   0.0   0.0   0.0   0.5   0.0   0.0   0.0   0.0   
34    I     0.0   0.0   0.0   0.0   0.0   0.0   0.0   0.0   0.0   0.5   0.0   0.28  0.0   0.0   0.0   0.0   0.0   0.0   0.0   0.22  
35    G     0.28  0.0   0.0   0.0   0.0   0.0   0.0   0.72  0.0   0.0   0.0   0.0   0.0   0.0   0.0   0.0   0.0   0.0   0.0   0.0   
36    A     1.0   0.0   0.0   0.0   0.0   0.0   0.0   0.0   0.0   0.0   0.0   0.0   0.0   0.0   0.0   0.0   0.0   0.0   0.0   0.0   
37    R     0.0   0.43  0.28  0.0   0.0   0.0   0.0   0.0   0.0   0.0   0.0   0.0   0.0   0.0   0.0   0.29  0.0   0.0   0.0   0.0   
38    L     0.0   0.0   0.0   0.0   0.0   0.0   0.0   0.0   0.0   0.0   0.71  0.0   0.0   0.0   0.0   0.0   0.0   0.0   0.0   0.29  
39    A     1.0   0.0   0.0   0.0   0.0   0.0   0.0   0.0   0.0   0.0   0.0   0.0   0.0   0.0   0.0   0.0   0.0   0.0   0.0   0.0   
40    R     0.0   0.71  0.0   0.0   0.0   0.0   0.0   0.0   0.0   0.0   0.0   0.29  0.0   0.0   0.0   0.0   0.0   0.0   0.0   0.0   
41    L     0.0   0.29  0.0   0.0   0.0   0.0   0.0   0.0   0.0   0.0   0.71  0.0   0.0   0.0   0.0   0.0   0.0   0.0   0.0   0.0   
42    T     0.0   0.0   0.0   0.0   0.0   0.0   0.0   0.0   0.0   0.0   0.0   0.0   0.0   0.0   0.0   0.0   0.71  0.0   0.0   0.29  
43    T     0.0   0.0   0.0   0.0   0.0   0.0   0.0   0.0   0.0   0.0   0.0   0.0   0.0   0.22  0.0   0.28  0.21  0.0   0.29  0.0   
44    E     0.51  0.0   0.0   0.0   0.0   0.0   0.21  0.0   0.0   0.0   0.0   0.0   0.0   0.0   0.0   0.28  0.0   0.0   0.0   0.0   
45    P     0.0   0.0   0.0   0.0   0.0   0.0   0.0   0.0   0.0   0.0   0.0   0.0   0.0   0.0   1.0   0.0   0.0   0.0   0.0   0.0   
46    D     0.0   0.0   0.0   1.0   0.0   0.0   0.0   0.0   0.0   0.0   0.0   0.0   0.0   0.0   0.0   0.0   0.0   0.0   0.0   0.0   
47    L     0.0   0.0   0.0   0.0   0.29  0.0   0.0   0.0   0.0   0.22  0.21  0.0   0.0   0.0   0.0   0.0   0.0   0.0   0.0   0.28  
48    L     0.0   0.0   0.0   0.0   0.0   0.0   0.0   0.0   0.29  0.0   0.43  0.0   0.0   0.0   0.0   0.0   0.0   0.0   0.0   0.28  
49    I     0.02  0.01  0.01  0.02  0.01  0.01  0.02  0.02  0.01  0.51  0.24  0.02  0.01  0.01  0.01  0.02  0.02  0.0   0.01  0.02  
50    T     0.02  0.01  0.01  0.02  0.01  0.01  0.02  0.02  0.01  0.3   0.03  0.02  0.01  0.01  0.01  0.02  0.44  0.0   0.01  0.02  
51    D     0.02  0.01  0.01  0.44  0.01  0.01  0.02  0.02  0.01  0.01  0.03  0.02  0.01  0.01  0.01  0.02  0.02  0.0   0.01  0.31  
52    G     0.02  0.01  0.01  0.02  0.01  0.01  0.31  0.45  0.01  0.01  0.03  0.02  0.01  0.01  0.01  0.02  0.02  0.0   0.01  0.02  
53    E     0.02  0.01  0.01  0.01  0.0   0.01  0.58  0.02  0.0   0.01  0.02  0.01  0.0   0.01  0.01  0.24  0.01  0.0   0.01  0.01  
54    A     0.34  0.01  0.01  0.01  0.0   0.01  0.01  0.47  0.0   0.01  0.02  0.01  0.0   0.01  0.01  0.02  0.01  0.0   0.01  0.01  
55    L     0.0   0.0   0.0   0.0   0.0   0.17  0.0   0.0   0.0   0.0   0.6   0.0   0.0   0.0   0.0   0.24  0.0   0.0   0.0   0.0   
56    I     0.0   0.0   0.0   0.0   0.0   0.0   0.0   0.0   0.0   0.37  0.17  0.0   0.22  0.0   0.0   0.0   0.0   0.0   0.0   0.24  
57    F     0.0   0.0   0.0   0.46  0.0   0.0   0.0   0.0   0.0   0.0   0.17  0.0   0.0   0.16  0.0   0.0   0.0   0.0   0.21  0.0   
58    A     0.56  0.0   0.0   0.0   0.22  0.0   0.21  0.0   0.0   0.0   0.0   0.0   0.0   0.0   0.0   0.0   0.0   0.0   0.0   0.0   
59    D     0.0   0.0   0.0   0.56  0.0   0.0   0.0   0.0   0.0   0.0   0.0   0.0   0.0   0.0   0.0   0.44  0.0   0.0   0.0   0.0   
60    T     0.0   0.0   0.0   0.0   0.0   0.0   0.0   0.21  0.0   0.0   0.24  0.0   0.0   0.0   0.22  0.0   0.33  0.0   0.0   0.0   
61    P     0.0   0.0   0.0   0.0   0.0   0.0   0.0   0.0   0.0   0.24  0.0   0.0   0.0   0.0   0.54  0.0   0.0   0.0   0.0   0.22  
62    A     0.34  0.01  0.25  0.01  0.0   0.01  0.24  0.02  0.0   0.01  0.02  0.01  0.0   0.01  0.01  0.02  0.01  0.0   0.01  0.01  
63    V     0.24  0.0   0.0   0.0   0.0   0.0   0.0   0.0   0.0   0.21  0.17  0.0   0.0   0.0   0.0   0.0   0.0   0.0   0.0   0.38  
64    G     0.0   0.0   0.0   0.0   0.0   0.0   0.0   1.0   0.0   0.0   0.0   0.0   0.0   0.0   0.0   0.0   0.0   0.0   0.0   0.0   
65    A     0.37  0.0   0.0   0.0   0.22  0.0   0.0   0.0   0.0   0.0   0.0   0.4   0.0   0.0   0.0   0.0   0.0   0.0   0.0   0.0   
66    K     0.0   0.0   0.0   0.0   0.0   0.0   0.0   0.0   0.0   0.22  0.0   0.37  0.0   0.0   0.0   0.0   0.17  0.0   0.0   0.24  
67    A     0.16  0.0   0.0   0.0   0.0   0.0   0.0   0.17  0.0   0.0   0.0   0.0   0.0   0.0   0.21  0.0   0.0   0.22  0.0   0.24  
68    P     0.17  0.0   0.0   0.0   0.0   0.0   0.0   0.0   0.0   0.0   0.0   0.0   0.0   0.0   0.62  0.0   0.21  0.0   0.0   0.0   
69    I     0.0   0.0   0.22  0.0   0.0   0.0   0.0   0.24  0.0   0.33  0.0   0.0   0.0   0.0   0.0   0.0   0.0   0.0   0.0   0.21  
70    E     0.24  0.0   0.0   0.21  0.0   0.0   0.33  0.0   0.0   0.0   0.0   0.0   0.0   0.0   0.0   0.0   0.0   0.0   0.0   0.22  
71    G     0.0   0.22  0.0   0.0   0.0   0.0   0.0   0.33  0.0   0.0   0.0   0.0   0.0   0.0   0.0   0.24  0.21  0.0   0.0   0.0   
72    W     0.0   0.0   0.0   0.0   0.0   0.0   0.0   0.0   0.0   0.0   0.0   0.0   0.0   0.46  0.0   0.0   0.0   0.33  0.0   0.21  
73    M     0.0   0.0   0.0   0.0   0.0   0.0   0.0   0.0   0.0   0.0   0.0   0.0   0.33  0.24  0.0   0.0   0.0   0.0   0.0   0.44  
74    P     0.0   0.0   0.24  0.0   0.0   0.0   0.0   0.22  0.0   0.0   0.0   0.0   0.0   0.0   0.54  0.0   0.0   0.0   0.0   0.0   
75    F     0.0   0.0   0.0   0.0   0.0   0.0   0.0   0.0   0.0   0.0   0.0   0.0   0.0   0.55  0.0   0.24  0.21  0.0   0.0   0.0   
76    R     0.24  0.16  0.0   0.0   0.0   0.0   0.22  0.38  0.0   0.0   0.0   0.0   0.0   0.0   0.0   0.0   0.0   0.0   0.0   0.0   
77    K     0.0   0.17  0.0   0.24  0.0   0.0   0.21  0.0   0.0   0.22  0.0   0.16  0.0   0.0   0.0   0.0   0.0   0.0   0.0   0.0   
78    V     0.0   0.0   0.22  0.0   0.0   0.0   0.0   0.0   0.0   0.21  0.0   0.0   0.0   0.0   0.0   0.24  0.0   0.0   0.0   0.33  
79    F     0.0   0.0   0.0   0.0   0.0   0.0   0.22  0.0   0.0   0.0   0.0   0.0   0.0   0.78  0.0   0.0   0.0   0.0   0.0   0.0   
80    D     0.24  0.21  0.0   0.16  0.0   0.0   0.17  0.0   0.0   0.0   0.0   0.0   0.0   0.0   0.0   0.0   0.0   0.0   0.22  0.0   
81    V     0.0   0.0   0.0   0.0   0.0   0.0   0.0   0.0   0.0   0.0   0.22  0.0   0.24  0.0   0.0   0.0   0.17  0.0   0.21  0.16  
82    V     0.0   0.0   0.0   0.0   0.0   0.0   0.0   0.0   0.22  0.24  0.17  0.0   0.0   0.0   0.0   0.0   0.0   0.21  0.0   0.16  
83    A     0.33  0.24  0.0   0.0   0.0   0.0   0.0   0.0   0.0   0.0   0.21  0.22  0.0   0.0   0.0   0.0   0.0   0.0   0.0   0.0   
84    S     0.22  0.0   0.0   0.0   0.0   0.21  0.0   0.24  0.0   0.0   0.0   0.0   0.0   0.0   0.0   0.16  0.0   0.17  0.0   0.0   
85    G     0.0   0.0   0.22  0.0   0.0   0.0   0.0   0.78  0.0   0.0   0.0   0.0   0.0   0.0   0.0   0.0   0.0   0.0   0.0   0.0   
86    R     0.0   0.55  0.0   0.0   0.0   0.0   0.0   0.21  0.24  0.0   0.0   0.0   0.0   0.0   0.0   0.0   0.0   0.0   0.0   0.0   
87    R     0.0   0.54  0.0   0.0   0.0   0.0   0.0   0.0   0.0   0.24  0.22  0.0   0.0   0.0   0.0   0.0   0.0   0.0   0.0   0.0   
88    H     0.0   0.0   0.0   0.0   0.0   0.0   0.0   0.0   0.31  0.41  0.27  0.0   0.0   0.0   0.0   0.0   0.0   0.0   0.0   0.0   
89    V     0.48  0.0   0.0   0.2   0.0   0.0   0.0   0.0   0.0   0.0   0.0   0.0   0.0   0.0   0.0   0.0   0.0   0.0   0.0   0.31  
90    V     0.0   0.0   0.0   0.0   0.0   0.0   0.0   0.0   0.0   0.27  0.0   0.0   0.0   0.21  0.0   0.0   0.0   0.0   0.0   0.52  
91    M     0.0   0.0   0.0   0.0   0.0   0.0   0.0   0.0   0.0   0.21  0.48  0.0   0.31  0.0   0.0   0.0   0.0   0.0   0.0   0.0   
92    G     0.0   0.0   0.0   0.0   0.0   0.0   0.0   1.0   0.0   0.0   0.0   0.0   0.0   0.0   0.0   0.0   0.0   0.0   0.0   0.0   
93    A     0.52  0.0   0.0   0.0   0.0   0.0   0.0   0.48  0.0   0.0   0.0   0.0   0.0   0.0   0.0   0.0   0.0   0.0   0.0   0.0   
94    N     0.41  0.0   0.31  0.0   0.0   0.0   0.0   0.0   0.0   0.0   0.0   0.0   0.27  0.0   0.0   0.0   0.0   0.0   0.0   0.0   
95    Q     0.0   0.0   0.0   0.0   0.0   0.73  0.27  0.0   0.0   0.0   0.0   0.0   0.0   0.0   0.0   0.0   0.0   0.0   0.0   0.0   
96    I     0.0   0.0   0.0   0.0   0.0   0.0   0.0   0.0   0.0   0.36  0.0   0.0   0.0   0.0   0.0   0.0   0.0   0.0   0.0   0.64  
97    D     0.0   0.0   0.0   0.73  0.0   0.0   0.0   0.0   0.0   0.0   0.0   0.0   0.0   0.0   0.0   0.27  0.0   0.0   0.0   0.0   
98    R     0.0   0.52  0.0   0.0   0.0   0.27  0.0   0.0   0.0   0.0   0.0   0.0   0.0   0.0   0.21  0.0   0.0   0.0   0.0   0.0   
99    H     0.0   0.0   0.27  0.0   0.0   0.0   0.0   0.0   0.16  0.0   0.0   0.0   0.0   0.2   0.0   0.0   0.0   0.0   0.37  0.0   
100   G     0.0   0.0   0.0   0.0   0.0   0.0   0.0   1.0   0.0   0.0   0.0   0.0   0.0   0.0   0.0   0.0   0.0   0.0   0.0   0.0   
101   N     0.0   0.0   0.73  0.27  0.0   0.0   0.0   0.0   0.0   0.0   0.0   0.0   0.0   0.0   0.0   0.0   0.0   0.0   0.0   0.0   
102   Q     0.02  0.01  0.01  0.01  0.01  0.33  0.02  0.02  0.01  0.22  0.02  0.02  0.01  0.01  0.01  0.02  0.02  0.0   0.01  0.23  
103   N     0.02  0.01  0.74  0.01  0.01  0.01  0.02  0.02  0.01  0.01  0.02  0.02  0.01  0.01  0.01  0.02  0.02  0.0   0.01  0.02  
104   L     0.02  0.01  0.01  0.01  0.01  0.01  0.02  0.02  0.01  0.17  0.18  0.02  0.01  0.01  0.01  0.23  0.22  0.0   0.01  0.02  
105   S     0.02  0.01  0.01  0.01  0.01  0.01  0.02  0.02  0.01  0.01  0.02  0.02  0.01  0.01  0.01  0.33  0.43  0.0   0.01  0.02  
106   A     0.34  0.01  0.01  0.01  0.01  0.01  0.02  0.02  0.01  0.01  0.02  0.02  0.01  0.01  0.01  0.23  0.02  0.0   0.01  0.22  
107   F     0.0   0.0   0.0   0.0   0.0   0.0   0.0   0.0   0.0   0.41  0.27  0.0   0.0   0.31  0.0   0.0   0.0   0.0   0.0   0.0   
108   G     0.27  0.0   0.0   0.0   0.0   0.0   0.0   0.73  0.0   0.0   0.0   0.0   0.0   0.0   0.0   0.0   0.0   0.0   0.0   0.0   
109   P     0.0   0.0   0.27  0.41  0.0   0.0   0.0   0.0   0.0   0.0   0.0   0.0   0.0   0.0   0.31  0.0   0.0   0.0   0.0   0.0   
110   L     0.0   0.0   0.0   0.0   0.0   0.0   0.0   0.0   0.0   0.0   0.31  0.0   0.0   0.0   0.0   0.0   0.0   0.27  0.41  0.0   
111   Q     0.0   0.0   0.2   0.0   0.0   0.31  0.0   0.0   0.21  0.0   0.0   0.0   0.27  0.0   0.0   0.0   0.0   0.0   0.0   0.0   
112   Q     0.0   0.16  0.0   0.0   0.0   0.16  0.0   0.0   0.21  0.27  0.0   0.2   0.0   0.0   0.0   0.0   0.0   0.0   0.0   0.0   
113   P     0.0   0.0   0.0   0.0   0.0   0.0   0.0   0.0   0.0   0.0   0.0   0.0   0.0   0.0   1.0   0.0   0.0   0.0   0.0   0.0   
114   T     0.0   0.0   0.0   0.0   0.0   0.0   0.0   0.0   0.0   0.0   0.0   0.69  0.0   0.0   0.0   0.0   0.31  0.0   0.0   0.0   
115   R     0.0   0.31  0.0   0.0   0.0   0.0   0.0   0.0   0.0   0.0   0.0   0.27  0.0   0.0   0.0   0.0   0.21  0.0   0.0   0.2   
116   Q     0.0   0.41  0.0   0.0   0.0   0.31  0.0   0.0   0.0   0.0   0.27  0.0   0.0   0.0   0.0   0.0   0.0   0.0   0.0   0.0   
117   M     0.0   0.0   0.0   0.0   0.0   0.0   0.0   0.0   0.0   0.27  0.2   0.0   0.31  0.21  0.0   0.0   0.0   0.0   0.0   0.0   
118   F     0.0   0.0   0.0   0.0   0.0   0.0   0.0   0.0   0.0   0.0   0.0   0.27  0.0   0.31  0.2   0.0   0.21  0.0   0.0   0.0   
119   G     0.0   0.0   0.0   0.0   0.0   0.0   0.0   1.0   0.0   0.0   0.0   0.0   0.0   0.0   0.0   0.0   0.0   0.0   0.0   0.0   
120   V     0.2   0.0   0.0   0.0   0.0   0.0   0.0   0.0   0.0   0.0   0.0   0.0   0.27  0.0   0.0   0.21  0.0   0.0   0.0   0.31  
121   R     0.0   0.31  0.0   0.0   0.0   0.0   0.0   0.69  0.0   0.0   0.0   0.0   0.0   0.0   0.0   0.0   0.0   0.0   0.0   0.0   
122   G     0.0   0.0   0.0   0.0   0.0   0.0   0.0   1.0   0.0   0.0   0.0   0.0   0.0   0.0   0.0   0.0   0.0   0.0   0.0   0.0   
123   A     0.84  0.0   0.0   0.0   0.0   0.0   0.0   0.0   0.0   0.0   0.0   0.0   0.0   0.0   0.0   0.16  0.0   0.0   0.0   0.0   
124   P     0.0   0.0   0.21  0.0   0.0   0.0   0.0   0.0   0.0   0.0   0.0   0.0   0.27  0.0   0.52  0.0   0.0   0.0   0.0   0.0   
125   G     0.0   0.0   0.0   0.27  0.0   0.0   0.2   0.52  0.0   0.0   0.0   0.0   0.0   0.0   0.0   0.0   0.0   0.0   0.0   0.0   
126   N     0.02  0.01  0.32  0.01  0.0   0.01  0.01  0.02  0.0   0.21  0.29  0.01  0.0   0.01  0.01  0.01  0.01  0.0   0.01  0.01  
127   T     0.2   0.0   0.0   0.0   0.0   0.0   0.0   0.0   0.0   0.21  0.0   0.0   0.0   0.0   0.0   0.0   0.31  0.0   0.0   0.27  
128   I     0.21  0.0   0.0   0.0   0.0   0.0   0.0   0.2   0.27  0.31  0.0   0.0   0.0   0.0   0.0   0.0   0.0   0.0   0.0   0.0   
129   N     0.0   0.0   0.31  0.0   0.0   0.0   0.0   0.27  0.0   0.0   0.0   0.0   0.0   0.0   0.0   0.2   0.21  0.0   0.0   0.0   
130   H     0.48  0.0   0.0   0.0   0.0   0.0   0.0   0.0   0.31  0.0   0.0   0.0   0.0   0.0   0.0   0.0   0.0   0.0   0.21  0.0   
131   P     0.16  0.0   0.0   0.0   0.0   0.0   0.0   0.0   0.0   0.0   0.0   0.48  0.0   0.0   0.16  0.21  0.0   0.0   0.0   0.0   
132   T     0.0   0.0   0.21  0.0   0.0   0.0   0.2   0.0   0.0   0.0   0.0   0.27  0.0   0.0   0.0   0.0   0.31  0.0   0.0   0.0   
133   S     0.0   0.0   0.0   0.0   0.0   0.0   0.0   0.0   0.0   0.0   0.0   0.0   0.0   0.0   0.0   0.31  0.21  0.0   0.0   0.48  
134   Y     0.0   0.0   0.0   0.0   0.0   0.0   0.0   0.0   0.0   0.48  0.2   0.0   0.0   0.0   0.0   0.0   0.0   0.0   0.31  0.0   
135   W     0.0   0.0   0.0   0.0   0.0   0.0   0.0   0.0   0.0   0.41  0.0   0.0   0.0   0.0   0.0   0.0   0.0   0.31  0.0   0.27  
136   V     0.0   0.0   0.0   0.0   0.0   0.0   0.0   0.0   0.0   0.48  0.0   0.0   0.21  0.0   0.0   0.0   0.0   0.0   0.0   0.31  
137   G     0.0   0.0   0.0   0.0   0.0   0.0   0.0   0.31  0.0   0.0   0.2   0.0   0.48  0.0   0.0   0.0   0.0   0.0   0.0   0.0   
138   K     0.0   0.0   0.16  0.0   0.0   0.21  0.27  0.0   0.0   0.0   0.0   0.36  0.0   0.0   0.0   0.0   0.0   0.0   0.0   0.0   
139   H     0.0   0.0   0.0   0.0   0.0   0.2   0.0   0.0   0.8   0.0   0.0   0.0   0.0   0.0   0.0   0.0   0.0   0.0   0.0   0.0   
140   T     0.0   0.0   0.0   0.0   0.43  0.0   0.21  0.0   0.0   0.0   0.0   0.0   0.0   0.0   0.0   0.2   0.16  0.0   0.0   0.0   
141   S     0.0   0.0   0.27  0.0   0.0   0.0   0.0   0.0   0.2   0.0   0.0   0.37  0.0   0.0   0.0   0.16  0.0   0.0   0.0   0.0   
142   R     0.0   0.73  0.0   0.0   0.0   0.0   0.0   0.0   0.0   0.0   0.0   0.27  0.0   0.0   0.0   0.0   0.0   0.0   0.0   0.0   
143   V     0.0   0.21  0.0   0.0   0.0   0.0   0.0   0.0   0.0   0.0   0.0   0.0   0.0   0.0   0.0   0.0   0.2   0.0   0.27  0.31  
144   F     0.0   0.0   0.0   0.0   0.0   0.0   0.0   0.27  0.0   0.0   0.0   0.0   0.0   0.73  0.0   0.0   0.0   0.0   0.0   0.0   
145   C     0.0   0.0   0.0   0.0   0.16  0.0   0.27  0.0   0.0   0.0   0.0   0.0   0.21  0.0   0.0   0.0   0.0   0.0   0.0   0.36  
146   D     0.0   0.0   0.21  0.36  0.0   0.0   0.16  0.0   0.0   0.0   0.0   0.0   0.0   0.0   0.0   0.27  0.0   0.0   0.0   0.0   
147   T     0.16  0.0   0.0   0.0   0.0   0.0   0.0   0.0   0.0   0.0   0.0   0.69  0.0   0.0   0.0   0.0   0.16  0.0   0.0   0.0   
148   V     0.0   0.0   0.0   0.0   0.0   0.0   0.0   0.0   0.0   0.21  0.2   0.0   0.0   0.0   0.0   0.0   0.0   0.0   0.0   0.59  
149   D     0.2   0.0   0.0   0.52  0.0   0.0   0.0   0.0   0.0   0.0   0.0   0.27  0.0   0.0   0.0   0.0   0.0   0.0   0.0   0.0   
150   I     0.0   0.0   0.0   0.0   0.0   0.0   0.0   0.0   0.0   0.16  0.0   0.27  0.0   0.2   0.0   0.0   0.0   0.0   0.21  0.16  
151   V     0.0   0.0   0.0   0.0   0.0   0.0   0.27  0.0   0.0   0.2   0.0   0.0   0.0   0.0   0.0   0.0   0.0   0.0   0.0   0.52  
152   S     0.0   0.0   0.0   0.0   0.27  0.0   0.0   0.0   0.0   0.0   0.0   0.0   0.0   0.0   0.0   0.31  0.41  0.0   0.0   0.0   
153   G     0.0   0.0   0.0   0.0   0.0   0.0   0.0   0.31  0.0   0.0   0.0   0.0   0.0   0.0   0.0   0.69  0.0   0.0   0.0   0.0   
154   V     0.0   0.0   0.0   0.0   0.0   0.0   0.0   0.0   0.0   0.16  0.27  0.0   0.0   0.0   0.21  0.0   0.0   0.0   0.0   0.36  
155   G     0.02  0.01  0.01  0.01  0.01  0.01  0.02  0.75  0.01  0.01  0.02  0.02  0.01  0.01  0.01  0.02  0.02  0.0   0.01  0.02  
156   Y     0.02  0.01  0.01  0.01  0.01  0.01  0.02  0.02  0.21  0.01  0.02  0.02  0.01  0.01  0.01  0.02  0.02  0.21  0.32  0.02  
157   D     0.04  0.02  0.02  0.34  0.01  0.02  0.03  0.24  0.01  0.02  0.04  0.03  0.01  0.02  0.03  0.03  0.03  0.01  0.02  0.03  
158   Q     0.04  0.02  0.02  0.03  0.01  0.18  0.23  0.04  0.01  0.02  0.04  0.19  0.01  0.02  0.03  0.03  0.03  0.01  0.02  0.03  
159   I     0.02  0.01  0.01  0.01  0.01  0.01  0.02  0.22  0.01  0.38  0.02  0.02  0.01  0.01  0.01  0.02  0.02  0.0   0.01  0.18  
160   D     0.02  0.01  0.01  0.54  0.01  0.01  0.02  0.22  0.01  0.01  0.02  0.02  0.01  0.01  0.01  0.02  0.02  0.0   0.01  0.02  
161   P     0.02  0.01  0.01  0.22  0.01  0.01  0.02  0.23  0.01  0.01  0.02  0.02  0.01  0.01  0.33  0.02  0.02  0.0   0.01  0.02  
162   E     0.02  0.01  0.01  0.17  0.01  0.01  0.17  0.02  0.21  0.01  0.02  0.02  0.01  0.01  0.22  0.02  0.02  0.0   0.01  0.02  
163   N     0.02  0.22  0.33  0.01  0.01  0.01  0.02  0.23  0.01  0.01  0.02  0.02  0.01  0.01  0.01  0.02  0.02  0.0   0.01  0.02  
164   P     0.0   0.0   0.0   0.0   0.0   0.0   0.0   0.21  0.0   0.0   0.0   0.2   0.0   0.0   0.59  0.0   0.0   0.0   0.0   0.0   
165   A     0.31  0.21  0.0   0.0   0.0   0.2   0.0   0.0   0.0   0.0   0.27  0.0   0.0   0.0   0.0   0.0   0.0   0.0   0.0   0.0   
166   Y     0.0   0.0   0.0   0.0   0.0   0.0   0.21  0.0   0.0   0.0   0.2   0.0   0.0   0.16  0.0   0.0   0.27  0.0   0.16  0.0   
167   R     0.0   0.52  0.0   0.0   0.0   0.0   0.0   0.48  0.0   0.0   0.0   0.0   0.0   0.0   0.0   0.0   0.0   0.0   0.0   0.0   
168   F     0.0   0.0   0.0   0.0   0.0   0.0   0.0   0.0   0.0   0.0   0.41  0.27  0.0   0.31  0.0   0.0   0.0   0.0   0.0   0.0   
169   H     0.0   0.0   0.0   0.0   0.0   0.0   0.0   0.48  0.16  0.0   0.0   0.0   0.0   0.0   0.2   0.0   0.0   0.0   0.0   0.16  
170   H     0.0   0.0   0.16  0.0   0.0   0.0   0.0   0.41  0.16  0.0   0.0   0.0   0.0   0.0   0.0   0.0   0.0   0.0   0.0   0.27  
171   L     0.0   0.0   0.0   0.0   0.0   0.0   0.0   0.0   0.0   0.0   0.16  0.2   0.0   0.0   0.21  0.0   0.0   0.0   0.0   0.43  
172   H     0.0   0.0   0.0   0.0   0.0   0.21  0.0   0.2   0.43  0.0   0.0   0.0   0.0   0.0   0.0   0.0   0.0   0.0   0.16  0.0   
173   R     0.2   0.31  0.0   0.0   0.0   0.27  0.0   0.0   0.0   0.0   0.21  0.0   0.0   0.0   0.0   0.0   0.0   0.0   0.0   0.0   
174   V     0.0   0.0   0.0   0.0   0.0   0.0   0.0   0.0   0.0   0.2   0.27  0.0   0.0   0.0   0.0   0.0   0.0   0.0   0.0   0.52  
175   V     0.0   0.0   0.0   0.0   0.0   0.0   0.0   0.0   0.0   0.48  0.0   0.0   0.0   0.0   0.0   0.0   0.0   0.0   0.0   0.52  
176   S     0.0   0.0   0.0   0.0   0.0   0.0   0.0   0.0   0.0   0.0   0.0   0.0   0.0   0.0   0.0   0.31  0.69  0.0   0.0   0.0   
177   N     0.0   0.0   0.31  0.69  0.0   0.0   0.0   0.0   0.0   0.0   0.0   0.0   0.0   0.0   0.0   0.0   0.0   0.0   0.0   0.0   
178   L     0.0   0.0   0.0   0.0   0.0   0.0   0.0   0.0   0.0   0.0   0.79  0.21  0.0   0.0   0.0   0.0   0.0   0.0   0.0   0.0   
179   G     0.27  0.0   0.0   0.0   0.2   0.0   0.0   0.52  0.0   0.0   0.0   0.0   0.0   0.0   0.0   0.0   0.0   0.0   0.0   0.0   
180   V     0.0   0.0   0.0   0.0   0.0   0.0   0.0   0.0   0.0   0.41  0.0   0.0   0.0   0.0   0.0   0.0   0.0   0.0   0.0   0.59  
181   F     0.0   0.0   0.0   0.0   0.0   0.0   0.0   0.0   0.0   0.0   0.21  0.0   0.2   0.59  0.0   0.0   0.0   0.0   0.0   0.0   
182   D     0.0   0.0   0.0   0.31  0.0   0.0   0.48  0.0   0.0   0.0   0.0   0.21  0.0   0.0   0.0   0.0   0.0   0.0   0.0   0.0   
183   F     0.0   0.0   0.0   0.0   0.0   0.0   0.0   0.0   0.0   0.0   0.0   0.0   0.0   0.8   0.2   0.0   0.0   0.0   0.0   0.0   
184   G     0.0   0.0   0.0   0.21  0.0   0.0   0.2   0.31  0.0   0.0   0.0   0.0   0.0   0.0   0.0   0.27  0.0   0.0   0.0   0.0   
185   G     0.22  0.01  0.01  0.01  0.01  0.01  0.22  0.34  0.01  0.01  0.02  0.02  0.01  0.01  0.01  0.02  0.02  0.0   0.01  0.02  
186   P     0.02  0.01  0.01  0.01  0.01  0.01  0.02  0.22  0.01  0.01  0.02  0.22  0.01  0.01  0.33  0.02  0.02  0.0   0.01  0.02  
187   D     0.0   0.0   0.27  0.31  0.0   0.0   0.0   0.0   0.0   0.0   0.0   0.0   0.0   0.0   0.0   0.2   0.21  0.0   0.0   0.0   
188   H     0.0   0.0   0.48  0.0   0.0   0.0   0.0   0.0   0.31  0.0   0.0   0.21  0.0   0.0   0.0   0.0   0.0   0.0   0.0   0.0   
189   T     0.27  0.21  0.0   0.0   0.0   0.0   0.2   0.0   0.0   0.0   0.0   0.0   0.0   0.0   0.0   0.16  0.16  0.0   0.0   0.0   
190   F     0.0   0.0   0.0   0.0   0.0   0.0   0.0   0.0   0.0   0.0   0.0   0.0   0.64  0.36  0.0   0.0   0.0   0.0   0.0   0.0   
191   R     0.0   0.31  0.0   0.0   0.0   0.0   0.14  0.0   0.0   0.2   0.0   0.14  0.0   0.0   0.0   0.0   0.0   0.0   0.21  0.0   
192   A     0.31  0.0   0.0   0.0   0.0   0.0   0.0   0.0   0.0   0.0   0.48  0.0   0.0   0.0   0.0   0.0   0.0   0.0   0.0   0.2   
193   L     0.21  0.0   0.0   0.0   0.0   0.0   0.0   0.0   0.0   0.0   0.16  0.0   0.0   0.0   0.0   0.0   0.2   0.0   0.0   0.43  
194   S     0.21  0.0   0.0   0.0   0.0   0.0   0.27  0.0   0.0   0.0   0.0   0.0   0.0   0.0   0.0   0.52  0.0   0.0   0.0   0.0   
195   L     0.0   0.0   0.0   0.0   0.0   0.0   0.0   0.0   0.0   0.0   0.79  0.0   0.0   0.0   0.0   0.0   0.0   0.0   0.21  0.0   
196   H     0.0   0.0   0.0   0.0   0.0   0.27  0.0   0.0   0.52  0.0   0.0   0.0   0.0   0.0   0.0   0.0   0.0   0.0   0.21  0.0   
197   P     0.0   0.0   0.0   0.0   0.0   0.0   0.27  0.0   0.0   0.0   0.0   0.0   0.0   0.0   0.73  0.0   0.0   0.0   0.0   0.0   
198   G     0.0   0.0   0.0   0.0   0.0   0.0   0.0   0.79  0.0   0.0   0.0   0.0   0.0   0.0   0.0   0.0   0.21  0.0   0.0   0.0   
199   V     0.0   0.0   0.0   0.0   0.0   0.0   0.0   0.0   0.0   0.0   0.0   0.0   0.0   0.0   0.0   0.21  0.0   0.0   0.0   0.79  
200   T     0.0   0.0   0.0   0.0   0.0   0.0   0.0   0.0   0.0   0.0   0.0   0.0   0.0   0.0   0.0   0.48  0.52  0.0   0.0   0.0   
201   A     0.16  0.2   0.0   0.0   0.0   0.0   0.0   0.0   0.0   0.0   0.27  0.0   0.0   0.0   0.37  0.0   0.0   0.0   0.0   0.0   
202   D     0.0   0.0   0.0   0.43  0.0   0.0   0.41  0.16  0.0   0.0   0.0   0.0   0.0   0.0   0.0   0.0   0.0   0.0   0.0   0.0   
203   Q     0.0   0.0   0.0   0.37  0.0   0.63  0.0   0.0   0.0   0.0   0.0   0.0   0.0   0.0   0.0   0.0   0.0   0.0   0.0   0.0   
204   V     0.0   0.0   0.0   0.0   0.0   0.0   0.0   0.0   0.0   0.0   0.0   0.0   0.0   0.0   0.0   0.0   0.0   0.0   0.0   1.0   
205   A     0.16  0.16  0.0   0.0   0.0   0.0   0.0   0.0   0.0   0.2   0.21  0.27  0.0   0.0   0.0   0.0   0.0   0.0   0.0   0.0   
206   D     0.0   0.0   0.0   0.31  0.0   0.0   0.69  0.0   0.0   0.0   0.0   0.0   0.0   0.0   0.0   0.0   0.0   0.0   0.0   0.0   
207   N     0.16  0.0   0.57  0.0   0.0   0.0   0.0   0.0   0.0   0.0   0.0   0.27  0.0   0.0   0.0   0.0   0.0   0.0   0.0   0.0   
208   T     0.0   0.0   0.0   0.0   0.0   0.0   0.0   0.0   0.0   0.0   0.0   0.0   0.0   0.0   0.0   0.0   1.0   0.0   0.0   0.0   
209   S     0.0   0.0   0.0   0.0   0.0   0.0   0.27  0.41  0.0   0.0   0.0   0.0   0.0   0.0   0.0   0.31  0.0   0.0   0.0   0.0   
210   F     0.0   0.0   0.0   0.0   0.0   0.0   0.0   0.0   0.0   0.0   0.0   0.0   0.0   0.8   0.0   0.0   0.0   0.2   0.0   0.0   
211   E     0.2   0.0   0.0   0.21  0.0   0.0   0.59  0.0   0.0   0.0   0.0   0.0   0.0   0.0   0.0   0.0   0.0   0.0   0.0   0.0   
212   V     0.0   0.0   0.0   0.0   0.0   0.0   0.0   0.0   0.0   0.2   0.21  0.0   0.0   0.0   0.0   0.0   0.0   0.0   0.0   0.59  
213   A     0.17  0.35  0.01  0.01  0.0   0.01  0.01  0.02  0.3   0.01  0.02  0.01  0.0   0.01  0.01  0.01  0.01  0.0   0.01  0.01  
214   G     0.0   0.0   0.0   0.51  0.0   0.0   0.0   0.21  0.0   0.0   0.0   0.0   0.0   0.28  0.0   0.0   0.0   0.0   0.0   0.0   
215   L     0.28  0.0   0.0   0.0   0.0   0.0   0.0   0.0   0.0   0.0   0.43  0.0   0.0   0.0   0.0   0.0   0.0   0.0   0.0   0.29  
216   A     0.21  0.0   0.0   0.22  0.0   0.0   0.28  0.0   0.0   0.0   0.0   0.0   0.0   0.0   0.0   0.29  0.0   0.0   0.0   0.0   
217   D     0.22  0.0   0.0   0.21  0.0   0.28  0.0   0.0   0.0   0.0   0.0   0.29  0.0   0.0   0.0   0.0   0.0   0.0   0.0   0.0   
218   A     0.72  0.0   0.0   0.0   0.0   0.0   0.0   0.0   0.0   0.0   0.0   0.0   0.0   0.0   0.0   0.0   0.0   0.0   0.0   0.28  
219   G     0.0   0.0   0.0   0.0   0.0   0.0   0.22  0.21  0.0   0.0   0.0   0.28  0.0   0.0   0.0   0.0   0.0   0.0   0.0   0.29  
220   V     0.0   0.0   0.0   0.0   0.0   0.22  0.57  0.0   0.0   0.0   0.0   0.0   0.0   0.0   0.0   0.0   0.0   0.0   0.0   0.21  
221   T     0.0   0.0   0.0   0.0   0.0   0.0   0.0   0.0   0.0   0.0   0.29  0.0   0.0   0.0   0.0   0.0   0.71  0.0   0.0   0.0   
222   R     0.28  0.43  0.0   0.0   0.0   0.0   0.29  0.0   0.0   0.0   0.0   0.0   0.0   0.0   0.0   0.0   0.0   0.0   0.0   0.0   
223   E     0.57  0.0   0.0   0.0   0.0   0.0   0.21  0.0   0.0   0.0   0.22  0.0   0.0   0.0   0.0   0.0   0.0   0.0   0.0   0.0   
224   P     0.0   0.0   0.0   0.0   0.0   0.0   0.0   0.0   0.0   0.0   0.0   0.0   0.0   0.0   1.0   0.0   0.0   0.0   0.0   0.0   
225   T     0.0   0.0   0.0   0.29  0.0   0.0   0.0   0.0   0.0   0.0   0.0   0.0   0.0   0.0   0.0   0.0   0.71  0.0   0.0   0.0   
226   D     0.0   0.0   0.0   0.43  0.0   0.0   0.28  0.0   0.0   0.0   0.0   0.0   0.0   0.0   0.29  0.0   0.0   0.0   0.0   0.0   
227   E     0.29  0.0   0.0   0.22  0.0   0.0   0.21  0.0   0.0   0.0   0.0   0.0   0.0   0.0   0.0   0.0   0.0   0.0   0.0   0.28  
228   E     0.0   0.0   0.0   0.0   0.0   0.0   0.71  0.0   0.0   0.0   0.0   0.0   0.0   0.0   0.0   0.0   0.0   0.0   0.0   0.29  
229   L     0.0   0.0   0.0   0.0   0.0   0.0   0.0   0.0   0.0   0.29  0.71  0.0   0.0   0.0   0.0   0.0   0.0   0.0   0.0   0.0   
230   R     0.0   0.21  0.0   0.0   0.0   0.0   0.28  0.0   0.22  0.0   0.0   0.29  0.0   0.0   0.0   0.0   0.0   0.0   0.0   0.0   
231   L     0.28  0.0   0.0   0.0   0.0   0.0   0.0   0.0   0.0   0.0   0.72  0.0   0.0   0.0   0.0   0.0   0.0   0.0   0.0   0.0   
232   I     0.0   0.0   0.0   0.0   0.0   0.0   0.0   0.0   0.0   0.72  0.28  0.0   0.0   0.0   0.0   0.0   0.0   0.0   0.0   0.0   
233   R     0.0   1.0   0.0   0.0   0.0   0.0   0.0   0.0   0.0   0.0   0.0   0.0   0.0   0.0   0.0   0.0   0.0   0.0   0.0   0.0   
234   E     0.24  0.01  0.01  0.02  0.01  0.01  0.51  0.02  0.01  0.01  0.03  0.02  0.01  0.01  0.01  0.02  0.02  0.0   0.01  0.02  
235   V     0.28  0.0   0.0   0.0   0.0   0.0   0.29  0.0   0.0   0.0   0.0   0.0   0.0   0.0   0.0   0.0   0.0   0.0   0.0   0.43  
236   L     0.0   0.0   0.0   0.0   0.0   0.0   0.0   0.0   0.0   0.51  0.49  0.0   0.0   0.0   0.0   0.0   0.0   0.0   0.0   0.0   
237   D     0.0   0.0   0.0   0.72  0.0   0.0   0.28  0.0   0.0   0.0   0.0   0.0   0.0   0.0   0.0   0.0   0.0   0.0   0.0   0.0   
238   P     0.28  0.0   0.0   0.0   0.0   0.0   0.0   0.0   0.0   0.0   0.0   0.0   0.0   0.0   0.72  0.0   0.0   0.0   0.0   0.0   
239   R     0.0   0.7   0.0   0.0   0.0   0.0   0.0   0.0   0.0   0.0   0.0   0.3   0.0   0.0   0.0   0.0   0.0   0.0   0.0   0.0   
240   S     0.0   0.0   0.0   0.0   0.0   0.0   0.0   0.0   0.0   0.0   0.0   0.0   0.0   0.0   0.0   0.6   0.4   0.0   0.0   0.0   
241   L     0.0   0.0   0.0   0.0   0.0   0.0   0.0   0.0   0.0   0.0   1.0   0.0   0.0   0.0   0.0   0.0   0.0   0.0   0.0   0.0   
242   R     0.0   1.0   0.0   0.0   0.0   0.0   0.0   0.0   0.0   0.0   0.0   0.0   0.0   0.0   0.0   0.0   0.0   0.0   0.0   0.0   
243   D     0.0   0.0   0.0   1.0   0.0   0.0   0.0   0.0   0.0   0.0   0.0   0.0   0.0   0.0   0.0   0.0   0.0   0.0   0.0   0.0   
244   R     0.0   1.0   0.0   0.0   0.0   0.0   0.0   0.0   0.0   0.0   0.0   0.0   0.0   0.0   0.0   0.0   0.0   0.0   0.0   0.0   
245   E     0.0   0.0   0.0   0.0   0.0   0.0   1.0   0.0   0.0   0.0   0.0   0.0   0.0   0.0   0.0   0.0   0.0   0.0   0.0   0.0   
246   V     0.0   0.0   0.0   0.0   0.0   0.0   0.0   0.0   0.0   0.5   0.0   0.0   0.0   0.0   0.0   0.0   0.0   0.0   0.0   0.5   
247   S     0.0   0.0   0.0   0.0   0.0   0.0   0.0   0.0   0.0   0.0   0.0   0.0   0.0   0.0   0.0   0.0   0.0   0.0   0.0   0.0   
248   V     0.0   0.0   0.0   0.0   0.0   0.0   0.0   0.0   0.0   0.0   0.0   0.0   0.0   0.0   0.0   0.0   0.0   0.0   0.0   0.0   
