             A     R     N     D     C     Q     E     G     H     I     L     K     M     F     P     S     T     W     Y     V
1     G     0.0   0.0   0.0   0.0   0.0   0.0   0.0   1.0   0.0   0.0   0.0   0.0   0.0   0.0   0.0   0.0   0.0   0.0   0.0   0.0   
2     H     0.0   0.0   0.19  0.0   0.0   0.22  0.0   0.0   0.59  0.0   0.0   0.0   0.0   0.0   0.0   0.0   0.0   0.0   0.0   0.0   
3     W     0.0   0.0   0.0   0.0   0.0   0.0   0.0   0.0   0.0   0.0   0.0   0.0   0.0   0.1   0.0   0.0   0.0   0.9   0.0   0.0   
4     S     0.07  0.18  0.04  0.0   0.0   0.0   0.0   0.0   0.0   0.0   0.0   0.0   0.0   0.0   0.0   0.48  0.0   0.0   0.0   0.24  
5     Q     0.0   0.0   0.0   0.09  0.0   0.27  0.0   0.0   0.0   0.0   0.11  0.0   0.0   0.0   0.0   0.08  0.0   0.0   0.46  0.0   
6     G     0.37  0.0   0.21  0.05  0.0   0.0   0.0   0.37  0.0   0.0   0.0   0.0   0.0   0.0   0.0   0.0   0.0   0.0   0.0   0.0   
7     L     0.0   0.02  0.0   0.0   0.05  0.0   0.0   0.0   0.0   0.06  0.29  0.54  0.0   0.04  0.0   0.0   0.0   0.0   0.0   0.0   
8     K     0.0   0.0   0.0   0.0   0.0   0.0   0.0   0.03  0.03  0.62  0.09  0.23  0.0   0.0   0.0   0.0   0.0   0.0   0.0   0.0   
9     I     0.15  0.0   0.08  0.05  0.0   0.0   0.04  0.0   0.0   0.43  0.04  0.02  0.01  0.0   0.03  0.04  0.0   0.0   0.0   0.11  
10    S     0.09  0.14  0.09  0.06  0.0   0.11  0.04  0.01  0.0   0.03  0.0   0.19  0.0   0.0   0.0   0.12  0.02  0.0   0.09  0.0   
11    M     0.03  0.2   0.05  0.0   0.0   0.0   0.0   0.27  0.02  0.05  0.0   0.22  0.09  0.03  0.0   0.02  0.0   0.0   0.0   0.03  
12    Q     0.09  0.02  0.05  0.04  0.0   0.13  0.4   0.0   0.0   0.05  0.01  0.02  0.03  0.0   0.05  0.1   0.03  0.0   0.0   0.0   
13    D     0.02  0.0   0.0   0.18  0.0   0.0   0.12  0.0   0.02  0.31  0.11  0.06  0.0   0.0   0.0   0.14  0.02  0.0   0.0   0.03  
14    P     0.05  0.0   0.0   0.01  0.0   0.0   0.02  0.02  0.01  0.0   0.0   0.03  0.0   0.0   0.79  0.02  0.02  0.0   0.0   0.03  
15    K     0.21  0.04  0.0   0.08  0.15  0.0   0.15  0.11  0.0   0.0   0.0   0.05  0.0   0.0   0.0   0.18  0.04  0.0   0.0   0.0   
16    M     0.03  0.1   0.07  0.07  0.0   0.03  0.06  0.0   0.02  0.06  0.03  0.13  0.06  0.02  0.0   0.03  0.15  0.0   0.05  0.09  
17    Q     0.0   0.02  0.0   0.0   0.0   0.08  0.08  0.0   0.01  0.3   0.04  0.19  0.0   0.05  0.0   0.0   0.01  0.0   0.0   0.2   
18    V     0.0   0.0   0.0   0.0   0.0   0.0   0.0   0.0   0.0   0.17  0.21  0.0   0.0   0.12  0.0   0.0   0.03  0.0   0.0   0.47  
19    Y     0.03  0.0   0.0   0.0   0.0   0.0   0.02  0.03  0.03  0.03  0.1   0.05  0.0   0.19  0.0   0.0   0.0   0.0   0.51  0.0   
20    K     0.02  0.0   0.0   0.02  0.0   0.06  0.56  0.0   0.0   0.0   0.0   0.11  0.0   0.03  0.04  0.04  0.03  0.0   0.09  0.0   
21    D     0.0   0.01  0.15  0.62  0.0   0.0   0.0   0.0   0.0   0.0   0.02  0.0   0.0   0.0   0.0   0.07  0.12  0.0   0.0   0.0   
22    E     0.06  0.0   0.0   0.37  0.0   0.02  0.34  0.03  0.0   0.0   0.0   0.1   0.0   0.0   0.05  0.0   0.03  0.0   0.0   0.0   
23    Q     0.0   0.04  0.05  0.17  0.0   0.08  0.05  0.1   0.11  0.03  0.14  0.17  0.02  0.0   0.0   0.01  0.0   0.0   0.05  0.0   
24    V     0.07  0.0   0.0   0.0   0.1   0.0   0.0   0.0   0.0   0.09  0.06  0.0   0.01  0.13  0.0   0.11  0.04  0.0   0.05  0.33  
25    V     0.0   0.0   0.0   0.0   0.0   0.0   0.0   0.0   0.0   0.1   0.23  0.0   0.0   0.1   0.0   0.04  0.06  0.0   0.08  0.39  
26    V     0.57  0.0   0.0   0.0   0.09  0.0   0.0   0.0   0.0   0.03  0.1   0.0   0.0   0.0   0.0   0.02  0.0   0.0   0.0   0.19  
27    I     0.0   0.0   0.0   0.0   0.0   0.0   0.0   0.0   0.0   0.25  0.13  0.0   0.02  0.53  0.0   0.0   0.0   0.0   0.0   0.06  
28    K     0.01  0.13  0.02  0.04  0.0   0.05  0.04  0.0   0.06  0.0   0.26  0.24  0.0   0.0   0.0   0.0   0.02  0.0   0.02  0.1   
29    D     0.0   0.0   0.15  0.79  0.0   0.0   0.0   0.0   0.0   0.0   0.0   0.0   0.0   0.0   0.0   0.0   0.05  0.0   0.0   0.0   
30    K     0.03  0.04  0.0   0.0   0.0   0.02  0.0   0.0   0.0   0.48  0.17  0.15  0.02  0.0   0.0   0.03  0.02  0.0   0.0   0.04  
31    Y     0.07  0.06  0.2   0.0   0.0   0.02  0.05  0.0   0.0   0.0   0.0   0.19  0.0   0.13  0.0   0.06  0.01  0.0   0.2   0.0   
32    P     0.02  0.0   0.0   0.0   0.02  0.02  0.0   0.0   0.0   0.0   0.05  0.0   0.0   0.0   0.83  0.0   0.0   0.03  0.0   0.0   
33    K     0.08  0.02  0.0   0.03  0.0   0.16  0.0   0.02  0.02  0.12  0.05  0.22  0.05  0.02  0.0   0.0   0.04  0.0   0.03  0.14  
34    A     0.53  0.0   0.04  0.0   0.0   0.0   0.0   0.08  0.0   0.0   0.04  0.0   0.0   0.0   0.0   0.09  0.14  0.0   0.0   0.08  
35    R     0.0   0.09  0.0   0.04  0.0   0.08  0.04  0.0   0.02  0.04  0.02  0.2   0.0   0.0   0.43  0.0   0.02  0.0   0.0   0.01  
36    Y     0.02  0.02  0.0   0.0   0.07  0.0   0.0   0.36  0.09  0.05  0.05  0.02  0.02  0.0   0.0   0.0   0.09  0.0   0.08  0.14  
37    H     0.0   0.0   0.0   0.0   0.0   0.04  0.0   0.0   0.93  0.0   0.0   0.0   0.0   0.0   0.0   0.0   0.0   0.0   0.03  0.0   
38    W     0.05  0.0   0.0   0.0   0.0   0.0   0.0   0.0   0.0   0.14  0.14  0.0   0.0   0.06  0.0   0.02  0.15  0.08  0.15  0.19  
39    L     0.0   0.0   0.0   0.0   0.0   0.0   0.0   0.0   0.0   0.03  0.9   0.0   0.03  0.0   0.0   0.0   0.0   0.0   0.0   0.0   
40    V     0.03  0.0   0.0   0.0   0.0   0.0   0.0   0.0   0.0   0.17  0.11  0.0   0.01  0.0   0.0   0.0   0.0   0.0   0.0   0.65  
41    L     0.0   0.0   0.0   0.0   0.06  0.0   0.0   0.0   0.0   0.44  0.15  0.0   0.06  0.0   0.0   0.04  0.0   0.0   0.0   0.22  
42    P     0.02  0.02  0.0   0.0   0.02  0.0   0.0   0.0   0.0   0.0   0.01  0.0   0.0   0.0   0.87  0.0   0.02  0.0   0.0   0.0   
43    W     0.0   0.18  0.06  0.0   0.03  0.01  0.0   0.0   0.02  0.0   0.05  0.5   0.0   0.0   0.0   0.0   0.04  0.07  0.03  0.0   
44    T     0.07  0.22  0.02  0.02  0.0   0.08  0.07  0.0   0.0   0.02  0.05  0.21  0.02  0.01  0.0   0.0   0.14  0.0   0.02  0.05  
45    S     0.03  0.07  0.0   0.03  0.0   0.0   0.07  0.05  0.34  0.02  0.04  0.01  0.03  0.03  0.08  0.1   0.02  0.0   0.05  0.04  
46    I     0.05  0.0   0.0   0.06  0.0   0.03  0.0   0.02  0.0   0.52  0.05  0.0   0.0   0.03  0.0   0.03  0.03  0.0   0.04  0.15  
47    S     0.07  0.06  0.01  0.11  0.0   0.01  0.12  0.07  0.0   0.0   0.04  0.07  0.01  0.02  0.2   0.15  0.0   0.0   0.01  0.04  
48    S     0.0   0.15  0.12  0.04  0.0   0.05  0.02  0.1   0.05  0.0   0.0   0.05  0.01  0.0   0.0   0.3   0.09  0.0   0.02  0.0   
49    L     0.02  0.03  0.0   0.0   0.06  0.0   0.0   0.0   0.0   0.11  0.45  0.0   0.02  0.11  0.0   0.01  0.03  0.05  0.01  0.09  
50    K     0.02  0.13  0.1   0.05  0.02  0.09  0.1   0.0   0.05  0.0   0.05  0.15  0.0   0.04  0.0   0.13  0.06  0.0   0.02  0.0   
51    A     0.07  0.0   0.13  0.37  0.0   0.02  0.12  0.03  0.07  0.0   0.0   0.02  0.0   0.02  0.0   0.07  0.03  0.0   0.01  0.03  
52    V     0.1   0.0   0.0   0.0   0.0   0.0   0.0   0.0   0.0   0.15  0.4   0.0   0.05  0.02  0.03  0.04  0.08  0.0   0.0   0.15  
53    A     0.04  0.09  0.07  0.13  0.0   0.04  0.07  0.0   0.0   0.0   0.0   0.01  0.0   0.0   0.07  0.1   0.34  0.0   0.01  0.01  
54    R     0.1   0.05  0.02  0.18  0.02  0.03  0.09  0.04  0.0   0.0   0.0   0.15  0.0   0.0   0.27  0.02  0.02  0.0   0.0   0.0   
55    E     0.11  0.02  0.07  0.22  0.0   0.01  0.39  0.0   0.02  0.0   0.0   0.06  0.0   0.03  0.0   0.06  0.0   0.0   0.0   0.02  
56    H     0.02  0.0   0.08  0.19  0.0   0.03  0.15  0.0   0.19  0.02  0.08  0.03  0.0   0.09  0.02  0.07  0.0   0.0   0.0   0.03  
57    L     0.05  0.0   0.04  0.0   0.03  0.05  0.05  0.03  0.01  0.13  0.27  0.04  0.07  0.1   0.0   0.0   0.03  0.0   0.02  0.08  
58    E     0.11  0.03  0.01  0.09  0.02  0.08  0.22  0.05  0.02  0.01  0.01  0.03  0.0   0.0   0.09  0.1   0.03  0.02  0.04  0.01  
59    L     0.05  0.04  0.0   0.06  0.0   0.02  0.02  0.0   0.0   0.09  0.46  0.0   0.08  0.09  0.0   0.02  0.0   0.0   0.03  0.03  
60    L     0.0   0.0   0.0   0.0   0.02  0.0   0.03  0.0   0.0   0.12  0.39  0.0   0.08  0.08  0.0   0.04  0.04  0.01  0.02  0.16  
61    K     0.1   0.1   0.0   0.0   0.0   0.09  0.09  0.16  0.0   0.0   0.03  0.11  0.05  0.06  0.0   0.11  0.02  0.05  0.02  0.02  
62    H     0.03  0.03  0.1   0.05  0.0   0.04  0.06  0.05  0.24  0.01  0.03  0.14  0.0   0.01  0.0   0.04  0.08  0.0   0.04  0.04  
63    M     0.16  0.0   0.0   0.0   0.0   0.0   0.0   0.0   0.02  0.13  0.14  0.0   0.28  0.02  0.0   0.06  0.04  0.0   0.0   0.13  
64    H     0.06  0.12  0.03  0.01  0.01  0.11  0.0   0.05  0.07  0.04  0.18  0.02  0.08  0.07  0.02  0.04  0.0   0.0   0.01  0.1   
65    T     0.06  0.09  0.03  0.07  0.02  0.05  0.09  0.0   0.02  0.03  0.13  0.11  0.0   0.0   0.04  0.11  0.05  0.0   0.08  0.01  
66    V     0.05  0.02  0.0   0.0   0.0   0.02  0.02  0.0   0.0   0.18  0.12  0.14  0.03  0.05  0.0   0.0   0.04  0.0   0.0   0.34  
67    G     0.26  0.0   0.0   0.0   0.0   0.0   0.0   0.31  0.02  0.16  0.0   0.0   0.04  0.0   0.0   0.05  0.0   0.0   0.0   0.17  
68    E     0.04  0.08  0.02  0.05  0.0   0.17  0.08  0.03  0.03  0.01  0.09  0.24  0.0   0.0   0.01  0.1   0.03  0.0   0.0   0.03  
69    K     0.08  0.05  0.09  0.02  0.0   0.09  0.11  0.05  0.04  0.0   0.04  0.31  0.0   0.02  0.0   0.03  0.03  0.0   0.0   0.06  
70    V     0.15  0.0   0.0   0.0   0.02  0.0   0.02  0.0   0.0   0.3   0.17  0.04  0.07  0.0   0.0   0.0   0.02  0.02  0.0   0.22  
71    I     0.31  0.02  0.0   0.0   0.03  0.01  0.04  0.04  0.0   0.16  0.14  0.03  0.0   0.03  0.0   0.02  0.02  0.0   0.04  0.12  
72    V     0.08  0.13  0.06  0.03  0.03  0.07  0.13  0.04  0.0   0.01  0.05  0.3   0.0   0.0   0.0   0.04  0.01  0.0   0.0   0.01  
73    D     0.15  0.11  0.02  0.06  0.0   0.13  0.16  0.0   0.07  0.0   0.01  0.22  0.0   0.0   0.02  0.0   0.0   0.0   0.04  0.0   
74    F     0.04  0.04  0.09  0.03  0.03  0.01  0.09  0.03  0.07  0.07  0.11  0.07  0.02  0.18  0.04  0.01  0.02  0.0   0.0   0.06  
75    A     0.1   0.0   0.11  0.0   0.0   0.11  0.0   0.26  0.02  0.05  0.0   0.1   0.0   0.06  0.07  0.01  0.01  0.0   0.1   0.0   
76    G     0.05  0.02  0.06  0.15  0.0   0.04  0.07  0.16  0.0   0.09  0.07  0.0   0.03  0.07  0.07  0.09  0.0   0.0   0.0   0.04  
77    S     0.07  0.0   0.05  0.09  0.0   0.02  0.08  0.18  0.0   0.0   0.04  0.09  0.02  0.0   0.0   0.11  0.21  0.0   0.0   0.03  
78    S     0.0   0.05  0.03  0.19  0.0   0.04  0.03  0.0   0.01  0.03  0.06  0.07  0.0   0.04  0.0   0.13  0.07  0.0   0.23  0.03  
79    K     0.06  0.18  0.11  0.01  0.02  0.01  0.0   0.22  0.01  0.02  0.04  0.12  0.0   0.06  0.0   0.04  0.07  0.01  0.01  0.0   
80    L     0.07  0.0   0.0   0.06  0.0   0.01  0.02  0.04  0.03  0.19  0.24  0.01  0.0   0.06  0.01  0.01  0.04  0.0   0.12  0.07  
81    R     0.04  0.18  0.03  0.07  0.01  0.04  0.02  0.05  0.02  0.11  0.13  0.04  0.0   0.0   0.02  0.08  0.04  0.0   0.0   0.12  
82    F     0.0   0.0   0.04  0.0   0.0   0.04  0.0   0.0   0.0   0.24  0.1   0.0   0.1   0.19  0.0   0.03  0.07  0.0   0.0   0.18  
83    R     0.02  0.19  0.37  0.0   0.0   0.12  0.0   0.0   0.0   0.05  0.0   0.06  0.0   0.0   0.0   0.01  0.06  0.0   0.0   0.11  
84    L     0.05  0.0   0.1   0.1   0.09  0.0   0.05  0.0   0.0   0.17  0.14  0.02  0.04  0.03  0.0   0.01  0.02  0.0   0.0   0.19  
85    G     0.0   0.0   0.1   0.0   0.0   0.0   0.02  0.79  0.0   0.0   0.0   0.0   0.0   0.0   0.0   0.0   0.0   0.0   0.08  0.0   
86    Y     0.11  0.06  0.0   0.0   0.0   0.02  0.08  0.0   0.0   0.03  0.06  0.15  0.0   0.2   0.11  0.05  0.03  0.0   0.1   0.03  
87    H     0.04  0.0   0.04  0.1   0.0   0.04  0.12  0.03  0.36  0.05  0.03  0.09  0.01  0.0   0.0   0.05  0.0   0.0   0.02  0.02  
88    A     0.52  0.0   0.0   0.0   0.0   0.02  0.0   0.19  0.0   0.0   0.0   0.04  0.01  0.0   0.0   0.06  0.0   0.0   0.09  0.08  
89    I     0.03  0.01  0.02  0.0   0.02  0.05  0.03  0.5   0.04  0.08  0.04  0.0   0.0   0.01  0.09  0.01  0.0   0.0   0.0   0.06  
90    P     0.02  0.04  0.0   0.0   0.0   0.56  0.0   0.03  0.0   0.0   0.03  0.0   0.0   0.0   0.32  0.0   0.0   0.0   0.0   0.0   
91    S     0.01  0.0   0.0   0.0   0.0   0.0   0.19  0.0   0.0   0.0   0.0   0.0   0.0   0.02  0.0   0.53  0.18  0.0   0.0   0.05  
92    M     0.0   0.0   0.0   0.0   0.0   0.04  0.0   0.0   0.0   0.14  0.03  0.0   0.17  0.04  0.0   0.0   0.0   0.0   0.04  0.53  
93    S     0.07  0.03  0.1   0.05  0.0   0.03  0.02  0.0   0.0   0.0   0.0   0.05  0.01  0.22  0.13  0.12  0.0   0.0   0.15  0.0   
94    H     0.0   0.03  0.05  0.0   0.0   0.04  0.0   0.0   0.83  0.0   0.0   0.0   0.0   0.0   0.0   0.0   0.0   0.02  0.03  0.0   
95    V     0.0   0.0   0.0   0.0   0.0   0.0   0.0   0.0   0.0   0.05  0.54  0.0   0.02  0.07  0.0   0.01  0.05  0.0   0.03  0.23  
96    H     0.0   0.0   0.0   0.0   0.0   0.0   0.0   0.0   1.0   0.0   0.0   0.0   0.0   0.0   0.0   0.0   0.0   0.0   0.0   0.0   
97    L     0.0   0.0   0.0   0.0   0.0   0.0   0.0   0.0   0.0   0.25  0.3   0.0   0.1   0.14  0.0   0.0   0.02  0.0   0.0   0.19  
98    H     0.0   0.0   0.0   0.0   0.0   0.0   0.0   0.0   1.0   0.0   0.0   0.0   0.0   0.0   0.0   0.0   0.0   0.0   0.0   0.0   
99    V     0.0   0.0   0.0   0.0   0.05  0.0   0.0   0.0   0.0   0.34  0.13  0.0   0.0   0.08  0.0   0.0   0.0   0.0   0.0   0.39  
100   I     0.0   0.0   0.0   0.0   0.0   0.0   0.0   0.0   0.0   0.44  0.3   0.0   0.06  0.09  0.0   0.0   0.04  0.0   0.0   0.08  
101   S     0.21  0.0   0.03  0.0   0.0   0.0   0.0   0.32  0.02  0.0   0.0   0.0   0.0   0.0   0.04  0.33  0.03  0.0   0.0   0.0   
102   Q     0.02  0.0   0.02  0.0   0.0   0.17  0.0   0.42  0.0   0.0   0.18  0.09  0.0   0.0   0.03  0.0   0.02  0.0   0.0   0.03  
103   D     0.04  0.03  0.0   0.57  0.0   0.0   0.07  0.06  0.0   0.0   0.03  0.04  0.0   0.0   0.13  0.03  0.0   0.0   0.0   0.0   
104   F     0.0   0.0   0.0   0.0   0.0   0.03  0.0   0.0   0.05  0.0   0.0   0.02  0.0   0.5   0.06  0.03  0.0   0.0   0.17  0.09  
105   D     0.01  0.08  0.07  0.21  0.0   0.07  0.17  0.01  0.12  0.0   0.1   0.01  0.0   0.0   0.0   0.01  0.01  0.0   0.0   0.14  
106   S     0.16  0.01  0.01  0.01  0.0   0.03  0.01  0.08  0.0   0.01  0.05  0.09  0.0   0.03  0.01  0.44  0.05  0.0   0.0   0.01  
107   P     0.0   0.0   0.0   0.04  0.0   0.08  0.0   0.06  0.0   0.0   0.03  0.04  0.0   0.04  0.54  0.04  0.04  0.0   0.0   0.07  
108   C     0.13  0.18  0.0   0.0   0.14  0.0   0.0   0.03  0.0   0.0   0.09  0.0   0.11  0.07  0.0   0.19  0.0   0.0   0.04  0.0   
109   L     0.0   0.0   0.0   0.1   0.0   0.0   0.0   0.0   0.0   0.0   0.61  0.0   0.0   0.15  0.0   0.05  0.0   0.05  0.0   0.0   
110   K     0.08  0.05  0.11  0.0   0.0   0.0   0.01  0.01  0.0   0.0   0.05  0.62  0.0   0.0   0.0   0.04  0.01  0.0   0.0   0.01  
111   N     0.06  0.04  0.56  0.0   0.0   0.0   0.01  0.01  0.08  0.0   0.05  0.01  0.0   0.0   0.0   0.04  0.12  0.0   0.0   0.01  
112   K     0.0   0.0   0.05  0.0   0.0   0.0   0.0   0.0   0.0   0.05  0.11  0.58  0.0   0.0   0.0   0.12  0.0   0.0   0.0   0.08  
113   K     0.08  0.05  0.0   0.0   0.0   0.0   0.0   0.0   0.0   0.0   0.05  0.66  0.0   0.0   0.0   0.0   0.0   0.06  0.05  0.05  
114   H     0.06  0.05  0.12  0.0   0.0   0.0   0.0   0.0   0.55  0.0   0.0   0.0   0.05  0.0   0.0   0.0   0.0   0.0   0.11  0.05  
115   W     0.0   0.05  0.0   0.0   0.0   0.0   0.0   0.0   0.0   0.23  0.0   0.06  0.0   0.0   0.0   0.0   0.0   0.4   0.21  0.05  
116   N     0.0   0.05  0.71  0.0   0.0   0.0   0.0   0.0   0.0   0.08  0.0   0.0   0.0   0.0   0.0   0.07  0.0   0.0   0.05  0.0   
117   S     0.0   0.1   0.0   0.0   0.0   0.0   0.0   0.0   0.0   0.0   0.07  0.07  0.0   0.0   0.0   0.72  0.0   0.0   0.0   0.0   
118   F     0.0   0.0   0.0   0.0   0.0   0.0   0.0   0.08  0.0   0.0   0.0   0.0   0.0   0.7   0.0   0.0   0.0   0.0   0.06  0.11  
119   N     0.0   0.08  0.33  0.06  0.0   0.0   0.0   0.0   0.0   0.0   0.01  0.0   0.0   0.0   0.08  0.0   0.41  0.0   0.0   0.0   
120   T     0.0   0.0   0.0   0.0   0.0   0.0   0.0   0.0   0.0   0.0   0.08  0.0   0.0   0.0   0.0   0.26  0.61  0.0   0.0   0.0   
121   E     0.0   0.0   0.08  0.17  0.0   0.0   0.22  0.17  0.0   0.0   0.01  0.0   0.0   0.0   0.1   0.06  0.0   0.0   0.17  0.0   
122   Y     0.0   0.0   0.0   0.0   0.0   0.0   0.0   0.07  0.0   0.0   0.06  0.0   0.0   0.29  0.0   0.0   0.0   0.3   0.27  0.0   
123   F     0.0   0.0   0.0   0.0   0.0   0.0   0.0   0.0   0.0   0.0   0.0   0.0   0.0   0.87  0.0   0.0   0.0   0.0   0.13  0.0   
124   L     0.01  0.06  0.0   0.0   0.0   0.0   0.01  0.01  0.0   0.55  0.17  0.01  0.0   0.0   0.0   0.01  0.01  0.0   0.0   0.15  
125   E     0.01  0.0   0.11  0.11  0.0   0.0   0.27  0.01  0.0   0.0   0.01  0.01  0.0   0.0   0.12  0.09  0.23  0.0   0.0   0.01  
126   S     0.3   0.0   0.0   0.0   0.0   0.0   0.08  0.06  0.0   0.0   0.01  0.01  0.0   0.06  0.0   0.28  0.01  0.09  0.06  0.01  
127   Q     0.01  0.0   0.0   0.37  0.0   0.19  0.18  0.01  0.0   0.0   0.01  0.01  0.0   0.0   0.0   0.01  0.12  0.0   0.0   0.06  
128   A     0.17  0.0   0.0   0.23  0.0   0.0   0.09  0.01  0.05  0.0   0.01  0.2   0.0   0.0   0.0   0.01  0.08  0.0   0.12  0.01  
129   V     0.01  0.0   0.0   0.0   0.0   0.0   0.01  0.01  0.0   0.12  0.45  0.01  0.03  0.0   0.0   0.01  0.08  0.0   0.0   0.25  
130   I     0.01  0.0   0.0   0.0   0.0   0.0   0.01  0.01  0.0   0.45  0.25  0.01  0.0   0.0   0.0   0.01  0.01  0.0   0.06  0.17  
131   E     0.07  0.0   0.11  0.06  0.0   0.03  0.51  0.01  0.0   0.0   0.01  0.12  0.0   0.0   0.0   0.04  0.01  0.0   0.0   0.01  
132   M     0.0   0.0   0.0   0.0   0.0   0.12  0.17  0.0   0.0   0.17  0.0   0.24  0.22  0.0   0.09  0.0   0.0   0.0   0.0   0.0   
133   V     0.0   0.0   0.0   0.09  0.0   0.0   0.0   0.0   0.0   0.1   0.64  0.0   0.0   0.0   0.0   0.0   0.0   0.0   0.0   0.16  
134   Q     0.0   0.27  0.14  0.0   0.0   0.13  0.17  0.0   0.0   0.0   0.0   0.12  0.07  0.0   0.0   0.0   0.09  0.0   0.0   0.0   
135   E     0.0   0.0   0.0   0.0   0.0   0.0   0.08  0.09  0.03  0.0   0.0   0.21  0.0   0.0   0.18  0.15  0.27  0.0   0.0   0.0   
136   A     0.1   0.0   0.08  0.08  0.0   0.07  0.08  0.22  0.08  0.0   0.0   0.16  0.0   0.0   0.0   0.0   0.13  0.0   0.0   0.0   
137   G     0.0   0.0   0.23  0.0   0.0   0.0   0.0   0.63  0.0   0.0   0.0   0.0   0.0   0.0   0.0   0.14  0.0   0.0   0.0   0.0   
138   R     0.0   0.13  0.15  0.0   0.0   0.0   0.0   0.0   0.0   0.0   0.13  0.41  0.0   0.0   0.0   0.17  0.0   0.0   0.0   0.0   
139   V     0.1   0.0   0.0   0.0   0.0   0.0   0.0   0.13  0.0   0.17  0.15  0.0   0.0   0.0   0.0   0.0   0.0   0.0   0.0   0.44  
140   T     0.0   0.0   0.21  0.0   0.0   0.05  0.0   0.0   0.0   0.0   0.0   0.09  0.0   0.0   0.15  0.17  0.32  0.0   0.0   0.0   
141   V     0.0   0.0   0.0   0.22  0.0   0.0   0.0   0.0   0.0   0.06  0.0   0.0   0.0   0.0   0.11  0.0   0.15  0.0   0.0   0.46  
142   R     0.01  0.34  0.06  0.01  0.0   0.0   0.01  0.01  0.0   0.01  0.01  0.52  0.0   0.0   0.01  0.01  0.01  0.0   0.0   0.01  
143   D     0.01  0.09  0.0   0.25  0.0   0.0   0.3   0.16  0.0   0.01  0.01  0.01  0.0   0.0   0.01  0.12  0.01  0.0   0.0   0.01  
144   G     0.1   0.06  0.0   0.0   0.0   0.06  0.0   0.3   0.0   0.13  0.11  0.0   0.0   0.0   0.0   0.0   0.24  0.0   0.0   0.0   
145   M     0.17  0.0   0.0   0.0   0.0   0.0   0.13  0.0   0.0   0.06  0.15  0.11  0.18  0.0   0.0   0.1   0.05  0.0   0.0   0.05  
146   P     0.0   0.0   0.0   0.11  0.05  0.0   0.1   0.05  0.0   0.0   0.0   0.0   0.0   0.0   0.09  0.17  0.43  0.0   0.0   0.0   
147   E     0.0   0.0   0.0   0.16  0.0   0.0   0.47  0.0   0.0   0.0   0.0   0.0   0.0   0.0   0.0   0.24  0.13  0.0   0.0   0.0   
148   L     0.0   0.0   0.0   0.0   0.0   0.0   0.0   0.0   0.0   0.0   0.81  0.0   0.0   0.0   0.0   0.0   0.0   0.0   0.13  0.06  
149   L     0.0   0.0   0.0   0.0   0.0   0.0   0.0   0.0   0.0   0.0   0.85  0.0   0.0   0.15  0.0   0.0   0.0   0.0   0.0   0.0   
150   K     0.11  0.0   0.09  0.0   0.0   0.15  0.0   0.0   0.0   0.0   0.0   0.64  0.0   0.0   0.0   0.0   0.0   0.0   0.0   0.0   
151   L     0.0   0.0   0.0   0.0   0.0   0.0   0.37  0.1   0.0   0.0   0.3   0.11  0.0   0.0   0.0   0.0   0.11  0.0   0.0   0.0   
152   P     0.0   0.0   0.0   0.29  0.0   0.0   0.1   0.0   0.0   0.0   0.0   0.0   0.0   0.0   0.61  0.0   0.0   0.0   0.0   0.0   
153   L     0.0   0.0   0.0   0.0   0.0   0.0   0.0   0.0   0.0   0.0   1.0   0.0   0.0   0.0   0.0   0.0   0.0   0.0   0.0   0.0   
154   R     0.0   0.4   0.0   0.0   0.0   0.0   0.0   0.0   0.0   0.11  0.19  0.24  0.05  0.0   0.0   0.0   0.0   0.0   0.0   0.0   
155   C     0.0   0.0   0.0   0.0   1.0   0.0   0.0   0.0   0.0   0.0   0.0   0.0   0.0   0.0   0.0   0.0   0.0   0.0   0.0   0.0   
156   H     0.0   0.0   0.22  0.0   0.13  0.0   0.0   0.0   0.5   0.0   0.0   0.0   0.0   0.0   0.0   0.0   0.0   0.15  0.0   0.0   
157   E     0.0   0.34  0.0   0.0   0.0   0.11  0.13  0.0   0.0   0.05  0.06  0.0   0.06  0.0   0.0   0.0   0.0   0.0   0.13  0.11  
158   C     0.0   0.0   0.0   0.0   1.0   0.0   0.0   0.0   0.0   0.0   0.0   0.0   0.0   0.0   0.0   0.0   0.0   0.0   0.0   0.0   
159   Q     0.0   0.21  0.0   0.0   0.0   0.26  0.11  0.21  0.0   0.0   0.0   0.2   0.0   0.0   0.0   0.0   0.0   0.0   0.0   0.0   
160   Q     0.0   0.13  0.0   0.0   0.0   0.19  0.15  0.0   0.0   0.0   0.0   0.31  0.0   0.11  0.0   0.1   0.0   0.0   0.0   0.0   
161   L     0.1   0.0   0.13  0.0   0.0   0.06  0.22  0.0   0.0   0.0   0.13  0.0   0.0   0.0   0.09  0.0   0.15  0.0   0.0   0.11  
162   L     0.11  0.0   0.0   0.0   0.0   0.25  0.0   0.0   0.1   0.0   0.19  0.0   0.0   0.34  0.0   0.0   0.0   0.0   0.0   0.0   
163   P     0.11  0.11  0.0   0.0   0.0   0.0   0.0   0.15  0.0   0.0   0.0   0.09  0.0   0.0   0.24  0.24  0.05  0.0   0.0   0.0   
164   S     0.0   0.15  0.54  0.0   0.0   0.0   0.0   0.0   0.0   0.0   0.0   0.0   0.0   0.0   0.0   0.13  0.17  0.0   0.0   0.0   
165   I     0.0   0.0   0.0   0.0   0.0   0.0   0.0   0.0   0.0   0.49  0.11  0.0   0.11  0.29  0.0   0.0   0.0   0.0   0.0   0.0   
166   P     0.0   0.0   0.0   0.0   0.0   0.0   0.0   0.0   0.0   0.0   0.0   0.0   0.0   0.0   0.71  0.13  0.15  0.0   0.0   0.0   
167   Q     0.06  0.0   0.0   0.0   0.0   0.3   0.0   0.0   0.0   0.0   0.13  0.31  0.0   0.0   0.0   0.11  0.09  0.0   0.0   0.0   
168   L     0.0   0.0   0.0   0.0   0.0   0.0   0.0   0.0   0.0   0.0   1.0   0.0   0.0   0.0   0.0   0.0   0.0   0.0   0.0   0.0   
169   K     0.0   0.0   0.0   0.0   0.0   0.0   0.0   0.0   0.0   0.0   0.0   1.0   0.0   0.0   0.0   0.0   0.0   0.0   0.0   0.0   
170   E     0.15  0.0   0.0   0.05  0.0   0.06  0.3   0.11  0.0   0.0   0.0   0.22  0.0   0.0   0.0   0.1   0.0   0.0   0.0   0.0   
171   H     0.0   0.0   0.0   0.0   0.0   0.0   0.0   0.0   1.0   0.0   0.0   0.0   0.0   0.0   0.0   0.0   0.0   0.0   0.0   0.0   
172   L     0.0   0.0   0.0   0.0   0.0   0.0   0.0   0.0   0.0   0.09  0.81  0.0   0.0   0.0   0.0   0.0   0.0   0.0   0.0   0.1   
173   R     0.0   0.26  0.06  0.0   0.0   0.17  0.14  0.0   0.0   0.0   0.0   0.25  0.0   0.0   0.0   0.0   0.0   0.0   0.0   0.13  
174   K     0.0   0.0   0.0   0.0   0.0   0.0   0.2   0.15  0.0   0.0   0.0   0.38  0.0   0.0   0.0   0.2   0.07  0.0   0.0   0.0   
175   H     0.0   0.0   0.0   0.0   0.0   0.0   0.0   0.0   1.0   0.0   0.0   0.0   0.0   0.0   0.0   0.0   0.0   0.0   0.0   0.0   
