             A     R     N     D     C     Q     E     G     H     I     L     K     M     F     P     S     T     W     Y     V
1     M     0.0   0.0   0.0   0.0   0.0   0.0   0.0   0.0   0.0   0.08  0.0   0.0   0.74  0.0   0.0   0.0   0.0   0.0   0.0   0.18  
2     R     0.0   0.31  0.22  0.0   0.0   0.17  0.04  0.0   0.0   0.0   0.0   0.14  0.0   0.0   0.03  0.09  0.0   0.0   0.0   0.0   
3     L     0.0   0.21  0.0   0.0   0.0   0.0   0.0   0.0   0.0   0.02  0.06  0.2   0.0   0.04  0.0   0.03  0.0   0.05  0.25  0.15  
4     G     0.18  0.0   0.0   0.0   0.0   0.0   0.0   0.36  0.0   0.03  0.02  0.05  0.0   0.2   0.0   0.08  0.0   0.0   0.03  0.04  
5     M     0.0   0.0   0.0   0.0   0.0   0.0   0.0   0.0   0.0   0.44  0.05  0.04  0.24  0.1   0.0   0.0   0.0   0.0   0.04  0.1   
6     V     0.08  0.0   0.02  0.0   0.0   0.04  0.02  0.0   0.0   0.19  0.12  0.05  0.02  0.04  0.0   0.0   0.02  0.0   0.1   0.31  
7     I     0.1   0.02  0.0   0.0   0.02  0.0   0.0   0.0   0.07  0.31  0.05  0.0   0.01  0.05  0.0   0.0   0.02  0.02  0.09  0.23  
8     D     0.0   0.0   0.24  0.68  0.0   0.05  0.03  0.0   0.0   0.0   0.0   0.0   0.0   0.0   0.0   0.0   0.0   0.0   0.0   0.0   
9     L     0.04  0.04  0.02  0.01  0.0   0.02  0.21  0.0   0.0   0.0   0.13  0.05  0.03  0.0   0.22  0.07  0.06  0.0   0.0   0.1   
10    Q     0.15  0.01  0.12  0.22  0.0   0.02  0.2   0.05  0.0   0.0   0.01  0.01  0.0   0.0   0.0   0.1   0.1   0.0   0.0   0.0   
11    K     0.1   0.21  0.02  0.03  0.0   0.08  0.04  0.0   0.02  0.02  0.09  0.29  0.0   0.0   0.0   0.03  0.03  0.01  0.0   0.03  
12    C     0.0   0.0   0.0   0.0   1.0   0.0   0.0   0.0   0.0   0.0   0.0   0.0   0.0   0.0   0.0   0.0   0.0   0.0   0.0   0.0   
13    V     0.0   0.0   0.01  0.02  0.0   0.02  0.0   0.0   0.0   0.42  0.05  0.0   0.0   0.0   0.0   0.0   0.29  0.0   0.01  0.17  
14    G     0.08  0.08  0.01  0.03  0.0   0.08  0.0   0.47  0.01  0.0   0.02  0.03  0.02  0.02  0.0   0.05  0.0   0.0   0.0   0.09  
15    C     0.0   0.0   0.0   0.0   1.0   0.0   0.0   0.0   0.0   0.0   0.0   0.0   0.0   0.0   0.0   0.0   0.0   0.0   0.0   0.0   
16    G     0.02  0.1   0.11  0.05  0.0   0.06  0.06  0.3   0.11  0.0   0.04  0.11  0.01  0.0   0.0   0.0   0.02  0.0   0.02  0.0   
17    G     0.17  0.07  0.07  0.06  0.0   0.04  0.01  0.11  0.0   0.05  0.11  0.08  0.0   0.0   0.0   0.07  0.12  0.0   0.01  0.0   
18    C     0.0   0.0   0.02  0.0   0.96  0.0   0.0   0.0   0.0   0.0   0.0   0.0   0.0   0.0   0.0   0.02  0.0   0.0   0.0   0.0   
19    S     0.07  0.0   0.03  0.03  0.0   0.11  0.22  0.0   0.0   0.07  0.01  0.0   0.04  0.02  0.01  0.13  0.04  0.0   0.0   0.22  
20    L     0.08  0.06  0.02  0.05  0.0   0.08  0.06  0.06  0.0   0.13  0.11  0.05  0.02  0.0   0.0   0.0   0.06  0.01  0.04  0.16  
21    A     0.47  0.01  0.01  0.01  0.0   0.0   0.01  0.02  0.03  0.03  0.03  0.01  0.02  0.0   0.02  0.05  0.09  0.0   0.02  0.15  
22    C     0.02  0.0   0.03  0.0   0.88  0.0   0.0   0.0   0.0   0.0   0.03  0.0   0.0   0.0   0.0   0.0   0.0   0.0   0.0   0.03  
23    K     0.07  0.05  0.03  0.01  0.0   0.02  0.02  0.0   0.0   0.0   0.0   0.18  0.02  0.0   0.43  0.05  0.07  0.0   0.0   0.03  
24    T     0.06  0.05  0.05  0.06  0.0   0.06  0.14  0.01  0.04  0.06  0.04  0.03  0.06  0.01  0.02  0.02  0.13  0.01  0.03  0.11  
25    E     0.18  0.01  0.01  0.1   0.02  0.04  0.16  0.05  0.02  0.03  0.03  0.03  0.02  0.04  0.03  0.05  0.03  0.07  0.02  0.07  
26    N     0.18  0.01  0.24  0.03  0.0   0.03  0.03  0.01  0.17  0.04  0.02  0.06  0.0   0.01  0.03  0.03  0.05  0.01  0.01  0.03  
27    N     0.03  0.01  0.12  0.13  0.01  0.03  0.06  0.02  0.05  0.13  0.05  0.09  0.02  0.04  0.02  0.03  0.1   0.03  0.01  0.01  
28    T     0.03  0.08  0.02  0.05  0.02  0.02  0.11  0.09  0.0   0.08  0.11  0.01  0.0   0.02  0.11  0.03  0.07  0.0   0.02  0.12  
29    N     0.07  0.08  0.1   0.03  0.0   0.04  0.07  0.05  0.02  0.06  0.06  0.01  0.02  0.03  0.22  0.04  0.05  0.0   0.04  0.04  
30    D     0.06  0.01  0.03  0.23  0.0   0.1   0.18  0.04  0.03  0.01  0.01  0.04  0.02  0.01  0.02  0.02  0.06  0.02  0.04  0.06  
31    G     0.06  0.04  0.02  0.09  0.0   0.03  0.11  0.3   0.03  0.02  0.05  0.02  0.02  0.01  0.03  0.08  0.03  0.01  0.0   0.04  
32    I     0.09  0.02  0.01  0.02  0.03  0.05  0.04  0.02  0.03  0.13  0.14  0.02  0.03  0.06  0.07  0.04  0.05  0.0   0.03  0.14  
33    H     0.05  0.05  0.11  0.05  0.0   0.03  0.08  0.03  0.06  0.03  0.04  0.04  0.02  0.07  0.05  0.09  0.12  0.02  0.05  0.02  
34    W     0.08  0.08  0.02  0.04  0.0   0.03  0.07  0.02  0.0   0.03  0.08  0.04  0.04  0.08  0.06  0.06  0.02  0.14  0.04  0.05  
35    S     0.1   0.05  0.06  0.07  0.06  0.04  0.09  0.03  0.01  0.05  0.06  0.02  0.05  0.03  0.01  0.12  0.11  0.0   0.0   0.02  
36    H     0.04  0.13  0.05  0.05  0.0   0.04  0.11  0.03  0.09  0.03  0.03  0.05  0.02  0.01  0.06  0.03  0.06  0.02  0.03  0.11  
37    H     0.11  0.03  0.04  0.04  0.0   0.03  0.08  0.01  0.11  0.09  0.09  0.09  0.06  0.01  0.01  0.05  0.02  0.01  0.0   0.1   
38    I     0.15  0.08  0.01  0.04  0.03  0.08  0.14  0.02  0.01  0.08  0.06  0.04  0.0   0.02  0.03  0.03  0.04  0.01  0.06  0.06  
39    A     0.03  0.12  0.11  0.04  0.0   0.02  0.04  0.08  0.03  0.06  0.02  0.08  0.05  0.06  0.07  0.03  0.04  0.01  0.03  0.07  
40    T     0.05  0.09  0.05  0.04  0.02  0.03  0.04  0.03  0.05  0.1   0.1   0.05  0.02  0.02  0.1   0.04  0.05  0.01  0.08  0.04  
41    T     0.09  0.08  0.02  0.04  0.03  0.01  0.12  0.05  0.0   0.06  0.06  0.01  0.02  0.03  0.16  0.06  0.06  0.01  0.03  0.05  
42    E     0.02  0.12  0.04  0.1   0.0   0.03  0.23  0.08  0.01  0.02  0.02  0.08  0.0   0.03  0.07  0.04  0.05  0.0   0.02  0.04  
43    G     0.09  0.03  0.02  0.01  0.0   0.0   0.09  0.4   0.01  0.04  0.03  0.09  0.0   0.0   0.01  0.04  0.07  0.0   0.02  0.04  
44    T     0.02  0.05  0.07  0.1   0.02  0.08  0.12  0.13  0.02  0.03  0.03  0.06  0.01  0.04  0.03  0.06  0.05  0.01  0.01  0.05  
45    F     0.02  0.03  0.04  0.04  0.03  0.01  0.03  0.01  0.04  0.11  0.07  0.01  0.03  0.07  0.1   0.07  0.04  0.06  0.08  0.09  
46    P     0.07  0.11  0.06  0.04  0.0   0.04  0.06  0.17  0.0   0.04  0.0   0.07  0.02  0.01  0.16  0.0   0.04  0.01  0.03  0.07  
47    D     0.06  0.06  0.11  0.08  0.0   0.01  0.09  0.06  0.01  0.05  0.05  0.17  0.01  0.01  0.04  0.02  0.1   0.0   0.0   0.04  
48    V     0.07  0.04  0.06  0.05  0.04  0.04  0.04  0.03  0.02  0.05  0.09  0.07  0.01  0.05  0.06  0.04  0.08  0.01  0.05  0.08  
49    K     0.04  0.12  0.0   0.09  0.0   0.06  0.11  0.03  0.04  0.03  0.01  0.18  0.0   0.11  0.02  0.04  0.02  0.0   0.04  0.05  
50    Y     0.04  0.0   0.02  0.0   0.01  0.02  0.01  0.03  0.0   0.06  0.07  0.04  0.04  0.13  0.08  0.04  0.03  0.05  0.22  0.09  
51    T     0.08  0.06  0.11  0.05  0.0   0.02  0.08  0.05  0.01  0.09  0.06  0.04  0.03  0.03  0.01  0.01  0.11  0.01  0.05  0.09  
52    Y     0.05  0.01  0.03  0.04  0.09  0.01  0.04  0.03  0.02  0.11  0.04  0.0   0.0   0.14  0.02  0.05  0.03  0.01  0.21  0.06  
53    I     0.05  0.11  0.06  0.16  0.01  0.03  0.02  0.06  0.05  0.1   0.1   0.07  0.02  0.07  0.0   0.02  0.04  0.0   0.02  0.01  
54    P     0.08  0.11  0.0   0.03  0.02  0.0   0.15  0.01  0.0   0.02  0.03  0.06  0.02  0.0   0.4   0.03  0.01  0.0   0.02  0.0   
55    T     0.02  0.05  0.06  0.24  0.0   0.06  0.14  0.02  0.0   0.07  0.04  0.12  0.01  0.0   0.0   0.01  0.08  0.0   0.0   0.07  
56    L     0.05  0.06  0.03  0.05  0.0   0.13  0.03  0.02  0.01  0.04  0.11  0.18  0.03  0.01  0.1   0.05  0.03  0.0   0.0   0.06  
57    C     0.01  0.0   0.0   0.0   0.91  0.0   0.0   0.01  0.0   0.0   0.01  0.0   0.0   0.0   0.0   0.0   0.0   0.0   0.03  0.0   
58    N     0.01  0.13  0.09  0.02  0.0   0.03  0.04  0.02  0.03  0.26  0.03  0.04  0.08  0.01  0.0   0.02  0.08  0.01  0.01  0.11  
59    H     0.02  0.07  0.02  0.04  0.0   0.11  0.05  0.16  0.25  0.01  0.06  0.09  0.04  0.01  0.0   0.01  0.02  0.0   0.02  0.01  
60    C     0.01  0.01  0.0   0.01  0.85  0.0   0.02  0.01  0.0   0.01  0.01  0.01  0.0   0.0   0.01  0.01  0.02  0.0   0.0   0.03  
61    D     0.03  0.02  0.04  0.04  0.0   0.02  0.19  0.24  0.0   0.04  0.06  0.11  0.01  0.02  0.02  0.03  0.05  0.0   0.03  0.05  
62    D     0.06  0.07  0.15  0.17  0.01  0.01  0.06  0.03  0.03  0.04  0.04  0.07  0.01  0.04  0.02  0.05  0.07  0.0   0.05  0.02  
63    A     0.17  0.03  0.04  0.03  0.05  0.03  0.03  0.06  0.01  0.05  0.05  0.05  0.03  0.02  0.19  0.04  0.06  0.01  0.02  0.04  
64    P     0.15  0.01  0.02  0.07  0.02  0.04  0.07  0.05  0.01  0.05  0.07  0.04  0.01  0.01  0.2   0.07  0.06  0.0   0.01  0.06  
65    C     0.01  0.01  0.0   0.01  0.85  0.0   0.01  0.01  0.0   0.01  0.01  0.01  0.0   0.0   0.04  0.01  0.03  0.0   0.0   0.01  
66    V     0.09  0.03  0.0   0.0   0.0   0.02  0.06  0.0   0.02  0.08  0.07  0.05  0.02  0.0   0.0   0.02  0.06  0.02  0.02  0.43  
67    K     0.08  0.06  0.05  0.07  0.0   0.06  0.18  0.02  0.02  0.08  0.03  0.13  0.01  0.03  0.03  0.07  0.04  0.02  0.01  0.02  
68    V     0.36  0.0   0.02  0.0   0.0   0.01  0.03  0.0   0.01  0.03  0.02  0.0   0.01  0.05  0.0   0.07  0.02  0.0   0.04  0.31  
69    C     0.03  0.0   0.0   0.0   0.88  0.0   0.0   0.0   0.0   0.0   0.0   0.05  0.0   0.0   0.0   0.0   0.0   0.0   0.0   0.0   
70    P     0.01  0.0   0.0   0.04  0.0   0.05  0.0   0.02  0.0   0.0   0.01  0.04  0.0   0.04  0.73  0.05  0.0   0.0   0.0   0.0   
71    T     0.12  0.02  0.06  0.03  0.0   0.01  0.06  0.0   0.05  0.05  0.03  0.0   0.02  0.06  0.04  0.03  0.16  0.02  0.02  0.23  
72    G     0.02  0.02  0.15  0.16  0.0   0.01  0.02  0.34  0.03  0.0   0.0   0.05  0.02  0.0   0.03  0.06  0.04  0.0   0.0   0.05  
73    A     0.69  0.03  0.0   0.0   0.05  0.0   0.0   0.0   0.0   0.06  0.0   0.04  0.0   0.0   0.0   0.03  0.03  0.0   0.0   0.06  
74    M     0.0   0.02  0.02  0.07  0.01  0.0   0.0   0.0   0.01  0.42  0.12  0.03  0.06  0.04  0.0   0.04  0.06  0.0   0.03  0.06  
75    H     0.02  0.02  0.01  0.06  0.0   0.02  0.05  0.07  0.02  0.11  0.02  0.05  0.03  0.04  0.0   0.1   0.06  0.06  0.2   0.06  
76    K     0.04  0.11  0.01  0.01  0.0   0.05  0.17  0.03  0.04  0.05  0.05  0.22  0.05  0.03  0.04  0.02  0.01  0.0   0.03  0.04  
77    D     0.04  0.18  0.05  0.25  0.0   0.03  0.11  0.11  0.01  0.03  0.02  0.04  0.0   0.0   0.03  0.03  0.03  0.0   0.01  0.05  
78    K     0.07  0.02  0.05  0.05  0.0   0.04  0.36  0.06  0.02  0.02  0.0   0.12  0.0   0.0   0.07  0.03  0.05  0.03  0.01  0.0   
79    R     0.03  0.06  0.16  0.29  0.0   0.05  0.1   0.03  0.03  0.01  0.02  0.05  0.01  0.01  0.02  0.1   0.03  0.0   0.0   0.01  
80    G     0.09  0.05  0.01  0.02  0.0   0.01  0.01  0.49  0.0   0.0   0.01  0.1   0.02  0.01  0.06  0.03  0.02  0.02  0.03  0.02  
81    L     0.05  0.07  0.02  0.0   0.01  0.02  0.04  0.0   0.02  0.29  0.08  0.08  0.03  0.05  0.03  0.05  0.02  0.0   0.03  0.12  
82    T     0.06  0.05  0.0   0.01  0.01  0.01  0.01  0.0   0.04  0.12  0.06  0.01  0.0   0.02  0.1   0.0   0.01  0.02  0.04  0.42  
83    L     0.02  0.01  0.02  0.06  0.01  0.07  0.08  0.01  0.02  0.06  0.23  0.04  0.0   0.04  0.0   0.03  0.06  0.03  0.03  0.19  
84    Q     0.07  0.0   0.0   0.0   0.0   0.02  0.04  0.0   0.01  0.3   0.06  0.03  0.0   0.04  0.03  0.0   0.02  0.04  0.08  0.26  
85    N     0.04  0.0   0.14  0.39  0.0   0.01  0.11  0.02  0.04  0.02  0.04  0.02  0.01  0.03  0.0   0.04  0.04  0.0   0.01  0.03  
86    N     0.03  0.02  0.04  0.02  0.0   0.14  0.22  0.01  0.06  0.0   0.04  0.07  0.03  0.01  0.12  0.05  0.05  0.01  0.05  0.04  
87    D     0.03  0.0   0.03  0.31  0.0   0.03  0.17  0.01  0.01  0.01  0.03  0.08  0.02  0.01  0.01  0.06  0.1   0.0   0.01  0.06  
88    E     0.05  0.09  0.03  0.08  0.0   0.02  0.05  0.03  0.01  0.03  0.14  0.28  0.0   0.01  0.0   0.06  0.05  0.0   0.03  0.04  
89    C     0.11  0.0   0.0   0.0   0.77  0.0   0.0   0.0   0.0   0.0   0.0   0.02  0.0   0.0   0.03  0.03  0.03  0.0   0.0   0.0   
90    I     0.0   0.04  0.02  0.02  0.0   0.02  0.02  0.02  0.0   0.36  0.04  0.12  0.01  0.01  0.0   0.04  0.13  0.0   0.01  0.12  
91    G     0.03  0.02  0.04  0.09  0.0   0.02  0.02  0.5   0.0   0.04  0.05  0.02  0.01  0.02  0.0   0.05  0.02  0.0   0.02  0.03  
92    C     0.04  0.0   0.0   0.0   0.85  0.0   0.0   0.0   0.0   0.0   0.0   0.05  0.0   0.0   0.0   0.0   0.0   0.02  0.02  0.0   
93    K     0.02  0.08  0.02  0.03  0.0   0.04  0.04  0.4   0.02  0.0   0.03  0.12  0.02  0.0   0.05  0.05  0.01  0.0   0.0   0.05  
94    K     0.11  0.06  0.03  0.02  0.0   0.06  0.05  0.0   0.03  0.1   0.18  0.05  0.02  0.05  0.0   0.02  0.03  0.0   0.12  0.06  
95    C     0.0   0.0   0.0   0.0   0.89  0.0   0.0   0.0   0.0   0.0   0.03  0.0   0.0   0.0   0.0   0.0   0.0   0.0   0.0   0.03  
96    M     0.17  0.0   0.01  0.0   0.0   0.01  0.08  0.03  0.02  0.16  0.07  0.02  0.05  0.0   0.01  0.03  0.05  0.0   0.02  0.26  
97    N     0.16  0.04  0.05  0.1   0.0   0.04  0.12  0.01  0.0   0.03  0.03  0.07  0.03  0.0   0.04  0.07  0.11  0.02  0.03  0.05  
98    A     0.31  0.02  0.0   0.02  0.0   0.0   0.06  0.13  0.02  0.03  0.02  0.02  0.03  0.02  0.05  0.04  0.04  0.0   0.02  0.18  
99    C     0.01  0.0   0.0   0.0   0.92  0.0   0.01  0.01  0.0   0.0   0.01  0.0   0.0   0.0   0.0   0.01  0.0   0.0   0.0   0.01  
100   P     0.02  0.0   0.0   0.0   0.0   0.04  0.02  0.02  0.0   0.0   0.03  0.0   0.0   0.0   0.8   0.01  0.0   0.0   0.0   0.03  
101   Y     0.05  0.02  0.04  0.0   0.02  0.01  0.02  0.01  0.02  0.1   0.02  0.03  0.02  0.11  0.01  0.06  0.11  0.01  0.23  0.1   
102   G     0.04  0.02  0.15  0.09  0.0   0.04  0.1   0.28  0.03  0.02  0.01  0.13  0.02  0.02  0.01  0.02  0.0   0.0   0.0   0.01  
103   V     0.51  0.0   0.0   0.03  0.07  0.0   0.0   0.02  0.0   0.12  0.0   0.05  0.03  0.0   0.0   0.02  0.01  0.0   0.04  0.09  
104   I     0.02  0.09  0.0   0.01  0.0   0.0   0.0   0.0   0.04  0.45  0.06  0.04  0.09  0.0   0.12  0.0   0.0   0.0   0.01  0.05  
105   S     0.09  0.06  0.01  0.0   0.01  0.07  0.11  0.06  0.0   0.02  0.06  0.09  0.02  0.07  0.0   0.08  0.1   0.0   0.11  0.03  
106   F     0.04  0.04  0.0   0.0   0.0   0.01  0.03  0.02  0.03  0.22  0.1   0.01  0.09  0.12  0.03  0.02  0.01  0.03  0.06  0.12  
107   N     0.03  0.07  0.25  0.19  0.0   0.04  0.11  0.03  0.02  0.04  0.01  0.05  0.0   0.0   0.0   0.03  0.03  0.03  0.0   0.06  
108   A     0.05  0.03  0.09  0.06  0.0   0.01  0.09  0.13  0.01  0.02  0.06  0.01  0.0   0.04  0.16  0.04  0.09  0.05  0.04  0.02  
109   A     0.04  0.07  0.06  0.03  0.04  0.06  0.14  0.04  0.0   0.06  0.08  0.04  0.03  0.1   0.03  0.02  0.04  0.0   0.0   0.09  
110   T     0.06  0.04  0.08  0.08  0.0   0.01  0.12  0.02  0.04  0.01  0.06  0.07  0.0   0.02  0.06  0.05  0.19  0.0   0.0   0.07  
111   P     0.04  0.02  0.04  0.03  0.01  0.05  0.11  0.11  0.0   0.04  0.06  0.07  0.0   0.01  0.23  0.03  0.04  0.0   0.03  0.07  
112   H     0.03  0.07  0.07  0.03  0.0   0.02  0.16  0.03  0.09  0.03  0.06  0.13  0.01  0.03  0.03  0.07  0.07  0.0   0.04  0.02  
113   R     0.09  0.07  0.03  0.06  0.02  0.04  0.12  0.02  0.01  0.04  0.06  0.06  0.02  0.01  0.01  0.1   0.08  0.02  0.02  0.12  
114   R     0.05  0.15  0.05  0.02  0.01  0.07  0.09  0.07  0.03  0.06  0.04  0.11  0.02  0.01  0.06  0.04  0.05  0.02  0.01  0.03  
115   W     0.04  0.05  0.01  0.08  0.0   0.02  0.06  0.07  0.01  0.04  0.1   0.12  0.02  0.03  0.04  0.09  0.02  0.04  0.03  0.12  
116   Q     0.07  0.03  0.03  0.08  0.07  0.02  0.15  0.02  0.05  0.07  0.12  0.04  0.07  0.02  0.03  0.05  0.02  0.02  0.01  0.05  
117   D     0.03  0.05  0.02  0.12  0.07  0.04  0.14  0.02  0.01  0.07  0.04  0.01  0.01  0.05  0.03  0.03  0.06  0.02  0.05  0.13  
118   D     0.04  0.05  0.03  0.1   0.02  0.01  0.06  0.13  0.04  0.05  0.06  0.12  0.03  0.01  0.01  0.07  0.06  0.0   0.04  0.07  
119   S     0.03  0.05  0.04  0.04  0.07  0.02  0.1   0.04  0.05  0.11  0.07  0.04  0.01  0.02  0.02  0.05  0.08  0.05  0.08  0.03  
120   E     0.04  0.07  0.04  0.09  0.03  0.03  0.19  0.09  0.02  0.05  0.06  0.08  0.01  0.04  0.04  0.02  0.01  0.0   0.05  0.04  
121   V     0.05  0.01  0.14  0.05  0.04  0.03  0.07  0.04  0.03  0.07  0.04  0.01  0.01  0.03  0.07  0.07  0.03  0.0   0.05  0.16  
122   V     0.1   0.03  0.05  0.09  0.03  0.01  0.06  0.05  0.01  0.06  0.04  0.07  0.05  0.01  0.05  0.1   0.04  0.0   0.04  0.13  
123   A     0.21  0.03  0.01  0.07  0.06  0.01  0.11  0.06  0.01  0.07  0.03  0.08  0.01  0.02  0.01  0.1   0.04  0.0   0.02  0.06  
124   N     0.05  0.06  0.21  0.01  0.07  0.02  0.08  0.07  0.02  0.01  0.07  0.07  0.02  0.01  0.05  0.06  0.03  0.0   0.04  0.05  
125   G     0.1   0.04  0.01  0.03  0.03  0.04  0.06  0.1   0.02  0.02  0.07  0.18  0.01  0.03  0.02  0.06  0.02  0.0   0.04  0.12  
126   T     0.13  0.04  0.05  0.04  0.09  0.02  0.07  0.07  0.01  0.05  0.08  0.06  0.01  0.07  0.06  0.07  0.03  0.0   0.01  0.05  
127   V     0.06  0.01  0.01  0.02  0.04  0.04  0.07  0.03  0.01  0.09  0.06  0.08  0.07  0.04  0.03  0.02  0.09  0.06  0.01  0.15  
128   S     0.04  0.09  0.06  0.05  0.09  0.04  0.05  0.02  0.01  0.07  0.08  0.11  0.01  0.01  0.05  0.08  0.04  0.02  0.03  0.03  
129   P     0.06  0.02  0.05  0.06  0.03  0.05  0.07  0.1   0.06  0.08  0.07  0.07  0.01  0.01  0.18  0.02  0.02  0.0   0.02  0.03  
130   L     0.08  0.11  0.05  0.03  0.02  0.02  0.05  0.04  0.01  0.15  0.12  0.06  0.01  0.05  0.05  0.03  0.03  0.0   0.02  0.06  
131   M     0.02  0.01  0.04  0.08  0.05  0.03  0.03  0.04  0.01  0.09  0.16  0.02  0.05  0.06  0.05  0.06  0.11  0.0   0.03  0.05  
132   L     0.04  0.03  0.01  0.03  0.01  0.01  0.11  0.03  0.01  0.06  0.06  0.16  0.02  0.04  0.1   0.05  0.05  0.0   0.06  0.13  
133   L     0.08  0.06  0.02  0.03  0.03  0.01  0.08  0.07  0.01  0.14  0.12  0.1   0.02  0.04  0.01  0.02  0.05  0.0   0.03  0.07  
134   K     0.06  0.07  0.11  0.03  0.02  0.02  0.06  0.07  0.01  0.03  0.08  0.12  0.01  0.07  0.1   0.05  0.02  0.0   0.01  0.07  
135   R     0.12  0.07  0.03  0.04  0.12  0.03  0.1   0.04  0.01  0.1   0.06  0.03  0.01  0.01  0.04  0.1   0.05  0.0   0.01  0.03  
136   T     0.1   0.03  0.05  0.03  0.02  0.03  0.07  0.05  0.01  0.07  0.05  0.06  0.01  0.01  0.23  0.05  0.05  0.0   0.01  0.05  
137   G     0.11  0.01  0.01  0.05  0.0   0.08  0.07  0.26  0.01  0.03  0.06  0.06  0.01  0.02  0.06  0.04  0.04  0.02  0.02  0.04  
138   A     0.15  0.07  0.01  0.06  0.18  0.03  0.03  0.02  0.0   0.1   0.03  0.03  0.0   0.01  0.04  0.11  0.04  0.0   0.05  0.03  
139   T     0.05  0.04  0.06  0.04  0.0   0.01  0.04  0.21  0.0   0.06  0.11  0.06  0.02  0.04  0.05  0.08  0.06  0.0   0.01  0.05  
140   A     0.15  0.06  0.03  0.01  0.05  0.01  0.01  0.05  0.03  0.03  0.19  0.07  0.0   0.02  0.06  0.09  0.02  0.03  0.03  0.06  
141   T     0.06  0.03  0.01  0.06  0.19  0.01  0.09  0.03  0.0   0.12  0.07  0.07  0.01  0.01  0.06  0.06  0.07  0.01  0.01  0.03  
142   P     0.07  0.09  0.01  0.03  0.01  0.01  0.06  0.11  0.01  0.06  0.1   0.03  0.01  0.03  0.21  0.06  0.05  0.0   0.01  0.05  
143   N     0.05  0.05  0.04  0.01  0.02  0.01  0.18  0.05  0.02  0.01  0.1   0.07  0.04  0.05  0.1   0.02  0.01  0.0   0.1   0.06  
144   E     0.16  0.03  0.06  0.08  0.0   0.01  0.18  0.04  0.0   0.09  0.02  0.07  0.01  0.03  0.01  0.04  0.07  0.0   0.03  0.07  
145   N     0.03  0.03  0.04  0.05  0.16  0.03  0.01  0.04  0.04  0.05  0.04  0.15  0.02  0.01  0.05  0.05  0.03  0.03  0.03  0.12  
146   P     0.1   0.05  0.01  0.05  0.02  0.01  0.04  0.09  0.02  0.03  0.02  0.09  0.05  0.01  0.24  0.06  0.01  0.0   0.04  0.06  
147   E     0.08  0.09  0.06  0.1   0.0   0.04  0.07  0.11  0.0   0.04  0.04  0.04  0.0   0.08  0.04  0.05  0.08  0.0   0.01  0.05  
148   R     0.01  0.07  0.1   0.04  0.0   0.05  0.07  0.03  0.0   0.03  0.13  0.16  0.02  0.01  0.06  0.06  0.07  0.0   0.01  0.07  
149   G     0.28  0.03  0.01  0.03  0.02  0.05  0.1   0.06  0.0   0.01  0.13  0.08  0.0   0.01  0.01  0.07  0.04  0.0   0.01  0.06  
150   D     0.08  0.05  0.03  0.11  0.02  0.03  0.06  0.06  0.02  0.16  0.03  0.06  0.04  0.06  0.01  0.03  0.05  0.02  0.01  0.07  
151   T     0.13  0.03  0.01  0.04  0.0   0.01  0.08  0.06  0.0   0.03  0.06  0.03  0.1   0.01  0.09  0.07  0.11  0.05  0.07  0.03  
152   Y     0.04  0.07  0.06  0.02  0.02  0.11  0.03  0.05  0.03  0.03  0.06  0.12  0.06  0.02  0.05  0.06  0.06  0.0   0.02  0.1   
153   P     0.06  0.09  0.02  0.04  0.0   0.02  0.05  0.07  0.0   0.01  0.09  0.1   0.0   0.03  0.23  0.01  0.08  0.0   0.04  0.03  
154   M     0.11  0.03  0.05  0.05  0.0   0.09  0.06  0.08  0.0   0.14  0.06  0.07  0.02  0.03  0.06  0.05  0.01  0.0   0.04  0.04  
155   I     0.04  0.06  0.04  0.04  0.02  0.01  0.06  0.06  0.02  0.08  0.04  0.08  0.13  0.08  0.03  0.04  0.07  0.02  0.06  0.05  
156   R     0.06  0.17  0.01  0.05  0.04  0.04  0.11  0.08  0.0   0.05  0.09  0.07  0.0   0.03  0.03  0.05  0.03  0.0   0.07  0.01  
157   P     0.1   0.03  0.05  0.06  0.0   0.01  0.12  0.01  0.0   0.2   0.06  0.03  0.0   0.03  0.17  0.01  0.08  0.0   0.01  0.03  
158   K     0.1   0.07  0.05  0.05  0.0   0.07  0.06  0.01  0.01  0.04  0.05  0.17  0.02  0.07  0.01  0.1   0.06  0.0   0.0   0.06  
159   R     0.12  0.05  0.08  0.0   0.02  0.02  0.05  0.12  0.0   0.12  0.01  0.11  0.0   0.03  0.02  0.03  0.08  0.02  0.0   0.09  
160   T     0.06  0.04  0.07  0.11  0.03  0.06  0.06  0.01  0.0   0.1   0.05  0.04  0.0   0.0   0.01  0.01  0.14  0.0   0.03  0.19  
161   T     0.22  0.03  0.01  0.02  0.0   0.04  0.05  0.03  0.0   0.09  0.04  0.09  0.04  0.02  0.06  0.05  0.08  0.0   0.04  0.08  
162   E     0.04  0.01  0.11  0.16  0.0   0.05  0.16  0.03  0.02  0.03  0.06  0.02  0.03  0.01  0.01  0.05  0.07  0.0   0.04  0.12  
163   K     0.18  0.02  0.0   0.04  0.02  0.04  0.01  0.01  0.0   0.07  0.01  0.53  0.0   0.0   0.0   0.01  0.01  0.0   0.0   0.05  
164   C     0.03  0.04  0.0   0.03  0.77  0.04  0.03  0.01  0.0   0.0   0.01  0.01  0.0   0.0   0.0   0.01  0.01  0.0   0.0   0.01  
165   T     0.02  0.02  0.06  0.18  0.0   0.06  0.03  0.0   0.0   0.14  0.03  0.0   0.0   0.0   0.0   0.06  0.27  0.0   0.0   0.11  
166   F     0.02  0.0   0.03  0.0   0.0   0.02  0.0   0.25  0.0   0.0   0.18  0.02  0.09  0.18  0.03  0.02  0.02  0.0   0.05  0.07  
167   C     0.05  0.01  0.0   0.01  0.76  0.0   0.03  0.01  0.0   0.03  0.01  0.01  0.0   0.0   0.01  0.01  0.03  0.0   0.0   0.03  
168   D     0.05  0.03  0.09  0.13  0.0   0.0   0.03  0.14  0.04  0.03  0.01  0.09  0.0   0.02  0.0   0.16  0.0   0.01  0.12  0.03  
169   H     0.05  0.01  0.01  0.16  0.0   0.03  0.11  0.03  0.17  0.01  0.02  0.08  0.01  0.04  0.1   0.08  0.04  0.01  0.01  0.02  
170   R     0.03  0.48  0.03  0.02  0.03  0.01  0.02  0.06  0.01  0.02  0.06  0.02  0.01  0.01  0.02  0.05  0.05  0.0   0.01  0.05  
171   L     0.09  0.02  0.01  0.07  0.01  0.01  0.1   0.02  0.01  0.22  0.14  0.02  0.01  0.03  0.04  0.03  0.02  0.0   0.01  0.16  
172   D     0.08  0.02  0.06  0.16  0.01  0.02  0.16  0.02  0.01  0.04  0.05  0.02  0.02  0.01  0.06  0.06  0.08  0.03  0.01  0.09  
173   K     0.13  0.03  0.05  0.06  0.04  0.03  0.09  0.09  0.04  0.02  0.08  0.11  0.01  0.01  0.05  0.06  0.03  0.01  0.01  0.04  
174   G     0.06  0.06  0.02  0.03  0.01  0.02  0.06  0.35  0.01  0.02  0.07  0.07  0.01  0.02  0.05  0.03  0.04  0.01  0.01  0.06  
175   L     0.03  0.07  0.02  0.02  0.01  0.11  0.03  0.05  0.01  0.02  0.16  0.15  0.02  0.03  0.05  0.06  0.06  0.01  0.01  0.08  
176   N     0.1   0.04  0.08  0.04  0.07  0.08  0.08  0.14  0.01  0.02  0.07  0.05  0.02  0.01  0.07  0.03  0.02  0.0   0.01  0.04  
177   P     0.05  0.02  0.02  0.02  0.01  0.01  0.05  0.06  0.01  0.02  0.03  0.04  0.01  0.01  0.53  0.02  0.07  0.0   0.01  0.02  
178   A     0.37  0.03  0.0   0.0   0.0   0.0   0.01  0.07  0.0   0.16  0.09  0.01  0.03  0.0   0.0   0.06  0.03  0.0   0.04  0.09  
179   C     0.0   0.0   0.0   0.0   0.92  0.0   0.0   0.0   0.05  0.0   0.0   0.0   0.03  0.0   0.0   0.0   0.0   0.0   0.0   0.0   
180   V     0.07  0.0   0.0   0.0   0.0   0.0   0.07  0.0   0.0   0.12  0.02  0.02  0.01  0.0   0.02  0.09  0.02  0.0   0.0   0.54  
181   D     0.17  0.04  0.09  0.04  0.0   0.04  0.33  0.0   0.04  0.0   0.01  0.05  0.02  0.02  0.08  0.01  0.03  0.0   0.0   0.01  
182   A     0.18  0.0   0.09  0.01  0.0   0.03  0.04  0.02  0.0   0.08  0.0   0.02  0.04  0.0   0.03  0.05  0.14  0.0   0.0   0.25  
183   C     0.0   0.0   0.0   0.0   0.97  0.0   0.0   0.0   0.0   0.0   0.0   0.0   0.0   0.0   0.03  0.0   0.0   0.0   0.0   0.0   
184   P     0.0   0.0   0.0   0.0   0.04  0.0   0.0   0.0   0.01  0.02  0.0   0.0   0.0   0.0   0.72  0.07  0.0   0.0   0.0   0.12  
185   S     0.12  0.0   0.04  0.02  0.0   0.02  0.04  0.09  0.04  0.03  0.04  0.07  0.04  0.0   0.01  0.04  0.29  0.02  0.0   0.09  
186   E     0.0   0.09  0.11  0.12  0.0   0.06  0.06  0.25  0.02  0.0   0.0   0.15  0.04  0.0   0.0   0.01  0.04  0.0   0.04  0.0   
187   A     0.79  0.0   0.0   0.03  0.0   0.0   0.0   0.0   0.0   0.05  0.01  0.05  0.0   0.0   0.0   0.04  0.02  0.0   0.0   0.0   
188   R     0.0   0.14  0.0   0.0   0.0   0.0   0.0   0.0   0.0   0.37  0.26  0.0   0.1   0.07  0.0   0.0   0.0   0.0   0.0   0.06  
189   V     0.02  0.09  0.08  0.02  0.0   0.04  0.06  0.0   0.08  0.1   0.04  0.07  0.0   0.02  0.0   0.11  0.12  0.0   0.07  0.08  
190   I     0.02  0.0   0.0   0.0   0.04  0.0   0.0   0.0   0.0   0.16  0.3   0.0   0.1   0.22  0.0   0.0   0.0   0.07  0.07  0.03  
191   G     0.05  0.0   0.04  0.0   0.0   0.0   0.15  0.51  0.0   0.04  0.01  0.0   0.03  0.0   0.0   0.0   0.05  0.0   0.0   0.11  
192   D     0.0   0.04  0.05  0.36  0.0   0.04  0.05  0.03  0.06  0.0   0.0   0.01  0.0   0.05  0.02  0.01  0.13  0.0   0.07  0.09  
193   L     0.0   0.1   0.02  0.03  0.0   0.0   0.07  0.02  0.0   0.24  0.3   0.05  0.04  0.02  0.0   0.03  0.0   0.0   0.0   0.07  
194   D     0.0   0.01  0.1   0.32  0.0   0.03  0.05  0.0   0.01  0.09  0.09  0.21  0.0   0.0   0.0   0.05  0.02  0.0   0.0   0.02  
195   D     0.05  0.04  0.02  0.21  0.0   0.04  0.19  0.04  0.0   0.0   0.05  0.09  0.0   0.0   0.0   0.13  0.08  0.0   0.06  0.0   
196   P     0.0   0.02  0.04  0.16  0.0   0.0   0.18  0.0   0.0   0.05  0.19  0.02  0.11  0.0   0.15  0.03  0.04  0.0   0.0   0.02  
197   Q     0.12  0.04  0.09  0.04  0.0   0.14  0.19  0.0   0.01  0.0   0.03  0.21  0.01  0.0   0.02  0.04  0.04  0.0   0.0   0.02  
198   S     0.12  0.15  0.0   0.08  0.12  0.03  0.07  0.06  0.02  0.06  0.03  0.05  0.0   0.0   0.0   0.14  0.02  0.0   0.05  0.0   
199   K     0.06  0.09  0.0   0.0   0.0   0.03  0.07  0.0   0.0   0.19  0.12  0.16  0.07  0.0   0.12  0.02  0.01  0.0   0.01  0.04  
200   V     0.21  0.02  0.0   0.0   0.0   0.0   0.05  0.0   0.01  0.24  0.0   0.04  0.05  0.0   0.0   0.05  0.06  0.0   0.07  0.2   
201   S     0.07  0.05  0.01  0.05  0.14  0.05  0.11  0.01  0.08  0.0   0.0   0.18  0.0   0.0   0.0   0.14  0.08  0.0   0.02  0.0   
202   Q     0.05  0.06  0.0   0.03  0.0   0.12  0.25  0.08  0.0   0.01  0.01  0.22  0.0   0.0   0.06  0.09  0.01  0.0   0.0   0.0   
203   L     0.13  0.21  0.0   0.0   0.0   0.0   0.0   0.0   0.0   0.15  0.25  0.11  0.01  0.0   0.0   0.0   0.0   0.03  0.02  0.1   
204   I     0.13  0.07  0.0   0.05  0.15  0.03  0.0   0.0   0.02  0.11  0.16  0.0   0.0   0.05  0.0   0.0   0.0   0.0   0.0   0.22  
205   K     0.3   0.25  0.0   0.02  0.0   0.02  0.13  0.01  0.01  0.05  0.0   0.09  0.0   0.0   0.01  0.08  0.0   0.0   0.0   0.02  
206   L     0.02  0.03  0.0   0.02  0.0   0.21  0.15  0.0   0.0   0.05  0.14  0.17  0.0   0.0   0.0   0.06  0.07  0.0   0.06  0.01  
207   H     0.05  0.04  0.14  0.03  0.0   0.0   0.12  0.0   0.07  0.04  0.01  0.17  0.0   0.0   0.01  0.02  0.16  0.02  0.12  0.0   
208   K     0.07  0.05  0.05  0.02  0.17  0.0   0.03  0.14  0.05  0.02  0.0   0.21  0.06  0.0   0.11  0.0   0.0   0.0   0.03  0.0   
209   P     0.19  0.0   0.01  0.07  0.0   0.0   0.17  0.05  0.02  0.0   0.05  0.0   0.0   0.0   0.2   0.04  0.11  0.0   0.02  0.05  
210   M     0.04  0.02  0.03  0.02  0.0   0.0   0.03  0.04  0.02  0.03  0.08  0.03  0.09  0.11  0.0   0.02  0.04  0.16  0.08  0.18  
211   Q     0.03  0.21  0.21  0.09  0.0   0.13  0.02  0.0   0.0   0.02  0.03  0.0   0.0   0.0   0.12  0.0   0.0   0.0   0.02  0.1   
212   L     0.29  0.0   0.0   0.0   0.0   0.0   0.0   0.03  0.0   0.08  0.39  0.0   0.0   0.0   0.02  0.0   0.04  0.0   0.11  0.03  
213   K     0.01  0.03  0.02  0.07  0.0   0.1   0.01  0.01  0.13  0.17  0.12  0.23  0.02  0.0   0.0   0.01  0.0   0.0   0.0   0.06  
214   P     0.12  0.0   0.0   0.03  0.0   0.02  0.07  0.01  0.03  0.0   0.05  0.0   0.0   0.05  0.3   0.01  0.08  0.0   0.18  0.02  
215   E     0.04  0.04  0.07  0.0   0.0   0.0   0.37  0.08  0.0   0.06  0.01  0.0   0.0   0.0   0.07  0.06  0.0   0.0   0.02  0.13  
216   A     0.19  0.03  0.02  0.0   0.0   0.0   0.08  0.09  0.0   0.0   0.2   0.03  0.0   0.12  0.0   0.1   0.02  0.05  0.08  0.0   
217   G     0.03  0.02  0.02  0.04  0.0   0.05  0.0   0.68  0.0   0.08  0.0   0.0   0.0   0.0   0.0   0.0   0.0   0.0   0.0   0.08  
218   T     0.04  0.0   0.02  0.0   0.0   0.0   0.03  0.09  0.0   0.0   0.0   0.32  0.0   0.0   0.0   0.04  0.43  0.0   0.0   0.02  
219   G     0.0   0.02  0.0   0.1   0.0   0.12  0.09  0.22  0.0   0.05  0.0   0.37  0.0   0.0   0.0   0.02  0.0   0.0   0.0   0.0   
220   P     0.03  0.0   0.0   0.0   0.0   0.0   0.0   0.0   0.0   0.0   0.0   0.0   0.0   0.0   0.82  0.0   0.07  0.0   0.09  0.0   
221   R     0.03  0.17  0.17  0.0   0.0   0.05  0.11  0.0   0.21  0.0   0.0   0.12  0.0   0.0   0.0   0.11  0.0   0.0   0.0   0.03  
222   V     0.0   0.0   0.03  0.0   0.0   0.07  0.11  0.0   0.0   0.0   0.12  0.11  0.0   0.0   0.0   0.03  0.07  0.0   0.0   0.46  
223   F     0.0   0.07  0.0   0.0   0.0   0.0   0.0   0.0   0.03  0.0   0.03  0.07  0.08  0.28  0.0   0.0   0.0   0.0   0.43  0.0   
224   Y     0.0   0.11  0.0   0.0   0.0   0.0   0.07  0.0   0.03  0.03  0.0   0.0   0.0   0.0   0.0   0.0   0.0   0.0   0.75  0.0   
225   I     0.04  0.04  0.0   0.0   0.0   0.0   0.12  0.0   0.0   0.24  0.12  0.13  0.0   0.0   0.0   0.0   0.0   0.0   0.0   0.31  
226   R     0.0   0.24  0.1   0.0   0.0   0.0   0.08  0.04  0.0   0.0   0.0   0.12  0.0   0.0   0.31  0.1   0.0   0.0   0.0   0.0   
227   S     0.0   0.13  0.0   0.0   0.0   0.0   0.0   0.0   0.0   0.0   0.25  0.0   0.0   0.0   0.21  0.32  0.0   0.0   0.0   0.1   
228   F     0.0   0.0   0.0   0.0   0.0   0.0   0.0   0.12  0.0   0.0   0.1   0.15  0.0   0.39  0.0   0.0   0.11  0.0   0.13  0.0   
229   G     0.2   0.13  0.0   0.0   0.0   0.0   0.0   0.38  0.0   0.0   0.0   0.15  0.0   0.0   0.0   0.0   0.14  0.0   0.0   0.0   
230   V     0.0   0.0   0.0   0.0   0.0   0.0   0.0   0.0   0.0   0.0   0.0   0.0   0.0   0.4   0.0   0.0   0.0   0.0   0.0   0.6   
231   K     0.0   0.0   0.0   0.0   0.0   0.0   0.74  0.0   0.0   0.0   0.0   0.26  0.0   0.0   0.0   0.0   0.0   0.0   0.0   0.0   
232   T     0.0   0.0   0.0   0.0   0.0   0.0   0.0   0.0   0.0   0.0   0.0   0.33  0.0   0.0   0.0   0.0   0.32  0.0   0.0   0.35  
233   A     0.32  0.0   0.68  0.0   0.0   0.0   0.0   0.0   0.0   0.0   0.0   0.0   0.0   0.0   0.0   0.0   0.0   0.0   0.0   0.0   
234   Y     0.0   0.0   0.0   0.0   0.0   0.0   0.0   0.0   0.0   0.0   0.0   0.0   0.0   0.0   0.0   0.0   0.0   0.0   1.0   0.0   
