             A     R     N     D     C     Q     E     G     H     I     L     K     M     F     P     S     T     W     Y     V
1     X     0.0   0.0   0.0   0.0   0.0   0.0   0.0   0.0   0.0   0.0   0.0   0.0   0.0   0.0   0.0   0.0   0.0   0.0   0.0   0.0   
2     Y     0.0   0.0   0.0   0.0   0.0   0.0   0.0   0.0   0.0   0.0   0.0   0.0   0.0   0.0   0.0   0.0   0.0   0.0   1.0   0.0   
3     T     0.0   0.0   0.0   0.0   0.0   0.0   0.0   0.0   0.0   0.31  0.0   0.0   0.0   0.0   0.0   0.0   0.69  0.0   0.0   0.0   
4     K     0.0   0.0   0.0   0.0   0.0   0.0   0.0   0.0   0.0   0.0   0.0   1.0   0.0   0.0   0.0   0.0   0.0   0.0   0.0   0.0   
5     A     0.62  0.0   0.0   0.19  0.0   0.0   0.0   0.0   0.0   0.0   0.0   0.0   0.0   0.0   0.0   0.19  0.0   0.0   0.0   0.0   
6     S     0.0   0.0   0.0   0.0   0.0   0.0   0.0   0.0   0.0   0.0   0.0   0.0   0.0   0.0   0.0   1.0   0.0   0.0   0.0   0.0   
7     F     0.0   0.0   0.0   0.0   0.0   0.0   0.0   0.0   0.0   0.0   0.18  0.0   0.0   0.82  0.0   0.0   0.0   0.0   0.0   0.0   
8     K     0.0   0.22  0.0   0.0   0.0   0.0   0.0   0.0   0.0   0.0   0.0   0.59  0.0   0.0   0.0   0.19  0.0   0.0   0.0   0.0   
9     A     0.42  0.0   0.0   0.19  0.0   0.0   0.0   0.0   0.0   0.0   0.0   0.0   0.0   0.0   0.0   0.22  0.18  0.0   0.0   0.0   
10    S     0.0   0.0   0.0   0.0   0.0   0.0   0.0   0.0   0.0   0.0   0.22  0.0   0.19  0.0   0.0   0.59  0.0   0.0   0.0   0.0   
11    N     0.0   0.0   0.81  0.0   0.0   0.0   0.19  0.0   0.0   0.0   0.0   0.0   0.0   0.0   0.0   0.0   0.0   0.0   0.0   0.0   
12    Q     0.0   0.0   0.0   0.0   0.0   0.4   0.22  0.0   0.0   0.0   0.0   0.0   0.0   0.0   0.0   0.0   0.0   0.0   0.0   0.38  
13    K     0.0   0.0   0.22  0.0   0.0   0.0   0.0   0.0   0.0   0.0   0.0   0.78  0.0   0.0   0.0   0.0   0.0   0.0   0.0   0.0   
14    I     0.0   0.0   0.0   0.0   0.0   0.0   0.0   0.0   0.0   0.5   0.5   0.0   0.0   0.0   0.0   0.0   0.0   0.0   0.0   0.0   
15    E     0.0   0.0   0.0   0.0   0.0   0.22  0.59  0.0   0.0   0.0   0.0   0.19  0.0   0.0   0.0   0.0   0.0   0.0   0.0   0.0   
16    Q     0.0   0.0   0.09  0.19  0.0   0.41  0.0   0.0   0.08  0.0   0.0   0.0   0.0   0.0   0.0   0.22  0.0   0.0   0.0   0.0   
17    I     0.0   0.0   0.0   0.0   0.0   0.0   0.0   0.0   0.0   0.45  0.19  0.0   0.0   0.0   0.0   0.0   0.0   0.0   0.0   0.36  
18    W     0.0   0.0   0.0   0.0   0.0   0.0   0.0   0.0   0.0   0.0   0.41  0.0   0.0   0.0   0.0   0.0   0.0   0.59  0.0   0.0   
19    K     0.0   0.0   0.0   0.0   0.0   0.0   0.0   0.0   0.0   0.0   0.0   1.0   0.0   0.0   0.0   0.0   0.0   0.0   0.0   0.0   
20    T     0.22  0.0   0.0   0.0   0.0   0.0   0.0   0.0   0.0   0.09  0.0   0.0   0.0   0.0   0.0   0.0   0.69  0.0   0.0   0.0   
21    Q     0.0   0.0   0.19  0.0   0.0   0.62  0.0   0.0   0.19  0.0   0.0   0.0   0.0   0.0   0.0   0.0   0.0   0.0   0.0   0.0   
22    Q     0.0   0.0   0.0   0.0   0.19  0.62  0.0   0.0   0.0   0.0   0.0   0.19  0.0   0.0   0.0   0.0   0.0   0.0   0.0   0.0   
23    E     0.0   0.0   0.22  0.08  0.0   0.19  0.51  0.0   0.0   0.0   0.0   0.0   0.0   0.0   0.0   0.0   0.0   0.0   0.0   0.0   
24    E     0.0   0.0   0.0   0.0   0.0   0.18  0.6   0.0   0.0   0.0   0.0   0.0   0.0   0.0   0.0   0.22  0.0   0.0   0.0   0.0   
25    I     0.0   0.77  0.0   0.0   0.0   0.0   0.0   0.0   0.0   0.23  0.0   0.0   0.0   0.0   0.0   0.0   0.0   0.0   0.0   0.0   
26    Q     0.0   0.0   0.0   0.0   0.0   0.82  0.0   0.0   0.0   0.0   0.0   0.18  0.0   0.0   0.0   0.0   0.0   0.0   0.0   0.0   
27    K     0.0   0.0   0.0   0.0   0.0   0.0   0.19  0.0   0.0   0.0   0.0   0.81  0.0   0.0   0.0   0.0   0.0   0.0   0.0   0.0   
28    L     0.0   0.15  0.0   0.0   0.0   0.0   0.0   0.0   0.0   0.18  0.68  0.0   0.0   0.0   0.0   0.0   0.0   0.0   0.0   0.0   
29    N     0.0   0.0   0.5   0.15  0.16  0.0   0.0   0.0   0.0   0.0   0.0   0.19  0.0   0.0   0.0   0.0   0.0   0.0   0.0   0.0   
30    N     0.0   0.0   0.37  0.0   0.0   0.29  0.0   0.0   0.0   0.0   0.0   0.0   0.0   0.0   0.0   0.19  0.0   0.0   0.15  0.0   
31    E     0.0   0.0   0.0   0.16  0.0   0.0   0.33  0.0   0.0   0.15  0.19  0.18  0.0   0.0   0.0   0.0   0.0   0.0   0.0   0.0   
32    Y     0.0   0.0   0.0   0.0   0.0   0.0   0.0   0.0   0.15  0.0   0.0   0.0   0.0   0.18  0.0   0.0   0.0   0.0   0.68  0.0   
33    S     0.0   0.0   0.0   0.0   0.37  0.0   0.0   0.0   0.0   0.0   0.0   0.0   0.0   0.0   0.0   0.63  0.0   0.0   0.0   0.0   
34    Q     0.0   0.0   0.0   0.0   0.0   0.33  0.37  0.0   0.0   0.0   0.31  0.0   0.0   0.0   0.0   0.0   0.0   0.0   0.0   0.0   
35    Q     0.0   0.19  0.0   0.0   0.0   0.66  0.0   0.0   0.0   0.0   0.0   0.15  0.0   0.0   0.0   0.0   0.0   0.0   0.0   0.0   
36    F     0.0   0.0   0.0   0.0   0.0   0.0   0.0   0.0   0.0   0.0   0.15  0.0   0.0   0.68  0.0   0.0   0.0   0.0   0.18  0.0   
37    X     0.0   0.0   0.0   0.0   0.0   0.0   0.0   0.19  0.0   0.18  0.35  0.0   0.06  0.0   0.0   0.0   0.16  0.0   0.0   0.0   
38    N     0.0   0.0   0.43  0.0   0.0   0.0   0.0   0.0   0.0   0.0   0.0   0.0   0.0   0.0   0.0   0.25  0.31  0.0   0.0   0.0   
39    V     0.0   0.0   0.0   0.0   0.0   0.0   0.0   0.0   0.0   0.0   0.29  0.0   0.0   0.0   0.0   0.0   0.18  0.0   0.0   0.53  
40    L     0.0   0.0   0.16  0.0   0.0   0.0   0.0   0.0   0.0   0.0   0.34  0.0   0.0   0.31  0.0   0.0   0.0   0.0   0.19  0.0   
41    Q     0.0   0.16  0.0   0.0   0.0   0.5   0.15  0.0   0.19  0.0   0.0   0.0   0.0   0.0   0.0   0.0   0.0   0.0   0.0   0.0   
42    Q     0.0   0.0   0.19  0.0   0.0   0.33  0.15  0.0   0.0   0.0   0.0   0.33  0.0   0.0   0.0   0.0   0.0   0.0   0.0   0.0   
43    W     0.0   0.0   0.0   0.0   0.0   0.0   0.0   0.0   0.0   0.0   0.16  0.0   0.0   0.18  0.0   0.0   0.0   0.52  0.15  0.0   
44    E     0.0   0.0   0.0   0.31  0.0   0.0   0.19  0.0   0.0   0.15  0.19  0.0   0.0   0.0   0.0   0.0   0.16  0.0   0.0   0.0   
45    L     0.0   0.0   0.0   0.0   0.0   0.0   0.0   0.0   0.0   0.07  0.25  0.0   0.18  0.0   0.0   0.16  0.15  0.0   0.0   0.19  
46    D     0.0   0.0   0.0   0.81  0.0   0.0   0.19  0.0   0.0   0.0   0.0   0.0   0.0   0.0   0.0   0.0   0.0   0.0   0.0   0.0   
47    I     0.16  0.0   0.0   0.0   0.0   0.0   0.15  0.0   0.0   0.13  0.0   0.0   0.39  0.0   0.0   0.0   0.0   0.0   0.0   0.18  
48    Q     0.0   0.0   0.0   0.19  0.0   0.65  0.0   0.0   0.0   0.0   0.0   0.0   0.0   0.0   0.0   0.0   0.0   0.0   0.16  0.0   
49    K     0.0   0.19  0.0   0.0   0.0   0.0   0.0   0.0   0.0   0.0   0.0   0.81  0.0   0.0   0.0   0.0   0.0   0.0   0.0   0.0   
50    F     0.14  0.0   0.0   0.0   0.0   0.0   0.15  0.0   0.0   0.0   0.16  0.0   0.0   0.37  0.0   0.0   0.19  0.0   0.0   0.0   
51    E     0.0   0.19  0.18  0.0   0.0   0.0   0.48  0.0   0.0   0.0   0.0   0.16  0.0   0.0   0.0   0.0   0.0   0.0   0.0   0.0   
52    E     0.0   0.0   0.0   0.19  0.0   0.0   0.65  0.0   0.0   0.0   0.0   0.16  0.0   0.0   0.0   0.0   0.0   0.0   0.0   0.0   
53    Q     0.0   0.0   0.0   0.0   0.0   0.52  0.32  0.0   0.16  0.0   0.0   0.0   0.0   0.0   0.0   0.0   0.0   0.0   0.0   0.0   
54    G     0.16  0.0   0.0   0.0   0.0   0.18  0.48  0.19  0.0   0.0   0.0   0.0   0.0   0.0   0.0   0.0   0.0   0.0   0.0   0.0   
55    E     0.0   0.0   0.0   0.0   0.0   0.0   1.0   0.0   0.0   0.0   0.0   0.0   0.0   0.0   0.0   0.0   0.0   0.0   0.0   0.0   
56    K     0.0   0.0   0.0   0.0   0.0   0.0   0.0   0.15  0.0   0.0   0.0   0.5   0.0   0.0   0.0   0.0   0.16  0.0   0.19  0.0   
57    L     0.0   0.0   0.0   0.0   0.0   0.0   0.0   0.0   0.0   0.07  0.57  0.0   0.0   0.19  0.0   0.18  0.0   0.0   0.0   0.0   
58    S     0.07  0.0   0.0   0.0   0.0   0.0   0.0   0.0   0.0   0.15  0.07  0.0   0.0   0.0   0.0   0.48  0.06  0.0   0.0   0.18  
59    N     0.0   0.15  0.66  0.0   0.0   0.0   0.0   0.0   0.0   0.0   0.0   0.0   0.0   0.19  0.0   0.0   0.0   0.0   0.0   0.0   
60    L     0.0   0.0   0.18  0.0   0.0   0.0   0.0   0.0   0.0   0.34  0.26  0.0   0.22  0.0   0.0   0.0   0.0   0.0   0.0   0.0   
61    F     0.0   0.0   0.0   0.0   0.0   0.0   0.0   0.0   0.0   0.0   0.0   0.0   0.0   0.63  0.0   0.0   0.19  0.0   0.18  0.0   
62    R     0.0   0.33  0.0   0.0   0.0   0.52  0.0   0.0   0.0   0.0   0.0   0.0   0.16  0.0   0.0   0.0   0.0   0.0   0.0   0.0   
63    Q     0.0   0.0   0.0   0.0   0.0   0.52  0.31  0.0   0.0   0.0   0.0   0.18  0.0   0.0   0.0   0.0   0.0   0.0   0.0   0.0   
64    Q     0.0   0.0   0.0   0.0   0.0   0.82  0.18  0.0   0.0   0.0   0.0   0.0   0.0   0.0   0.0   0.0   0.0   0.0   0.0   0.0   
65    Q     0.0   0.0   0.0   0.0   0.0   0.81  0.0   0.0   0.0   0.0   0.0   0.0   0.19  0.0   0.0   0.0   0.0   0.0   0.0   0.0   
66    K     0.0   0.0   0.0   0.0   0.0   0.18  0.0   0.0   0.0   0.0   0.0   0.82  0.0   0.0   0.0   0.0   0.0   0.0   0.0   0.0   
67    I     0.18  0.0   0.0   0.0   0.0   0.0   0.0   0.0   0.0   0.45  0.0   0.15  0.0   0.16  0.0   0.0   0.0   0.0   0.0   0.07  
68    F     0.0   0.0   0.0   0.0   0.0   0.0   0.0   0.0   0.0   0.16  0.43  0.0   0.0   0.26  0.0   0.0   0.0   0.15  0.0   0.0   
69    Q     0.0   0.0   0.0   0.0   0.0   0.67  0.0   0.0   0.16  0.0   0.0   0.18  0.0   0.0   0.0   0.0   0.0   0.0   0.0   0.0   
70    Q     0.0   0.0   0.0   0.0   0.0   0.48  0.16  0.0   0.0   0.0   0.18  0.0   0.0   0.0   0.0   0.0   0.19  0.0   0.0   0.0   
71    S     0.19  0.0   0.0   0.0   0.0   0.0   0.0   0.0   0.0   0.0   0.0   0.0   0.0   0.0   0.0   0.6   0.06  0.0   0.15  0.0   
72    R     0.0   0.48  0.0   0.0   0.0   0.0   0.0   0.0   0.0   0.19  0.16  0.18  0.0   0.0   0.0   0.0   0.0   0.0   0.0   0.0   
73    I     0.0   0.0   0.0   0.0   0.18  0.0   0.19  0.0   0.0   0.33  0.0   0.0   0.0   0.0   0.0   0.15  0.16  0.0   0.0   0.0   
74    V     0.0   0.0   0.0   0.19  0.0   0.0   0.0   0.0   0.0   0.0   0.16  0.0   0.0   0.0   0.0   0.18  0.0   0.0   0.0   0.48  
75    Q     0.0   0.15  0.0   0.0   0.0   0.66  0.0   0.0   0.19  0.0   0.0   0.0   0.0   0.0   0.0   0.0   0.0   0.0   0.0   0.0   
76    S     0.0   0.15  0.0   0.0   0.0   0.0   0.19  0.0   0.0   0.0   0.0   0.16  0.0   0.0   0.0   0.5   0.0   0.0   0.0   0.0   
77    Q     0.0   0.0   0.16  0.0   0.0   0.5   0.15  0.0   0.0   0.0   0.0   0.0   0.0   0.0   0.0   0.0   0.19  0.0   0.0   0.0   
78    R     0.0   0.63  0.0   0.0   0.0   0.0   0.0   0.0   0.0   0.0   0.0   0.19  0.0   0.0   0.0   0.0   0.18  0.0   0.0   0.0   
79    X     0.0   0.0   0.0   0.0   0.0   0.0   0.0   0.0   0.0   0.0   0.65  0.0   0.28  0.0   0.0   0.0   0.0   0.0   0.0   0.0   
80    K     0.0   0.0   0.0   0.0   0.0   0.0   0.18  0.0   0.0   0.0   0.0   0.76  0.0   0.06  0.0   0.0   0.0   0.0   0.0   0.0   
81    A     0.37  0.0   0.19  0.0   0.0   0.0   0.31  0.0   0.0   0.0   0.0   0.0   0.0   0.0   0.0   0.0   0.14  0.0   0.0   0.0   
82    I     0.19  0.0   0.0   0.0   0.0   0.0   0.0   0.0   0.0   0.44  0.0   0.0   0.21  0.16  0.0   0.0   0.0   0.0   0.0   0.0   
83    K     0.0   0.07  0.0   0.0   0.0   0.0   0.0   0.0   0.0   0.0   0.0   0.93  0.0   0.0   0.0   0.0   0.0   0.0   0.0   0.0   
84    Q     0.0   0.0   0.0   0.37  0.0   0.33  0.0   0.0   0.0   0.0   0.15  0.0   0.0   0.0   0.0   0.16  0.0   0.0   0.0   0.0   
85    I     0.0   0.0   0.0   0.0   0.0   0.0   0.0   0.0   0.0   0.13  0.51  0.0   0.37  0.0   0.0   0.0   0.0   0.0   0.0   0.0   
86    H     0.0   0.15  0.0   0.0   0.35  0.0   0.0   0.0   0.37  0.0   0.0   0.0   0.0   0.0   0.0   0.0   0.0   0.0   0.14  0.0   
87    E     0.0   0.0   0.0   0.34  0.0   0.0   0.66  0.0   0.0   0.0   0.0   0.0   0.0   0.0   0.0   0.0   0.0   0.0   0.0   0.0   
88    Q     0.0   0.0   0.18  0.0   0.0   0.48  0.0   0.0   0.0   0.0   0.0   0.16  0.0   0.0   0.0   0.0   0.19  0.0   0.0   0.0   
89    F     0.0   0.0   0.0   0.0   0.0   0.0   0.0   0.0   0.0   0.0   0.0   0.0   0.0   0.67  0.0   0.0   0.0   0.0   0.33  0.0   
90    I     0.0   0.0   0.0   0.0   0.0   0.0   0.0   0.0   0.0   0.33  0.35  0.0   0.18  0.0   0.0   0.0   0.0   0.0   0.0   0.15  
91    K     0.0   0.0   0.0   0.0   0.0   0.0   0.33  0.0   0.0   0.0   0.0   0.67  0.0   0.0   0.0   0.0   0.0   0.0   0.0   0.0   
92    S     0.18  0.0   0.0   0.0   0.0   0.0   0.0   0.21  0.0   0.0   0.0   0.2   0.0   0.0   0.0   0.41  0.0   0.0   0.0   0.0   
93    L     0.0   0.0   0.0   0.0   0.0   0.0   0.0   0.0   0.0   0.0   0.82  0.0   0.18  0.0   0.0   0.0   0.0   0.0   0.0   0.0   
94    E     0.0   0.0   0.0   0.0   0.0   0.0   0.79  0.0   0.0   0.0   0.0   0.0   0.21  0.0   0.0   0.0   0.0   0.0   0.0   0.0   
95    D     0.0   0.0   0.21  0.5   0.0   0.0   0.09  0.0   0.0   0.0   0.0   0.0   0.0   0.0   0.0   0.0   0.0   0.0   0.0   0.2   
96    V     0.0   0.0   0.0   0.0   0.0   0.0   0.0   0.0   0.0   0.0   0.59  0.0   0.0   0.18  0.0   0.0   0.0   0.0   0.0   0.23  
97    E     0.0   0.2   0.0   0.0   0.0   0.0   0.8   0.0   0.0   0.0   0.0   0.0   0.0   0.0   0.0   0.0   0.0   0.0   0.0   0.0   
98    K     0.0   0.0   0.0   0.39  0.0   0.0   0.0   0.0   0.0   0.0   0.0   0.41  0.0   0.0   0.0   0.0   0.21  0.0   0.0   0.0   
99    N     0.0   0.0   0.61  0.0   0.0   0.0   0.0   0.0   0.0   0.0   0.18  0.0   0.0   0.0   0.0   0.2   0.0   0.0   0.0   0.0   
100   N     0.0   0.2   0.43  0.0   0.18  0.0   0.0   0.0   0.18  0.0   0.0   0.0   0.0   0.0   0.0   0.0   0.0   0.0   0.0   0.0   
101   D     0.0   0.0   0.0   0.5   0.0   0.0   0.09  0.2   0.0   0.0   0.0   0.0   0.0   0.0   0.0   0.0   0.0   0.0   0.21  0.0   
102   N     0.0   0.18  0.82  0.0   0.0   0.0   0.0   0.0   0.0   0.0   0.0   0.0   0.0   0.0   0.0   0.0   0.0   0.0   0.0   0.0   
103   L     0.02  0.01  0.01  0.01  0.0   0.01  0.01  0.01  0.0   0.01  0.43  0.01  0.21  0.01  0.01  0.01  0.01  0.0   0.01  0.2   
104   F     0.02  0.01  0.01  0.01  0.0   0.01  0.01  0.01  0.0   0.01  0.4   0.01  0.0   0.42  0.01  0.01  0.01  0.0   0.01  0.01  
105   T     0.02  0.01  0.01  0.01  0.0   0.01  0.01  0.01  0.0   0.01  0.02  0.01  0.0   0.21  0.01  0.2   0.42  0.0   0.01  0.01  
106   G     0.0   0.0   0.0   0.39  0.0   0.0   0.0   0.41  0.0   0.0   0.0   0.0   0.0   0.0   0.0   0.2   0.0   0.0   0.0   0.0   
107   T     0.18  0.0   0.0   0.0   0.0   0.0   0.18  0.0   0.0   0.2   0.0   0.0   0.0   0.0   0.0   0.0   0.23  0.0   0.0   0.21  
108   Q     0.2   0.0   0.0   0.39  0.0   0.41  0.0   0.0   0.0   0.0   0.0   0.0   0.0   0.0   0.0   0.0   0.0   0.0   0.0   0.0   
109   S     0.0   0.0   0.18  0.0   0.0   0.0   0.2   0.21  0.0   0.0   0.0   0.0   0.0   0.0   0.0   0.41  0.0   0.0   0.0   0.0   
110   E     0.0   0.0   0.0   0.0   0.0   0.0   1.0   0.0   0.0   0.0   0.0   0.0   0.0   0.0   0.0   0.0   0.0   0.0   0.0   0.0   
111   L     0.0   0.0   0.0   0.0   0.0   0.0   0.0   0.0   0.0   0.0   0.91  0.0   0.0   0.09  0.0   0.0   0.0   0.0   0.0   0.0   
112   K     0.0   0.48  0.0   0.0   0.0   0.0   0.0   0.0   0.0   0.0   0.0   0.52  0.0   0.0   0.0   0.0   0.0   0.0   0.0   0.0   
113   K     0.0   0.25  0.0   0.0   0.0   0.0   0.0   0.0   0.0   0.0   0.0   0.75  0.0   0.0   0.0   0.0   0.0   0.0   0.0   0.0   
114   E     0.0   0.0   0.0   0.0   0.0   0.0   0.75  0.0   0.0   0.0   0.25  0.0   0.0   0.0   0.0   0.0   0.0   0.0   0.0   0.0   
115   X     0.0   0.0   0.0   0.0   0.0   0.0   0.0   0.0   0.0   0.25  0.0   0.0   0.65  0.0   0.0   0.0   0.0   0.0   0.0   0.0   
116   A     0.77  0.0   0.0   0.0   0.0   0.0   0.0   0.0   0.0   0.0   0.0   0.0   0.0   0.0   0.0   0.23  0.0   0.0   0.0   0.0   
117   X     0.0   0.0   0.0   0.0   0.0   0.0   0.0   0.0   0.0   0.0   0.12  0.0   0.3   0.0   0.0   0.0   0.25  0.0   0.0   0.23  
118   L     0.0   0.0   0.0   0.0   0.0   0.0   0.0   0.0   0.0   0.0   0.77  0.0   0.0   0.23  0.0   0.0   0.0   0.0   0.0   0.0   
119   Q     0.0   0.0   0.0   0.0   0.0   0.52  0.25  0.0   0.0   0.0   0.0   0.23  0.0   0.0   0.0   0.0   0.0   0.0   0.0   0.0   
120   K     0.0   0.0   0.0   0.0   0.0   0.0   0.0   0.0   0.0   0.25  0.0   0.75  0.0   0.0   0.0   0.0   0.0   0.0   0.0   0.0   
121   K     0.0   0.0   0.0   0.23  0.0   0.0   0.0   0.0   0.0   0.0   0.0   0.77  0.0   0.0   0.0   0.0   0.0   0.0   0.0   0.0   
122   V     0.0   0.0   0.0   0.0   0.0   0.0   0.0   0.0   0.0   0.23  0.48  0.0   0.0   0.0   0.0   0.0   0.0   0.0   0.0   0.29  
123   X     0.0   0.0   0.0   0.0   0.0   0.0   0.0   0.0   0.0   0.0   0.0   0.0   0.86  0.0   0.0   0.0   0.0   0.0   0.0   0.0   
124   X     0.0   0.0   0.0   0.0   0.0   0.0   0.0   0.0   0.0   0.0   0.0   0.31  0.56  0.0   0.0   0.0   0.0   0.0   0.0   0.0   
125   E     0.0   0.0   0.0   0.0   0.0   0.0   0.69  0.0   0.31  0.0   0.0   0.0   0.0   0.0   0.0   0.0   0.0   0.0   0.0   0.0   
126   T     0.0   0.0   0.0   0.0   0.0   0.0   0.0   0.0   0.0   0.0   0.0   0.0   0.0   0.0   0.0   0.0   1.0   0.0   0.0   0.0   
127   Q     0.0   0.0   0.0   0.0   0.0   1.0   0.0   0.0   0.0   0.0   0.0   0.0   0.0   0.0   0.0   0.0   0.0   0.0   0.0   0.0   
