             A     R     N     D     C     Q     E     G     H     I     L     K     M     F     P     S     T     W     Y     V
1     S     0.0   0.0   0.0   0.0   0.0   0.0   0.0   0.14  0.0   0.0   0.0   0.0   0.0   0.0   0.0   0.86  0.0   0.0   0.0   0.0   
2     S     0.0   0.0   0.31  0.0   0.0   0.0   0.0   0.0   0.0   0.0   0.0   0.0   0.0   0.0   0.0   0.69  0.0   0.0   0.0   0.0   
3     A     0.3   0.0   0.0   0.0   0.0   0.0   0.0   0.2   0.0   0.2   0.0   0.0   0.0   0.0   0.31  0.0   0.0   0.0   0.0   0.0   
4     L     0.0   0.0   0.0   0.0   0.0   0.0   0.0   0.0   0.0   0.0   0.49  0.0   0.0   0.31  0.2   0.0   0.0   0.0   0.0   0.0   
5     D     0.0   0.0   0.0   0.74  0.0   0.0   0.26  0.0   0.0   0.0   0.0   0.0   0.0   0.0   0.0   0.0   0.0   0.0   0.0   0.0   
6     K     0.0   0.0   0.22  0.0   0.0   0.0   0.0   0.09  0.0   0.0   0.0   0.6   0.0   0.0   0.0   0.0   0.0   0.0   0.0   0.1   
7     L     0.0   0.0   0.0   0.0   0.0   0.0   0.0   0.0   0.0   0.0   0.8   0.0   0.0   0.0   0.0   0.0   0.0   0.0   0.0   0.2   
8     K     0.0   0.0   0.0   0.0   0.0   0.0   0.18  0.0   0.0   0.0   0.0   0.82  0.0   0.0   0.0   0.0   0.0   0.0   0.0   0.0   
9     E     0.0   0.0   0.0   0.0   0.0   0.0   0.8   0.0   0.0   0.0   0.0   0.0   0.0   0.0   0.0   0.0   0.0   0.0   0.0   0.2   
10    F     0.0   0.0   0.0   0.0   0.0   0.0   0.0   0.0   0.0   0.0   0.08  0.0   0.0   0.92  0.0   0.0   0.0   0.0   0.0   0.0   
11    G     0.2   0.0   0.0   0.0   0.0   0.0   0.0   0.8   0.0   0.0   0.0   0.0   0.0   0.0   0.0   0.0   0.0   0.0   0.0   0.0   
12    N     0.0   0.0   0.63  0.2   0.0   0.0   0.0   0.0   0.0   0.0   0.0   0.18  0.0   0.0   0.0   0.0   0.0   0.0   0.0   0.0   
13    T     0.0   0.0   0.2   0.0   0.0   0.0   0.0   0.0   0.0   0.0   0.0   0.0   0.0   0.0   0.0   0.0   0.8   0.0   0.0   0.0   
14    L     0.0   0.0   0.0   0.0   0.0   0.0   0.0   0.0   0.0   0.2   0.75  0.0   0.05  0.0   0.0   0.0   0.0   0.0   0.0   0.0   
15    E     0.0   0.0   0.0   0.0   0.0   0.0   0.75  0.25  0.0   0.0   0.0   0.0   0.0   0.0   0.0   0.0   0.0   0.0   0.0   0.0   
16    D     0.0   0.0   0.07  0.73  0.0   0.0   0.2   0.0   0.0   0.0   0.0   0.0   0.0   0.0   0.0   0.0   0.0   0.0   0.0   0.0   
17    K     0.0   0.0   0.18  0.0   0.0   0.0   0.0   0.0   0.0   0.0   0.0   0.82  0.0   0.0   0.0   0.0   0.0   0.0   0.0   0.0   
18    A     0.54  0.0   0.0   0.0   0.0   0.0   0.0   0.0   0.0   0.0   0.0   0.0   0.0   0.0   0.0   0.0   0.28  0.0   0.0   0.18  
19    R     0.0   0.76  0.0   0.0   0.0   0.0   0.0   0.0   0.0   0.0   0.0   0.24  0.0   0.0   0.0   0.0   0.0   0.0   0.0   0.0   
20    E     0.48  0.0   0.0   0.0   0.0   0.0   0.48  0.0   0.0   0.0   0.0   0.04  0.0   0.0   0.0   0.0   0.0   0.0   0.0   0.0   
21    L     0.52  0.0   0.0   0.0   0.0   0.0   0.0   0.0   0.0   0.0   0.08  0.0   0.0   0.26  0.0   0.0   0.0   0.0   0.0   0.14  
22    I     0.0   0.0   0.0   0.0   0.0   0.0   0.0   0.0   0.0   0.65  0.23  0.0   0.0   0.09  0.0   0.0   0.0   0.0   0.0   0.03  
23    S     0.0   0.0   0.28  0.05  0.0   0.2   0.35  0.0   0.0   0.0   0.0   0.0   0.0   0.0   0.0   0.13  0.0   0.0   0.0   0.0   
24    R     0.0   0.4   0.0   0.0   0.0   0.0   0.2   0.0   0.09  0.0   0.09  0.0   0.0   0.0   0.0   0.14  0.08  0.0   0.0   0.0   
25    I     0.0   0.0   0.0   0.0   0.0   0.0   0.0   0.0   0.0   0.76  0.2   0.0   0.0   0.0   0.0   0.0   0.0   0.0   0.0   0.05  
26    K     0.0   0.0   0.0   0.0   0.0   0.0   0.0   0.0   0.2   0.0   0.0   0.63  0.0   0.0   0.0   0.0   0.18  0.0   0.0   0.0   
27    Q     0.0   0.0   0.0   0.2   0.0   0.68  0.09  0.0   0.0   0.0   0.0   0.03  0.0   0.0   0.0   0.0   0.0   0.0   0.0   0.0   
28    S     0.0   0.0   0.05  0.0   0.0   0.0   0.0   0.0   0.0   0.0   0.0   0.09  0.0   0.0   0.0   0.86  0.0   0.0   0.0   0.0   
29    E     0.0   0.0   0.0   0.4   0.0   0.0   0.6   0.0   0.0   0.0   0.0   0.0   0.0   0.0   0.0   0.0   0.0   0.0   0.0   0.0   
30    L     0.0   0.0   0.0   0.0   0.0   0.0   0.0   0.0   0.0   0.42  0.35  0.0   0.0   0.23  0.0   0.0   0.0   0.0   0.0   0.0   
31    S     0.0   0.0   0.0   0.0   0.0   0.0   0.0   0.0   0.0   0.0   0.04  0.0   0.05  0.0   0.6   0.31  0.0   0.0   0.0   0.0   
32    A     0.67  0.0   0.0   0.0   0.0   0.0   0.0   0.0   0.0   0.05  0.0   0.0   0.0   0.0   0.0   0.0   0.28  0.0   0.0   0.0   
33    K     0.0   0.0   0.0   0.0   0.0   0.0   0.0   0.0   0.0   0.0   0.0   1.0   0.0   0.0   0.0   0.0   0.0   0.0   0.0   0.0   
34    M     0.0   0.0   0.0   0.0   0.0   0.0   0.0   0.0   0.0   0.0   0.0   0.0   0.17  0.0   0.0   0.0   0.83  0.0   0.0   0.0   
35    R     0.0   0.92  0.0   0.0   0.0   0.0   0.0   0.0   0.0   0.0   0.0   0.0   0.0   0.0   0.0   0.0   0.0   0.08  0.0   0.0   
36    E     0.05  0.0   0.59  0.2   0.0   0.0   0.08  0.0   0.0   0.0   0.0   0.04  0.0   0.0   0.0   0.0   0.03  0.0   0.0   0.0   
37    W     0.0   0.0   0.0   0.0   0.0   0.0   0.0   0.0   0.0   0.0   0.0   0.0   0.0   0.0   0.0   0.0   0.0   1.0   0.0   0.0   
38    F     0.0   0.0   0.0   0.0   0.0   0.0   0.0   0.0   0.0   0.0   0.0   0.0   0.0   1.0   0.0   0.0   0.0   0.0   0.0   0.0   
39    S     0.0   0.0   0.0   0.0   0.0   0.0   0.0   0.0   0.0   0.0   0.0   0.0   0.0   0.0   0.0   0.95  0.05  0.0   0.0   0.0   
40    E     0.0   0.0   0.0   0.0   0.0   0.0   1.0   0.0   0.0   0.0   0.0   0.0   0.0   0.0   0.0   0.0   0.0   0.0   0.0   0.0   
41    T     0.08  0.0   0.0   0.0   0.0   0.0   0.0   0.0   0.17  0.05  0.0   0.0   0.0   0.0   0.0   0.0   0.7   0.0   0.0   0.0   
42    F     0.0   0.0   0.0   0.0   0.0   0.0   0.0   0.0   0.0   0.0   0.14  0.0   0.0   0.76  0.0   0.0   0.0   0.0   0.1   0.0   
43    Q     0.0   0.15  0.21  0.0   0.0   0.22  0.0   0.15  0.03  0.0   0.0   0.2   0.0   0.0   0.0   0.04  0.0   0.0   0.0   0.0   
44    K     0.0   0.0   0.0   0.0   0.0   0.0   0.0   0.0   0.0   0.0   0.0   1.0   0.0   0.0   0.0   0.0   0.0   0.0   0.0   0.0   
45    V     0.0   0.0   0.0   0.0   0.0   0.0   0.0   0.0   0.0   0.0   0.04  0.0   0.05  0.0   0.0   0.0   0.0   0.0   0.0   0.9   
46    K     0.0   0.09  0.0   0.0   0.0   0.0   0.0   0.0   0.0   0.0   0.0   0.91  0.0   0.0   0.0   0.0   0.0   0.0   0.0   0.0   
47    E     0.0   0.0   0.0   0.09  0.0   0.0   0.91  0.0   0.0   0.0   0.0   0.0   0.0   0.0   0.0   0.0   0.0   0.0   0.0   0.0   
48    K     0.0   0.08  0.0   0.0   0.0   0.15  0.0   0.0   0.04  0.0   0.0   0.64  0.0   0.0   0.0   0.0   0.09  0.0   0.0   0.0   
49    L     0.0   0.0   0.0   0.0   0.0   0.0   0.0   0.0   0.0   0.0   0.91  0.0   0.0   0.09  0.0   0.0   0.0   0.0   0.0   0.0   
50    K     0.0   0.05  0.05  0.0   0.0   0.0   0.0   0.0   0.0   0.0   0.0   0.9   0.0   0.0   0.0   0.0   0.0   0.0   0.0   0.0   
51    I     0.0   0.0   0.0   0.0   0.0   0.0   0.0   0.0   0.0   1.0   0.0   0.0   0.0   0.0   0.0   0.0   0.0   0.0   0.0   0.0   
