             A     R     N     D     C     Q     E     G     H     I     L     K     M     F     P     S     T     W     Y     V
1     X     0.0   0.0   0.0   0.0   0.0   0.0   0.0   0.0   0.0   0.0   0.0   0.0   0.0   0.0   0.0   0.0   0.0   0.0   0.0   0.0   
2     T     0.0   0.0   0.0   0.0   0.0   0.0   0.0   0.0   0.0   0.0   0.0   0.0   0.0   0.0   0.0   0.0   1.0   0.0   0.0   0.0   
3     S     0.0   0.0   0.0   0.0   0.0   0.0   0.0   0.0   0.0   0.0   0.0   0.0   0.0   0.0   0.0   1.0   0.0   0.0   0.0   0.0   
4     I     0.0   0.0   0.0   0.0   0.0   0.0   0.0   0.0   0.0   0.82  0.0   0.0   0.0   0.0   0.0   0.0   0.0   0.0   0.0   0.18  
5     V     0.0   0.0   0.0   0.0   0.0   0.0   0.0   0.0   0.0   0.37  0.0   0.0   0.0   0.0   0.0   0.0   0.0   0.0   0.0   0.63  
6     A     0.76  0.0   0.0   0.0   0.0   0.0   0.0   0.0   0.0   0.0   0.0   0.0   0.0   0.0   0.0   0.0   0.24  0.0   0.0   0.0   
7     Q     0.0   0.0   0.0   0.0   0.0   0.68  0.32  0.0   0.0   0.0   0.0   0.0   0.0   0.0   0.0   0.0   0.0   0.0   0.0   0.0   
8     D     0.0   0.0   0.13  0.75  0.0   0.0   0.0   0.0   0.0   0.0   0.0   0.0   0.0   0.0   0.0   0.0   0.13  0.0   0.0   0.0   
9     S     0.0   0.0   0.0   0.0   0.0   0.0   0.17  0.05  0.0   0.0   0.0   0.36  0.0   0.0   0.0   0.42  0.0   0.0   0.0   0.0   
10    Q     0.13  0.15  0.0   0.26  0.0   0.14  0.1   0.0   0.0   0.0   0.0   0.22  0.0   0.0   0.0   0.0   0.0   0.0   0.0   0.0   
11    G     0.0   0.0   0.13  0.0   0.0   0.0   0.0   0.87  0.0   0.0   0.0   0.0   0.0   0.0   0.0   0.0   0.0   0.0   0.0   0.0   
12    R     0.0   0.09  0.0   0.0   0.0   0.13  0.0   0.0   0.65  0.0   0.0   0.13  0.0   0.0   0.0   0.0   0.0   0.0   0.0   0.0   
13    I     0.0   0.0   0.0   0.0   0.0   0.0   0.0   0.0   0.0   0.37  0.45  0.0   0.0   0.0   0.0   0.0   0.0   0.0   0.0   0.18  
14    Y     0.0   0.0   0.0   0.0   0.0   0.0   0.0   0.0   0.0   0.21  0.24  0.0   0.0   0.13  0.0   0.0   0.0   0.0   0.42  0.0   
15    H     0.0   0.0   0.0   0.0   0.0   0.0   0.0   0.0   1.0   0.0   0.0   0.0   0.0   0.0   0.0   0.0   0.0   0.0   0.0   0.0   
16    G     0.31  0.0   0.0   0.0   0.0   0.0   0.0   0.64  0.0   0.0   0.0   0.0   0.0   0.0   0.0   0.0   0.0   0.0   0.0   0.05  
17    R     0.0   1.0   0.0   0.0   0.0   0.0   0.0   0.0   0.0   0.0   0.0   0.0   0.0   0.0   0.0   0.0   0.0   0.0   0.0   0.0   
18    N     0.0   0.0   0.84  0.0   0.0   0.0   0.0   0.0   0.0   0.0   0.0   0.0   0.0   0.0   0.0   0.0   0.16  0.0   0.0   0.0   
19    L     0.0   0.0   0.0   0.0   0.0   0.0   0.0   0.0   0.0   0.0   0.77  0.0   0.23  0.0   0.0   0.0   0.0   0.0   0.0   0.0   
20    D     0.0   0.0   0.0   1.0   0.0   0.0   0.0   0.0   0.0   0.0   0.0   0.0   0.0   0.0   0.0   0.0   0.0   0.0   0.0   0.0   
21    Y     0.01  0.01  0.0   0.01  0.0   0.0   0.01  0.01  0.0   0.01  0.01  0.01  0.0   0.39  0.01  0.01  0.01  0.16  0.35  0.01  
22    P     0.01  0.01  0.0   0.11  0.0   0.12  0.01  0.08  0.0   0.01  0.01  0.01  0.0   0.0   0.41  0.01  0.01  0.0   0.0   0.2   
23    F     0.0   0.0   0.0   0.0   0.0   0.0   0.0   0.0   0.0   0.34  0.16  0.0   0.1   0.31  0.0   0.0   0.0   0.0   0.04  0.04  
24    G     0.01  0.01  0.01  0.01  0.0   0.01  0.01  0.36  0.0   0.01  0.01  0.01  0.0   0.01  0.01  0.13  0.38  0.0   0.01  0.01  
25    K     0.0   0.0   0.08  0.04  0.0   0.22  0.53  0.0   0.0   0.0   0.0   0.07  0.0   0.0   0.0   0.04  0.0   0.0   0.0   0.0   
26    I     0.04  0.0   0.0   0.0   0.0   0.04  0.23  0.0   0.0   0.12  0.25  0.12  0.0   0.16  0.0   0.0   0.0   0.0   0.0   0.04  
27    L     0.0   0.0   0.0   0.0   0.0   0.0   0.0   0.0   0.0   0.0   1.0   0.0   0.0   0.0   0.0   0.0   0.0   0.0   0.0   0.0   
28    R     0.0   0.36  0.0   0.0   0.0   0.0   0.0   0.0   0.0   0.0   0.0   0.64  0.0   0.0   0.0   0.0   0.0   0.0   0.0   0.0   
29    K     0.0   0.0   0.1   0.16  0.0   0.0   0.0   0.0   0.0   0.0   0.0   0.47  0.0   0.0   0.27  0.0   0.0   0.0   0.0   0.0   
30    L     0.0   0.0   0.0   0.0   0.0   0.0   0.0   0.0   0.0   0.1   0.47  0.0   0.16  0.16  0.0   0.0   0.0   0.0   0.0   0.11  
31    T     0.0   0.0   0.0   0.0   0.0   0.0   0.0   0.0   0.0   0.12  0.0   0.0   0.0   0.0   0.0   0.11  0.78  0.0   0.0   0.0   
32    A     0.12  0.0   0.0   0.0   0.0   0.0   0.0   0.0   0.0   0.38  0.0   0.0   0.0   0.0   0.0   0.0   0.0   0.0   0.0   0.5   
33    D     0.0   0.0   0.53  0.21  0.0   0.0   0.0   0.16  0.1   0.0   0.0   0.0   0.0   0.0   0.0   0.0   0.0   0.0   0.0   0.0   
34    V     0.0   0.0   0.0   0.0   0.0   0.0   0.0   0.0   0.0   0.11  0.43  0.0   0.0   0.0   0.0   0.0   0.0   0.0   0.0   0.46  
35    Q     0.0   0.0   0.39  0.37  0.0   0.24  0.0   0.0   0.0   0.0   0.0   0.0   0.0   0.0   0.0   0.0   0.0   0.0   0.0   0.0   
36    F     0.0   0.0   0.0   0.0   0.0   0.0   0.0   0.0   0.0   0.16  0.0   0.0   0.0   0.72  0.0   0.0   0.0   0.12  0.0   0.0   
37    I     0.0   0.0   0.0   0.0   0.0   0.27  0.0   0.0   0.0   0.24  0.24  0.0   0.0   0.11  0.0   0.0   0.0   0.0   0.0   0.14  
38    K     0.0   0.53  0.0   0.0   0.0   0.0   0.0   0.0   0.0   0.0   0.0   0.47  0.0   0.0   0.0   0.0   0.0   0.0   0.0   0.0   
39    N     0.16  0.0   0.72  0.12  0.0   0.0   0.0   0.0   0.0   0.0   0.0   0.0   0.0   0.0   0.0   0.0   0.0   0.0   0.0   0.0   
40    G     0.0   0.0   0.35  0.0   0.0   0.0   0.0   0.57  0.0   0.0   0.0   0.0   0.0   0.0   0.0   0.08  0.0   0.0   0.0   0.0   
41    Q     0.0   0.0   0.0   0.0   0.0   0.24  0.0   0.0   0.0   0.0   0.0   0.65  0.0   0.0   0.0   0.0   0.1   0.0   0.0   0.0   
42    I     0.0   0.0   0.0   0.0   0.0   0.0   0.0   0.0   0.0   0.35  0.22  0.16  0.0   0.0   0.0   0.0   0.27  0.0   0.0   0.0   
43    A     0.2   0.0   0.0   0.0   0.0   0.1   0.0   0.0   0.0   0.16  0.26  0.0   0.0   0.0   0.0   0.0   0.0   0.0   0.0   0.27  
44    F     0.0   0.0   0.0   0.0   0.0   0.0   0.0   0.16  0.0   0.0   0.0   0.0   0.0   0.62  0.0   0.0   0.0   0.0   0.22  0.0   
45    T     0.0   0.0   0.0   0.0   0.0   0.16  0.0   0.0   0.0   0.0   0.0   0.49  0.0   0.0   0.0   0.1   0.24  0.0   0.0   0.0   
46    G     0.31  0.0   0.0   0.0   0.0   0.0   0.0   0.42  0.0   0.0   0.0   0.0   0.0   0.0   0.0   0.12  0.16  0.0   0.0   0.0   
47    T     0.04  0.0   0.12  0.0   0.0   0.0   0.0   0.0   0.0   0.16  0.1   0.0   0.0   0.0   0.0   0.18  0.39  0.0   0.0   0.0   
48    T     0.0   0.0   0.12  0.0   0.0   0.0   0.0   0.04  0.0   0.0   0.0   0.0   0.0   0.0   0.0   0.19  0.66  0.0   0.0   0.0   
49    F     0.0   0.0   0.0   0.0   0.0   0.0   0.0   0.0   0.0   0.0   0.11  0.0   0.0   0.73  0.0   0.0   0.0   0.16  0.0   0.0   
50    V     0.56  0.0   0.0   0.0   0.0   0.0   0.0   0.0   0.0   0.29  0.0   0.0   0.0   0.0   0.0   0.0   0.0   0.0   0.0   0.15  
51    G     0.0   0.0   0.0   0.0   0.0   0.0   0.0   0.9   0.0   0.0   0.1   0.0   0.0   0.0   0.0   0.0   0.0   0.0   0.0   0.0   
52    Y     0.0   0.0   0.0   0.0   0.0   0.0   0.0   0.0   0.11  0.0   0.0   0.0   0.0   0.0   0.0   0.0   0.0   0.0   0.89  0.0   
53    V     0.0   0.0   0.1   0.0   0.0   0.0   0.0   0.0   0.0   0.12  0.0   0.0   0.0   0.0   0.0   0.0   0.0   0.0   0.0   0.78  
54    G     0.0   0.0   0.0   0.0   0.0   0.0   0.0   1.0   0.0   0.0   0.0   0.0   0.0   0.0   0.0   0.0   0.0   0.0   0.0   0.0   
55    L     0.0   0.0   0.0   0.0   0.0   0.0   0.0   0.0   0.0   0.12  0.24  0.0   0.27  0.16  0.0   0.0   0.0   0.0   0.0   0.21  
56    W     0.0   0.0   0.0   0.0   0.0   0.0   0.0   0.0   0.0   0.0   0.64  0.0   0.0   0.0   0.0   0.0   0.0   0.24  0.12  0.0   
57    T     0.0   0.0   0.12  0.0   0.0   0.0   0.0   0.0   0.0   0.0   0.0   0.0   0.0   0.0   0.0   0.0   0.88  0.0   0.0   0.0   
58    G     0.27  0.0   0.0   0.0   0.0   0.0   0.0   0.73  0.0   0.0   0.0   0.0   0.0   0.0   0.0   0.0   0.0   0.0   0.0   0.0   
59    Q     0.0   0.0   0.16  0.0   0.0   0.35  0.0   0.0   0.0   0.0   0.12  0.0   0.11  0.27  0.0   0.0   0.0   0.0   0.0   0.0   
60    S     0.0   0.1   0.0   0.0   0.0   0.0   0.0   0.0   0.16  0.0   0.0   0.49  0.0   0.0   0.0   0.24  0.0   0.0   0.0   0.0   
61    P     0.0   0.0   0.0   0.0   0.0   0.0   0.0   0.0   0.0   0.0   0.0   0.16  0.0   0.0   0.84  0.0   0.0   0.0   0.0   0.0   
62    H     0.0   0.0   0.12  0.0   0.0   0.0   0.0   0.37  0.47  0.0   0.0   0.0   0.0   0.0   0.0   0.0   0.0   0.0   0.04  0.0   
63    K     0.12  0.0   0.16  0.0   0.0   0.04  0.1   0.0   0.0   0.0   0.23  0.35  0.0   0.0   0.0   0.0   0.0   0.0   0.0   0.0   
64    F     0.0   0.0   0.0   0.0   0.0   0.0   0.0   0.0   0.0   0.0   0.04  0.0   0.0   0.7   0.0   0.0   0.0   0.0   0.27  0.0   
65    T     0.0   0.0   0.0   0.0   0.0   0.0   0.0   0.0   0.0   0.0   0.0   0.0   0.0   0.0   0.0   0.59  0.41  0.0   0.0   0.0   
66    I     0.0   0.0   0.0   0.0   0.0   0.0   0.0   0.0   0.0   0.28  0.45  0.0   0.0   0.0   0.0   0.0   0.0   0.0   0.0   0.27  
67    S     0.16  0.0   0.0   0.0   0.0   0.0   0.0   0.0   0.0   0.0   0.0   0.0   0.0   0.0   0.0   0.49  0.34  0.0   0.0   0.0   
68    G     0.12  0.0   0.0   0.0   0.0   0.0   0.0   0.24  0.0   0.16  0.37  0.0   0.11  0.0   0.0   0.0   0.0   0.0   0.0   0.0   
69    D     0.0   0.0   0.64  0.36  0.0   0.0   0.0   0.0   0.0   0.0   0.0   0.0   0.0   0.0   0.0   0.0   0.0   0.0   0.0   0.0   
70    E     0.21  0.0   0.0   0.12  0.0   0.0   0.51  0.0   0.0   0.0   0.0   0.0   0.0   0.0   0.0   0.0   0.0   0.0   0.16  0.0   
71    R     0.0   0.89  0.0   0.0   0.0   0.0   0.0   0.0   0.0   0.0   0.0   0.11  0.0   0.0   0.0   0.0   0.0   0.0   0.0   0.0   
72    D     0.0   0.0   0.38  0.28  0.0   0.0   0.0   0.0   0.0   0.0   0.0   0.0   0.0   0.23  0.0   0.0   0.0   0.0   0.1   0.0   
73    K     0.0   0.04  0.0   0.0   0.0   0.12  0.0   0.15  0.0   0.0   0.0   0.2   0.0   0.0   0.0   0.38  0.0   0.0   0.0   0.11  
74    G     0.11  0.0   0.16  0.0   0.0   0.0   0.0   0.61  0.0   0.0   0.0   0.0   0.04  0.0   0.0   0.0   0.04  0.0   0.0   0.04  
75    W     0.1   0.0   0.12  0.0   0.0   0.0   0.16  0.12  0.0   0.0   0.0   0.11  0.0   0.04  0.0   0.0   0.0   0.24  0.11  0.0   
76    W     0.0   0.0   0.0   0.0   0.0   0.0   0.0   0.12  0.0   0.0   0.11  0.0   0.04  0.0   0.0   0.16  0.0   0.35  0.22  0.0   
77    W     0.01  0.01  0.17  0.01  0.0   0.0   0.01  0.16  0.0   0.11  0.01  0.01  0.0   0.0   0.01  0.01  0.01  0.25  0.23  0.01  
78    E     0.02  0.01  0.01  0.12  0.0   0.17  0.26  0.13  0.01  0.01  0.02  0.01  0.01  0.05  0.01  0.02  0.02  0.0   0.08  0.02  
79    N     0.02  0.01  0.36  0.01  0.0   0.01  0.02  0.02  0.01  0.13  0.1   0.01  0.05  0.01  0.01  0.18  0.02  0.0   0.01  0.02  
80    M     0.05  0.16  0.0   0.0   0.0   0.0   0.0   0.23  0.0   0.11  0.16  0.0   0.27  0.0   0.0   0.0   0.0   0.0   0.0   0.0   
81    I     0.0   0.0   0.0   0.0   0.0   0.0   0.0   0.11  0.0   0.35  0.31  0.0   0.0   0.0   0.0   0.0   0.0   0.0   0.0   0.24  
82    A     0.51  0.0   0.0   0.0   0.0   0.0   0.0   0.0   0.0   0.04  0.19  0.0   0.14  0.12  0.0   0.0   0.0   0.0   0.0   0.0   
83    A     0.24  0.0   0.0   0.0   0.0   0.0   0.37  0.12  0.0   0.0   0.0   0.16  0.0   0.0   0.0   0.0   0.0   0.0   0.11  0.0   
84    L     0.0   0.0   0.0   0.0   0.0   0.0   0.11  0.0   0.0   0.16  0.36  0.0   0.0   0.1   0.0   0.0   0.0   0.27  0.0   0.0   
85    S     0.0   0.0   0.11  0.0   0.0   0.0   0.12  0.0   0.0   0.35  0.0   0.0   0.08  0.13  0.0   0.12  0.1   0.0   0.0   0.0   
86    L     0.12  0.04  0.0   0.0   0.0   0.04  0.0   0.0   0.0   0.0   0.35  0.27  0.0   0.08  0.0   0.0   0.11  0.0   0.0   0.0   
87    G     0.0   0.09  0.16  0.22  0.0   0.0   0.0   0.42  0.0   0.0   0.0   0.0   0.0   0.1   0.0   0.0   0.0   0.0   0.0   0.0   
88    H     0.0   0.04  0.0   0.0   0.0   0.0   0.0   0.12  0.24  0.16  0.11  0.33  0.0   0.0   0.0   0.0   0.0   0.0   0.0   0.0   
89    S     0.0   0.1   0.0   0.0   0.0   0.27  0.0   0.0   0.0   0.04  0.0   0.38  0.0   0.0   0.0   0.2   0.0   0.0   0.0   0.0   
90    P     0.0   0.0   0.04  0.23  0.0   0.0   0.0   0.0   0.0   0.0   0.0   0.0   0.0   0.11  0.51  0.0   0.0   0.12  0.0   0.0   
91    I     0.23  0.0   0.0   0.0   0.0   0.0   0.0   0.0   0.0   0.16  0.0   0.0   0.12  0.0   0.0   0.0   0.0   0.0   0.0   0.5   
92    S     0.0   0.0   0.0   0.0   0.0   0.11  0.0   0.16  0.0   0.0   0.0   0.04  0.18  0.0   0.0   0.5   0.0   0.0   0.0   0.0   
93    W     0.0   0.0   0.0   0.0   0.0   0.0   0.0   0.0   0.0   0.0   0.0   0.0   0.0   0.1   0.0   0.0   0.0   0.63  0.27  0.0   
94    L     0.0   0.0   0.0   0.0   0.0   0.0   0.0   0.0   0.0   0.19  0.43  0.0   0.16  0.21  0.0   0.0   0.0   0.0   0.0   0.0   
95    I     0.12  0.0   0.0   0.11  0.0   0.0   0.0   0.0   0.0   0.39  0.04  0.0   0.0   0.0   0.0   0.0   0.19  0.0   0.0   0.16  
96    R     0.0   1.0   0.0   0.0   0.0   0.0   0.0   0.0   0.0   0.0   0.0   0.0   0.0   0.0   0.0   0.0   0.0   0.0   0.0   0.0   
97    K     0.04  0.0   0.0   0.1   0.0   0.0   0.12  0.0   0.0   0.0   0.0   0.12  0.0   0.0   0.0   0.19  0.16  0.11  0.16  0.0   
98    T     0.0   0.0   0.0   0.0   0.0   0.0   0.0   0.0   0.0   0.0   0.27  0.0   0.0   0.0   0.0   0.0   0.36  0.0   0.0   0.37  
99    L     0.0   0.0   0.0   0.0   0.0   0.0   0.0   0.0   0.0   0.16  0.73  0.0   0.0   0.11  0.0   0.0   0.0   0.0   0.0   0.0   
100   S     0.0   0.0   0.0   0.0   0.0   0.0   0.76  0.0   0.0   0.0   0.0   0.0   0.0   0.0   0.0   0.2   0.04  0.0   0.0   0.0   
101   E     0.0   0.0   0.64  0.0   0.0   0.0   0.24  0.0   0.0   0.0   0.0   0.0   0.0   0.0   0.0   0.0   0.12  0.0   0.0   0.0   
102   S     0.08  0.0   0.0   0.0   0.11  0.1   0.16  0.0   0.0   0.0   0.0   0.12  0.0   0.0   0.0   0.39  0.04  0.0   0.0   0.0   
103   E     0.1   0.0   0.0   0.11  0.0   0.0   0.24  0.0   0.0   0.0   0.0   0.16  0.0   0.0   0.0   0.0   0.38  0.0   0.0   0.0   
104   S     0.0   0.0   0.04  0.19  0.0   0.0   0.0   0.0   0.0   0.0   0.0   0.0   0.0   0.0   0.16  0.38  0.22  0.0   0.0   0.0   
105   F     0.0   0.0   0.0   0.0   0.0   0.0   0.0   0.0   0.0   0.16  0.0   0.0   0.0   0.35  0.0   0.0   0.0   0.0   0.49  0.0   
106   E     0.0   0.0   0.0   0.0   0.0   0.11  0.67  0.0   0.0   0.0   0.12  0.0   0.0   0.0   0.0   0.0   0.1   0.0   0.0   0.0   
107   A     0.24  0.0   0.0   0.12  0.11  0.0   0.37  0.0   0.0   0.0   0.0   0.16  0.0   0.0   0.0   0.0   0.0   0.0   0.0   0.0   
108   A     0.76  0.0   0.0   0.0   0.0   0.0   0.0   0.0   0.0   0.0   0.0   0.0   0.0   0.0   0.0   0.04  0.04  0.0   0.0   0.16  
109   V     0.0   0.11  0.0   0.0   0.0   0.0   0.0   0.0   0.0   0.16  0.0   0.38  0.0   0.0   0.0   0.0   0.0   0.0   0.0   0.35  
110   Y     0.16  0.0   0.22  0.1   0.0   0.0   0.22  0.04  0.0   0.0   0.0   0.0   0.0   0.0   0.0   0.0   0.04  0.0   0.2   0.0   
111   T     0.1   0.04  0.0   0.0   0.0   0.0   0.0   0.0   0.12  0.19  0.04  0.19  0.0   0.16  0.0   0.0   0.15  0.0   0.0   0.0   
112   L     0.0   0.0   0.0   0.0   0.0   0.0   0.0   0.0   0.0   0.11  0.63  0.0   0.0   0.1   0.0   0.0   0.16  0.0   0.0   0.0   
113   A     0.39  0.0   0.0   0.0   0.0   0.0   0.0   0.0   0.0   0.0   0.0   0.0   0.12  0.0   0.0   0.1   0.39  0.0   0.0   0.0   
114   K     0.0   0.1   0.12  0.0   0.0   0.0   0.16  0.11  0.0   0.0   0.0   0.51  0.0   0.0   0.0   0.0   0.0   0.0   0.0   0.0   
115   T     0.0   0.0   0.0   0.0   0.0   0.0   0.0   0.0   0.0   0.0   0.0   0.0   0.0   0.0   0.0   0.04  0.69  0.0   0.0   0.27  
116   P     0.0   0.0   0.0   0.0   0.0   0.16  0.0   0.0   0.1   0.0   0.0   0.37  0.0   0.0   0.36  0.0   0.0   0.0   0.0   0.0   
117   L     0.0   0.0   0.0   0.0   0.0   0.0   0.0   0.0   0.0   0.23  0.66  0.0   0.12  0.0   0.0   0.0   0.0   0.0   0.0   0.0   
118   I     0.0   0.0   0.0   0.0   0.0   0.0   0.0   0.0   0.0   0.41  0.41  0.0   0.04  0.1   0.0   0.0   0.04  0.0   0.0   0.0   
119   A     0.51  0.0   0.0   0.0   0.0   0.0   0.0   0.0   0.0   0.0   0.0   0.0   0.0   0.0   0.0   0.38  0.11  0.0   0.0   0.0   
120   D     0.0   0.0   0.0   0.24  0.0   0.0   0.0   0.11  0.0   0.0   0.0   0.0   0.0   0.0   0.65  0.0   0.0   0.0   0.0   0.0   
121   V     0.34  0.0   0.0   0.0   0.16  0.0   0.0   0.0   0.0   0.0   0.0   0.0   0.0   0.0   0.0   0.1   0.0   0.0   0.0   0.4   
122   Y     0.0   0.0   0.0   0.0   0.0   0.0   0.0   0.0   0.0   0.0   0.0   0.0   0.0   0.0   0.0   0.0   0.0   0.0   1.0   0.0   
123   Y     0.01  0.01  0.01  0.01  0.0   0.01  0.01  0.01  0.0   0.11  0.01  0.01  0.0   0.5   0.01  0.01  0.01  0.0   0.25  0.01  
124   I     0.0   0.0   0.0   0.0   0.0   0.0   0.0   0.0   0.0   1.0   0.0   0.0   0.0   0.0   0.0   0.0   0.0   0.0   0.0   0.0   
125   V     0.0   0.0   0.0   0.0   0.0   0.0   0.0   0.0   0.0   0.0   0.49  0.0   0.0   0.0   0.0   0.0   0.16  0.0   0.0   0.35  
126   G     0.1   0.0   0.0   0.0   0.0   0.0   0.0   0.73  0.0   0.0   0.0   0.0   0.0   0.0   0.0   0.0   0.0   0.0   0.0   0.16  
127   G     0.0   0.0   0.0   0.0   0.0   0.0   0.0   0.84  0.0   0.0   0.0   0.0   0.0   0.0   0.0   0.0   0.0   0.0   0.16  0.0   
128   T     0.11  0.0   0.19  0.0   0.0   0.0   0.0   0.0   0.0   0.27  0.0   0.04  0.0   0.0   0.0   0.16  0.24  0.0   0.0   0.0   
129   S     0.04  0.0   0.15  0.0   0.0   0.19  0.0   0.0   0.0   0.0   0.0   0.3   0.0   0.0   0.0   0.32  0.0   0.0   0.0   0.0   
130   P     0.0   0.0   0.0   0.16  0.0   0.0   0.0   0.0   0.0   0.0   0.0   0.22  0.0   0.0   0.35  0.27  0.0   0.0   0.0   0.0   
131   K     0.0   0.09  0.1   0.12  0.0   0.04  0.0   0.58  0.0   0.0   0.0   0.07  0.0   0.0   0.0   0.0   0.0   0.0   0.0   0.0   
132   E     0.0   0.0   0.0   0.0   0.0   0.16  0.84  0.0   0.0   0.0   0.0   0.0   0.0   0.0   0.0   0.0   0.0   0.0   0.0   0.0   
133   G     0.0   0.0   0.0   0.0   0.0   0.0   0.0   0.84  0.0   0.0   0.0   0.0   0.0   0.0   0.0   0.16  0.0   0.0   0.0   0.0   
134   V     0.0   0.0   0.0   0.0   0.38  0.0   0.0   0.0   0.0   0.0   0.0   0.0   0.0   0.16  0.0   0.11  0.0   0.0   0.0   0.35  
135   V     0.0   0.0   0.0   0.0   0.0   0.0   0.0   0.0   0.0   0.12  0.0   0.0   0.0   0.0   0.0   0.0   0.0   0.0   0.0   0.88  
136   I     0.0   0.0   0.0   0.0   0.0   0.0   0.0   0.0   0.0   0.69  0.11  0.0   0.0   0.0   0.0   0.0   0.0   0.0   0.0   0.21  
137   T     0.12  0.0   0.0   0.0   0.0   0.0   0.0   0.0   0.0   0.0   0.0   0.0   0.0   0.0   0.0   0.1   0.67  0.0   0.0   0.11  
138   R     0.0   1.0   0.0   0.0   0.0   0.0   0.0   0.0   0.0   0.0   0.0   0.0   0.0   0.0   0.0   0.0   0.0   0.0   0.0   0.0   
139   D     0.0   0.0   0.34  0.43  0.0   0.0   0.11  0.0   0.0   0.0   0.0   0.0   0.0   0.0   0.0   0.12  0.0   0.0   0.0   0.0   
140   R     0.0   0.61  0.0   0.0   0.16  0.0   0.0   0.0   0.0   0.0   0.12  0.0   0.0   0.0   0.0   0.0   0.11  0.0   0.0   0.0   
141   G     0.0   0.0   0.0   0.2   0.0   0.0   0.0   0.16  0.16  0.0   0.0   0.22  0.0   0.0   0.0   0.0   0.11  0.1   0.0   0.04  
142   G     0.0   0.0   0.0   0.04  0.0   0.08  0.15  0.24  0.0   0.0   0.0   0.28  0.0   0.0   0.0   0.21  0.0   0.0   0.0   0.0   
143   P     0.1   0.0   0.0   0.0   0.0   0.0   0.0   0.0   0.0   0.0   0.0   0.0   0.0   0.0   0.24  0.27  0.28  0.0   0.0   0.11  
144   A     0.46  0.0   0.0   0.0   0.0   0.11  0.0   0.0   0.0   0.0   0.27  0.0   0.0   0.0   0.0   0.0   0.0   0.0   0.0   0.16  
145   D     0.0   0.0   0.1   0.67  0.0   0.0   0.0   0.0   0.0   0.0   0.12  0.0   0.0   0.11  0.0   0.0   0.0   0.0   0.0   0.0   
146   I     0.0   0.0   0.0   0.0   0.0   0.0   0.11  0.0   0.0   0.53  0.12  0.0   0.0   0.0   0.0   0.0   0.0   0.0   0.0   0.25  
147   W     0.0   0.27  0.0   0.0   0.0   0.0   0.0   0.0   0.0   0.0   0.0   0.0   0.0   0.0   0.0   0.0   0.12  0.24  0.37  0.0   
148   P     0.0   0.0   0.0   0.0   0.0   0.0   0.38  0.0   0.0   0.0   0.0   0.11  0.0   0.0   0.35  0.0   0.16  0.0   0.0   0.0   
149   L     0.01  0.01  0.01  0.01  0.0   0.01  0.01  0.01  0.0   0.01  0.74  0.01  0.12  0.01  0.01  0.01  0.01  0.0   0.01  0.01  
150   D     0.12  0.0   0.1   0.67  0.0   0.0   0.0   0.0   0.0   0.0   0.0   0.0   0.0   0.11  0.0   0.0   0.0   0.0   0.0   0.0   
151   P     0.07  0.0   0.16  0.11  0.0   0.0   0.0   0.0   0.0   0.0   0.0   0.0   0.0   0.0   0.44  0.0   0.12  0.0   0.0   0.1   
152   L     0.0   0.0   0.0   0.1   0.0   0.0   0.0   0.11  0.0   0.0   0.41  0.27  0.0   0.0   0.0   0.12  0.0   0.0   0.0   0.0   
153   N     0.22  0.01  0.21  0.01  0.0   0.16  0.01  0.01  0.12  0.01  0.01  0.05  0.0   0.01  0.12  0.01  0.01  0.0   0.01  0.01  
154   G     0.01  0.01  0.22  0.01  0.0   0.01  0.01  0.52  0.12  0.01  0.01  0.01  0.0   0.01  0.01  0.01  0.01  0.0   0.01  0.01  
155   E     0.14  0.23  0.01  0.12  0.0   0.11  0.09  0.13  0.0   0.05  0.01  0.01  0.0   0.01  0.01  0.01  0.01  0.0   0.01  0.05  
156   W     0.01  0.01  0.01  0.01  0.0   0.01  0.01  0.01  0.0   0.01  0.01  0.01  0.0   0.01  0.01  0.01  0.01  0.84  0.01  0.01  
157   F     0.01  0.01  0.01  0.01  0.0   0.01  0.01  0.01  0.0   0.01  0.01  0.01  0.0   0.46  0.01  0.01  0.01  0.0   0.39  0.01  
158   R     0.01  0.21  0.01  0.01  0.0   0.01  0.01  0.01  0.0   0.01  0.38  0.01  0.0   0.01  0.01  0.01  0.01  0.0   0.01  0.28  
159   V     0.0   0.0   0.0   0.0   0.0   0.0   0.0   0.0   0.0   0.16  0.22  0.0   0.0   0.0   0.0   0.0   0.0   0.0   0.0   0.61  
160   E     0.0   0.0   0.0   0.0   0.0   0.54  0.46  0.0   0.0   0.0   0.0   0.0   0.0   0.0   0.0   0.0   0.0   0.0   0.0   0.0   
161   T     0.0   0.0   0.0   0.0   0.0   0.0   0.0   0.0   0.0   0.0   0.0   0.0   0.0   0.0   0.0   0.0   1.0   0.0   0.0   0.0   
162   N     0.0   0.0   1.0   0.0   0.0   0.0   0.0   0.0   0.0   0.0   0.0   0.0   0.0   0.0   0.0   0.0   0.0   0.0   0.0   0.0   
163   Y     0.0   0.0   0.0   0.0   0.16  0.0   0.0   0.0   0.0   0.0   0.0   0.0   0.0   0.1   0.0   0.0   0.0   0.0   0.73  0.0   
164   D     0.0   0.0   0.0   1.0   0.0   0.0   0.0   0.0   0.0   0.0   0.0   0.0   0.0   0.0   0.0   0.0   0.0   0.0   0.0   0.0   
165   H     0.0   0.27  0.1   0.0   0.0   0.12  0.0   0.0   0.24  0.0   0.0   0.0   0.0   0.16  0.11  0.0   0.0   0.0   0.0   0.0   
166   W     0.0   0.0   0.0   0.11  0.0   0.0   0.0   0.28  0.0   0.0   0.0   0.0   0.0   0.0   0.0   0.0   0.0   0.61  0.0   0.0   
167   K     0.0   0.0   0.0   0.0   0.0   0.0   0.04  0.0   0.0   0.0   0.0   0.84  0.0   0.0   0.0   0.0   0.12  0.0   0.0   0.0   
168   P     0.01  0.01  0.4   0.11  0.0   0.0   0.12  0.01  0.04  0.01  0.01  0.01  0.0   0.0   0.25  0.01  0.01  0.0   0.0   0.01  
169   A     0.17  0.01  0.0   0.12  0.0   0.0   0.01  0.01  0.0   0.01  0.01  0.17  0.0   0.0   0.31  0.01  0.08  0.0   0.0   0.09  
170   P     0.0   0.0   0.0   0.0   0.0   0.0   0.0   0.0   0.0   0.0   0.34  0.1   0.0   0.15  0.41  0.0   0.0   0.0   0.0   0.0   
171   K     0.0   0.0   0.16  0.0   0.0   0.1   0.04  0.0   0.0   0.0   0.0   0.2   0.0   0.37  0.0   0.0   0.0   0.0   0.12  0.0   
172   V     0.0   0.04  0.0   0.0   0.0   0.0   0.09  0.1   0.0   0.31  0.34  0.0   0.0   0.0   0.0   0.04  0.0   0.0   0.0   0.07  
173   D     0.0   0.0   0.0   0.84  0.0   0.0   0.0   0.0   0.0   0.0   0.0   0.0   0.0   0.0   0.0   0.16  0.0   0.0   0.0   0.0   
174   D     0.0   0.0   0.15  0.69  0.0   0.0   0.0   0.0   0.0   0.0   0.0   0.0   0.0   0.0   0.0   0.0   0.0   0.0   0.0   0.16  
175   R     0.0   0.84  0.0   0.0   0.0   0.0   0.16  0.0   0.0   0.0   0.0   0.0   0.0   0.0   0.0   0.0   0.0   0.0   0.0   0.0   
176   R     0.0   0.88  0.0   0.12  0.0   0.0   0.0   0.0   0.0   0.0   0.0   0.0   0.0   0.0   0.0   0.0   0.0   0.0   0.0   0.0   
177   T     0.0   0.16  0.0   0.11  0.0   0.0   0.0   0.0   0.0   0.1   0.0   0.0   0.0   0.0   0.0   0.0   0.63  0.0   0.0   0.0   
178   P     0.0   0.0   0.0   0.16  0.0   0.0   0.0   0.0   0.0   0.0   0.0   0.0   0.0   0.0   0.69  0.04  0.1   0.0   0.0   0.0   
179   A     0.61  0.0   0.0   0.0   0.0   0.0   0.0   0.22  0.0   0.0   0.0   0.0   0.0   0.0   0.0   0.0   0.0   0.0   0.16  0.0   
180   I     0.0   0.0   0.11  0.0   0.0   0.04  0.0   0.0   0.0   0.35  0.0   0.23  0.0   0.12  0.0   0.0   0.0   0.0   0.0   0.16  
181   K     0.11  0.12  0.0   0.0   0.0   0.1   0.16  0.0   0.0   0.0   0.0   0.32  0.15  0.0   0.0   0.0   0.04  0.0   0.0   0.0   
182   A     0.24  0.0   0.0   0.0   0.49  0.0   0.0   0.0   0.0   0.0   0.0   0.1   0.0   0.0   0.0   0.16  0.0   0.0   0.0   0.0   
183   L     0.0   0.0   0.0   0.0   0.0   0.0   0.0   0.0   0.0   0.0   0.61  0.0   0.22  0.0   0.0   0.0   0.0   0.0   0.0   0.16  
184   N     0.0   0.0   0.58  0.12  0.0   0.0   0.0   0.0   0.0   0.16  0.0   0.14  0.0   0.0   0.0   0.0   0.0   0.0   0.0   0.0   
185   A     0.41  0.15  0.0   0.0   0.0   0.04  0.1   0.0   0.08  0.0   0.0   0.22  0.0   0.0   0.0   0.0   0.0   0.0   0.0   0.0   
186   T     0.0   0.0   0.0   0.0   0.0   0.0   0.0   0.0   0.0   0.0   0.33  0.0   0.0   0.0   0.0   0.16  0.51  0.0   0.0   0.0   
187   G     0.0   0.0   0.0   0.0   0.0   0.0   0.0   0.35  0.0   0.16  0.0   0.0   0.0   0.0   0.0   0.04  0.45  0.0   0.0   0.0   
188   Q     0.0   0.21  0.0   0.0   0.0   0.63  0.0   0.0   0.0   0.0   0.0   0.0   0.0   0.0   0.0   0.0   0.16  0.0   0.0   0.0   
189   A     0.35  0.1   0.0   0.0   0.0   0.0   0.19  0.0   0.0   0.0   0.0   0.19  0.0   0.0   0.0   0.0   0.16  0.0   0.0   0.0   
190   H     0.0   0.0   0.68  0.16  0.0   0.0   0.0   0.0   0.12  0.0   0.0   0.04  0.0   0.0   0.0   0.0   0.0   0.0   0.0   0.0   
191   L     0.0   0.0   0.0   0.0   0.0   0.0   0.0   0.0   0.0   0.32  0.36  0.0   0.0   0.1   0.0   0.0   0.0   0.0   0.0   0.22  
192   N     0.0   0.0   0.07  0.1   0.0   0.0   0.0   0.22  0.0   0.0   0.0   0.0   0.0   0.0   0.0   0.6   0.0   0.0   0.0   0.0   
193   L     0.0   0.0   0.0   0.0   0.0   0.0   0.1   0.0   0.0   0.0   0.24  0.0   0.11  0.38  0.16  0.0   0.0   0.0   0.0   0.0   
194   E     0.19  0.0   0.0   0.16  0.0   0.0   0.43  0.0   0.0   0.0   0.0   0.21  0.0   0.0   0.0   0.0   0.0   0.0   0.0   0.0   
195   T     0.09  0.0   0.04  0.0   0.0   0.0   0.0   0.22  0.0   0.0   0.0   0.16  0.0   0.0   0.0   0.1   0.39  0.0   0.0   0.0   
196   L     0.0   0.0   0.0   0.0   0.0   0.0   0.0   0.0   0.0   0.34  0.44  0.0   0.22  0.0   0.0   0.0   0.0   0.0   0.0   0.0   
197   F     0.0   0.0   0.0   0.0   0.0   0.0   0.0   0.0   0.0   0.16  0.0   0.0   0.0   0.47  0.0   0.0   0.0   0.0   0.27  0.1   
198   Q     0.0   0.0   0.12  0.27  0.0   0.24  0.1   0.0   0.0   0.0   0.0   0.16  0.0   0.0   0.0   0.0   0.11  0.0   0.0   0.0   
199   V     0.0   0.0   0.0   0.0   0.0   0.0   0.0   0.0   0.0   0.08  0.0   0.0   0.0   0.0   0.0   0.0   0.16  0.0   0.0   0.76  
200   L     0.0   0.0   0.0   0.0   0.0   0.0   0.0   0.0   0.0   0.0   1.0   0.0   0.0   0.0   0.0   0.0   0.0   0.0   0.0   0.0   
201   S     0.0   0.0   0.0   0.0   0.0   0.0   0.0   0.0   0.0   0.0   0.16  0.0   0.0   0.0   0.0   0.84  0.0   0.0   0.0   0.0   
202   L     0.0   0.0   0.0   0.0   0.0   0.0   0.0   0.0   0.0   0.0   0.07  0.16  0.0   0.0   0.0   0.22  0.37  0.0   0.0   0.17  
203   F     0.0   0.12  0.0   0.0   0.0   0.0   0.0   0.0   0.0   0.0   0.0   0.37  0.0   0.28  0.0   0.0   0.0   0.0   0.0   0.23  
204   P     0.0   0.0   0.0   0.0   0.0   0.0   0.0   0.0   0.0   0.0   0.0   0.0   0.0   0.0   0.88  0.0   0.12  0.0   0.0   0.0   
205   V     0.0   0.0   0.22  0.0   0.0   0.0   0.0   0.0   0.0   0.04  0.0   0.0   0.0   0.0   0.0   0.0   0.0   0.0   0.0   0.74  
206   Y     0.0   0.1   0.0   0.0   0.04  0.0   0.0   0.0   0.0   0.0   0.49  0.0   0.0   0.0   0.0   0.0   0.0   0.0   0.2   0.16  
207   N     0.0   0.0   1.0   0.0   0.0   0.0   0.0   0.0   0.0   0.0   0.0   0.0   0.0   0.0   0.0   0.0   0.0   0.0   0.0   0.0   
208   S     0.0   0.0   0.27  0.0   0.0   0.0   0.16  0.0   0.0   0.0   0.0   0.53  0.0   0.0   0.0   0.04  0.0   0.0   0.0   0.0   
209   Y     0.0   0.0   0.0   0.16  0.0   0.0   0.0   0.0   0.0   0.04  0.49  0.0   0.0   0.04  0.0   0.0   0.11  0.0   0.16  0.0   
210   T     0.0   0.0   0.0   0.0   0.0   0.0   0.0   0.0   0.0   0.0   0.0   0.0   0.0   0.0   0.0   0.0   1.0   0.0   0.0   0.0   
211   I     0.0   0.0   0.0   0.0   0.0   0.0   0.0   0.0   0.0   0.36  0.0   0.0   0.0   0.0   0.0   0.0   0.12  0.0   0.0   0.52  
212   Y     0.0   0.0   0.0   0.0   0.0   0.0   0.0   0.0   0.11  0.0   0.0   0.0   0.0   0.42  0.0   0.0   0.0   0.0   0.48  0.0   
213   T     0.0   0.0   0.0   0.0   0.0   0.0   0.0   0.0   0.0   0.0   0.0   0.0   0.0   0.0   0.0   0.13  0.87  0.0   0.0   0.0   
214   T     0.1   0.0   0.0   0.0   0.0   0.0   0.0   0.0   0.0   0.0   0.0   0.0   0.0   0.0   0.0   0.0   0.59  0.0   0.0   0.31  
215   V     0.0   0.0   0.0   0.0   0.0   0.0   0.0   0.0   0.0   0.13  0.45  0.0   0.0   0.0   0.0   0.0   0.0   0.0   0.0   0.42  
216   M     0.0   0.0   0.0   0.0   0.0   0.0   0.0   0.0   0.0   0.23  0.0   0.0   0.77  0.0   0.0   0.0   0.0   0.0   0.0   0.0   
217   S     0.0   0.0   0.0   0.32  0.0   0.0   0.0   0.0   0.0   0.0   0.0   0.0   0.0   0.0   0.0   0.55  0.0   0.0   0.0   0.13  
218   A     0.3   0.01  0.01  0.01  0.0   0.01  0.01  0.01  0.0   0.01  0.01  0.01  0.0   0.01  0.13  0.01  0.01  0.0   0.0   0.46  
219   A     0.24  0.0   0.0   0.0   0.0   0.0   0.0   0.18  0.0   0.0   0.0   0.0   0.0   0.0   0.0   0.0   0.45  0.0   0.0   0.13  
220   E     0.0   0.0   0.0   0.0   0.0   0.0   0.27  0.0   0.0   0.0   0.13  0.45  0.0   0.0   0.0   0.1   0.05  0.0   0.0   0.0   
221   P     0.03  0.02  0.01  0.02  0.01  0.01  0.02  0.02  0.01  0.02  0.03  0.02  0.01  0.01  0.52  0.02  0.18  0.0   0.01  0.02  
222   D     0.0   0.0   0.0   0.64  0.0   0.0   0.0   0.2   0.0   0.0   0.0   0.0   0.0   0.0   0.0   0.17  0.0   0.0   0.0   0.0   
223   K     0.0   0.19  0.0   0.0   0.0   0.39  0.0   0.0   0.0   0.0   0.0   0.42  0.0   0.0   0.0   0.0   0.0   0.0   0.0   0.0   
224   Y     0.0   0.0   0.0   0.0   0.0   0.0   0.0   0.0   0.0   0.0   0.0   0.0   0.0   0.58  0.0   0.0   0.0   0.0   0.42  0.0   
225   L     0.0   0.0   0.0   0.0   0.0   0.0   0.58  0.0   0.0   0.0   0.13  0.0   0.29  0.0   0.0   0.0   0.0   0.0   0.0   0.0   
226   T     0.0   0.0   0.0   0.0   0.0   0.0   0.0   0.0   0.0   0.0   0.0   0.0   0.0   0.0   0.0   0.08  0.92  0.0   0.0   0.0   
227   M     0.0   0.22  0.0   0.0   0.0   0.0   0.0   0.0   0.08  0.19  0.0   0.0   0.2   0.0   0.0   0.0   0.0   0.0   0.31  0.0   
228   I     0.0   0.0   0.0   0.0   0.0   0.0   0.0   0.0   0.0   0.42  0.51  0.0   0.07  0.0   0.0   0.0   0.0   0.0   0.0   0.0   
229   R     0.0   0.81  0.0   0.0   0.0   0.19  0.0   0.0   0.0   0.0   0.0   0.0   0.0   0.0   0.0   0.0   0.0   0.0   0.0   0.0   
230   N     0.0   0.0   0.42  0.39  0.0   0.0   0.0   0.0   0.0   0.0   0.0   0.0   0.0   0.0   0.0   0.19  0.0   0.0   0.0   0.0   
