             A     R     N     D     C     Q     E     G     H     I     L     K     M     F     P     S     T     W     Y     V
1     M     0.0   0.0   0.0   0.0   0.0   0.0   0.0   0.0   0.0   0.0   0.0   0.0   0.0   0.0   0.0   0.0   0.0   0.0   0.0   0.0   
2     V     0.0   0.0   0.0   0.0   0.0   0.0   0.0   0.0   0.0   0.0   0.33  0.0   0.0   0.0   0.0   0.0   0.0   0.0   0.0   0.67  
3     I     0.33  0.0   0.0   0.0   0.0   0.0   0.0   0.0   0.0   0.34  0.33  0.0   0.0   0.0   0.0   0.0   0.0   0.0   0.0   0.0   
4     E     0.0   0.25  0.0   0.0   0.0   0.25  0.24  0.0   0.0   0.0   0.0   0.25  0.0   0.0   0.0   0.0   0.0   0.0   0.0   0.0   
5     D     0.0   0.0   0.2   0.19  0.0   0.2   0.4   0.0   0.0   0.0   0.0   0.0   0.0   0.0   0.0   0.0   0.0   0.0   0.0   0.0   
6     F     0.0   0.0   0.0   0.0   0.0   0.0   0.0   0.0   0.0   0.2   0.0   0.0   0.0   0.19  0.0   0.0   0.0   0.0   0.4   0.2   
7     A     0.19  0.0   0.0   0.0   0.0   0.0   0.21  0.2   0.0   0.2   0.0   0.0   0.0   0.0   0.0   0.0   0.0   0.0   0.0   0.2   
8     L     0.0   0.11  0.0   0.0   0.0   0.0   0.0   0.11  0.0   0.2   0.39  0.0   0.1   0.09  0.0   0.0   0.0   0.0   0.0   0.0   
9     N     0.0   0.0   0.52  0.1   0.0   0.0   0.19  0.09  0.0   0.0   0.0   0.0   0.0   0.0   0.0   0.1   0.0   0.0   0.0   0.0   
10    L     0.0   0.0   0.0   0.0   0.0   0.0   0.0   0.0   0.0   0.18  0.17  0.0   0.0   0.1   0.0   0.0   0.1   0.0   0.09  0.36  
11    E     0.0   0.0   0.0   0.1   0.0   0.1   0.35  0.0   0.0   0.0   0.0   0.0   0.0   0.0   0.19  0.09  0.1   0.0   0.08  0.0   
12    L     0.09  0.0   0.0   0.0   0.0   0.0   0.0   0.0   0.0   0.17  0.74  0.0   0.0   0.0   0.0   0.0   0.0   0.0   0.0   0.0   
13    F     0.0   0.0   0.0   0.0   0.0   0.0   0.0   0.0   0.0   0.17  0.09  0.0   0.0   0.58  0.0   0.08  0.0   0.0   0.08  0.0   
14    R     0.0   0.22  0.0   0.0   0.0   0.0   0.0   0.0   0.0   0.0   0.26  0.23  0.0   0.0   0.0   0.14  0.0   0.0   0.07  0.08  
15    L     0.07  0.06  0.0   0.0   0.0   0.0   0.0   0.0   0.0   0.06  0.35  0.06  0.14  0.14  0.0   0.0   0.07  0.05  0.0   0.0   
16    I     0.0   0.0   0.0   0.0   0.0   0.16  0.0   0.0   0.0   0.49  0.11  0.0   0.09  0.07  0.0   0.0   0.0   0.0   0.0   0.07  
17    N     0.0   0.0   0.42  0.0   0.0   0.12  0.0   0.0   0.12  0.0   0.0   0.15  0.0   0.0   0.0   0.05  0.13  0.0   0.0   0.0   
18    N     0.06  0.0   0.05  0.13  0.0   0.0   0.0   0.26  0.0   0.0   0.0   0.15  0.0   0.05  0.0   0.11  0.0   0.0   0.06  0.11  
19    A     0.05  0.0   0.05  0.0   0.05  0.0   0.0   0.0   0.09  0.06  0.17  0.06  0.0   0.05  0.0   0.05  0.06  0.0   0.19  0.13  
20    R     0.0   0.35  0.04  0.0   0.0   0.15  0.06  0.0   0.05  0.0   0.0   0.15  0.0   0.0   0.0   0.14  0.0   0.0   0.05  0.0   
21    H     0.05  0.0   0.35  0.0   0.0   0.05  0.0   0.0   0.15  0.05  0.04  0.0   0.0   0.0   0.0   0.09  0.04  0.0   0.16  0.0   
22    P     0.08  0.0   0.0   0.0   0.0   0.0   0.0   0.05  0.0   0.0   0.0   0.05  0.0   0.0   0.61  0.1   0.0   0.0   0.11  0.0   
23    L     0.0   0.0   0.0   0.0   0.0   0.0   0.0   0.06  0.0   0.04  0.25  0.0   0.05  0.28  0.0   0.0   0.05  0.14  0.04  0.1   
24    L     0.0   0.04  0.04  0.0   0.0   0.03  0.0   0.0   0.0   0.0   0.43  0.07  0.11  0.04  0.0   0.0   0.0   0.05  0.1   0.09  
25    D     0.0   0.0   0.15  0.52  0.0   0.05  0.04  0.0   0.0   0.05  0.06  0.0   0.0   0.0   0.0   0.03  0.0   0.0   0.1   0.0   
26    V     0.19  0.0   0.1   0.0   0.0   0.0   0.05  0.1   0.0   0.0   0.08  0.0   0.0   0.05  0.0   0.15  0.0   0.0   0.12  0.13  
27    F     0.0   0.0   0.0   0.05  0.0   0.0   0.04  0.0   0.0   0.09  0.2   0.0   0.0   0.22  0.0   0.0   0.16  0.0   0.16  0.05  
28    F     0.11  0.0   0.05  0.0   0.03  0.0   0.0   0.0   0.0   0.04  0.0   0.0   0.23  0.4   0.0   0.0   0.0   0.0   0.04  0.07  
29    T     0.0   0.09  0.0   0.0   0.05  0.03  0.0   0.0   0.0   0.1   0.03  0.09  0.04  0.04  0.14  0.1   0.13  0.0   0.05  0.1   
30    H     0.05  0.0   0.0   0.0   0.0   0.0   0.0   0.17  0.04  0.1   0.05  0.0   0.05  0.3   0.12  0.0   0.0   0.0   0.11  0.0   
31    F     0.05  0.0   0.0   0.0   0.0   0.0   0.0   0.05  0.0   0.23  0.17  0.0   0.0   0.09  0.0   0.05  0.21  0.09  0.0   0.05  
32    A     0.22  0.04  0.0   0.0   0.0   0.0   0.03  0.0   0.0   0.03  0.0   0.04  0.0   0.0   0.0   0.41  0.19  0.0   0.0   0.05  
33    Y     0.1   0.0   0.0   0.0   0.04  0.0   0.05  0.05  0.1   0.05  0.13  0.13  0.0   0.0   0.04  0.03  0.04  0.0   0.14  0.09  
34    L     0.05  0.0   0.0   0.0   0.0   0.0   0.0   0.03  0.0   0.0   0.33  0.1   0.14  0.14  0.09  0.0   0.04  0.0   0.04  0.04  
35    G     0.04  0.0   0.02  0.0   0.0   0.0   0.0   0.43  0.0   0.09  0.16  0.0   0.0   0.07  0.0   0.0   0.0   0.05  0.0   0.15  
36    S     0.13  0.04  0.04  0.0   0.0   0.05  0.12  0.0   0.0   0.08  0.0   0.0   0.0   0.0   0.0   0.2   0.17  0.0   0.09  0.08  
37    G     0.14  0.0   0.0   0.0   0.0   0.0   0.23  0.04  0.16  0.07  0.03  0.0   0.0   0.0   0.16  0.05  0.0   0.05  0.0   0.05  
38    Y     0.03  0.0   0.0   0.0   0.0   0.0   0.0   0.0   0.0   0.0   0.11  0.0   0.06  0.15  0.0   0.08  0.0   0.1   0.21  0.26  
39    V     0.05  0.0   0.0   0.0   0.0   0.0   0.0   0.0   0.0   0.07  0.11  0.0   0.05  0.29  0.1   0.03  0.0   0.0   0.06  0.24  
40    L     0.04  0.0   0.0   0.0   0.0   0.0   0.0   0.0   0.0   0.26  0.37  0.0   0.13  0.0   0.0   0.0   0.04  0.04  0.05  0.06  
41    F     0.04  0.0   0.0   0.0   0.0   0.0   0.0   0.0   0.0   0.25  0.34  0.0   0.05  0.04  0.09  0.03  0.04  0.0   0.09  0.03  
42    P     0.26  0.0   0.0   0.0   0.0   0.0   0.0   0.0   0.0   0.03  0.07  0.0   0.0   0.23  0.26  0.05  0.04  0.0   0.0   0.05  
43    L     0.03  0.0   0.0   0.0   0.0   0.0   0.0   0.05  0.0   0.08  0.51  0.0   0.07  0.07  0.0   0.08  0.0   0.0   0.0   0.11  
44    L     0.16  0.0   0.0   0.0   0.0   0.0   0.0   0.0   0.0   0.12  0.18  0.0   0.0   0.05  0.31  0.03  0.04  0.0   0.0   0.11  
45    I     0.04  0.03  0.0   0.0   0.0   0.0   0.0   0.05  0.0   0.24  0.17  0.0   0.0   0.22  0.0   0.0   0.0   0.0   0.0   0.24  
46    F     0.05  0.0   0.0   0.0   0.03  0.0   0.0   0.0   0.0   0.18  0.16  0.0   0.0   0.08  0.0   0.04  0.1   0.23  0.05  0.08  
47    L     0.0   0.0   0.0   0.0   0.07  0.0   0.0   0.0   0.05  0.17  0.26  0.0   0.04  0.29  0.0   0.0   0.04  0.0   0.05  0.03  
48    F     0.05  0.0   0.0   0.0   0.0   0.0   0.0   0.07  0.0   0.1   0.11  0.0   0.0   0.25  0.0   0.0   0.0   0.35  0.03  0.04  
49    I     0.0   0.0   0.11  0.0   0.04  0.0   0.0   0.09  0.0   0.12  0.24  0.06  0.0   0.07  0.0   0.08  0.0   0.0   0.15  0.04  
50    F     0.03  0.0   0.08  0.0   0.0   0.0   0.0   0.08  0.0   0.05  0.17  0.05  0.0   0.3   0.05  0.0   0.08  0.0   0.04  0.05  
51    R     0.05  0.29  0.05  0.18  0.04  0.0   0.0   0.01  0.04  0.03  0.01  0.14  0.0   0.0   0.0   0.0   0.1   0.0   0.05  0.0   
52    K     0.05  0.28  0.0   0.0   0.0   0.05  0.0   0.07  0.0   0.04  0.0   0.26  0.0   0.05  0.11  0.0   0.09  0.0   0.0   0.0   
53    E     0.03  0.11  0.05  0.03  0.0   0.08  0.15  0.0   0.04  0.0   0.02  0.04  0.0   0.07  0.0   0.08  0.25  0.0   0.06  0.0   
54    K     0.0   0.16  0.0   0.1   0.03  0.0   0.03  0.03  0.0   0.0   0.23  0.08  0.0   0.0   0.04  0.0   0.03  0.17  0.04  0.06  
55    V     0.04  0.0   0.09  0.04  0.0   0.09  0.05  0.14  0.0   0.03  0.0   0.12  0.03  0.0   0.0   0.07  0.21  0.0   0.0   0.11  
56    K     0.0   0.26  0.0   0.0   0.0   0.0   0.0   0.08  0.04  0.07  0.08  0.22  0.05  0.0   0.0   0.0   0.0   0.05  0.07  0.08  
57    P     0.04  0.1   0.0   0.19  0.0   0.04  0.13  0.0   0.0   0.04  0.17  0.0   0.04  0.0   0.07  0.04  0.03  0.0   0.0   0.08  
58    L     0.08  0.0   0.0   0.0   0.0   0.05  0.0   0.0   0.0   0.07  0.48  0.0   0.13  0.15  0.0   0.0   0.0   0.0   0.0   0.04  
59    I     0.04  0.0   0.05  0.0   0.07  0.0   0.0   0.02  0.0   0.15  0.13  0.04  0.03  0.11  0.0   0.02  0.07  0.0   0.04  0.22  
60    L     0.08  0.0   0.0   0.0   0.0   0.03  0.0   0.04  0.0   0.2   0.29  0.0   0.0   0.13  0.0   0.0   0.0   0.0   0.11  0.12  
61    A     0.24  0.0   0.0   0.0   0.0   0.0   0.0   0.27  0.0   0.13  0.14  0.0   0.0   0.0   0.0   0.09  0.04  0.0   0.0   0.1   
62    I     0.1   0.0   0.0   0.0   0.02  0.0   0.0   0.0   0.0   0.14  0.25  0.04  0.04  0.1   0.0   0.0   0.0   0.1   0.0   0.2   
63    M     0.24  0.0   0.0   0.0   0.0   0.0   0.0   0.06  0.0   0.0   0.11  0.0   0.08  0.1   0.0   0.05  0.04  0.0   0.0   0.32  
64    L     0.03  0.0   0.0   0.0   0.0   0.0   0.0   0.08  0.0   0.15  0.42  0.0   0.0   0.1   0.0   0.0   0.03  0.0   0.06  0.12  
65    E     0.23  0.0   0.06  0.11  0.03  0.0   0.04  0.07  0.0   0.03  0.04  0.0   0.04  0.0   0.0   0.15  0.11  0.0   0.0   0.09  
66    T     0.05  0.03  0.0   0.03  0.0   0.04  0.07  0.15  0.04  0.17  0.11  0.0   0.09  0.02  0.0   0.04  0.04  0.0   0.04  0.07  
67    V     0.08  0.0   0.0   0.0   0.0   0.0   0.0   0.14  0.0   0.06  0.07  0.0   0.07  0.04  0.0   0.04  0.04  0.0   0.25  0.21  
68    L     0.04  0.0   0.0   0.0   0.0   0.0   0.0   0.03  0.0   0.22  0.47  0.0   0.04  0.09  0.0   0.0   0.07  0.0   0.0   0.04  
69    V     0.1   0.0   0.14  0.0   0.0   0.0   0.0   0.22  0.0   0.04  0.0   0.0   0.0   0.04  0.0   0.08  0.18  0.0   0.0   0.2   
70    I     0.11  0.0   0.17  0.07  0.04  0.09  0.07  0.15  0.0   0.07  0.0   0.06  0.0   0.06  0.0   0.0   0.0   0.03  0.0   0.08  
71    S     0.1   0.0   0.03  0.0   0.11  0.0   0.0   0.04  0.0   0.13  0.11  0.0   0.0   0.1   0.0   0.17  0.02  0.0   0.03  0.15  
72    L     0.08  0.0   0.0   0.0   0.0   0.0   0.0   0.04  0.0   0.36  0.21  0.0   0.1   0.08  0.0   0.03  0.05  0.0   0.0   0.06  
73    K     0.0   0.03  0.0   0.0   0.0   0.06  0.0   0.07  0.0   0.0   0.0   0.81  0.0   0.0   0.0   0.0   0.03  0.0   0.0   0.0   
74    T     0.02  0.07  0.08  0.22  0.0   0.0   0.06  0.03  0.07  0.0   0.12  0.09  0.0   0.0   0.07  0.03  0.07  0.0   0.08  0.02  
75    F     0.1   0.0   0.03  0.0   0.0   0.0   0.0   0.0   0.03  0.16  0.24  0.0   0.0   0.07  0.0   0.07  0.03  0.02  0.1   0.15  
76    F     0.0   0.0   0.0   0.0   0.0   0.0   0.0   0.0   0.03  0.16  0.04  0.0   0.03  0.21  0.0   0.0   0.02  0.08  0.09  0.34  
77    N     0.06  0.15  0.08  0.0   0.07  0.03  0.06  0.23  0.0   0.0   0.0   0.09  0.06  0.03  0.03  0.06  0.03  0.0   0.0   0.0   
78    Q     0.03  0.54  0.03  0.0   0.0   0.09  0.08  0.0   0.03  0.0   0.1   0.0   0.0   0.0   0.0   0.0   0.0   0.08  0.0   0.0   
79    P     0.09  0.08  0.0   0.03  0.0   0.04  0.0   0.0   0.0   0.03  0.09  0.06  0.0   0.03  0.47  0.0   0.03  0.0   0.03  0.02  
80    R     0.0   0.91  0.0   0.0   0.0   0.03  0.0   0.06  0.0   0.0   0.0   0.0   0.0   0.0   0.0   0.0   0.0   0.0   0.0   0.0   
81    P     0.0   0.0   0.0   0.0   0.0   0.0   0.0   0.0   0.0   0.0   0.0   0.0   0.0   0.0   1.0   0.0   0.0   0.0   0.0   0.0   
82    A     0.15  0.05  0.02  0.15  0.03  0.0   0.04  0.0   0.0   0.02  0.02  0.04  0.02  0.21  0.03  0.13  0.0   0.03  0.05  0.01  
83    I     0.09  0.0   0.06  0.0   0.03  0.0   0.06  0.03  0.19  0.05  0.02  0.0   0.0   0.12  0.03  0.11  0.04  0.0   0.02  0.12  
84    L     0.06  0.0   0.1   0.03  0.12  0.0   0.04  0.03  0.06  0.0   0.06  0.0   0.03  0.06  0.26  0.0   0.1   0.0   0.0   0.04  
85    L     0.04  0.02  0.05  0.0   0.05  0.03  0.04  0.01  0.1   0.03  0.09  0.0   0.0   0.0   0.35  0.03  0.1   0.0   0.0   0.03  
86    E     0.01  0.0   0.09  0.13  0.0   0.0   0.07  0.09  0.05  0.07  0.03  0.02  0.06  0.0   0.12  0.01  0.03  0.0   0.0   0.19  
87    D     0.04  0.03  0.06  0.22  0.0   0.0   0.04  0.12  0.03  0.03  0.01  0.01  0.0   0.07  0.1   0.03  0.07  0.03  0.0   0.11  
88    V     0.04  0.13  0.0   0.0   0.0   0.0   0.05  0.01  0.03  0.07  0.04  0.21  0.07  0.03  0.05  0.01  0.09  0.0   0.04  0.13  
89    N     0.06  0.0   0.21  0.17  0.0   0.0   0.02  0.01  0.02  0.08  0.15  0.01  0.0   0.08  0.04  0.04  0.07  0.0   0.03  0.01  
90    L     0.06  0.03  0.0   0.09  0.0   0.03  0.09  0.01  0.0   0.0   0.19  0.04  0.0   0.1   0.0   0.01  0.17  0.0   0.04  0.11  
91    L     0.09  0.0   0.0   0.04  0.0   0.0   0.05  0.0   0.0   0.06  0.36  0.07  0.0   0.0   0.0   0.04  0.05  0.0   0.06  0.15  
92    F     0.01  0.12  0.03  0.0   0.05  0.0   0.07  0.07  0.07  0.07  0.08  0.07  0.0   0.1   0.03  0.1   0.07  0.0   0.0   0.07  
93    P     0.06  0.03  0.0   0.0   0.0   0.03  0.19  0.03  0.14  0.02  0.08  0.05  0.0   0.0   0.09  0.1   0.08  0.0   0.05  0.03  
94    L     0.09  0.0   0.05  0.03  0.04  0.0   0.07  0.23  0.04  0.04  0.04  0.03  0.06  0.0   0.0   0.1   0.04  0.0   0.05  0.08  
95    H     0.18  0.07  0.02  0.16  0.0   0.04  0.06  0.07  0.05  0.0   0.0   0.09  0.0   0.0   0.0   0.07  0.14  0.0   0.06  0.0   
96    W     0.04  0.02  0.03  0.19  0.0   0.03  0.16  0.04  0.04  0.06  0.04  0.1   0.0   0.04  0.0   0.08  0.05  0.03  0.02  0.01  
97    R     0.03  0.03  0.07  0.08  0.0   0.0   0.03  0.09  0.07  0.0   0.0   0.17  0.0   0.06  0.02  0.0   0.0   0.0   0.32  0.0   
98    S     0.03  0.0   0.0   0.0   0.0   0.0   0.05  0.26  0.0   0.0   0.0   0.0   0.0   0.0   0.0   0.66  0.0   0.0   0.0   0.0   
99    F     0.0   0.0   0.0   0.0   0.0   0.0   0.0   0.0   0.0   0.0   0.06  0.0   0.12  0.59  0.0   0.0   0.0   0.04  0.2   0.0   
100   P     0.0   0.0   0.0   0.0   0.0   0.0   0.0   0.0   0.0   0.04  0.0   0.0   0.0   0.0   0.96  0.0   0.0   0.0   0.0   0.0   
101   S     0.05  0.0   0.0   0.0   0.0   0.0   0.0   0.0   0.0   0.0   0.0   0.0   0.0   0.0   0.0   0.95  0.0   0.0   0.0   0.0   
102   G     0.06  0.0   0.0   0.08  0.03  0.0   0.0   0.5   0.0   0.03  0.0   0.0   0.0   0.0   0.0   0.15  0.15  0.0   0.0   0.0   
103   D     0.0   0.0   0.0   0.03  0.0   0.0   0.0   0.0   0.97  0.0   0.0   0.0   0.0   0.0   0.0   0.0   0.0   0.0   0.0   0.0   
104   T     0.27  0.0   0.0   0.0   0.0   0.0   0.0   0.03  0.0   0.0   0.0   0.0   0.0   0.0   0.0   0.25  0.44  0.0   0.0   0.0   
105   A     0.21  0.0   0.0   0.0   0.0   0.04  0.0   0.0   0.0   0.02  0.05  0.0   0.14  0.0   0.0   0.26  0.27  0.0   0.0   0.0   
106   M     0.04  0.11  0.2   0.0   0.0   0.0   0.0   0.02  0.0   0.08  0.04  0.0   0.03  0.14  0.0   0.06  0.11  0.09  0.03  0.03  
107   A     0.5   0.0   0.0   0.0   0.0   0.0   0.0   0.06  0.0   0.03  0.0   0.0   0.04  0.06  0.0   0.12  0.09  0.0   0.04  0.08  
108   F     0.09  0.0   0.0   0.0   0.0   0.0   0.0   0.03  0.0   0.09  0.02  0.0   0.03  0.45  0.0   0.02  0.16  0.06  0.0   0.05  
109   T     0.33  0.0   0.0   0.0   0.05  0.0   0.0   0.09  0.0   0.0   0.06  0.0   0.06  0.09  0.05  0.16  0.1   0.0   0.0   0.0   
110   I     0.06  0.0   0.0   0.0   0.05  0.0   0.0   0.15  0.0   0.17  0.17  0.0   0.0   0.1   0.0   0.0   0.06  0.0   0.0   0.23  
111   A     0.45  0.0   0.0   0.0   0.0   0.0   0.0   0.05  0.0   0.0   0.13  0.0   0.03  0.03  0.0   0.22  0.03  0.0   0.06  0.0   
112   T     0.09  0.04  0.0   0.0   0.0   0.0   0.0   0.1   0.0   0.06  0.24  0.05  0.05  0.12  0.02  0.03  0.15  0.0   0.0   0.05  
113   V     0.09  0.0   0.0   0.0   0.0   0.0   0.0   0.0   0.0   0.04  0.14  0.0   0.0   0.34  0.0   0.04  0.06  0.0   0.15  0.14  
114   L     0.03  0.0   0.0   0.0   0.0   0.0   0.0   0.0   0.0   0.08  0.46  0.0   0.06  0.24  0.0   0.03  0.08  0.0   0.0   0.02  
115   S     0.17  0.09  0.0   0.0   0.0   0.0   0.0   0.03  0.05  0.03  0.27  0.0   0.0   0.11  0.0   0.21  0.03  0.0   0.0   0.0   
116   H     0.02  0.07  0.07  0.0   0.06  0.03  0.06  0.0   0.13  0.0   0.18  0.0   0.0   0.15  0.0   0.03  0.0   0.1   0.09  0.0   
117   G     0.07  0.15  0.03  0.0   0.0   0.09  0.0   0.03  0.09  0.03  0.12  0.02  0.0   0.02  0.0   0.16  0.02  0.03  0.05  0.08  
118   E     0.05  0.1   0.09  0.0   0.0   0.0   0.03  0.03  0.08  0.06  0.15  0.0   0.0   0.03  0.0   0.1   0.06  0.08  0.11  0.03  
119   K     0.0   0.2   0.0   0.0   0.0   0.06  0.0   0.03  0.0   0.0   0.06  0.25  0.0   0.0   0.23  0.08  0.0   0.0   0.0   0.09  
120   L     0.03  0.07  0.0   0.03  0.0   0.0   0.03  0.0   0.0   0.0   0.43  0.14  0.03  0.11  0.03  0.03  0.0   0.04  0.03  0.0   
121   H     0.1   0.03  0.03  0.0   0.13  0.0   0.0   0.0   0.1   0.11  0.11  0.0   0.03  0.03  0.04  0.03  0.0   0.12  0.1   0.02  
122   I     0.13  0.03  0.0   0.02  0.0   0.03  0.0   0.03  0.0   0.11  0.35  0.0   0.09  0.0   0.0   0.03  0.06  0.0   0.08  0.02  
123   K     0.06  0.12  0.04  0.03  0.0   0.03  0.0   0.21  0.0   0.0   0.05  0.03  0.0   0.09  0.03  0.14  0.0   0.06  0.02  0.09  
124   A     0.13  0.0   0.03  0.0   0.03  0.0   0.03  0.0   0.03  0.19  0.2   0.0   0.0   0.04  0.0   0.09  0.04  0.07  0.0   0.13  
125   I     0.03  0.0   0.0   0.0   0.0   0.0   0.0   0.03  0.0   0.27  0.43  0.0   0.02  0.08  0.02  0.03  0.0   0.0   0.0   0.08  
126   L     0.09  0.0   0.0   0.0   0.0   0.0   0.0   0.06  0.04  0.03  0.34  0.0   0.04  0.02  0.13  0.0   0.0   0.06  0.0   0.18  
127   F     0.0   0.03  0.0   0.0   0.03  0.06  0.03  0.02  0.0   0.14  0.29  0.0   0.03  0.03  0.0   0.04  0.0   0.06  0.03  0.21  
128   L     0.04  0.01  0.01  0.01  0.05  0.01  0.01  0.01  0.0   0.07  0.33  0.01  0.0   0.11  0.01  0.06  0.07  0.0   0.03  0.16  
129   Y     0.05  0.09  0.0   0.0   0.08  0.0   0.02  0.0   0.0   0.04  0.15  0.0   0.0   0.11  0.0   0.0   0.0   0.24  0.12  0.08  
130   A     0.59  0.0   0.0   0.0   0.02  0.0   0.0   0.12  0.0   0.03  0.0   0.0   0.0   0.03  0.0   0.11  0.0   0.0   0.05  0.03  
131   F     0.12  0.0   0.0   0.0   0.01  0.03  0.0   0.0   0.0   0.13  0.09  0.0   0.06  0.18  0.03  0.08  0.1   0.03  0.03  0.12  
132   L     0.04  0.0   0.0   0.0   0.03  0.03  0.03  0.0   0.0   0.07  0.33  0.0   0.06  0.03  0.03  0.06  0.09  0.03  0.0   0.17  
133   I     0.0   0.0   0.03  0.0   0.0   0.0   0.0   0.0   0.0   0.25  0.14  0.0   0.03  0.06  0.0   0.0   0.12  0.0   0.0   0.37  
134   G     0.24  0.0   0.0   0.0   0.09  0.0   0.0   0.41  0.0   0.0   0.0   0.0   0.07  0.0   0.0   0.12  0.0   0.0   0.0   0.05  
135   Y     0.0   0.0   0.0   0.0   0.0   0.06  0.0   0.0   0.0   0.16  0.28  0.0   0.03  0.15  0.0   0.0   0.03  0.06  0.21  0.01  
136   E     0.0   0.0   0.0   0.0   0.0   0.0   0.03  0.11  0.0   0.0   0.0   0.0   0.0   0.0   0.0   0.79  0.07  0.0   0.0   0.0   
137   R     0.0   1.0   0.0   0.0   0.0   0.0   0.0   0.0   0.0   0.0   0.0   0.0   0.0   0.0   0.0   0.0   0.0   0.0   0.0   0.0   
138   I     0.0   0.0   0.0   0.0   0.0   0.0   0.0   0.0   0.0   0.34  0.1   0.0   0.03  0.0   0.0   0.0   0.05  0.0   0.0   0.48  
139   Y     0.0   0.0   0.0   0.05  0.08  0.0   0.0   0.0   0.0   0.06  0.09  0.0   0.09  0.0   0.0   0.03  0.0   0.05  0.49  0.06  
140   A     0.03  0.0   0.06  0.16  0.17  0.0   0.0   0.0   0.0   0.06  0.31  0.0   0.05  0.0   0.0   0.02  0.04  0.0   0.0   0.1   
141   G     0.0   0.0   0.03  0.0   0.0   0.0   0.0   0.78  0.0   0.0   0.03  0.0   0.0   0.0   0.0   0.0   0.0   0.0   0.16  0.0   
142   V     0.09  0.14  0.0   0.0   0.0   0.0   0.0   0.0   0.05  0.0   0.03  0.1   0.2   0.0   0.0   0.0   0.0   0.05  0.1   0.22  
143   H     0.0   0.0   0.0   0.0   0.0   0.0   0.0   0.0   1.0   0.0   0.0   0.0   0.0   0.0   0.0   0.0   0.0   0.0   0.0   0.0   
144   F     0.0   0.0   0.04  0.0   0.0   0.0   0.0   0.08  0.2   0.0   0.0   0.0   0.0   0.09  0.0   0.08  0.14  0.17  0.19  0.0   
145   P     0.03  0.0   0.0   0.0   0.0   0.06  0.0   0.0   0.0   0.14  0.02  0.0   0.03  0.06  0.28  0.0   0.0   0.19  0.0   0.19  
146   L     0.04  0.0   0.0   0.0   0.0   0.12  0.0   0.03  0.0   0.0   0.29  0.0   0.06  0.0   0.0   0.25  0.16  0.0   0.0   0.05  
147   D     0.0   0.0   0.0   0.93  0.0   0.07  0.0   0.0   0.0   0.0   0.0   0.0   0.0   0.0   0.0   0.0   0.0   0.0   0.0   0.0   
148   V     0.0   0.0   0.0   0.0   0.0   0.0   0.0   0.0   0.0   0.1   0.09  0.0   0.03  0.0   0.0   0.03  0.0   0.0   0.0   0.75  
149   F     0.13  0.0   0.0   0.06  0.0   0.03  0.0   0.02  0.0   0.2   0.24  0.0   0.0   0.18  0.0   0.03  0.0   0.0   0.0   0.11  
150   V     0.41  0.0   0.0   0.0   0.06  0.0   0.0   0.12  0.0   0.0   0.0   0.0   0.0   0.05  0.04  0.11  0.03  0.0   0.04  0.15  
151   G     0.04  0.0   0.0   0.0   0.0   0.0   0.0   0.93  0.0   0.0   0.0   0.0   0.0   0.0   0.0   0.03  0.0   0.0   0.0   0.0   
152   A     0.23  0.07  0.0   0.0   0.0   0.0   0.0   0.11  0.0   0.04  0.16  0.0   0.02  0.15  0.0   0.06  0.03  0.02  0.03  0.07  
153   L     0.26  0.0   0.0   0.0   0.0   0.0   0.0   0.0   0.0   0.2   0.29  0.0   0.03  0.08  0.0   0.0   0.0   0.0   0.03  0.1   
154   I     0.07  0.0   0.0   0.0   0.0   0.0   0.0   0.0   0.0   0.33  0.24  0.0   0.05  0.04  0.0   0.0   0.0   0.0   0.05  0.23  
155   G     0.1   0.0   0.0   0.0   0.0   0.0   0.0   0.81  0.0   0.0   0.0   0.0   0.0   0.0   0.0   0.0   0.1   0.0   0.0   0.0   
156   I     0.2   0.0   0.0   0.0   0.0   0.0   0.0   0.04  0.0   0.29  0.12  0.0   0.07  0.04  0.0   0.09  0.02  0.0   0.03  0.1   
157   I     0.02  0.0   0.0   0.0   0.0   0.0   0.0   0.0   0.0   0.28  0.28  0.0   0.0   0.06  0.0   0.0   0.13  0.1   0.0   0.13  
158   C     0.0   0.0   0.0   0.0   0.13  0.0   0.03  0.0   0.0   0.21  0.1   0.0   0.04  0.14  0.0   0.07  0.0   0.0   0.0   0.24  
159   G     0.36  0.0   0.0   0.0   0.0   0.0   0.0   0.34  0.0   0.06  0.06  0.0   0.0   0.08  0.0   0.11  0.0   0.0   0.0   0.0   
160   I     0.09  0.0   0.0   0.0   0.08  0.0   0.0   0.0   0.0   0.27  0.18  0.0   0.0   0.17  0.0   0.03  0.05  0.0   0.09  0.03  
161   I     0.0   0.0   0.0   0.0   0.0   0.0   0.0   0.0   0.0   0.31  0.38  0.0   0.0   0.15  0.0   0.0   0.0   0.0   0.0   0.16  
162   S     0.07  0.14  0.0   0.0   0.0   0.08  0.0   0.0   0.0   0.0   0.0   0.0   0.0   0.08  0.0   0.28  0.26  0.0   0.0   0.08  
163   L     0.31  0.0   0.0   0.0   0.0   0.0   0.0   0.0   0.0   0.08  0.2   0.0   0.09  0.11  0.0   0.0   0.0   0.12  0.0   0.09  
164   K     0.0   0.25  0.13  0.0   0.0   0.23  0.0   0.0   0.0   0.0   0.0   0.25  0.0   0.0   0.0   0.0   0.0   0.0   0.14  0.0   
165   Y     0.0   0.0   0.0   0.0   0.0   0.0   0.0   0.0   0.0   0.0   0.0   0.0   0.0   0.5   0.0   0.0   0.0   0.0   0.5   0.0   
