             A     R     N     D     C     Q     E     G     H     I     L     K     M     F     P     S     T     W     Y     V
1     N     0.0   0.0   0.74  0.18  0.0   0.0   0.0   0.0   0.08  0.0   0.0   0.0   0.0   0.0   0.0   0.0   0.0   0.0   0.0   0.0   
2     T     0.08  0.01  0.03  0.03  0.12  0.01  0.0   0.01  0.0   0.02  0.01  0.0   0.04  0.0   0.0   0.17  0.22  0.0   0.21  0.05  
3     E     0.09  0.17  0.03  0.08  0.0   0.08  0.22  0.05  0.01  0.01  0.01  0.04  0.0   0.0   0.01  0.12  0.08  0.0   0.0   0.02  
4     L     0.23  0.0   0.0   0.0   0.07  0.0   0.0   0.0   0.01  0.15  0.15  0.0   0.06  0.02  0.0   0.01  0.05  0.0   0.0   0.23  
5     Y     0.01  0.22  0.0   0.01  0.0   0.06  0.01  0.0   0.02  0.01  0.03  0.13  0.0   0.02  0.0   0.02  0.0   0.19  0.24  0.03  
6     V     0.01  0.0   0.0   0.0   0.01  0.0   0.0   0.0   0.0   0.5   0.09  0.0   0.0   0.01  0.0   0.0   0.01  0.0   0.0   0.35  
7     L     0.03  0.03  0.0   0.0   0.01  0.01  0.0   0.0   0.0   0.13  0.19  0.0   0.05  0.01  0.0   0.01  0.04  0.01  0.0   0.49  
8     D     0.02  0.0   0.1   0.77  0.0   0.01  0.03  0.02  0.01  0.0   0.0   0.01  0.0   0.0   0.0   0.02  0.0   0.0   0.0   0.0   
9     S     0.07  0.05  0.02  0.18  0.0   0.04  0.31  0.01  0.0   0.0   0.02  0.02  0.0   0.0   0.18  0.06  0.01  0.0   0.0   0.01  
10    S     0.02  0.04  0.14  0.15  0.0   0.05  0.13  0.01  0.07  0.0   0.02  0.05  0.0   0.0   0.05  0.09  0.12  0.01  0.02  0.01  
11    L     0.01  0.02  0.1   0.1   0.02  0.04  0.01  0.45  0.01  0.01  0.09  0.01  0.05  0.0   0.01  0.04  0.03  0.0   0.0   0.0   
12    R     0.02  0.2   0.2   0.03  0.0   0.11  0.09  0.02  0.05  0.01  0.02  0.14  0.0   0.0   0.02  0.03  0.04  0.0   0.0   0.01  
13    P     0.03  0.01  0.01  0.06  0.01  0.02  0.08  0.0   0.01  0.07  0.24  0.02  0.01  0.01  0.25  0.05  0.05  0.0   0.0   0.08  
14    L     0.08  0.02  0.01  0.0   0.08  0.03  0.0   0.0   0.01  0.02  0.28  0.02  0.04  0.0   0.0   0.01  0.02  0.0   0.0   0.39  
15    P     0.09  0.01  0.0   0.02  0.01  0.01  0.06  0.07  0.01  0.0   0.01  0.04  0.0   0.0   0.64  0.02  0.01  0.0   0.0   0.01  
16    T     0.08  0.04  0.02  0.07  0.0   0.02  0.03  0.0   0.0   0.16  0.08  0.01  0.01  0.01  0.27  0.03  0.03  0.0   0.02  0.12  
17    G     0.01  0.02  0.1   0.02  0.0   0.0   0.02  0.76  0.02  0.0   0.01  0.01  0.0   0.01  0.0   0.0   0.0   0.01  0.01  0.0   
18    A     0.15  0.03  0.01  0.02  0.03  0.08  0.24  0.03  0.02  0.02  0.01  0.04  0.01  0.01  0.0   0.04  0.09  0.01  0.01  0.14  
19    V     0.04  0.03  0.02  0.01  0.0   0.03  0.16  0.06  0.01  0.12  0.01  0.03  0.04  0.01  0.09  0.05  0.06  0.0   0.0   0.23  
20    G     0.02  0.0   0.02  0.0   0.0   0.0   0.0   0.97  0.0   0.0   0.0   0.0   0.0   0.0   0.0   0.0   0.0   0.0   0.0   0.0   
21    E     0.02  0.02  0.07  0.03  0.0   0.01  0.73  0.0   0.01  0.02  0.01  0.01  0.0   0.01  0.0   0.01  0.01  0.0   0.03  0.02  
22    L     0.0   0.0   0.0   0.0   0.0   0.01  0.01  0.0   0.0   0.34  0.51  0.0   0.03  0.01  0.0   0.0   0.0   0.0   0.01  0.09  
23    Y     0.09  0.0   0.0   0.0   0.18  0.05  0.03  0.01  0.02  0.04  0.2   0.01  0.02  0.01  0.0   0.0   0.01  0.08  0.06  0.2   
24    L     0.03  0.0   0.0   0.0   0.01  0.0   0.0   0.01  0.0   0.39  0.17  0.0   0.03  0.03  0.0   0.01  0.03  0.0   0.01  0.3   
25    G     0.07  0.25  0.0   0.02  0.01  0.03  0.12  0.12  0.03  0.01  0.02  0.16  0.0   0.01  0.0   0.07  0.05  0.02  0.01  0.02  
26    G     0.03  0.03  0.0   0.0   0.0   0.01  0.0   0.74  0.01  0.01  0.0   0.05  0.0   0.0   0.02  0.05  0.02  0.01  0.0   0.0   
27    V     0.08  0.04  0.02  0.08  0.01  0.02  0.03  0.03  0.01  0.02  0.02  0.01  0.01  0.0   0.53  0.03  0.01  0.0   0.02  0.03  
28    Q     0.06  0.0   0.11  0.0   0.05  0.08  0.01  0.23  0.03  0.05  0.03  0.0   0.02  0.01  0.02  0.19  0.04  0.0   0.04  0.03  
29    L     0.01  0.01  0.01  0.0   0.0   0.0   0.0   0.01  0.0   0.16  0.22  0.0   0.11  0.02  0.0   0.01  0.04  0.0   0.0   0.39  
30    A     0.23  0.0   0.0   0.0   0.01  0.01  0.0   0.06  0.01  0.04  0.07  0.0   0.18  0.18  0.01  0.09  0.07  0.0   0.0   0.03  
31    R     0.03  0.32  0.04  0.02  0.0   0.04  0.05  0.02  0.02  0.02  0.08  0.17  0.05  0.0   0.04  0.07  0.04  0.0   0.0   0.03  
32    G     0.02  0.02  0.01  0.02  0.02  0.01  0.06  0.69  0.02  0.03  0.0   0.01  0.01  0.0   0.0   0.02  0.06  0.0   0.01  0.0   
33    Y     0.0   0.0   0.0   0.0   0.0   0.0   0.0   0.0   0.0   0.04  0.02  0.02  0.0   0.02  0.0   0.0   0.0   0.0   0.85  0.02  
34    V     0.03  0.02  0.0   0.0   0.0   0.01  0.01  0.0   0.02  0.07  0.34  0.02  0.02  0.1   0.0   0.01  0.04  0.16  0.11  0.04  
35    G     0.03  0.07  0.33  0.05  0.0   0.02  0.02  0.2   0.05  0.02  0.02  0.12  0.01  0.0   0.0   0.02  0.0   0.0   0.02  0.02  
36    R     0.04  0.12  0.2   0.3   0.0   0.05  0.03  0.02  0.01  0.0   0.04  0.05  0.03  0.0   0.03  0.03  0.02  0.01  0.0   0.0   
37    P     0.03  0.02  0.01  0.06  0.0   0.01  0.11  0.01  0.01  0.02  0.03  0.03  0.0   0.01  0.55  0.05  0.01  0.0   0.0   0.01  
38    G     0.07  0.02  0.02  0.13  0.0   0.05  0.39  0.04  0.01  0.02  0.04  0.06  0.01  0.0   0.04  0.06  0.02  0.0   0.0   0.02  
39    M     0.21  0.12  0.02  0.02  0.0   0.05  0.07  0.02  0.02  0.03  0.15  0.14  0.01  0.02  0.0   0.05  0.04  0.0   0.0   0.04  
40    T     0.02  0.0   0.09  0.05  0.0   0.02  0.05  0.01  0.0   0.0   0.03  0.0   0.01  0.06  0.0   0.06  0.57  0.0   0.02  0.01  
41    A     0.26  0.12  0.05  0.03  0.01  0.06  0.13  0.0   0.01  0.02  0.01  0.13  0.03  0.01  0.01  0.07  0.02  0.0   0.01  0.01  
42    S     0.15  0.09  0.05  0.06  0.0   0.06  0.21  0.03  0.02  0.0   0.02  0.13  0.01  0.0   0.01  0.1   0.03  0.0   0.01  0.02  
43    R     0.23  0.12  0.01  0.01  0.01  0.02  0.02  0.03  0.0   0.01  0.03  0.1   0.0   0.0   0.06  0.13  0.11  0.0   0.01  0.09  
44    F     0.02  0.01  0.0   0.01  0.0   0.0   0.01  0.02  0.0   0.08  0.06  0.01  0.01  0.58  0.0   0.02  0.01  0.01  0.1   0.03  
45    V     0.06  0.03  0.04  0.09  0.03  0.01  0.03  0.01  0.01  0.21  0.11  0.03  0.01  0.06  0.01  0.03  0.07  0.03  0.0   0.14  
46    A     0.07  0.06  0.03  0.05  0.01  0.06  0.19  0.05  0.04  0.01  0.02  0.05  0.01  0.01  0.17  0.09  0.05  0.0   0.01  0.03  
47    N     0.02  0.05  0.15  0.3   0.0   0.02  0.07  0.08  0.05  0.02  0.03  0.01  0.01  0.02  0.04  0.05  0.04  0.0   0.0   0.03  
48    P     0.04  0.02  0.02  0.02  0.03  0.02  0.04  0.2   0.0   0.02  0.02  0.03  0.02  0.01  0.28  0.06  0.06  0.07  0.04  0.02  
49    F     0.07  0.02  0.01  0.01  0.01  0.02  0.03  0.03  0.01  0.05  0.07  0.02  0.01  0.24  0.03  0.05  0.04  0.21  0.03  0.04  
50    G     0.11  0.03  0.03  0.07  0.01  0.04  0.04  0.11  0.04  0.03  0.12  0.03  0.03  0.02  0.02  0.08  0.05  0.1   0.01  0.03  
51    P     0.05  0.04  0.03  0.04  0.01  0.04  0.09  0.08  0.03  0.06  0.09  0.04  0.01  0.03  0.09  0.07  0.08  0.02  0.03  0.05  
52    P     0.05  0.02  0.05  0.14  0.01  0.07  0.09  0.04  0.02  0.02  0.04  0.08  0.02  0.03  0.15  0.08  0.05  0.0   0.01  0.03  
53    G     0.03  0.04  0.03  0.05  0.02  0.05  0.07  0.36  0.01  0.02  0.03  0.03  0.01  0.01  0.04  0.07  0.04  0.04  0.02  0.02  
54    S     0.07  0.09  0.02  0.06  0.01  0.06  0.09  0.16  0.04  0.04  0.04  0.04  0.02  0.02  0.03  0.07  0.07  0.01  0.02  0.06  
55    R     0.03  0.35  0.02  0.03  0.0   0.04  0.02  0.08  0.01  0.03  0.04  0.08  0.03  0.01  0.05  0.03  0.06  0.04  0.02  0.03  
56    L     0.08  0.01  0.01  0.01  0.01  0.01  0.01  0.03  0.0   0.05  0.2   0.02  0.09  0.12  0.01  0.03  0.02  0.16  0.05  0.08  
57    Y     0.01  0.01  0.01  0.01  0.0   0.01  0.01  0.01  0.05  0.01  0.07  0.01  0.0   0.11  0.01  0.02  0.01  0.0   0.63  0.02  
58    R     0.03  0.44  0.02  0.06  0.02  0.01  0.0   0.01  0.09  0.02  0.06  0.15  0.0   0.03  0.02  0.01  0.0   0.0   0.02  0.02  
59    T     0.05  0.0   0.0   0.0   0.01  0.0   0.0   0.0   0.0   0.0   0.01  0.0   0.01  0.0   0.01  0.11  0.8   0.0   0.0   0.0   
60    G     0.0   0.02  0.02  0.0   0.0   0.0   0.0   0.97  0.0   0.0   0.0   0.0   0.0   0.0   0.0   0.0   0.0   0.0   0.0   0.0   
61    D     0.0   0.0   0.0   0.98  0.0   0.0   0.0   0.0   0.0   0.0   0.02  0.0   0.0   0.0   0.0   0.0   0.0   0.0   0.0   0.0   
62    L     0.01  0.11  0.0   0.0   0.0   0.01  0.01  0.03  0.01  0.17  0.38  0.04  0.04  0.01  0.0   0.04  0.01  0.01  0.05  0.06  
63    V     0.24  0.0   0.0   0.0   0.02  0.0   0.0   0.4   0.0   0.0   0.02  0.0   0.01  0.01  0.0   0.0   0.0   0.0   0.01  0.28  
64    R     0.02  0.4   0.0   0.01  0.02  0.02  0.05  0.0   0.02  0.04  0.01  0.05  0.01  0.05  0.0   0.05  0.04  0.0   0.14  0.05  
65    R     0.01  0.09  0.0   0.01  0.01  0.05  0.0   0.0   0.0   0.17  0.12  0.02  0.09  0.12  0.0   0.0   0.0   0.07  0.18  0.05  
66    R     0.03  0.07  0.09  0.39  0.01  0.02  0.02  0.02  0.04  0.02  0.1   0.02  0.01  0.02  0.0   0.04  0.07  0.01  0.0   0.03  
67    A     0.09  0.02  0.01  0.1   0.01  0.03  0.29  0.04  0.01  0.0   0.02  0.06  0.01  0.0   0.18  0.1   0.02  0.0   0.0   0.01  
68    D     0.02  0.02  0.09  0.59  0.0   0.04  0.11  0.02  0.01  0.0   0.0   0.02  0.0   0.01  0.01  0.04  0.02  0.0   0.01  0.0   
69    G     0.01  0.01  0.01  0.02  0.0   0.01  0.01  0.9   0.01  0.0   0.0   0.01  0.0   0.0   0.0   0.01  0.0   0.0   0.0   0.0   
70    A     0.02  0.05  0.06  0.02  0.01  0.05  0.08  0.02  0.04  0.0   0.06  0.05  0.01  0.09  0.0   0.13  0.08  0.02  0.2   0.02  
71    V     0.01  0.0   0.0   0.0   0.04  0.0   0.0   0.01  0.0   0.19  0.4   0.0   0.04  0.13  0.0   0.0   0.0   0.02  0.03  0.14  
72    E     0.01  0.06  0.01  0.02  0.01  0.04  0.16  0.0   0.02  0.05  0.03  0.03  0.0   0.11  0.0   0.04  0.09  0.09  0.12  0.1   
73    Y     0.0   0.0   0.0   0.0   0.05  0.0   0.0   0.0   0.02  0.29  0.09  0.0   0.02  0.26  0.0   0.0   0.0   0.01  0.16  0.11  
74    L     0.04  0.04  0.0   0.01  0.04  0.06  0.03  0.02  0.02  0.11  0.19  0.03  0.05  0.04  0.0   0.03  0.06  0.0   0.01  0.23  
75    G     0.02  0.01  0.0   0.19  0.02  0.0   0.0   0.74  0.0   0.0   0.0   0.0   0.0   0.0   0.0   0.02  0.0   0.0   0.0   0.0   
76    R     0.0   1.0   0.0   0.0   0.0   0.0   0.0   0.0   0.0   0.0   0.0   0.0   0.0   0.0   0.0   0.0   0.0   0.0   0.0   0.0   
77    V     0.0   0.0   0.0   0.0   0.0   0.0   0.0   0.0   0.0   0.49  0.23  0.0   0.14  0.0   0.0   0.0   0.0   0.0   0.0   0.14  
