             A     R     N     D     C     Q     E     G     H     I     L     K     M     F     P     S     T     W     Y     V
1     G     0.17  0.0   0.0   0.0   0.0   0.0   0.0   0.83  0.0   0.0   0.0   0.0   0.0   0.0   0.0   0.0   0.0   0.0   0.0   0.0   
2     K     0.0   0.17  0.0   0.0   0.0   0.0   0.0   0.0   0.0   0.0   0.0   0.81  0.0   0.0   0.0   0.03  0.0   0.0   0.0   0.0   
3     I     0.11  0.0   0.0   0.0   0.0   0.0   0.0   0.0   0.0   0.55  0.12  0.0   0.06  0.0   0.0   0.0   0.0   0.0   0.0   0.15  
4     T     0.02  0.07  0.0   0.0   0.02  0.0   0.0   0.0   0.0   0.25  0.0   0.01  0.0   0.03  0.0   0.02  0.39  0.0   0.0   0.19  
5     L     0.0   0.0   0.0   0.0   0.0   0.0   0.0   0.0   0.0   0.19  0.24  0.0   0.0   0.32  0.0   0.0   0.0   0.0   0.0   0.25  
6     Y     0.0   0.0   0.0   0.0   0.0   0.0   0.0   0.0   0.0   0.0   0.0   0.0   0.0   0.11  0.0   0.0   0.0   0.13  0.76  0.0   
7     E     0.0   0.0   0.0   0.16  0.0   0.04  0.76  0.0   0.0   0.0   0.0   0.04  0.0   0.0   0.0   0.0   0.0   0.0   0.0   0.0   
8     D     0.03  0.07  0.08  0.29  0.0   0.12  0.15  0.07  0.03  0.0   0.05  0.09  0.01  0.0   0.0   0.0   0.0   0.0   0.0   0.0   
9     R     0.0   0.27  0.0   0.1   0.0   0.0   0.31  0.03  0.0   0.0   0.0   0.11  0.0   0.0   0.14  0.03  0.0   0.0   0.0   0.0   
10    G     0.02  0.0   0.39  0.13  0.04  0.0   0.03  0.21  0.1   0.0   0.0   0.0   0.0   0.05  0.0   0.02  0.0   0.0   0.0   0.0   
11    F     0.0   0.0   0.0   0.0   0.0   0.0   0.0   0.0   0.0   0.0   0.0   0.0   0.0   1.0   0.0   0.0   0.0   0.0   0.0   0.0   
12    Q     0.04  0.03  0.0   0.0   0.0   0.73  0.03  0.0   0.03  0.0   0.03  0.0   0.0   0.0   0.0   0.0   0.11  0.0   0.0   0.0   
13    G     0.0   0.0   0.0   0.0   0.0   0.0   0.0   1.0   0.0   0.0   0.0   0.0   0.0   0.0   0.0   0.0   0.0   0.0   0.0   0.0   
14    R     0.0   0.55  0.0   0.08  0.0   0.11  0.0   0.0   0.08  0.0   0.03  0.14  0.0   0.0   0.0   0.0   0.0   0.0   0.0   0.0   
15    H     0.03  0.31  0.04  0.0   0.19  0.09  0.0   0.0   0.12  0.0   0.0   0.04  0.03  0.0   0.0   0.12  0.03  0.0   0.0   0.0   
16    Y     0.01  0.0   0.0   0.0   0.13  0.0   0.0   0.0   0.11  0.08  0.07  0.09  0.12  0.0   0.0   0.0   0.0   0.03  0.31  0.05  
17    E     0.0   0.04  0.02  0.06  0.0   0.03  0.81  0.0   0.0   0.0   0.0   0.0   0.0   0.0   0.0   0.0   0.03  0.0   0.0   0.0   
18    C     0.0   0.0   0.0   0.0   0.3   0.0   0.0   0.0   0.0   0.0   0.19  0.0   0.0   0.32  0.0   0.01  0.0   0.0   0.0   0.18  
19    S     0.0   0.0   0.01  0.06  0.0   0.0   0.0   0.01  0.0   0.02  0.06  0.0   0.03  0.08  0.0   0.38  0.24  0.0   0.02  0.08  
20    S     0.15  0.03  0.01  0.0   0.04  0.0   0.14  0.2   0.0   0.0   0.0   0.0   0.02  0.0   0.0   0.34  0.06  0.0   0.0   0.0   
21    D     0.03  0.0   0.11  0.55  0.0   0.0   0.16  0.0   0.06  0.0   0.0   0.0   0.03  0.0   0.03  0.03  0.0   0.0   0.0   0.0   
22    H     0.08  0.0   0.04  0.0   0.68  0.0   0.0   0.0   0.04  0.09  0.02  0.0   0.0   0.0   0.0   0.0   0.0   0.0   0.01  0.03  
23    T     0.13  0.0   0.0   0.13  0.02  0.0   0.08  0.0   0.0   0.0   0.03  0.0   0.0   0.0   0.37  0.17  0.02  0.0   0.03  0.02  
24    N     0.0   0.0   0.48  0.18  0.0   0.03  0.08  0.0   0.0   0.0   0.02  0.0   0.0   0.03  0.0   0.15  0.02  0.0   0.0   0.0   
25    L     0.0   0.0   0.0   0.0   0.0   0.02  0.0   0.0   0.0   0.04  0.51  0.0   0.05  0.13  0.02  0.0   0.03  0.0   0.0   0.19  
26    Q     0.02  0.12  0.0   0.01  0.0   0.24  0.17  0.1   0.09  0.0   0.0   0.04  0.03  0.0   0.06  0.08  0.02  0.0   0.0   0.02  
27    P     0.01  0.05  0.03  0.16  0.02  0.0   0.08  0.04  0.0   0.0   0.04  0.0   0.01  0.03  0.23  0.15  0.11  0.0   0.0   0.02  
28    Y     0.03  0.03  0.01  0.0   0.0   0.0   0.03  0.27  0.03  0.0   0.12  0.0   0.0   0.17  0.0   0.01  0.0   0.0   0.29  0.0   
29    L     0.0   0.0   0.12  0.0   0.0   0.0   0.0   0.0   0.0   0.0   0.26  0.0   0.11  0.49  0.0   0.0   0.0   0.0   0.0   0.02  
30    S     0.03  0.09  0.24  0.14  0.0   0.01  0.1   0.01  0.03  0.0   0.0   0.03  0.0   0.0   0.02  0.27  0.03  0.0   0.0   0.0   
31    R     0.02  0.52  0.11  0.03  0.06  0.0   0.0   0.0   0.0   0.0   0.0   0.11  0.0   0.0   0.0   0.09  0.05  0.0   0.0   0.0   
32    C     0.01  0.0   0.0   0.0   0.36  0.0   0.0   0.0   0.0   0.19  0.0   0.0   0.0   0.0   0.0   0.0   0.0   0.0   0.0   0.44  
33    N     0.0   0.19  0.37  0.0   0.0   0.02  0.0   0.22  0.06  0.0   0.0   0.0   0.0   0.0   0.0   0.13  0.0   0.0   0.0   0.0   
34    S     0.0   0.0   0.0   0.0   0.0   0.0   0.0   0.0   0.0   0.0   0.0   0.0   0.0   0.0   0.0   1.0   0.0   0.0   0.0   0.0   
35    A     0.02  0.0   0.0   0.0   0.08  0.0   0.0   0.0   0.0   0.56  0.11  0.0   0.03  0.02  0.0   0.0   0.0   0.0   0.0   0.18  
36    S     0.0   0.53  0.03  0.0   0.0   0.05  0.0   0.0   0.02  0.05  0.04  0.27  0.0   0.0   0.0   0.01  0.0   0.0   0.0   0.0   
37    V     0.0   0.0   0.0   0.0   0.0   0.0   0.0   0.0   0.0   0.07  0.0   0.0   0.0   0.0   0.0   0.0   0.0   0.0   0.0   0.93  
38    D     0.0   0.0   0.0   0.14  0.0   0.01  0.43  0.0   0.04  0.09  0.13  0.0   0.04  0.02  0.0   0.03  0.02  0.0   0.0   0.05  
39    S     0.03  0.03  0.06  0.02  0.02  0.0   0.02  0.2   0.0   0.0   0.0   0.0   0.0   0.0   0.0   0.59  0.01  0.0   0.0   0.02  
40    G     0.0   0.0   0.0   0.02  0.0   0.05  0.0   0.83  0.02  0.0   0.0   0.0   0.0   0.0   0.0   0.0   0.0   0.0   0.0   0.08  
41    C     0.2   0.0   0.05  0.0   0.25  0.0   0.0   0.0   0.02  0.03  0.0   0.0   0.0   0.0   0.29  0.03  0.04  0.02  0.0   0.06  
42    W     0.0   0.0   0.0   0.0   0.0   0.0   0.0   0.0   0.0   0.0   0.0   0.0   0.0   0.05  0.0   0.0   0.0   0.87  0.0   0.08  
43    M     0.04  0.0   0.0   0.0   0.0   0.08  0.0   0.0   0.0   0.15  0.05  0.0   0.22  0.02  0.0   0.0   0.0   0.0   0.0   0.44  
44    L     0.2   0.0   0.0   0.0   0.06  0.0   0.0   0.2   0.0   0.05  0.27  0.0   0.02  0.08  0.0   0.0   0.0   0.0   0.0   0.12  
45    Y     0.0   0.0   0.0   0.0   0.0   0.0   0.0   0.0   0.05  0.0   0.0   0.0   0.0   0.31  0.0   0.0   0.0   0.0   0.64  0.0   
46    E     0.0   0.0   0.02  0.08  0.0   0.07  0.75  0.0   0.0   0.0   0.0   0.0   0.0   0.0   0.0   0.0   0.0   0.0   0.08  0.0   
47    Q     0.0   0.26  0.0   0.05  0.0   0.2   0.0   0.0   0.18  0.0   0.0   0.23  0.0   0.0   0.0   0.01  0.0   0.0   0.06  0.01  
48    P     0.08  0.04  0.01  0.0   0.02  0.03  0.16  0.0   0.0   0.05  0.0   0.0   0.0   0.0   0.55  0.03  0.03  0.0   0.0   0.0   
49    N     0.06  0.0   0.42  0.13  0.0   0.08  0.01  0.13  0.05  0.0   0.0   0.0   0.0   0.0   0.0   0.11  0.0   0.0   0.0   0.0   
50    Y     0.0   0.0   0.0   0.0   0.04  0.0   0.0   0.0   0.0   0.0   0.0   0.0   0.02  0.58  0.0   0.0   0.0   0.0   0.36  0.0   
51    S     0.04  0.2   0.0   0.08  0.03  0.19  0.0   0.0   0.0   0.0   0.02  0.15  0.12  0.0   0.0   0.1   0.07  0.0   0.0   0.0   
52    G     0.0   0.0   0.0   0.0   0.0   0.0   0.0   1.0   0.0   0.0   0.0   0.0   0.0   0.0   0.0   0.0   0.0   0.0   0.0   0.0   
53    L     0.0   0.0   0.06  0.0   0.03  0.32  0.14  0.0   0.25  0.0   0.02  0.08  0.02  0.0   0.01  0.0   0.0   0.0   0.08  0.0   
54    Q     0.0   0.0   0.0   0.0   0.05  0.75  0.08  0.0   0.0   0.0   0.0   0.0   0.1   0.0   0.02  0.0   0.0   0.0   0.0   0.0   
55    Y     0.0   0.0   0.0   0.0   0.0   0.0   0.0   0.0   0.01  0.0   0.05  0.0   0.0   0.36  0.0   0.0   0.0   0.0   0.49  0.08  
56    F     0.0   0.0   0.0   0.08  0.0   0.0   0.0   0.0   0.0   0.23  0.12  0.0   0.03  0.23  0.05  0.0   0.0   0.0   0.06  0.19  
57    L     0.0   0.0   0.0   0.0   0.0   0.0   0.0   0.0   0.0   0.0   0.93  0.0   0.01  0.06  0.0   0.0   0.0   0.0   0.0   0.0   
58    R     0.0   0.2   0.0   0.0   0.0   0.02  0.51  0.0   0.0   0.0   0.0   0.04  0.0   0.0   0.12  0.0   0.05  0.05  0.0   0.0   
59    R     0.0   0.41  0.0   0.0   0.0   0.04  0.17  0.0   0.03  0.0   0.0   0.27  0.0   0.0   0.08  0.0   0.0   0.0   0.0   0.0   
60    G     0.0   0.0   0.0   0.0   0.0   0.0   0.0   1.0   0.0   0.0   0.0   0.0   0.0   0.0   0.0   0.0   0.0   0.0   0.0   0.0   
61    D     0.0   0.0   0.02  0.3   0.0   0.08  0.59  0.0   0.0   0.0   0.0   0.01  0.0   0.0   0.0   0.0   0.0   0.0   0.0   0.0   
62    Y     0.0   0.0   0.0   0.0   0.0   0.0   0.0   0.0   0.0   0.0   0.0   0.0   0.0   0.05  0.0   0.0   0.0   0.0   0.95  0.0   
63    A     0.13  0.03  0.0   0.0   0.0   0.0   0.05  0.0   0.03  0.0   0.0   0.0   0.0   0.0   0.69  0.06  0.0   0.0   0.0   0.0   
64    D     0.0   0.22  0.0   0.5   0.03  0.02  0.15  0.06  0.0   0.0   0.0   0.0   0.0   0.0   0.0   0.02  0.0   0.0   0.0   0.0   
65    H     0.0   0.0   0.0   0.0   0.0   0.0   0.0   0.0   0.02  0.0   0.09  0.0   0.03  0.13  0.0   0.07  0.0   0.34  0.29  0.0   
66    Q     0.0   0.01  0.04  0.2   0.0   0.36  0.12  0.02  0.02  0.0   0.0   0.04  0.03  0.03  0.0   0.09  0.01  0.0   0.0   0.0   
67    Q     0.27  0.32  0.0   0.01  0.0   0.18  0.0   0.0   0.06  0.0   0.0   0.0   0.0   0.0   0.0   0.08  0.05  0.0   0.0   0.0   
68    W     0.01  0.0   0.0   0.0   0.07  0.0   0.0   0.0   0.0   0.0   0.01  0.0   0.05  0.0   0.0   0.0   0.0   0.74  0.08  0.0   
69    M     0.0   0.01  0.06  0.0   0.0   0.02  0.0   0.22  0.0   0.05  0.01  0.0   0.36  0.02  0.0   0.2   0.05  0.0   0.0   0.0   
70    G     0.05  0.0   0.07  0.0   0.0   0.0   0.0   0.62  0.0   0.08  0.0   0.0   0.0   0.0   0.0   0.18  0.0   0.0   0.0   0.0   
71    L     0.0   0.0   0.05  0.08  0.0   0.0   0.0   0.0   0.08  0.0   0.21  0.0   0.11  0.17  0.0   0.21  0.01  0.0   0.06  0.0   
72    S     0.0   0.0   0.48  0.05  0.0   0.0   0.0   0.03  0.0   0.0   0.0   0.0   0.0   0.0   0.0   0.39  0.05  0.0   0.0   0.0   
73    D     0.0   0.0   0.1   0.67  0.0   0.0   0.12  0.07  0.0   0.0   0.0   0.0   0.0   0.0   0.0   0.04  0.0   0.0   0.0   0.0   
74    S     0.0   0.18  0.0   0.0   0.05  0.02  0.03  0.07  0.1   0.01  0.03  0.0   0.0   0.0   0.05  0.34  0.1   0.0   0.01  0.0   
75    V     0.05  0.0   0.0   0.0   0.0   0.0   0.0   0.0   0.0   0.42  0.35  0.0   0.08  0.02  0.0   0.0   0.0   0.0   0.0   0.08  
76    R     0.0   0.31  0.0   0.0   0.01  0.05  0.0   0.08  0.0   0.0   0.12  0.02  0.12  0.0   0.0   0.22  0.08  0.0   0.0   0.0   
77    S     0.0   0.0   0.0   0.0   0.0   0.0   0.0   0.0   0.0   0.0   0.0   0.0   0.0   0.0   0.0   1.0   0.0   0.0   0.0   0.0   
78    C     0.0   0.0   0.0   0.0   0.45  0.0   0.0   0.0   0.0   0.0   0.21  0.0   0.02  0.23  0.0   0.02  0.0   0.0   0.0   0.08  
79    R     0.0   0.83  0.0   0.0   0.03  0.0   0.0   0.0   0.0   0.0   0.0   0.14  0.0   0.0   0.0   0.0   0.0   0.0   0.0   0.0   
80    L     0.04  0.0   0.0   0.0   0.0   0.0   0.0   0.0   0.0   0.03  0.2   0.0   0.09  0.02  0.46  0.01  0.0   0.0   0.07  0.08  
81    I     0.02  0.0   0.0   0.0   0.0   0.04  0.0   0.0   0.0   0.52  0.16  0.0   0.0   0.0   0.02  0.03  0.0   0.0   0.0   0.18  
82    P     0.11  0.03  0.01  0.04  0.0   0.07  0.0   0.07  0.08  0.0   0.0   0.06  0.06  0.0   0.32  0.03  0.12  0.0   0.0   0.0   
83    H     0.06  0.0   0.08  0.19  0.07  0.05  0.0   0.0   0.24  0.02  0.09  0.0   0.06  0.05  0.0   0.01  0.0   0.0   0.08  0.0   
84    S     0.13  0.09  0.07  0.08  0.0   0.05  0.01  0.05  0.16  0.0   0.0   0.0   0.0   0.03  0.0   0.21  0.11  0.0   0.0   0.0   
85    G     0.0   0.0   0.1   0.0   0.0   0.09  0.09  0.43  0.0   0.0   0.06  0.03  0.0   0.05  0.03  0.1   0.0   0.0   0.0   0.0   
86    S     0.07  0.02  0.0   0.15  0.0   0.13  0.21  0.04  0.01  0.0   0.0   0.0   0.0   0.0   0.06  0.23  0.05  0.0   0.0   0.0   
87    H     0.01  0.0   0.07  0.0   0.0   0.0   0.0   0.0   0.31  0.0   0.04  0.0   0.0   0.06  0.03  0.2   0.0   0.0   0.24  0.0   
88    R     0.03  0.38  0.0   0.0   0.0   0.07  0.0   0.0   0.0   0.0   0.0   0.39  0.04  0.0   0.0   0.06  0.0   0.0   0.0   0.0   
89    I     0.01  0.0   0.0   0.0   0.0   0.0   0.0   0.0   0.0   0.32  0.23  0.0   0.26  0.0   0.0   0.0   0.0   0.0   0.0   0.18  
90    R     0.0   0.32  0.0   0.01  0.02  0.07  0.05  0.0   0.05  0.03  0.02  0.02  0.0   0.0   0.0   0.03  0.2   0.0   0.0   0.15  
91    L     0.0   0.0   0.0   0.0   0.0   0.0   0.0   0.0   0.0   0.37  0.51  0.0   0.03  0.0   0.0   0.0   0.0   0.0   0.0   0.09  
92    Y     0.0   0.0   0.0   0.0   0.0   0.0   0.0   0.0   0.0   0.0   0.0   0.0   0.0   0.47  0.0   0.01  0.0   0.0   0.52  0.0   
93    E     0.0   0.0   0.0   0.02  0.0   0.0   0.86  0.0   0.0   0.0   0.0   0.08  0.0   0.0   0.0   0.03  0.0   0.0   0.0   0.0   
94    R     0.04  0.34  0.17  0.0   0.0   0.05  0.03  0.14  0.05  0.0   0.0   0.1   0.0   0.0   0.0   0.07  0.0   0.0   0.0   0.0   
95    E     0.06  0.0   0.0   0.21  0.05  0.01  0.29  0.13  0.0   0.0   0.01  0.03  0.03  0.0   0.1   0.03  0.0   0.0   0.0   0.05  
96    D     0.04  0.0   0.49  0.33  0.0   0.0   0.04  0.01  0.03  0.0   0.03  0.0   0.0   0.0   0.0   0.02  0.01  0.0   0.02  0.0   
97    Y     0.0   0.0   0.0   0.0   0.01  0.01  0.03  0.05  0.02  0.0   0.05  0.0   0.0   0.71  0.0   0.02  0.0   0.0   0.1   0.0   
98    R     0.01  0.12  0.03  0.0   0.0   0.13  0.06  0.14  0.0   0.03  0.03  0.15  0.02  0.0   0.0   0.16  0.13  0.0   0.0   0.0   
99    G     0.0   0.0   0.0   0.0   0.0   0.0   0.0   1.0   0.0   0.0   0.0   0.0   0.0   0.0   0.0   0.0   0.0   0.0   0.0   0.0   
100   Q     0.0   0.11  0.05  0.08  0.04  0.39  0.02  0.0   0.04  0.0   0.04  0.18  0.0   0.0   0.0   0.03  0.0   0.0   0.0   0.01  
101   M     0.05  0.02  0.03  0.0   0.06  0.03  0.0   0.03  0.0   0.01  0.0   0.19  0.35  0.05  0.0   0.03  0.11  0.0   0.0   0.02  
102   I     0.01  0.01  0.0   0.0   0.0   0.0   0.0   0.05  0.01  0.15  0.17  0.0   0.27  0.06  0.0   0.08  0.0   0.02  0.09  0.07  
103   E     0.0   0.0   0.0   0.13  0.0   0.0   0.74  0.0   0.0   0.0   0.0   0.0   0.0   0.0   0.04  0.04  0.0   0.0   0.0   0.05  
104   F     0.0   0.0   0.0   0.0   0.0   0.0   0.0   0.0   0.0   0.28  0.29  0.0   0.02  0.18  0.0   0.01  0.05  0.0   0.0   0.17  
105   T     0.02  0.0   0.05  0.0   0.05  0.05  0.0   0.0   0.0   0.03  0.08  0.0   0.06  0.04  0.0   0.18  0.36  0.0   0.0   0.09  
106   E     0.0   0.0   0.0   0.47  0.0   0.05  0.31  0.05  0.0   0.0   0.0   0.03  0.0   0.0   0.0   0.08  0.0   0.0   0.0   0.0   
107   D     0.03  0.0   0.04  0.78  0.0   0.0   0.1   0.0   0.0   0.03  0.0   0.0   0.0   0.0   0.0   0.0   0.0   0.0   0.0   0.01  
108   C     0.09  0.0   0.0   0.0   0.47  0.0   0.0   0.0   0.0   0.05  0.03  0.0   0.0   0.0   0.0   0.02  0.05  0.0   0.12  0.16  
109   S     0.05  0.0   0.05  0.06  0.0   0.0   0.0   0.0   0.0   0.01  0.01  0.0   0.0   0.0   0.71  0.11  0.0   0.0   0.0   0.0   
110   C     0.0   0.0   0.12  0.08  0.06  0.02  0.0   0.0   0.01  0.0   0.05  0.0   0.0   0.06  0.0   0.56  0.04  0.0   0.0   0.0   
111   L     0.05  0.0   0.0   0.0   0.0   0.0   0.0   0.0   0.0   0.12  0.54  0.0   0.0   0.06  0.0   0.0   0.06  0.0   0.0   0.17  
112   Q     0.0   0.01  0.0   0.0   0.0   0.26  0.08  0.08  0.07  0.0   0.0   0.03  0.1   0.06  0.07  0.0   0.0   0.1   0.1   0.03  
113   D     0.3   0.0   0.0   0.29  0.0   0.0   0.2   0.06  0.0   0.0   0.03  0.0   0.0   0.0   0.0   0.08  0.0   0.0   0.0   0.03  
114   R     0.0   0.35  0.05  0.0   0.0   0.04  0.02  0.02  0.1   0.05  0.02  0.0   0.2   0.0   0.0   0.0   0.05  0.0   0.05  0.03  
115   F     0.01  0.0   0.0   0.0   0.0   0.03  0.01  0.27  0.0   0.0   0.01  0.0   0.05  0.39  0.0   0.01  0.0   0.14  0.05  0.01  
116   R     0.06  0.18  0.05  0.03  0.02  0.0   0.02  0.04  0.25  0.0   0.01  0.02  0.0   0.16  0.0   0.03  0.0   0.04  0.08  0.01  
117   F     0.0   0.0   0.12  0.05  0.04  0.1   0.0   0.18  0.0   0.01  0.12  0.05  0.09  0.09  0.0   0.06  0.03  0.0   0.05  0.0   
118   N     0.0   0.13  0.3   0.1   0.0   0.0   0.04  0.0   0.06  0.0   0.0   0.04  0.0   0.0   0.06  0.19  0.05  0.0   0.0   0.03  
119   E     0.02  0.1   0.08  0.22  0.06  0.0   0.32  0.0   0.02  0.0   0.0   0.11  0.0   0.0   0.0   0.03  0.0   0.0   0.0   0.0   
120   I     0.0   0.0   0.0   0.0   0.05  0.0   0.0   0.0   0.0   0.31  0.01  0.0   0.0   0.01  0.0   0.0   0.2   0.01  0.0   0.41  
121   H     0.06  0.08  0.09  0.0   0.0   0.12  0.0   0.18  0.23  0.0   0.01  0.0   0.02  0.0   0.0   0.17  0.0   0.0   0.03  0.0   
122   S     0.05  0.0   0.0   0.0   0.0   0.0   0.0   0.0   0.0   0.0   0.0   0.0   0.0   0.0   0.0   0.91  0.02  0.0   0.02  0.0   
123   L     0.0   0.0   0.0   0.0   0.26  0.0   0.0   0.0   0.05  0.27  0.14  0.0   0.04  0.07  0.0   0.02  0.0   0.0   0.0   0.16  
124   N     0.0   0.26  0.21  0.0   0.0   0.01  0.0   0.0   0.25  0.0   0.02  0.23  0.0   0.0   0.0   0.0   0.01  0.0   0.0   0.0   
125   V     0.04  0.0   0.0   0.0   0.0   0.0   0.0   0.0   0.0   0.1   0.0   0.0   0.0   0.0   0.0   0.0   0.0   0.0   0.0   0.86  
126   L     0.0   0.0   0.02  0.0   0.02  0.14  0.0   0.0   0.02  0.04  0.34  0.06  0.13  0.05  0.03  0.09  0.01  0.0   0.07  0.01  
127   E     0.02  0.06  0.05  0.3   0.02  0.0   0.21  0.02  0.0   0.0   0.0   0.0   0.0   0.0   0.0   0.33  0.0   0.0   0.0   0.0   
128   G     0.02  0.0   0.0   0.0   0.0   0.0   0.0   0.98  0.0   0.0   0.0   0.0   0.0   0.0   0.0   0.0   0.0   0.0   0.0   0.0   
129   S     0.3   0.0   0.03  0.0   0.07  0.0   0.0   0.0   0.13  0.01  0.0   0.0   0.0   0.0   0.0   0.07  0.16  0.01  0.07  0.15  
130   W     0.0   0.0   0.0   0.0   0.0   0.0   0.0   0.0   0.0   0.0   0.0   0.0   0.0   0.0   0.0   0.0   0.0   1.0   0.0   0.0   
131   V     0.08  0.0   0.0   0.0   0.0   0.0   0.0   0.0   0.0   0.16  0.08  0.0   0.05  0.0   0.0   0.0   0.0   0.0   0.0   0.64  
132   L     0.18  0.0   0.0   0.0   0.12  0.0   0.0   0.15  0.0   0.02  0.24  0.0   0.09  0.2   0.0   0.0   0.0   0.0   0.0   0.0   
133   Y     0.0   0.0   0.0   0.0   0.0   0.0   0.0   0.0   0.0   0.0   0.0   0.0   0.0   0.03  0.0   0.05  0.0   0.0   0.92  0.0   
134   E     0.0   0.0   0.03  0.0   0.0   0.3   0.64  0.0   0.03  0.0   0.0   0.0   0.0   0.0   0.0   0.0   0.0   0.0   0.0   0.0   
135   L     0.0   0.0   0.04  0.0   0.0   0.19  0.13  0.0   0.14  0.0   0.1   0.0   0.11  0.07  0.0   0.0   0.0   0.0   0.22  0.0   
136   S     0.02  0.0   0.0   0.0   0.0   0.0   0.0   0.0   0.0   0.06  0.0   0.06  0.0   0.0   0.8   0.02  0.01  0.0   0.0   0.03  
137   N     0.0   0.0   0.43  0.06  0.0   0.0   0.0   0.33  0.08  0.0   0.0   0.0   0.0   0.06  0.0   0.05  0.0   0.0   0.0   0.0   
138   Y     0.0   0.06  0.0   0.0   0.0   0.0   0.0   0.0   0.0   0.0   0.0   0.0   0.0   0.17  0.0   0.0   0.0   0.0   0.76  0.0   
139   R     0.0   0.75  0.0   0.0   0.06  0.01  0.0   0.06  0.01  0.0   0.01  0.02  0.0   0.0   0.0   0.03  0.04  0.0   0.01  0.0   
140   G     0.0   0.0   0.0   0.0   0.0   0.0   0.0   1.0   0.0   0.0   0.0   0.0   0.0   0.0   0.0   0.0   0.0   0.0   0.0   0.0   
141   R     0.0   0.56  0.0   0.03  0.0   0.03  0.1   0.0   0.0   0.0   0.01  0.04  0.0   0.05  0.0   0.0   0.0   0.0   0.18  0.0   
142   Q     0.0   0.0   0.0   0.0   0.06  0.79  0.0   0.0   0.0   0.02  0.02  0.0   0.11  0.0   0.0   0.0   0.0   0.0   0.0   0.0   
143   Y     0.0   0.0   0.0   0.0   0.0   0.0   0.0   0.0   0.01  0.06  0.0   0.0   0.02  0.03  0.0   0.0   0.0   0.04  0.81  0.02  
144   L     0.0   0.0   0.0   0.0   0.0   0.0   0.0   0.0   0.0   0.18  0.34  0.0   0.0   0.07  0.0   0.0   0.0   0.0   0.14  0.26  
145   L     0.06  0.0   0.0   0.0   0.0   0.0   0.0   0.0   0.0   0.0   0.72  0.0   0.04  0.15  0.0   0.0   0.0   0.0   0.0   0.04  
146   M     0.0   0.4   0.0   0.09  0.0   0.0   0.48  0.0   0.0   0.0   0.0   0.01  0.02  0.0   0.0   0.0   0.0   0.0   0.0   0.0   
147   P     0.07  0.14  0.0   0.0   0.0   0.0   0.0   0.01  0.03  0.0   0.0   0.25  0.0   0.0   0.4   0.08  0.02  0.0   0.0   0.0   
148   G     0.0   0.0   0.0   0.0   0.0   0.03  0.0   0.91  0.0   0.0   0.0   0.06  0.0   0.0   0.0   0.0   0.0   0.0   0.0   0.0   
149   D     0.0   0.0   0.03  0.25  0.0   0.0   0.6   0.0   0.0   0.0   0.0   0.06  0.0   0.04  0.0   0.0   0.0   0.0   0.0   0.03  
150   Y     0.0   0.0   0.0   0.0   0.0   0.0   0.0   0.0   0.0   0.0   0.0   0.0   0.0   0.12  0.0   0.0   0.0   0.0   0.88  0.0   
151   R     0.0   0.59  0.0   0.0   0.04  0.0   0.0   0.0   0.0   0.0   0.0   0.24  0.0   0.0   0.03  0.06  0.04  0.0   0.0   0.0   
152   R     0.02  0.28  0.04  0.07  0.07  0.0   0.0   0.07  0.19  0.0   0.0   0.11  0.0   0.0   0.0   0.12  0.02  0.0   0.0   0.0   
153   Y     0.0   0.0   0.01  0.0   0.04  0.0   0.0   0.0   0.03  0.06  0.0   0.0   0.0   0.33  0.07  0.03  0.0   0.14  0.27  0.02  
154   Q     0.0   0.15  0.14  0.0   0.0   0.04  0.07  0.01  0.06  0.02  0.05  0.0   0.0   0.08  0.0   0.28  0.05  0.0   0.0   0.05  
155   D     0.0   0.03  0.02  0.59  0.0   0.0   0.31  0.0   0.0   0.0   0.01  0.0   0.0   0.0   0.0   0.0   0.0   0.0   0.0   0.0   
156   W     0.0   0.0   0.0   0.0   0.0   0.0   0.0   0.0   0.0   0.0   0.02  0.0   0.08  0.08  0.0   0.0   0.0   0.76  0.02  0.0   
157   G     0.0   0.0   0.03  0.05  0.02  0.06  0.0   0.79  0.0   0.0   0.01  0.0   0.0   0.0   0.0   0.0   0.0   0.0   0.0   0.0   
158   A     0.63  0.0   0.0   0.0   0.0   0.0   0.0   0.15  0.0   0.0   0.01  0.0   0.02  0.0   0.0   0.11  0.0   0.0   0.04  0.0   
159   T     0.06  0.0   0.04  0.0   0.0   0.13  0.02  0.05  0.12  0.0   0.01  0.04  0.16  0.05  0.04  0.17  0.03  0.0   0.03  0.05  
160   N     0.02  0.0   0.33  0.05  0.03  0.1   0.0   0.02  0.04  0.0   0.0   0.0   0.0   0.0   0.0   0.2   0.19  0.0   0.0   0.0   
161   A     0.26  0.0   0.08  0.09  0.04  0.0   0.0   0.06  0.0   0.0   0.0   0.0   0.04  0.03  0.28  0.1   0.0   0.0   0.0   0.02  
162   R     0.06  0.19  0.03  0.0   0.0   0.28  0.0   0.06  0.04  0.03  0.01  0.18  0.0   0.0   0.0   0.0   0.11  0.0   0.0   0.01  
163   V     0.1   0.0   0.0   0.0   0.0   0.0   0.0   0.0   0.0   0.31  0.13  0.0   0.08  0.08  0.0   0.0   0.0   0.0   0.0   0.31  
164   G     0.03  0.0   0.0   0.0   0.0   0.42  0.0   0.31  0.0   0.0   0.03  0.0   0.08  0.0   0.0   0.13  0.0   0.0   0.0   0.0   
165   S     0.04  0.0   0.0   0.0   0.0   0.0   0.0   0.0   0.0   0.0   0.0   0.0   0.0   0.0   0.0   0.96  0.0   0.0   0.0   0.0   
166   L     0.0   0.0   0.0   0.0   0.03  0.0   0.0   0.0   0.0   0.23  0.27  0.0   0.06  0.21  0.0   0.0   0.0   0.0   0.0   0.2   
167   R     0.0   0.92  0.0   0.0   0.0   0.07  0.0   0.0   0.0   0.0   0.0   0.01  0.0   0.0   0.0   0.0   0.0   0.0   0.0   0.0   
168   R     0.0   0.79  0.0   0.0   0.0   0.0   0.0   0.0   0.0   0.0   0.06  0.0   0.0   0.0   0.15  0.0   0.0   0.0   0.0   0.0   
169   V     0.02  0.0   0.0   0.0   0.0   0.0   0.0   0.0   0.0   0.52  0.05  0.0   0.0   0.0   0.0   0.0   0.0   0.0   0.0   0.41  
170   I     0.0   0.18  0.0   0.0   0.0   0.02  0.0   0.0   0.0   0.06  0.23  0.0   0.19  0.0   0.0   0.0   0.15  0.0   0.0   0.17  
171   D     0.0   0.0   0.1   0.73  0.0   0.0   0.18  0.0   0.0   0.0   0.0   0.0   0.0   0.0   0.0   0.0   0.0   0.0   0.0   0.0   
