             A     R     N     D     C     Q     E     G     H     I     L     K     M     F     P     S     T     W     Y     V
1     M     0.0   0.0   0.0   0.0   0.0   0.0   0.0   0.0   0.0   0.0   0.0   0.0   0.42  0.58  0.0   0.0   0.0   0.0   0.0   0.0   
2     L     0.0   0.0   0.0   0.0   0.0   0.0   0.0   0.0   0.0   0.0   0.86  0.0   0.0   0.14  0.0   0.0   0.0   0.0   0.0   0.0   
3     S     0.0   0.0   0.0   0.0   0.0   0.0   0.0   0.0   0.0   0.0   0.0   0.0   0.0   0.0   0.0   0.44  0.56  0.0   0.0   0.0   
4     V     0.49  0.0   0.0   0.0   0.0   0.0   0.0   0.26  0.0   0.0   0.0   0.0   0.0   0.0   0.0   0.0   0.0   0.0   0.0   0.25  
5     D     0.0   0.0   0.0   0.39  0.0   0.0   0.24  0.0   0.14  0.0   0.0   0.14  0.0   0.0   0.0   0.09  0.0   0.0   0.0   0.0   
6     D     0.0   0.0   0.0   1.0   0.0   0.0   0.0   0.0   0.0   0.0   0.0   0.0   0.0   0.0   0.0   0.0   0.0   0.0   0.0   0.0   
7     C     0.0   0.0   0.0   0.0   0.86  0.0   0.0   0.0   0.0   0.0   0.0   0.0   0.0   0.0   0.0   0.0   0.14  0.0   0.0   0.0   
8     F     0.0   0.0   0.0   0.0   0.0   0.0   0.0   0.0   0.0   0.0   0.0   0.0   0.0   1.0   0.0   0.0   0.0   0.0   0.0   0.0   
9     G     0.0   0.0   0.0   0.0   0.0   0.23  0.52  0.25  0.0   0.0   0.0   0.0   0.0   0.0   0.0   0.0   0.0   0.0   0.0   0.0   
10    M     0.0   0.0   0.0   0.0   0.0   0.0   0.0   0.0   0.0   0.14  0.32  0.0   0.17  0.0   0.0   0.0   0.0   0.0   0.0   0.37  
11    G     0.14  0.0   0.0   0.0   0.0   0.0   0.0   0.86  0.0   0.0   0.0   0.0   0.0   0.0   0.0   0.0   0.0   0.0   0.0   0.0   
12    R     0.0   0.44  0.0   0.0   0.0   0.0   0.0   0.0   0.0   0.0   0.0   0.56  0.0   0.0   0.0   0.0   0.0   0.0   0.0   0.0   
13    S     0.14  0.0   0.0   0.0   0.0   0.0   0.0   0.0   0.0   0.09  0.0   0.0   0.0   0.0   0.0   0.29  0.09  0.0   0.0   0.38  
14    A     0.91  0.09  0.0   0.0   0.0   0.0   0.0   0.0   0.0   0.0   0.0   0.0   0.0   0.0   0.0   0.0   0.0   0.0   0.0   0.0   
15    Y     0.0   0.0   0.0   0.0   0.0   0.0   0.0   0.0   0.0   0.0   0.0   0.0   0.0   0.0   0.0   0.0   0.0   0.0   1.0   0.0   
16    N     0.0   0.0   0.53  0.23  0.0   0.0   0.0   0.0   0.0   0.0   0.0   0.0   0.0   0.0   0.0   0.0   0.24  0.0   0.0   0.0   
17    E     0.0   0.0   0.0   0.09  0.0   0.14  0.54  0.0   0.0   0.0   0.0   0.0   0.12  0.0   0.0   0.0   0.11  0.0   0.0   0.0   
18    G     0.24  0.0   0.0   0.0   0.0   0.0   0.0   0.48  0.14  0.0   0.0   0.14  0.0   0.0   0.0   0.0   0.0   0.0   0.0   0.0   
19    D     0.0   0.0   0.0   1.0   0.0   0.0   0.0   0.0   0.0   0.0   0.0   0.0   0.0   0.0   0.0   0.0   0.0   0.0   0.0   0.0   
20    Y     0.0   0.0   0.0   0.0   0.0   0.0   0.0   0.0   0.0   0.0   0.0   0.0   0.0   0.14  0.0   0.0   0.0   0.0   0.86  0.0   
21    Y     0.0   0.0   0.0   0.0   0.0   0.0   0.0   0.0   0.0   0.0   0.0   0.0   0.0   0.0   0.0   0.0   0.0   0.0   1.0   0.0   
22    H     0.0   0.0   0.0   0.0   0.0   0.0   0.0   0.0   1.0   0.0   0.0   0.0   0.0   0.0   0.0   0.0   0.0   0.0   0.0   0.0   
23    T     0.23  0.0   0.0   0.0   0.14  0.0   0.0   0.0   0.0   0.0   0.0   0.0   0.0   0.0   0.0   0.0   0.63  0.0   0.0   0.0   
24    V     0.0   0.0   0.0   0.0   0.0   0.0   0.24  0.0   0.0   0.23  0.14  0.0   0.0   0.0   0.0   0.0   0.0   0.0   0.0   0.39  
25    L     0.0   0.0   0.0   0.0   0.0   0.0   0.0   0.0   0.0   0.0   0.49  0.0   0.28  0.0   0.23  0.0   0.0   0.0   0.0   0.0   
26    W     0.0   0.0   0.0   0.0   0.0   0.0   0.0   0.0   0.0   0.0   0.0   0.0   0.0   0.0   0.0   0.0   0.0   1.0   0.0   0.0   
27    M     0.0   0.0   0.0   0.0   0.0   0.0   0.0   0.0   0.0   0.0   0.23  0.0   0.77  0.0   0.0   0.0   0.0   0.0   0.0   0.0   
28    E     0.0   0.0   0.0   0.0   0.0   0.14  0.86  0.0   0.0   0.0   0.0   0.0   0.0   0.0   0.0   0.0   0.0   0.0   0.0   0.0   
29    Q     0.0   0.0   0.0   0.0   0.0   0.49  0.38  0.0   0.0   0.0   0.0   0.0   0.0   0.0   0.0   0.0   0.0   0.0   0.0   0.14  
30    V     0.85  0.0   0.0   0.0   0.0   0.0   0.0   0.0   0.0   0.0   0.0   0.0   0.0   0.0   0.0   0.0   0.0   0.0   0.0   0.15  
31    L     0.0   0.0   0.0   0.0   0.0   0.14  0.0   0.0   0.0   0.0   0.62  0.0   0.0   0.0   0.0   0.0   0.0   0.0   0.0   0.23  
32    K     0.0   0.21  0.0   0.0   0.0   0.0   0.0   0.0   0.0   0.0   0.0   0.34  0.0   0.0   0.0   0.23  0.08  0.0   0.0   0.14  
33    Q     0.0   0.25  0.0   0.0   0.0   0.49  0.0   0.0   0.0   0.0   0.12  0.14  0.0   0.0   0.0   0.0   0.0   0.0   0.0   0.0   
34    L     0.0   0.11  0.0   0.0   0.0   0.0   0.0   0.0   0.09  0.14  0.54  0.0   0.0   0.12  0.0   0.0   0.0   0.0   0.0   0.0   
35    D     0.11  0.12  0.0   0.41  0.0   0.0   0.22  0.14  0.0   0.0   0.0   0.0   0.0   0.0   0.0   0.0   0.0   0.0   0.0   0.0   
36    A     0.15  0.0   0.14  0.14  0.0   0.0   0.33  0.12  0.11  0.0   0.0   0.0   0.0   0.0   0.0   0.0   0.0   0.0   0.0   0.0   
37    G     0.0   0.0   0.0   0.0   0.0   0.0   0.28  0.72  0.0   0.0   0.0   0.0   0.0   0.0   0.0   0.0   0.0   0.0   0.0   0.0   
38    E     0.0   0.0   0.14  0.0   0.0   0.0   0.72  0.0   0.0   0.0   0.0   0.0   0.0   0.0   0.0   0.0   0.0   0.0   0.0   0.14  
39    E     0.0   0.0   0.0   0.09  0.0   0.0   0.3   0.0   0.0   0.07  0.08  0.0   0.0   0.0   0.14  0.0   0.0   0.23  0.0   0.09  
40    A     0.15  0.0   0.0   0.0   0.0   0.0   0.0   0.0   0.0   0.0   0.0   0.23  0.0   0.0   0.28  0.24  0.09  0.0   0.0   0.0   
41    T     0.0   0.0   0.0   0.0   0.0   0.0   0.0   0.0   0.0   0.0   0.0   0.0   0.0   0.0   0.0   0.09  0.91  0.0   0.0   0.0   
42    T     0.09  0.0   0.0   0.0   0.0   0.0   0.23  0.0   0.0   0.21  0.0   0.0   0.0   0.0   0.0   0.0   0.08  0.0   0.0   0.39  
43    T     0.0   0.0   0.0   0.47  0.0   0.0   0.28  0.0   0.0   0.0   0.0   0.0   0.0   0.0   0.0   0.09  0.15  0.0   0.0   0.0   
44    K     0.0   0.0   0.0   0.0   0.0   0.0   0.37  0.0   0.0   0.0   0.0   0.49  0.0   0.0   0.0   0.0   0.0   0.0   0.0   0.14  
45    S     0.23  0.0   0.0   0.0   0.0   0.0   0.14  0.0   0.0   0.0   0.0   0.0   0.0   0.0   0.0   0.15  0.0   0.14  0.0   0.33  
46    Q     0.0   0.0   0.0   0.14  0.0   0.08  0.23  0.0   0.0   0.0   0.08  0.0   0.0   0.0   0.0   0.38  0.0   0.0   0.09  0.0   
47    V     0.0   0.0   0.0   0.0   0.0   0.0   0.0   0.0   0.0   0.46  0.23  0.0   0.0   0.0   0.0   0.0   0.0   0.0   0.0   0.3   
48    L     0.0   0.0   0.0   0.0   0.0   0.0   0.0   0.0   0.0   0.0   1.0   0.0   0.0   0.0   0.0   0.0   0.0   0.0   0.0   0.0   
49    D     0.0   0.0   0.0   0.79  0.0   0.0   0.21  0.0   0.0   0.0   0.0   0.0   0.0   0.0   0.0   0.0   0.0   0.0   0.0   0.0   
50    Y     0.0   0.0   0.0   0.0   0.0   0.0   0.0   0.0   0.09  0.0   0.0   0.0   0.0   0.0   0.0   0.0   0.0   0.0   0.91  0.0   
51    L     0.0   0.0   0.0   0.0   0.0   0.0   0.0   0.0   0.0   0.0   1.0   0.0   0.0   0.0   0.0   0.0   0.0   0.0   0.0   0.0   
52    S     0.39  0.0   0.0   0.0   0.0   0.24  0.0   0.0   0.0   0.0   0.0   0.0   0.0   0.0   0.0   0.37  0.0   0.0   0.0   0.0   
53    Y     0.0   0.0   0.0   0.0   0.0   0.0   0.0   0.0   0.0   0.0   0.0   0.0   0.0   0.53  0.0   0.0   0.0   0.0   0.47  0.0   
54    A     0.9   0.0   0.0   0.0   0.0   0.0   0.0   0.0   0.0   0.0   0.0   0.0   0.0   0.0   0.0   0.1   0.0   0.0   0.0   0.0   
55    V     0.0   0.0   0.0   0.0   0.09  0.0   0.0   0.0   0.0   0.0   0.21  0.0   0.0   0.0   0.0   0.0   0.0   0.0   0.33  0.37  
56    F     0.0   0.0   0.0   0.0   0.0   0.0   0.0   0.0   0.0   0.0   0.0   0.0   0.0   0.37  0.0   0.0   0.0   0.0   0.63  0.0   
57    Q     0.0   0.24  0.0   0.0   0.0   0.65  0.0   0.0   0.0   0.0   0.0   0.11  0.0   0.0   0.0   0.0   0.0   0.0   0.0   0.0   
58    L     0.09  0.0   0.0   0.0   0.0   0.39  0.0   0.0   0.0   0.0   0.11  0.0   0.0   0.08  0.0   0.0   0.0   0.0   0.0   0.33  
59    G     0.0   0.0   0.11  0.0   0.0   0.0   0.0   0.89  0.0   0.0   0.0   0.0   0.0   0.0   0.0   0.0   0.0   0.0   0.0   0.0   
60    D     0.0   0.0   0.39  0.46  0.0   0.0   0.16  0.0   0.0   0.0   0.0   0.0   0.0   0.0   0.0   0.0   0.0   0.0   0.0   0.0   
61    L     0.0   0.0   0.0   0.0   0.0   0.0   0.0   0.0   0.0   0.0   0.48  0.0   0.0   0.0   0.0   0.0   0.0   0.0   0.24  0.28  
62    H     0.0   0.1   0.0   0.12  0.0   0.0   0.0   0.0   0.19  0.0   0.09  0.11  0.0   0.0   0.0   0.15  0.0   0.0   0.0   0.24  
63    R     0.0   0.29  0.0   0.0   0.18  0.0   0.0   0.0   0.11  0.0   0.0   0.42  0.0   0.0   0.0   0.0   0.0   0.0   0.0   0.0   
64    A     1.0   0.0   0.0   0.0   0.0   0.0   0.0   0.0   0.0   0.0   0.0   0.0   0.0   0.0   0.0   0.0   0.0   0.0   0.0   0.0   
65    L     0.0   0.0   0.0   0.0   0.0   0.0   0.0   0.0   0.0   0.0   0.8   0.0   0.14  0.0   0.0   0.0   0.0   0.0   0.0   0.06  
66    E     0.0   0.0   0.09  0.0   0.0   0.0   0.43  0.0   0.0   0.0   0.12  0.11  0.06  0.0   0.0   0.19  0.0   0.0   0.0   0.0   
67    L     0.0   0.0   0.0   0.0   0.24  0.0   0.0   0.0   0.0   0.0   0.76  0.0   0.0   0.0   0.0   0.0   0.0   0.0   0.0   0.0   
68    T     0.24  0.0   0.0   0.0   0.0   0.0   0.0   0.0   0.0   0.0   0.0   0.0   0.0   0.0   0.0   0.18  0.58  0.0   0.0   0.0   
69    R     0.0   0.45  0.0   0.0   0.0   0.0   0.11  0.0   0.0   0.0   0.0   0.44  0.0   0.0   0.0   0.0   0.0   0.0   0.0   0.0   
70    R     0.16  0.36  0.0   0.0   0.0   0.0   0.29  0.0   0.0   0.0   0.0   0.12  0.0   0.0   0.0   0.08  0.0   0.0   0.0   0.0   
71    L     0.0   0.0   0.0   0.0   0.0   0.0   0.0   0.0   0.0   0.0   0.58  0.0   0.0   0.18  0.0   0.0   0.0   0.0   0.24  0.0   
72    L     0.1   0.0   0.0   0.0   0.0   0.0   0.0   0.0   0.0   0.08  0.71  0.0   0.0   0.0   0.0   0.0   0.0   0.0   0.11  0.0   
73    S     0.0   0.0   0.0   0.0   0.0   0.0   0.18  0.0   0.0   0.0   0.25  0.21  0.08  0.0   0.0   0.19  0.0   0.0   0.0   0.09  
74    L     0.0   0.0   0.0   0.0   0.08  0.0   0.0   0.0   0.0   0.1   0.37  0.0   0.11  0.16  0.0   0.0   0.0   0.0   0.18  0.0   
75    D     0.1   0.0   0.11  0.37  0.0   0.0   0.0   0.0   0.24  0.0   0.0   0.0   0.0   0.0   0.0   0.18  0.0   0.0   0.0   0.0   
76    P     0.0   0.0   0.0   0.0   0.0   0.0   0.0   0.0   0.0   0.0   0.0   0.0   0.0   0.0   0.92  0.08  0.0   0.0   0.0   0.0   
77    S     0.0   0.0   0.1   0.42  0.0   0.0   0.18  0.0   0.0   0.0   0.0   0.0   0.0   0.0   0.0   0.11  0.18  0.0   0.0   0.0   
78    H     0.0   0.0   0.26  0.16  0.0   0.0   0.0   0.0   0.58  0.0   0.0   0.0   0.0   0.0   0.0   0.0   0.0   0.0   0.0   0.0   
79    E     0.0   0.0   0.0   0.0   0.0   0.18  0.43  0.0   0.0   0.0   0.0   0.18  0.0   0.0   0.21  0.0   0.0   0.0   0.0   0.0   
80    R     0.0   0.76  0.0   0.24  0.0   0.0   0.0   0.0   0.0   0.0   0.0   0.0   0.0   0.0   0.0   0.0   0.0   0.0   0.0   0.0   
81    A     0.58  0.0   0.0   0.0   0.0   0.0   0.0   0.0   0.0   0.0   0.0   0.0   0.09  0.0   0.0   0.0   0.0   0.0   0.0   0.33  
82    G     0.18  0.0   0.18  0.0   0.0   0.0   0.0   0.19  0.0   0.0   0.24  0.21  0.0   0.0   0.0   0.0   0.0   0.0   0.0   0.0   
83    G     0.0   0.18  0.0   0.16  0.0   0.0   0.08  0.51  0.0   0.0   0.0   0.0   0.0   0.0   0.0   0.08  0.0   0.0   0.0   0.0   
84    N     0.0   0.0   1.0   0.0   0.0   0.0   0.0   0.0   0.0   0.0   0.0   0.0   0.0   0.0   0.0   0.0   0.0   0.0   0.0   0.0   
85    L     0.08  0.0   0.0   0.0   0.0   0.0   0.0   0.0   0.0   0.0   0.31  0.0   0.06  0.0   0.0   0.0   0.0   0.0   0.0   0.54  
86    R     0.08  0.19  0.0   0.16  0.0   0.0   0.0   0.0   0.0   0.0   0.18  0.33  0.0   0.0   0.0   0.0   0.0   0.0   0.0   0.06  
87    Y     0.0   0.0   0.0   0.0   0.0   0.0   0.0   0.0   0.0   0.0   0.0   0.18  0.0   0.08  0.0   0.0   0.0   0.21  0.53  0.0   
88    F     0.0   0.0   0.0   0.0   0.0   0.0   0.0   0.0   0.0   0.0   0.0   0.0   0.0   0.37  0.0   0.0   0.0   0.0   0.63  0.0   
89    E     0.0   0.0   0.0   0.0   0.0   0.0   1.0   0.0   0.0   0.0   0.0   0.0   0.0   0.0   0.0   0.0   0.0   0.0   0.0   0.0   
90    Q     0.0   0.15  0.0   0.21  0.0   0.05  0.0   0.08  0.0   0.0   0.0   0.17  0.0   0.0   0.0   0.16  0.0   0.0   0.18  0.0   
91    L     0.0   0.0   0.0   0.0   0.0   0.0   0.0   0.0   0.0   0.18  0.71  0.0   0.1   0.0   0.0   0.0   0.0   0.0   0.0   0.0   
92    L     0.0   0.0   0.0   0.0   0.0   0.0   0.0   0.0   0.0   0.0   0.82  0.0   0.18  0.0   0.0   0.0   0.0   0.0   0.0   0.0   
93    E     0.3   0.0   0.0   0.16  0.0   0.1   0.38  0.0   0.0   0.0   0.0   0.0   0.0   0.0   0.0   0.06  0.0   0.0   0.0   0.0   
94    E     0.0   0.0   0.0   0.21  0.0   0.14  0.34  0.0   0.0   0.0   0.0   0.3   0.0   0.0   0.0   0.0   0.0   0.0   0.0   0.0   
