             A     R     N     D     C     Q     E     G     H     I     L     K     M     F     P     S     T     W     Y     V
1     V     0.0   0.0   0.0   0.0   0.0   0.0   0.0   0.0   0.0   0.33  0.0   0.0   0.0   0.0   0.0   0.0   0.0   0.0   0.0   0.67  
2     V     0.0   0.0   0.17  0.0   0.0   0.1   0.08  0.0   0.0   0.0   0.0   0.0   0.0   0.0   0.0   0.0   0.59  0.0   0.0   0.06  
3     G     0.1   0.0   0.0   0.0   0.0   0.0   0.0   0.67  0.0   0.0   0.0   0.24  0.0   0.0   0.0   0.0   0.0   0.0   0.0   0.0   
4     I     0.0   0.0   0.0   0.0   0.0   0.0   0.0   0.0   0.0   0.61  0.25  0.0   0.0   0.0   0.0   0.0   0.0   0.0   0.0   0.14  
5     G     0.0   0.0   0.0   0.0   0.0   0.0   0.0   1.0   0.0   0.0   0.0   0.0   0.0   0.0   0.0   0.0   0.0   0.0   0.0   0.0   
6     R     0.0   0.44  0.0   0.0   0.0   0.0   0.0   0.06  0.0   0.11  0.0   0.28  0.0   0.0   0.0   0.0   0.0   0.0   0.0   0.1   
7     D     0.0   0.0   0.05  0.41  0.0   0.07  0.26  0.0   0.0   0.0   0.0   0.0   0.0   0.0   0.0   0.13  0.08  0.0   0.0   0.0   
8     K     0.13  0.07  0.14  0.08  0.0   0.0   0.0   0.0   0.0   0.0   0.0   0.58  0.0   0.0   0.0   0.0   0.0   0.0   0.0   0.0   
9     L     0.36  0.0   0.0   0.0   0.0   0.0   0.0   0.0   0.0   0.0   0.16  0.0   0.05  0.0   0.0   0.27  0.16  0.0   0.0   0.0   
10    G     0.22  0.0   0.0   0.0   0.0   0.17  0.35  0.21  0.0   0.0   0.0   0.0   0.0   0.0   0.0   0.0   0.0   0.0   0.0   0.06  
11    K     0.06  0.0   0.0   0.0   0.0   0.46  0.0   0.0   0.0   0.0   0.0   0.37  0.0   0.0   0.0   0.0   0.11  0.0   0.0   0.0   
12    I     0.0   0.0   0.0   0.0   0.0   0.0   0.0   0.0   0.0   0.92  0.08  0.0   0.0   0.0   0.0   0.0   0.0   0.0   0.0   0.0   
13    F     0.0   0.0   0.0   0.0   0.0   0.0   0.0   0.0   0.0   0.0   0.0   0.0   0.0   0.21  0.0   0.0   0.0   0.14  0.65  0.0   
14    Y     0.0   0.0   0.0   0.0   0.0   0.0   0.0   0.0   0.0   0.0   0.0   0.0   0.0   0.22  0.0   0.0   0.0   0.0   0.78  0.0   
15    R     0.0   0.61  0.0   0.0   0.0   0.0   0.0   0.0   0.08  0.0   0.0   0.14  0.0   0.0   0.0   0.17  0.0   0.0   0.0   0.0   
16    A     0.89  0.0   0.0   0.0   0.0   0.0   0.0   0.0   0.0   0.0   0.0   0.0   0.0   0.0   0.0   0.11  0.0   0.0   0.0   0.0   
17    L     0.0   0.0   0.11  0.0   0.0   0.0   0.0   0.0   0.0   0.0   0.82  0.0   0.0   0.06  0.0   0.0   0.0   0.0   0.0   0.0   
18    T     0.0   0.0   0.0   0.0   0.0   0.0   0.0   0.0   0.0   0.0   0.0   0.08  0.0   0.0   0.0   0.0   0.76  0.0   0.0   0.16  
19    Q     0.0   0.0   0.17  0.0   0.0   0.1   0.22  0.0   0.08  0.0   0.06  0.0   0.0   0.0   0.0   0.0   0.05  0.0   0.2   0.12  
20    Y     0.0   0.14  0.0   0.0   0.0   0.0   0.0   0.0   0.0   0.0   0.0   0.0   0.0   0.0   0.0   0.0   0.0   0.0   0.86  0.0   
21    L     0.0   0.0   0.0   0.0   0.0   0.0   0.0   0.0   0.0   0.0   0.68  0.0   0.14  0.11  0.0   0.0   0.0   0.0   0.0   0.07  
22    T     0.0   0.0   0.0   0.0   0.0   0.14  0.0   0.0   0.0   0.0   0.0   0.0   0.0   0.0   0.0   0.0   0.86  0.0   0.0   0.0   
23    P     0.07  0.0   0.0   0.0   0.0   0.11  0.0   0.0   0.0   0.0   0.0   0.08  0.0   0.0   0.39  0.35  0.0   0.0   0.0   0.0   
24    T     0.0   0.0   0.29  0.0   0.0   0.0   0.0   0.0   0.0   0.0   0.0   0.19  0.0   0.0   0.0   0.35  0.09  0.0   0.08  0.0   
25    S     0.11  0.0   0.0   0.0   0.0   0.0   0.0   0.0   0.0   0.0   0.0   0.0   0.0   0.0   0.0   0.57  0.32  0.0   0.0   0.0   
26    N     0.0   0.0   0.25  0.34  0.0   0.19  0.0   0.0   0.0   0.0   0.0   0.0   0.0   0.0   0.0   0.0   0.22  0.0   0.0   0.0   
27    F     0.0   0.0   0.0   0.0   0.0   0.0   0.0   0.0   0.0   0.0   0.0   0.0   0.0   0.86  0.0   0.0   0.0   0.0   0.14  0.0   
28    S     0.0   0.0   0.0   0.0   0.0   0.07  0.0   0.0   0.0   0.0   0.0   0.32  0.0   0.0   0.0   0.53  0.08  0.0   0.0   0.0   
29    Q     0.08  0.0   0.06  0.44  0.0   0.21  0.0   0.14  0.0   0.0   0.0   0.0   0.07  0.0   0.0   0.0   0.0   0.0   0.0   0.0   
30    L     0.69  0.0   0.0   0.0   0.07  0.0   0.0   0.0   0.0   0.0   0.09  0.0   0.15  0.0   0.0   0.0   0.0   0.0   0.0   0.0   
31    R     0.0   0.6   0.0   0.0   0.0   0.0   0.0   0.0   0.0   0.0   0.0   0.4   0.0   0.0   0.0   0.0   0.0   0.0   0.0   0.0   
32    A     0.45  0.08  0.0   0.33  0.0   0.07  0.0   0.0   0.0   0.0   0.0   0.08  0.0   0.0   0.0   0.0   0.0   0.0   0.0   0.0   
33    A     0.81  0.0   0.0   0.0   0.0   0.0   0.0   0.11  0.0   0.0   0.0   0.0   0.0   0.0   0.0   0.07  0.0   0.0   0.0   0.0   
34    A     0.25  0.0   0.0   0.0   0.05  0.0   0.0   0.0   0.0   0.0   0.39  0.0   0.11  0.0   0.0   0.0   0.14  0.0   0.0   0.06  
35    V     0.0   0.0   0.0   0.0   0.0   0.15  0.0   0.0   0.0   0.23  0.25  0.0   0.0   0.0   0.0   0.0   0.0   0.0   0.07  0.29  
36    Q     0.11  0.0   0.0   0.0   0.0   0.6   0.07  0.0   0.0   0.0   0.08  0.0   0.0   0.0   0.0   0.0   0.0   0.14  0.0   0.0   
37    S     0.77  0.0   0.0   0.0   0.0   0.0   0.0   0.0   0.0   0.0   0.0   0.0   0.0   0.0   0.0   0.23  0.0   0.0   0.0   0.0   
38    A     1.0   0.0   0.0   0.0   0.0   0.0   0.0   0.0   0.0   0.0   0.0   0.0   0.0   0.0   0.0   0.0   0.0   0.0   0.0   0.0   
39    T     0.16  0.1   0.07  0.0   0.0   0.0   0.0   0.14  0.0   0.0   0.07  0.33  0.0   0.0   0.0   0.0   0.12  0.0   0.0   0.0   
40    D     0.0   0.0   0.0   0.75  0.0   0.0   0.14  0.0   0.0   0.0   0.0   0.0   0.0   0.0   0.0   0.0   0.0   0.0   0.0   0.11  
41    L     0.0   0.0   0.0   0.0   0.0   0.11  0.0   0.0   0.0   0.0   0.89  0.0   0.0   0.0   0.0   0.0   0.0   0.0   0.0   0.0   
42    Y     0.0   0.0   0.0   0.0   0.0   0.0   0.0   0.0   0.0   0.0   0.0   0.0   0.0   0.22  0.0   0.0   0.0   0.0   0.78  0.0   
43    G     0.0   0.0   0.0   0.07  0.0   0.0   0.0   0.93  0.0   0.0   0.0   0.0   0.0   0.0   0.0   0.0   0.0   0.0   0.0   0.0   
44    S     0.2   0.0   0.0   0.11  0.0   0.0   0.3   0.0   0.0   0.0   0.0   0.0   0.0   0.0   0.0   0.21  0.0   0.0   0.0   0.15  
45    T     0.0   0.0   0.34  0.08  0.0   0.08  0.11  0.13  0.0   0.07  0.0   0.0   0.0   0.0   0.0   0.0   0.15  0.0   0.0   0.0   
46    S     0.27  0.0   0.0   0.0   0.0   0.0   0.0   0.0   0.0   0.0   0.0   0.0   0.0   0.0   0.0   0.61  0.08  0.0   0.0   0.0   
47    Q     0.31  0.08  0.0   0.14  0.0   0.28  0.0   0.0   0.0   0.0   0.0   0.07  0.0   0.0   0.0   0.09  0.0   0.0   0.0   0.0   
48    E     0.0   0.0   0.0   0.1   0.0   0.22  0.34  0.0   0.0   0.0   0.0   0.08  0.0   0.0   0.0   0.11  0.14  0.0   0.0   0.0   
49    V     0.18  0.01  0.01  0.01  0.0   0.01  0.01  0.01  0.0   0.01  0.01  0.01  0.0   0.01  0.01  0.08  0.01  0.0   0.15  0.48  
50    A     0.29  0.01  0.2   0.01  0.0   0.08  0.01  0.08  0.0   0.07  0.01  0.01  0.0   0.01  0.01  0.01  0.07  0.0   0.0   0.12  
51    S     0.2   0.0   0.15  0.0   0.0   0.08  0.0   0.01  0.0   0.0   0.01  0.14  0.0   0.0   0.0   0.39  0.0   0.0   0.0   0.0   
52    V     0.18  0.0   0.0   0.0   0.0   0.0   0.0   0.01  0.0   0.0   0.01  0.0   0.0   0.0   0.0   0.01  0.0   0.0   0.0   0.76  
53    K     0.3   0.01  0.09  0.01  0.0   0.01  0.18  0.07  0.0   0.01  0.02  0.16  0.0   0.01  0.01  0.01  0.01  0.0   0.08  0.01  
54    Q     0.19  0.01  0.15  0.01  0.0   0.23  0.16  0.01  0.0   0.01  0.01  0.19  0.0   0.0   0.01  0.01  0.01  0.0   0.0   0.01  
55    A     0.82  0.0   0.0   0.0   0.0   0.0   0.0   0.0   0.0   0.0   0.0   0.0   0.0   0.0   0.0   0.18  0.0   0.0   0.0   0.0   
56    F     0.0   0.0   0.0   0.0   0.0   0.0   0.0   0.0   0.0   0.0   0.0   0.0   0.0   0.38  0.0   0.0   0.0   0.47  0.15  0.0   
57    D     0.14  0.0   0.34  0.31  0.0   0.0   0.15  0.0   0.0   0.0   0.0   0.0   0.0   0.0   0.0   0.06  0.0   0.0   0.0   0.0   
58    A     0.74  0.0   0.0   0.0   0.0   0.0   0.07  0.0   0.0   0.0   0.0   0.0   0.0   0.0   0.0   0.18  0.0   0.0   0.0   0.0   
59    V     0.11  0.0   0.0   0.0   0.0   0.0   0.0   0.0   0.0   0.14  0.0   0.0   0.0   0.0   0.0   0.0   0.0   0.0   0.0   0.75  
60    G     0.0   0.0   0.14  0.0   0.0   0.0   0.0   0.86  0.0   0.0   0.0   0.0   0.0   0.0   0.0   0.0   0.0   0.0   0.0   0.0   
61    V     0.0   0.0   0.0   0.0   0.0   0.0   0.0   0.0   0.0   0.2   0.11  0.0   0.0   0.0   0.0   0.0   0.0   0.0   0.0   0.69  
62    K     0.0   0.0   0.17  0.0   0.0   0.18  0.27  0.0   0.0   0.0   0.0   0.39  0.0   0.0   0.0   0.0   0.0   0.0   0.0   0.0   
