             A     R     N     D     C     Q     E     G     H     I     L     K     M     F     P     S     T     W     Y     V
1     G     0.0   0.0   0.12  0.0   0.0   0.0   0.0   0.88  0.0   0.0   0.0   0.0   0.0   0.0   0.0   0.0   0.0   0.0   0.0   0.0   
2     Q     0.06  0.0   0.0   0.0   0.0   0.33  0.0   0.0   0.18  0.06  0.0   0.0   0.08  0.0   0.0   0.12  0.17  0.0   0.0   0.0   
3     V     0.1   0.2   0.0   0.0   0.0   0.18  0.0   0.0   0.0   0.0   0.1   0.0   0.07  0.0   0.0   0.09  0.0   0.0   0.0   0.26  
4     I     0.05  0.0   0.0   0.0   0.0   0.0   0.0   0.0   0.0   0.29  0.36  0.0   0.0   0.0   0.0   0.0   0.0   0.0   0.0   0.29  
5     V     0.0   0.0   0.0   0.0   0.0   0.0   0.0   0.0   0.0   0.27  0.42  0.0   0.0   0.0   0.0   0.0   0.05  0.0   0.0   0.26  
6     V     0.14  0.0   0.0   0.0   0.0   0.0   0.0   0.0   0.0   0.0   0.0   0.0   0.0   0.0   0.0   0.06  0.2   0.0   0.0   0.6   
7     R     0.09  0.24  0.0   0.0   0.0   0.0   0.0   0.0   0.0   0.0   0.0   0.46  0.0   0.08  0.06  0.0   0.07  0.0   0.0   0.0   
8     K     0.0   0.0   0.0   0.05  0.0   0.11  0.04  0.0   0.0   0.0   0.0   0.8   0.0   0.0   0.0   0.0   0.0   0.0   0.0   0.0   
9     D     0.0   0.0   0.05  0.49  0.0   0.0   0.0   0.4   0.0   0.0   0.0   0.0   0.0   0.0   0.0   0.07  0.0   0.0   0.0   0.0   
10    S     0.0   0.0   0.14  0.08  0.0   0.0   0.08  0.08  0.0   0.0   0.0   0.06  0.0   0.0   0.06  0.42  0.09  0.0   0.0   0.0   
11    D     0.01  0.01  0.09  0.46  0.0   0.0   0.05  0.06  0.0   0.01  0.01  0.13  0.0   0.0   0.05  0.01  0.01  0.0   0.09  0.01  
12    F     0.02  0.01  0.08  0.01  0.01  0.01  0.02  0.07  0.01  0.3   0.02  0.1   0.01  0.1   0.01  0.02  0.07  0.0   0.01  0.12  
13    R     0.18  0.13  0.05  0.06  0.01  0.09  0.02  0.02  0.09  0.01  0.02  0.02  0.01  0.01  0.01  0.18  0.06  0.0   0.01  0.02  
14    P     0.03  0.02  0.02  0.02  0.01  0.01  0.02  0.03  0.01  0.35  0.08  0.02  0.01  0.01  0.28  0.02  0.02  0.0   0.01  0.02  
15    K     0.02  0.01  0.01  0.01  0.0   0.19  0.05  0.02  0.0   0.01  0.09  0.44  0.0   0.01  0.01  0.01  0.01  0.0   0.01  0.07  
16    T     0.0   0.0   0.0   0.14  0.0   0.0   0.0   0.09  0.0   0.0   0.0   0.0   0.0   0.0   0.07  0.32  0.36  0.0   0.0   0.0   
17    Y     0.1   0.0   0.0   0.0   0.0   0.0   0.0   0.0   0.0   0.05  0.24  0.09  0.0   0.17  0.0   0.05  0.0   0.0   0.04  0.23  
18    E     0.12  0.0   0.05  0.23  0.0   0.05  0.33  0.0   0.0   0.0   0.0   0.09  0.0   0.0   0.04  0.0   0.07  0.0   0.0   0.0   
19    D     0.0   0.0   0.08  0.61  0.0   0.11  0.0   0.0   0.06  0.0   0.0   0.0   0.0   0.0   0.0   0.08  0.04  0.0   0.0   0.0   
20    L     0.0   0.0   0.0   0.0   0.0   0.0   0.0   0.0   0.0   0.0   0.85  0.0   0.0   0.05  0.0   0.0   0.0   0.0   0.07  0.0   
21    V     0.09  0.0   0.0   0.13  0.0   0.0   0.14  0.0   0.0   0.0   0.01  0.56  0.0   0.0   0.0   0.0   0.0   0.0   0.0   0.04  
22    G     0.04  0.0   0.05  0.04  0.0   0.0   0.0   0.74  0.0   0.0   0.01  0.05  0.0   0.0   0.0   0.0   0.0   0.0   0.0   0.04  
23    K     0.0   0.18  0.0   0.0   0.0   0.0   0.0   0.0   0.0   0.0   0.07  0.58  0.08  0.0   0.0   0.03  0.0   0.0   0.0   0.05  
24    T     0.07  0.07  0.03  0.0   0.0   0.0   0.0   0.0   0.04  0.07  0.0   0.35  0.0   0.0   0.0   0.08  0.29  0.0   0.0   0.0   
25    V     0.01  0.0   0.0   0.0   0.0   0.0   0.0   0.0   0.0   0.14  0.08  0.0   0.0   0.05  0.0   0.0   0.0   0.0   0.0   0.69  
26    A     0.26  0.0   0.0   0.0   0.07  0.0   0.0   0.43  0.0   0.0   0.06  0.0   0.0   0.0   0.0   0.11  0.0   0.0   0.0   0.07  
27    V     0.14  0.0   0.0   0.0   0.0   0.0   0.0   0.0   0.0   0.0   0.06  0.0   0.03  0.0   0.0   0.07  0.03  0.0   0.0   0.67  
28    Q     0.03  0.0   0.04  0.0   0.0   0.42  0.03  0.04  0.0   0.0   0.07  0.0   0.0   0.0   0.0   0.0   0.07  0.04  0.0   0.25  
29    I     0.04  0.06  0.12  0.0   0.0   0.07  0.0   0.0   0.0   0.03  0.22  0.06  0.0   0.0   0.0   0.17  0.21  0.0   0.0   0.0   
30    G     0.07  0.0   0.06  0.0   0.0   0.0   0.0   0.88  0.0   0.0   0.0   0.0   0.0   0.0   0.0   0.0   0.0   0.0   0.0   0.0   
31    T     0.0   0.0   0.0   0.0   0.0   0.0   0.0   0.0   0.05  0.0   0.0   0.0   0.0   0.0   0.0   0.41  0.54  0.0   0.0   0.0   
32    T     0.06  0.0   0.17  0.0   0.0   0.0   0.0   0.0   0.0   0.05  0.04  0.0   0.0   0.04  0.0   0.11  0.49  0.0   0.04  0.0   
33    G     0.06  0.0   0.07  0.0   0.0   0.29  0.0   0.08  0.19  0.0   0.0   0.0   0.0   0.04  0.07  0.14  0.0   0.0   0.07  0.0   
34    D     0.14  0.0   0.0   0.08  0.0   0.12  0.5   0.0   0.0   0.06  0.0   0.0   0.0   0.0   0.0   0.03  0.0   0.07  0.0   0.0   
35    I     0.12  0.0   0.04  0.0   0.0   0.18  0.04  0.07  0.07  0.07  0.0   0.17  0.0   0.08  0.06  0.0   0.04  0.0   0.03  0.04  
36    E     0.0   0.0   0.11  0.0   0.0   0.0   0.13  0.0   0.0   0.03  0.17  0.14  0.0   0.08  0.0   0.05  0.08  0.04  0.18  0.0   
37    V     0.08  0.0   0.0   0.07  0.0   0.0   0.0   0.04  0.0   0.14  0.42  0.0   0.08  0.0   0.0   0.0   0.0   0.0   0.0   0.19  
38    S     0.13  0.2   0.11  0.07  0.0   0.12  0.0   0.0   0.04  0.0   0.04  0.16  0.0   0.0   0.0   0.14  0.0   0.0   0.0   0.0   
39    K     0.04  0.09  0.0   0.11  0.0   0.11  0.07  0.0   0.0   0.0   0.0   0.39  0.0   0.0   0.1   0.08  0.0   0.0   0.0   0.0   
40    Y     0.1   0.0   0.0   0.04  0.0   0.04  0.12  0.0   0.1   0.04  0.23  0.0   0.04  0.0   0.0   0.0   0.07  0.0   0.13  0.07  
41    D     0.07  0.0   0.07  0.13  0.0   0.04  0.0   0.04  0.0   0.0   0.0   0.22  0.0   0.0   0.34  0.04  0.0   0.0   0.05  0.0   
42    G     0.0   0.0   0.13  0.0   0.0   0.09  0.19  0.41  0.0   0.0   0.0   0.09  0.0   0.0   0.0   0.04  0.04  0.0   0.0   0.0   
43    I     0.2   0.0   0.0   0.04  0.0   0.0   0.0   0.04  0.0   0.18  0.0   0.0   0.07  0.05  0.05  0.0   0.0   0.0   0.06  0.3   
44    K     0.0   0.07  0.1   0.08  0.04  0.22  0.04  0.04  0.04  0.0   0.0   0.23  0.0   0.0   0.0   0.11  0.03  0.0   0.0   0.0   
45    V     0.0   0.0   0.0   0.0   0.0   0.0   0.0   0.0   0.0   0.35  0.07  0.04  0.0   0.0   0.03  0.0   0.12  0.0   0.0   0.38  
46    V     0.05  0.12  0.0   0.0   0.0   0.11  0.05  0.0   0.0   0.16  0.13  0.1   0.0   0.0   0.0   0.04  0.0   0.0   0.0   0.23  
47    R     0.04  0.08  0.04  0.05  0.0   0.0   0.13  0.0   0.0   0.0   0.0   0.0   0.0   0.0   0.07  0.33  0.18  0.0   0.0   0.07  
48    F     0.17  0.05  0.04  0.0   0.0   0.0   0.0   0.0   0.0   0.04  0.0   0.0   0.0   0.23  0.0   0.0   0.0   0.0   0.39  0.07  
49    D     0.1   0.0   0.05  0.45  0.0   0.04  0.16  0.0   0.0   0.0   0.0   0.2   0.0   0.0   0.0   0.0   0.0   0.0   0.0   0.0   
50    K     0.0   0.05  0.21  0.16  0.0   0.0   0.0   0.1   0.0   0.0   0.0   0.03  0.0   0.0   0.0   0.25  0.2   0.0   0.0   0.0   
51    F     0.0   0.0   0.0   0.04  0.0   0.11  0.0   0.0   0.07  0.14  0.14  0.0   0.0   0.03  0.06  0.0   0.08  0.0   0.27  0.05  
52    T     0.13  0.0   0.04  0.16  0.0   0.12  0.04  0.07  0.0   0.0   0.08  0.0   0.0   0.04  0.09  0.18  0.03  0.0   0.0   0.0   
53    D     0.0   0.0   0.2   0.16  0.0   0.07  0.2   0.04  0.0   0.04  0.13  0.0   0.0   0.0   0.0   0.07  0.08  0.0   0.0   0.0   
54    A     0.37  0.0   0.0   0.0   0.07  0.0   0.0   0.04  0.0   0.12  0.05  0.04  0.0   0.0   0.0   0.14  0.04  0.0   0.0   0.13  
55    F     0.0   0.0   0.0   0.0   0.0   0.0   0.0   0.0   0.0   0.19  0.15  0.03  0.06  0.2   0.0   0.0   0.0   0.0   0.11  0.26  
56    L     0.0   0.07  0.0   0.0   0.0   0.09  0.18  0.0   0.0   0.03  0.23  0.13  0.13  0.0   0.0   0.07  0.06  0.0   0.0   0.0   
57    E     0.22  0.0   0.0   0.36  0.0   0.0   0.22  0.0   0.0   0.0   0.07  0.0   0.06  0.0   0.0   0.0   0.07  0.0   0.0   0.0   
58    L     0.0   0.0   0.0   0.0   0.0   0.0   0.0   0.0   0.0   0.12  0.59  0.0   0.0   0.0   0.0   0.0   0.0   0.0   0.0   0.29  
59    K     0.14  0.08  0.0   0.0   0.0   0.06  0.12  0.0   0.0   0.04  0.0   0.37  0.04  0.0   0.0   0.07  0.07  0.0   0.0   0.0   
60    R     0.15  0.03  0.24  0.0   0.0   0.18  0.0   0.0   0.04  0.0   0.04  0.0   0.0   0.0   0.0   0.19  0.0   0.0   0.08  0.04  
61    G     0.0   0.0   0.04  0.05  0.0   0.0   0.0   0.9   0.0   0.0   0.0   0.0   0.0   0.0   0.0   0.0   0.0   0.0   0.0   0.0   
62    R     0.0   0.59  0.07  0.0   0.0   0.12  0.04  0.05  0.0   0.0   0.0   0.13  0.0   0.0   0.0   0.0   0.0   0.0   0.0   0.0   
63    A     0.31  0.0   0.0   0.0   0.0   0.0   0.0   0.06  0.0   0.29  0.09  0.0   0.0   0.05  0.0   0.08  0.0   0.0   0.0   0.11  
64    D     0.0   0.0   0.0   0.78  0.0   0.0   0.07  0.0   0.0   0.0   0.0   0.0   0.0   0.0   0.08  0.0   0.0   0.0   0.0   0.07  
65    A     0.73  0.0   0.0   0.0   0.0   0.0   0.0   0.06  0.0   0.03  0.0   0.0   0.0   0.0   0.0   0.05  0.0   0.0   0.0   0.13  
66    V     0.25  0.0   0.0   0.0   0.0   0.0   0.0   0.0   0.0   0.14  0.1   0.0   0.03  0.12  0.0   0.04  0.07  0.0   0.04  0.2   
67    V     0.0   0.0   0.0   0.0   0.0   0.0   0.0   0.0   0.0   0.16  0.12  0.0   0.07  0.16  0.0   0.0   0.13  0.0   0.0   0.35  
68    L     0.09  0.0   0.11  0.0   0.0   0.13  0.0   0.17  0.0   0.05  0.12  0.0   0.12  0.0   0.0   0.05  0.13  0.0   0.0   0.04  
69    D     0.0   0.0   0.0   0.72  0.0   0.0   0.14  0.0   0.0   0.0   0.0   0.0   0.0   0.0   0.0   0.09  0.06  0.0   0.0   0.0   
70    S     0.07  0.12  0.06  0.17  0.0   0.1   0.07  0.0   0.0   0.0   0.0   0.07  0.0   0.0   0.08  0.08  0.1   0.0   0.0   0.07  
71    A     0.4   0.0   0.0   0.04  0.0   0.0   0.0   0.0   0.0   0.11  0.15  0.0   0.0   0.0   0.03  0.13  0.11  0.0   0.0   0.04  
72    T     0.18  0.0   0.0   0.0   0.0   0.0   0.0   0.0   0.0   0.14  0.11  0.0   0.0   0.04  0.0   0.1   0.08  0.0   0.04  0.31  
73    A     0.35  0.0   0.0   0.0   0.0   0.0   0.0   0.11  0.0   0.05  0.28  0.0   0.04  0.0   0.0   0.04  0.0   0.0   0.0   0.13  
74    R     0.11  0.07  0.03  0.0   0.0   0.04  0.16  0.0   0.0   0.04  0.19  0.09  0.0   0.07  0.0   0.09  0.03  0.03  0.03  0.0   
75    A     0.08  0.07  0.09  0.14  0.0   0.0   0.17  0.27  0.0   0.0   0.0   0.0   0.0   0.0   0.04  0.0   0.0   0.0   0.06  0.08  
76    F     0.08  0.0   0.0   0.0   0.0   0.04  0.0   0.04  0.0   0.0   0.09  0.0   0.13  0.16  0.0   0.0   0.0   0.06  0.3   0.08  
77    V     0.17  0.0   0.0   0.0   0.0   0.0   0.0   0.0   0.0   0.12  0.27  0.07  0.0   0.16  0.0   0.04  0.0   0.0   0.0   0.18  
78    A     0.17  0.03  0.0   0.04  0.0   0.08  0.0   0.0   0.0   0.0   0.04  0.56  0.0   0.0   0.0   0.04  0.05  0.0   0.0   0.0   
79    K     0.0   0.0   0.06  0.17  0.0   0.22  0.09  0.0   0.0   0.0   0.0   0.36  0.0   0.0   0.0   0.06  0.04  0.0   0.0   0.0   
80    N     0.0   0.0   0.38  0.05  0.0   0.06  0.05  0.0   0.13  0.0   0.0   0.16  0.0   0.11  0.0   0.0   0.06  0.0   0.0   0.0   
81    P     0.0   0.0   0.06  0.07  0.0   0.0   0.04  0.0   0.0   0.0   0.0   0.05  0.0   0.0   0.77  0.0   0.0   0.0   0.0   0.0   
82    D     0.06  0.0   0.27  0.39  0.0   0.05  0.13  0.05  0.0   0.0   0.0   0.05  0.0   0.0   0.0   0.0   0.0   0.0   0.0   0.0   
83    L     0.0   0.0   0.0   0.0   0.0   0.0   0.0   0.0   0.0   0.08  0.67  0.0   0.0   0.0   0.0   0.14  0.1   0.0   0.0   0.0   
84    V     0.0   0.0   0.0   0.0   0.0   0.0   0.0   0.33  0.0   0.0   0.15  0.0   0.0   0.0   0.0   0.12  0.0   0.0   0.0   0.39  
85    I     0.31  0.0   0.0   0.0   0.0   0.0   0.0   0.0   0.0   0.16  0.21  0.0   0.0   0.0   0.0   0.0   0.14  0.0   0.0   0.18  
86    S     0.4   0.0   0.0   0.0   0.0   0.0   0.0   0.0   0.0   0.0   0.0   0.0   0.0   0.0   0.0   0.21  0.17  0.0   0.0   0.23  
87    S     0.0   0.0   0.0   0.0   0.0   0.0   0.0   0.0   0.0   0.0   0.0   0.0   0.0   0.0   0.0   0.24  0.76  0.0   0.0   0.0   
88    G     0.0   0.0   0.0   0.0   0.0   0.0   0.0   1.0   0.0   0.0   0.0   0.0   0.0   0.0   0.0   0.0   0.0   0.0   0.0   0.0   
89    V     0.0   0.0   0.0   0.0   0.0   0.0   0.0   0.0   0.0   0.0   0.0   0.0   0.0   0.0   0.0   0.0   0.0   0.0   0.0   0.0   
90    L     0.0   0.0   0.0   0.0   0.0   0.0   0.0   0.0   0.0   0.0   0.0   0.0   0.0   0.0   0.0   0.0   0.0   0.0   0.0   0.0   
91    S     0.0   0.0   0.0   0.0   0.0   0.0   0.0   0.0   0.0   0.0   0.0   0.0   0.0   0.0   0.0   0.0   0.0   0.0   0.0   0.0   
92    S     0.0   0.0   0.0   0.0   0.0   0.0   0.0   0.0   0.0   0.0   0.0   0.0   0.0   0.0   0.0   0.0   0.0   0.0   0.0   0.0   
