             A     R     N     D     C     Q     E     G     H     I     L     K     M     F     P     S     T     W     Y     V
1     Y     0.0   0.0   0.0   0.0   0.0   0.0   0.0   0.0   0.0   0.0   0.0   0.0   0.0   0.0   0.0   0.0   0.0   0.0   1.0   0.0   
2     D     0.0   0.0   0.0   1.0   0.0   0.0   0.0   0.0   0.0   0.0   0.0   0.0   0.0   0.0   0.0   0.0   0.0   0.0   0.0   0.0   
3     D     0.0   0.0   0.0   1.0   0.0   0.0   0.0   0.0   0.0   0.0   0.0   0.0   0.0   0.0   0.0   0.0   0.0   0.0   0.0   0.0   
4     E     0.0   0.0   0.0   0.0   0.0   0.0   1.0   0.0   0.0   0.0   0.0   0.0   0.0   0.0   0.0   0.0   0.0   0.0   0.0   0.0   
5     L     0.0   0.0   0.0   0.0   0.0   0.0   0.0   0.0   0.0   0.0   1.0   0.0   0.0   0.0   0.0   0.0   0.0   0.0   0.0   0.0   
6     F     0.0   0.0   0.0   0.0   0.0   0.0   0.0   0.0   0.0   0.0   0.0   0.0   0.0   1.0   0.0   0.0   0.0   0.0   0.0   0.0   
7     S     0.0   0.0   0.0   0.0   0.0   0.0   0.0   0.0   0.0   0.0   0.0   0.0   0.0   0.0   0.0   1.0   0.0   0.0   0.0   0.0   
8     D     0.0   0.0   0.0   0.8   0.0   0.0   0.2   0.0   0.0   0.0   0.0   0.0   0.0   0.0   0.0   0.0   0.0   0.0   0.0   0.0   
9     V     0.0   0.0   0.0   0.0   0.0   0.0   0.0   0.0   0.0   0.37  0.0   0.31  0.0   0.0   0.0   0.0   0.0   0.0   0.0   0.32  
10    Q     0.0   0.0   0.0   0.0   0.0   0.69  0.0   0.0   0.31  0.0   0.0   0.0   0.0   0.0   0.0   0.0   0.0   0.0   0.0   0.0   
11    D     0.0   0.0   0.31  0.49  0.0   0.0   0.2   0.0   0.0   0.0   0.0   0.0   0.0   0.0   0.0   0.0   0.0   0.0   0.0   0.0   
12    I     0.0   0.0   0.0   0.31  0.0   0.0   0.0   0.0   0.0   0.69  0.0   0.0   0.0   0.0   0.0   0.0   0.0   0.0   0.0   0.0   
13    K     0.0   0.2   0.31  0.0   0.0   0.0   0.0   0.0   0.0   0.0   0.0   0.49  0.0   0.0   0.0   0.0   0.0   0.0   0.0   0.0   
14    T     0.0   0.0   0.0   0.0   0.0   0.0   0.0   0.31  0.0   0.0   0.0   0.0   0.0   0.0   0.0   0.2   0.49  0.0   0.0   0.0   
15    A     0.69  0.0   0.0   0.0   0.0   0.0   0.0   0.0   0.0   0.0   0.31  0.0   0.0   0.0   0.0   0.0   0.0   0.0   0.0   0.0   
16    L     0.0   0.0   0.0   0.0   0.0   0.0   0.0   0.0   0.0   0.2   0.8   0.0   0.0   0.0   0.0   0.0   0.0   0.0   0.0   0.0   
17    A     0.49  0.0   0.0   0.0   0.0   0.0   0.0   0.0   0.0   0.0   0.31  0.0   0.0   0.0   0.0   0.0   0.2   0.0   0.0   0.0   
18    K     0.0   0.0   0.0   0.0   0.0   0.31  0.0   0.0   0.0   0.0   0.0   0.69  0.0   0.0   0.0   0.0   0.0   0.0   0.0   0.0   
19    I     0.0   0.0   0.0   0.0   0.0   0.0   0.0   0.0   0.0   0.63  0.37  0.0   0.0   0.0   0.0   0.0   0.0   0.0   0.0   0.0   
20    H     0.0   0.0   0.0   0.0   0.0   0.0   0.0   0.0   0.49  0.0   0.31  0.0   0.0   0.0   0.0   0.0   0.2   0.0   0.0   0.0   
21    E     0.0   0.0   0.0   0.17  0.0   0.0   0.52  0.0   0.0   0.0   0.0   0.31  0.0   0.0   0.0   0.0   0.0   0.0   0.0   0.0   
22    D     0.0   0.0   0.31  0.69  0.0   0.0   0.0   0.0   0.0   0.0   0.0   0.0   0.0   0.0   0.0   0.0   0.0   0.0   0.0   0.0   
23    N     0.0   0.0   0.52  0.0   0.0   0.48  0.0   0.0   0.0   0.0   0.0   0.0   0.0   0.0   0.0   0.0   0.0   0.0   0.0   0.0   
24    Q     0.0   0.0   0.0   0.0   0.0   0.69  0.31  0.0   0.0   0.0   0.0   0.0   0.0   0.0   0.0   0.0   0.0   0.0   0.0   0.0   
25    K     0.0   0.0   0.0   0.0   0.0   0.0   0.31  0.0   0.0   0.17  0.0   0.32  0.0   0.0   0.0   0.2   0.0   0.0   0.0   0.0   
26    I     0.0   0.0   0.0   0.0   0.0   0.0   0.0   0.0   0.0   1.0   0.0   0.0   0.0   0.0   0.0   0.0   0.0   0.0   0.0   0.0   
27    I     0.0   0.0   0.0   0.0   0.0   0.0   0.0   0.0   0.0   0.49  0.51  0.0   0.0   0.0   0.0   0.0   0.0   0.0   0.0   0.0   
28    S     0.0   0.0   0.31  0.0   0.0   0.0   0.0   0.0   0.0   0.0   0.0   0.0   0.0   0.0   0.0   0.52  0.17  0.0   0.0   0.0   
29    K     0.0   0.48  0.0   0.0   0.0   0.0   0.0   0.0   0.0   0.0   0.0   0.52  0.0   0.0   0.0   0.0   0.0   0.0   0.0   0.0   
30    L     0.0   0.0   0.0   0.0   0.0   0.0   0.0   0.0   0.0   0.0   1.0   0.0   0.0   0.0   0.0   0.0   0.0   0.0   0.0   0.0   
31    E     0.0   0.0   0.0   0.2   0.0   0.0   0.49  0.0   0.0   0.0   0.0   0.31  0.0   0.0   0.0   0.0   0.0   0.0   0.0   0.0   
32    S     0.0   0.0   0.0   0.0   0.0   0.0   0.0   0.0   0.0   0.0   0.0   0.0   0.0   0.0   0.0   0.49  0.51  0.0   0.0   0.0   
33    I     0.0   0.0   0.0   0.0   0.0   0.0   0.0   0.0   0.0   0.48  0.52  0.0   0.0   0.0   0.0   0.0   0.0   0.0   0.0   0.0   
34    P     0.0   0.0   0.0   0.0   0.0   0.0   0.0   0.31  0.0   0.0   0.52  0.0   0.0   0.0   0.17  0.0   0.0   0.0   0.0   0.0   
35    K     0.0   0.0   0.0   0.0   0.0   0.0   0.0   0.0   0.0   0.0   0.35  0.17  0.0   0.0   0.0   0.48  0.0   0.0   0.0   0.0   
36    I     0.0   0.0   0.0   0.0   0.0   0.0   0.0   0.0   0.0   0.48  0.52  0.0   0.0   0.0   0.0   0.0   0.0   0.0   0.0   0.0   
37    K     0.0   0.0   0.0   0.0   0.0   0.31  0.0   0.0   0.0   0.0   0.0   0.69  0.0   0.0   0.0   0.0   0.0   0.0   0.0   0.0   
38    G     0.0   0.0   0.0   0.0   0.0   0.0   0.31  0.69  0.0   0.0   0.0   0.0   0.0   0.0   0.0   0.0   0.0   0.0   0.0   0.0   
39    E     0.0   0.0   0.0   0.0   0.0   0.0   0.69  0.0   0.0   0.0   0.0   0.0   0.0   0.0   0.0   0.31  0.0   0.0   0.0   0.0   
40    V     0.0   0.0   0.0   0.0   0.0   0.0   0.0   0.0   0.0   0.37  0.31  0.0   0.0   0.0   0.0   0.0   0.0   0.0   0.0   0.32  
41    E     0.0   0.0   0.0   0.68  0.0   0.0   0.32  0.0   0.0   0.0   0.0   0.0   0.0   0.0   0.0   0.0   0.0   0.0   0.0   0.0   
42    S     0.0   0.0   0.0   0.0   0.0   0.0   0.0   0.0   0.0   0.0   0.0   0.0   0.0   0.0   0.0   1.0   0.0   0.0   0.0   0.0   
43    I     0.0   0.0   0.0   0.0   0.0   0.0   0.0   0.0   0.0   1.0   0.0   0.0   0.0   0.0   0.0   0.0   0.0   0.0   0.0   0.0   
44    K     0.0   0.0   0.0   0.0   0.0   0.0   0.0   0.0   0.0   0.0   0.0   1.0   0.0   0.0   0.0   0.0   0.0   0.0   0.0   0.0   
45    K     0.0   0.31  0.0   0.0   0.0   0.0   0.0   0.0   0.0   0.0   0.0   0.69  0.0   0.0   0.0   0.0   0.0   0.0   0.0   0.0   
46    Q     0.0   0.0   0.0   0.0   0.0   0.69  0.0   0.0   0.0   0.31  0.0   0.0   0.0   0.0   0.0   0.0   0.0   0.0   0.0   0.0   
47    I     0.0   0.0   0.0   0.0   0.0   0.31  0.0   0.0   0.0   0.69  0.0   0.0   0.0   0.0   0.0   0.0   0.0   0.0   0.0   0.0   
48    N     0.0   0.0   0.32  0.0   0.0   0.0   0.0   0.0   0.0   0.0   0.0   0.0   0.0   0.0   0.0   0.68  0.0   0.0   0.0   0.0   
49    R     0.0   0.32  0.0   0.0   0.0   0.0   0.0   0.0   0.0   0.0   0.0   0.68  0.0   0.0   0.0   0.0   0.0   0.0   0.0   0.0   
50    Q     0.0   0.0   0.0   0.0   0.0   1.0   0.0   0.0   0.0   0.0   0.0   0.0   0.0   0.0   0.0   0.0   0.0   0.0   0.0   0.0   
51    N     0.0   0.0   0.69  0.0   0.0   0.0   0.0   0.31  0.0   0.0   0.0   0.0   0.0   0.0   0.0   0.0   0.0   0.0   0.0   0.0   
52    I     0.0   0.0   0.0   0.0   0.0   0.0   0.0   0.0   0.0   0.69  0.31  0.0   0.0   0.0   0.0   0.0   0.0   0.0   0.0   0.0   
53    S     0.51  0.0   0.0   0.0   0.0   0.0   0.0   0.0   0.0   0.0   0.0   0.0   0.0   0.0   0.0   0.49  0.0   0.0   0.0   0.0   
54    I     0.0   0.0   0.0   0.0   0.0   0.0   0.0   0.0   0.0   0.69  0.31  0.0   0.0   0.0   0.0   0.0   0.0   0.0   0.0   0.0   
55    S     0.0   0.0   0.0   0.0   0.0   0.0   0.0   0.0   0.0   0.0   0.0   0.0   0.0   0.0   0.0   1.0   0.0   0.0   0.0   0.0   
56    T     0.0   0.0   0.0   0.0   0.0   0.0   0.0   0.0   0.0   0.0   0.0   0.0   0.0   0.0   0.0   0.0   1.0   0.0   0.0   0.0   
57    L     0.0   0.0   0.0   0.0   0.0   0.0   0.0   0.0   0.0   0.37  0.63  0.0   0.0   0.0   0.0   0.0   0.0   0.0   0.0   0.0   
58    E     0.0   0.0   0.0   0.0   0.0   0.0   1.0   0.0   0.0   0.0   0.0   0.0   0.0   0.0   0.0   0.0   0.0   0.0   0.0   0.0   
59    G     0.0   0.0   0.0   0.0   0.0   0.0   0.0   1.0   0.0   0.0   0.0   0.0   0.0   0.0   0.0   0.0   0.0   0.0   0.0   0.0   
60    H     0.0   0.0   0.0   0.0   0.0   0.0   0.0   0.0   0.69  0.0   0.31  0.0   0.0   0.0   0.0   0.0   0.0   0.0   0.0   0.0   
61    L     0.0   0.0   0.0   0.0   0.0   0.0   0.0   0.0   0.0   0.0   1.0   0.0   0.0   0.0   0.0   0.0   0.0   0.0   0.0   0.0   
62    S     0.0   0.0   0.0   0.0   0.0   0.0   0.0   0.0   0.0   0.0   0.0   0.0   0.0   0.0   0.0   1.0   0.0   0.0   0.0   0.0   
63    S     0.0   0.0   0.0   0.0   0.0   0.0   0.0   0.0   0.0   0.0   0.0   0.0   0.0   0.0   0.0   1.0   0.0   0.0   0.0   0.0   
