             A     R     N     D     C     Q     E     G     H     I     L     K     M     F     P     S     T     W     Y     V
1     N     0.0   0.0   0.82  0.18  0.0   0.0   0.0   0.0   0.0   0.0   0.0   0.0   0.0   0.0   0.0   0.0   0.0   0.0   0.0   0.0   
2     V     0.14  0.0   0.0   0.0   0.0   0.0   0.0   0.0   0.0   0.11  0.15  0.0   0.0   0.0   0.0   0.0   0.0   0.06  0.06  0.48  
3     K     0.0   0.0   0.0   0.0   0.0   0.2   0.2   0.04  0.05  0.0   0.04  0.38  0.0   0.0   0.0   0.0   0.04  0.0   0.0   0.06  
4     P     0.04  0.03  0.02  0.02  0.0   0.0   0.0   0.0   0.0   0.04  0.02  0.0   0.0   0.0   0.8   0.02  0.0   0.0   0.0   0.0   
5     S     0.09  0.06  0.1   0.0   0.0   0.01  0.06  0.0   0.0   0.0   0.02  0.04  0.0   0.0   0.08  0.39  0.08  0.0   0.0   0.07  
6     P     0.05  0.0   0.04  0.06  0.0   0.07  0.06  0.0   0.01  0.03  0.02  0.05  0.09  0.04  0.38  0.06  0.0   0.0   0.0   0.04  
7     H     0.04  0.04  0.05  0.0   0.0   0.09  0.06  0.01  0.39  0.04  0.05  0.01  0.0   0.0   0.06  0.04  0.0   0.0   0.02  0.1   
8     V     0.04  0.04  0.07  0.04  0.0   0.01  0.04  0.0   0.01  0.09  0.08  0.01  0.0   0.0   0.0   0.17  0.12  0.0   0.01  0.27  
9     I     0.03  0.03  0.02  0.01  0.0   0.02  0.07  0.0   0.02  0.4   0.08  0.05  0.01  0.01  0.02  0.01  0.02  0.0   0.0   0.2   
10    M     0.07  0.01  0.05  0.12  0.0   0.03  0.09  0.0   0.04  0.04  0.2   0.04  0.01  0.0   0.03  0.08  0.11  0.0   0.01  0.06  
11    S     0.01  0.0   0.2   0.05  0.0   0.04  0.08  0.03  0.02  0.0   0.01  0.03  0.0   0.01  0.0   0.36  0.14  0.01  0.0   0.01  
12    L     0.07  0.0   0.03  0.03  0.01  0.03  0.08  0.02  0.0   0.03  0.2   0.11  0.01  0.16  0.02  0.03  0.06  0.07  0.01  0.03  
13    E     0.06  0.05  0.07  0.21  0.0   0.14  0.28  0.01  0.0   0.0   0.0   0.07  0.0   0.0   0.01  0.04  0.05  0.0   0.0   0.0   
14    E     0.03  0.01  0.14  0.1   0.0   0.12  0.32  0.01  0.01  0.01  0.02  0.1   0.01  0.01  0.01  0.03  0.06  0.0   0.01  0.02  
15    L     0.03  0.01  0.01  0.01  0.0   0.01  0.01  0.0   0.01  0.06  0.3   0.01  0.03  0.37  0.0   0.02  0.01  0.03  0.04  0.04  
16    R     0.03  0.06  0.03  0.21  0.0   0.09  0.14  0.01  0.01  0.04  0.05  0.1   0.03  0.04  0.0   0.02  0.05  0.04  0.01  0.02  
17    E     0.05  0.04  0.03  0.1   0.0   0.09  0.35  0.03  0.0   0.0   0.01  0.15  0.0   0.0   0.01  0.08  0.04  0.0   0.0   0.01  
18    A     0.29  0.01  0.05  0.02  0.0   0.02  0.06  0.01  0.01  0.06  0.14  0.01  0.01  0.04  0.0   0.04  0.04  0.0   0.01  0.19  
19    T     0.08  0.03  0.06  0.01  0.01  0.03  0.02  0.0   0.03  0.12  0.24  0.07  0.03  0.01  0.01  0.11  0.05  0.0   0.0   0.11  
20    A     0.18  0.03  0.08  0.06  0.01  0.06  0.15  0.03  0.02  0.03  0.04  0.16  0.01  0.01  0.02  0.08  0.05  0.0   0.0   0.0   
21    S     0.07  0.04  0.06  0.03  0.0   0.1   0.07  0.2   0.02  0.0   0.04  0.12  0.0   0.0   0.0   0.21  0.05  0.0   0.0   0.0   
22    N     0.03  0.0   0.15  0.23  0.0   0.01  0.08  0.16  0.05  0.01  0.0   0.09  0.0   0.01  0.04  0.1   0.03  0.0   0.01  0.0   
23    R     0.02  0.1   0.01  0.07  0.01  0.04  0.07  0.09  0.01  0.01  0.03  0.32  0.0   0.01  0.03  0.08  0.06  0.01  0.01  0.03  
24    I     0.02  0.02  0.03  0.02  0.02  0.0   0.01  0.02  0.01  0.07  0.27  0.04  0.02  0.05  0.16  0.03  0.04  0.03  0.04  0.1   
25    S     0.06  0.0   0.01  0.0   0.0   0.01  0.0   0.01  0.01  0.12  0.06  0.03  0.02  0.0   0.01  0.06  0.08  0.04  0.02  0.46  
26    V     0.02  0.0   0.0   0.0   0.01  0.0   0.0   0.0   0.0   0.15  0.25  0.0   0.06  0.05  0.0   0.01  0.01  0.0   0.0   0.43  
27    I     0.04  0.0   0.0   0.0   0.04  0.0   0.01  0.0   0.0   0.2   0.14  0.0   0.0   0.03  0.0   0.0   0.01  0.0   0.01  0.51  
28    V     0.0   0.01  0.08  0.34  0.01  0.02  0.14  0.0   0.16  0.0   0.07  0.05  0.03  0.0   0.0   0.0   0.0   0.01  0.06  0.03  
29    F     0.01  0.0   0.0   0.0   0.01  0.0   0.0   0.01  0.0   0.01  0.06  0.0   0.01  0.76  0.0   0.0   0.0   0.01  0.06  0.04  
30    T     0.01  0.0   0.0   0.0   0.01  0.0   0.01  0.03  0.03  0.0   0.0   0.02  0.01  0.11  0.0   0.09  0.1   0.16  0.39  0.01  
31    L     0.6   0.06  0.0   0.01  0.0   0.03  0.02  0.04  0.03  0.0   0.02  0.01  0.01  0.0   0.0   0.08  0.07  0.0   0.0   0.01  
32    P     0.05  0.02  0.04  0.13  0.0   0.03  0.06  0.01  0.0   0.01  0.01  0.04  0.0   0.0   0.28  0.2   0.11  0.0   0.0   0.01  
33    D     0.01  0.01  0.02  0.02  0.0   0.01  0.01  0.03  0.02  0.0   0.0   0.0   0.01  0.01  0.0   0.07  0.02  0.75  0.01  0.0   
34    S     0.03  0.0   0.02  0.02  0.8   0.0   0.0   0.0   0.0   0.02  0.0   0.0   0.0   0.03  0.0   0.05  0.02  0.0   0.0   0.01  
35    K     0.03  0.04  0.02  0.01  0.0   0.01  0.02  0.47  0.01  0.02  0.01  0.03  0.0   0.02  0.17  0.02  0.03  0.0   0.03  0.06  
36    R     0.05  0.06  0.02  0.03  0.0   0.04  0.01  0.01  0.13  0.0   0.01  0.01  0.02  0.06  0.42  0.04  0.02  0.01  0.03  0.03  
37    S     0.0   0.0   0.0   0.0   0.88  0.0   0.0   0.0   0.0   0.0   0.0   0.0   0.0   0.0   0.0   0.12  0.0   0.0   0.0   0.0   
38    N     0.03  0.19  0.02  0.0   0.0   0.12  0.02  0.0   0.01  0.03  0.04  0.41  0.01  0.0   0.02  0.03  0.02  0.0   0.0   0.04  
39    E     0.15  0.06  0.03  0.01  0.0   0.09  0.08  0.02  0.02  0.06  0.07  0.06  0.12  0.04  0.01  0.06  0.03  0.0   0.03  0.05  
40    I     0.04  0.0   0.0   0.0   0.01  0.0   0.04  0.0   0.0   0.24  0.27  0.0   0.18  0.08  0.0   0.0   0.01  0.0   0.01  0.11  
41    K     0.28  0.03  0.11  0.08  0.0   0.02  0.08  0.04  0.03  0.01  0.03  0.08  0.04  0.01  0.0   0.09  0.03  0.0   0.02  0.02  
42    E     0.01  0.03  0.02  0.02  0.0   0.07  0.04  0.01  0.01  0.0   0.0   0.07  0.01  0.0   0.66  0.05  0.01  0.0   0.01  0.0   
43    K     0.04  0.03  0.02  0.02  0.01  0.02  0.08  0.01  0.11  0.1   0.06  0.07  0.02  0.07  0.01  0.03  0.06  0.0   0.05  0.21  
44    L     0.0   0.01  0.0   0.0   0.01  0.0   0.0   0.0   0.0   0.08  0.28  0.0   0.06  0.27  0.0   0.0   0.03  0.07  0.1   0.08  
45    R     0.14  0.04  0.06  0.1   0.03  0.04  0.28  0.01  0.02  0.03  0.01  0.07  0.02  0.01  0.01  0.07  0.03  0.0   0.01  0.03  
46    K     0.07  0.04  0.01  0.06  0.0   0.09  0.3   0.01  0.02  0.06  0.02  0.17  0.01  0.0   0.0   0.07  0.04  0.0   0.0   0.03  
47    L     0.06  0.0   0.0   0.0   0.01  0.0   0.0   0.0   0.0   0.1   0.58  0.0   0.04  0.03  0.0   0.0   0.03  0.0   0.01  0.13  
48    A     0.5   0.01  0.0   0.0   0.04  0.02  0.02  0.02  0.0   0.02  0.02  0.05  0.01  0.0   0.01  0.21  0.0   0.01  0.02  0.02  
49    E     0.06  0.08  0.07  0.05  0.0   0.08  0.15  0.03  0.01  0.01  0.05  0.23  0.0   0.01  0.02  0.06  0.04  0.0   0.0   0.03  
50    V     0.07  0.06  0.03  0.08  0.0   0.08  0.23  0.01  0.02  0.01  0.03  0.22  0.03  0.0   0.0   0.02  0.07  0.01  0.0   0.04  
51    F     0.01  0.01  0.03  0.01  0.01  0.02  0.01  0.03  0.1   0.03  0.14  0.01  0.04  0.17  0.0   0.02  0.02  0.01  0.29  0.03  
52    P     0.04  0.02  0.07  0.01  0.0   0.03  0.06  0.09  0.01  0.01  0.04  0.14  0.0   0.0   0.29  0.11  0.04  0.01  0.01  0.02  
53    D     0.02  0.03  0.15  0.27  0.0   0.07  0.14  0.06  0.03  0.0   0.02  0.09  0.01  0.0   0.02  0.06  0.03  0.0   0.0   0.0   
54    V     0.09  0.01  0.01  0.03  0.01  0.02  0.0   0.0   0.0   0.15  0.15  0.02  0.02  0.03  0.0   0.01  0.08  0.0   0.0   0.36  
55    D     0.07  0.06  0.03  0.04  0.0   0.04  0.03  0.01  0.03  0.06  0.09  0.18  0.02  0.01  0.02  0.02  0.1   0.0   0.0   0.17  
56    T     0.03  0.0   0.0   0.0   0.01  0.01  0.01  0.0   0.02  0.1   0.09  0.03  0.01  0.52  0.0   0.01  0.03  0.02  0.01  0.08  
57    Y     0.17  0.0   0.0   0.0   0.01  0.0   0.02  0.07  0.01  0.07  0.27  0.0   0.01  0.05  0.0   0.01  0.02  0.0   0.09  0.2   
58    S     0.07  0.07  0.02  0.02  0.0   0.07  0.05  0.0   0.03  0.01  0.02  0.5   0.02  0.01  0.01  0.03  0.04  0.0   0.03  0.01  
59    V     0.06  0.0   0.01  0.0   0.03  0.0   0.0   0.01  0.01  0.15  0.19  0.0   0.02  0.02  0.0   0.02  0.0   0.0   0.0   0.47  
60    D     0.03  0.0   0.25  0.53  0.01  0.02  0.08  0.01  0.0   0.03  0.0   0.0   0.01  0.0   0.01  0.01  0.0   0.0   0.0   0.01  
61    T     0.2   0.01  0.0   0.01  0.08  0.0   0.03  0.03  0.01  0.12  0.01  0.01  0.01  0.01  0.0   0.02  0.09  0.0   0.02  0.33  
62    S     0.02  0.01  0.06  0.49  0.0   0.02  0.15  0.03  0.0   0.01  0.0   0.0   0.01  0.0   0.01  0.06  0.12  0.0   0.0   0.01  
63    T     0.11  0.04  0.04  0.08  0.01  0.07  0.35  0.01  0.01  0.0   0.01  0.14  0.0   0.0   0.02  0.05  0.04  0.0   0.01  0.02  
64    N     0.07  0.01  0.27  0.02  0.08  0.05  0.07  0.02  0.05  0.02  0.1   0.01  0.01  0.02  0.0   0.08  0.01  0.0   0.05  0.08  
65    P     0.04  0.06  0.06  0.04  0.0   0.08  0.03  0.04  0.01  0.02  0.02  0.11  0.02  0.0   0.3   0.1   0.05  0.0   0.01  0.01  
66    E     0.08  0.03  0.08  0.2   0.0   0.06  0.24  0.02  0.0   0.0   0.0   0.04  0.01  0.05  0.02  0.1   0.03  0.01  0.0   0.02  
67    A     0.03  0.0   0.01  0.0   0.0   0.0   0.01  0.0   0.02  0.13  0.3   0.01  0.03  0.07  0.01  0.01  0.14  0.0   0.01  0.22  
68    R     0.35  0.02  0.01  0.0   0.13  0.01  0.01  0.04  0.0   0.05  0.04  0.02  0.01  0.02  0.07  0.12  0.03  0.0   0.0   0.06  
69    E     0.08  0.06  0.03  0.02  0.0   0.1   0.21  0.06  0.01  0.03  0.01  0.11  0.02  0.0   0.03  0.13  0.06  0.01  0.01  0.01  
70    W     0.06  0.18  0.02  0.07  0.01  0.1   0.18  0.01  0.04  0.0   0.02  0.18  0.01  0.0   0.01  0.04  0.05  0.01  0.0   0.01  
71    Y     0.04  0.0   0.02  0.0   0.04  0.02  0.04  0.01  0.01  0.01  0.15  0.01  0.01  0.18  0.0   0.01  0.01  0.06  0.38  0.01  
72    N     0.03  0.1   0.15  0.05  0.0   0.06  0.09  0.27  0.05  0.01  0.0   0.07  0.01  0.0   0.01  0.06  0.01  0.0   0.0   0.01  
73    I     0.0   0.0   0.0   0.04  0.0   0.0   0.0   0.03  0.0   0.45  0.04  0.0   0.0   0.0   0.0   0.0   0.01  0.0   0.01  0.41  
74    T     0.03  0.2   0.06  0.03  0.0   0.05  0.07  0.02  0.04  0.02  0.03  0.16  0.04  0.02  0.01  0.08  0.08  0.0   0.04  0.03  
75    S     0.19  0.02  0.01  0.02  0.07  0.01  0.01  0.28  0.0   0.0   0.0   0.02  0.0   0.01  0.02  0.19  0.04  0.0   0.02  0.08  
76    V     0.01  0.0   0.0   0.0   0.0   0.0   0.03  0.0   0.0   0.17  0.21  0.01  0.1   0.1   0.03  0.0   0.05  0.0   0.1   0.19  
77    P     0.0   0.0   0.0   0.0   0.02  0.0   0.0   0.0   0.0   0.0   0.0   0.0   0.0   0.0   0.98  0.0   0.0   0.0   0.0   0.0   
78    T     0.03  0.0   0.02  0.0   0.03  0.01  0.01  0.0   0.02  0.01  0.02  0.0   0.0   0.02  0.0   0.07  0.73  0.0   0.02  0.02  
79    F     0.0   0.0   0.0   0.0   0.01  0.0   0.0   0.0   0.01  0.2   0.26  0.0   0.02  0.37  0.0   0.0   0.01  0.0   0.0   0.12  
80    V     0.03  0.05  0.01  0.0   0.01  0.05  0.0   0.0   0.04  0.08  0.26  0.13  0.09  0.07  0.0   0.0   0.01  0.0   0.05  0.13  
81    I     0.01  0.01  0.0   0.0   0.01  0.0   0.0   0.01  0.02  0.15  0.25  0.01  0.03  0.38  0.0   0.0   0.0   0.01  0.03  0.09  
82    E     0.0   0.0   0.01  0.02  0.01  0.0   0.01  0.01  0.0   0.06  0.09  0.0   0.02  0.46  0.0   0.02  0.0   0.01  0.24  0.04  
83    K     0.01  0.18  0.04  0.03  0.0   0.07  0.01  0.05  0.02  0.02  0.01  0.48  0.0   0.0   0.02  0.03  0.0   0.0   0.01  0.03  
84    G     0.04  0.01  0.28  0.23  0.0   0.05  0.04  0.19  0.01  0.0   0.01  0.07  0.0   0.0   0.02  0.03  0.01  0.0   0.01  0.0   
85    G     0.04  0.01  0.03  0.02  0.0   0.0   0.01  0.74  0.0   0.0   0.01  0.02  0.0   0.02  0.01  0.05  0.02  0.0   0.0   0.01  
86    E     0.01  0.05  0.04  0.03  0.0   0.15  0.26  0.02  0.0   0.02  0.01  0.24  0.01  0.0   0.02  0.05  0.05  0.0   0.0   0.04  
87    P     0.04  0.05  0.01  0.01  0.0   0.06  0.16  0.01  0.0   0.08  0.07  0.21  0.03  0.01  0.1   0.03  0.03  0.0   0.0   0.09  
88    L     0.04  0.01  0.02  0.01  0.01  0.03  0.05  0.01  0.0   0.13  0.09  0.1   0.06  0.03  0.01  0.01  0.03  0.0   0.01  0.37  
89    G     0.13  0.02  0.03  0.24  0.0   0.03  0.14  0.12  0.04  0.01  0.02  0.08  0.01  0.01  0.0   0.06  0.02  0.0   0.01  0.02  
90    E     0.04  0.24  0.02  0.03  0.0   0.03  0.23  0.01  0.01  0.01  0.0   0.16  0.01  0.0   0.02  0.04  0.09  0.0   0.04  0.02  
91    V     0.01  0.02  0.01  0.0   0.01  0.01  0.01  0.0   0.01  0.17  0.11  0.04  0.03  0.14  0.01  0.03  0.02  0.0   0.14  0.22  
92    K     0.05  0.04  0.03  0.04  0.01  0.05  0.09  0.04  0.02  0.1   0.01  0.06  0.0   0.02  0.01  0.07  0.04  0.0   0.01  0.31  
93    G     0.01  0.02  0.01  0.01  0.02  0.01  0.0   0.84  0.01  0.0   0.0   0.01  0.0   0.01  0.0   0.03  0.01  0.0   0.0   0.0   
94    P     0.48  0.04  0.01  0.0   0.02  0.0   0.02  0.05  0.02  0.03  0.01  0.02  0.0   0.03  0.15  0.03  0.02  0.0   0.01  0.06  
95    D     0.02  0.11  0.19  0.21  0.0   0.04  0.0   0.04  0.05  0.0   0.01  0.11  0.0   0.0   0.05  0.09  0.07  0.0   0.0   0.0   
96    I     0.14  0.05  0.0   0.04  0.0   0.02  0.11  0.01  0.02  0.03  0.05  0.26  0.01  0.01  0.11  0.02  0.05  0.0   0.01  0.05  
97    D     0.1   0.01  0.03  0.23  0.0   0.05  0.21  0.02  0.01  0.0   0.02  0.05  0.0   0.02  0.1   0.06  0.07  0.0   0.0   0.03  
98    K     0.09  0.06  0.03  0.08  0.0   0.08  0.25  0.03  0.01  0.01  0.04  0.16  0.01  0.02  0.0   0.05  0.05  0.0   0.0   0.03  
99    L     0.02  0.01  0.0   0.0   0.0   0.0   0.01  0.0   0.0   0.14  0.69  0.0   0.01  0.05  0.01  0.01  0.01  0.0   0.0   0.05  
100   R     0.07  0.11  0.04  0.04  0.0   0.08  0.24  0.01  0.02  0.03  0.04  0.11  0.0   0.0   0.0   0.04  0.09  0.0   0.0   0.08  
101   V     0.17  0.05  0.07  0.07  0.0   0.08  0.15  0.02  0.01  0.0   0.01  0.2   0.01  0.0   0.01  0.08  0.05  0.0   0.01  0.02  
102   T     0.08  0.04  0.04  0.0   0.0   0.02  0.01  0.02  0.0   0.03  0.1   0.2   0.04  0.14  0.0   0.06  0.11  0.02  0.05  0.04  
103   L     0.01  0.0   0.0   0.0   0.0   0.0   0.0   0.0   0.0   0.41  0.29  0.0   0.03  0.02  0.0   0.0   0.02  0.0   0.0   0.22  
104   D     0.1   0.02  0.1   0.16  0.0   0.09  0.18  0.02  0.0   0.02  0.03  0.13  0.0   0.0   0.0   0.05  0.05  0.0   0.01  0.03  
105   E     0.03  0.05  0.04  0.07  0.0   0.09  0.23  0.01  0.02  0.01  0.01  0.33  0.0   0.0   0.02  0.05  0.04  0.0   0.0   0.0   
106   L     0.0   0.01  0.01  0.0   0.0   0.01  0.01  0.0   0.25  0.06  0.3   0.01  0.01  0.13  0.0   0.01  0.03  0.01  0.08  0.07  
107   L     0.07  0.08  0.01  0.0   0.0   0.0   0.02  0.0   0.0   0.13  0.43  0.01  0.05  0.02  0.0   0.03  0.02  0.0   0.0   0.13  
108   A     0.38  0.05  0.0   0.0   0.0   0.04  0.01  0.12  0.0   0.0   0.02  0.06  0.02  0.0   0.05  0.17  0.05  0.0   0.0   0.03  
109   R     0.0   0.32  0.0   0.0   0.0   0.13  0.04  0.0   0.04  0.0   0.04  0.35  0.0   0.0   0.03  0.03  0.0   0.0   0.0   0.03  
110   K     0.0   0.13  0.0   0.0   0.0   0.1   0.17  0.0   0.0   0.0   0.0   0.55  0.0   0.0   0.05  0.0   0.0   0.0   0.0   0.0   
111   L     0.0   0.0   0.0   0.0   0.0   0.0   0.0   0.0   0.0   0.14  0.53  0.0   0.12  0.0   0.0   0.0   0.0   0.0   0.0   0.21  
