             A     R     N     D     C     Q     E     G     H     I     L     K     M     F     P     S     T     W     Y     V
1     L     0.0   0.0   0.0   0.0   0.0   0.0   0.0   0.0   0.0   0.0   0.0   0.0   0.0   0.0   0.0   0.0   0.0   0.0   0.0   0.0   
2     G     0.0   0.0   0.0   0.0   0.0   0.0   0.0   0.0   0.0   0.0   0.0   0.0   0.0   0.0   0.0   0.0   0.0   0.0   0.0   0.0   
3     Y     0.0   0.0   0.0   0.0   0.0   0.0   0.0   0.0   0.0   0.0   0.0   0.0   0.0   0.0   0.0   0.0   0.0   0.0   0.0   0.0   
4     N     0.0   0.0   0.0   0.0   0.0   0.0   0.0   0.0   0.0   0.0   0.0   0.0   0.0   0.0   0.0   0.0   0.0   0.0   0.0   0.0   
5     T     0.0   0.0   0.0   0.0   0.0   0.0   0.0   0.0   0.0   0.0   0.0   0.0   0.0   0.0   0.0   0.0   0.0   0.0   0.0   0.0   
6     V     0.0   0.0   0.0   0.0   0.0   0.0   0.0   0.0   0.0   0.0   0.0   0.0   0.0   0.0   0.0   0.0   0.0   0.0   0.0   0.0   
7     Q     0.0   0.0   0.0   0.0   0.0   1.0   0.0   0.0   0.0   0.0   0.0   0.0   0.0   0.0   0.0   0.0   0.0   0.0   0.0   0.0   
8     L     0.0   0.0   0.0   0.0   0.0   0.0   0.0   0.0   0.0   0.0   0.5   0.5   0.0   0.0   0.0   0.0   0.0   0.0   0.0   0.0   
9     W     0.0   0.0   0.0   0.0   0.0   0.0   0.0   0.0   0.0   0.0   0.0   0.0   0.0   0.0   0.0   0.0   0.0   1.0   0.0   0.0   
10    R     0.0   0.5   0.0   0.0   0.0   0.0   0.0   0.0   0.0   0.0   0.0   0.0   0.0   0.0   0.0   0.5   0.0   0.0   0.0   0.0   
11    M     0.0   0.0   0.0   0.0   0.0   0.34  0.0   0.0   0.0   0.0   0.33  0.0   0.33  0.0   0.0   0.0   0.0   0.0   0.0   0.0   
12    R     0.0   0.49  0.25  0.0   0.0   0.0   0.0   0.0   0.0   0.0   0.0   0.0   0.26  0.0   0.0   0.0   0.0   0.0   0.0   0.0   
13    R     0.0   0.75  0.0   0.0   0.0   0.0   0.0   0.0   0.0   0.0   0.0   0.25  0.0   0.0   0.0   0.0   0.0   0.0   0.0   0.0   
14    T     0.0   0.0   0.0   0.0   0.0   0.0   0.0   0.0   0.0   0.0   0.0   0.0   0.26  0.0   0.25  0.0   0.49  0.0   0.0   0.0   
15    A     0.23  0.0   0.0   0.25  0.0   0.0   0.26  0.0   0.0   0.0   0.0   0.26  0.0   0.0   0.0   0.0   0.0   0.0   0.0   0.0   
16    N     0.0   0.0   0.23  0.25  0.0   0.0   0.0   0.0   0.0   0.0   0.0   0.0   0.0   0.0   0.0   0.52  0.0   0.0   0.0   0.0   
17    K     0.0   0.0   0.0   0.0   0.0   0.0   0.0   0.0   0.0   0.0   0.0   0.23  0.0   0.0   0.52  0.0   0.0   0.0   0.0   0.25  
18    L     0.0   0.0   0.26  0.0   0.0   0.0   0.0   0.0   0.0   0.0   0.49  0.0   0.0   0.25  0.0   0.0   0.0   0.0   0.0   0.0   
19    M     0.0   0.0   0.0   0.26  0.0   0.0   0.0   0.0   0.0   0.25  0.0   0.0   0.23  0.0   0.0   0.0   0.0   0.0   0.0   0.26  
20    N     0.0   0.26  0.48  0.0   0.0   0.0   0.0   0.0   0.0   0.0   0.0   0.0   0.26  0.0   0.0   0.0   0.0   0.0   0.0   0.0   
21    G     0.0   0.0   0.0   0.0   0.0   0.0   0.0   0.23  0.0   0.0   0.25  0.0   0.0   0.26  0.0   0.26  0.0   0.0   0.0   0.0   
22    K     0.0   0.0   0.0   0.0   0.0   0.0   0.0   0.0   0.0   0.0   0.0   0.74  0.0   0.0   0.0   0.0   0.0   0.0   0.0   0.26  
23    L     0.0   0.0   0.0   0.0   0.0   0.0   0.0   0.0   0.0   0.0   0.48  0.26  0.0   0.0   0.0   0.26  0.0   0.0   0.0   0.0   
24    T     0.26  0.0   0.0   0.0   0.0   0.0   0.25  0.0   0.0   0.0   0.26  0.0   0.0   0.0   0.0   0.0   0.23  0.0   0.0   0.0   
25    T     0.0   0.0   0.0   0.0   0.0   0.0   0.0   0.0   0.0   0.0   0.0   0.26  0.0   0.0   0.0   0.0   0.74  0.0   0.0   0.0   
26    Q     0.0   0.0   0.0   0.0   0.0   0.23  0.26  0.0   0.0   0.0   0.26  0.0   0.0   0.0   0.0   0.0   0.0   0.0   0.0   0.25  
27    K     0.0   0.0   0.0   0.26  0.0   0.0   0.26  0.25  0.0   0.0   0.0   0.23  0.0   0.0   0.0   0.0   0.0   0.0   0.0   0.0   
28    E     0.0   0.22  0.21  0.0   0.0   0.0   0.39  0.0   0.0   0.0   0.0   0.19  0.0   0.0   0.0   0.0   0.0   0.0   0.0   0.0   
29    A     0.58  0.0   0.22  0.0   0.0   0.0   0.0   0.0   0.0   0.0   0.0   0.0   0.0   0.0   0.0   0.0   0.21  0.0   0.0   0.0   
30    A     0.4   0.01  0.01  0.01  0.0   0.01  0.01  0.23  0.0   0.01  0.02  0.2   0.0   0.01  0.01  0.02  0.01  0.0   0.01  0.01  
31    L     0.02  0.01  0.01  0.22  0.0   0.01  0.01  0.02  0.0   0.01  0.2   0.01  0.0   0.01  0.01  0.02  0.2   0.0   0.22  0.01  
32    K     0.02  0.01  0.01  0.01  0.0   0.22  0.01  0.02  0.0   0.01  0.02  0.19  0.0   0.01  0.01  0.02  0.41  0.0   0.01  0.01  
33    K     0.02  0.22  0.01  0.2   0.0   0.01  0.01  0.02  0.0   0.01  0.23  0.19  0.0   0.01  0.01  0.02  0.01  0.0   0.01  0.01  
34    W     0.02  0.01  0.01  0.01  0.0   0.01  0.01  0.02  0.0   0.01  0.02  0.01  0.0   0.22  0.01  0.23  0.01  0.18  0.01  0.2   
35    M     0.0   0.0   0.0   0.0   0.0   0.0   0.0   0.0   0.0   0.4   0.0   0.0   0.18  0.0   0.0   0.21  0.0   0.0   0.0   0.21  
36    A     0.39  0.0   0.0   0.0   0.0   0.0   0.0   0.0   0.0   0.0   0.0   0.0   0.0   0.22  0.0   0.4   0.0   0.0   0.0   0.0   
37    S     0.19  0.0   0.0   0.0   0.0   0.21  0.0   0.0   0.0   0.0   0.0   0.0   0.0   0.0   0.21  0.39  0.0   0.0   0.0   0.0   
38    Q     0.0   0.4   0.0   0.0   0.0   0.39  0.0   0.0   0.0   0.0   0.0   0.0   0.0   0.0   0.0   0.0   0.21  0.0   0.0   0.0   
39    Q     0.0   0.0   0.0   0.21  0.0   0.18  0.19  0.0   0.0   0.0   0.0   0.0   0.0   0.21  0.0   0.0   0.22  0.0   0.0   0.0   
40    D     0.18  0.0   0.0   0.32  0.0   0.0   0.0   0.0   0.0   0.0   0.0   0.0   0.0   0.0   0.0   0.5   0.0   0.0   0.0   0.0   
41    K     0.0   0.0   0.0   0.0   0.0   0.0   0.53  0.0   0.0   0.0   0.0   0.47  0.0   0.0   0.0   0.0   0.0   0.0   0.0   0.0   
42    F     0.35  0.0   0.0   0.0   0.0   0.0   0.0   0.0   0.0   0.0   0.0   0.18  0.0   0.14  0.0   0.0   0.0   0.33  0.0   0.0   
43    L     0.0   0.0   0.0   0.0   0.0   0.0   0.0   0.0   0.0   0.16  0.31  0.0   0.0   0.0   0.0   0.17  0.0   0.0   0.0   0.36  
44    A     0.49  0.0   0.0   0.0   0.0   0.0   0.16  0.0   0.0   0.0   0.0   0.0   0.0   0.0   0.0   0.35  0.0   0.0   0.0   0.0   
45    K     0.16  0.0   0.0   0.0   0.0   0.0   0.0   0.0   0.0   0.0   0.0   0.32  0.18  0.0   0.0   0.0   0.0   0.0   0.17  0.17  
46    W     0.0   0.0   0.0   0.0   0.0   0.0   0.0   0.0   0.0   0.0   0.0   0.0   0.17  0.0   0.0   0.0   0.18  0.48  0.0   0.17  
47    L     0.01  0.17  0.01  0.19  0.0   0.01  0.01  0.19  0.0   0.01  0.33  0.01  0.0   0.01  0.01  0.01  0.01  0.0   0.01  0.01  
48    K     0.16  0.0   0.0   0.0   0.0   0.0   0.0   0.0   0.0   0.0   0.0   0.31  0.0   0.0   0.0   0.0   0.53  0.0   0.0   0.0   
49    S     0.0   0.0   0.33  0.0   0.0   0.0   0.0   0.0   0.0   0.0   0.0   0.0   0.0   0.18  0.0   0.14  0.35  0.0   0.0   0.0   
50    S     0.0   0.18  0.0   0.0   0.0   0.0   0.0   0.0   0.0   0.0   0.0   0.16  0.0   0.0   0.0   0.31  0.18  0.0   0.0   0.17  
51    S     0.18  0.0   0.16  0.0   0.0   0.0   0.0   0.0   0.0   0.0   0.0   0.17  0.0   0.0   0.0   0.31  0.18  0.0   0.0   0.0   
52    V     0.0   0.17  0.0   0.0   0.0   0.0   0.0   0.0   0.0   0.0   0.34  0.0   0.0   0.0   0.0   0.18  0.17  0.0   0.0   0.14  
53    Y     0.0   0.0   0.14  0.0   0.0   0.0   0.0   0.0   0.0   0.0   0.16  0.0   0.0   0.0   0.0   0.14  0.0   0.0   0.57  0.0   
54    P     0.0   0.0   0.0   0.16  0.0   0.0   0.0   0.31  0.0   0.0   0.0   0.0   0.0   0.0   0.39  0.14  0.0   0.0   0.0   0.0   
55    D     0.0   0.0   0.14  0.86  0.0   0.0   0.0   0.0   0.0   0.0   0.0   0.0   0.0   0.0   0.0   0.0   0.0   0.0   0.0   0.0   
56    Q     0.0   0.0   0.0   0.36  0.0   0.09  0.34  0.0   0.0   0.0   0.0   0.0   0.0   0.0   0.0   0.0   0.0   0.0   0.21  0.0   
57    V     0.0   0.0   0.0   0.0   0.0   0.0   0.0   0.0   0.11  0.11  0.0   0.12  0.0   0.0   0.0   0.0   0.12  0.0   0.0   0.55  
58    Y     0.0   0.0   0.0   0.0   0.0   0.0   0.0   0.0   0.0   0.0   0.11  0.12  0.0   0.0   0.0   0.0   0.0   0.0   0.77  0.0   
59    S     0.0   0.0   0.0   0.0   0.0   0.11  0.0   0.31  0.0   0.0   0.0   0.21  0.0   0.0   0.0   0.27  0.1   0.0   0.0   0.0   
60    K     0.0   0.0   0.11  0.49  0.0   0.09  0.0   0.0   0.0   0.12  0.0   0.08  0.0   0.0   0.11  0.0   0.0   0.0   0.0   0.0   
61    L     0.0   0.0   0.0   0.1   0.0   0.0   0.29  0.0   0.0   0.0   0.29  0.0   0.11  0.11  0.0   0.09  0.0   0.0   0.0   0.0   
62    G     0.09  0.0   0.0   0.0   0.0   0.0   0.1   0.69  0.0   0.0   0.0   0.0   0.0   0.0   0.0   0.0   0.0   0.0   0.0   0.11  
63    L     0.0   0.0   0.0   0.0   0.0   0.0   0.0   0.0   0.0   0.0   0.7   0.0   0.0   0.0   0.0   0.0   0.0   0.0   0.0   0.3   
64    T     0.31  0.01  0.01  0.01  0.0   0.0   0.23  0.01  0.0   0.01  0.01  0.01  0.0   0.0   0.01  0.1   0.19  0.0   0.0   0.1   
65    K     0.01  0.32  0.01  0.01  0.0   0.1   0.01  0.01  0.0   0.01  0.01  0.49  0.0   0.0   0.01  0.01  0.01  0.0   0.0   0.01  
66    L     0.09  0.0   0.0   0.0   0.0   0.08  0.01  0.01  0.0   0.16  0.43  0.0   0.18  0.0   0.0   0.01  0.0   0.0   0.0   0.01  
67    G     0.01  0.0   0.0   0.0   0.0   0.0   0.01  0.25  0.0   0.18  0.42  0.0   0.0   0.0   0.0   0.01  0.0   0.0   0.0   0.09  
68    A     0.41  0.09  0.0   0.15  0.0   0.0   0.35  0.0   0.0   0.0   0.0   0.0   0.0   0.0   0.0   0.0   0.0   0.0   0.0   0.0   
69    S     0.34  0.0   0.0   0.0   0.0   0.0   0.0   0.17  0.0   0.0   0.08  0.07  0.09  0.0   0.0   0.07  0.17  0.0   0.0   0.0   
70    A     0.47  0.0   0.0   0.0   0.0   0.0   0.0   0.17  0.0   0.0   0.1   0.27  0.0   0.0   0.0   0.0   0.0   0.0   0.0   0.0   
71    K     0.0   0.16  0.0   0.0   0.0   0.1   0.09  0.0   0.0   0.09  0.0   0.5   0.07  0.0   0.0   0.0   0.0   0.0   0.0   0.0   
72    S     0.18  0.18  0.0   0.0   0.0   0.07  0.09  0.0   0.0   0.0   0.0   0.23  0.0   0.0   0.0   0.17  0.08  0.0   0.0   0.0   
73    S     0.0   0.0   0.08  0.07  0.0   0.0   0.0   0.0   0.1   0.0   0.0   0.0   0.0   0.0   0.27  0.31  0.09  0.0   0.08  0.0   
74    P     0.0   0.0   0.0   0.0   0.0   0.16  0.1   0.0   0.0   0.0   0.0   0.0   0.0   0.0   0.23  0.52  0.0   0.0   0.0   0.0   
75    N     0.07  0.09  0.33  0.0   0.0   0.0   0.0   0.0   0.0   0.0   0.08  0.0   0.0   0.0   0.0   0.0   0.42  0.0   0.0   0.0   
76    Y     0.0   0.09  0.0   0.09  0.0   0.0   0.0   0.0   0.0   0.0   0.09  0.07  0.0   0.0   0.0   0.08  0.24  0.0   0.24  0.1   
77    Q     0.0   0.16  0.08  0.0   0.0   0.14  0.27  0.0   0.1   0.0   0.0   0.0   0.0   0.08  0.0   0.0   0.09  0.0   0.0   0.07  
78    L     0.0   0.0   0.0   0.0   0.0   0.0   0.0   0.0   0.0   0.07  0.59  0.0   0.08  0.09  0.0   0.0   0.07  0.0   0.0   0.09  
79    Y     0.58  0.0   0.0   0.0   0.0   0.0   0.0   0.0   0.0   0.0   0.1   0.0   0.08  0.07  0.0   0.0   0.0   0.0   0.07  0.09  
80    E     0.0   0.08  0.0   0.1   0.0   0.0   0.23  0.0   0.0   0.0   0.0   0.07  0.0   0.0   0.0   0.09  0.34  0.0   0.09  0.0   
81    K     0.16  0.24  0.0   0.1   0.0   0.09  0.0   0.0   0.0   0.0   0.0   0.41  0.0   0.0   0.0   0.0   0.0   0.0   0.0   0.0   
82    Y     0.0   0.0   0.0   0.0   0.0   0.0   0.0   0.0   0.0   0.1   0.58  0.0   0.0   0.1   0.0   0.0   0.0   0.0   0.14  0.08  
83    T     0.0   0.08  0.0   0.0   0.0   0.18  0.31  0.0   0.0   0.1   0.0   0.09  0.0   0.0   0.0   0.0   0.14  0.09  0.0   0.0   
84    E     0.07  0.09  0.27  0.08  0.0   0.0   0.23  0.07  0.0   0.0   0.0   0.08  0.0   0.0   0.0   0.0   0.1   0.0   0.0   0.0   
85    A     0.31  0.0   0.0   0.0   0.0   0.1   0.33  0.0   0.0   0.09  0.07  0.1   0.0   0.0   0.0   0.0   0.0   0.0   0.0   0.0   
86    L     0.0   0.0   0.0   0.0   0.0   0.32  0.0   0.0   0.0   0.0   0.59  0.0   0.0   0.0   0.0   0.0   0.0   0.0   0.08  0.0   
87    L     0.0   0.19  0.0   0.0   0.0   0.09  0.0   0.0   0.08  0.08  0.24  0.0   0.0   0.07  0.0   0.0   0.0   0.0   0.16  0.07  
88    Q     0.0   0.0   0.26  0.1   0.0   0.33  0.0   0.0   0.0   0.0   0.0   0.17  0.0   0.0   0.0   0.0   0.15  0.0   0.0   0.0   
89    R     0.0   0.25  0.07  0.0   0.0   0.0   0.0   0.08  0.0   0.0   0.07  0.34  0.0   0.0   0.0   0.09  0.0   0.0   0.08  0.0   
90    W     0.0   0.0   0.0   0.0   0.0   0.0   0.0   0.0   0.0   0.0   0.0   0.0   0.0   0.0   0.0   0.0   0.0   1.0   0.0   0.0   
91    T     0.0   0.0   0.0   0.0   0.0   0.0   0.0   0.0   0.0   0.08  0.51  0.09  0.09  0.0   0.0   0.0   0.07  0.0   0.0   0.16  
92    N     0.08  0.0   0.07  0.33  0.0   0.0   0.19  0.0   0.17  0.0   0.0   0.07  0.0   0.0   0.0   0.0   0.09  0.0   0.0   0.0   
93    F     0.23  0.0   0.09  0.17  0.0   0.0   0.0   0.0   0.0   0.18  0.0   0.17  0.0   0.07  0.0   0.09  0.0   0.0   0.0   0.0   
94    K     0.17  0.07  0.0   0.1   0.0   0.0   0.0   0.25  0.0   0.0   0.1   0.31  0.0   0.0   0.0   0.0   0.0   0.0   0.0   0.0   
95    A     0.07  0.07  0.0   0.0   0.0   0.08  0.16  0.0   0.0   0.0   0.0   0.09  0.16  0.09  0.0   0.08  0.1   0.0   0.0   0.1   
96    S     0.0   0.0   0.0   0.0   0.0   0.09  0.08  0.0   0.0   0.0   0.0   0.0   0.0   0.0   0.1   0.4   0.33  0.0   0.0   0.0   
97    P     0.18  0.0   0.0   0.0   0.0   0.0   0.0   0.0   0.0   0.0   0.0   0.0   0.0   0.0   0.73  0.0   0.1   0.0   0.0   0.0   
98    D     0.0   0.0   0.1   0.41  0.0   0.0   0.32  0.0   0.0   0.0   0.0   0.17  0.0   0.0   0.0   0.0   0.0   0.0   0.0   0.0   
99    T     0.0   0.0   0.0   0.24  0.0   0.0   0.1   0.17  0.0   0.0   0.1   0.0   0.0   0.0   0.0   0.09  0.15  0.0   0.16  0.0   
100   V     0.08  0.0   0.0   0.0   0.0   0.0   0.0   0.0   0.0   0.0   0.0   0.0   0.0   0.0   0.0   0.0   0.07  0.0   0.0   0.84  
101   Y     0.0   0.0   0.0   0.0   0.0   0.0   0.0   0.0   0.0   0.0   0.09  0.0   0.0   0.58  0.0   0.0   0.0   0.1   0.23  0.0   
102   K     0.09  0.08  0.0   0.0   0.0   0.1   0.08  0.0   0.0   0.0   0.0   0.57  0.0   0.0   0.0   0.0   0.07  0.0   0.0   0.0   
103   S     0.07  0.0   0.0   0.0   0.0   0.0   0.0   0.0   0.18  0.18  0.07  0.09  0.08  0.0   0.0   0.15  0.1   0.0   0.0   0.07  
104   L     0.0   0.0   0.0   0.0   0.0   0.0   0.0   0.0   0.0   0.0   0.82  0.0   0.0   0.08  0.0   0.0   0.0   0.0   0.1   0.0   
105   R     0.07  0.07  0.0   0.0   0.0   0.19  0.0   0.0   0.08  0.0   0.0   0.43  0.08  0.0   0.0   0.07  0.0   0.0   0.0   0.0   
106   L     0.0   0.0   0.0   0.0   0.0   0.0   0.0   0.0   0.0   0.08  0.83  0.0   0.0   0.08  0.0   0.0   0.0   0.0   0.0   0.0   
107   D     0.0   0.0   0.0   1.0   0.0   0.0   0.0   0.0   0.0   0.0   0.0   0.0   0.0   0.0   0.0   0.0   0.0   0.0   0.0   0.0   
108   K     0.09  0.23  0.0   0.18  0.0   0.0   0.17  0.0   0.0   0.0   0.0   0.23  0.0   0.0   0.0   0.0   0.1   0.0   0.0   0.0   
109   L     0.16  0.0   0.1   0.09  0.0   0.0   0.0   0.09  0.0   0.0   0.24  0.08  0.07  0.0   0.0   0.08  0.0   0.0   0.0   0.09  
110   G     0.0   0.0   0.0   0.0   0.0   0.0   0.0   0.64  0.0   0.0   0.09  0.0   0.0   0.1   0.1   0.0   0.0   0.0   0.0   0.08  
111   A     0.24  0.0   0.0   0.16  0.0   0.09  0.17  0.09  0.0   0.0   0.0   0.0   0.09  0.0   0.0   0.07  0.1   0.0   0.0   0.0   
112   K     0.0   0.0   0.33  0.07  0.0   0.0   0.0   0.17  0.1   0.0   0.0   0.33  0.0   0.0   0.0   0.0   0.0   0.0   0.0   0.0   
113   A     0.23  0.0   0.0   0.0   0.0   0.0   0.0   0.0   0.0   0.09  0.44  0.0   0.0   0.0   0.0   0.0   0.07  0.0   0.0   0.17  
114   P     0.07  0.0   0.0   0.1   0.0   0.0   0.0   0.0   0.0   0.08  0.52  0.0   0.0   0.16  0.07  0.0   0.0   0.0   0.0   0.0   
115   Q     0.26  0.0   0.16  0.1   0.0   0.15  0.0   0.0   0.0   0.0   0.0   0.0   0.0   0.0   0.0   0.09  0.16  0.0   0.0   0.09  
116   S     0.0   0.1   0.17  0.17  0.0   0.0   0.0   0.0   0.0   0.0   0.0   0.0   0.0   0.0   0.0   0.47  0.09  0.0   0.0   0.0   
117   P     0.0   0.0   0.0   0.1   0.0   0.0   0.0   0.0   0.0   0.0   0.0   0.0   0.0   0.0   0.9   0.0   0.0   0.0   0.0   0.0   
118   S     0.0   0.08  0.0   0.07  0.0   0.15  0.19  0.09  0.0   0.0   0.17  0.08  0.0   0.0   0.0   0.07  0.09  0.0   0.0   0.0   
119   Y     0.0   0.09  0.0   0.0   0.0   0.0   0.0   0.0   0.0   0.0   0.19  0.0   0.0   0.48  0.0   0.0   0.1   0.08  0.07  0.0   
120   P     0.0   0.07  0.25  0.0   0.0   0.0   0.0   0.08  0.09  0.08  0.0   0.19  0.0   0.0   0.16  0.07  0.0   0.0   0.0   0.0   
121   M     0.17  0.07  0.0   0.0   0.0   0.0   0.0   0.0   0.0   0.0   0.18  0.07  0.07  0.0   0.0   0.0   0.43  0.0   0.0   0.0   
122   Y     0.0   0.0   0.0   0.0   0.0   0.0   0.0   0.0   0.0   0.0   0.09  0.0   0.0   0.0   0.0   0.0   0.0   0.59  0.32  0.0   
123   E     0.0   0.0   0.0   0.0   0.0   0.0   0.14  0.0   0.0   0.0   0.16  0.0   0.07  0.0   0.0   0.0   0.25  0.0   0.09  0.28  
124   K     0.09  0.1   0.0   0.0   0.0   0.18  0.0   0.0   0.0   0.0   0.0   0.31  0.0   0.0   0.0   0.25  0.0   0.0   0.0   0.07  
125   Y     0.0   0.0   0.0   0.0   0.0   0.0   0.0   0.0   0.0   0.0   0.0   0.0   0.0   0.17  0.0   0.0   0.0   0.0   0.83  0.0   
126   L     0.0   0.0   0.0   0.0   0.0   0.1   0.0   0.0   0.0   0.25  0.24  0.0   0.15  0.0   0.0   0.0   0.0   0.0   0.0   0.27  
127   Q     0.11  0.0   0.09  0.1   0.0   0.09  0.1   0.0   0.0   0.0   0.0   0.52  0.0   0.0   0.0   0.0   0.0   0.0   0.0   0.0   
128   T     0.0   0.0   0.0   0.11  0.0   0.0   0.11  0.0   0.11  0.0   0.0   0.0   0.12  0.0   0.0   0.12  0.21  0.0   0.1   0.12  
129   F     0.0   0.0   0.0   0.0   0.0   0.0   0.0   0.13  0.0   0.0   0.0   0.0   0.0   0.5   0.0   0.0   0.0   0.0   0.37  0.0   
130   F     0.0   0.0   0.4   0.0   0.0   0.0   0.0   0.0   0.0   0.0   0.0   0.0   0.0   0.15  0.0   0.0   0.0   0.15  0.29  0.0   
131   R     0.0   0.2   0.0   0.0   0.0   0.0   0.0   0.0   0.0   0.0   0.0   0.8   0.0   0.0   0.0   0.0   0.0   0.0   0.0   0.0   
132   N     0.0   0.0   0.5   0.0   0.0   0.0   0.0   0.0   0.0   0.0   0.0   0.0   0.0   0.0   0.0   0.5   0.0   0.0   0.0   0.0   
