             A     R     N     D     C     Q     E     G     H     I     L     K     M     F     P     S     T     W     Y     V
1     M     0.0   0.0   0.0   0.0   0.0   0.0   0.0   0.0   0.0   0.0   0.0   0.0   1.0   0.0   0.0   0.0   0.0   0.0   0.0   0.0   
2     S     0.0   0.0   0.08  0.04  0.0   0.0   0.02  0.0   0.0   0.0   0.13  0.02  0.0   0.02  0.07  0.34  0.28  0.0   0.0   0.0   
3     T     0.01  0.02  0.15  0.17  0.0   0.01  0.0   0.05  0.01  0.0   0.03  0.06  0.0   0.0   0.05  0.19  0.26  0.0   0.0   0.0   
4     A     0.19  0.0   0.03  0.19  0.03  0.04  0.06  0.03  0.0   0.02  0.09  0.01  0.01  0.0   0.02  0.17  0.09  0.0   0.02  0.01  
5     E     0.19  0.07  0.04  0.02  0.0   0.06  0.03  0.01  0.14  0.01  0.12  0.03  0.0   0.0   0.01  0.14  0.14  0.0   0.0   0.0   
6     Q     0.29  0.03  0.01  0.08  0.0   0.14  0.11  0.0   0.02  0.0   0.03  0.02  0.0   0.0   0.01  0.17  0.04  0.0   0.04  0.0   
7     R     0.03  0.05  0.0   0.01  0.0   0.06  0.02  0.0   0.04  0.02  0.65  0.0   0.01  0.05  0.0   0.0   0.02  0.0   0.01  0.02  
8     L     0.06  0.01  0.01  0.0   0.01  0.02  0.0   0.02  0.0   0.05  0.65  0.03  0.0   0.01  0.0   0.0   0.05  0.02  0.03  0.03  
9     R     0.17  0.37  0.01  0.02  0.01  0.02  0.01  0.03  0.06  0.01  0.02  0.05  0.0   0.0   0.01  0.08  0.06  0.0   0.03  0.02  
10    L     0.03  0.0   0.0   0.0   0.0   0.02  0.0   0.0   0.0   0.06  0.87  0.0   0.0   0.0   0.0   0.0   0.0   0.0   0.01  0.01  
11    M     0.03  0.0   0.0   0.0   0.0   0.03  0.0   0.0   0.0   0.03  0.38  0.0   0.28  0.07  0.0   0.02  0.04  0.04  0.03  0.05  
12    Q     0.08  0.05  0.01  0.0   0.0   0.53  0.0   0.0   0.12  0.02  0.0   0.0   0.0   0.0   0.0   0.03  0.09  0.03  0.01  0.02  
13    L     0.0   0.0   0.0   0.0   0.0   0.02  0.0   0.0   0.0   0.04  0.58  0.0   0.0   0.09  0.0   0.0   0.0   0.25  0.01  0.01  
14    A     0.26  0.0   0.01  0.0   0.07  0.0   0.0   0.03  0.0   0.1   0.24  0.0   0.01  0.02  0.0   0.09  0.05  0.0   0.0   0.11  
15    S     0.0   0.0   0.03  0.32  0.0   0.0   0.0   0.0   0.0   0.0   0.0   0.0   0.0   0.0   0.0   0.65  0.01  0.0   0.0   0.0   
16    S     0.04  0.0   0.01  0.0   0.0   0.0   0.0   0.01  0.0   0.0   0.0   0.0   0.0   0.0   0.6   0.32  0.02  0.0   0.0   0.0   
17    N     0.39  0.04  0.11  0.0   0.0   0.09  0.0   0.05  0.0   0.03  0.0   0.0   0.01  0.04  0.0   0.11  0.08  0.0   0.0   0.05  
18    L     0.0   0.0   0.0   0.0   0.0   0.01  0.0   0.0   0.0   0.0   0.56  0.0   0.0   0.38  0.0   0.0   0.0   0.0   0.05  0.0   
19    P     0.0   0.0   0.0   0.0   0.0   0.0   0.0   0.0   0.0   0.0   0.0   0.0   0.0   0.0   1.0   0.0   0.0   0.0   0.0   0.0   
20    V     0.0   0.0   0.0   0.0   0.0   0.0   0.0   0.01  0.0   0.27  0.03  0.0   0.0   0.0   0.0   0.03  0.2   0.0   0.0   0.46  
21    G     0.0   0.0   0.0   0.0   0.0   0.0   0.0   0.96  0.0   0.0   0.0   0.0   0.0   0.0   0.0   0.04  0.0   0.0   0.0   0.0   
22    G     0.48  0.0   0.0   0.0   0.0   0.0   0.0   0.36  0.0   0.0   0.0   0.0   0.0   0.0   0.0   0.14  0.02  0.0   0.0   0.0   
23    Y     0.0   0.0   0.0   0.0   0.0   0.0   0.0   0.0   0.04  0.0   0.0   0.0   0.0   0.71  0.0   0.0   0.0   0.0   0.23  0.01  
24    S     0.29  0.0   0.06  0.0   0.04  0.0   0.0   0.0   0.0   0.0   0.0   0.0   0.0   0.0   0.0   0.42  0.14  0.0   0.0   0.04  
25    W     0.0   0.0   0.0   0.0   0.0   0.0   0.0   0.0   0.24  0.0   0.01  0.0   0.0   0.07  0.0   0.0   0.0   0.07  0.61  0.0   
26    S     0.0   0.0   0.0   0.0   0.0   0.0   0.0   0.0   0.0   0.0   0.0   0.0   0.0   0.0   0.0   1.0   0.0   0.0   0.0   0.0   
27    Q     0.01  0.02  0.06  0.0   0.0   0.29  0.11  0.09  0.17  0.0   0.02  0.01  0.0   0.13  0.0   0.04  0.0   0.01  0.03  0.0   
28    G     0.01  0.0   0.0   0.0   0.0   0.0   0.0   0.98  0.0   0.0   0.0   0.0   0.0   0.0   0.0   0.01  0.01  0.0   0.0   0.0   
29    L     0.0   0.0   0.0   0.0   0.0   0.0   0.0   0.0   0.0   0.04  0.8   0.0   0.06  0.05  0.0   0.0   0.0   0.0   0.0   0.05  
30    E     0.0   0.0   0.0   0.0   0.0   0.0   1.0   0.0   0.0   0.0   0.0   0.0   0.0   0.0   0.0   0.0   0.0   0.0   0.0   0.0   
31    W     0.14  0.04  0.01  0.0   0.01  0.03  0.04  0.01  0.0   0.01  0.0   0.01  0.02  0.01  0.0   0.15  0.22  0.24  0.05  0.0   
32    A     0.64  0.0   0.0   0.0   0.0   0.0   0.01  0.01  0.0   0.0   0.08  0.0   0.0   0.03  0.0   0.01  0.0   0.0   0.21  0.01  
33    V     0.02  0.0   0.0   0.0   0.0   0.0   0.0   0.0   0.0   0.39  0.12  0.0   0.05  0.02  0.0   0.0   0.01  0.0   0.0   0.39  
34    E     0.08  0.03  0.01  0.15  0.01  0.19  0.36  0.0   0.08  0.0   0.0   0.01  0.0   0.0   0.0   0.05  0.02  0.0   0.01  0.0   
35    A     0.21  0.08  0.07  0.1   0.06  0.1   0.06  0.02  0.04  0.02  0.03  0.05  0.01  0.0   0.0   0.09  0.06  0.0   0.01  0.01  
36    G     0.03  0.06  0.05  0.04  0.0   0.03  0.06  0.64  0.0   0.0   0.0   0.07  0.0   0.0   0.0   0.01  0.0   0.0   0.0   0.0   
37    W     0.01  0.07  0.04  0.11  0.01  0.05  0.04  0.03  0.01  0.09  0.2   0.03  0.03  0.01  0.0   0.01  0.07  0.15  0.01  0.03  
38    V     0.0   0.0   0.0   0.0   0.01  0.0   0.0   0.0   0.0   0.24  0.08  0.0   0.01  0.0   0.0   0.0   0.0   0.0   0.0   0.66  
39    P     0.05  0.15  0.06  0.05  0.03  0.03  0.04  0.0   0.15  0.02  0.0   0.07  0.0   0.03  0.01  0.05  0.22  0.01  0.01  0.03  
40    D     0.0   0.01  0.16  0.58  0.0   0.0   0.03  0.05  0.02  0.0   0.0   0.0   0.0   0.0   0.0   0.11  0.04  0.0   0.0   0.0   
41    V     0.33  0.04  0.0   0.03  0.0   0.04  0.18  0.03  0.0   0.01  0.06  0.05  0.0   0.0   0.07  0.05  0.03  0.0   0.0   0.08  
42    A     0.32  0.01  0.06  0.13  0.0   0.03  0.23  0.01  0.01  0.0   0.0   0.05  0.0   0.0   0.03  0.06  0.04  0.0   0.0   0.02  
43    A     0.08  0.0   0.0   0.09  0.0   0.01  0.08  0.06  0.02  0.0   0.01  0.01  0.0   0.0   0.0   0.35  0.29  0.0   0.0   0.0   
44    F     0.2   0.0   0.0   0.0   0.01  0.0   0.0   0.0   0.0   0.03  0.44  0.0   0.01  0.19  0.0   0.0   0.02  0.0   0.01  0.09  
45    E     0.11  0.2   0.01  0.0   0.01  0.11  0.14  0.08  0.03  0.04  0.05  0.08  0.0   0.02  0.01  0.08  0.01  0.0   0.01  0.01  
46    R     0.21  0.1   0.06  0.19  0.01  0.07  0.14  0.05  0.02  0.01  0.02  0.03  0.0   0.0   0.0   0.03  0.05  0.0   0.01  0.01  
47    W     0.03  0.0   0.0   0.0   0.0   0.0   0.0   0.0   0.01  0.0   0.04  0.0   0.0   0.13  0.0   0.0   0.0   0.71  0.07  0.0   
48    Q     0.0   0.0   0.01  0.0   0.02  0.07  0.0   0.0   0.0   0.29  0.48  0.0   0.0   0.0   0.0   0.0   0.02  0.0   0.0   0.11  
49    R     0.12  0.12  0.0   0.02  0.0   0.1   0.16  0.07  0.01  0.06  0.06  0.08  0.0   0.01  0.02  0.07  0.07  0.0   0.0   0.04  
50    R     0.1   0.06  0.03  0.2   0.0   0.06  0.04  0.09  0.01  0.02  0.09  0.0   0.04  0.01  0.0   0.09  0.12  0.01  0.0   0.03  
51    Q     0.05  0.02  0.04  0.0   0.0   0.18  0.07  0.04  0.01  0.02  0.16  0.0   0.04  0.07  0.0   0.03  0.0   0.03  0.06  0.17  
52    M     0.0   0.02  0.0   0.0   0.02  0.0   0.0   0.0   0.0   0.09  0.7   0.0   0.09  0.01  0.0   0.0   0.0   0.0   0.0   0.07  
53    T     0.07  0.1   0.07  0.07  0.01  0.09  0.11  0.04  0.06  0.0   0.09  0.08  0.02  0.0   0.0   0.08  0.1   0.0   0.0   0.01  
54    E     0.01  0.05  0.07  0.11  0.0   0.11  0.11  0.03  0.16  0.05  0.07  0.01  0.01  0.03  0.0   0.06  0.02  0.02  0.04  0.02  
55    G     0.01  0.01  0.07  0.0   0.0   0.19  0.0   0.41  0.0   0.0   0.0   0.02  0.0   0.0   0.01  0.09  0.06  0.0   0.01  0.1   
56    F     0.16  0.0   0.01  0.0   0.0   0.08  0.0   0.01  0.0   0.01  0.4   0.0   0.01  0.08  0.0   0.14  0.02  0.03  0.01  0.03  
57    F     0.28  0.0   0.0   0.0   0.01  0.01  0.0   0.22  0.01  0.15  0.05  0.01  0.0   0.03  0.0   0.04  0.13  0.0   0.0   0.04  
58    T     0.03  0.3   0.0   0.01  0.03  0.04  0.01  0.01  0.08  0.0   0.0   0.01  0.0   0.05  0.01  0.06  0.09  0.09  0.14  0.02  
59    V     0.05  0.0   0.13  0.0   0.11  0.0   0.0   0.09  0.0   0.03  0.14  0.0   0.01  0.08  0.0   0.14  0.15  0.01  0.01  0.04  
60    D     0.0   0.0   0.02  0.61  0.0   0.0   0.31  0.02  0.01  0.0   0.0   0.0   0.0   0.0   0.0   0.01  0.0   0.0   0.0   0.0   
61    L     0.36  0.01  0.0   0.0   0.01  0.0   0.0   0.24  0.0   0.01  0.22  0.0   0.03  0.0   0.0   0.02  0.02  0.04  0.0   0.02  
62    P     0.1   0.04  0.0   0.0   0.0   0.0   0.0   0.0   0.0   0.11  0.21  0.02  0.01  0.0   0.32  0.01  0.01  0.0   0.0   0.16  
63    L     0.17  0.0   0.0   0.0   0.01  0.0   0.0   0.01  0.0   0.07  0.36  0.0   0.02  0.08  0.0   0.01  0.03  0.0   0.02  0.21  
64    F     0.02  0.0   0.0   0.0   0.05  0.0   0.0   0.0   0.0   0.07  0.54  0.0   0.1   0.05  0.0   0.0   0.02  0.05  0.0   0.1   
65    A     0.36  0.1   0.0   0.0   0.02  0.02  0.0   0.01  0.01  0.05  0.17  0.07  0.01  0.01  0.03  0.04  0.01  0.01  0.02  0.06  
66    R     0.13  0.23  0.0   0.03  0.01  0.07  0.1   0.01  0.12  0.02  0.16  0.01  0.0   0.04  0.0   0.05  0.01  0.0   0.0   0.0   
67    L     0.31  0.0   0.0   0.0   0.03  0.05  0.0   0.01  0.02  0.06  0.2   0.0   0.03  0.04  0.0   0.11  0.01  0.0   0.0   0.12  
68    Y     0.03  0.01  0.0   0.0   0.06  0.03  0.0   0.0   0.13  0.03  0.08  0.0   0.03  0.12  0.0   0.0   0.01  0.07  0.36  0.02  
69    R     0.11  0.36  0.02  0.1   0.01  0.08  0.1   0.03  0.04  0.0   0.0   0.05  0.0   0.0   0.02  0.02  0.02  0.0   0.04  0.0   
70    A     0.66  0.04  0.0   0.01  0.03  0.01  0.0   0.05  0.01  0.05  0.05  0.0   0.0   0.0   0.0   0.05  0.0   0.0   0.03  0.01  
71    C     0.16  0.01  0.02  0.0   0.06  0.0   0.01  0.03  0.01  0.02  0.17  0.0   0.05  0.07  0.0   0.04  0.06  0.18  0.02  0.09  
72    E     0.17  0.06  0.06  0.04  0.03  0.13  0.1   0.02  0.04  0.02  0.04  0.1   0.02  0.0   0.05  0.06  0.02  0.0   0.0   0.05  
73    Q     0.23  0.1   0.07  0.03  0.01  0.1   0.07  0.02  0.02  0.02  0.02  0.1   0.01  0.0   0.01  0.07  0.07  0.0   0.0   0.04  
74    G     0.05  0.03  0.13  0.12  0.0   0.08  0.06  0.33  0.07  0.0   0.02  0.01  0.01  0.0   0.04  0.03  0.01  0.0   0.0   0.01  
75    D     0.01  0.02  0.07  0.67  0.0   0.03  0.06  0.02  0.01  0.01  0.01  0.03  0.0   0.0   0.01  0.03  0.01  0.0   0.0   0.01  
76    I     0.14  0.03  0.0   0.06  0.0   0.0   0.04  0.03  0.03  0.08  0.2   0.02  0.03  0.06  0.07  0.02  0.06  0.05  0.01  0.07  
77    A     0.21  0.01  0.03  0.17  0.0   0.13  0.17  0.03  0.01  0.0   0.02  0.05  0.01  0.0   0.04  0.04  0.05  0.0   0.0   0.03  
78    A     0.32  0.15  0.02  0.02  0.0   0.08  0.08  0.07  0.01  0.01  0.0   0.09  0.0   0.01  0.01  0.05  0.07  0.0   0.0   0.01  
79    A     0.08  0.0   0.0   0.0   0.01  0.0   0.0   0.0   0.0   0.11  0.45  0.0   0.0   0.07  0.0   0.0   0.0   0.03  0.02  0.22  
80    Q     0.16  0.1   0.02  0.05  0.03  0.08  0.04  0.02  0.06  0.05  0.11  0.06  0.02  0.03  0.0   0.07  0.03  0.04  0.0   0.04  
81    R     0.1   0.12  0.03  0.05  0.01  0.06  0.23  0.04  0.06  0.0   0.02  0.05  0.01  0.01  0.01  0.08  0.01  0.0   0.08  0.03  
82    W     0.11  0.01  0.0   0.0   0.02  0.0   0.03  0.01  0.01  0.13  0.34  0.0   0.0   0.0   0.0   0.0   0.01  0.23  0.01  0.09  
83    T     0.13  0.0   0.29  0.35  0.05  0.0   0.04  0.0   0.01  0.0   0.0   0.0   0.0   0.0   0.0   0.08  0.05  0.0   0.0   0.0   
84    A     0.15  0.08  0.03  0.21  0.0   0.1   0.17  0.05  0.03  0.0   0.03  0.08  0.0   0.0   0.0   0.0   0.01  0.03  0.0   0.02  
85    Y     0.05  0.05  0.0   0.02  0.01  0.04  0.08  0.0   0.01  0.05  0.23  0.01  0.04  0.07  0.0   0.01  0.04  0.23  0.04  0.03  
86    L     0.22  0.0   0.0   0.0   0.02  0.0   0.0   0.01  0.03  0.12  0.34  0.0   0.02  0.12  0.0   0.0   0.03  0.0   0.01  0.06  
87    L     0.04  0.13  0.05  0.03  0.01  0.01  0.11  0.01  0.05  0.03  0.24  0.0   0.02  0.11  0.0   0.05  0.04  0.0   0.0   0.05  
88    A     0.75  0.0   0.02  0.0   0.0   0.01  0.01  0.01  0.01  0.0   0.02  0.0   0.0   0.02  0.0   0.08  0.0   0.0   0.0   0.07  
89    C     0.04  0.09  0.05  0.0   0.04  0.12  0.0   0.03  0.0   0.01  0.18  0.0   0.03  0.06  0.0   0.21  0.12  0.02  0.02  0.0   
90    R     0.16  0.42  0.05  0.0   0.03  0.02  0.0   0.02  0.0   0.01  0.04  0.09  0.0   0.0   0.0   0.02  0.12  0.0   0.0   0.04  
91    E     0.02  0.0   0.0   0.08  0.0   0.01  0.35  0.09  0.0   0.01  0.15  0.0   0.01  0.0   0.17  0.03  0.05  0.0   0.0   0.03  
92    T     0.14  0.0   0.06  0.0   0.03  0.0   0.0   0.01  0.0   0.02  0.0   0.0   0.0   0.0   0.07  0.34  0.32  0.0   0.0   0.0   
93    R     0.22  0.33  0.01  0.0   0.0   0.03  0.08  0.0   0.02  0.01  0.02  0.09  0.01  0.0   0.05  0.08  0.02  0.0   0.01  0.02  
94    E     0.04  0.01  0.0   0.0   0.0   0.02  0.86  0.0   0.0   0.02  0.0   0.02  0.0   0.0   0.0   0.0   0.0   0.0   0.0   0.03  
95    L     0.07  0.19  0.02  0.0   0.0   0.01  0.0   0.0   0.0   0.04  0.41  0.0   0.03  0.01  0.0   0.07  0.11  0.01  0.0   0.01  
96    R     0.03  0.63  0.0   0.0   0.0   0.05  0.01  0.0   0.12  0.0   0.08  0.0   0.01  0.0   0.0   0.03  0.0   0.02  0.03  0.01  
97    E     0.1   0.06  0.01  0.05  0.0   0.14  0.17  0.0   0.01  0.02  0.26  0.05  0.05  0.01  0.0   0.02  0.05  0.0   0.0   0.01  
98    E     0.12  0.0   0.01  0.0   0.0   0.11  0.54  0.14  0.0   0.0   0.0   0.0   0.05  0.0   0.0   0.01  0.01  0.0   0.0   0.02  
99    E     0.04  0.0   0.04  0.07  0.0   0.07  0.1   0.02  0.0   0.0   0.01  0.0   0.0   0.0   0.0   0.25  0.39  0.0   0.0   0.01  
100   R     0.03  0.27  0.0   0.01  0.02  0.04  0.12  0.0   0.01  0.04  0.04  0.06  0.09  0.01  0.0   0.03  0.14  0.02  0.01  0.05  
101   N     0.08  0.13  0.02  0.03  0.0   0.42  0.03  0.01  0.01  0.01  0.08  0.05  0.05  0.0   0.0   0.06  0.02  0.0   0.0   0.0   
102   R     0.0   0.09  0.0   0.0   0.0   0.27  0.0   0.0   0.0   0.05  0.11  0.0   0.43  0.0   0.0   0.02  0.01  0.0   0.0   0.03  
103   G     0.06  0.0   0.0   0.0   0.0   0.0   0.0   0.94  0.0   0.0   0.0   0.0   0.0   0.0   0.0   0.0   0.0   0.0   0.0   0.0   
104   A     0.11  0.22  0.04  0.02  0.0   0.04  0.09  0.03  0.01  0.03  0.02  0.14  0.0   0.02  0.0   0.03  0.07  0.07  0.05  0.02  
105   A     0.41  0.14  0.0   0.0   0.0   0.04  0.0   0.04  0.0   0.0   0.0   0.04  0.0   0.0   0.0   0.31  0.01  0.0   0.0   0.0   
106   F     0.0   0.0   0.0   0.0   0.0   0.0   0.0   0.0   0.0   0.0   0.58  0.0   0.11  0.29  0.0   0.0   0.0   0.0   0.0   0.0   
107   A     0.21  0.05  0.01  0.0   0.04  0.03  0.01  0.02  0.01  0.07  0.27  0.02  0.01  0.06  0.0   0.02  0.02  0.01  0.0   0.14  
108   R     0.08  0.26  0.03  0.09  0.0   0.09  0.13  0.02  0.0   0.0   0.01  0.18  0.03  0.0   0.0   0.02  0.03  0.0   0.0   0.01  
109   L     0.12  0.0   0.01  0.0   0.0   0.0   0.0   0.0   0.0   0.17  0.52  0.0   0.02  0.0   0.0   0.0   0.06  0.03  0.0   0.06  
110   L     0.28  0.0   0.01  0.0   0.05  0.0   0.0   0.03  0.01  0.06  0.28  0.0   0.01  0.02  0.0   0.03  0.1   0.0   0.02  0.11  
111   S     0.18  0.22  0.08  0.03  0.0   0.08  0.03  0.05  0.0   0.04  0.05  0.06  0.0   0.0   0.03  0.09  0.01  0.0   0.0   0.05  
112   D     0.23  0.09  0.02  0.12  0.0   0.1   0.17  0.04  0.02  0.0   0.0   0.02  0.0   0.01  0.01  0.14  0.02  0.0   0.0   0.0   
113   W     0.04  0.0   0.0   0.03  0.0   0.0   0.0   0.02  0.01  0.04  0.39  0.0   0.03  0.04  0.0   0.01  0.01  0.25  0.02  0.11  
114   Q     0.06  0.01  0.05  0.05  0.02  0.1   0.09  0.14  0.01  0.0   0.0   0.01  0.0   0.05  0.12  0.02  0.02  0.11  0.12  0.02  
115   P     0.05  0.01  0.05  0.16  0.03  0.0   0.04  0.03  0.04  0.04  0.05  0.0   0.0   0.06  0.23  0.05  0.08  0.04  0.0   0.02  
116   D     0.08  0.0   0.01  0.11  0.0   0.03  0.24  0.12  0.01  0.0   0.05  0.02  0.0   0.01  0.14  0.08  0.07  0.0   0.0   0.01  
117   C     0.1   0.05  0.0   0.09  0.05  0.05  0.04  0.07  0.01  0.05  0.15  0.02  0.0   0.0   0.05  0.04  0.04  0.02  0.06  0.09  
118   P     0.15  0.03  0.01  0.1   0.01  0.01  0.03  0.02  0.01  0.05  0.33  0.01  0.01  0.04  0.07  0.03  0.03  0.05  0.0   0.01  
119   P     0.15  0.07  0.02  0.1   0.0   0.06  0.13  0.06  0.01  0.07  0.06  0.03  0.0   0.01  0.07  0.05  0.04  0.0   0.0   0.05  
120   P     0.14  0.1   0.01  0.08  0.01  0.06  0.13  0.04  0.0   0.02  0.05  0.01  0.03  0.01  0.06  0.07  0.13  0.01  0.0   0.02  
121   W     0.11  0.05  0.0   0.0   0.01  0.01  0.0   0.04  0.02  0.01  0.19  0.01  0.02  0.03  0.02  0.02  0.02  0.24  0.15  0.04  
122   R     0.13  0.16  0.02  0.03  0.03  0.05  0.12  0.03  0.0   0.01  0.11  0.02  0.0   0.04  0.06  0.04  0.04  0.0   0.04  0.07  
123   S     0.2   0.04  0.05  0.09  0.01  0.06  0.11  0.04  0.03  0.01  0.04  0.08  0.01  0.01  0.05  0.07  0.05  0.0   0.04  0.01  
124   L     0.14  0.09  0.05  0.03  0.01  0.07  0.05  0.03  0.01  0.03  0.24  0.04  0.03  0.01  0.1   0.02  0.03  0.0   0.0   0.02  
125   C     0.06  0.03  0.01  0.01  0.1   0.06  0.02  0.08  0.0   0.15  0.1   0.05  0.01  0.03  0.08  0.02  0.02  0.0   0.01  0.14  
126   Q     0.22  0.11  0.06  0.02  0.0   0.06  0.11  0.02  0.02  0.01  0.02  0.15  0.02  0.0   0.09  0.03  0.03  0.0   0.02  0.0   
127   Q     0.11  0.06  0.05  0.04  0.02  0.1   0.04  0.07  0.03  0.03  0.06  0.05  0.01  0.0   0.13  0.05  0.04  0.0   0.02  0.08  
128   S     0.15  0.04  0.01  0.02  0.05  0.0   0.01  0.14  0.07  0.0   0.01  0.04  0.0   0.0   0.18  0.15  0.11  0.01  0.01  0.02  
129   Q     0.02  0.04  0.05  0.0   0.01  0.08  0.04  0.02  0.09  0.01  0.13  0.08  0.0   0.06  0.03  0.02  0.03  0.05  0.2   0.04  
130   L     0.17  0.0   0.01  0.0   0.0   0.0   0.0   0.0   0.0   0.04  0.21  0.02  0.0   0.01  0.35  0.06  0.03  0.0   0.01  0.08  
131   A     0.21  0.0   0.01  0.0   0.02  0.01  0.0   0.03  0.0   0.05  0.1   0.0   0.01  0.01  0.03  0.05  0.14  0.0   0.07  0.26  
132   G     0.37  0.0   0.02  0.0   0.01  0.01  0.01  0.25  0.0   0.02  0.05  0.02  0.0   0.0   0.03  0.07  0.01  0.0   0.0   0.12  
133   M     0.04  0.0   0.0   0.0   0.0   0.0   0.0   0.01  0.04  0.04  0.06  0.0   0.07  0.41  0.0   0.0   0.01  0.13  0.04  0.14  
134   A     0.5   0.0   0.0   0.0   0.01  0.0   0.0   0.27  0.01  0.01  0.0   0.0   0.0   0.0   0.02  0.08  0.07  0.0   0.0   0.02  
135   W     0.17  0.01  0.0   0.0   0.02  0.02  0.0   0.05  0.0   0.09  0.25  0.0   0.07  0.02  0.01  0.01  0.0   0.12  0.03  0.11  
136   L     0.39  0.01  0.0   0.0   0.0   0.0   0.0   0.03  0.0   0.05  0.18  0.0   0.0   0.01  0.0   0.02  0.02  0.0   0.02  0.27  
137   G     0.49  0.0   0.0   0.0   0.14  0.0   0.0   0.18  0.0   0.02  0.0   0.0   0.02  0.01  0.0   0.07  0.04  0.01  0.0   0.02  
138   V     0.29  0.12  0.06  0.0   0.03  0.04  0.02  0.12  0.06  0.01  0.01  0.0   0.02  0.04  0.0   0.04  0.0   0.0   0.07  0.08  
139   R     0.32  0.08  0.01  0.0   0.04  0.03  0.01  0.04  0.12  0.0   0.1   0.02  0.02  0.03  0.01  0.06  0.03  0.01  0.01  0.05  
140   W     0.06  0.03  0.02  0.0   0.02  0.04  0.0   0.01  0.15  0.01  0.3   0.01  0.02  0.04  0.0   0.01  0.03  0.23  0.0   0.03  
141   R     0.04  0.06  0.05  0.1   0.0   0.09  0.08  0.48  0.01  0.0   0.0   0.04  0.0   0.0   0.01  0.02  0.0   0.0   0.0   0.0   
142   I     0.08  0.01  0.0   0.0   0.0   0.0   0.0   0.01  0.01  0.42  0.22  0.0   0.03  0.01  0.0   0.0   0.01  0.0   0.0   0.2   
143   A     0.11  0.01  0.02  0.2   0.0   0.02  0.06  0.09  0.01  0.0   0.01  0.0   0.0   0.0   0.29  0.1   0.08  0.0   0.0   0.0   
144   L     0.1   0.04  0.0   0.0   0.02  0.01  0.09  0.01  0.01  0.05  0.29  0.09  0.0   0.0   0.13  0.05  0.01  0.0   0.0   0.1   
145   P     0.08  0.17  0.01  0.11  0.0   0.05  0.3   0.04  0.02  0.01  0.04  0.05  0.0   0.0   0.02  0.02  0.06  0.0   0.0   0.01  
146   E     0.13  0.03  0.04  0.17  0.0   0.08  0.19  0.0   0.04  0.0   0.06  0.06  0.01  0.0   0.02  0.04  0.12  0.0   0.0   0.01  
147   M     0.34  0.0   0.01  0.0   0.03  0.0   0.0   0.05  0.0   0.05  0.11  0.0   0.06  0.0   0.0   0.06  0.18  0.0   0.0   0.11  
148   A     0.13  0.0   0.0   0.0   0.03  0.05  0.0   0.03  0.0   0.11  0.47  0.0   0.01  0.02  0.0   0.0   0.01  0.0   0.0   0.14  
149   L     0.24  0.05  0.02  0.04  0.01  0.03  0.09  0.04  0.05  0.0   0.28  0.0   0.01  0.01  0.0   0.05  0.02  0.0   0.06  0.03  
150   S     0.43  0.0   0.04  0.0   0.0   0.02  0.0   0.19  0.02  0.01  0.08  0.0   0.03  0.01  0.0   0.06  0.04  0.0   0.04  0.02  
151   L     0.01  0.0   0.0   0.0   0.01  0.01  0.0   0.0   0.1   0.0   0.06  0.0   0.02  0.27  0.0   0.0   0.01  0.04  0.45  0.02  
152   G     0.15  0.0   0.0   0.0   0.03  0.03  0.0   0.07  0.01  0.01  0.54  0.0   0.03  0.03  0.0   0.01  0.01  0.0   0.02  0.07  
153   Y     0.0   0.0   0.01  0.0   0.0   0.05  0.0   0.0   0.21  0.0   0.03  0.0   0.0   0.2   0.0   0.01  0.02  0.16  0.29  0.0   
154   S     0.38  0.0   0.06  0.0   0.0   0.04  0.0   0.17  0.0   0.01  0.0   0.0   0.0   0.0   0.0   0.27  0.05  0.0   0.0   0.03  
155   W     0.04  0.0   0.05  0.0   0.0   0.02  0.0   0.01  0.02  0.0   0.04  0.0   0.03  0.12  0.0   0.03  0.13  0.38  0.04  0.09  
156   I     0.24  0.0   0.01  0.0   0.03  0.0   0.0   0.0   0.0   0.08  0.24  0.0   0.07  0.01  0.0   0.04  0.04  0.0   0.0   0.24  
157   E     0.14  0.03  0.01  0.01  0.0   0.04  0.33  0.02  0.0   0.02  0.0   0.02  0.03  0.0   0.0   0.21  0.13  0.0   0.0   0.02  
158   S     0.05  0.0   0.56  0.03  0.0   0.04  0.0   0.11  0.0   0.0   0.0   0.0   0.01  0.0   0.0   0.15  0.07  0.0   0.0   0.0   
159   A     0.12  0.0   0.0   0.0   0.0   0.28  0.0   0.0   0.0   0.06  0.33  0.0   0.07  0.0   0.0   0.05  0.01  0.04  0.0   0.04  
160   V     0.06  0.0   0.0   0.0   0.02  0.0   0.0   0.0   0.0   0.18  0.18  0.0   0.01  0.0   0.0   0.0   0.11  0.0   0.0   0.44  
161   M     0.17  0.0   0.01  0.0   0.0   0.18  0.0   0.04  0.01  0.04  0.01  0.0   0.09  0.0   0.0   0.36  0.08  0.0   0.0   0.01  
162   A     0.67  0.0   0.17  0.0   0.0   0.0   0.0   0.01  0.0   0.0   0.0   0.0   0.0   0.0   0.0   0.03  0.0   0.0   0.0   0.11  
163   G     0.67  0.0   0.0   0.0   0.04  0.0   0.0   0.23  0.0   0.0   0.04  0.0   0.0   0.0   0.0   0.02  0.0   0.0   0.0   0.0   
164   V     0.02  0.0   0.0   0.0   0.02  0.05  0.0   0.01  0.0   0.21  0.15  0.0   0.06  0.0   0.0   0.01  0.07  0.0   0.0   0.4   
165   K     0.0   0.56  0.0   0.0   0.0   0.0   0.0   0.0   0.0   0.0   0.0   0.44  0.0   0.0   0.0   0.0   0.0   0.0   0.0   0.0   
166   L     0.19  0.0   0.0   0.0   0.06  0.0   0.0   0.08  0.0   0.07  0.29  0.0   0.05  0.07  0.0   0.07  0.07  0.0   0.0   0.06  
167   V     0.04  0.0   0.05  0.0   0.0   0.0   0.0   0.11  0.0   0.21  0.18  0.0   0.14  0.0   0.0   0.05  0.0   0.0   0.0   0.23  
168   P     0.07  0.14  0.0   0.0   0.0   0.0   0.0   0.0   0.0   0.06  0.03  0.0   0.0   0.0   0.57  0.02  0.0   0.0   0.0   0.11  
169   F     0.04  0.0   0.0   0.0   0.0   0.0   0.0   0.0   0.0   0.12  0.48  0.0   0.04  0.05  0.0   0.0   0.05  0.0   0.02  0.19  
170   G     0.02  0.0   0.0   0.1   0.0   0.0   0.0   0.75  0.0   0.0   0.0   0.0   0.0   0.0   0.0   0.06  0.07  0.0   0.0   0.0   
171   Q     0.02  0.0   0.0   0.0   0.0   0.63  0.0   0.0   0.16  0.0   0.0   0.0   0.0   0.04  0.11  0.05  0.0   0.0   0.0   0.0   
172   Q     0.04  0.07  0.05  0.0   0.0   0.06  0.0   0.04  0.0   0.08  0.08  0.02  0.08  0.03  0.0   0.07  0.3   0.0   0.04  0.04  
173   A     0.31  0.0   0.0   0.35  0.0   0.05  0.08  0.07  0.0   0.0   0.01  0.08  0.0   0.0   0.0   0.02  0.03  0.0   0.0   0.0   
174   A     0.31  0.0   0.0   0.0   0.0   0.0   0.0   0.41  0.0   0.04  0.0   0.0   0.0   0.0   0.0   0.03  0.11  0.0   0.0   0.1   
175   Q     0.07  0.0   0.0   0.0   0.0   0.67  0.0   0.0   0.0   0.0   0.04  0.0   0.0   0.0   0.0   0.0   0.11  0.0   0.0   0.09  
176   Q     0.19  0.28  0.01  0.02  0.0   0.1   0.02  0.04  0.04  0.0   0.06  0.1   0.0   0.0   0.0   0.05  0.05  0.0   0.0   0.04  
177   L     0.02  0.02  0.0   0.0   0.0   0.0   0.01  0.0   0.0   0.39  0.23  0.0   0.06  0.0   0.0   0.0   0.05  0.0   0.0   0.19  
178   I     0.01  0.0   0.01  0.0   0.0   0.07  0.0   0.0   0.0   0.11  0.55  0.0   0.04  0.0   0.0   0.01  0.1   0.0   0.0   0.07  
179   L     0.2   0.11  0.02  0.0   0.0   0.03  0.04  0.01  0.01  0.02  0.11  0.01  0.02  0.19  0.0   0.13  0.03  0.0   0.02  0.04  
180   R     0.23  0.15  0.0   0.11  0.0   0.09  0.11  0.09  0.01  0.0   0.0   0.03  0.01  0.0   0.0   0.09  0.02  0.0   0.01  0.05  
181   L     0.05  0.0   0.0   0.0   0.03  0.0   0.0   0.01  0.0   0.05  0.73  0.0   0.07  0.02  0.0   0.02  0.0   0.0   0.0   0.02  
182   C     0.09  0.1   0.07  0.0   0.05  0.14  0.16  0.05  0.06  0.03  0.1   0.01  0.03  0.0   0.0   0.05  0.05  0.0   0.0   0.02  
183   D     0.12  0.0   0.01  0.1   0.01  0.03  0.16  0.06  0.07  0.0   0.01  0.02  0.0   0.0   0.35  0.04  0.02  0.0   0.0   0.0   
184   H     0.09  0.05  0.01  0.1   0.01  0.12  0.05  0.02  0.08  0.05  0.11  0.03  0.0   0.03  0.04  0.02  0.07  0.01  0.02  0.09  
185   Y     0.01  0.0   0.0   0.0   0.01  0.0   0.0   0.0   0.0   0.39  0.23  0.0   0.02  0.02  0.0   0.0   0.04  0.0   0.04  0.24  
186   A     0.24  0.04  0.01  0.04  0.0   0.05  0.14  0.07  0.0   0.03  0.06  0.01  0.0   0.02  0.12  0.06  0.07  0.0   0.0   0.05  
187   A     0.27  0.07  0.02  0.07  0.01  0.08  0.21  0.02  0.03  0.01  0.02  0.06  0.01  0.0   0.03  0.02  0.06  0.0   0.0   0.01  
188   E     0.29  0.0   0.01  0.06  0.01  0.02  0.08  0.02  0.0   0.05  0.08  0.01  0.01  0.04  0.0   0.0   0.18  0.0   0.0   0.15  
189   M     0.3   0.02  0.0   0.0   0.06  0.02  0.0   0.02  0.0   0.06  0.05  0.0   0.03  0.0   0.0   0.06  0.05  0.04  0.05  0.23  
190   P     0.18  0.1   0.02  0.21  0.0   0.06  0.18  0.01  0.02  0.02  0.03  0.06  0.0   0.0   0.01  0.03  0.05  0.0   0.0   0.02  
191   R     0.09  0.26  0.04  0.04  0.01  0.06  0.18  0.0   0.07  0.03  0.02  0.09  0.01  0.01  0.0   0.02  0.05  0.0   0.0   0.01  
192   A     0.54  0.0   0.0   0.0   0.01  0.0   0.02  0.04  0.0   0.17  0.04  0.02  0.0   0.0   0.0   0.1   0.02  0.0   0.0   0.04  
193   L     0.17  0.03  0.01  0.02  0.01  0.02  0.04  0.01  0.02  0.05  0.33  0.0   0.08  0.02  0.02  0.05  0.05  0.01  0.0   0.08  
194   A     0.21  0.1   0.03  0.09  0.01  0.07  0.07  0.05  0.02  0.02  0.05  0.02  0.02  0.03  0.0   0.08  0.12  0.0   0.0   0.01  
195   A     0.16  0.07  0.01  0.01  0.01  0.01  0.0   0.02  0.01  0.06  0.3   0.04  0.03  0.03  0.0   0.09  0.09  0.02  0.0   0.02  
196   P     0.14  0.01  0.04  0.07  0.0   0.03  0.05  0.11  0.0   0.0   0.03  0.06  0.0   0.0   0.21  0.11  0.14  0.0   0.0   0.0   
197   D     0.01  0.0   0.0   0.38  0.01  0.01  0.09  0.02  0.0   0.12  0.29  0.01  0.01  0.01  0.05  0.0   0.0   0.0   0.0   0.0   
198   G     0.03  0.01  0.03  0.47  0.0   0.01  0.22  0.06  0.07  0.02  0.04  0.01  0.01  0.0   0.0   0.03  0.0   0.0   0.0   0.0   
199   D     0.06  0.01  0.03  0.57  0.0   0.06  0.24  0.01  0.01  0.0   0.0   0.0   0.0   0.0   0.0   0.0   0.0   0.0   0.0   0.0   
200   I     0.0   0.0   0.0   0.0   0.0   0.0   0.0   0.0   0.0   0.28  0.58  0.0   0.12  0.0   0.0   0.0   0.0   0.0   0.0   0.03  
