             A     R     N     D     C     Q     E     G     H     I     L     K     M     F     P     S     T     W     Y     V
1     N     0.0   0.0   0.29  0.46  0.0   0.0   0.0   0.0   0.09  0.0   0.0   0.0   0.0   0.0   0.0   0.12  0.04  0.0   0.0   0.0   
2     T     0.0   0.0   0.0   0.0   0.0   0.0   0.0   0.0   0.0   0.0   0.0   0.0   0.03  0.0   0.0   0.02  0.05  0.9   0.0   0.0   
3     L     0.0   0.02  0.01  0.02  0.0   0.02  0.02  0.0   0.04  0.13  0.19  0.08  0.01  0.07  0.0   0.16  0.06  0.0   0.01  0.16  
4     E     0.05  0.01  0.03  0.02  0.05  0.07  0.09  0.06  0.04  0.01  0.05  0.06  0.01  0.04  0.1   0.21  0.04  0.04  0.03  0.01  
5     Y     0.0   0.01  0.03  0.0   0.0   0.0   0.01  0.0   0.15  0.03  0.02  0.01  0.02  0.25  0.0   0.02  0.02  0.0   0.36  0.06  
6     G     0.0   0.08  0.07  0.07  0.0   0.11  0.14  0.34  0.01  0.0   0.02  0.05  0.01  0.01  0.01  0.05  0.01  0.01  0.0   0.0   
7     N     0.0   0.04  0.14  0.08  0.01  0.07  0.07  0.31  0.01  0.01  0.01  0.08  0.01  0.0   0.0   0.1   0.05  0.0   0.0   0.01  
8     R     0.03  0.08  0.11  0.02  0.0   0.02  0.01  0.01  0.15  0.0   0.02  0.26  0.0   0.01  0.01  0.18  0.01  0.0   0.08  0.01  
9     T     0.01  0.01  0.0   0.0   0.76  0.0   0.0   0.01  0.0   0.03  0.05  0.01  0.01  0.02  0.0   0.02  0.05  0.0   0.01  0.02  
10    Y     0.0   0.0   0.01  0.0   0.0   0.0   0.0   0.0   0.01  0.02  0.03  0.0   0.0   0.17  0.0   0.0   0.0   0.0   0.76  0.01  
11    K     0.03  0.08  0.02  0.0   0.0   0.04  0.02  0.02  0.05  0.03  0.12  0.2   0.02  0.1   0.0   0.03  0.02  0.03  0.16  0.04  
12    I     0.07  0.01  0.0   0.0   0.0   0.0   0.0   0.0   0.02  0.12  0.11  0.0   0.02  0.3   0.03  0.02  0.07  0.01  0.07  0.16  
13    I     0.01  0.01  0.09  0.01  0.0   0.0   0.01  0.02  0.01  0.07  0.03  0.0   0.02  0.28  0.01  0.29  0.03  0.0   0.02  0.09  
14    N     0.04  0.08  0.1   0.05  0.0   0.08  0.09  0.06  0.02  0.01  0.03  0.15  0.03  0.01  0.04  0.11  0.09  0.0   0.01  0.02  
15    A     0.03  0.04  0.02  0.08  0.0   0.08  0.26  0.06  0.01  0.03  0.04  0.09  0.01  0.01  0.01  0.08  0.07  0.0   0.02  0.03  
16    N     0.06  0.09  0.04  0.02  0.0   0.04  0.12  0.03  0.01  0.02  0.06  0.14  0.03  0.01  0.12  0.09  0.05  0.02  0.01  0.03  
17    M     0.04  0.08  0.07  0.01  0.0   0.03  0.06  0.02  0.01  0.02  0.1   0.29  0.13  0.02  0.0   0.03  0.02  0.0   0.03  0.05  
18    T     0.02  0.02  0.22  0.03  0.01  0.01  0.0   0.0   0.02  0.01  0.0   0.01  0.01  0.04  0.07  0.19  0.34  0.0   0.0   0.01  
19    W     0.01  0.0   0.0   0.0   0.0   0.01  0.0   0.0   0.0   0.02  0.01  0.01  0.01  0.16  0.0   0.01  0.0   0.68  0.08  0.0   
20    Y     0.12  0.04  0.09  0.11  0.0   0.02  0.17  0.01  0.07  0.01  0.02  0.03  0.05  0.01  0.02  0.1   0.06  0.01  0.04  0.02  
21    A     0.08  0.03  0.05  0.24  0.0   0.04  0.2   0.06  0.01  0.03  0.02  0.07  0.01  0.02  0.01  0.07  0.04  0.0   0.01  0.01  
22    A     0.56  0.0   0.01  0.0   0.05  0.0   0.0   0.04  0.0   0.02  0.06  0.0   0.0   0.0   0.0   0.22  0.01  0.0   0.0   0.04  
23    I     0.02  0.13  0.02  0.03  0.0   0.13  0.32  0.01  0.01  0.03  0.06  0.15  0.01  0.0   0.0   0.03  0.01  0.02  0.01  0.02  
24    K     0.1   0.1   0.04  0.03  0.0   0.09  0.08  0.02  0.02  0.01  0.08  0.16  0.04  0.01  0.0   0.1   0.07  0.01  0.01  0.02  
25    T     0.1   0.01  0.08  0.05  0.04  0.03  0.05  0.0   0.03  0.02  0.05  0.02  0.01  0.25  0.0   0.04  0.05  0.01  0.12  0.04  
26    A     0.03  0.0   0.0   0.0   0.9   0.0   0.0   0.0   0.0   0.0   0.0   0.0   0.0   0.0   0.0   0.0   0.0   0.0   0.03  0.04  
27    L     0.07  0.16  0.01  0.01  0.0   0.19  0.07  0.01  0.01  0.06  0.08  0.07  0.03  0.01  0.04  0.07  0.08  0.01  0.01  0.02  
28    M     0.05  0.09  0.06  0.05  0.01  0.11  0.19  0.04  0.07  0.02  0.04  0.1   0.05  0.0   0.0   0.09  0.03  0.0   0.01  0.01  
29    H     0.05  0.09  0.03  0.02  0.0   0.21  0.06  0.0   0.11  0.0   0.09  0.08  0.09  0.04  0.01  0.03  0.01  0.0   0.06  0.03  
30    K     0.02  0.04  0.11  0.05  0.0   0.04  0.04  0.42  0.02  0.0   0.0   0.05  0.0   0.01  0.01  0.09  0.02  0.0   0.04  0.04  
31    A     0.31  0.01  0.0   0.01  0.03  0.01  0.0   0.34  0.0   0.0   0.02  0.02  0.02  0.0   0.0   0.17  0.05  0.01  0.0   0.01  
32    Q     0.03  0.08  0.06  0.06  0.0   0.1   0.03  0.01  0.36  0.01  0.01  0.01  0.01  0.01  0.02  0.07  0.09  0.0   0.03  0.02  
33    L     0.0   0.0   0.0   0.0   0.0   0.0   0.0   0.0   0.0   0.09  0.8   0.0   0.03  0.0   0.02  0.0   0.0   0.0   0.0   0.04  
34    V     0.35  0.0   0.0   0.0   0.0   0.0   0.0   0.01  0.0   0.03  0.14  0.0   0.02  0.01  0.03  0.02  0.02  0.0   0.0   0.35  
35    S     0.07  0.03  0.01  0.02  0.0   0.04  0.0   0.0   0.01  0.05  0.04  0.07  0.03  0.01  0.0   0.42  0.11  0.0   0.02  0.08  
36    I     0.0   0.0   0.0   0.01  0.0   0.0   0.01  0.0   0.0   0.5   0.07  0.0   0.02  0.09  0.15  0.0   0.01  0.0   0.01  0.14  
37    T     0.04  0.12  0.09  0.1   0.0   0.12  0.11  0.01  0.14  0.01  0.05  0.06  0.01  0.01  0.03  0.03  0.06  0.0   0.01  0.01  
38    D     0.01  0.01  0.15  0.17  0.0   0.0   0.01  0.01  0.0   0.0   0.02  0.02  0.0   0.0   0.0   0.43  0.15  0.01  0.01  0.0   
39    Q     0.1   0.05  0.02  0.03  0.0   0.09  0.19  0.02  0.01  0.02  0.05  0.08  0.01  0.02  0.13  0.13  0.02  0.01  0.02  0.02  
40    Y     0.11  0.02  0.06  0.1   0.0   0.04  0.37  0.05  0.01  0.0   0.04  0.06  0.02  0.01  0.0   0.02  0.04  0.0   0.05  0.01  
41    H     0.02  0.01  0.03  0.03  0.0   0.04  0.65  0.01  0.03  0.02  0.0   0.05  0.01  0.01  0.01  0.02  0.04  0.0   0.0   0.02  
42    Q     0.11  0.0   0.2   0.01  0.0   0.23  0.02  0.02  0.03  0.05  0.13  0.01  0.05  0.01  0.01  0.03  0.01  0.0   0.01  0.08  
43    S     0.12  0.04  0.13  0.2   0.0   0.04  0.14  0.03  0.0   0.01  0.01  0.1   0.01  0.01  0.0   0.09  0.03  0.0   0.02  0.02  
44    F     0.12  0.02  0.01  0.01  0.0   0.01  0.04  0.01  0.01  0.02  0.05  0.01  0.0   0.57  0.0   0.01  0.02  0.02  0.05  0.02  
45    L     0.03  0.01  0.02  0.0   0.0   0.0   0.0   0.0   0.0   0.23  0.38  0.01  0.02  0.03  0.0   0.01  0.01  0.0   0.02  0.21  
46    T     0.17  0.05  0.05  0.02  0.0   0.12  0.03  0.03  0.01  0.06  0.06  0.06  0.01  0.01  0.0   0.11  0.08  0.02  0.03  0.08  
47    V     0.05  0.06  0.06  0.09  0.01  0.13  0.06  0.01  0.02  0.01  0.05  0.08  0.01  0.02  0.01  0.21  0.01  0.0   0.03  0.07  
48    V     0.04  0.02  0.03  0.02  0.01  0.1   0.02  0.01  0.03  0.13  0.22  0.04  0.04  0.03  0.01  0.03  0.06  0.01  0.08  0.08  
49    L     0.12  0.02  0.01  0.0   0.0   0.03  0.03  0.02  0.01  0.11  0.18  0.04  0.05  0.05  0.01  0.05  0.09  0.01  0.03  0.13  
50    N     0.05  0.08  0.11  0.03  0.0   0.03  0.05  0.04  0.04  0.01  0.03  0.16  0.02  0.02  0.05  0.14  0.07  0.0   0.05  0.01  
51    R     0.04  0.14  0.02  0.02  0.0   0.05  0.06  0.11  0.02  0.01  0.08  0.17  0.01  0.02  0.08  0.05  0.05  0.0   0.03  0.03  
52    L     0.05  0.06  0.02  0.02  0.01  0.03  0.04  0.11  0.04  0.1   0.08  0.06  0.02  0.04  0.01  0.18  0.04  0.0   0.03  0.06  
53    G     0.05  0.03  0.17  0.06  0.0   0.07  0.05  0.14  0.01  0.02  0.1   0.07  0.01  0.03  0.04  0.08  0.04  0.01  0.01  0.01  
54    Y     0.03  0.05  0.04  0.09  0.0   0.04  0.1   0.04  0.04  0.03  0.02  0.08  0.01  0.05  0.04  0.12  0.1   0.0   0.07  0.03  
55    A     0.07  0.05  0.04  0.12  0.0   0.03  0.11  0.01  0.04  0.01  0.03  0.03  0.0   0.08  0.07  0.13  0.03  0.0   0.12  0.02  
56    H     0.11  0.01  0.0   0.01  0.01  0.02  0.0   0.01  0.06  0.06  0.04  0.0   0.02  0.16  0.01  0.04  0.03  0.01  0.17  0.24  
57    W     0.0   0.0   0.0   0.01  0.0   0.01  0.0   0.0   0.0   0.0   0.02  0.0   0.0   0.09  0.0   0.01  0.0   0.79  0.06  0.0   
58    I     0.0   0.0   0.0   0.0   0.0   0.0   0.0   0.0   0.0   0.61  0.19  0.0   0.08  0.01  0.0   0.0   0.04  0.0   0.0   0.06  
59    G     0.01  0.0   0.0   0.01  0.0   0.0   0.0   0.92  0.0   0.0   0.01  0.0   0.0   0.0   0.0   0.02  0.0   0.0   0.0   0.0   
60    L     0.03  0.0   0.0   0.0   0.0   0.0   0.01  0.03  0.01  0.1   0.68  0.0   0.04  0.01  0.0   0.0   0.0   0.01  0.01  0.05  
61    F     0.02  0.2   0.13  0.01  0.0   0.01  0.01  0.01  0.08  0.01  0.02  0.03  0.0   0.06  0.0   0.22  0.1   0.03  0.03  0.03  
62    T     0.03  0.11  0.07  0.35  0.0   0.03  0.04  0.03  0.01  0.02  0.02  0.06  0.02  0.02  0.0   0.04  0.02  0.01  0.09  0.04  
63    T     0.03  0.05  0.05  0.09  0.01  0.1   0.12  0.05  0.0   0.08  0.07  0.08  0.03  0.01  0.06  0.04  0.04  0.01  0.0   0.08  
64    D     0.04  0.02  0.13  0.07  0.0   0.06  0.11  0.08  0.02  0.01  0.04  0.09  0.01  0.01  0.07  0.07  0.05  0.09  0.01  0.03  
65    N     0.05  0.05  0.13  0.05  0.0   0.08  0.04  0.05  0.02  0.03  0.02  0.15  0.01  0.01  0.03  0.08  0.15  0.01  0.01  0.03  
66    G     0.05  0.03  0.07  0.09  0.01  0.06  0.3   0.15  0.03  0.01  0.01  0.07  0.0   0.0   0.01  0.05  0.03  0.01  0.0   0.01  
67    L     0.03  0.11  0.03  0.03  0.15  0.03  0.02  0.29  0.04  0.0   0.03  0.1   0.01  0.03  0.0   0.04  0.02  0.0   0.02  0.01  
68    N     0.04  0.08  0.07  0.1   0.0   0.08  0.04  0.03  0.03  0.02  0.02  0.07  0.01  0.01  0.07  0.19  0.08  0.0   0.01  0.02  
69    F     0.01  0.01  0.0   0.0   0.0   0.0   0.0   0.01  0.01  0.0   0.04  0.01  0.01  0.27  0.01  0.06  0.01  0.49  0.04  0.0   
70    D     0.03  0.09  0.0   0.02  0.01  0.11  0.14  0.03  0.04  0.03  0.09  0.12  0.02  0.04  0.0   0.03  0.06  0.0   0.02  0.11  
71    W     0.0   0.0   0.0   0.05  0.0   0.0   0.0   0.01  0.0   0.0   0.01  0.0   0.0   0.01  0.0   0.01  0.01  0.81  0.07  0.0   
72    S     0.02  0.01  0.01  0.01  0.0   0.0   0.1   0.01  0.0   0.1   0.09  0.01  0.03  0.01  0.02  0.23  0.17  0.0   0.01  0.17  
73    D     0.01  0.01  0.13  0.65  0.0   0.0   0.01  0.02  0.0   0.0   0.0   0.0   0.0   0.01  0.01  0.04  0.09  0.0   0.0   0.03  
74    G     0.07  0.07  0.07  0.07  0.0   0.07  0.07  0.07  0.07  0.0   0.01  0.07  0.07  0.07  0.0   0.07  0.07  0.0   0.07  0.0   
75    T     0.08  0.03  0.04  0.05  0.0   0.04  0.04  0.03  0.03  0.03  0.03  0.03  0.03  0.03  0.03  0.27  0.12  0.03  0.04  0.03  
76    K     0.05  0.05  0.05  0.05  0.05  0.05  0.05  0.05  0.05  0.05  0.05  0.05  0.05  0.05  0.05  0.05  0.05  0.0   0.05  0.05  
77    S     0.04  0.03  0.03  0.0   0.0   0.04  0.03  0.03  0.03  0.05  0.22  0.04  0.05  0.05  0.04  0.05  0.07  0.04  0.05  0.09  
78    S     0.04  0.03  0.17  0.11  0.02  0.04  0.03  0.03  0.03  0.03  0.04  0.03  0.02  0.02  0.05  0.15  0.1   0.0   0.02  0.03  
79    F     0.03  0.03  0.03  0.02  0.02  0.02  0.02  0.0   0.02  0.02  0.05  0.02  0.0   0.23  0.04  0.02  0.02  0.0   0.4   0.03  
80    T     0.03  0.07  0.06  0.03  0.0   0.06  0.07  0.02  0.0   0.01  0.04  0.14  0.0   0.02  0.02  0.13  0.23  0.01  0.02  0.04  
81    F     0.09  0.03  0.33  0.02  0.0   0.0   0.02  0.03  0.02  0.01  0.05  0.03  0.02  0.13  0.02  0.09  0.02  0.0   0.06  0.02  
82    W     0.02  0.02  0.0   0.0   0.0   0.0   0.0   0.01  0.0   0.0   0.03  0.02  0.02  0.06  0.02  0.02  0.02  0.76  0.0   0.0   
83    K     0.18  0.07  0.12  0.05  0.02  0.02  0.08  0.06  0.05  0.06  0.03  0.06  0.01  0.0   0.01  0.09  0.03  0.0   0.03  0.03  
84    D     0.08  0.09  0.02  0.1   0.0   0.04  0.11  0.06  0.01  0.02  0.01  0.09  0.0   0.03  0.17  0.03  0.06  0.0   0.0   0.05  
85    E     0.04  0.02  0.1   0.07  0.0   0.04  0.11  0.38  0.01  0.01  0.02  0.07  0.01  0.0   0.01  0.05  0.03  0.01  0.03  0.0   
86    E     0.01  0.01  0.04  0.04  0.0   0.19  0.41  0.02  0.02  0.0   0.02  0.02  0.02  0.02  0.08  0.06  0.02  0.0   0.01  0.0   
87    S     0.01  0.01  0.05  0.03  0.01  0.02  0.13  0.01  0.01  0.01  0.0   0.03  0.0   0.0   0.53  0.08  0.01  0.0   0.05  0.0   
88    S     0.02  0.03  0.25  0.15  0.15  0.03  0.04  0.04  0.0   0.0   0.01  0.09  0.0   0.02  0.01  0.09  0.03  0.01  0.01  0.02  
89    L     0.02  0.01  0.28  0.06  0.02  0.02  0.01  0.03  0.07  0.09  0.08  0.07  0.03  0.1   0.02  0.06  0.01  0.0   0.01  0.03  
90    L     0.15  0.05  0.01  0.02  0.03  0.01  0.03  0.1   0.02  0.03  0.12  0.04  0.0   0.04  0.06  0.09  0.05  0.01  0.04  0.1   
91    G     0.06  0.01  0.05  0.1   0.0   0.06  0.07  0.31  0.01  0.0   0.04  0.06  0.01  0.01  0.02  0.13  0.02  0.01  0.01  0.02  
92    D     0.04  0.1   0.12  0.12  0.02  0.0   0.14  0.15  0.05  0.02  0.0   0.11  0.01  0.03  0.02  0.03  0.02  0.0   0.01  0.02  
93    B     0.02  0.05  0.15  0.1   0.12  0.02  0.18  0.04  0.02  0.01  0.04  0.05  0.0   0.02  0.0   0.04  0.12  0.0   0.0   0.02  
94    V     0.05  0.01  0.04  0.14  0.26  0.02  0.05  0.02  0.02  0.05  0.03  0.04  0.0   0.02  0.01  0.03  0.04  0.0   0.02  0.14  
95    F     0.04  0.01  0.01  0.01  0.3   0.01  0.01  0.03  0.0   0.04  0.04  0.03  0.06  0.12  0.0   0.01  0.01  0.0   0.09  0.17  
96    A     0.17  0.02  0.0   0.02  0.0   0.01  0.01  0.02  0.05  0.04  0.16  0.04  0.05  0.01  0.0   0.07  0.03  0.09  0.04  0.18  
97    D     0.05  0.04  0.04  0.12  0.0   0.04  0.16  0.01  0.1   0.04  0.06  0.03  0.0   0.02  0.02  0.12  0.09  0.0   0.01  0.03  
98    S     0.02  0.04  0.04  0.03  0.0   0.03  0.05  0.07  0.02  0.08  0.07  0.08  0.01  0.07  0.02  0.08  0.2   0.0   0.01  0.05  
99    N     0.03  0.06  0.18  0.2   0.0   0.03  0.04  0.05  0.02  0.01  0.01  0.01  0.0   0.03  0.0   0.21  0.08  0.01  0.05  0.0   
100   G     0.01  0.05  0.11  0.01  0.0   0.03  0.02  0.65  0.02  0.01  0.01  0.02  0.0   0.01  0.01  0.02  0.01  0.0   0.02  0.0   
101   R     0.02  0.11  0.03  0.02  0.0   0.18  0.05  0.04  0.05  0.01  0.08  0.17  0.01  0.05  0.0   0.02  0.03  0.04  0.06  0.02  
102   W     0.0   0.0   0.0   0.01  0.0   0.0   0.02  0.01  0.0   0.0   0.0   0.0   0.02  0.02  0.0   0.0   0.0   0.88  0.04  0.0   
103   H     0.01  0.12  0.38  0.05  0.0   0.03  0.02  0.0   0.1   0.01  0.06  0.09  0.0   0.02  0.0   0.04  0.03  0.01  0.01  0.03  
104   S     0.01  0.04  0.03  0.43  0.02  0.02  0.01  0.0   0.0   0.0   0.0   0.04  0.01  0.0   0.02  0.13  0.14  0.03  0.03  0.02  
105   T     0.17  0.03  0.12  0.03  0.0   0.02  0.05  0.02  0.01  0.05  0.02  0.05  0.04  0.02  0.0   0.09  0.13  0.01  0.01  0.13  
106   A     0.1   0.03  0.05  0.18  0.25  0.01  0.04  0.0   0.01  0.0   0.02  0.0   0.0   0.09  0.06  0.11  0.03  0.01  0.0   0.03  
107   B     0.0   0.01  0.14  0.12  0.48  0.01  0.04  0.04  0.0   0.0   0.01  0.05  0.0   0.0   0.0   0.08  0.0   0.0   0.0   0.01  
108   E     0.04  0.07  0.1   0.21  0.06  0.04  0.16  0.04  0.01  0.0   0.0   0.07  0.01  0.0   0.0   0.1   0.06  0.0   0.0   0.04  
109   S     0.07  0.02  0.05  0.07  0.02  0.05  0.03  0.01  0.0   0.0   0.03  0.04  0.02  0.0   0.0   0.42  0.13  0.0   0.03  0.02  
110   F     0.02  0.01  0.09  0.02  0.01  0.06  0.03  0.0   0.06  0.03  0.03  0.3   0.0   0.15  0.0   0.08  0.01  0.0   0.1   0.0   
111   L     0.02  0.03  0.03  0.0   0.0   0.08  0.02  0.0   0.02  0.03  0.45  0.03  0.0   0.04  0.01  0.01  0.04  0.0   0.02  0.14  
112   Q     0.03  0.03  0.01  0.06  0.0   0.08  0.07  0.05  0.03  0.01  0.02  0.12  0.02  0.05  0.35  0.03  0.02  0.0   0.01  0.01  
113   G     0.13  0.06  0.04  0.01  0.0   0.01  0.02  0.41  0.01  0.01  0.07  0.05  0.01  0.01  0.01  0.05  0.02  0.0   0.06  0.02  
114   A     0.4   0.02  0.0   0.0   0.04  0.0   0.0   0.08  0.0   0.0   0.0   0.0   0.0   0.05  0.0   0.04  0.1   0.06  0.15  0.06  
115   I     0.0   0.0   0.0   0.0   0.0   0.0   0.0   0.0   0.0   0.46  0.31  0.0   0.0   0.0   0.0   0.0   0.0   0.0   0.0   0.22  
116   A     0.02  0.0   0.0   0.0   0.98  0.0   0.0   0.0   0.0   0.0   0.0   0.0   0.0   0.0   0.0   0.0   0.0   0.0   0.0   0.0   
117   H     0.0   0.0   0.0   0.0   0.0   0.35  0.0   0.13  0.09  0.0   0.0   0.12  0.0   0.0   0.0   0.0   0.0   0.0   0.3   0.0   
118   V     0.0   0.0   0.0   0.0   0.0   0.0   0.0   0.0   0.0   0.24  0.0   0.0   0.0   0.0   0.0   0.0   0.0   0.0   0.0   0.76  
