             A     R     N     D     C     Q     E     G     H     I     L     K     M     F     P     S     T     W     Y     V
1     M     0.0   0.0   0.0   0.0   0.0   0.0   0.0   0.0   0.0   0.0   0.0   0.0   0.0   0.0   0.0   0.0   0.0   0.0   0.0   0.0   
2     L     0.0   0.0   0.0   0.0   0.0   0.0   0.0   0.0   0.0   0.42  0.2   0.0   0.2   0.0   0.0   0.0   0.0   0.0   0.0   0.18  
3     T     0.0   0.0   0.0   0.0   0.0   0.0   0.0   0.0   0.0   0.0   0.0   0.0   0.0   0.0   0.0   0.0   1.0   0.0   0.0   0.0   
4     E     0.0   0.0   0.0   0.0   0.0   0.18  0.62  0.0   0.0   0.0   0.0   0.0   0.2   0.0   0.0   0.0   0.0   0.0   0.0   0.0   
5     A     0.2   0.0   0.0   0.0   0.0   0.0   0.8   0.0   0.0   0.0   0.0   0.0   0.0   0.0   0.0   0.0   0.0   0.0   0.0   0.0   
6     Q     0.0   0.0   0.0   0.24  0.0   0.76  0.0   0.0   0.0   0.0   0.0   0.0   0.0   0.0   0.0   0.0   0.0   0.0   0.0   0.0   
7     M     0.0   0.0   0.0   0.0   0.0   0.0   0.0   0.0   0.0   0.0   0.42  0.0   0.38  0.2   0.0   0.0   0.0   0.0   0.0   0.0   
8     A     0.2   0.0   0.0   0.0   0.0   0.0   0.42  0.0   0.0   0.0   0.2   0.0   0.0   0.0   0.0   0.0   0.0   0.18  0.0   0.0   
9     S     0.01  0.01  0.01  0.01  0.0   0.01  0.01  0.01  0.0   0.01  0.01  0.48  0.0   0.01  0.01  0.26  0.14  0.0   0.0   0.01  
10    T     0.13  0.01  0.01  0.01  0.0   0.16  0.01  0.01  0.0   0.01  0.11  0.01  0.11  0.01  0.01  0.15  0.25  0.0   0.0   0.01  
11    A     0.44  0.01  0.01  0.01  0.0   0.01  0.01  0.2   0.0   0.01  0.13  0.01  0.0   0.0   0.01  0.01  0.01  0.0   0.0   0.14  
12    N     0.01  0.33  0.11  0.11  0.0   0.0   0.01  0.01  0.0   0.01  0.01  0.37  0.0   0.0   0.01  0.01  0.01  0.0   0.0   0.01  
13    L     0.0   0.0   0.0   0.0   0.0   0.21  0.0   0.0   0.08  0.0   0.32  0.12  0.1   0.0   0.08  0.0   0.09  0.0   0.0   0.0   
14    M     0.0   0.0   0.0   0.0   0.0   0.0   0.0   0.0   0.09  0.17  0.19  0.0   0.17  0.21  0.0   0.0   0.0   0.0   0.18  0.0   
15    R     0.0   0.78  0.0   0.0   0.0   0.0   0.0   0.0   0.13  0.0   0.0   0.0   0.09  0.0   0.0   0.0   0.0   0.0   0.0   0.0   
16    K     0.0   0.0   0.0   0.3   0.0   0.26  0.09  0.0   0.0   0.0   0.0   0.09  0.1   0.0   0.0   0.08  0.09  0.0   0.0   0.0   
17    M     0.06  0.09  0.0   0.0   0.0   0.24  0.08  0.08  0.0   0.06  0.07  0.0   0.08  0.0   0.0   0.0   0.09  0.0   0.0   0.15  
18    D     0.0   0.0   0.0   0.08  0.92  0.0   0.0   0.0   0.0   0.0   0.0   0.0   0.0   0.0   0.0   0.0   0.0   0.0   0.0   0.0   
19    Q     0.28  0.0   0.0   0.0   0.0   0.15  0.0   0.0   0.0   0.0   0.17  0.09  0.08  0.0   0.0   0.0   0.0   0.0   0.0   0.23  
20    P     0.0   0.0   0.09  0.0   0.0   0.07  0.3   0.0   0.0   0.0   0.0   0.08  0.0   0.0   0.37  0.0   0.09  0.0   0.0   0.0   
21    K     0.0   0.0   0.0   0.0   0.0   0.16  0.24  0.0   0.0   0.0   0.0   0.51  0.0   0.0   0.0   0.0   0.08  0.0   0.0   0.0   
22    T     0.0   0.0   0.08  0.0   0.0   0.0   0.07  0.0   0.07  0.0   0.08  0.0   0.0   0.08  0.08  0.09  0.29  0.0   0.0   0.16  
23    K     0.08  0.0   0.0   0.0   0.0   0.08  0.0   0.37  0.08  0.0   0.0   0.38  0.0   0.0   0.0   0.0   0.0   0.0   0.0   0.0   
24    V     0.17  0.0   0.0   0.0   0.0   0.0   0.0   0.0   0.0   0.14  0.15  0.0   0.0   0.0   0.0   0.0   0.0   0.0   0.0   0.54  
25    T     0.0   0.0   0.0   0.0   0.0   0.0   0.0   0.0   0.0   0.0   0.0   0.08  0.0   0.0   0.08  0.41  0.43  0.0   0.0   0.0   
26    D     0.0   0.0   0.0   0.21  0.0   0.0   0.39  0.0   0.0   0.0   0.0   0.07  0.0   0.0   0.0   0.0   0.08  0.0   0.0   0.25  
27    E     0.15  0.0   0.0   0.33  0.0   0.0   0.52  0.0   0.0   0.0   0.0   0.0   0.0   0.0   0.0   0.0   0.0   0.0   0.0   0.0   
28    Q     0.12  0.0   0.0   0.16  0.0   0.16  0.07  0.0   0.0   0.0   0.17  0.0   0.0   0.0   0.0   0.0   0.0   0.0   0.0   0.32  
29    I     0.22  0.0   0.0   0.0   0.0   0.0   0.0   0.0   0.0   0.38  0.16  0.07  0.0   0.0   0.0   0.0   0.0   0.0   0.0   0.17  
30    N     0.07  0.0   0.08  0.31  0.0   0.0   0.17  0.0   0.0   0.07  0.0   0.29  0.0   0.0   0.0   0.0   0.0   0.0   0.0   0.0   
31    N     0.14  0.16  0.16  0.0   0.0   0.0   0.2   0.0   0.0   0.0   0.0   0.24  0.0   0.0   0.0   0.09  0.0   0.0   0.0   0.0   
32    F     0.09  0.0   0.0   0.0   0.0   0.0   0.0   0.0   0.0   0.08  0.15  0.0   0.0   0.29  0.0   0.0   0.0   0.0   0.17  0.23  
33    H     0.0   0.31  0.15  0.0   0.0   0.08  0.0   0.0   0.08  0.0   0.0   0.17  0.08  0.0   0.0   0.12  0.0   0.0   0.0   0.0   
34    K     0.16  0.07  0.24  0.12  0.0   0.0   0.0   0.0   0.0   0.0   0.0   0.34  0.0   0.0   0.0   0.0   0.0   0.0   0.0   0.08  
35    G     0.0   0.09  0.0   0.0   0.0   0.0   0.0   0.59  0.0   0.0   0.0   0.07  0.0   0.0   0.0   0.08  0.0   0.17  0.0   0.0   
36    V     0.0   0.0   0.07  0.31  0.0   0.14  0.15  0.08  0.0   0.09  0.0   0.0   0.0   0.0   0.0   0.0   0.0   0.0   0.0   0.15  
37    F     0.0   0.0   0.0   0.0   0.0   0.0   0.0   0.0   0.0   0.2   0.17  0.0   0.08  0.38  0.0   0.0   0.0   0.0   0.17  0.0   
38    D     0.07  0.0   0.07  0.16  0.0   0.08  0.09  0.0   0.12  0.0   0.0   0.0   0.0   0.0   0.41  0.0   0.0   0.0   0.0   0.0   
39    D     0.0   0.0   0.24  0.4   0.0   0.0   0.12  0.0   0.0   0.0   0.0   0.0   0.0   0.0   0.08  0.08  0.09  0.0   0.0   0.0   
40    D     0.0   0.0   0.0   0.62  0.0   0.0   0.0   0.0   0.0   0.0   0.0   0.0   0.0   0.0   0.0   0.24  0.15  0.0   0.0   0.0   
41    K     0.17  0.0   0.0   0.0   0.0   0.08  0.28  0.0   0.0   0.0   0.0   0.23  0.0   0.0   0.25  0.0   0.0   0.0   0.0   0.0   
42    K     0.06  0.0   0.16  0.23  0.0   0.0   0.09  0.0   0.0   0.0   0.0   0.39  0.0   0.0   0.0   0.0   0.0   0.0   0.0   0.08  
43    M     0.0   0.0   0.0   0.0   0.0   0.0   0.0   0.0   0.0   0.16  0.37  0.0   0.08  0.07  0.0   0.0   0.24  0.0   0.0   0.07  
44    M     0.0   0.0   0.08  0.0   0.0   0.08  0.0   0.0   0.08  0.0   0.0   0.6   0.16  0.0   0.0   0.0   0.0   0.0   0.0   0.0   
45    E     0.0   0.0   0.0   0.0   0.83  0.0   0.08  0.0   0.0   0.0   0.0   0.0   0.09  0.0   0.0   0.0   0.0   0.0   0.0   0.0   
46    Y     0.0   0.0   0.0   0.0   0.0   0.09  0.0   0.0   0.0   0.0   0.0   0.0   0.0   0.23  0.0   0.0   0.0   0.0   0.68  0.0   
47    M     0.15  0.0   0.0   0.0   0.0   0.0   0.0   0.0   0.0   0.16  0.26  0.0   0.2   0.0   0.0   0.0   0.16  0.0   0.0   0.07  
48    N     0.0   0.0   0.43  0.0   0.0   0.0   0.08  0.0   0.0   0.0   0.09  0.24  0.0   0.0   0.0   0.07  0.0   0.0   0.09  0.0   
49    D     0.0   0.0   0.0   0.08  0.92  0.0   0.0   0.0   0.0   0.0   0.0   0.0   0.0   0.0   0.0   0.0   0.0   0.0   0.0   0.0   
50    I     0.0   0.0   0.0   0.0   0.0   0.0   0.0   0.0   0.0   0.33  0.21  0.0   0.09  0.21  0.0   0.0   0.0   0.0   0.0   0.16  
51    L     0.0   0.0   0.0   0.0   0.0   0.0   0.0   0.0   0.0   0.0   0.38  0.0   0.08  0.54  0.0   0.0   0.0   0.0   0.0   0.0   
52    E     0.0   0.0   0.0   0.16  0.0   0.08  0.39  0.0   0.12  0.0   0.0   0.09  0.08  0.0   0.0   0.0   0.08  0.0   0.0   0.0   
53    T     0.16  0.0   0.0   0.0   0.0   0.0   0.12  0.0   0.0   0.07  0.0   0.4   0.17  0.0   0.0   0.0   0.08  0.0   0.0   0.0   
54    M     0.0   0.0   0.0   0.0   0.0   0.08  0.0   0.08  0.0   0.14  0.09  0.0   0.23  0.23  0.0   0.0   0.0   0.08  0.0   0.07  
55    K     0.0   0.0   0.0   0.0   0.0   0.15  0.21  0.48  0.0   0.0   0.0   0.08  0.0   0.0   0.0   0.0   0.08  0.0   0.0   0.0   
56    I     0.08  0.0   0.0   0.0   0.0   0.0   0.0   0.0   0.08  0.17  0.17  0.0   0.0   0.15  0.0   0.0   0.07  0.0   0.0   0.27  
57    I     0.07  0.0   0.08  0.0   0.0   0.0   0.0   0.0   0.0   0.25  0.23  0.0   0.0   0.08  0.0   0.0   0.0   0.0   0.08  0.21  
58    K     0.0   0.07  0.0   0.38  0.0   0.0   0.09  0.0   0.0   0.07  0.0   0.31  0.0   0.0   0.0   0.0   0.08  0.0   0.0   0.0   
59    N     0.0   0.0   0.36  0.07  0.0   0.08  0.08  0.0   0.0   0.0   0.0   0.23  0.0   0.0   0.0   0.17  0.0   0.0   0.0   0.0   
60    G     0.0   0.0   0.0   0.0   0.0   0.09  0.0   0.74  0.08  0.0   0.0   0.0   0.0   0.0   0.0   0.08  0.0   0.0   0.0   0.0   
61    K     0.0   0.0   0.09  0.12  0.0   0.08  0.31  0.17  0.0   0.0   0.0   0.23  0.0   0.0   0.0   0.0   0.0   0.0   0.0   0.0   
62    L     0.0   0.0   0.0   0.0   0.0   0.0   0.0   0.0   0.0   0.17  0.16  0.0   0.0   0.4   0.0   0.0   0.0   0.0   0.0   0.27  
63    D     0.0   0.0   0.32  0.17  0.0   0.22  0.09  0.0   0.21  0.0   0.0   0.0   0.0   0.0   0.0   0.0   0.0   0.0   0.0   0.0   
64    M     0.25  0.0   0.0   0.0   0.0   0.0   0.07  0.0   0.0   0.0   0.23  0.0   0.14  0.0   0.07  0.0   0.0   0.0   0.07  0.17  
65    S     0.0   0.0   0.0   0.16  0.0   0.08  0.44  0.0   0.08  0.0   0.0   0.0   0.0   0.0   0.08  0.16  0.0   0.0   0.0   0.0   
66    A     0.25  0.0   0.08  0.0   0.0   0.0   0.0   0.0   0.0   0.0   0.0   0.35  0.0   0.0   0.0   0.08  0.09  0.0   0.0   0.15  
67    V     0.08  0.0   0.0   0.0   0.0   0.0   0.0   0.0   0.0   0.17  0.15  0.0   0.0   0.09  0.0   0.07  0.16  0.0   0.0   0.29  
68    E     0.0   0.0   0.0   0.0   0.0   0.0   0.08  0.0   0.17  0.0   0.6   0.09  0.0   0.06  0.0   0.0   0.0   0.0   0.0   0.0   
69    Q     0.21  0.0   0.06  0.0   0.0   0.17  0.25  0.0   0.0   0.08  0.0   0.23  0.0   0.0   0.0   0.0   0.0   0.0   0.0   0.0   
70    Q     0.07  0.0   0.09  0.0   0.0   0.48  0.01  0.01  0.0   0.0   0.01  0.24  0.0   0.0   0.0   0.01  0.07  0.0   0.0   0.01  
71    M     0.01  0.0   0.0   0.0   0.0   0.0   0.01  0.01  0.0   0.14  0.48  0.01  0.16  0.0   0.0   0.01  0.01  0.0   0.0   0.15  
72    P     0.01  0.0   0.0   0.15  0.0   0.0   0.01  0.15  0.0   0.0   0.01  0.01  0.0   0.0   0.45  0.01  0.09  0.0   0.0   0.09  
73    T     0.07  0.09  0.0   0.0   0.0   0.08  0.0   0.23  0.08  0.08  0.0   0.0   0.0   0.0   0.07  0.06  0.15  0.0   0.0   0.09  
74    L     0.0   0.0   0.08  0.0   0.0   0.0   0.0   0.0   0.0   0.08  0.6   0.0   0.06  0.0   0.0   0.0   0.0   0.0   0.0   0.17  
75    P     0.08  0.13  0.0   0.0   0.0   0.0   0.09  0.01  0.09  0.0   0.01  0.09  0.0   0.0   0.4   0.01  0.09  0.0   0.0   0.0   
76    K     0.09  0.0   0.15  0.3   0.0   0.0   0.09  0.08  0.0   0.0   0.01  0.09  0.0   0.0   0.08  0.01  0.0   0.0   0.0   0.09  
77    K     0.01  0.0   0.0   0.18  0.0   0.0   0.17  0.01  0.16  0.14  0.01  0.23  0.0   0.0   0.0   0.08  0.0   0.0   0.0   0.0   
78    Y     0.01  0.01  0.01  0.01  0.0   0.01  0.09  0.08  0.09  0.1   0.08  0.01  0.29  0.01  0.01  0.01  0.01  0.0   0.17  0.01  
79    Q     0.01  0.0   0.09  0.09  0.0   0.09  0.15  0.01  0.09  0.0   0.01  0.15  0.2   0.0   0.0   0.09  0.0   0.0   0.0   0.01  
80    E     0.0   0.0   0.0   0.31  0.0   0.0   0.53  0.0   0.0   0.0   0.0   0.09  0.0   0.0   0.07  0.0   0.0   0.0   0.0   0.0   
81    S     0.29  0.0   0.0   0.0   0.0   0.0   0.33  0.0   0.0   0.0   0.0   0.07  0.14  0.0   0.0   0.08  0.09  0.0   0.0   0.0   
82    T     0.0   0.0   0.0   0.0   0.0   0.0   0.0   0.0   0.0   0.17  0.0   0.0   0.0   0.16  0.0   0.28  0.16  0.0   0.08  0.15  
83    K     0.0   0.23  0.09  0.0   0.0   0.0   0.09  0.0   0.17  0.0   0.0   0.35  0.0   0.0   0.0   0.08  0.0   0.0   0.0   0.0   
84    K     0.3   0.0   0.0   0.0   0.0   0.08  0.0   0.21  0.0   0.0   0.0   0.32  0.0   0.0   0.0   0.08  0.0   0.0   0.0   0.0   
85    S     0.07  0.0   0.0   0.0   0.12  0.0   0.0   0.23  0.0   0.09  0.09  0.08  0.0   0.0   0.0   0.24  0.0   0.0   0.0   0.07  
86    I     0.0   0.0   0.0   0.0   0.0   0.07  0.0   0.0   0.0   0.3   0.23  0.0   0.0   0.0   0.0   0.0   0.0   0.0   0.0   0.4   
87    E     0.24  0.0   0.16  0.0   0.0   0.0   0.39  0.0   0.12  0.0   0.0   0.0   0.0   0.0   0.0   0.09  0.0   0.0   0.0   0.0   
88    E     0.33  0.01  0.01  0.01  0.0   0.01  0.09  0.01  0.09  0.01  0.09  0.24  0.0   0.0   0.01  0.1   0.01  0.0   0.0   0.01  
89    F     0.01  0.01  0.01  0.01  0.8   0.01  0.01  0.01  0.0   0.01  0.01  0.01  0.0   0.09  0.01  0.01  0.01  0.0   0.0   0.01  
90    K     0.09  0.15  0.0   0.08  0.0   0.0   0.01  0.09  0.0   0.0   0.01  0.4   0.0   0.0   0.13  0.01  0.01  0.0   0.0   0.01  
91    S     0.07  0.0   0.08  0.24  0.0   0.0   0.2   0.0   0.0   0.0   0.0   0.0   0.0   0.0   0.0   0.15  0.25  0.0   0.0   0.0   
92    A     0.15  0.0   0.0   0.0   0.0   0.09  0.08  0.12  0.0   0.16  0.0   0.0   0.0   0.0   0.0   0.16  0.15  0.0   0.0   0.09  
93    D     0.07  0.0   0.0   0.2   0.0   0.08  0.0   0.0   0.08  0.0   0.0   0.4   0.0   0.0   0.0   0.0   0.16  0.0   0.0   0.0   
94    T     0.0   0.0   0.0   0.0   0.0   0.07  0.17  0.4   0.0   0.0   0.0   0.08  0.0   0.0   0.0   0.0   0.2   0.0   0.0   0.08  
95    G     0.07  0.0   0.0   0.09  0.0   0.08  0.07  0.31  0.0   0.0   0.12  0.09  0.0   0.0   0.0   0.08  0.08  0.0   0.0   0.0   
96    D     0.0   0.0   0.24  0.4   0.12  0.0   0.0   0.0   0.0   0.0   0.08  0.0   0.0   0.08  0.0   0.0   0.09  0.0   0.0   0.0   
97    K     0.08  0.0   0.0   0.08  0.0   0.0   0.0   0.09  0.19  0.0   0.0   0.38  0.0   0.0   0.09  0.08  0.0   0.0   0.0   0.0   
98    E     0.0   0.0   0.08  0.0   0.63  0.0   0.17  0.0   0.0   0.0   0.0   0.12  0.0   0.0   0.0   0.0   0.0   0.0   0.0   0.0   
99    E     0.09  0.01  0.01  0.41  0.0   0.01  0.32  0.01  0.0   0.01  0.01  0.01  0.0   0.0   0.01  0.09  0.01  0.0   0.0   0.01  
100   P     0.08  0.08  0.01  0.01  0.0   0.01  0.01  0.01  0.0   0.01  0.01  0.09  0.0   0.0   0.17  0.01  0.41  0.09  0.0   0.01  
101   A     0.85  0.0   0.08  0.0   0.0   0.0   0.0   0.0   0.0   0.0   0.0   0.0   0.0   0.0   0.0   0.0   0.0   0.0   0.0   0.08  
102   Y     0.07  0.0   0.0   0.0   0.08  0.0   0.0   0.0   0.0   0.0   0.0   0.0   0.0   0.17  0.0   0.07  0.0   0.12  0.49  0.0   
103   N     0.0   0.08  0.08  0.08  0.0   0.15  0.17  0.0   0.08  0.07  0.0   0.16  0.0   0.0   0.0   0.0   0.0   0.12  0.0   0.0   
104   F     0.08  0.0   0.0   0.0   0.0   0.0   0.0   0.08  0.0   0.0   0.22  0.0   0.0   0.2   0.08  0.0   0.16  0.0   0.0   0.17  
105   A     0.32  0.0   0.0   0.0   0.0   0.0   0.0   0.08  0.12  0.0   0.07  0.0   0.0   0.07  0.0   0.0   0.17  0.0   0.07  0.09  
106   K     0.0   0.0   0.0   0.07  0.0   0.19  0.07  0.0   0.08  0.0   0.0   0.33  0.17  0.0   0.0   0.0   0.08  0.0   0.0   0.0   
107   F     0.08  0.0   0.0   0.0   0.84  0.0   0.0   0.0   0.0   0.0   0.0   0.0   0.0   0.08  0.0   0.0   0.0   0.0   0.0   0.0   
108   L     0.0   0.0   0.0   0.0   0.0   0.0   0.0   0.0   0.0   0.0   0.33  0.0   0.0   0.3   0.0   0.0   0.0   0.12  0.16  0.09  
109   Y     0.0   0.0   0.0   0.0   0.0   0.0   0.07  0.0   0.0   0.09  0.25  0.2   0.08  0.0   0.0   0.08  0.0   0.0   0.23  0.0   
110   L     0.1   0.0   0.09  0.0   0.0   0.0   0.09  0.0   0.0   0.0   0.09  0.56  0.0   0.0   0.0   0.08  0.0   0.0   0.0   0.0   
111   S     0.13  0.0   0.32  0.09  0.0   0.0   0.09  0.0   0.0   0.0   0.0   0.0   0.0   0.08  0.0   0.18  0.0   0.0   0.0   0.1   
112   N     0.09  0.0   0.56  0.15  0.0   0.0   0.0   0.0   0.0   0.0   0.0   0.2   0.0   0.0   0.0   0.0   0.0   0.0   0.0   0.0   
113   P     0.0   0.0   0.0   0.12  0.0   0.0   0.0   0.13  0.0   0.11  0.0   0.0   0.0   0.0   0.64  0.0   0.0   0.0   0.0   0.0   
114   E     0.0   0.0   0.14  0.0   0.0   0.0   0.13  0.14  0.0   0.0   0.0   0.5   0.0   0.0   0.0   0.0   0.0   0.0   0.0   0.1   
115   M     0.0   0.0   0.0   0.0   0.0   0.14  0.0   0.0   0.2   0.0   0.0   0.0   0.13  0.41  0.0   0.0   0.0   0.0   0.0   0.12  
116   Y     0.0   0.0   0.0   0.0   0.0   0.0   0.0   0.0   0.0   0.15  0.0   0.0   0.0   0.4   0.0   0.0   0.0   0.0   0.33  0.12  
117   F     0.0   0.0   0.0   0.0   0.0   0.0   0.0   0.0   0.0   0.0   0.0   0.0   0.16  0.51  0.0   0.0   0.0   0.19  0.0   0.14  
118   L     0.0   0.0   0.0   0.0   0.0   0.0   0.0   0.0   0.0   0.0   0.55  0.0   0.0   0.22  0.0   0.0   0.0   0.23  0.0   0.0   
119   P     0.0   0.0   0.0   0.0   0.0   0.0   0.0   0.0   0.0   0.0   0.0   0.0   0.0   0.0   1.0   0.0   0.0   0.0   0.0   0.0   
