             A     R     N     D     C     Q     E     G     H     I     L     K     M     F     P     S     T     W     Y     V
1     A     0.65  0.0   0.0   0.0   0.0   0.0   0.0   0.0   0.0   0.0   0.0   0.0   0.0   0.0   0.0   0.35  0.0   0.0   0.0   0.0   
2     T     0.0   0.0   0.0   0.0   0.0   0.0   0.0   0.0   0.0   0.09  0.0   0.0   0.0   0.15  0.11  0.2   0.45  0.0   0.0   0.0   
3     N     0.0   0.0   0.55  0.07  0.0   0.07  0.08  0.0   0.0   0.0   0.0   0.0   0.0   0.0   0.08  0.17  0.0   0.0   0.0   0.0   
4     F     0.0   0.0   0.0   0.0   0.0   0.0   0.0   0.0   0.0   0.04  0.26  0.0   0.0   0.44  0.0   0.0   0.05  0.0   0.09  0.11  
5     F     0.0   0.03  0.0   0.0   0.0   0.0   0.0   0.0   0.0   0.0   0.25  0.2   0.0   0.46  0.0   0.0   0.0   0.0   0.0   0.07  
6     I     0.0   0.0   0.0   0.0   0.0   0.0   0.0   0.0   0.0   0.33  0.15  0.0   0.0   0.07  0.0   0.05  0.02  0.0   0.0   0.37  
7     Q     0.04  0.13  0.03  0.0   0.0   0.19  0.0   0.0   0.0   0.02  0.0   0.39  0.0   0.0   0.04  0.05  0.05  0.0   0.02  0.03  
8     P     0.0   0.04  0.0   0.0   0.0   0.03  0.0   0.0   0.0   0.03  0.04  0.57  0.0   0.0   0.24  0.01  0.0   0.0   0.02  0.02  
9     I     0.0   0.03  0.0   0.0   0.03  0.01  0.0   0.0   0.0   0.5   0.27  0.01  0.0   0.04  0.01  0.0   0.02  0.0   0.0   0.09  
10    T     0.0   0.12  0.08  0.03  0.0   0.0   0.0   0.0   0.02  0.1   0.41  0.06  0.0   0.0   0.0   0.06  0.09  0.0   0.01  0.03  
11    E     0.02  0.01  0.05  0.3   0.0   0.03  0.11  0.0   0.02  0.03  0.02  0.05  0.0   0.02  0.2   0.05  0.04  0.0   0.03  0.01  
12    E     0.08  0.05  0.1   0.06  0.0   0.01  0.2   0.03  0.13  0.0   0.03  0.07  0.0   0.01  0.09  0.07  0.0   0.0   0.0   0.06  
13    A     0.35  0.24  0.02  0.01  0.0   0.0   0.03  0.08  0.01  0.03  0.0   0.07  0.0   0.0   0.04  0.05  0.03  0.0   0.03  0.0   
14    E     0.01  0.04  0.04  0.05  0.0   0.05  0.22  0.01  0.01  0.08  0.15  0.09  0.08  0.04  0.01  0.05  0.01  0.0   0.03  0.01  
15    A     0.17  0.04  0.01  0.04  0.01  0.02  0.02  0.17  0.02  0.05  0.19  0.06  0.0   0.02  0.01  0.05  0.07  0.0   0.0   0.04  
16    Y     0.09  0.01  0.03  0.12  0.0   0.02  0.07  0.02  0.03  0.02  0.19  0.04  0.0   0.11  0.06  0.03  0.04  0.01  0.1   0.02  
17    Y     0.03  0.02  0.04  0.03  0.01  0.04  0.08  0.01  0.02  0.06  0.08  0.02  0.01  0.09  0.13  0.08  0.03  0.0   0.17  0.05  
18    P     0.04  0.02  0.01  0.09  0.0   0.02  0.01  0.01  0.02  0.13  0.42  0.0   0.0   0.01  0.16  0.01  0.01  0.01  0.0   0.02  
19    P     0.01  0.03  0.0   0.03  0.0   0.02  0.0   0.03  0.0   0.0   0.01  0.04  0.0   0.0   0.8   0.0   0.01  0.0   0.0   0.0   
20    S     0.2   0.05  0.01  0.02  0.01  0.13  0.05  0.01  0.02  0.0   0.03  0.11  0.02  0.02  0.0   0.09  0.16  0.0   0.02  0.03  
21    V     0.0   0.1   0.0   0.0   0.01  0.02  0.0   0.0   0.01  0.03  0.01  0.02  0.0   0.06  0.12  0.0   0.03  0.0   0.56  0.04  
22    I     0.46  0.01  0.0   0.02  0.0   0.08  0.08  0.05  0.0   0.04  0.03  0.02  0.03  0.01  0.02  0.06  0.06  0.0   0.0   0.05  
23    T     0.0   0.05  0.04  0.0   0.0   0.02  0.0   0.0   0.07  0.0   0.01  0.03  0.01  0.01  0.04  0.15  0.51  0.0   0.01  0.01  
24    N     0.08  0.05  0.03  0.05  0.0   0.07  0.14  0.06  0.01  0.03  0.02  0.11  0.01  0.01  0.22  0.07  0.03  0.0   0.0   0.01  
25    K     0.02  0.04  0.03  0.01  0.0   0.06  0.04  0.53  0.08  0.01  0.02  0.05  0.0   0.0   0.01  0.06  0.04  0.0   0.0   0.01  
26    R     0.24  0.06  0.0   0.05  0.0   0.02  0.05  0.02  0.0   0.01  0.01  0.03  0.0   0.0   0.01  0.43  0.02  0.0   0.0   0.04  
27    K     0.46  0.01  0.0   0.08  0.0   0.01  0.11  0.06  0.03  0.0   0.03  0.05  0.0   0.02  0.02  0.05  0.01  0.0   0.02  0.03  
28    D     0.12  0.01  0.02  0.3   0.01  0.01  0.02  0.26  0.01  0.01  0.02  0.02  0.03  0.01  0.01  0.05  0.05  0.0   0.01  0.02  
29    L     0.43  0.03  0.01  0.01  0.01  0.01  0.05  0.02  0.01  0.02  0.14  0.04  0.09  0.02  0.01  0.04  0.02  0.0   0.01  0.03  
30    G     0.04  0.01  0.0   0.2   0.0   0.01  0.01  0.64  0.01  0.01  0.0   0.0   0.0   0.02  0.0   0.0   0.02  0.0   0.01  0.0   
31    V     0.03  0.0   0.0   0.0   0.0   0.0   0.0   0.0   0.0   0.12  0.31  0.0   0.06  0.07  0.0   0.0   0.01  0.0   0.24  0.16  
32    D     0.01  0.12  0.01  0.66  0.01  0.0   0.13  0.0   0.0   0.01  0.01  0.0   0.0   0.0   0.0   0.01  0.0   0.0   0.01  0.01  
33    V     0.15  0.0   0.0   0.0   0.01  0.0   0.02  0.0   0.0   0.14  0.49  0.0   0.0   0.01  0.01  0.01  0.0   0.0   0.0   0.15  
34    Y     0.07  0.15  0.03  0.01  0.08  0.03  0.04  0.02  0.04  0.04  0.04  0.04  0.05  0.04  0.09  0.07  0.0   0.0   0.14  0.02  
35    C     0.31  0.0   0.02  0.09  0.05  0.0   0.08  0.01  0.0   0.05  0.09  0.02  0.0   0.01  0.02  0.16  0.04  0.0   0.0   0.06  
36    C     0.21  0.01  0.01  0.09  0.14  0.02  0.05  0.13  0.0   0.03  0.02  0.02  0.01  0.0   0.09  0.05  0.06  0.0   0.01  0.05  
37    S     0.04  0.02  0.02  0.04  0.0   0.07  0.41  0.03  0.02  0.04  0.11  0.02  0.0   0.0   0.0   0.05  0.05  0.0   0.05  0.03  
38    D     0.07  0.0   0.02  0.36  0.0   0.0   0.18  0.03  0.02  0.01  0.0   0.02  0.0   0.0   0.17  0.06  0.03  0.0   0.01  0.01  
39    L     0.04  0.01  0.0   0.0   0.03  0.01  0.02  0.01  0.0   0.11  0.18  0.02  0.04  0.22  0.0   0.02  0.05  0.0   0.03  0.2   
40    V     0.04  0.01  0.0   0.01  0.01  0.01  0.07  0.0   0.01  0.13  0.02  0.01  0.02  0.05  0.0   0.05  0.21  0.0   0.01  0.34  
41    L     0.0   0.0   0.0   0.0   0.0   0.0   0.0   0.0   0.0   0.3   0.49  0.0   0.03  0.03  0.02  0.0   0.0   0.0   0.0   0.12  
42    Q     0.19  0.01  0.03  0.02  0.0   0.07  0.11  0.02  0.16  0.03  0.05  0.1   0.0   0.02  0.12  0.01  0.03  0.0   0.01  0.03  
43    P     0.04  0.02  0.01  0.01  0.0   0.0   0.01  0.01  0.01  0.01  0.02  0.02  0.0   0.0   0.8   0.03  0.0   0.0   0.0   0.0   
44    G     0.02  0.01  0.04  0.04  0.0   0.0   0.03  0.64  0.02  0.01  0.02  0.03  0.01  0.01  0.04  0.02  0.04  0.0   0.0   0.01  
45    L     0.04  0.09  0.01  0.04  0.02  0.13  0.36  0.01  0.01  0.0   0.04  0.07  0.04  0.01  0.01  0.04  0.02  0.0   0.02  0.03  
46    N     0.05  0.16  0.04  0.01  0.01  0.02  0.07  0.09  0.05  0.02  0.03  0.06  0.0   0.16  0.01  0.04  0.13  0.01  0.01  0.03  
47    I     0.09  0.04  0.01  0.0   0.01  0.02  0.02  0.01  0.01  0.05  0.18  0.06  0.04  0.04  0.06  0.06  0.07  0.0   0.02  0.22  
48    V     0.02  0.01  0.02  0.0   0.0   0.04  0.0   0.01  0.01  0.1   0.42  0.02  0.01  0.03  0.0   0.0   0.02  0.0   0.02  0.25  
49    R     0.21  0.09  0.01  0.03  0.01  0.01  0.03  0.07  0.01  0.02  0.07  0.08  0.02  0.02  0.12  0.04  0.1   0.0   0.01  0.03  
50    L     0.01  0.0   0.0   0.0   0.0   0.0   0.01  0.0   0.0   0.21  0.29  0.0   0.0   0.02  0.0   0.06  0.25  0.0   0.02  0.14  
51    H     0.09  0.0   0.0   0.07  0.0   0.02  0.0   0.22  0.03  0.03  0.01  0.01  0.0   0.01  0.29  0.05  0.13  0.0   0.01  0.03  
52    I     0.01  0.02  0.0   0.04  0.0   0.0   0.02  0.0   0.0   0.15  0.19  0.01  0.01  0.01  0.02  0.04  0.35  0.01  0.01  0.1   
53    K     0.09  0.05  0.03  0.06  0.02  0.02  0.1   0.32  0.01  0.01  0.01  0.03  0.0   0.0   0.0   0.06  0.16  0.0   0.01  0.02  
54    V     0.01  0.01  0.01  0.0   0.0   0.01  0.03  0.02  0.0   0.27  0.29  0.01  0.04  0.06  0.0   0.02  0.01  0.0   0.04  0.16  
55    A     0.36  0.03  0.0   0.0   0.02  0.01  0.18  0.0   0.0   0.05  0.01  0.06  0.01  0.02  0.03  0.06  0.04  0.01  0.06  0.03  
56    C     0.07  0.03  0.01  0.01  0.04  0.0   0.0   0.05  0.01  0.3   0.15  0.01  0.04  0.02  0.0   0.09  0.03  0.0   0.01  0.12  
57    E     0.03  0.04  0.03  0.03  0.01  0.03  0.11  0.01  0.1   0.05  0.02  0.02  0.01  0.03  0.32  0.02  0.02  0.01  0.05  0.08  
58    H     0.04  0.03  0.04  0.03  0.0   0.03  0.07  0.03  0.04  0.16  0.2   0.08  0.04  0.02  0.02  0.02  0.09  0.0   0.01  0.07  
59    M     0.1   0.01  0.01  0.02  0.0   0.05  0.05  0.03  0.02  0.06  0.26  0.03  0.03  0.01  0.16  0.05  0.04  0.0   0.02  0.05  
60    G     0.05  0.03  0.04  0.15  0.0   0.01  0.03  0.12  0.01  0.02  0.04  0.03  0.0   0.01  0.35  0.04  0.03  0.0   0.01  0.02  
61    K     0.04  0.02  0.08  0.2   0.0   0.04  0.13  0.11  0.0   0.01  0.01  0.13  0.0   0.0   0.17  0.02  0.01  0.01  0.02  0.01  
62    K     0.02  0.02  0.11  0.14  0.0   0.02  0.03  0.3   0.01  0.01  0.03  0.03  0.01  0.02  0.01  0.11  0.06  0.01  0.02  0.02  
63    C     0.0   0.01  0.0   0.01  0.05  0.01  0.02  0.0   0.03  0.07  0.17  0.0   0.02  0.13  0.0   0.03  0.07  0.02  0.21  0.15  
64    G     0.19  0.0   0.0   0.0   0.01  0.01  0.19  0.15  0.01  0.02  0.01  0.03  0.02  0.01  0.0   0.01  0.08  0.03  0.06  0.14  
65    F     0.39  0.01  0.0   0.0   0.0   0.0   0.0   0.29  0.0   0.02  0.09  0.02  0.02  0.03  0.07  0.0   0.0   0.01  0.0   0.03  
66    K     0.02  0.14  0.0   0.02  0.02  0.19  0.01  0.01  0.02  0.03  0.12  0.03  0.05  0.06  0.01  0.05  0.02  0.06  0.02  0.11  
67    I     0.02  0.0   0.02  0.0   0.0   0.0   0.0   0.0   0.0   0.39  0.16  0.0   0.03  0.01  0.0   0.03  0.0   0.0   0.01  0.31  
68    M     0.08  0.18  0.01  0.06  0.01  0.01  0.11  0.01  0.04  0.02  0.26  0.02  0.03  0.07  0.0   0.0   0.02  0.01  0.02  0.03  
69    A     0.04  0.0   0.0   0.01  0.0   0.0   0.0   0.39  0.0   0.01  0.02  0.0   0.0   0.0   0.45  0.04  0.03  0.0   0.0   0.0   
70    R     0.0   0.91  0.0   0.0   0.0   0.0   0.0   0.0   0.0   0.0   0.0   0.09  0.0   0.0   0.0   0.0   0.0   0.0   0.0   0.0   
71    S     0.0   0.0   0.0   0.0   0.0   0.0   0.0   0.0   0.0   0.0   0.06  0.0   0.0   0.0   0.0   0.92  0.0   0.0   0.0   0.0   
72    S     0.0   0.0   0.0   0.0   0.0   0.0   0.0   0.6   0.0   0.0   0.0   0.0   0.0   0.0   0.0   0.37  0.04  0.0   0.0   0.0   
73    M     0.0   0.01  0.0   0.0   0.0   0.01  0.0   0.0   0.0   0.06  0.76  0.0   0.07  0.03  0.0   0.02  0.0   0.01  0.0   0.01  
74    C     0.54  0.0   0.04  0.0   0.01  0.0   0.0   0.23  0.0   0.01  0.05  0.0   0.01  0.0   0.0   0.04  0.04  0.0   0.0   0.01  
75    T     0.14  0.03  0.05  0.02  0.01  0.02  0.02  0.03  0.01  0.04  0.22  0.03  0.01  0.03  0.03  0.08  0.11  0.02  0.04  0.08  
76    H     0.03  0.16  0.06  0.02  0.01  0.02  0.03  0.03  0.19  0.02  0.06  0.22  0.02  0.01  0.02  0.03  0.02  0.01  0.02  0.04  
77    E     0.02  0.22  0.08  0.01  0.01  0.03  0.04  0.06  0.03  0.01  0.01  0.34  0.0   0.03  0.01  0.02  0.01  0.0   0.04  0.03  
78    R     0.01  0.07  0.03  0.01  0.01  0.01  0.01  0.21  0.23  0.01  0.18  0.02  0.01  0.04  0.01  0.05  0.03  0.01  0.03  0.02  
79    L     0.02  0.01  0.0   0.01  0.0   0.01  0.02  0.47  0.01  0.11  0.16  0.01  0.01  0.03  0.01  0.03  0.02  0.0   0.0   0.07  
80    L     0.01  0.01  0.0   0.05  0.0   0.03  0.04  0.06  0.0   0.36  0.2   0.01  0.0   0.02  0.01  0.04  0.05  0.0   0.0   0.1   
81    I     0.02  0.01  0.0   0.02  0.01  0.02  0.02  0.01  0.0   0.13  0.08  0.02  0.07  0.01  0.01  0.05  0.14  0.0   0.01  0.36  
82    L     0.01  0.01  0.01  0.01  0.02  0.04  0.02  0.02  0.0   0.1   0.33  0.01  0.02  0.04  0.02  0.02  0.05  0.0   0.03  0.25  
83    A     0.07  0.01  0.01  0.02  0.02  0.02  0.03  0.22  0.17  0.04  0.08  0.01  0.01  0.03  0.11  0.03  0.03  0.0   0.01  0.06  
84    N     0.05  0.01  0.4   0.03  0.01  0.05  0.04  0.03  0.01  0.02  0.02  0.03  0.0   0.01  0.01  0.11  0.1   0.0   0.01  0.07  
85    G     0.08  0.02  0.03  0.01  0.02  0.01  0.01  0.09  0.01  0.01  0.12  0.01  0.0   0.02  0.01  0.18  0.3   0.02  0.01  0.05  
86    I     0.32  0.0   0.0   0.01  0.0   0.0   0.01  0.03  0.0   0.04  0.02  0.02  0.02  0.02  0.28  0.01  0.02  0.0   0.0   0.18  
87    G     0.04  0.0   0.0   0.01  0.0   0.01  0.01  0.78  0.07  0.0   0.01  0.02  0.0   0.0   0.0   0.01  0.02  0.0   0.0   0.01  
88    L     0.02  0.09  0.0   0.02  0.0   0.0   0.01  0.01  0.0   0.06  0.16  0.01  0.0   0.08  0.01  0.01  0.23  0.09  0.02  0.18  
89    I     0.0   0.0   0.0   0.0   0.01  0.0   0.0   0.0   0.0   0.7   0.01  0.0   0.0   0.01  0.0   0.0   0.03  0.0   0.0   0.2   
90    D     0.0   0.0   0.0   0.9   0.02  0.0   0.01  0.0   0.03  0.0   0.0   0.0   0.0   0.0   0.0   0.0   0.0   0.0   0.0   0.0   
91    P     0.23  0.01  0.03  0.01  0.02  0.0   0.07  0.01  0.0   0.0   0.0   0.01  0.0   0.0   0.28  0.3   0.0   0.0   0.0   0.01  
92    G     0.0   0.02  0.01  0.46  0.0   0.0   0.02  0.43  0.0   0.0   0.0   0.0   0.0   0.02  0.0   0.03  0.01  0.01  0.0   0.0   
93    Y     0.0   0.0   0.0   0.0   0.0   0.0   0.05  0.0   0.0   0.0   0.0   0.0   0.0   0.21  0.0   0.0   0.0   0.13  0.58  0.0   
94    V     0.02  0.36  0.02  0.04  0.01  0.18  0.07  0.0   0.03  0.01  0.01  0.04  0.0   0.0   0.0   0.11  0.07  0.01  0.0   0.01  
95    G     0.0   0.0   0.02  0.0   0.0   0.0   0.02  0.9   0.0   0.0   0.01  0.02  0.0   0.0   0.0   0.0   0.0   0.0   0.0   0.0   
96    E     0.01  0.02  0.09  0.03  0.01  0.12  0.38  0.02  0.1   0.01  0.0   0.04  0.0   0.0   0.09  0.02  0.04  0.0   0.01  0.01  
97    L     0.01  0.0   0.0   0.0   0.01  0.0   0.0   0.0   0.0   0.45  0.27  0.0   0.01  0.02  0.0   0.0   0.0   0.02  0.0   0.2   
98    M     0.0   0.06  0.01  0.0   0.01  0.07  0.0   0.11  0.01  0.0   0.02  0.2   0.1   0.04  0.0   0.04  0.24  0.0   0.0   0.09  
99    L     0.01  0.0   0.0   0.0   0.0   0.0   0.0   0.0   0.0   0.17  0.32  0.0   0.03  0.05  0.0   0.0   0.0   0.0   0.0   0.41  
100   K     0.02  0.01  0.03  0.01  0.02  0.01  0.27  0.01  0.0   0.18  0.09  0.04  0.03  0.0   0.04  0.14  0.02  0.0   0.0   0.08  
101   I     0.04  0.0   0.0   0.0   0.04  0.0   0.0   0.0   0.0   0.12  0.47  0.0   0.11  0.11  0.0   0.0   0.02  0.0   0.0   0.09  
102   I     0.05  0.01  0.01  0.0   0.02  0.01  0.0   0.0   0.01  0.18  0.03  0.01  0.0   0.14  0.0   0.12  0.02  0.11  0.15  0.11  
103   N     0.04  0.02  0.91  0.0   0.0   0.0   0.0   0.01  0.01  0.0   0.0   0.01  0.0   0.0   0.0   0.01  0.0   0.0   0.0   0.0   
104   L     0.1   0.13  0.03  0.01  0.0   0.0   0.01  0.01  0.13  0.04  0.21  0.0   0.01  0.07  0.0   0.08  0.02  0.0   0.04  0.1   
105   G     0.08  0.03  0.1   0.05  0.0   0.0   0.0   0.45  0.01  0.02  0.0   0.0   0.0   0.0   0.01  0.19  0.06  0.0   0.0   0.0   
106   D     0.04  0.06  0.14  0.15  0.01  0.08  0.04  0.01  0.01  0.0   0.01  0.2   0.0   0.0   0.07  0.1   0.08  0.0   0.0   0.0   
107   T     0.06  0.06  0.05  0.02  0.01  0.04  0.22  0.0   0.02  0.03  0.15  0.08  0.03  0.01  0.0   0.07  0.08  0.0   0.03  0.04  
108   P     0.11  0.0   0.02  0.11  0.0   0.02  0.05  0.01  0.01  0.03  0.0   0.01  0.01  0.0   0.46  0.05  0.09  0.0   0.0   0.02  
109   V     0.02  0.0   0.0   0.0   0.0   0.01  0.0   0.0   0.01  0.22  0.08  0.0   0.0   0.35  0.0   0.0   0.0   0.02  0.06  0.23  
110   Q     0.11  0.06  0.04  0.01  0.0   0.02  0.08  0.01  0.02  0.07  0.03  0.13  0.01  0.02  0.0   0.04  0.22  0.0   0.01  0.11  
111   I     0.02  0.0   0.0   0.0   0.0   0.0   0.0   0.01  0.0   0.32  0.37  0.0   0.02  0.02  0.0   0.0   0.0   0.0   0.04  0.2   
112   W     0.06  0.12  0.06  0.01  0.0   0.04  0.16  0.0   0.03  0.01  0.01  0.13  0.0   0.0   0.06  0.07  0.09  0.07  0.09  0.01  
113   A     0.09  0.16  0.01  0.01  0.0   0.05  0.05  0.0   0.05  0.02  0.01  0.14  0.0   0.0   0.34  0.01  0.01  0.0   0.02  0.04  
114   K     0.01  0.02  0.05  0.0   0.0   0.01  0.01  0.79  0.01  0.0   0.01  0.03  0.03  0.02  0.0   0.01  0.0   0.0   0.0   0.0   
115   E     0.0   0.03  0.01  0.28  0.0   0.08  0.21  0.0   0.0   0.0   0.0   0.01  0.3   0.0   0.0   0.05  0.03  0.0   0.0   0.0   
116   C     0.0   0.77  0.0   0.0   0.02  0.0   0.0   0.0   0.0   0.01  0.01  0.14  0.0   0.0   0.03  0.0   0.01  0.0   0.0   0.01  
117   L     0.0   0.0   0.0   0.0   0.01  0.0   0.0   0.0   0.0   0.73  0.07  0.0   0.01  0.08  0.0   0.0   0.0   0.0   0.0   0.11  
118   V     0.63  0.0   0.0   0.0   0.11  0.0   0.0   0.15  0.0   0.0   0.03  0.0   0.0   0.01  0.0   0.02  0.0   0.0   0.0   0.05  
119   Q     0.07  0.01  0.0   0.0   0.0   0.88  0.0   0.0   0.03  0.0   0.0   0.0   0.0   0.0   0.0   0.01  0.0   0.0   0.0   0.0   
120   L     0.03  0.0   0.0   0.0   0.0   0.0   0.0   0.01  0.0   0.09  0.6   0.0   0.15  0.03  0.0   0.0   0.01  0.0   0.01  0.05  
121   V     0.02  0.0   0.02  0.0   0.07  0.0   0.0   0.0   0.0   0.18  0.07  0.0   0.01  0.0   0.0   0.03  0.02  0.0   0.0   0.59  
122   A     0.03  0.0   0.0   0.0   0.03  0.0   0.0   0.0   0.0   0.22  0.22  0.0   0.06  0.23  0.0   0.03  0.0   0.0   0.01  0.18  
123   Q     0.15  0.01  0.01  0.0   0.0   0.14  0.19  0.0   0.07  0.03  0.07  0.05  0.02  0.03  0.04  0.04  0.08  0.0   0.03  0.06  
124   G     0.05  0.31  0.02  0.0   0.0   0.05  0.08  0.04  0.0   0.0   0.01  0.18  0.0   0.0   0.15  0.03  0.04  0.0   0.01  0.01  
125   D     0.04  0.04  0.0   0.08  0.01  0.0   0.07  0.0   0.03  0.1   0.2   0.02  0.05  0.0   0.0   0.0   0.05  0.0   0.05  0.26  
126   H     0.03  0.0   0.0   0.01  0.01  0.03  0.23  0.0   0.17  0.03  0.05  0.04  0.02  0.03  0.05  0.11  0.07  0.0   0.02  0.09  
127   V     0.05  0.11  0.02  0.01  0.01  0.14  0.01  0.02  0.02  0.05  0.14  0.02  0.03  0.02  0.0   0.17  0.07  0.0   0.03  0.06  
128   P     0.18  0.0   0.0   0.0   0.0   0.0   0.01  0.0   0.0   0.02  0.01  0.01  0.0   0.0   0.62  0.0   0.0   0.01  0.0   0.14  
129   D     0.07  0.04  0.0   0.13  0.02  0.03  0.4   0.0   0.01  0.01  0.01  0.02  0.0   0.03  0.06  0.05  0.06  0.0   0.0   0.08  
130   H     0.0   0.0   0.0   0.02  0.0   0.03  0.01  0.0   0.03  0.1   0.28  0.04  0.04  0.2   0.01  0.0   0.1   0.04  0.0   0.1   
131   I     0.05  0.03  0.02  0.0   0.02  0.05  0.13  0.0   0.02  0.12  0.1   0.06  0.01  0.02  0.03  0.01  0.02  0.0   0.0   0.34  
132   N     0.0   0.01  0.08  0.0   0.0   0.03  0.57  0.03  0.0   0.02  0.05  0.01  0.0   0.0   0.05  0.0   0.05  0.0   0.04  0.05  
133   I     0.02  0.1   0.04  0.0   0.01  0.0   0.0   0.0   0.0   0.1   0.04  0.0   0.0   0.0   0.0   0.0   0.01  0.0   0.07  0.59  
134   L     0.01  0.0   0.07  0.07  0.0   0.04  0.27  0.0   0.0   0.0   0.18  0.03  0.0   0.0   0.0   0.11  0.17  0.0   0.0   0.02  
135   K     0.04  0.03  0.03  0.06  0.02  0.04  0.25  0.02  0.0   0.0   0.0   0.15  0.0   0.0   0.0   0.23  0.07  0.0   0.0   0.03  
136   R     0.02  0.17  0.0   0.0   0.0   0.06  0.0   0.0   0.0   0.02  0.43  0.0   0.0   0.17  0.0   0.01  0.02  0.0   0.06  0.02  
137   N     0.0   0.0   0.18  0.52  0.0   0.0   0.08  0.06  0.0   0.0   0.0   0.0   0.0   0.0   0.01  0.13  0.03  0.0   0.0   0.0   
138   Q     0.0   0.02  0.07  0.11  0.0   0.12  0.64  0.0   0.0   0.0   0.0   0.04  0.0   0.0   0.0   0.0   0.0   0.0   0.0   0.0   
139   I     0.0   0.0   0.0   0.0   0.0   0.0   0.0   0.0   0.0   0.29  0.44  0.0   0.0   0.0   0.15  0.0   0.0   0.0   0.0   0.12  
140   F     0.0   0.0   0.0   0.0   0.0   0.0   0.0   0.0   0.0   0.0   0.0   0.0   0.0   1.0   0.0   0.0   0.0   0.0   0.0   0.0   
141   P     0.0   0.0   0.0   0.0   0.0   0.0   0.0   0.0   0.0   0.0   0.0   0.0   0.0   0.0   1.0   0.0   0.0   0.0   0.0   0.0   
