             A     R     N     D     C     Q     E     G     H     I     L     K     M     F     P     S     T     W     Y     V
1     M     0.0   0.0   0.0   0.0   0.0   0.0   0.0   0.0   0.0   0.0   0.0   0.0   0.91  0.0   0.0   0.0   0.0   0.0   0.0   0.09  
2     T     0.16  0.0   0.0   0.0   0.0   0.0   0.0   0.0   0.0   0.09  0.01  0.0   0.0   0.0   0.06  0.18  0.46  0.0   0.0   0.04  
3     L     0.0   0.13  0.0   0.0   0.02  0.0   0.0   0.0   0.0   0.53  0.14  0.02  0.02  0.0   0.0   0.01  0.0   0.0   0.0   0.12  
4     I     0.0   0.0   0.0   0.0   0.0   0.0   0.0   0.0   0.0   0.66  0.02  0.0   0.0   0.01  0.0   0.0   0.01  0.0   0.0   0.3   
5     L     0.01  0.0   0.0   0.0   0.0   0.0   0.0   0.0   0.0   0.16  0.72  0.0   0.09  0.02  0.0   0.0   0.0   0.0   0.0   0.01  
6     G     0.02  0.0   0.0   0.0   0.0   0.0   0.0   0.98  0.0   0.0   0.0   0.0   0.0   0.0   0.0   0.0   0.0   0.0   0.0   0.0   
7     I     0.0   0.0   0.0   0.0   0.0   0.0   0.0   0.0   0.0   0.69  0.1   0.0   0.0   0.01  0.0   0.0   0.0   0.0   0.0   0.19  
8     D     0.0   0.0   0.0   1.0   0.0   0.0   0.0   0.0   0.0   0.0   0.0   0.0   0.0   0.0   0.0   0.0   0.0   0.0   0.0   0.0   
9     P     0.0   0.0   0.0   0.0   0.02  0.0   0.0   0.0   0.0   0.0   0.0   0.0   0.0   0.0   0.98  0.0   0.0   0.0   0.0   0.0   
10    G     0.04  0.0   0.0   0.0   0.0   0.0   0.0   0.94  0.0   0.0   0.0   0.0   0.0   0.0   0.0   0.02  0.0   0.0   0.0   0.0   
11    S     0.0   0.0   0.0   0.0   0.0   0.0   0.0   0.0   0.0   0.05  0.44  0.0   0.01  0.01  0.0   0.29  0.17  0.0   0.02  0.0   
12    R     0.21  0.4   0.04  0.0   0.0   0.03  0.03  0.06  0.0   0.02  0.05  0.01  0.01  0.0   0.0   0.03  0.11  0.0   0.01  0.01  
13    I     0.02  0.23  0.1   0.0   0.05  0.0   0.0   0.0   0.03  0.24  0.03  0.05  0.01  0.02  0.0   0.04  0.08  0.0   0.02  0.09  
14    T     0.01  0.0   0.0   0.0   0.15  0.0   0.0   0.03  0.0   0.02  0.11  0.0   0.07  0.01  0.0   0.01  0.49  0.0   0.0   0.1   
15    G     0.0   0.0   0.0   0.0   0.0   0.0   0.0   0.97  0.0   0.0   0.01  0.0   0.0   0.01  0.0   0.0   0.0   0.0   0.0   0.02  
16    F     0.0   0.0   0.0   0.0   0.0   0.0   0.0   0.03  0.0   0.03  0.06  0.0   0.0   0.14  0.0   0.0   0.0   0.23  0.47  0.03  
17    G     0.18  0.0   0.0   0.0   0.0   0.0   0.0   0.74  0.0   0.0   0.0   0.0   0.0   0.0   0.0   0.04  0.0   0.0   0.0   0.03  
18    V     0.01  0.0   0.0   0.0   0.01  0.0   0.0   0.0   0.0   0.3   0.1   0.0   0.01  0.01  0.0   0.0   0.0   0.0   0.0   0.56  
19    V     0.0   0.0   0.0   0.01  0.0   0.0   0.02  0.0   0.0   0.48  0.13  0.0   0.0   0.0   0.0   0.0   0.0   0.0   0.0   0.35  
20    R     0.06  0.15  0.02  0.19  0.01  0.04  0.29  0.04  0.03  0.0   0.02  0.05  0.0   0.0   0.01  0.06  0.02  0.0   0.0   0.01  
21    E     0.09  0.05  0.01  0.04  0.02  0.1   0.14  0.05  0.01  0.03  0.02  0.11  0.01  0.01  0.01  0.06  0.04  0.01  0.05  0.14  
22    T     0.06  0.04  0.07  0.1   0.01  0.06  0.13  0.07  0.01  0.02  0.04  0.08  0.0   0.01  0.04  0.12  0.07  0.0   0.01  0.04  
23    A     0.08  0.03  0.08  0.07  0.0   0.01  0.03  0.48  0.0   0.02  0.01  0.06  0.0   0.0   0.02  0.06  0.01  0.0   0.01  0.02  
24    R     0.03  0.25  0.21  0.05  0.0   0.04  0.02  0.1   0.02  0.01  0.03  0.06  0.0   0.01  0.03  0.1   0.04  0.0   0.01  0.0   
25    G     0.05  0.2   0.03  0.04  0.0   0.07  0.02  0.12  0.04  0.01  0.02  0.2   0.01  0.0   0.04  0.1   0.04  0.0   0.01  0.02  
26    C     0.08  0.03  0.01  0.0   0.06  0.03  0.01  0.0   0.02  0.1   0.4   0.03  0.02  0.06  0.02  0.02  0.02  0.0   0.03  0.07  
27    E     0.04  0.15  0.03  0.02  0.01  0.06  0.07  0.01  0.06  0.05  0.02  0.12  0.01  0.01  0.0   0.15  0.12  0.0   0.01  0.04  
28    Y     0.02  0.02  0.0   0.0   0.02  0.01  0.0   0.0   0.12  0.02  0.26  0.0   0.05  0.08  0.05  0.0   0.0   0.0   0.27  0.07  
29    V     0.0   0.01  0.0   0.0   0.0   0.0   0.01  0.0   0.01  0.29  0.24  0.0   0.01  0.01  0.01  0.02  0.01  0.0   0.0   0.38  
30    A     0.32  0.0   0.01  0.23  0.0   0.05  0.1   0.13  0.05  0.0   0.01  0.01  0.0   0.0   0.0   0.03  0.03  0.0   0.01  0.01  
31    S     0.12  0.0   0.06  0.02  0.1   0.01  0.0   0.03  0.06  0.0   0.0   0.01  0.02  0.05  0.0   0.28  0.01  0.0   0.12  0.11  
32    G     0.01  0.0   0.02  0.06  0.0   0.01  0.01  0.84  0.0   0.0   0.0   0.0   0.0   0.0   0.01  0.02  0.0   0.0   0.0   0.02  
33    C     0.1   0.0   0.0   0.0   0.16  0.02  0.01  0.01  0.0   0.09  0.09  0.01  0.0   0.01  0.0   0.04  0.14  0.0   0.0   0.32  
34    I     0.0   0.0   0.0   0.0   0.0   0.0   0.0   0.0   0.0   0.65  0.07  0.01  0.0   0.0   0.0   0.0   0.01  0.01  0.0   0.23  
35    R     0.01  0.37  0.01  0.01  0.0   0.03  0.07  0.01  0.03  0.01  0.03  0.2   0.01  0.02  0.01  0.05  0.1   0.0   0.01  0.03  
36    T     0.01  0.01  0.0   0.01  0.0   0.0   0.0   0.01  0.0   0.07  0.08  0.0   0.01  0.01  0.07  0.1   0.61  0.0   0.0   0.01  
37    G     0.15  0.02  0.04  0.09  0.0   0.03  0.05  0.12  0.02  0.0   0.01  0.09  0.0   0.0   0.1   0.22  0.04  0.0   0.0   0.01  
38    N     0.07  0.01  0.1   0.16  0.01  0.04  0.07  0.04  0.03  0.01  0.0   0.12  0.0   0.0   0.09  0.16  0.06  0.0   0.0   0.02  
39    G     0.13  0.02  0.02  0.18  0.01  0.04  0.06  0.15  0.02  0.01  0.08  0.1   0.03  0.01  0.01  0.05  0.04  0.01  0.01  0.02  
40    P     0.06  0.02  0.02  0.16  0.0   0.01  0.19  0.02  0.0   0.01  0.03  0.05  0.0   0.0   0.19  0.13  0.07  0.02  0.01  0.0   
41    L     0.03  0.0   0.01  0.03  0.0   0.0   0.02  0.01  0.0   0.08  0.49  0.02  0.07  0.09  0.0   0.04  0.05  0.0   0.01  0.04  
42    H     0.2   0.0   0.02  0.02  0.0   0.07  0.06  0.09  0.1   0.01  0.0   0.03  0.01  0.01  0.27  0.07  0.01  0.0   0.01  0.01  
43    E     0.06  0.06  0.03  0.11  0.0   0.1   0.28  0.03  0.04  0.0   0.04  0.05  0.01  0.01  0.02  0.07  0.03  0.0   0.05  0.0   
44    R     0.0   0.87  0.0   0.0   0.0   0.06  0.0   0.0   0.0   0.0   0.0   0.05  0.0   0.0   0.0   0.0   0.0   0.0   0.0   0.0   
45    L     0.0   0.0   0.0   0.0   0.0   0.0   0.0   0.0   0.0   0.09  0.83  0.0   0.04  0.0   0.0   0.0   0.0   0.0   0.03  0.02  
46    H     0.07  0.06  0.02  0.01  0.04  0.06  0.02  0.08  0.04  0.0   0.16  0.22  0.01  0.01  0.0   0.03  0.03  0.0   0.03  0.09  
47    V     0.1   0.09  0.01  0.02  0.02  0.14  0.15  0.01  0.04  0.06  0.05  0.05  0.01  0.03  0.0   0.03  0.09  0.0   0.04  0.07  
48    V     0.0   0.0   0.0   0.0   0.0   0.0   0.0   0.01  0.0   0.59  0.31  0.0   0.02  0.01  0.0   0.0   0.0   0.0   0.0   0.07  
49    F     0.04  0.0   0.03  0.02  0.04  0.0   0.05  0.02  0.15  0.01  0.04  0.02  0.0   0.22  0.0   0.06  0.01  0.0   0.27  0.03  
50    R     0.08  0.1   0.05  0.21  0.0   0.1   0.22  0.02  0.02  0.01  0.02  0.04  0.0   0.0   0.0   0.06  0.05  0.0   0.0   0.02  
51    S     0.12  0.03  0.01  0.11  0.01  0.05  0.14  0.41  0.02  0.01  0.0   0.02  0.01  0.0   0.0   0.04  0.03  0.0   0.0   0.0   
52    V     0.02  0.0   0.0   0.0   0.0   0.0   0.0   0.0   0.0   0.23  0.52  0.0   0.01  0.02  0.0   0.0   0.01  0.01  0.0   0.18  
53    R     0.09  0.09  0.05  0.11  0.02  0.02  0.12  0.05  0.05  0.02  0.06  0.03  0.0   0.0   0.0   0.17  0.08  0.0   0.0   0.05  
54    E     0.09  0.04  0.05  0.06  0.01  0.1   0.31  0.03  0.02  0.01  0.04  0.07  0.0   0.0   0.0   0.08  0.05  0.0   0.01  0.03  
55    V     0.01  0.0   0.0   0.0   0.0   0.01  0.0   0.0   0.01  0.25  0.29  0.01  0.01  0.0   0.0   0.0   0.0   0.08  0.01  0.32  
56    I     0.02  0.0   0.0   0.0   0.01  0.0   0.0   0.0   0.0   0.53  0.26  0.0   0.04  0.05  0.0   0.0   0.02  0.0   0.0   0.08  
57    R     0.12  0.12  0.05  0.19  0.0   0.05  0.15  0.01  0.03  0.01  0.03  0.08  0.01  0.0   0.01  0.05  0.06  0.0   0.01  0.01  
58    T     0.06  0.13  0.07  0.04  0.0   0.13  0.18  0.01  0.02  0.03  0.07  0.1   0.0   0.01  0.0   0.04  0.09  0.0   0.0   0.01  
59    H     0.02  0.0   0.0   0.0   0.0   0.0   0.02  0.0   0.25  0.01  0.03  0.01  0.0   0.18  0.0   0.01  0.02  0.06  0.39  0.02  
60    G     0.08  0.19  0.07  0.01  0.0   0.22  0.03  0.03  0.03  0.01  0.01  0.18  0.02  0.0   0.0   0.11  0.03  0.0   0.0   0.0   
61    P     0.0   0.0   0.0   0.0   0.0   0.0   0.0   0.0   0.0   0.05  0.0   0.0   0.0   0.01  0.9   0.0   0.0   0.0   0.0   0.03  
62    T     0.03  0.01  0.06  0.5   0.0   0.06  0.14  0.01  0.05  0.01  0.01  0.03  0.0   0.01  0.0   0.04  0.03  0.0   0.0   0.03  
63    A     0.2   0.03  0.01  0.01  0.03  0.05  0.3   0.01  0.02  0.02  0.07  0.0   0.03  0.02  0.0   0.02  0.05  0.0   0.02  0.13  
64    L     0.31  0.0   0.0   0.0   0.03  0.0   0.0   0.0   0.0   0.06  0.03  0.0   0.08  0.09  0.0   0.01  0.0   0.0   0.0   0.39  
65    S     0.79  0.0   0.0   0.0   0.0   0.0   0.0   0.03  0.0   0.0   0.0   0.0   0.0   0.0   0.0   0.11  0.01  0.0   0.0   0.06  
66    I     0.0   0.0   0.0   0.0   0.0   0.0   0.0   0.0   0.0   0.44  0.09  0.0   0.07  0.01  0.0   0.0   0.0   0.0   0.0   0.39  
67    E     0.0   0.0   0.0   0.0   0.0   0.0   1.0   0.0   0.0   0.0   0.0   0.0   0.0   0.0   0.0   0.0   0.0   0.0   0.0   0.0   
68    Q     0.02  0.14  0.03  0.08  0.0   0.15  0.21  0.01  0.01  0.02  0.0   0.19  0.02  0.0   0.0   0.04  0.06  0.0   0.0   0.0   
69    V     0.03  0.0   0.0   0.0   0.0   0.05  0.0   0.0   0.0   0.16  0.16  0.0   0.01  0.05  0.05  0.0   0.09  0.0   0.0   0.41  
70    F     0.0   0.0   0.0   0.0   0.0   0.0   0.0   0.0   0.0   0.03  0.01  0.0   0.0   0.89  0.0   0.0   0.0   0.0   0.06  0.01  
71    M     0.07  0.0   0.0   0.0   0.0   0.0   0.01  0.01  0.0   0.05  0.06  0.0   0.11  0.3   0.0   0.07  0.02  0.0   0.07  0.23  
72    A     0.21  0.02  0.3   0.01  0.0   0.1   0.0   0.08  0.04  0.0   0.0   0.0   0.0   0.03  0.0   0.09  0.0   0.0   0.1   0.02  
73    R     0.03  0.19  0.01  0.01  0.0   0.05  0.02  0.01  0.07  0.0   0.02  0.39  0.01  0.0   0.0   0.03  0.04  0.0   0.06  0.07  
74    N     0.01  0.0   0.76  0.07  0.0   0.04  0.0   0.0   0.0   0.0   0.0   0.01  0.04  0.0   0.0   0.08  0.0   0.0   0.0   0.0   
75    A     0.2   0.02  0.02  0.0   0.0   0.0   0.0   0.04  0.02  0.05  0.01  0.01  0.01  0.0   0.3   0.09  0.02  0.0   0.01  0.2   
76    D     0.04  0.1   0.09  0.12  0.0   0.2   0.01  0.02  0.01  0.0   0.01  0.21  0.0   0.0   0.0   0.07  0.07  0.0   0.01  0.04  
77    S     0.09  0.0   0.0   0.0   0.0   0.0   0.0   0.01  0.0   0.0   0.01  0.0   0.0   0.0   0.0   0.46  0.42  0.0   0.0   0.01  
78    A     0.47  0.0   0.0   0.0   0.0   0.0   0.0   0.0   0.0   0.03  0.0   0.0   0.02  0.0   0.0   0.08  0.2   0.0   0.0   0.17  
79    L     0.02  0.0   0.0   0.0   0.0   0.0   0.0   0.02  0.0   0.23  0.55  0.0   0.12  0.03  0.0   0.0   0.01  0.0   0.01  0.01  
80    K     0.05  0.01  0.03  0.0   0.0   0.01  0.0   0.14  0.01  0.01  0.07  0.49  0.01  0.01  0.0   0.08  0.08  0.0   0.0   0.03  
81    L     0.0   0.0   0.0   0.0   0.0   0.0   0.0   0.0   0.0   0.03  0.59  0.0   0.03  0.0   0.0   0.0   0.1   0.0   0.0   0.26  
82    G     0.25  0.0   0.0   0.0   0.03  0.0   0.0   0.63  0.0   0.01  0.0   0.0   0.02  0.0   0.0   0.02  0.0   0.0   0.0   0.04  
83    Q     0.02  0.02  0.0   0.0   0.0   0.7   0.05  0.0   0.09  0.0   0.0   0.01  0.03  0.0   0.0   0.0   0.0   0.01  0.08  0.0   
84    A     0.85  0.0   0.0   0.0   0.0   0.0   0.0   0.01  0.0   0.0   0.0   0.0   0.0   0.06  0.0   0.0   0.01  0.0   0.0   0.06  
85    R     0.02  0.77  0.0   0.0   0.0   0.04  0.0   0.04  0.0   0.0   0.03  0.02  0.0   0.01  0.0   0.05  0.0   0.0   0.0   0.01  
86    G     0.1   0.0   0.0   0.0   0.01  0.0   0.0   0.89  0.0   0.0   0.0   0.0   0.0   0.0   0.0   0.01  0.0   0.0   0.0   0.0   
87    A     0.36  0.0   0.0   0.0   0.0   0.0   0.0   0.01  0.0   0.1   0.01  0.0   0.01  0.0   0.0   0.01  0.01  0.0   0.0   0.5   
88    A     0.44  0.0   0.0   0.0   0.01  0.0   0.01  0.0   0.0   0.2   0.13  0.0   0.0   0.0   0.0   0.02  0.01  0.0   0.0   0.19  
89    I     0.04  0.0   0.02  0.0   0.01  0.01  0.0   0.0   0.0   0.31  0.28  0.0   0.19  0.01  0.0   0.05  0.01  0.0   0.0   0.07  
90    V     0.1   0.0   0.0   0.0   0.05  0.0   0.0   0.0   0.0   0.03  0.54  0.0   0.06  0.0   0.0   0.04  0.02  0.0   0.01  0.14  
91    A     0.56  0.01  0.0   0.0   0.02  0.0   0.01  0.03  0.0   0.01  0.06  0.04  0.0   0.0   0.0   0.02  0.1   0.0   0.0   0.12  
92    A     0.42  0.0   0.0   0.0   0.06  0.0   0.0   0.04  0.0   0.11  0.2   0.0   0.01  0.01  0.07  0.02  0.01  0.0   0.0   0.04  
93    M     0.5   0.01  0.01  0.0   0.0   0.01  0.02  0.05  0.0   0.03  0.08  0.01  0.04  0.01  0.0   0.05  0.02  0.0   0.03  0.14  
94    E     0.04  0.2   0.13  0.01  0.0   0.23  0.07  0.01  0.02  0.02  0.1   0.03  0.02  0.0   0.0   0.07  0.01  0.0   0.0   0.01  
95    E     0.24  0.2   0.05  0.0   0.02  0.04  0.05  0.03  0.08  0.01  0.04  0.06  0.02  0.03  0.0   0.06  0.02  0.0   0.04  0.01  
96    G     0.01  0.03  0.12  0.16  0.01  0.02  0.03  0.44  0.05  0.01  0.01  0.06  0.0   0.01  0.0   0.02  0.0   0.0   0.0   0.0   
97    L     0.01  0.01  0.0   0.0   0.01  0.0   0.0   0.06  0.0   0.25  0.51  0.01  0.0   0.0   0.0   0.02  0.0   0.0   0.0   0.13  
98    S     0.04  0.04  0.04  0.08  0.0   0.02  0.09  0.0   0.0   0.02  0.03  0.02  0.0   0.01  0.53  0.05  0.02  0.0   0.01  0.01  
99    V     0.0   0.0   0.0   0.0   0.0   0.02  0.0   0.0   0.0   0.18  0.06  0.0   0.03  0.09  0.0   0.0   0.0   0.0   0.02  0.59  
100   A     0.26  0.02  0.02  0.0   0.02  0.03  0.01  0.04  0.08  0.01  0.01  0.0   0.03  0.17  0.02  0.1   0.03  0.0   0.1   0.06  
101   E     0.03  0.0   0.0   0.01  0.0   0.01  0.79  0.0   0.01  0.01  0.06  0.0   0.01  0.03  0.0   0.01  0.01  0.0   0.0   0.02  
102   Y     0.0   0.0   0.0   0.0   0.0   0.0   0.0   0.0   0.1   0.0   0.02  0.0   0.0   0.12  0.0   0.0   0.0   0.0   0.77  0.0   
103   T     0.27  0.0   0.01  0.01  0.0   0.0   0.02  0.03  0.01  0.0   0.03  0.04  0.0   0.0   0.04  0.13  0.42  0.0   0.0   0.0   
104   A     0.25  0.0   0.0   0.0   0.0   0.0   0.0   0.0   0.02  0.0   0.0   0.0   0.0   0.0   0.69  0.02  0.02  0.0   0.0   0.0   
105   S     0.06  0.13  0.15  0.0   0.0   0.02  0.0   0.0   0.01  0.01  0.21  0.07  0.07  0.0   0.01  0.15  0.09  0.0   0.01  0.01  
106   Q     0.04  0.03  0.0   0.0   0.01  0.42  0.22  0.0   0.0   0.0   0.05  0.06  0.0   0.0   0.0   0.06  0.04  0.0   0.02  0.03  
107   V     0.03  0.0   0.0   0.0   0.0   0.0   0.0   0.0   0.0   0.28  0.02  0.0   0.02  0.0   0.0   0.03  0.0   0.0   0.0   0.63  
108   K     0.0   0.0   0.0   0.0   0.0   0.0   0.0   0.0   0.0   0.0   0.0   0.98  0.0   0.0   0.0   0.0   0.0   0.02  0.0   0.0   
109   Q     0.1   0.03  0.02  0.0   0.0   0.28  0.0   0.0   0.0   0.0   0.13  0.35  0.02  0.0   0.0   0.05  0.01  0.0   0.0   0.01  
110   A     0.6   0.01  0.01  0.0   0.03  0.01  0.0   0.02  0.0   0.01  0.0   0.0   0.0   0.0   0.0   0.17  0.12  0.0   0.0   0.01  
111   V     0.01  0.0   0.0   0.0   0.0   0.0   0.0   0.0   0.02  0.18  0.15  0.0   0.01  0.01  0.0   0.0   0.0   0.0   0.0   0.62  
112   V     0.09  0.0   0.0   0.0   0.01  0.0   0.0   0.0   0.0   0.03  0.02  0.0   0.0   0.01  0.0   0.04  0.42  0.0   0.0   0.38  
113   G     0.0   0.0   0.0   0.0   0.0   0.0   0.0   0.99  0.0   0.0   0.0   0.0   0.0   0.0   0.0   0.01  0.0   0.0   0.0   0.0   
114   T     0.03  0.05  0.2   0.01  0.0   0.01  0.0   0.0   0.05  0.02  0.0   0.07  0.0   0.02  0.0   0.12  0.14  0.0   0.24  0.03  
115   G     0.04  0.0   0.0   0.0   0.0   0.0   0.0   0.96  0.0   0.0   0.0   0.0   0.0   0.0   0.0   0.0   0.0   0.0   0.0   0.0   
116   G     0.1   0.29  0.09  0.0   0.0   0.03  0.0   0.09  0.16  0.0   0.01  0.16  0.01  0.0   0.0   0.06  0.01  0.0   0.0   0.0   
117   A     0.96  0.0   0.0   0.0   0.0   0.0   0.0   0.02  0.0   0.01  0.0   0.0   0.0   0.0   0.0   0.01  0.0   0.0   0.0   0.0   
118   D     0.09  0.01  0.06  0.33  0.0   0.04  0.17  0.03  0.01  0.0   0.0   0.04  0.0   0.0   0.03  0.12  0.07  0.0   0.0   0.0   
119   K     0.0   0.0   0.0   0.0   0.0   0.0   0.0   0.0   0.0   0.0   0.0   1.0   0.0   0.0   0.0   0.0   0.0   0.0   0.0   0.0   
120   Q     0.16  0.05  0.02  0.1   0.01  0.07  0.26  0.02  0.01  0.02  0.02  0.08  0.0   0.0   0.01  0.08  0.05  0.0   0.02  0.03  
121   Q     0.04  0.0   0.0   0.02  0.0   0.84  0.09  0.0   0.0   0.0   0.0   0.0   0.0   0.0   0.0   0.0   0.0   0.0   0.0   0.0   
122   V     0.0   0.0   0.0   0.0   0.0   0.0   0.0   0.0   0.0   0.16  0.0   0.0   0.06  0.0   0.0   0.0   0.0   0.0   0.0   0.77  
123   Q     0.19  0.01  0.0   0.0   0.01  0.49  0.02  0.05  0.03  0.03  0.05  0.03  0.01  0.0   0.0   0.03  0.06  0.0   0.0   0.0   
124   M     0.12  0.05  0.02  0.03  0.0   0.07  0.13  0.01  0.12  0.0   0.05  0.03  0.08  0.18  0.0   0.01  0.01  0.0   0.07  0.01  
125   M     0.09  0.0   0.0   0.0   0.0   0.0   0.0   0.0   0.0   0.01  0.02  0.01  0.83  0.0   0.0   0.0   0.01  0.0   0.0   0.02  
126   V     0.01  0.01  0.0   0.0   0.0   0.0   0.0   0.0   0.0   0.09  0.07  0.0   0.01  0.0   0.0   0.0   0.01  0.0   0.0   0.8   
127   M     0.09  0.15  0.0   0.0   0.02  0.12  0.03  0.03  0.0   0.0   0.0   0.29  0.08  0.0   0.0   0.04  0.12  0.0   0.01  0.02  
128   H     0.07  0.35  0.04  0.0   0.0   0.05  0.01  0.01  0.04  0.06  0.06  0.08  0.03  0.02  0.0   0.07  0.05  0.0   0.01  0.05  
129   L     0.0   0.01  0.01  0.0   0.0   0.02  0.07  0.0   0.0   0.22  0.46  0.0   0.09  0.06  0.0   0.02  0.01  0.0   0.01  0.04  
130   L     0.0   0.0   0.0   0.0   0.0   0.0   0.0   0.0   0.0   0.01  0.92  0.0   0.04  0.03  0.0   0.0   0.0   0.0   0.0   0.01  
131   K     0.03  0.09  0.21  0.03  0.01  0.02  0.03  0.21  0.04  0.0   0.01  0.14  0.0   0.0   0.11  0.06  0.01  0.0   0.0   0.0   
132   L     0.01  0.01  0.01  0.0   0.0   0.0   0.0   0.07  0.0   0.1   0.69  0.04  0.02  0.01  0.0   0.01  0.0   0.0   0.0   0.03  
133   T     0.1   0.04  0.05  0.1   0.01  0.06  0.06  0.03  0.0   0.01  0.02  0.14  0.0   0.0   0.13  0.13  0.09  0.0   0.0   0.03  
134   Q     0.15  0.02  0.03  0.07  0.01  0.04  0.26  0.09  0.01  0.02  0.01  0.13  0.0   0.01  0.02  0.06  0.06  0.0   0.0   0.01  
135   K     0.09  0.02  0.02  0.03  0.01  0.01  0.02  0.0   0.01  0.17  0.12  0.18  0.01  0.03  0.12  0.03  0.05  0.0   0.0   0.06  
136   P     0.04  0.01  0.0   0.03  0.0   0.0   0.01  0.02  0.0   0.03  0.02  0.04  0.0   0.0   0.72  0.01  0.04  0.01  0.0   0.01  
137   Q     0.04  0.13  0.04  0.03  0.02  0.17  0.06  0.09  0.01  0.02  0.01  0.21  0.01  0.01  0.02  0.06  0.05  0.0   0.01  0.01  
138   I     0.21  0.0   0.01  0.06  0.0   0.01  0.06  0.0   0.02  0.05  0.12  0.02  0.01  0.03  0.22  0.07  0.04  0.0   0.04  0.02  
139   D     0.0   0.0   0.01  0.93  0.0   0.0   0.01  0.0   0.03  0.0   0.0   0.0   0.0   0.0   0.0   0.02  0.0   0.0   0.0   0.0   
140   A     0.55  0.0   0.0   0.02  0.01  0.0   0.05  0.0   0.0   0.1   0.02  0.0   0.0   0.0   0.0   0.05  0.06  0.0   0.0   0.13  
141   S     0.65  0.0   0.0   0.0   0.0   0.0   0.0   0.01  0.0   0.0   0.0   0.0   0.0   0.0   0.0   0.18  0.13  0.0   0.01  0.02  
142   D     0.01  0.0   0.0   0.99  0.0   0.0   0.0   0.0   0.0   0.0   0.0   0.0   0.0   0.0   0.0   0.0   0.0   0.0   0.0   0.0   
143   A     0.93  0.0   0.0   0.01  0.0   0.0   0.0   0.05  0.0   0.0   0.0   0.0   0.0   0.0   0.0   0.01  0.0   0.0   0.0   0.0   
144   L     0.01  0.0   0.0   0.0   0.0   0.0   0.0   0.0   0.0   0.12  0.77  0.0   0.02  0.03  0.0   0.0   0.0   0.0   0.0   0.04  
145   A     0.88  0.0   0.0   0.0   0.0   0.0   0.0   0.11  0.0   0.0   0.01  0.0   0.0   0.0   0.0   0.0   0.0   0.0   0.0   0.0   
146   I     0.07  0.0   0.0   0.0   0.03  0.0   0.0   0.0   0.0   0.39  0.13  0.0   0.02  0.0   0.0   0.0   0.02  0.0   0.0   0.33  
147   A     0.92  0.0   0.0   0.0   0.02  0.0   0.0   0.02  0.0   0.0   0.0   0.0   0.0   0.0   0.0   0.02  0.0   0.0   0.0   0.02  
148   L     0.0   0.0   0.0   0.0   0.01  0.0   0.0   0.0   0.0   0.54  0.29  0.0   0.03  0.0   0.0   0.0   0.0   0.01  0.03  0.09  
149   C     0.04  0.0   0.0   0.0   0.63  0.0   0.0   0.0   0.0   0.0   0.0   0.0   0.0   0.0   0.0   0.02  0.3   0.0   0.01  0.0   
150   H     0.01  0.0   0.0   0.01  0.0   0.0   0.0   0.0   0.93  0.0   0.0   0.02  0.0   0.0   0.0   0.0   0.0   0.0   0.02  0.0   
151   A     0.63  0.0   0.0   0.0   0.02  0.0   0.01  0.04  0.01  0.08  0.06  0.0   0.0   0.02  0.0   0.07  0.01  0.0   0.03  0.03  
152   H     0.0   0.0   0.18  0.0   0.0   0.08  0.0   0.0   0.56  0.0   0.0   0.0   0.0   0.03  0.0   0.0   0.0   0.0   0.16  0.0   
153   T     0.0   0.0   0.17  0.0   0.0   0.0   0.0   0.0   0.0   0.0   0.0   0.0   0.0   0.0   0.0   0.46  0.35  0.0   0.0   0.02  
