             A     R     N     D     C     Q     E     G     H     I     L     K     M     F     P     S     T     W     Y     V
1     V     0.0   0.0   0.0   0.0   0.0   0.0   0.0   0.0   0.0   0.0   0.0   0.0   0.0   0.0   0.0   0.0   0.0   0.0   0.0   0.0   
2     N     0.0   0.0   0.0   0.0   0.0   0.0   0.0   0.0   0.0   0.0   0.0   0.0   0.0   0.0   0.0   0.0   0.0   0.0   0.0   0.0   
3     V     0.0   0.0   0.0   0.0   0.76  0.0   0.0   0.0   0.0   0.0   0.0   0.0   0.0   0.0   0.0   0.0   0.0   0.0   0.0   0.24  
4     L     0.0   0.29  0.0   0.0   0.0   0.0   0.0   0.0   0.0   0.0   0.71  0.0   0.0   0.0   0.0   0.0   0.0   0.0   0.0   0.0   
5     L     0.0   0.0   0.0   0.0   0.0   0.12  0.0   0.0   0.0   0.0   0.34  0.0   0.46  0.0   0.0   0.0   0.0   0.0   0.0   0.09  
6     Y     0.0   0.08  0.03  0.09  0.06  0.12  0.0   0.02  0.3   0.0   0.0   0.13  0.0   0.05  0.0   0.04  0.0   0.0   0.1   0.0   
7     D     0.0   0.0   0.24  0.19  0.0   0.1   0.07  0.08  0.0   0.0   0.0   0.17  0.0   0.0   0.0   0.16  0.0   0.0   0.0   0.0   
8     M     0.0   0.0   0.0   0.0   0.0   0.0   0.0   0.0   0.0   0.09  0.47  0.0   0.15  0.01  0.0   0.0   0.0   0.0   0.0   0.28  
9     N     0.0   0.11  0.83  0.0   0.0   0.0   0.0   0.0   0.0   0.0   0.0   0.04  0.0   0.0   0.0   0.03  0.0   0.0   0.0   0.0   
10    G     0.03  0.03  0.09  0.19  0.0   0.08  0.19  0.06  0.05  0.0   0.02  0.03  0.05  0.0   0.0   0.12  0.03  0.0   0.0   0.03  
11    C     0.61  0.0   0.0   0.0   0.09  0.0   0.0   0.16  0.0   0.0   0.0   0.0   0.0   0.0   0.0   0.09  0.0   0.0   0.04  0.0   
12    Y     0.0   0.0   0.0   0.0   0.0   0.0   0.0   0.0   0.0   0.0   0.17  0.0   0.0   0.67  0.0   0.0   0.0   0.0   0.16  0.0   
13    S     0.17  0.0   0.0   0.24  0.0   0.04  0.15  0.0   0.0   0.02  0.09  0.01  0.0   0.0   0.0   0.2   0.05  0.0   0.0   0.03  
14    R     0.17  0.18  0.08  0.0   0.0   0.06  0.11  0.01  0.0   0.01  0.04  0.14  0.02  0.0   0.0   0.07  0.13  0.0   0.0   0.0   
15    L     0.0   0.0   0.0   0.0   0.0   0.0   0.0   0.0   0.0   0.0   1.0   0.0   0.0   0.0   0.0   0.0   0.0   0.0   0.0   0.0   
16    K     0.0   0.64  0.0   0.0   0.0   0.06  0.0   0.0   0.0   0.0   0.01  0.28  0.0   0.0   0.0   0.0   0.0   0.0   0.0   0.0   
17    E     0.05  0.23  0.03  0.13  0.0   0.08  0.19  0.02  0.01  0.0   0.0   0.18  0.0   0.0   0.0   0.03  0.04  0.0   0.0   0.01  
18    L     0.0   0.04  0.0   0.0   0.07  0.0   0.0   0.0   0.2   0.04  0.25  0.07  0.0   0.0   0.0   0.03  0.07  0.0   0.05  0.18  
19    V     0.0   0.0   0.0   0.0   0.0   0.0   0.0   0.0   0.0   0.23  0.23  0.0   0.02  0.0   0.0   0.01  0.11  0.0   0.0   0.4   
20    P     0.0   0.0   0.0   0.0   0.01  0.0   0.0   0.0   0.0   0.0   0.0   0.0   0.0   0.0   0.88  0.04  0.01  0.0   0.0   0.03  
21    T     0.07  0.01  0.05  0.0   0.08  0.03  0.11  0.09  0.03  0.02  0.01  0.02  0.0   0.07  0.0   0.1   0.27  0.03  0.0   0.01  
22    L     0.04  0.02  0.1   0.01  0.0   0.0   0.04  0.03  0.04  0.07  0.23  0.0   0.05  0.11  0.01  0.0   0.03  0.02  0.06  0.13  
23    P     0.08  0.01  0.04  0.02  0.0   0.0   0.02  0.09  0.0   0.0   0.02  0.0   0.0   0.01  0.53  0.06  0.02  0.0   0.02  0.08  
24    Q     0.11  0.03  0.03  0.05  0.0   0.1   0.04  0.03  0.03  0.0   0.03  0.16  0.02  0.0   0.18  0.08  0.01  0.0   0.07  0.03  
25    N     0.0   0.0   0.36  0.31  0.0   0.0   0.14  0.06  0.03  0.0   0.0   0.0   0.0   0.0   0.0   0.04  0.06  0.0   0.0   0.0   
26    R     0.02  0.15  0.0   0.0   0.0   0.21  0.08  0.0   0.0   0.0   0.01  0.35  0.0   0.0   0.0   0.02  0.14  0.0   0.0   0.0   
27    K     0.0   0.28  0.0   0.0   0.0   0.04  0.0   0.0   0.0   0.0   0.0   0.68  0.0   0.0   0.0   0.0   0.0   0.0   0.0   0.0   
28    V     0.07  0.0   0.0   0.0   0.0   0.0   0.0   0.0   0.0   0.03  0.79  0.0   0.03  0.0   0.03  0.0   0.0   0.0   0.0   0.05  
29    S     0.07  0.0   0.0   0.0   0.0   0.0   0.0   0.0   0.0   0.0   0.0   0.0   0.0   0.0   0.13  0.71  0.09  0.0   0.0   0.0   
30    K     0.0   0.04  0.0   0.0   0.0   0.04  0.0   0.0   0.0   0.0   0.0   0.92  0.0   0.0   0.0   0.0   0.0   0.0   0.0   0.0   
31    V     0.0   0.0   0.03  0.0   0.0   0.0   0.0   0.0   0.02  0.31  0.1   0.0   0.01  0.02  0.0   0.0   0.0   0.0   0.04  0.47  
32    E     0.0   0.0   0.0   0.17  0.0   0.04  0.68  0.0   0.01  0.0   0.0   0.02  0.0   0.0   0.0   0.01  0.0   0.0   0.0   0.07  
33    I     0.0   0.0   0.0   0.0   0.0   0.0   0.0   0.0   0.0   0.4   0.0   0.0   0.0   0.0   0.0   0.0   0.55  0.0   0.0   0.05  
34    L     0.0   0.0   0.0   0.0   0.0   0.0   0.0   0.0   0.0   0.04  0.96  0.0   0.0   0.0   0.0   0.0   0.0   0.0   0.0   0.0   
35    Q     0.0   0.57  0.02  0.0   0.0   0.2   0.0   0.0   0.0   0.0   0.02  0.15  0.0   0.0   0.0   0.0   0.03  0.0   0.0   0.02  
36    H     0.04  0.02  0.07  0.0   0.0   0.0   0.02  0.03  0.11  0.04  0.37  0.07  0.09  0.05  0.0   0.08  0.0   0.0   0.0   0.0   
37    V     0.87  0.0   0.0   0.0   0.0   0.0   0.0   0.0   0.0   0.0   0.0   0.0   0.0   0.0   0.0   0.0   0.0   0.0   0.0   0.13  
38    I     0.04  0.03  0.0   0.0   0.02  0.05  0.0   0.0   0.04  0.4   0.02  0.07  0.03  0.0   0.0   0.05  0.16  0.0   0.01  0.07  
39    D     0.03  0.11  0.17  0.16  0.01  0.01  0.2   0.01  0.0   0.01  0.0   0.06  0.01  0.0   0.0   0.15  0.05  0.0   0.0   0.02  
40    Y     0.0   0.0   0.0   0.0   0.0   0.0   0.0   0.0   0.0   0.0   0.0   0.0   0.0   0.0   0.0   0.0   0.0   0.0   1.0   0.0   
41    I     0.0   0.0   0.0   0.0   0.0   0.0   0.0   0.0   0.0   0.94  0.0   0.0   0.0   0.0   0.0   0.0   0.0   0.0   0.0   0.06  
42    R     0.09  0.08  0.07  0.07  0.04  0.05  0.14  0.04  0.07  0.02  0.06  0.04  0.02  0.03  0.0   0.09  0.0   0.1   0.0   0.0   
43    D     0.22  0.07  0.02  0.14  0.02  0.0   0.02  0.01  0.1   0.01  0.0   0.02  0.02  0.14  0.0   0.1   0.02  0.0   0.08  0.01  
44    L     0.0   0.0   0.0   0.0   0.0   0.0   0.0   0.0   0.0   0.0   0.96  0.0   0.04  0.0   0.0   0.0   0.0   0.0   0.0   0.0   
45    Q     0.05  0.04  0.02  0.03  0.02  0.46  0.05  0.04  0.0   0.0   0.0   0.0   0.02  0.0   0.0   0.15  0.09  0.0   0.02  0.03  
46    L     0.06  0.12  0.04  0.14  0.02  0.11  0.21  0.0   0.03  0.02  0.05  0.06  0.0   0.0   0.0   0.03  0.08  0.0   0.0   0.03  
47    E     0.04  0.0   0.0   0.0   0.0   0.02  0.1   0.0   0.0   0.11  0.39  0.0   0.04  0.0   0.0   0.02  0.07  0.0   0.0   0.21  
48    L     0.0   0.0   0.0   0.0   0.0   0.0   0.0   0.0   0.0   0.03  0.93  0.0   0.0   0.0   0.0   0.0   0.0   0.0   0.0   0.03  
49    N     0.0   0.11  0.04  0.17  0.0   0.23  0.23  0.12  0.02  0.0   0.0   0.0   0.0   0.0   0.0   0.09  0.0   0.0   0.0   0.0   
50    S     0.07  0.0   0.0   0.0   0.0   0.0   0.0   0.0   0.0   0.0   0.0   0.0   0.0   0.0   0.0   0.59  0.34  0.0   0.0   0.0   
