             A     R     N     D     C     Q     E     G     H     I     L     K     M     F     P     S     T     W     Y     V
1     Q     0.0   0.0   0.0   0.0   0.0   0.0   0.0   0.0   0.0   0.0   0.0   0.0   0.0   0.0   0.0   0.0   0.0   0.0   0.0   0.0   
2     I     0.0   0.0   0.0   0.0   0.0   0.0   0.0   0.0   0.0   0.0   0.0   0.0   0.0   0.0   0.0   0.0   0.0   0.0   0.0   0.0   
3     Q     0.0   0.0   0.0   0.0   0.0   0.0   0.0   0.0   0.0   0.0   0.0   0.0   0.0   0.0   0.0   0.0   0.0   0.0   0.0   0.0   
4     P     0.0   0.0   0.0   0.0   0.0   0.0   0.0   0.0   0.0   0.0   0.0   0.0   0.0   0.0   0.0   0.0   0.0   0.0   0.0   0.0   
5     V     0.0   0.0   0.0   0.0   0.0   0.0   0.0   0.0   0.0   0.0   0.0   0.0   0.0   0.0   0.0   0.0   0.0   0.0   0.0   0.0   
6     T     0.0   0.0   0.0   0.0   0.0   0.0   0.0   0.0   0.0   0.0   0.0   0.0   0.0   0.0   0.0   0.0   0.0   0.0   0.0   0.0   
7     R     0.0   1.0   0.0   0.0   0.0   0.0   0.0   0.0   0.0   0.0   0.0   0.0   0.0   0.0   0.0   0.0   0.0   0.0   0.0   0.0   
8     G     0.0   0.0   0.0   0.0   0.0   0.0   0.0   0.42  0.0   0.0   0.0   0.0   0.0   0.0   0.0   0.0   0.0   0.58  0.0   0.0   
9     R     0.0   0.71  0.0   0.0   0.0   0.29  0.0   0.0   0.0   0.0   0.0   0.0   0.0   0.0   0.0   0.0   0.0   0.0   0.0   0.0   
10    A     0.22  0.31  0.0   0.0   0.0   0.0   0.0   0.0   0.0   0.0   0.0   0.47  0.0   0.0   0.0   0.0   0.0   0.0   0.0   0.0   
11    K     0.0   0.31  0.0   0.0   0.0   0.0   0.0   0.0   0.0   0.0   0.0   0.69  0.0   0.0   0.0   0.0   0.0   0.0   0.0   0.0   
12    V     0.0   0.0   0.0   0.0   0.0   0.0   0.0   0.0   0.0   0.18  0.0   0.29  0.0   0.0   0.0   0.0   0.0   0.0   0.0   0.53  
13    P     0.0   0.0   0.29  0.18  0.0   0.0   0.0   0.0   0.0   0.0   0.0   0.0   0.0   0.0   0.53  0.0   0.0   0.0   0.0   0.0   
14    V     0.0   0.0   0.0   0.0   0.0   0.0   0.0   0.0   0.0   0.55  0.0   0.0   0.0   0.0   0.0   0.0   0.0   0.0   0.21  0.24  
15    I     0.0   0.0   0.0   0.0   0.0   0.0   0.0   0.0   0.0   0.59  0.0   0.0   0.0   0.0   0.0   0.0   0.13  0.0   0.0   0.28  
16    M     0.0   0.08  0.0   0.0   0.0   0.0   0.0   0.0   0.14  0.0   0.12  0.0   0.18  0.0   0.0   0.21  0.0   0.0   0.27  0.0   
17    Q     0.0   0.0   0.0   0.0   0.0   1.0   0.0   0.0   0.0   0.0   0.0   0.0   0.0   0.0   0.0   0.0   0.0   0.0   0.0   0.0   
18    M     0.0   0.0   0.09  0.0   0.0   0.06  0.16  0.0   0.0   0.0   0.0   0.0   0.08  0.09  0.0   0.13  0.11  0.0   0.0   0.27  
19    E     0.0   0.06  0.16  0.28  0.0   0.29  0.17  0.0   0.0   0.0   0.0   0.0   0.0   0.0   0.0   0.06  0.0   0.0   0.0   0.0   
20    A     0.07  0.09  0.0   0.0   0.0   0.12  0.31  0.06  0.0   0.0   0.0   0.0   0.0   0.0   0.07  0.19  0.1   0.0   0.0   0.0   
21    L     0.1   0.04  0.34  0.0   0.0   0.08  0.0   0.0   0.08  0.0   0.07  0.06  0.13  0.0   0.0   0.0   0.0   0.0   0.11  0.0   
22    E     0.0   0.0   0.0   0.58  0.0   0.0   0.31  0.0   0.0   0.0   0.0   0.0   0.0   0.0   0.0   0.11  0.0   0.0   0.0   0.0   
23    C     0.0   0.0   0.0   0.0   0.86  0.0   0.0   0.0   0.0   0.0   0.14  0.0   0.0   0.0   0.0   0.0   0.0   0.0   0.0   0.0   
24    G     0.0   0.0   0.0   0.0   0.0   0.0   0.0   0.92  0.0   0.0   0.08  0.0   0.0   0.0   0.0   0.0   0.0   0.0   0.0   0.0   
25    A     0.07  0.0   0.0   0.0   0.08  0.0   0.0   0.0   0.0   0.14  0.45  0.0   0.0   0.0   0.11  0.0   0.0   0.0   0.0   0.15  
26    A     0.71  0.0   0.0   0.0   0.14  0.0   0.0   0.0   0.0   0.0   0.0   0.0   0.0   0.0   0.0   0.0   0.0   0.0   0.0   0.14  
27    S     0.43  0.0   0.0   0.0   0.31  0.0   0.0   0.0   0.0   0.0   0.0   0.0   0.0   0.0   0.0   0.12  0.0   0.0   0.0   0.14  
28    L     0.0   0.0   0.0   0.0   0.0   0.0   0.0   0.0   0.0   0.21  0.71  0.0   0.0   0.0   0.0   0.0   0.0   0.0   0.08  0.0   
29    A     0.43  0.0   0.05  0.0   0.0   0.0   0.0   0.14  0.0   0.0   0.0   0.05  0.0   0.0   0.0   0.24  0.09  0.0   0.0   0.0   
30    M     0.0   0.0   0.0   0.0   0.0   0.0   0.0   0.0   0.0   0.0   0.0   0.0   0.81  0.0   0.0   0.08  0.11  0.0   0.0   0.0   
31    V     0.0   0.0   0.0   0.0   0.0   0.0   0.0   0.0   0.0   0.48  0.29  0.0   0.0   0.0   0.0   0.0   0.0   0.0   0.0   0.23  
32    L     0.29  0.0   0.0   0.0   0.1   0.0   0.0   0.0   0.0   0.0   0.57  0.0   0.0   0.05  0.0   0.0   0.0   0.0   0.0   0.0   
33    A     0.11  0.11  0.07  0.0   0.0   0.14  0.0   0.23  0.0   0.07  0.0   0.26  0.0   0.0   0.0   0.0   0.0   0.0   0.0   0.0   
34    Y     0.0   0.0   0.11  0.0   0.0   0.0   0.07  0.0   0.27  0.0   0.0   0.0   0.0   0.08  0.0   0.08  0.0   0.0   0.39  0.0   
35    Y     0.0   0.0   0.0   0.07  0.0   0.0   0.0   0.0   0.22  0.0   0.18  0.0   0.0   0.18  0.0   0.0   0.0   0.0   0.35  0.0   
36    K     0.0   0.0   0.22  0.0   0.0   0.0   0.07  0.52  0.07  0.0   0.0   0.11  0.0   0.0   0.0   0.0   0.0   0.0   0.0   0.0   
37    K     0.0   0.08  0.0   0.0   0.0   0.0   0.07  0.0   0.0   0.14  0.08  0.24  0.0   0.0   0.0   0.1   0.18  0.0   0.0   0.11  
38    W     0.0   0.04  0.23  0.2   0.0   0.0   0.13  0.0   0.06  0.0   0.0   0.0   0.0   0.0   0.05  0.09  0.0   0.07  0.12  0.0   
39    V     0.0   0.0   0.0   0.0   0.11  0.0   0.0   0.0   0.0   0.15  0.19  0.15  0.0   0.0   0.0   0.0   0.0   0.0   0.18  0.22  
40    P     0.08  0.0   0.14  0.1   0.0   0.0   0.0   0.08  0.07  0.0   0.0   0.0   0.05  0.05  0.07  0.18  0.11  0.0   0.07  0.0   
41    L     0.07  0.0   0.0   0.0   0.0   0.0   0.12  0.01  0.0   0.22  0.39  0.0   0.0   0.0   0.15  0.01  0.0   0.0   0.0   0.0   
42    E     0.33  0.0   0.0   0.15  0.0   0.06  0.21  0.0   0.15  0.1   0.0   0.0   0.0   0.0   0.0   0.0   0.0   0.0   0.0   0.0   
43    Q     0.0   0.06  0.0   0.0   0.0   0.07  0.48  0.0   0.1   0.0   0.0   0.04  0.0   0.08  0.0   0.13  0.0   0.0   0.05  0.0   
44    V     0.0   0.0   0.0   0.0   0.0   0.0   0.0   0.0   0.0   0.14  0.79  0.0   0.0   0.0   0.0   0.0   0.0   0.0   0.0   0.07  
45    R     0.11  0.44  0.0   0.0   0.0   0.0   0.0   0.0   0.0   0.0   0.22  0.14  0.0   0.0   0.0   0.0   0.0   0.0   0.08  0.0   
46    V     0.0   0.1   0.0   0.12  0.0   0.05  0.36  0.0   0.14  0.0   0.08  0.0   0.0   0.0   0.0   0.08  0.0   0.0   0.0   0.07  
47    D     0.0   0.0   0.0   0.07  0.0   0.14  0.0   0.08  0.0   0.0   0.47  0.24  0.0   0.0   0.0   0.0   0.0   0.0   0.0   0.0   
48    C     0.33  0.0   0.0   0.0   0.07  0.0   0.08  0.0   0.0   0.22  0.0   0.0   0.0   0.24  0.0   0.06  0.0   0.0   0.0   0.0   
49    G     0.0   0.0   0.24  0.14  0.0   0.0   0.0   0.4   0.0   0.0   0.0   0.14  0.08  0.0   0.0   0.0   0.0   0.0   0.0   0.0   
50    V     0.01  0.0   0.0   0.0   0.0   0.0   0.0   0.01  0.0   0.13  0.34  0.0   0.0   0.0   0.0   0.01  0.39  0.0   0.0   0.08  
51    S     0.0   0.0   0.0   0.38  0.0   0.0   0.05  0.0   0.0   0.0   0.0   0.0   0.0   0.0   0.22  0.17  0.18  0.0   0.0   0.0   
52    R     0.21  0.07  0.0   0.0   0.0   0.0   0.11  0.14  0.0   0.08  0.06  0.08  0.09  0.0   0.15  0.0   0.0   0.0   0.0   0.0   
53    D     0.0   0.1   0.12  0.3   0.0   0.0   0.2   0.0   0.0   0.0   0.0   0.1   0.0   0.0   0.0   0.18  0.0   0.0   0.0   0.0   
54    G     0.0   0.0   0.0   0.0   0.0   0.0   0.0   1.0   0.0   0.0   0.0   0.0   0.0   0.0   0.0   0.0   0.0   0.0   0.0   0.0   
55    S     0.1   0.0   0.0   0.0   0.0   0.0   0.0   0.0   0.0   0.0   0.37  0.0   0.0   0.0   0.0   0.07  0.39  0.0   0.08  0.0   
56    N     0.0   0.0   0.12  0.0   0.0   0.0   0.0   0.0   0.0   0.0   0.0   0.0   0.0   0.0   0.0   0.53  0.35  0.0   0.0   0.0   
57    A     0.3   0.0   0.0   0.0   0.0   0.0   0.0   0.0   0.0   0.0   0.39  0.0   0.11  0.07  0.0   0.0   0.0   0.0   0.0   0.13  
58    L     0.1   0.08  0.0   0.0   0.0   0.0   0.0   0.0   0.0   0.0   0.29  0.0   0.0   0.2   0.0   0.08  0.14  0.0   0.11  0.0   
59    N     0.05  0.0   0.07  0.08  0.0   0.0   0.14  0.48  0.0   0.0   0.0   0.0   0.0   0.0   0.0   0.1   0.0   0.0   0.08  0.0   
60    V     0.0   0.0   0.0   0.0   0.0   0.0   0.0   0.0   0.0   0.27  0.44  0.0   0.07  0.0   0.0   0.0   0.0   0.14  0.0   0.07  
61    L     0.0   0.0   0.1   0.0   0.0   0.0   0.14  0.0   0.0   0.19  0.21  0.21  0.0   0.0   0.0   0.0   0.0   0.0   0.0   0.14  
62    K     0.0   0.0   0.08  0.0   0.0   0.0   0.0   0.1   0.0   0.0   0.2   0.35  0.0   0.0   0.0   0.07  0.07  0.0   0.0   0.14  
63    A     0.5   0.0   0.0   0.0   0.0   0.0   0.0   0.0   0.0   0.25  0.0   0.0   0.0   0.0   0.0   0.0   0.06  0.0   0.14  0.05  
64    A     0.6   0.0   0.08  0.0   0.0   0.0   0.0   0.18  0.0   0.0   0.0   0.0   0.0   0.13  0.0   0.0   0.0   0.0   0.0   0.0   
65    R     0.0   0.07  0.04  0.0   0.0   0.0   0.28  0.0   0.0   0.0   0.0   0.42  0.08  0.0   0.0   0.0   0.11  0.0   0.0   0.0   
66    N     0.04  0.0   0.07  0.0   0.0   0.1   0.05  0.04  0.05  0.04  0.0   0.36  0.0   0.0   0.0   0.26  0.0   0.0   0.0   0.0   
67    Y     0.0   0.0   0.0   0.0   0.0   0.0   0.0   0.0   0.08  0.05  0.47  0.11  0.08  0.14  0.0   0.0   0.0   0.0   0.07  0.0   
68    G     0.09  0.0   0.05  0.04  0.0   0.08  0.09  0.64  0.0   0.0   0.0   0.0   0.0   0.0   0.0   0.0   0.0   0.0   0.0   0.0   
69    L     0.0   0.0   0.0   0.0   0.0   0.0   0.0   0.0   0.0   0.08  0.46  0.0   0.1   0.23  0.0   0.0   0.0   0.0   0.0   0.14  
70    E     0.05  0.06  0.05  0.06  0.0   0.0   0.31  0.0   0.0   0.0   0.0   0.22  0.0   0.0   0.0   0.17  0.0   0.0   0.0   0.09  
71    A     0.43  0.0   0.0   0.0   0.0   0.0   0.0   0.0   0.0   0.14  0.0   0.0   0.08  0.0   0.0   0.0   0.27  0.0   0.0   0.08  
72    K     0.07  0.34  0.07  0.0   0.0   0.08  0.05  0.0   0.08  0.0   0.0   0.21  0.04  0.0   0.06  0.0   0.0   0.0   0.0   0.0   
73    G     0.29  0.0   0.0   0.0   0.0   0.0   0.0   0.18  0.14  0.0   0.0   0.0   0.0   0.0   0.12  0.14  0.0   0.0   0.0   0.12  
74    Y     0.0   0.0   0.0   0.0   0.0   0.0   0.0   0.0   0.0   0.24  0.25  0.0   0.0   0.06  0.0   0.0   0.0   0.0   0.29  0.16  
75    R     0.0   0.25  0.0   0.0   0.0   0.19  0.08  0.0   0.0   0.0   0.0   0.39  0.0   0.0   0.0   0.1   0.0   0.0   0.0   0.0   
76    Y     0.24  0.0   0.0   0.0   0.0   0.0   0.0   0.0   0.0   0.0   0.32  0.14  0.11  0.0   0.0   0.0   0.12  0.0   0.07  0.0   
77    E     0.0   0.0   0.0   0.3   0.0   0.08  0.42  0.06  0.0   0.0   0.0   0.0   0.0   0.0   0.0   0.0   0.14  0.0   0.0   0.0   
78    P     0.08  0.0   0.0   0.06  0.0   0.0   0.08  0.0   0.0   0.15  0.26  0.0   0.1   0.07  0.15  0.0   0.0   0.0   0.0   0.05  
79    E     0.0   0.0   0.22  0.14  0.0   0.07  0.19  0.0   0.0   0.0   0.0   0.0   0.0   0.0   0.0   0.32  0.05  0.0   0.0   0.0   
80    K     0.05  0.14  0.0   0.11  0.0   0.0   0.24  0.0   0.0   0.0   0.17  0.23  0.0   0.0   0.0   0.0   0.06  0.0   0.0   0.0   
81    L     0.0   0.0   0.0   0.0   0.0   0.0   0.0   0.0   0.0   0.08  0.61  0.0   0.0   0.17  0.0   0.0   0.08  0.06  0.0   0.0   
82    K     0.0   0.16  0.0   0.05  0.0   0.06  0.08  0.05  0.14  0.0   0.0   0.26  0.0   0.16  0.0   0.0   0.05  0.0   0.0   0.0   
83    K     0.05  0.06  0.0   0.0   0.0   0.07  0.07  0.0   0.0   0.0   0.14  0.38  0.0   0.0   0.05  0.05  0.0   0.0   0.08  0.05  
84    E     0.0   0.0   0.15  0.15  0.0   0.13  0.07  0.0   0.0   0.0   0.24  0.04  0.0   0.0   0.08  0.0   0.0   0.0   0.0   0.14  
85    G     0.05  0.01  0.15  0.08  0.0   0.0   0.08  0.08  0.0   0.14  0.15  0.18  0.0   0.0   0.01  0.01  0.01  0.0   0.0   0.05  
86    T     0.0   0.0   0.0   0.0   0.0   0.0   0.0   0.07  0.11  0.0   0.15  0.08  0.08  0.0   0.23  0.08  0.17  0.0   0.0   0.0   
87    F     0.0   0.0   0.0   0.0   0.0   0.0   0.0   0.0   0.0   0.11  0.27  0.15  0.05  0.12  0.15  0.0   0.0   0.0   0.12  0.0   
88    P     0.2   0.0   0.0   0.0   0.0   0.0   0.0   0.0   0.0   0.0   0.0   0.0   0.0   0.07  0.6   0.0   0.0   0.0   0.07  0.06  
89    C     0.0   0.0   0.0   0.0   0.24  0.0   0.0   0.0   0.0   0.07  0.2   0.0   0.0   0.35  0.0   0.0   0.0   0.0   0.0   0.13  
90    I     0.0   0.0   0.0   0.0   0.0   0.0   0.0   0.0   0.0   0.69  0.0   0.0   0.0   0.0   0.0   0.0   0.0   0.0   0.0   0.31  
91    I     0.31  0.06  0.0   0.0   0.0   0.0   0.0   0.0   0.0   0.15  0.1   0.06  0.0   0.0   0.0   0.0   0.0   0.14  0.0   0.19  
92    H     0.0   0.0   0.0   0.0   0.0   0.23  0.0   0.08  0.58  0.0   0.0   0.0   0.0   0.0   0.0   0.0   0.0   0.0   0.11  0.0   
93    W     0.0   0.0   0.0   0.14  0.0   0.13  0.08  0.21  0.0   0.0   0.0   0.0   0.0   0.14  0.0   0.0   0.0   0.25  0.0   0.05  
94    N     0.0   0.0   0.3   0.21  0.0   0.0   0.08  0.0   0.0   0.0   0.0   0.35  0.0   0.0   0.07  0.0   0.0   0.0   0.0   0.0   
95    F     0.01  0.01  0.01  0.09  0.0   0.01  0.01  0.16  0.0   0.01  0.11  0.01  0.0   0.17  0.01  0.01  0.12  0.0   0.26  0.01  
96    N     0.06  0.0   0.15  0.07  0.06  0.06  0.0   0.08  0.0   0.0   0.05  0.21  0.0   0.0   0.17  0.1   0.0   0.0   0.0   0.0   
97    H     0.0   0.0   0.0   0.0   0.0   0.0   0.0   0.0   1.0   0.0   0.0   0.0   0.0   0.0   0.0   0.0   0.0   0.0   0.0   0.0   
98    F     0.0   0.0   0.0   0.0   0.0   0.0   0.0   0.0   0.0   0.0   0.0   0.0   0.0   0.53  0.0   0.0   0.0   0.0   0.47  0.0   
99    V     0.0   0.0   0.0   0.0   0.0   0.0   0.0   0.0   0.0   0.08  0.14  0.0   0.0   0.0   0.0   0.0   0.11  0.0   0.22  0.44  
100   V     0.0   0.0   0.0   0.0   0.0   0.0   0.0   0.0   0.0   0.07  0.14  0.0   0.0   0.0   0.0   0.0   0.08  0.0   0.0   0.7   
101   L     0.0   0.0   0.0   0.0   0.0   0.0   0.0   0.0   0.0   0.21  0.17  0.0   0.0   0.0   0.0   0.0   0.0   0.0   0.0   0.62  
102   K     0.0   0.0   0.0   0.0   0.0   0.0   0.0   0.0   0.07  0.0   0.06  0.29  0.06  0.0   0.0   0.0   0.21  0.0   0.23  0.1   
103   G     0.0   0.0   0.07  0.1   0.0   0.05  0.08  0.24  0.0   0.0   0.0   0.2   0.0   0.0   0.0   0.21  0.0   0.0   0.0   0.05  
104   F     0.08  0.0   0.0   0.05  0.0   0.05  0.0   0.0   0.0   0.16  0.0   0.14  0.1   0.07  0.0   0.0   0.1   0.0   0.0   0.26  
105   K     0.0   0.08  0.08  0.26  0.0   0.07  0.0   0.0   0.07  0.0   0.0   0.26  0.0   0.0   0.0   0.0   0.1   0.0   0.08  0.0   
106   G     0.0   0.18  0.13  0.17  0.0   0.0   0.18  0.17  0.0   0.0   0.0   0.18  0.0   0.0   0.0   0.0   0.0   0.0   0.0   0.0   
107   K     0.0   0.11  0.54  0.15  0.0   0.0   0.0   0.0   0.0   0.0   0.0   0.2   0.0   0.0   0.0   0.0   0.0   0.0   0.0   0.0   
108   Y     0.0   0.19  0.24  0.05  0.0   0.04  0.06  0.0   0.0   0.0   0.07  0.0   0.0   0.0   0.0   0.2   0.0   0.0   0.15  0.0   
109   A     0.07  0.05  0.0   0.0   0.0   0.0   0.0   0.0   0.0   0.16  0.17  0.0   0.0   0.0   0.0   0.0   0.0   0.14  0.19  0.22  
110   Y     0.0   0.0   0.0   0.0   0.0   0.0   0.14  0.0   0.05  0.05  0.22  0.0   0.0   0.08  0.0   0.0   0.19  0.06  0.12  0.1   
111   I     0.0   0.0   0.0   0.0   0.0   0.0   0.0   0.0   0.0   0.35  0.34  0.0   0.0   0.0   0.0   0.0   0.1   0.0   0.0   0.22  
112   N     0.35  0.0   0.07  0.0   0.0   0.0   0.0   0.05  0.1   0.08  0.0   0.0   0.0   0.07  0.0   0.08  0.0   0.0   0.21  0.0   
113   D     0.0   0.0   0.07  0.93  0.0   0.0   0.0   0.0   0.0   0.0   0.0   0.0   0.0   0.0   0.0   0.0   0.0   0.0   0.0   0.0   
114   P     0.0   0.0   0.0   0.0   0.0   0.0   0.0   0.0   0.0   0.0   0.14  0.0   0.0   0.0   0.86  0.0   0.0   0.0   0.0   0.0   
115   A     0.55  0.0   0.0   0.05  0.0   0.0   0.14  0.0   0.0   0.0   0.0   0.08  0.0   0.0   0.0   0.0   0.18  0.0   0.0   0.0   
116   K     0.0   0.1   0.0   0.08  0.0   0.07  0.0   0.0   0.0   0.12  0.06  0.33  0.06  0.0   0.05  0.0   0.0   0.0   0.0   0.14  
117   G     0.0   0.0   0.0   0.14  0.0   0.0   0.0   0.65  0.0   0.0   0.0   0.21  0.0   0.0   0.0   0.0   0.0   0.0   0.0   0.0   
118   D     0.14  0.16  0.0   0.07  0.0   0.0   0.0   0.0   0.0   0.12  0.0   0.32  0.08  0.0   0.0   0.0   0.05  0.0   0.0   0.05  
119   V     0.0   0.1   0.0   0.0   0.0   0.0   0.0   0.0   0.0   0.17  0.0   0.0   0.0   0.0   0.14  0.0   0.31  0.0   0.14  0.15  
120   K     0.0   0.11  0.0   0.0   0.0   0.07  0.0   0.0   0.0   0.0   0.14  0.53  0.0   0.0   0.0   0.0   0.06  0.0   0.1   0.0   
121   I     0.0   0.0   0.0   0.0   0.0   0.0   0.0   0.0   0.0   0.44  0.32  0.05  0.05  0.0   0.0   0.0   0.0   0.0   0.08  0.06  
122   P     0.0   0.06  0.15  0.0   0.0   0.0   0.0   0.05  0.0   0.0   0.0   0.13  0.0   0.0   0.12  0.32  0.17  0.0   0.0   0.0   
123   M     0.0   0.26  0.0   0.14  0.0   0.14  0.0   0.0   0.0   0.05  0.0   0.26  0.07  0.0   0.0   0.0   0.0   0.0   0.08  0.0   
124   E     0.05  0.0   0.08  0.12  0.0   0.0   0.64  0.0   0.0   0.0   0.0   0.0   0.0   0.0   0.0   0.11  0.0   0.0   0.0   0.0   
125   E     0.04  0.05  0.0   0.16  0.0   0.05  0.43  0.0   0.05  0.11  0.0   0.07  0.0   0.0   0.0   0.0   0.0   0.0   0.0   0.04  
126   F     0.0   0.0   0.0   0.0   0.0   0.0   0.0   0.0   0.0   0.0   0.14  0.0   0.1   0.77  0.0   0.0   0.0   0.0   0.0   0.0   
127   D     0.05  0.0   0.05  0.07  0.0   0.0   0.34  0.0   0.0   0.0   0.08  0.07  0.08  0.0   0.0   0.26  0.0   0.0   0.0   0.0   
128   R     0.07  0.22  0.0   0.0   0.0   0.0   0.1   0.0   0.0   0.0   0.0   0.38  0.0   0.0   0.0   0.23  0.0   0.0   0.0   0.0   
129   S     0.0   0.0   0.0   0.0   0.14  0.07  0.29  0.0   0.0   0.11  0.07  0.16  0.0   0.0   0.0   0.07  0.0   0.0   0.1   0.0   
130   F     0.0   0.0   0.0   0.0   0.0   0.0   0.0   0.0   0.0   0.0   0.0   0.0   0.0   0.44  0.0   0.0   0.0   0.43  0.14  0.0   
131   T     0.0   0.0   0.0   0.0   0.0   0.14  0.0   0.0   0.0   0.0   0.0   0.0   0.0   0.0   0.0   0.08  0.78  0.0   0.0   0.0   
132   G     0.0   0.0   0.08  0.0   0.0   0.05  0.0   0.87  0.0   0.0   0.0   0.0   0.0   0.0   0.0   0.0   0.0   0.0   0.0   0.0   
133   I     0.0   0.0   0.11  0.0   0.0   0.07  0.0   0.0   0.0   0.25  0.0   0.07  0.0   0.08  0.0   0.0   0.0   0.0   0.22  0.2   
134   C     0.29  0.0   0.0   0.0   0.07  0.0   0.0   0.0   0.0   0.23  0.12  0.0   0.0   0.0   0.0   0.13  0.05  0.0   0.0   0.11  
135   L     0.14  0.0   0.0   0.0   0.0   0.0   0.0   0.0   0.0   0.32  0.54  0.0   0.0   0.0   0.0   0.0   0.0   0.0   0.0   0.0   
136   I     0.0   0.0   0.0   0.0   0.0   0.0   0.17  0.0   0.0   0.12  0.14  0.0   0.0   0.23  0.0   0.0   0.22  0.0   0.0   0.11  
137   F     0.0   0.0   0.0   0.0   0.0   0.0   0.0   0.0   0.0   0.18  0.16  0.0   0.05  0.07  0.05  0.0   0.0   0.0   0.0   0.48  
138   K     0.28  0.07  0.0   0.0   0.0   0.09  0.07  0.0   0.0   0.0   0.0   0.16  0.0   0.0   0.0   0.21  0.0   0.12  0.0   0.0   
139   P     0.0   0.0   0.0   0.0   0.0   0.0   0.0   0.0   0.0   0.0   0.0   0.13  0.0   0.0   0.81  0.0   0.06  0.0   0.0   0.0   
140   T     0.0   0.0   0.0   0.0   0.17  0.0   0.0   0.0   0.0   0.0   0.0   0.0   0.0   0.0   0.0   0.33  0.5   0.0   0.0   0.0   
141   D     0.0   0.0   0.0   1.0   0.0   0.0   0.0   0.0   0.0   0.0   0.0   0.0   0.0   0.0   0.0   0.0   0.0   0.0   0.0   0.0   
142   R     0.0   0.0   0.0   0.0   0.0   0.0   0.0   0.0   0.0   0.0   0.0   0.0   0.0   0.0   0.0   0.0   0.0   0.0   0.0   0.0   
