             A     R     N     D     C     Q     E     G     H     I     L     K     M     F     P     S     T     W     Y     V
1     S     0.67  0.0   0.0   0.0   0.0   0.0   0.0   0.0   0.0   0.0   0.0   0.0   0.0   0.0   0.0   0.33  0.0   0.0   0.0   0.0   
2     K     0.0   0.11  0.19  0.0   0.0   0.13  0.03  0.0   0.0   0.0   0.0   0.54  0.0   0.0   0.0   0.0   0.0   0.0   0.0   0.0   
3     V     0.0   0.0   0.0   0.0   0.0   0.0   0.0   0.0   0.0   0.33  0.06  0.0   0.0   0.0   0.0   0.0   0.0   0.0   0.0   0.61  
4     V     0.0   0.0   0.0   0.0   0.0   0.0   0.0   0.0   0.08  0.2   0.04  0.09  0.0   0.05  0.0   0.0   0.3   0.0   0.0   0.24  
5     Y     0.0   0.0   0.0   0.0   0.0   0.0   0.0   0.0   0.0   0.12  0.06  0.0   0.0   0.47  0.0   0.0   0.0   0.0   0.23  0.11  
6     V     0.0   0.03  0.0   0.0   0.0   0.0   0.0   0.0   0.07  0.3   0.14  0.02  0.0   0.0   0.0   0.0   0.03  0.0   0.0   0.41  
7     S     0.03  0.02  0.18  0.17  0.0   0.04  0.03  0.06  0.03  0.11  0.02  0.0   0.0   0.0   0.12  0.05  0.13  0.0   0.0   0.0   
8     H     0.05  0.21  0.2   0.0   0.0   0.03  0.04  0.0   0.17  0.0   0.01  0.14  0.0   0.0   0.13  0.0   0.0   0.0   0.0   0.0   
9     D     0.03  0.0   0.06  0.45  0.0   0.06  0.14  0.09  0.0   0.0   0.01  0.04  0.0   0.0   0.0   0.1   0.0   0.0   0.0   0.0   
10    G     0.0   0.0   0.1   0.11  0.0   0.0   0.0   0.67  0.0   0.0   0.01  0.0   0.0   0.0   0.04  0.04  0.0   0.0   0.0   0.0   
11    T     0.04  0.06  0.0   0.08  0.0   0.04  0.26  0.04  0.02  0.0   0.03  0.09  0.0   0.05  0.06  0.05  0.1   0.0   0.0   0.07  
12    R     0.0   0.15  0.0   0.05  0.06  0.02  0.46  0.0   0.0   0.0   0.03  0.12  0.0   0.0   0.0   0.06  0.05  0.0   0.0   0.0   
13    R     0.0   0.07  0.04  0.0   0.0   0.03  0.0   0.0   0.18  0.18  0.15  0.2   0.0   0.0   0.06  0.04  0.02  0.0   0.03  0.0   
14    E     0.03  0.0   0.0   0.03  0.0   0.06  0.29  0.0   0.01  0.02  0.02  0.04  0.04  0.0   0.14  0.07  0.19  0.0   0.0   0.06  
15    L     0.04  0.0   0.0   0.0   0.07  0.0   0.0   0.0   0.0   0.15  0.16  0.06  0.0   0.15  0.0   0.0   0.07  0.0   0.02  0.3   
16    D     0.0   0.01  0.05  0.15  0.0   0.05  0.35  0.0   0.03  0.0   0.0   0.17  0.0   0.0   0.0   0.03  0.12  0.0   0.0   0.03  
17    V     0.39  0.0   0.0   0.0   0.02  0.0   0.0   0.23  0.0   0.0   0.0   0.0   0.0   0.06  0.0   0.0   0.05  0.0   0.0   0.25  
18    A     0.05  0.03  0.06  0.05  0.02  0.05  0.12  0.0   0.0   0.04  0.0   0.26  0.0   0.0   0.27  0.02  0.0   0.0   0.0   0.02  
19    C     0.11  0.0   0.0   0.17  0.04  0.0   0.14  0.0   0.0   0.08  0.01  0.0   0.0   0.0   0.08  0.08  0.1   0.0   0.0   0.18  
20    G     0.0   0.0   0.05  0.11  0.0   0.0   0.0   0.81  0.0   0.0   0.0   0.0   0.0   0.0   0.0   0.0   0.0   0.0   0.0   0.0   
21    V     0.05  0.05  0.0   0.2   0.0   0.12  0.16  0.1   0.0   0.0   0.12  0.03  0.02  0.0   0.0   0.06  0.0   0.0   0.02  0.05  
22    S     0.0   0.03  0.09  0.0   0.0   0.0   0.0   0.0   0.0   0.0   0.05  0.13  0.0   0.0   0.0   0.27  0.36  0.0   0.05  0.0   
23    L     0.0   0.0   0.0   0.0   0.0   0.0   0.0   0.0   0.0   0.23  0.51  0.0   0.0   0.0   0.0   0.0   0.0   0.0   0.0   0.23  
24    M     0.0   0.0   0.0   0.0   0.0   0.0   0.0   0.0   0.0   0.0   0.62  0.0   0.28  0.06  0.0   0.0   0.0   0.0   0.0   0.0   
25    Q     0.0   0.0   0.09  0.18  0.02  0.2   0.25  0.0   0.01  0.0   0.0   0.0   0.0   0.0   0.0   0.03  0.11  0.0   0.05  0.03  
26    A     0.26  0.0   0.0   0.0   0.0   0.0   0.0   0.03  0.0   0.07  0.08  0.0   0.0   0.0   0.0   0.06  0.14  0.0   0.0   0.33  
27    A     0.51  0.0   0.0   0.0   0.0   0.0   0.0   0.0   0.0   0.08  0.3   0.0   0.0   0.0   0.0   0.0   0.0   0.0   0.0   0.08  
28    V     0.13  0.1   0.0   0.0   0.0   0.04  0.05  0.0   0.14  0.05  0.15  0.05  0.0   0.0   0.0   0.0   0.09  0.0   0.05  0.13  
29    S     0.0   0.18  0.07  0.17  0.0   0.04  0.13  0.04  0.0   0.0   0.07  0.08  0.0   0.0   0.0   0.13  0.08  0.0   0.0   0.0   
30    N     0.17  0.0   0.51  0.0   0.0   0.03  0.03  0.02  0.07  0.0   0.0   0.0   0.0   0.0   0.0   0.12  0.0   0.0   0.02  0.0   
31    G     0.0   0.0   0.26  0.04  0.0   0.0   0.0   0.61  0.0   0.0   0.0   0.05  0.0   0.0   0.0   0.02  0.0   0.0   0.0   0.0   
32    I     0.07  0.0   0.0   0.0   0.0   0.0   0.0   0.0   0.0   0.42  0.19  0.0   0.0   0.02  0.0   0.0   0.0   0.0   0.0   0.26  
33    Y     0.03  0.02  0.02  0.22  0.01  0.02  0.02  0.03  0.05  0.02  0.03  0.06  0.07  0.14  0.15  0.03  0.02  0.0   0.05  0.02  
34    D     0.02  0.02  0.01  0.24  0.01  0.01  0.31  0.14  0.01  0.02  0.03  0.02  0.01  0.01  0.02  0.08  0.02  0.0   0.01  0.02  
35    I     0.06  0.0   0.0   0.0   0.0   0.0   0.0   0.08  0.0   0.38  0.39  0.0   0.03  0.0   0.0   0.0   0.0   0.0   0.0   0.04  
36    V     0.0   0.0   0.0   0.15  0.0   0.0   0.31  0.05  0.02  0.0   0.08  0.0   0.0   0.08  0.11  0.13  0.0   0.0   0.0   0.09  
37    G     0.2   0.0   0.0   0.06  0.0   0.0   0.0   0.31  0.1   0.0   0.0   0.0   0.0   0.0   0.0   0.23  0.0   0.0   0.09  0.0   
38    D     0.55  0.0   0.0   0.08  0.0   0.0   0.05  0.0   0.0   0.07  0.06  0.0   0.0   0.0   0.06  0.05  0.06  0.0   0.0   0.02  
39    C     0.0   0.0   0.0   0.0   1.0   0.0   0.0   0.0   0.0   0.0   0.0   0.0   0.0   0.0   0.0   0.0   0.0   0.0   0.0   0.0   
40    G     0.0   0.05  0.0   0.02  0.0   0.06  0.35  0.53  0.0   0.0   0.0   0.0   0.0   0.0   0.0   0.0   0.0   0.0   0.0   0.0   
41    G     0.11  0.0   0.0   0.0   0.0   0.02  0.0   0.78  0.0   0.0   0.0   0.06  0.0   0.0   0.0   0.02  0.0   0.0   0.0   0.0   
42    S     0.07  0.0   0.13  0.0   0.08  0.03  0.0   0.17  0.05  0.0   0.0   0.06  0.0   0.0   0.0   0.35  0.08  0.0   0.0   0.0   
43    A     0.13  0.0   0.0   0.0   0.29  0.0   0.0   0.22  0.0   0.0   0.23  0.06  0.0   0.0   0.0   0.0   0.0   0.0   0.0   0.05  
44    S     0.52  0.0   0.0   0.0   0.0   0.05  0.0   0.0   0.0   0.05  0.0   0.0   0.03  0.0   0.0   0.11  0.2   0.0   0.0   0.05  
45    C     0.0   0.0   0.0   0.0   1.0   0.0   0.0   0.0   0.0   0.0   0.0   0.0   0.0   0.0   0.0   0.0   0.0   0.0   0.0   0.0   
46    A     0.37  0.0   0.0   0.0   0.0   0.05  0.0   0.06  0.0   0.0   0.0   0.06  0.0   0.0   0.0   0.34  0.13  0.0   0.0   0.0   
47    T     0.0   0.0   0.0   0.0   0.0   0.19  0.0   0.0   0.0   0.0   0.0   0.06  0.0   0.0   0.0   0.09  0.66  0.0   0.0   0.0   
48    C     0.0   0.0   0.0   0.0   1.0   0.0   0.0   0.0   0.0   0.0   0.0   0.0   0.0   0.0   0.0   0.0   0.0   0.0   0.0   0.0   
49    H     0.05  0.09  0.0   0.0   0.0   0.0   0.0   0.0   0.59  0.0   0.01  0.17  0.0   0.05  0.0   0.0   0.0   0.0   0.0   0.0   
50    V     0.03  0.0   0.0   0.0   0.16  0.0   0.0   0.05  0.0   0.03  0.08  0.0   0.0   0.0   0.0   0.0   0.0   0.0   0.0   0.61  
51    Y     0.0   0.06  0.0   0.0   0.0   0.04  0.03  0.0   0.02  0.32  0.05  0.1   0.0   0.04  0.0   0.0   0.0   0.0   0.27  0.03  
52    V     0.0   0.0   0.0   0.0   0.0   0.0   0.0   0.0   0.0   0.25  0.05  0.0   0.0   0.08  0.0   0.0   0.0   0.0   0.0   0.62  
53    N     0.0   0.06  0.05  0.19  0.06  0.02  0.23  0.02  0.0   0.08  0.08  0.07  0.0   0.0   0.0   0.04  0.03  0.02  0.0   0.06  
54    E     0.0   0.0   0.03  0.07  0.0   0.01  0.34  0.0   0.02  0.0   0.0   0.15  0.0   0.0   0.15  0.16  0.06  0.0   0.0   0.0   
55    A     0.23  0.0   0.0   0.05  0.0   0.0   0.12  0.38  0.12  0.0   0.0   0.01  0.0   0.0   0.05  0.02  0.0   0.0   0.0   0.0   
56    F     0.01  0.01  0.01  0.06  0.0   0.01  0.01  0.11  0.09  0.07  0.03  0.01  0.0   0.21  0.01  0.1   0.01  0.12  0.08  0.07  
57    T     0.1   0.01  0.02  0.01  0.0   0.01  0.05  0.1   0.0   0.01  0.17  0.01  0.02  0.1   0.01  0.07  0.04  0.0   0.17  0.1   
58    D     0.03  0.03  0.1   0.32  0.0   0.03  0.26  0.09  0.02  0.01  0.01  0.01  0.0   0.0   0.01  0.06  0.01  0.0   0.0   0.01  
59    K     0.06  0.02  0.0   0.0   0.05  0.05  0.01  0.01  0.0   0.1   0.14  0.4   0.03  0.0   0.0   0.11  0.01  0.0   0.0   0.01  
60    V     0.01  0.0   0.0   0.0   0.0   0.0   0.01  0.01  0.0   0.0   0.68  0.01  0.02  0.03  0.0   0.01  0.03  0.0   0.05  0.13  
61    P     0.01  0.01  0.05  0.13  0.0   0.01  0.08  0.08  0.0   0.01  0.01  0.06  0.0   0.0   0.41  0.11  0.01  0.0   0.0   0.01  
62    A     0.24  0.01  0.01  0.1   0.0   0.01  0.24  0.05  0.0   0.03  0.01  0.07  0.0   0.0   0.15  0.04  0.04  0.0   0.0   0.01  
63    A     0.17  0.01  0.01  0.04  0.02  0.01  0.06  0.06  0.0   0.1   0.04  0.04  0.06  0.01  0.27  0.04  0.03  0.04  0.01  0.01  
64    N     0.01  0.01  0.07  0.05  0.0   0.08  0.22  0.07  0.0   0.01  0.03  0.04  0.0   0.05  0.01  0.23  0.1   0.0   0.0   0.01  
65    E     0.04  0.01  0.01  0.23  0.0   0.05  0.45  0.03  0.0   0.01  0.01  0.01  0.0   0.0   0.12  0.01  0.01  0.0   0.0   0.01  
66    R     0.02  0.09  0.0   0.27  0.0   0.05  0.27  0.0   0.0   0.0   0.08  0.08  0.03  0.0   0.0   0.0   0.07  0.0   0.0   0.0   
67    E     0.0   0.0   0.0   0.0   0.0   0.0   0.89  0.03  0.0   0.0   0.0   0.05  0.0   0.0   0.0   0.0   0.0   0.0   0.0   0.0   
68    I     0.0   0.0   0.15  0.24  0.0   0.0   0.19  0.08  0.0   0.03  0.02  0.1   0.01  0.0   0.0   0.05  0.12  0.0   0.02  0.0   
69    G     0.05  0.0   0.0   0.57  0.0   0.0   0.14  0.07  0.03  0.0   0.0   0.0   0.0   0.0   0.0   0.06  0.05  0.0   0.05  0.0   
70    M     0.0   0.06  0.0   0.0   0.0   0.0   0.0   0.0   0.0   0.02  0.23  0.0   0.44  0.13  0.0   0.0   0.0   0.0   0.03  0.08  
71    L     0.04  0.0   0.0   0.0   0.0   0.0   0.05  0.0   0.0   0.09  0.69  0.0   0.0   0.0   0.0   0.07  0.03  0.0   0.0   0.0   
72    E     0.0   0.03  0.0   0.53  0.0   0.03  0.14  0.0   0.03  0.0   0.03  0.0   0.0   0.0   0.0   0.08  0.11  0.0   0.0   0.0   
73    S     0.02  0.04  0.06  0.17  0.09  0.03  0.02  0.02  0.01  0.05  0.03  0.12  0.01  0.13  0.01  0.12  0.05  0.0   0.01  0.02  
74    V     0.13  0.0   0.0   0.0   0.0   0.09  0.04  0.05  0.0   0.0   0.19  0.05  0.08  0.03  0.0   0.09  0.12  0.0   0.0   0.1   
75    T     0.36  0.0   0.0   0.0   0.0   0.07  0.0   0.03  0.0   0.0   0.05  0.1   0.05  0.0   0.0   0.13  0.04  0.1   0.02  0.03  
76    A     0.05  0.07  0.01  0.14  0.0   0.04  0.1   0.05  0.0   0.01  0.02  0.01  0.0   0.18  0.09  0.07  0.01  0.0   0.13  0.01  
77    E     0.05  0.01  0.05  0.01  0.0   0.07  0.12  0.28  0.11  0.01  0.07  0.01  0.0   0.02  0.17  0.01  0.01  0.0   0.0   0.01  
78    L     0.07  0.13  0.03  0.01  0.0   0.01  0.01  0.01  0.0   0.04  0.47  0.06  0.03  0.04  0.01  0.01  0.01  0.0   0.01  0.04  
79    K     0.06  0.06  0.02  0.04  0.0   0.12  0.2   0.01  0.0   0.0   0.01  0.07  0.0   0.0   0.09  0.05  0.25  0.0   0.0   0.01  
80    P     0.16  0.0   0.03  0.15  0.0   0.06  0.39  0.02  0.0   0.0   0.0   0.0   0.02  0.02  0.1   0.04  0.0   0.0   0.0   0.0   
81    N     0.03  0.07  0.25  0.04  0.0   0.0   0.03  0.24  0.05  0.0   0.0   0.0   0.0   0.0   0.0   0.0   0.27  0.0   0.02  0.0   
82    S     0.06  0.0   0.0   0.03  0.0   0.0   0.04  0.05  0.0   0.0   0.0   0.0   0.03  0.0   0.0   0.62  0.03  0.09  0.03  0.0   
83    R     0.0   1.0   0.0   0.0   0.0   0.0   0.0   0.0   0.0   0.0   0.0   0.0   0.0   0.0   0.0   0.0   0.0   0.0   0.0   0.0   
84    L     0.0   0.0   0.0   0.0   0.0   0.0   0.0   0.0   0.0   0.0   1.0   0.0   0.0   0.0   0.0   0.0   0.0   0.0   0.0   0.0   
85    C     0.15  0.0   0.0   0.0   0.04  0.0   0.0   0.29  0.0   0.0   0.0   0.0   0.0   0.0   0.0   0.5   0.03  0.0   0.0   0.0   
86    C     0.0   0.0   0.0   0.0   1.0   0.0   0.0   0.0   0.0   0.0   0.0   0.0   0.0   0.0   0.0   0.0   0.0   0.0   0.0   0.0   
87    Q     0.06  0.05  0.0   0.0   0.0   0.89  0.0   0.0   0.0   0.0   0.0   0.0   0.0   0.0   0.0   0.0   0.0   0.0   0.0   0.0   
88    I     0.14  0.0   0.0   0.0   0.05  0.0   0.0   0.0   0.0   0.4   0.09  0.0   0.0   0.0   0.0   0.0   0.11  0.0   0.0   0.21  
89    I     0.03  0.05  0.0   0.0   0.06  0.0   0.0   0.0   0.0   0.14  0.06  0.19  0.0   0.03  0.08  0.03  0.2   0.0   0.0   0.11  
90    M     0.03  0.0   0.0   0.0   0.0   0.0   0.0   0.0   0.0   0.17  0.35  0.0   0.07  0.0   0.0   0.0   0.0   0.0   0.0   0.39  
91    T     0.02  0.05  0.07  0.09  0.0   0.06  0.0   0.08  0.0   0.0   0.0   0.16  0.0   0.0   0.0   0.14  0.27  0.0   0.0   0.05  
92    P     0.0   0.0   0.06  0.14  0.0   0.1   0.03  0.13  0.06  0.0   0.0   0.27  0.0   0.0   0.16  0.03  0.0   0.0   0.0   0.0   
93    E     0.09  0.0   0.0   0.26  0.0   0.02  0.33  0.02  0.0   0.02  0.05  0.08  0.0   0.0   0.0   0.12  0.0   0.0   0.0   0.0   
94    L     0.01  0.01  0.08  0.01  0.0   0.01  0.01  0.06  0.0   0.02  0.37  0.01  0.3   0.03  0.01  0.01  0.01  0.0   0.0   0.04  
95    D     0.03  0.01  0.03  0.59  0.0   0.1   0.13  0.04  0.0   0.01  0.01  0.01  0.0   0.01  0.01  0.01  0.01  0.0   0.0   0.01  
96    G     0.01  0.01  0.15  0.14  0.0   0.01  0.01  0.59  0.0   0.01  0.01  0.01  0.0   0.01  0.01  0.01  0.01  0.0   0.0   0.01  
97    I     0.14  0.0   0.0   0.0   0.0   0.0   0.01  0.01  0.0   0.23  0.27  0.01  0.19  0.0   0.0   0.01  0.01  0.0   0.0   0.11  
98    V     0.01  0.12  0.0   0.0   0.0   0.0   0.19  0.01  0.0   0.07  0.01  0.11  0.0   0.0   0.0   0.01  0.15  0.0   0.0   0.31  
99    V     0.0   0.0   0.0   0.0   0.0   0.0   0.0   0.0   0.0   0.17  0.09  0.0   0.0   0.15  0.0   0.0   0.0   0.0   0.0   0.59  
100   D     0.09  0.28  0.0   0.04  0.0   0.02  0.27  0.0   0.09  0.0   0.0   0.0   0.0   0.0   0.0   0.0   0.15  0.0   0.05  0.0   
101   V     0.0   0.0   0.0   0.0   0.0   0.0   0.0   0.0   0.0   0.32  0.35  0.0   0.0   0.0   0.0   0.0   0.0   0.0   0.0   0.33  
102   P     0.04  0.0   0.0   0.0   0.0   0.0   0.0   0.0   0.05  0.0   0.0   0.0   0.0   0.0   0.91  0.0   0.0   0.0   0.0   0.0   
103   D     0.0   0.04  0.0   0.09  0.0   0.07  0.45  0.0   0.0   0.0   0.0   0.28  0.0   0.0   0.0   0.07  0.0   0.0   0.0   0.0   
104   R     0.43  0.09  0.0   0.0   0.0   0.0   0.37  0.0   0.0   0.0   0.0   0.06  0.0   0.0   0.0   0.05  0.0   0.0   0.0   0.0   
105   Q     0.0   0.0   0.0   0.0   0.0   1.0   0.0   0.0   0.0   0.0   0.0   0.0   0.0   0.0   0.0   0.0   0.0   0.0   0.0   0.0   
106   W     0.0   0.0   0.0   0.0   0.0   0.0   0.0   0.0   0.0   0.0   0.0   0.0   0.0   0.0   0.0   0.0   0.0   1.0   0.0   0.0   
