             A     R     N     D     C     Q     E     G     H     I     L     K     M     F     P     S     T     W     Y     V
1     L     0.0   0.0   0.0   0.0   0.0   0.0   0.0   0.0   0.0   0.36  0.64  0.0   0.0   0.0   0.0   0.0   0.0   0.0   0.0   0.0   
2     W     0.0   0.0   0.0   0.0   0.0   0.0   0.0   0.0   0.0   0.0   0.0   0.0   0.0   0.0   0.0   0.0   0.0   0.48  0.52  0.0   
3     K     0.0   0.0   0.26  0.0   0.0   0.0   0.0   0.0   0.0   0.0   0.0   0.74  0.0   0.0   0.0   0.0   0.0   0.0   0.0   0.0   
4     K     0.0   0.0   0.0   0.0   0.0   0.0   0.26  0.0   0.0   0.0   0.0   0.48  0.0   0.0   0.0   0.0   0.26  0.0   0.0   0.0   
5     Y     0.0   0.0   0.0   0.0   0.0   0.0   0.0   0.0   0.0   0.0   0.26  0.0   0.0   0.52  0.0   0.0   0.0   0.0   0.23  0.0   
6     V     0.26  0.0   0.0   0.26  0.0   0.25  0.0   0.0   0.0   0.0   0.0   0.0   0.0   0.0   0.0   0.0   0.0   0.0   0.0   0.23  
7     K     0.0   0.0   0.26  0.0   0.0   0.0   0.0   0.0   0.0   0.26  0.0   0.48  0.0   0.0   0.0   0.0   0.0   0.0   0.0   0.0   
8     E     0.0   0.0   0.26  0.0   0.0   0.0   0.23  0.0   0.0   0.0   0.0   0.51  0.0   0.0   0.0   0.0   0.0   0.0   0.0   0.0   
9     N     0.0   0.0   0.49  0.0   0.0   0.0   0.0   0.0   0.0   0.0   0.25  0.0   0.0   0.0   0.0   0.26  0.0   0.0   0.0   0.0   
10    F     0.0   0.0   0.0   0.0   0.0   0.0   0.0   0.0   0.0   0.25  0.0   0.0   0.0   0.75  0.0   0.0   0.0   0.0   0.0   0.0   
11    E     0.0   0.0   0.0   0.52  0.0   0.0   0.48  0.0   0.0   0.0   0.0   0.0   0.0   0.0   0.0   0.0   0.0   0.0   0.0   0.0   
12    M     0.25  0.0   0.0   0.0   0.0   0.0   0.0   0.0   0.0   0.0   0.26  0.0   0.23  0.0   0.0   0.26  0.0   0.0   0.0   0.0   
13    N     0.0   0.0   0.74  0.0   0.0   0.0   0.0   0.0   0.0   0.0   0.0   0.0   0.0   0.0   0.0   0.26  0.0   0.0   0.0   0.0   
14    V     0.0   0.0   0.0   0.0   0.0   0.0   0.0   0.0   0.0   0.0   0.25  0.0   0.0   0.0   0.0   0.0   0.0   0.0   0.0   0.75  
15    D     0.25  0.0   0.0   0.49  0.0   0.0   0.0   0.0   0.0   0.0   0.26  0.0   0.0   0.0   0.0   0.0   0.0   0.0   0.0   0.0   
16    E     0.0   0.0   0.0   0.0   0.0   0.0   0.48  0.0   0.26  0.0   0.0   0.0   0.0   0.26  0.0   0.0   0.0   0.0   0.0   0.0   
17    C     0.0   0.0   0.0   0.0   0.48  0.0   0.0   0.0   0.0   0.0   0.0   0.0   0.0   0.26  0.0   0.0   0.0   0.0   0.26  0.0   
18    G     0.0   0.0   0.0   0.0   0.0   0.0   0.0   1.0   0.0   0.0   0.0   0.0   0.0   0.0   0.0   0.0   0.0   0.0   0.0   0.0   
19    I     0.0   0.0   0.0   0.0   0.0   0.26  0.0   0.0   0.0   0.48  0.0   0.0   0.0   0.0   0.0   0.26  0.0   0.0   0.0   0.0   
20    E     0.0   0.0   0.0   0.0   0.0   0.0   1.0   0.0   0.0   0.0   0.0   0.0   0.0   0.0   0.0   0.0   0.0   0.0   0.0   0.0   
21    Q     0.26  0.0   0.0   0.0   0.0   0.23  0.0   0.0   0.0   0.25  0.0   0.26  0.0   0.0   0.0   0.0   0.0   0.0   0.0   0.0   
22    G     0.0   0.0   0.0   0.0   0.52  0.0   0.0   0.48  0.0   0.0   0.0   0.0   0.0   0.0   0.0   0.0   0.0   0.0   0.0   0.0   
23    I     0.0   0.0   0.0   0.26  0.0   0.0   0.0   0.0   0.0   0.23  0.26  0.0   0.0   0.0   0.0   0.0   0.0   0.0   0.0   0.25  
24    P     0.0   0.26  0.0   0.0   0.0   0.0   0.0   0.0   0.0   0.0   0.0   0.0   0.0   0.0   0.74  0.0   0.0   0.0   0.0   0.0   
25    G     0.0   0.0   0.51  0.0   0.0   0.0   0.0   0.49  0.0   0.0   0.0   0.0   0.0   0.0   0.0   0.0   0.0   0.0   0.0   0.0   
26    L     0.0   0.0   0.0   0.0   0.0   0.0   0.0   0.0   0.0   0.0   0.23  0.0   0.0   0.0   0.0   0.0   0.0   0.0   0.52  0.25  
27    G     0.0   0.0   0.0   0.0   0.0   0.0   0.0   0.48  0.0   0.0   0.0   0.0   0.0   0.0   0.0   0.26  0.26  0.0   0.0   0.0   
28    Y     0.0   0.0   0.0   0.0   0.0   0.0   0.0   0.0   0.0   0.0   0.0   0.0   0.0   0.26  0.0   0.0   0.0   0.0   0.74  0.0   
29    N     0.0   0.0   0.48  0.0   0.0   0.0   0.0   0.26  0.0   0.0   0.0   0.26  0.0   0.0   0.0   0.0   0.0   0.0   0.0   0.0   
30    Y     0.0   0.0   0.0   0.0   0.0   0.0   0.0   0.26  0.0   0.0   0.0   0.0   0.0   0.0   0.26  0.0   0.0   0.0   0.48  0.0   
31    E     0.0   0.0   0.26  0.0   0.0   0.0   0.23  0.0   0.0   0.0   0.0   0.0   0.0   0.0   0.0   0.0   0.52  0.0   0.0   0.0   
32    V     0.0   0.0   0.26  0.0   0.0   0.0   0.0   0.0   0.0   0.26  0.0   0.0   0.0   0.0   0.0   0.0   0.0   0.0   0.0   0.48  
33    L     0.0   0.26  0.0   0.0   0.0   0.0   0.0   0.0   0.0   0.0   0.23  0.0   0.0   0.25  0.0   0.0   0.0   0.0   0.0   0.26  
34    K     0.0   0.17  0.0   0.44  0.0   0.21  0.0   0.0   0.0   0.0   0.0   0.18  0.0   0.0   0.0   0.0   0.0   0.0   0.0   0.0   
35    N     0.0   0.0   0.36  0.17  0.0   0.0   0.25  0.0   0.0   0.0   0.0   0.21  0.0   0.0   0.0   0.0   0.0   0.0   0.0   0.0   
36    A     0.18  0.0   0.0   0.0   0.0   0.0   0.0   0.0   0.25  0.0   0.0   0.0   0.0   0.0   0.0   0.21  0.0   0.0   0.36  0.0   
37    V     0.0   0.0   0.0   0.0   0.0   0.0   0.0   0.0   0.0   0.0   0.25  0.0   0.0   0.0   0.0   0.0   0.0   0.0   0.0   0.75  
38    I     0.0   0.0   0.0   0.0   0.0   0.0   0.0   0.0   0.0   0.54  0.46  0.0   0.0   0.0   0.0   0.0   0.0   0.0   0.0   0.0   
39    H     0.0   0.0   0.0   0.0   0.0   0.0   0.0   0.0   0.75  0.25  0.0   0.0   0.0   0.0   0.0   0.0   0.0   0.0   0.0   0.0   
40    Y     0.0   0.0   0.0   0.0   0.0   0.0   0.0   0.0   0.0   0.21  0.0   0.0   0.0   0.19  0.0   0.0   0.0   0.0   0.6   0.0   
41    V     0.0   0.0   0.0   0.0   0.25  0.0   0.0   0.0   0.0   0.36  0.0   0.0   0.0   0.0   0.0   0.0   0.0   0.0   0.0   0.38  
42    T     0.0   0.0   0.0   0.0   0.0   0.17  0.0   0.0   0.0   0.0   0.19  0.0   0.0   0.0   0.0   0.25  0.38  0.0   0.0   0.0   
43    K     0.0   0.0   0.0   0.0   0.0   0.21  0.62  0.0   0.0   0.0   0.0   0.18  0.0   0.0   0.0   0.0   0.0   0.0   0.0   0.0   
44    G     0.0   0.0   0.0   0.0   0.0   0.0   0.0   1.0   0.0   0.0   0.0   0.0   0.0   0.0   0.0   0.0   0.0   0.0   0.0   0.0   
45    Y     0.0   0.0   0.0   0.0   0.0   0.25  0.21  0.0   0.0   0.0   0.0   0.36  0.0   0.0   0.0   0.0   0.0   0.0   0.18  0.0   
46    G     0.0   0.0   0.0   0.0   0.0   0.0   0.0   1.0   0.0   0.0   0.0   0.0   0.0   0.0   0.0   0.0   0.0   0.0   0.0   0.0   
47    T     0.0   0.0   0.0   0.0   0.0   0.0   0.0   0.0   0.0   0.0   0.25  0.19  0.0   0.0   0.0   0.0   0.56  0.0   0.0   0.0   
48    F     0.0   0.0   0.0   0.0   0.0   0.0   0.0   0.0   0.0   0.0   0.44  0.0   0.0   0.56  0.0   0.0   0.0   0.0   0.0   0.0   
49    K     0.17  0.25  0.0   0.0   0.0   0.0   0.0   0.0   0.0   0.0   0.0   0.18  0.0   0.0   0.0   0.21  0.19  0.0   0.0   0.0   
50    F     0.17  0.0   0.0   0.0   0.0   0.0   0.0   0.0   0.0   0.19  0.0   0.0   0.0   0.18  0.0   0.0   0.0   0.0   0.21  0.25  
51    N     0.21  0.25  0.54  0.0   0.0   0.0   0.0   0.0   0.0   0.0   0.0   0.0   0.0   0.0   0.0   0.0   0.0   0.0   0.0   0.0   
52    G     0.0   0.0   0.0   0.0   0.0   0.19  0.25  0.38  0.17  0.0   0.0   0.0   0.0   0.0   0.0   0.0   0.0   0.0   0.0   0.0   
53    K     0.0   0.25  0.0   0.0   0.0   0.0   0.21  0.0   0.19  0.0   0.0   0.18  0.0   0.0   0.17  0.0   0.0   0.0   0.0   0.0   
54    V     0.17  0.0   0.0   0.0   0.0   0.0   0.25  0.0   0.0   0.0   0.0   0.0   0.0   0.0   0.0   0.0   0.4   0.0   0.0   0.18  
55    Y     0.0   0.0   0.0   0.0   0.0   0.0   0.0   0.0   0.0   0.0   0.19  0.0   0.0   0.0   0.0   0.0   0.17  0.0   0.64  0.0   
56    N     0.0   0.25  0.18  0.19  0.0   0.0   0.0   0.0   0.21  0.0   0.0   0.0   0.0   0.0   0.0   0.0   0.0   0.0   0.0   0.17  
57    L     0.0   0.0   0.0   0.0   0.0   0.0   0.0   0.0   0.0   0.0   0.75  0.0   0.0   0.0   0.0   0.0   0.0   0.0   0.0   0.25  
58    K     0.19  0.0   0.0   0.0   0.0   0.0   0.0   0.25  0.0   0.0   0.0   0.35  0.0   0.0   0.0   0.0   0.21  0.0   0.0   0.0   
59    Q     0.57  0.0   0.0   0.0   0.0   0.18  0.0   0.0   0.0   0.0   0.0   0.0   0.0   0.0   0.0   0.25  0.0   0.0   0.0   0.0   
60    G     0.0   0.0   0.0   0.0   0.0   0.0   0.0   1.0   0.0   0.0   0.0   0.0   0.0   0.0   0.0   0.0   0.0   0.0   0.0   0.0   
61    D     0.0   0.0   0.0   1.0   0.0   0.0   0.0   0.0   0.0   0.0   0.0   0.0   0.0   0.0   0.0   0.0   0.0   0.0   0.0   0.0   
62    I     0.0   0.0   0.0   0.0   0.0   0.0   0.0   0.0   0.0   0.75  0.25  0.0   0.0   0.0   0.0   0.0   0.0   0.0   0.0   0.0   
63    F     0.0   0.0   0.0   0.0   0.0   0.0   0.0   0.0   0.0   0.0   0.25  0.0   0.0   0.75  0.0   0.0   0.0   0.0   0.0   0.0   
64    I     0.0   0.0   0.0   0.0   0.0   0.0   0.0   0.0   0.0   0.35  0.4   0.0   0.0   0.0   0.0   0.0   0.0   0.25  0.0   0.0   
65    L     0.0   0.0   0.0   0.0   0.0   0.0   0.0   0.0   0.0   0.0   1.0   0.0   0.0   0.0   0.0   0.0   0.0   0.0   0.0   0.0   
66    L     0.0   0.0   0.0   0.0   0.0   0.0   0.21  0.0   0.0   0.0   0.18  0.0   0.0   0.0   0.62  0.0   0.0   0.0   0.0   0.0   
67    K     0.0   0.21  0.0   0.0   0.0   0.0   0.0   0.0   0.0   0.0   0.0   0.54  0.0   0.0   0.25  0.0   0.0   0.0   0.0   0.0   
68    G     0.0   0.0   0.0   0.19  0.0   0.0   0.0   0.81  0.0   0.0   0.0   0.0   0.0   0.0   0.0   0.0   0.0   0.0   0.0   0.0   
69    M     0.0   0.0   0.0   0.0   0.0   0.0   0.0   0.0   0.0   0.19  0.0   0.0   0.64  0.0   0.0   0.0   0.17  0.0   0.0   0.0   
70    Q     0.25  0.0   0.0   0.0   0.0   0.18  0.21  0.0   0.0   0.0   0.0   0.0   0.0   0.0   0.17  0.19  0.0   0.0   0.0   0.0   
71    V     0.0   0.0   0.0   0.0   0.17  0.0   0.0   0.0   0.25  0.0   0.0   0.0   0.0   0.0   0.0   0.0   0.19  0.0   0.0   0.38  
72    E     0.0   0.0   0.0   0.25  0.0   0.0   0.38  0.0   0.0   0.0   0.0   0.0   0.0   0.36  0.0   0.0   0.0   0.0   0.0   0.0   
73    Y     0.0   0.0   0.0   0.0   0.0   0.0   0.0   0.0   0.0   0.0   0.0   0.0   0.0   0.0   0.0   0.0   0.0   0.0   1.0   0.0   
74    V     0.25  0.0   0.0   0.0   0.0   0.36  0.0   0.0   0.0   0.0   0.0   0.21  0.0   0.0   0.0   0.0   0.0   0.0   0.0   0.18  
75    A     0.79  0.0   0.0   0.0   0.0   0.0   0.0   0.0   0.0   0.0   0.0   0.0   0.0   0.0   0.21  0.0   0.0   0.0   0.0   0.0   
76    S     0.0   0.0   0.0   0.62  0.0   0.0   0.0   0.0   0.0   0.0   0.0   0.0   0.0   0.0   0.0   0.38  0.0   0.0   0.0   0.0   
77    I     0.0   0.0   0.17  0.25  0.0   0.0   0.0   0.0   0.0   0.18  0.19  0.0   0.0   0.21  0.0   0.0   0.0   0.0   0.0   0.0   
78    D     0.0   0.25  0.0   0.35  0.0   0.19  0.0   0.0   0.0   0.0   0.0   0.0   0.0   0.0   0.0   0.21  0.0   0.0   0.0   0.0   
79    D     0.0   0.0   0.21  0.18  0.0   0.43  0.0   0.0   0.0   0.0   0.0   0.0   0.19  0.0   0.0   0.0   0.0   0.0   0.0   0.0   
80    P     0.0   0.0   0.0   0.0   0.0   0.0   0.0   0.0   0.0   0.0   0.0   0.0   0.0   0.0   1.0   0.0   0.0   0.0   0.0   0.0   
81    W     0.0   0.0   0.0   0.0   0.0   0.0   0.0   0.0   0.0   0.0   0.0   0.0   0.0   0.0   0.0   0.0   0.0   1.0   0.0   0.0   
82    E     0.0   0.0   0.0   0.0   0.0   0.0   0.18  0.0   0.0   0.0   0.0   0.17  0.0   0.0   0.0   0.19  0.46  0.0   0.0   0.0   
83    Y     0.0   0.0   0.0   0.0   0.0   0.0   0.0   0.0   0.0   0.25  0.0   0.0   0.0   0.0   0.0   0.0   0.0   0.0   0.75  0.0   
84    Y     0.0   0.0   0.0   0.0   0.0   0.0   0.0   0.0   0.0   0.19  0.0   0.0   0.0   0.43  0.0   0.0   0.0   0.0   0.38  0.0   
85    W     0.0   0.0   0.0   0.0   0.0   0.0   0.0   0.0   0.0   0.0   0.0   0.0   0.0   0.0   0.0   0.0   0.0   1.0   0.0   0.0   
86    I     0.0   0.0   0.0   0.0   0.0   0.0   0.0   0.0   0.0   0.54  0.0   0.0   0.0   0.0   0.0   0.0   0.25  0.0   0.0   0.21  
87    G     0.0   0.0   0.0   0.0   0.0   0.0   0.0   0.75  0.25  0.0   0.0   0.0   0.0   0.0   0.0   0.0   0.0   0.0   0.0   0.0   
88    F     0.0   0.0   0.0   0.0   0.0   0.0   0.0   0.0   0.0   0.0   0.25  0.0   0.21  0.54  0.0   0.0   0.0   0.0   0.0   0.0   
89    S     0.0   0.25  0.21  0.0   0.0   0.0   0.0   0.0   0.0   0.0   0.0   0.0   0.0   0.0   0.0   0.54  0.0   0.0   0.0   0.0   
90    G     0.0   0.0   0.0   0.0   0.0   0.0   0.0   1.0   0.0   0.0   0.0   0.0   0.0   0.0   0.0   0.0   0.0   0.0   0.0   0.0   
91    S     0.0   0.0   0.0   0.25  0.0   0.0   0.0   0.0   0.0   0.17  0.0   0.21  0.0   0.0   0.0   0.36  0.0   0.0   0.0   0.0   
92    N     0.0   0.17  0.18  0.0   0.0   0.21  0.0   0.0   0.0   0.0   0.0   0.19  0.0   0.0   0.0   0.25  0.0   0.0   0.0   0.0   
93    A     0.62  0.0   0.0   0.0   0.0   0.0   0.0   0.0   0.0   0.38  0.0   0.0   0.0   0.0   0.0   0.0   0.0   0.0   0.0   0.0   
94    N     0.0   0.0   0.23  0.0   0.0   0.0   0.52  0.0   0.0   0.0   0.25  0.0   0.0   0.0   0.0   0.0   0.0   0.0   0.0   0.0   
95    E     0.26  0.0   0.52  0.0   0.0   0.0   0.23  0.0   0.0   0.0   0.0   0.0   0.0   0.0   0.0   0.0   0.0   0.0   0.0   0.0   
96    Y     0.0   0.0   0.0   0.0   0.0   0.0   0.0   0.0   0.0   0.26  0.0   0.0   0.26  0.0   0.0   0.0   0.0   0.0   0.48  0.0   
97    L     0.0   0.0   0.0   0.0   0.0   0.0   0.0   0.0   0.0   0.0   1.0   0.0   0.0   0.0   0.0   0.0   0.0   0.0   0.0   0.0   
98    N     0.0   0.0   0.23  0.0   0.0   0.0   0.0   0.0   0.0   0.0   0.0   0.26  0.0   0.0   0.0   0.51  0.0   0.0   0.0   0.0   
99    R     0.0   0.48  0.0   0.0   0.0   0.26  0.0   0.26  0.0   0.0   0.0   0.0   0.0   0.0   0.0   0.0   0.0   0.0   0.0   0.0   
100   T     0.0   0.0   0.0   0.0   0.25  0.0   0.0   0.0   0.0   0.0   0.0   0.0   0.0   0.0   0.0   0.52  0.23  0.0   0.0   0.0   
101   S     0.0   0.0   0.0   0.0   0.0   0.0   0.0   0.0   0.0   0.0   0.26  0.0   0.0   0.0   0.0   0.74  0.0   0.0   0.0   0.0   
102   I     0.0   0.0   0.0   0.0   0.0   0.0   0.0   0.0   0.0   0.48  0.52  0.0   0.0   0.0   0.0   0.0   0.0   0.0   0.0   0.0   
103   T     0.26  0.0   0.0   0.0   0.0   0.0   0.0   0.0   0.0   0.0   0.0   0.0   0.0   0.26  0.0   0.0   0.23  0.0   0.0   0.25  
104   N     0.0   0.0   0.23  0.25  0.0   0.26  0.0   0.0   0.0   0.0   0.0   0.26  0.0   0.0   0.0   0.0   0.0   0.0   0.0   0.0   
105   S     0.0   0.26  0.0   0.0   0.0   0.0   0.0   0.0   0.0   0.0   0.0   0.26  0.0   0.0   0.0   0.48  0.0   0.0   0.0   0.0   
106   C     0.0   0.0   0.0   0.0   0.48  0.0   0.0   0.0   0.25  0.0   0.0   0.0   0.0   0.26  0.0   0.0   0.0   0.0   0.0   0.0   
107   V     0.0   0.0   0.0   0.0   0.0   0.0   0.0   0.0   0.0   0.0   0.0   0.0   0.0   0.0   0.0   0.0   0.0   0.0   0.52  0.48  
108   A     0.23  0.0   0.0   0.0   0.26  0.0   0.0   0.0   0.0   0.25  0.26  0.0   0.0   0.0   0.0   0.0   0.0   0.0   0.0   0.0   
109   N     0.0   0.26  0.23  0.0   0.0   0.0   0.0   0.0   0.26  0.0   0.25  0.0   0.0   0.0   0.0   0.0   0.0   0.0   0.0   0.0   
110   C     0.0   0.0   0.0   0.0   0.23  0.26  0.0   0.25  0.0   0.0   0.0   0.0   0.0   0.0   0.0   0.26  0.0   0.0   0.0   0.0   
111   E     0.0   0.0   0.0   0.0   0.0   0.25  0.23  0.26  0.0   0.0   0.0   0.0   0.0   0.0   0.0   0.0   0.0   0.0   0.0   0.26  
112   E     0.0   0.26  0.0   0.25  0.0   0.26  0.23  0.0   0.0   0.0   0.0   0.0   0.0   0.0   0.0   0.0   0.0   0.0   0.0   0.0   
113   N     0.0   0.0   0.48  0.0   0.0   0.0   0.0   0.0   0.0   0.0   0.0   0.0   0.0   0.0   0.0   0.26  0.25  0.0   0.0   0.0   
114   S     0.0   0.0   0.0   0.0   0.0   0.0   0.0   0.26  0.0   0.0   0.0   0.0   0.0   0.0   0.0   0.49  0.25  0.0   0.0   0.0   
115   K     0.02  0.01  0.01  0.27  0.0   0.01  0.02  0.02  0.01  0.01  0.02  0.5   0.01  0.01  0.01  0.02  0.01  0.0   0.01  0.02  
116   I     0.02  0.01  0.01  0.01  0.0   0.01  0.02  0.02  0.01  0.49  0.29  0.01  0.01  0.01  0.01  0.02  0.01  0.0   0.01  0.02  
117   P     0.02  0.01  0.01  0.01  0.0   0.01  0.02  0.02  0.01  0.01  0.02  0.27  0.01  0.27  0.24  0.02  0.01  0.0   0.01  0.02  
118   Q     0.0   0.0   0.25  0.0   0.0   0.23  0.0   0.0   0.26  0.0   0.0   0.0   0.0   0.0   0.0   0.26  0.0   0.0   0.0   0.0   
119   I     0.0   0.0   0.0   0.0   0.0   0.26  0.0   0.0   0.0   0.74  0.0   0.0   0.0   0.0   0.0   0.0   0.0   0.0   0.0   0.0   
120   I     0.0   0.0   0.0   0.0   0.0   0.0   0.0   0.0   0.0   0.48  0.0   0.0   0.26  0.0   0.0   0.0   0.0   0.0   0.26  0.0   
121   L     0.26  0.0   0.0   0.0   0.0   0.25  0.0   0.0   0.0   0.0   0.23  0.0   0.26  0.0   0.0   0.0   0.0   0.0   0.0   0.0   
122   N     0.0   0.0   0.23  0.26  0.0   0.0   0.0   0.0   0.0   0.0   0.25  0.0   0.0   0.0   0.0   0.0   0.26  0.0   0.0   0.0   
123   M     0.0   0.0   0.0   0.0   0.0   0.0   0.0   0.0   0.0   0.52  0.26  0.0   0.23  0.0   0.0   0.0   0.0   0.0   0.0   0.0   
124   C     0.0   0.0   0.0   0.0   0.48  0.0   0.0   0.0   0.0   0.26  0.0   0.0   0.0   0.0   0.0   0.26  0.0   0.0   0.0   0.0   
125   E     0.0   0.0   0.0   0.0   0.0   0.26  0.48  0.0   0.0   0.0   0.0   0.25  0.0   0.0   0.0   0.0   0.0   0.0   0.0   0.0   
126   I     0.0   0.0   0.0   0.0   0.0   0.0   0.0   0.0   0.0   0.23  0.51  0.0   0.0   0.26  0.0   0.0   0.0   0.0   0.0   0.0   
127   S     0.26  0.0   0.0   0.0   0.0   0.0   0.0   0.0   0.0   0.0   0.0   0.0   0.0   0.0   0.0   0.48  0.0   0.0   0.26  0.0   
128   K     0.0   0.0   0.26  0.0   0.0   0.25  0.0   0.0   0.0   0.0   0.0   0.48  0.0   0.0   0.0   0.0   0.0   0.0   0.0   0.0   
129   T     0.0   0.0   0.0   0.0   0.0   0.0   0.0   0.0   0.0   0.0   0.0   0.0   0.0   0.0   0.0   0.25  0.49  0.0   0.0   0.26  
130   Y     0.02  0.01  0.01  0.01  0.01  0.01  0.02  0.02  0.01  0.27  0.28  0.02  0.01  0.01  0.01  0.02  0.02  0.0   0.23  0.02  
131   N     0.02  0.01  0.24  0.01  0.01  0.01  0.27  0.02  0.26  0.01  0.02  0.02  0.01  0.01  0.01  0.02  0.02  0.0   0.01  0.02  
132   P     0.0   0.0   0.0   0.0   0.0   0.0   0.0   0.0   0.0   0.26  0.0   0.0   0.0   0.0   0.49  0.25  0.0   0.0   0.0   0.0   
133   S     0.0   0.0   0.25  0.0   0.0   0.0   0.0   0.0   0.0   0.0   0.26  0.0   0.0   0.0   0.26  0.23  0.0   0.0   0.0   0.0   
134   R     0.0   0.23  0.51  0.0   0.0   0.0   0.0   0.0   0.0   0.0   0.0   0.0   0.0   0.0   0.0   0.0   0.26  0.0   0.0   0.0   
135   S     0.0   0.0   0.0   0.0   0.0   0.0   0.0   0.0   0.0   0.0   0.0   0.0   0.0   0.0   0.0   1.0   0.0   0.0   0.0   0.0   
136   D     0.0   0.0   0.77  0.23  0.0   0.0   0.0   0.0   0.0   0.0   0.0   0.0   0.0   0.0   0.0   0.0   0.0   0.0   0.0   0.0   
137   D     0.0   0.0   0.0   0.74  0.0   0.0   0.26  0.0   0.0   0.0   0.0   0.0   0.0   0.0   0.0   0.0   0.0   0.0   0.0   0.0   
138   I     0.0   0.0   0.0   0.0   0.0   0.0   0.0   0.0   0.0   0.48  0.26  0.0   0.0   0.0   0.0   0.0   0.0   0.0   0.0   0.26  
139   L     0.0   0.0   0.0   0.0   0.0   0.0   0.0   0.0   0.0   0.0   1.0   0.0   0.0   0.0   0.0   0.0   0.0   0.0   0.0   0.0   
140   L     0.0   0.0   0.0   0.0   0.0   0.0   0.0   0.0   0.0   0.25  0.48  0.0   0.26  0.0   0.0   0.0   0.0   0.0   0.0   0.0   
141   L     0.0   0.0   0.0   0.0   0.0   0.0   0.0   0.26  0.0   0.0   0.23  0.0   0.25  0.0   0.0   0.0   0.0   0.0   0.0   0.26  
142   K     0.0   0.0   0.0   0.0   0.0   0.25  0.0   0.26  0.0   0.0   0.0   0.23  0.0   0.0   0.0   0.26  0.0   0.0   0.0   0.0   
143   E     0.0   0.0   0.0   0.0   0.0   0.0   0.49  0.0   0.0   0.0   0.26  0.0   0.0   0.0   0.0   0.0   0.0   0.0   0.25  0.0   
144   L     0.0   0.0   0.0   0.0   0.0   0.0   0.0   0.0   0.0   0.26  0.74  0.0   0.0   0.0   0.0   0.0   0.0   0.0   0.0   0.0   
145   Y     0.0   0.0   0.0   0.0   0.0   0.0   0.0   0.0   0.0   0.0   0.0   0.0   0.0   0.0   0.0   0.0   0.0   0.0   1.0   0.0   
146   S     0.0   0.26  0.0   0.0   0.0   0.25  0.0   0.0   0.0   0.0   0.0   0.26  0.0   0.0   0.0   0.23  0.0   0.0   0.0   0.0   
147   L     0.0   0.0   0.0   0.0   0.0   0.0   0.0   0.0   0.0   0.0   1.0   0.0   0.0   0.0   0.0   0.0   0.0   0.0   0.0   0.0   
148   L     0.0   0.0   0.0   0.0   0.0   0.0   0.0   0.0   0.0   0.0   0.49  0.0   0.0   0.26  0.0   0.0   0.0   0.0   0.0   0.25  
149   Y     0.26  0.0   0.0   0.0   0.0   0.0   0.0   0.0   0.0   0.0   0.0   0.0   0.0   0.0   0.0   0.0   0.0   0.0   0.74  0.0   
150   A     0.49  0.0   0.0   0.26  0.0   0.0   0.0   0.0   0.0   0.0   0.0   0.0   0.0   0.0   0.0   0.0   0.25  0.0   0.0   0.0   
151   L     0.0   0.0   0.0   0.0   0.0   0.0   0.0   0.0   0.0   0.0   1.0   0.0   0.0   0.0   0.0   0.0   0.0   0.0   0.0   0.0   
152   I     0.0   0.0   0.0   0.0   0.0   0.25  0.0   0.0   0.0   0.49  0.26  0.0   0.0   0.0   0.0   0.0   0.0   0.0   0.0   0.0   
153   E     0.0   0.26  0.0   0.0   0.0   0.0   0.74  0.0   0.0   0.0   0.0   0.0   0.0   0.0   0.0   0.0   0.0   0.0   0.0   0.0   
154   E     0.0   0.0   0.0   0.0   0.0   0.0   0.49  0.0   0.0   0.0   0.0   0.25  0.0   0.0   0.0   0.0   0.0   0.26  0.0   0.0   
155   F     0.0   0.0   0.0   0.0   0.0   0.0   0.0   0.0   0.0   0.0   0.0   0.0   0.0   0.74  0.0   0.0   0.0   0.0   0.26  0.0   
156   P     0.0   0.0   0.0   0.0   0.0   0.0   0.0   0.0   0.0   0.0   0.0   0.0   0.0   0.0   1.0   0.0   0.0   0.0   0.0   0.0   
157   K     0.0   0.0   0.0   0.0   0.0   0.0   0.0   0.0   0.0   0.0   0.0   1.0   0.0   0.0   0.0   0.0   0.0   0.0   0.0   0.0   
158   P     0.0   0.0   0.0   0.0   0.0   0.0   0.0   0.0   0.0   0.0   0.0   0.0   0.0   0.0   0.0   0.0   0.0   0.0   0.0   0.0   
