             A     R     N     D     C     Q     E     G     H     I     L     K     M     F     P     S     T     W     Y     V
1     D     0.0   0.0   0.26  0.74  0.0   0.0   0.0   0.0   0.0   0.0   0.0   0.0   0.0   0.0   0.0   0.0   0.0   0.0   0.0   0.0   
2     P     0.0   0.0   0.0   0.0   0.0   0.0   0.0   0.0   0.0   0.0   0.0   0.0   0.0   0.0   1.0   0.0   0.0   0.0   0.0   0.0   
3     D     0.0   0.0   0.0   0.55  0.0   0.0   0.24  0.0   0.0   0.0   0.0   0.0   0.0   0.0   0.0   0.21  0.0   0.0   0.0   0.0   
4     R     0.13  0.66  0.0   0.0   0.0   0.0   0.0   0.0   0.0   0.0   0.0   0.21  0.0   0.0   0.0   0.0   0.0   0.0   0.0   0.0   
5     M     0.0   0.0   0.0   0.0   0.0   0.0   0.0   0.0   0.0   0.47  0.0   0.0   0.18  0.0   0.0   0.0   0.0   0.0   0.0   0.35  
6     L     0.0   0.0   0.0   0.0   0.0   0.0   0.0   0.0   0.0   0.0   1.0   0.0   0.0   0.0   0.0   0.0   0.0   0.0   0.0   0.0   
7     L     0.0   0.0   0.0   0.0   0.0   0.0   0.0   0.0   0.0   0.0   1.0   0.0   0.0   0.0   0.0   0.0   0.0   0.0   0.0   0.0   
8     R     0.0   0.79  0.0   0.0   0.0   0.0   0.0   0.0   0.0   0.0   0.0   0.21  0.0   0.0   0.0   0.0   0.0   0.0   0.0   0.0   
9     D     0.0   0.0   0.0   1.0   0.0   0.0   0.0   0.0   0.0   0.0   0.0   0.0   0.0   0.0   0.0   0.0   0.0   0.0   0.0   0.0   
10    V     0.0   0.0   0.0   0.0   0.0   0.0   0.0   0.0   0.0   0.31  0.0   0.0   0.0   0.0   0.0   0.0   0.0   0.0   0.0   0.69  
11    K     0.0   0.0   0.0   0.0   0.0   0.56  0.09  0.0   0.0   0.0   0.0   0.35  0.0   0.0   0.0   0.0   0.0   0.0   0.0   0.0   
12    A     0.55  0.0   0.0   0.0   0.0   0.0   0.0   0.0   0.0   0.0   0.0   0.0   0.0   0.0   0.0   0.0   0.11  0.0   0.0   0.34  
13    L     0.0   0.0   0.0   0.0   0.0   0.0   0.0   0.0   0.0   0.22  0.78  0.0   0.0   0.0   0.0   0.0   0.0   0.0   0.0   0.0   
14    T     0.0   0.0   0.0   0.0   0.0   0.0   0.0   0.0   0.0   0.0   0.0   0.0   0.0   0.0   0.0   0.0   1.0   0.0   0.0   0.0   
15    L     0.0   0.0   0.0   0.0   0.0   0.0   0.0   0.0   0.0   0.0   1.0   0.0   0.0   0.0   0.0   0.0   0.0   0.0   0.0   0.0   
16    H     0.0   0.21  0.0   0.0   0.0   0.0   0.0   0.0   0.18  0.0   0.0   0.0   0.0   0.0   0.0   0.0   0.0   0.0   0.61  0.0   
17    Y     0.22  0.13  0.0   0.0   0.0   0.0   0.0   0.0   0.0   0.0   0.0   0.0   0.0   0.0   0.0   0.38  0.0   0.0   0.27  0.0   
18    D     0.0   0.0   0.0   0.66  0.0   0.0   0.0   0.34  0.0   0.0   0.0   0.0   0.0   0.0   0.0   0.0   0.0   0.0   0.0   0.0   
19    R     0.0   0.79  0.0   0.0   0.0   0.0   0.21  0.0   0.0   0.0   0.0   0.0   0.0   0.0   0.0   0.0   0.0   0.0   0.0   0.0   
20    Y     0.0   0.0   0.0   0.0   0.0   0.0   0.0   0.0   0.0   0.0   0.0   0.0   0.21  0.0   0.0   0.0   0.0   0.0   0.79  0.0   
21    T     0.0   0.0   0.0   0.0   0.0   0.0   0.0   0.0   0.0   0.0   0.0   0.0   0.0   0.0   0.0   0.0   1.0   0.0   0.0   0.0   
22    T     0.0   0.0   0.22  0.0   0.0   0.0   0.0   0.0   0.0   0.0   0.0   0.21  0.0   0.0   0.0   0.0   0.57  0.0   0.0   0.0   
23    S     0.56  0.0   0.0   0.0   0.0   0.0   0.0   0.0   0.0   0.0   0.0   0.0   0.0   0.0   0.0   0.44  0.0   0.0   0.0   0.0   
24    R     0.0   1.0   0.0   0.0   0.0   0.0   0.0   0.0   0.0   0.0   0.0   0.0   0.0   0.0   0.0   0.0   0.0   0.0   0.0   0.0   
25    R     0.0   1.0   0.0   0.0   0.0   0.0   0.0   0.0   0.0   0.0   0.0   0.0   0.0   0.0   0.0   0.0   0.0   0.0   0.0   0.0   
26    L     0.0   0.0   0.0   0.0   0.0   0.0   0.0   0.0   0.0   0.0   0.44  0.0   0.0   0.0   0.0   0.56  0.0   0.0   0.0   0.0   
27    D     0.22  0.0   0.0   0.35  0.0   0.0   0.09  0.0   0.0   0.0   0.0   0.0   0.0   0.0   0.0   0.34  0.0   0.0   0.0   0.0   
28    P     0.0   0.0   0.0   0.0   0.0   0.0   0.0   0.0   0.0   0.0   0.0   0.0   0.0   0.0   1.0   0.0   0.0   0.0   0.0   0.0   
29    I     0.0   0.0   0.0   0.0   0.0   0.0   0.0   0.0   0.0   0.65  0.0   0.0   0.0   0.0   0.0   0.0   0.0   0.0   0.0   0.35  
30    P     0.0   0.0   0.0   0.0   0.0   0.21  0.0   0.0   0.0   0.0   0.0   0.0   0.0   0.0   0.79  0.0   0.0   0.0   0.0   0.0   
31    Q     0.0   0.0   0.0   0.0   0.0   1.0   0.0   0.0   0.0   0.0   0.0   0.0   0.0   0.0   0.0   0.0   0.0   0.0   0.0   0.0   
32    L     0.0   0.0   0.0   0.0   0.0   0.0   0.0   0.0   0.0   0.0   0.79  0.0   0.21  0.0   0.0   0.0   0.0   0.0   0.0   0.0   
33    K     0.0   0.0   0.0   0.0   0.0   0.13  0.21  0.0   0.0   0.0   0.0   0.66  0.0   0.0   0.0   0.0   0.0   0.0   0.0   0.0   
34    A     0.1   0.0   0.0   0.0   0.9   0.0   0.0   0.0   0.0   0.0   0.0   0.0   0.0   0.0   0.0   0.0   0.0   0.0   0.0   0.0   
35    V     0.0   0.0   0.0   0.0   0.0   0.0   0.0   0.0   0.0   0.56  0.0   0.0   0.0   0.0   0.0   0.0   0.0   0.0   0.0   0.44  
36    G     0.0   0.0   0.0   0.0   0.0   0.0   0.0   1.0   0.0   0.0   0.0   0.0   0.0   0.0   0.0   0.0   0.0   0.0   0.0   0.0   
37    G     0.0   0.0   0.0   0.0   0.0   0.0   0.0   1.0   0.0   0.0   0.0   0.0   0.0   0.0   0.0   0.0   0.0   0.0   0.0   0.0   
38    T     0.0   0.0   0.11  0.0   0.0   0.0   0.0   0.0   0.0   0.0   0.0   0.0   0.0   0.0   0.0   0.24  0.65  0.0   0.0   0.0   
39    A     1.0   0.0   0.0   0.0   0.0   0.0   0.0   0.0   0.0   0.0   0.0   0.0   0.0   0.0   0.0   0.0   0.0   0.0   0.0   0.0   
40    G     0.0   0.0   0.0   0.0   0.0   0.0   0.0   0.79  0.0   0.0   0.0   0.0   0.0   0.0   0.0   0.0   0.21  0.0   0.0   0.0   
41    A     0.1   0.0   0.0   0.0   0.69  0.0   0.0   0.0   0.0   0.0   0.0   0.21  0.0   0.0   0.0   0.0   0.0   0.0   0.0   0.0   
42    D     0.0   0.0   0.0   0.36  0.0   0.0   0.29  0.13  0.22  0.0   0.0   0.0   0.0   0.0   0.0   0.0   0.0   0.0   0.0   0.0   
43    S     0.28  0.0   0.0   0.0   0.0   0.0   0.21  0.0   0.0   0.0   0.0   0.0   0.0   0.0   0.0   0.4   0.11  0.0   0.0   0.0   
44    Y     0.0   0.0   0.0   0.0   0.0   0.0   0.0   0.0   0.0   0.0   0.21  0.0   0.22  0.13  0.0   0.0   0.0   0.0   0.44  0.0   
45    T     0.0   0.0   0.0   0.0   0.0   0.0   0.0   0.0   0.0   0.0   0.0   0.0   0.0   0.0   0.0   0.0   0.57  0.0   0.21  0.22  
46    P     0.0   0.0   0.0   0.0   0.0   0.0   0.0   0.0   0.0   0.0   0.0   0.0   0.0   0.0   1.0   0.0   0.0   0.0   0.0   0.0   
47    K     0.0   0.08  0.0   0.0   0.0   0.22  0.13  0.0   0.0   0.0   0.0   0.57  0.0   0.0   0.0   0.0   0.0   0.0   0.0   0.0   
48    V     0.0   0.0   0.0   0.0   0.0   0.0   0.0   0.0   0.0   0.0   0.0   0.0   0.0   0.0   0.0   0.0   0.21  0.0   0.0   0.79  
49    I     0.0   0.0   0.0   0.0   0.0   0.0   0.0   0.0   0.0   0.56  0.0   0.0   0.0   0.0   0.0   0.0   0.0   0.0   0.0   0.44  
50    Q     0.0   0.0   0.0   0.0   0.0   1.0   0.0   0.0   0.0   0.0   0.0   0.0   0.0   0.0   0.0   0.0   0.0   0.0   0.0   0.0   
51    B     0.0   0.0   0.0   0.0   0.9   0.0   0.0   0.0   0.0   0.0   0.0   0.0   0.0   0.0   0.0   0.0   0.0   0.0   0.0   0.0   
52    Q     0.0   0.0   0.0   0.0   0.0   0.44  0.0   0.0   0.22  0.0   0.0   0.0   0.0   0.0   0.0   0.0   0.0   0.0   0.34  0.0   
53    N     0.0   0.0   1.0   0.0   0.0   0.0   0.0   0.0   0.0   0.0   0.0   0.0   0.0   0.0   0.0   0.0   0.0   0.0   0.0   0.0   
54    K     0.0   0.44  0.0   0.0   0.0   0.0   0.0   0.0   0.0   0.0   0.0   0.35  0.21  0.0   0.0   0.0   0.0   0.0   0.0   0.0   
55    G     0.0   0.0   0.0   0.0   0.0   0.0   0.0   1.0   0.0   0.0   0.0   0.0   0.0   0.0   0.0   0.0   0.0   0.0   0.0   0.0   
56    W     0.0   0.0   0.0   0.0   0.0   0.0   0.0   0.0   0.0   0.0   0.0   0.0   0.0   0.0   0.0   0.34  0.0   0.66  0.0   0.0   
57    D     0.0   0.0   0.21  0.79  0.0   0.0   0.0   0.0   0.0   0.0   0.0   0.0   0.0   0.0   0.0   0.0   0.0   0.0   0.0   0.0   
58    G     0.0   0.0   0.0   0.0   0.0   0.0   0.0   1.0   0.0   0.0   0.0   0.0   0.0   0.0   0.0   0.0   0.0   0.0   0.0   0.0   
59    Y     0.0   0.0   0.0   0.0   0.0   0.0   0.0   0.0   0.0   0.13  0.11  0.0   0.0   0.11  0.0   0.0   0.0   0.0   0.44  0.21  
60    D     0.0   0.0   0.0   1.0   0.0   0.0   0.0   0.0   0.0   0.0   0.0   0.0   0.0   0.0   0.0   0.0   0.0   0.0   0.0   0.0   
61    V     0.13  0.0   0.0   0.0   0.0   0.0   0.0   0.0   0.0   0.0   0.0   0.0   0.0   0.0   0.0   0.0   0.0   0.0   0.0   0.87  
62    Q     0.0   0.0   0.0   0.0   0.0   1.0   0.0   0.0   0.0   0.0   0.0   0.0   0.0   0.0   0.0   0.0   0.0   0.0   0.0   0.0   
63    W     0.0   0.0   0.0   0.0   0.0   0.0   0.0   0.0   0.0   0.0   0.0   0.0   0.0   0.0   0.0   0.0   0.0   1.0   0.0   0.0   
64    E     0.0   0.0   0.0   0.0   0.0   0.0   0.79  0.0   0.0   0.0   0.0   0.21  0.0   0.0   0.0   0.0   0.0   0.0   0.0   0.0   
65    B     0.0   0.0   0.0   0.0   0.9   0.0   0.0   0.0   0.0   0.0   0.0   0.0   0.0   0.0   0.0   0.0   0.0   0.0   0.0   0.0   
66    K     0.0   0.11  0.0   0.0   0.0   0.0   0.21  0.0   0.0   0.0   0.0   0.68  0.0   0.0   0.0   0.0   0.0   0.0   0.0   0.0   
67    T     0.34  0.0   0.0   0.0   0.0   0.0   0.0   0.0   0.0   0.0   0.0   0.0   0.0   0.0   0.0   0.0   0.44  0.0   0.0   0.22  
68    D     0.0   0.0   0.0   0.79  0.0   0.0   0.0   0.0   0.0   0.0   0.0   0.0   0.0   0.0   0.0   0.0   0.21  0.0   0.0   0.0   
69    L     0.0   0.0   0.0   0.0   0.0   0.0   0.0   0.0   0.0   0.0   0.65  0.0   0.35  0.0   0.0   0.0   0.0   0.0   0.0   0.0   
70    D     0.0   0.0   0.0   1.0   0.0   0.0   0.0   0.0   0.0   0.0   0.0   0.0   0.0   0.0   0.0   0.0   0.0   0.0   0.0   0.0   
71    I     0.0   0.0   0.35  0.0   0.0   0.0   0.0   0.0   0.0   0.35  0.0   0.0   0.0   0.0   0.0   0.21  0.0   0.0   0.0   0.09  
72    A     0.44  0.0   0.0   0.0   0.0   0.0   0.0   0.0   0.0   0.0   0.13  0.0   0.0   0.0   0.0   0.22  0.21  0.0   0.0   0.0   
73    Y     0.0   0.0   0.0   0.0   0.0   0.0   0.0   0.0   0.0   0.0   0.0   0.0   0.0   0.0   0.0   0.0   0.0   0.0   0.79  0.21  
74    K     0.0   0.56  0.0   0.0   0.0   0.0   0.0   0.0   0.0   0.0   0.0   0.44  0.0   0.0   0.0   0.0   0.0   0.0   0.0   0.0   
75    F     0.0   0.0   0.0   0.0   0.0   0.0   0.0   0.0   0.0   0.0   0.21  0.0   0.0   0.79  0.0   0.0   0.0   0.0   0.0   0.0   
76    G     0.0   0.0   0.0   0.0   0.0   0.0   0.0   1.0   0.0   0.0   0.0   0.0   0.0   0.0   0.0   0.0   0.0   0.0   0.0   0.0   
77    K     0.0   0.13  0.0   0.0   0.0   0.0   0.0   0.0   0.0   0.0   0.0   0.66  0.0   0.0   0.0   0.0   0.21  0.0   0.0   0.0   
78    T     0.0   0.0   0.0   0.0   0.0   0.0   0.0   0.0   0.0   0.21  0.0   0.0   0.0   0.0   0.0   0.0   0.44  0.0   0.0   0.35  
79    V     0.0   0.0   0.0   0.21  0.0   0.0   0.35  0.0   0.0   0.0   0.0   0.0   0.0   0.0   0.0   0.0   0.0   0.0   0.0   0.44  
80    V     0.0   0.0   0.0   0.0   0.0   0.0   0.0   0.0   0.0   0.0   0.0   0.0   0.0   0.0   0.0   0.0   0.0   0.0   0.0   1.0   
81    S     0.0   0.0   0.0   0.0   0.0   0.0   0.0   0.0   0.0   0.0   0.0   0.0   0.0   0.0   0.0   1.0   0.0   0.0   0.0   0.0   
82    C     0.0   0.0   0.0   0.0   1.0   0.0   0.0   0.0   0.0   0.0   0.0   0.0   0.0   0.0   0.0   0.0   0.0   0.0   0.0   0.0   
83    E     0.0   0.0   0.0   0.0   0.0   0.0   1.0   0.0   0.0   0.0   0.0   0.0   0.0   0.0   0.0   0.0   0.0   0.0   0.0   0.0   
84    G     0.0   0.0   0.0   0.0   0.0   0.0   0.0   1.0   0.0   0.0   0.0   0.0   0.0   0.0   0.0   0.0   0.0   0.0   0.0   0.0   
85    Y     0.0   0.0   0.0   0.0   0.0   0.0   0.0   0.0   0.0   0.0   0.0   0.0   0.0   0.22  0.0   0.0   0.0   0.0   0.78  0.0   
86    E     0.0   0.0   0.13  0.31  0.0   0.0   0.35  0.0   0.0   0.0   0.0   0.0   0.0   0.0   0.0   0.21  0.0   0.0   0.0   0.0   
87    S     0.0   0.0   0.0   0.0   0.0   0.0   0.0   0.0   0.0   0.0   0.0   0.0   0.0   0.11  0.0   0.57  0.0   0.0   0.32  0.0   
88    S     0.0   0.0   0.0   0.0   0.0   0.0   0.0   0.0   0.0   0.0   0.0   0.0   0.0   0.0   0.56  0.44  0.0   0.0   0.0   0.0   
89    E     0.0   0.0   0.13  0.0   0.0   0.0   0.87  0.0   0.0   0.0   0.0   0.0   0.0   0.0   0.0   0.0   0.0   0.0   0.0   0.0   
90    D     0.0   0.0   0.0   1.0   0.0   0.0   0.0   0.0   0.0   0.0   0.0   0.0   0.0   0.0   0.0   0.0   0.0   0.0   0.0   0.0   
91    Q     0.13  0.0   0.0   0.0   0.0   0.44  0.0   0.0   0.0   0.0   0.0   0.0   0.0   0.0   0.43  0.0   0.0   0.0   0.0   0.0   
92    Y     0.0   0.0   0.0   0.0   0.0   0.0   0.0   0.0   0.0   0.0   0.0   0.0   0.0   0.0   0.0   0.0   0.0   0.0   1.0   0.0   
93    V     0.0   0.0   0.0   0.0   0.0   0.0   0.0   0.0   0.0   0.3   0.0   0.0   0.0   0.0   0.0   0.0   0.0   0.0   0.0   0.7   
94    L     0.0   0.0   0.0   0.0   0.0   0.0   0.0   0.0   0.0   0.0   0.79  0.0   0.0   0.0   0.0   0.0   0.21  0.0   0.0   0.0   
95    R     0.21  0.79  0.0   0.0   0.0   0.0   0.0   0.0   0.0   0.0   0.0   0.0   0.0   0.0   0.0   0.0   0.0   0.0   0.0   0.0   
96    G     0.0   0.0   0.0   0.21  0.0   0.0   0.0   0.79  0.0   0.0   0.0   0.0   0.0   0.0   0.0   0.0   0.0   0.0   0.0   0.0   
97    S     0.0   0.0   0.0   0.0   0.0   0.0   0.0   0.0   0.0   0.0   0.0   0.0   0.0   0.0   0.0   1.0   0.0   0.0   0.0   0.0   
98    C     0.0   0.0   0.0   0.0   1.0   0.0   0.0   0.0   0.0   0.0   0.0   0.0   0.0   0.0   0.0   0.0   0.0   0.0   0.0   0.0   
99    G     0.0   0.0   0.0   0.0   0.0   0.0   0.0   1.0   0.0   0.0   0.0   0.0   0.0   0.0   0.0   0.0   0.0   0.0   0.0   0.0   
100   L     0.0   0.0   0.0   0.0   0.0   0.0   0.0   0.0   0.0   0.0   0.79  0.0   0.0   0.0   0.0   0.0   0.0   0.0   0.0   0.21  
101   E     0.0   0.0   0.0   0.0   0.0   0.0   0.79  0.0   0.0   0.0   0.0   0.0   0.0   0.21  0.0   0.0   0.0   0.0   0.0   0.0   
102   Y     0.0   0.0   0.0   0.0   0.0   0.0   0.0   0.0   0.0   0.0   0.0   0.0   0.0   0.0   0.0   0.0   0.0   0.0   1.0   0.0   
103   N     0.0   0.0   0.35  0.0   0.0   0.3   0.0   0.0   0.0   0.0   0.0   0.0   0.0   0.0   0.0   0.0   0.35  0.0   0.0   0.0   
104   L     0.0   0.0   0.0   0.0   0.0   0.0   0.0   0.0   0.0   0.0   1.0   0.0   0.0   0.0   0.0   0.0   0.0   0.0   0.0   0.0   
105   D     0.0   0.0   0.0   0.44  0.0   0.0   0.56  0.0   0.0   0.0   0.0   0.0   0.0   0.0   0.0   0.0   0.0   0.0   0.0   0.0   
106   Y     0.0   0.0   0.0   0.0   0.0   0.0   0.0   0.0   0.0   0.0   0.35  0.0   0.0   0.0   0.0   0.0   0.0   0.0   0.65  0.0   
107   T     0.0   0.0   0.0   0.0   0.0   0.0   0.0   0.0   0.0   0.0   0.0   0.0   0.0   0.0   0.0   0.0   1.0   0.0   0.0   0.0   
108   E     0.13  0.0   0.21  0.0   0.0   0.0   0.66  0.0   0.0   0.0   0.0   0.0   0.0   0.0   0.0   0.0   0.0   0.0   0.0   0.0   
109   L     0.0   0.0   0.0   0.0   0.0   0.0   0.45  0.0   0.0   0.0   0.55  0.0   0.0   0.0   0.0   0.0   0.0   0.0   0.0   0.0   
110   G     0.0   0.0   0.0   0.0   0.0   0.0   0.0   1.0   0.0   0.0   0.0   0.0   0.0   0.0   0.0   0.0   0.0   0.0   0.0   0.0   
111   L     0.0   0.28  0.0   0.0   0.0   0.0   0.0   0.0   0.0   0.0   0.55  0.18  0.0   0.0   0.0   0.0   0.0   0.0   0.0   0.0   
112   Q     0.0   0.0   0.0   0.0   0.0   0.4   0.0   0.0   0.0   0.0   0.0   0.49  0.0   0.0   0.0   0.11  0.0   0.0   0.0   0.0   
113   K     0.0   0.28  0.0   0.0   0.0   0.18  0.0   0.0   0.0   0.0   0.0   0.55  0.0   0.0   0.0   0.0   0.0   0.0   0.0   0.0   
114   L     0.0   0.0   0.0   0.0   0.0   0.18  0.0   0.0   0.0   0.0   0.55  0.0   0.0   0.0   0.0   0.14  0.14  0.0   0.0   0.0   
115   K     0.0   0.11  0.0   0.0   0.0   0.28  0.0   0.18  0.0   0.0   0.0   0.44  0.0   0.0   0.0   0.0   0.0   0.0   0.0   0.0   
116   E     0.0   0.0   0.0   0.28  0.0   0.0   0.55  0.0   0.0   0.0   0.0   0.0   0.0   0.0   0.0   0.18  0.0   0.0   0.0   0.0   
117   S     0.0   0.0   0.0   0.0   0.0   0.0   0.0   0.28  0.0   0.0   0.0   0.0   0.0   0.0   0.0   0.72  0.0   0.0   0.0   0.0   
118   G     0.01  0.01  0.01  0.01  0.0   0.01  0.01  0.56  0.0   0.01  0.02  0.01  0.0   0.01  0.01  0.01  0.01  0.0   0.28  0.01  
119   K     0.01  0.28  0.01  0.01  0.0   0.01  0.01  0.01  0.0   0.01  0.02  0.56  0.0   0.01  0.01  0.01  0.01  0.0   0.01  0.01  
120   Q     0.01  0.01  0.01  0.01  0.0   0.22  0.12  0.01  0.22  0.01  0.02  0.01  0.0   0.01  0.01  0.29  0.01  0.0   0.01  0.01  
121   H     0.15  0.01  0.01  0.01  0.0   0.23  0.01  0.15  0.33  0.01  0.02  0.01  0.0   0.01  0.01  0.01  0.01  0.0   0.01  0.01  
122   G     0.01  0.01  0.01  0.01  0.0   0.0   0.01  0.9   0.0   0.01  0.01  0.01  0.0   0.0   0.01  0.01  0.01  0.0   0.0   0.01  
123   F     0.02  0.01  0.01  0.01  0.0   0.01  0.01  0.02  0.0   0.01  0.02  0.01  0.0   0.79  0.01  0.02  0.01  0.0   0.01  0.01  
124   A     0.23  0.01  0.12  0.01  0.0   0.01  0.01  0.29  0.0   0.01  0.02  0.01  0.0   0.01  0.01  0.19  0.01  0.0   0.01  0.01  
125   S     0.01  0.01  0.0   0.01  0.0   0.0   0.01  0.19  0.0   0.01  0.01  0.01  0.0   0.0   0.01  0.72  0.01  0.0   0.0   0.01  
126   F     0.0   0.0   0.0   0.0   0.0   0.0   0.0   0.0   0.0   0.0   0.0   0.0   0.0   1.0   0.0   0.0   0.0   0.0   0.0   0.0   
127   S     0.28  0.0   0.0   0.0   0.0   0.0   0.0   0.0   0.0   0.0   0.0   0.0   0.0   0.0   0.0   0.72  0.0   0.0   0.0   0.0   
128   D     0.0   0.0   0.15  0.57  0.0   0.0   0.0   0.0   0.0   0.0   0.0   0.0   0.0   0.0   0.0   0.28  0.0   0.0   0.0   0.0   
129   Y     0.0   0.0   0.28  0.0   0.0   0.0   0.0   0.0   0.0   0.0   0.0   0.0   0.0   0.0   0.0   0.0   0.0   0.0   0.72  0.0   
130   Y     0.0   0.0   0.0   0.0   0.0   0.0   0.0   0.0   0.0   0.0   0.0   0.0   0.0   0.28  0.0   0.0   0.0   0.0   0.72  0.0   
131   Y     0.0   0.0   0.0   0.0   0.0   0.0   0.0   0.0   0.29  0.0   0.0   0.0   0.0   0.28  0.0   0.15  0.0   0.0   0.28  0.0   
132   K     0.0   0.0   0.0   0.0   0.0   0.28  0.0   0.0   0.0   0.0   0.0   0.72  0.0   0.0   0.0   0.0   0.0   0.0   0.0   0.0   
