             A     R     N     D     C     Q     E     G     H     I     L     K     M     F     P     S     T     W     Y     V
1     H     0.0   0.0   0.53  0.0   0.0   0.0   0.0   0.0   0.47  0.0   0.0   0.0   0.0   0.0   0.0   0.0   0.0   0.0   0.0   0.0   
2     M     0.0   0.0   0.0   0.0   0.0   0.0   0.09  0.0   0.0   0.0   0.78  0.0   0.13  0.0   0.0   0.0   0.0   0.0   0.0   0.0   
3     A     0.1   0.0   0.0   0.0   0.0   0.0   0.0   0.0   0.0   0.31  0.2   0.0   0.0   0.0   0.27  0.0   0.0   0.0   0.0   0.11  
4     S     0.0   0.0   0.0   0.0   0.0   0.0   0.0   0.0   0.0   0.0   0.26  0.0   0.0   0.37  0.0   0.1   0.0   0.0   0.0   0.27  
5     M     0.0   0.0   0.0   0.0   0.0   0.0   0.0   0.0   0.0   0.0   0.72  0.0   0.06  0.0   0.0   0.0   0.0   0.0   0.0   0.22  
6     K     0.22  0.0   0.0   0.0   0.0   0.0   0.0   0.72  0.0   0.0   0.0   0.06  0.0   0.0   0.0   0.0   0.0   0.0   0.0   0.0   
7     K     0.0   0.22  0.0   0.0   0.0   0.0   0.0   0.0   0.0   0.0   0.0   0.06  0.0   0.0   0.72  0.0   0.0   0.0   0.0   0.0   
8     K     0.72  0.0   0.0   0.0   0.0   0.0   0.0   0.0   0.0   0.0   0.22  0.06  0.0   0.0   0.0   0.0   0.0   0.0   0.0   0.0   
9     G     0.0   0.0   0.0   0.72  0.0   0.0   0.0   0.28  0.0   0.0   0.0   0.0   0.0   0.0   0.0   0.0   0.0   0.0   0.0   0.0   
10    S     0.03  0.0   0.0   0.57  0.0   0.0   0.04  0.16  0.0   0.0   0.0   0.0   0.0   0.0   0.0   0.17  0.04  0.0   0.0   0.0   
11    V     0.0   0.0   0.0   0.0   0.0   0.0   0.04  0.0   0.0   0.09  0.34  0.0   0.11  0.03  0.0   0.0   0.0   0.0   0.27  0.12  
12    V     0.0   0.15  0.0   0.0   0.0   0.03  0.08  0.03  0.0   0.0   0.0   0.17  0.0   0.0   0.0   0.0   0.24  0.0   0.0   0.31  
13    I     0.0   0.03  0.0   0.09  0.0   0.0   0.09  0.12  0.03  0.06  0.0   0.04  0.0   0.22  0.0   0.3   0.04  0.0   0.0   0.0   
14    V     0.25  0.03  0.0   0.0   0.0   0.09  0.0   0.08  0.0   0.0   0.0   0.33  0.13  0.0   0.0   0.04  0.0   0.0   0.0   0.06  
15    G     0.0   0.0   0.0   0.0   0.0   0.0   0.0   1.0   0.0   0.0   0.0   0.0   0.0   0.0   0.0   0.0   0.0   0.0   0.0   0.0   
16    R     0.0   0.06  0.0   0.0   0.0   0.0   0.0   0.0   0.0   0.0   0.0   0.0   0.0   0.0   0.0   0.0   0.0   0.94  0.0   0.0   
17    I     0.22  0.49  0.0   0.0   0.0   0.0   0.0   0.0   0.0   0.06  0.0   0.16  0.0   0.0   0.0   0.06  0.0   0.0   0.0   0.0   
18    N     0.0   0.0   0.06  0.0   0.0   0.0   0.0   0.0   0.0   0.22  0.72  0.0   0.0   0.0   0.0   0.0   0.0   0.0   0.0   0.0   
19    L     0.0   0.0   0.0   0.0   0.0   0.0   0.0   0.0   0.0   0.0   0.78  0.0   0.0   0.0   0.0   0.0   0.22  0.0   0.0   0.0   
20    S     0.91  0.0   0.0   0.0   0.0   0.0   0.0   0.0   0.0   0.0   0.0   0.0   0.0   0.0   0.0   0.09  0.0   0.0   0.0   0.0   
21    G     0.0   0.0   0.0   0.0   0.0   0.0   0.0   0.06  0.0   0.0   0.0   0.0   0.0   0.0   0.94  0.0   0.0   0.0   0.0   0.0   
22    D     0.0   0.0   0.0   0.06  0.0   0.0   0.0   0.0   0.0   0.72  0.0   0.0   0.0   0.22  0.0   0.0   0.0   0.0   0.0   0.0   
23    T     0.0   0.0   0.0   0.0   0.0   0.0   0.0   0.0   0.0   0.0   0.0   0.0   0.0   0.0   0.0   0.04  0.96  0.0   0.0   0.0   
24    A     0.78  0.0   0.0   0.0   0.0   0.0   0.0   0.0   0.0   0.0   0.22  0.0   0.0   0.0   0.0   0.0   0.0   0.0   0.0   0.0   
25    Y     0.0   0.0   0.0   0.0   0.0   0.22  0.0   0.0   0.04  0.0   0.0   0.0   0.0   0.0   0.0   0.0   0.0   0.0   0.74  0.0   
26    A     0.63  0.0   0.0   0.0   0.25  0.0   0.0   0.0   0.0   0.0   0.0   0.0   0.0   0.0   0.0   0.09  0.04  0.0   0.0   0.0   
27    Q     0.0   0.0   0.0   0.0   0.0   0.78  0.0   0.0   0.0   0.0   0.22  0.0   0.0   0.0   0.0   0.0   0.0   0.0   0.0   0.0   
28    Q     0.0   0.0   0.0   0.0   0.0   0.78  0.0   0.0   0.0   0.0   0.0   0.0   0.0   0.0   0.0   0.22  0.0   0.0   0.0   0.0   
29    T     0.0   0.0   0.0   0.0   0.0   0.0   0.22  0.0   0.0   0.0   0.0   0.0   0.0   0.0   0.0   0.0   0.78  0.0   0.0   0.0   
30    R     0.0   1.0   0.0   0.0   0.0   0.0   0.0   0.0   0.0   0.0   0.0   0.0   0.0   0.0   0.0   0.0   0.0   0.0   0.0   0.0   
31    G     0.0   0.0   0.0   0.0   0.0   0.0   0.0   1.0   0.0   0.0   0.0   0.0   0.0   0.0   0.0   0.0   0.0   0.0   0.0   0.0   
32    E     0.0   0.0   0.0   0.0   0.0   0.0   0.06  0.0   0.0   0.03  0.6   0.0   0.0   0.0   0.0   0.0   0.22  0.0   0.0   0.09  
33    E     0.0   0.0   0.0   0.0   0.0   0.0   0.06  0.0   0.0   0.0   0.69  0.0   0.0   0.14  0.0   0.0   0.0   0.0   0.0   0.11  
34    G     0.0   0.0   0.0   0.0   0.0   0.0   0.0   0.71  0.0   0.0   0.0   0.0   0.0   0.0   0.0   0.29  0.0   0.0   0.0   0.0   
35    C     0.39  0.0   0.0   0.0   0.23  0.0   0.0   0.0   0.0   0.0   0.0   0.0   0.0   0.0   0.0   0.0   0.38  0.0   0.0   0.0   
36    Q     0.0   0.0   0.0   0.0   0.0   0.06  0.0   0.0   0.0   0.72  0.0   0.0   0.22  0.0   0.0   0.0   0.0   0.0   0.0   0.0   
37    E     0.22  0.0   0.0   0.0   0.0   0.0   0.06  0.0   0.0   0.2   0.0   0.0   0.0   0.0   0.0   0.0   0.0   0.0   0.0   0.52  
38    T     0.0   0.0   0.0   0.0   0.0   0.0   0.0   0.0   0.0   0.0   0.04  0.0   0.0   0.0   0.0   0.0   0.54  0.0   0.0   0.42  
39    S     0.0   0.0   0.0   0.0   0.0   0.0   0.0   0.0   0.0   0.0   0.0   0.0   0.0   0.0   0.0   0.78  0.0   0.0   0.0   0.22  
40    Q     0.0   0.0   0.0   0.0   0.0   0.06  0.0   0.0   0.0   0.0   0.59  0.0   0.35  0.0   0.0   0.0   0.0   0.0   0.0   0.0   
41    T     0.0   0.0   0.0   0.0   0.0   0.0   0.0   0.0   0.0   0.0   0.0   0.0   0.0   0.0   0.0   0.0   1.0   0.0   0.0   0.0   
42    G     0.0   0.0   0.0   0.0   0.0   0.0   0.0   1.0   0.0   0.0   0.0   0.0   0.0   0.0   0.0   0.0   0.0   0.0   0.0   0.0   
43    R     0.0   0.78  0.0   0.0   0.0   0.0   0.0   0.0   0.0   0.22  0.0   0.0   0.0   0.0   0.0   0.0   0.0   0.0   0.0   0.0   
44    D     0.0   0.0   0.0   1.0   0.0   0.0   0.0   0.0   0.0   0.0   0.0   0.0   0.0   0.0   0.0   0.0   0.0   0.0   0.0   0.0   
45    K     0.0   0.06  0.0   0.0   0.0   0.0   0.0   0.0   0.0   0.0   0.0   0.68  0.0   0.0   0.22  0.0   0.04  0.0   0.0   0.0   
46    N     0.0   0.22  0.65  0.0   0.0   0.0   0.0   0.0   0.0   0.0   0.0   0.0   0.0   0.0   0.0   0.0   0.13  0.0   0.0   0.0   
47    Q     0.0   0.0   0.0   0.03  0.0   0.23  0.39  0.0   0.0   0.04  0.0   0.0   0.0   0.0   0.0   0.0   0.22  0.0   0.0   0.1   
48    V     0.13  0.0   0.04  0.0   0.0   0.17  0.0   0.0   0.0   0.0   0.0   0.0   0.0   0.0   0.0   0.0   0.0   0.22  0.0   0.44  
49    E     0.2   0.0   0.0   0.03  0.04  0.0   0.4   0.0   0.0   0.0   0.0   0.0   0.0   0.0   0.0   0.0   0.33  0.0   0.0   0.0   
50    G     0.0   0.0   0.0   0.0   0.0   0.0   0.0   1.0   0.0   0.0   0.0   0.0   0.0   0.0   0.0   0.0   0.0   0.0   0.0   0.0   
51    E     0.0   0.0   0.0   0.0   0.0   0.04  0.74  0.0   0.0   0.0   0.0   0.0   0.0   0.0   0.0   0.0   0.22  0.0   0.0   0.0   
52    V     0.0   0.0   0.0   0.0   0.0   0.0   0.0   0.0   0.0   0.47  0.0   0.0   0.0   0.0   0.0   0.0   0.0   0.0   0.0   0.53  
53    Q     0.0   0.24  0.0   0.0   0.0   0.6   0.0   0.0   0.0   0.0   0.0   0.0   0.0   0.16  0.0   0.0   0.0   0.0   0.0   0.0   
54    I     0.0   0.4   0.0   0.0   0.0   0.0   0.0   0.0   0.0   0.13  0.0   0.0   0.0   0.03  0.0   0.0   0.0   0.0   0.0   0.44  
55    V     0.0   0.0   0.0   0.0   0.0   0.0   0.0   0.0   0.0   0.0   0.77  0.0   0.0   0.0   0.0   0.0   0.0   0.0   0.0   0.23  
56    S     0.0   0.0   0.0   0.0   0.0   0.0   0.0   0.16  0.0   0.0   0.24  0.0   0.0   0.0   0.0   0.6   0.0   0.0   0.0   0.0   
57    T     0.0   0.0   0.0   0.0   0.0   0.0   0.0   0.24  0.0   0.0   0.0   0.0   0.0   0.0   0.0   0.19  0.57  0.0   0.0   0.0   
58    A     0.41  0.0   0.0   0.0   0.0   0.0   0.0   0.0   0.0   0.0   0.26  0.0   0.0   0.0   0.0   0.2   0.0   0.0   0.0   0.12  
59    T     0.29  0.0   0.0   0.0   0.0   0.0   0.0   0.0   0.0   0.0   0.0   0.0   0.0   0.0   0.0   0.03  0.69  0.0   0.0   0.0   
60    Q     0.0   0.0   0.0   0.0   0.0   0.86  0.0   0.0   0.0   0.0   0.0   0.0   0.0   0.0   0.0   0.0   0.14  0.0   0.0   0.0   
61    T     0.0   0.0   0.0   0.0   0.0   0.0   0.0   0.0   0.0   0.0   0.0   0.13  0.0   0.0   0.0   0.46  0.25  0.0   0.0   0.17  
62    F     0.0   0.0   0.0   0.0   0.0   0.0   0.0   0.3   0.0   0.0   0.0   0.0   0.0   0.56  0.0   0.0   0.0   0.0   0.14  0.0   
63    L     0.0   0.0   0.0   0.0   0.0   0.0   0.0   0.0   0.0   0.0   0.56  0.0   0.14  0.0   0.0   0.0   0.0   0.0   0.0   0.3   
64    A     0.26  0.0   0.0   0.0   0.0   0.0   0.0   0.74  0.0   0.0   0.0   0.0   0.0   0.0   0.0   0.0   0.0   0.0   0.0   0.0   
65    T     0.0   0.0   0.0   0.0   0.0   0.0   0.0   0.0   0.0   0.03  0.0   0.0   0.0   0.14  0.0   0.0   0.54  0.0   0.0   0.3   
66    S     0.08  0.0   0.0   0.0   0.2   0.0   0.0   0.0   0.0   0.0   0.0   0.0   0.17  0.0   0.0   0.12  0.17  0.0   0.0   0.26  
67    I     0.0   0.0   0.0   0.0   0.14  0.17  0.0   0.0   0.0   0.32  0.0   0.13  0.0   0.0   0.0   0.0   0.0   0.0   0.0   0.24  
68    N     0.0   0.0   0.36  0.26  0.0   0.0   0.17  0.08  0.0   0.0   0.0   0.0   0.0   0.0   0.0   0.12  0.0   0.0   0.0   0.0   
69    G     0.0   0.0   0.14  0.0   0.0   0.0   0.0   0.86  0.0   0.0   0.0   0.0   0.0   0.0   0.0   0.0   0.0   0.0   0.0   0.0   
70    V     0.03  0.0   0.0   0.0   0.0   0.0   0.0   0.0   0.0   0.03  0.0   0.0   0.0   0.0   0.0   0.0   0.0   0.0   0.0   0.95  
71    L     0.0   0.0   0.0   0.0   0.15  0.0   0.0   0.0   0.0   0.03  0.35  0.0   0.17  0.3   0.0   0.0   0.0   0.0   0.0   0.0   
72    W     0.0   0.0   0.0   0.0   0.0   0.0   0.0   0.0   0.3   0.0   0.0   0.0   0.0   0.0   0.0   0.0   0.0   0.56  0.14  0.0   
73    T     0.0   0.0   0.0   0.0   0.0   0.0   0.0   0.0   0.0   0.0   0.0   0.0   0.0   0.0   0.0   0.0   1.0   0.0   0.0   0.0   
74    V     0.14  0.0   0.0   0.0   0.0   0.0   0.0   0.0   0.0   0.0   0.03  0.0   0.3   0.0   0.0   0.0   0.0   0.0   0.0   0.54  
75    Y     0.0   0.0   0.0   0.0   0.0   0.0   0.0   0.0   0.14  0.0   0.0   0.0   0.0   0.12  0.0   0.0   0.0   0.3   0.44  0.0   
76    H     0.0   0.0   0.0   0.0   0.0   0.0   0.0   0.0   0.98  0.0   0.0   0.0   0.0   0.0   0.0   0.0   0.0   0.0   0.02  0.0   
77    G     0.0   0.0   0.0   0.0   0.0   0.0   0.0   0.7   0.0   0.0   0.0   0.0   0.0   0.0   0.0   0.0   0.0   0.0   0.0   0.3   
78    A     0.56  0.0   0.0   0.0   0.0   0.0   0.0   0.0   0.0   0.0   0.0   0.0   0.0   0.0   0.0   0.14  0.3   0.0   0.0   0.0   
79    G     0.0   0.13  0.0   0.0   0.0   0.0   0.0   0.56  0.0   0.0   0.0   0.31  0.0   0.0   0.0   0.0   0.0   0.0   0.0   0.0   
80    T     0.05  0.0   0.12  0.0   0.0   0.0   0.0   0.44  0.0   0.0   0.0   0.0   0.0   0.0   0.0   0.35  0.04  0.0   0.0   0.0   
81    R     0.21  0.28  0.0   0.0   0.0   0.0   0.0   0.0   0.0   0.0   0.0   0.42  0.0   0.0   0.0   0.09  0.0   0.0   0.0   0.0   
82    T     0.17  0.14  0.02  0.0   0.0   0.0   0.0   0.0   0.0   0.0   0.0   0.0   0.0   0.13  0.0   0.0   0.54  0.0   0.0   0.0   
83    I     0.0   0.0   0.0   0.0   0.0   0.0   0.0   0.0   0.0   0.09  0.91  0.0   0.0   0.0   0.0   0.0   0.0   0.0   0.0   0.0   
84    A     0.67  0.17  0.0   0.0   0.0   0.0   0.0   0.0   0.0   0.0   0.13  0.0   0.0   0.0   0.0   0.03  0.0   0.0   0.0   0.0   
85    S     0.0   0.0   0.0   0.0   0.0   0.0   0.0   0.5   0.26  0.0   0.0   0.0   0.0   0.0   0.0   0.24  0.0   0.0   0.0   0.0   
86    P     0.18  0.0   0.05  0.0   0.0   0.0   0.0   0.17  0.0   0.0   0.03  0.0   0.0   0.0   0.5   0.07  0.0   0.0   0.0   0.0   
87    K     0.0   0.12  0.0   0.0   0.0   0.0   0.17  0.13  0.0   0.0   0.0   0.42  0.0   0.0   0.0   0.02  0.14  0.0   0.0   0.0   
88    G     0.0   0.05  0.0   0.0   0.0   0.0   0.0   0.79  0.03  0.0   0.0   0.13  0.0   0.0   0.0   0.0   0.0   0.0   0.0   0.0   
89    P     0.0   0.3   0.0   0.0   0.0   0.0   0.0   0.0   0.0   0.0   0.0   0.0   0.0   0.0   0.56  0.14  0.0   0.0   0.0   0.0   
90    V     0.08  0.0   0.0   0.0   0.0   0.0   0.0   0.0   0.0   0.24  0.17  0.0   0.13  0.0   0.0   0.0   0.0   0.0   0.0   0.38  
91    T     0.0   0.0   0.03  0.17  0.13  0.0   0.0   0.0   0.14  0.04  0.08  0.0   0.0   0.0   0.0   0.0   0.36  0.0   0.0   0.05  
92    Q     0.0   0.0   0.0   0.0   0.0   0.56  0.0   0.0   0.0   0.0   0.0   0.0   0.0   0.0   0.44  0.0   0.0   0.0   0.0   0.0   
93    M     0.0   0.0   0.0   0.0   0.0   0.0   0.0   0.0   0.0   0.14  0.0   0.0   0.56  0.0   0.0   0.13  0.0   0.0   0.17  0.0   
94    Y     0.0   0.0   0.0   0.0   0.0   0.0   0.0   0.0   0.0   0.0   0.0   0.0   0.0   0.0   0.0   0.0   0.14  0.3   0.56  0.0   
95    T     0.13  0.0   0.0   0.0   0.0   0.0   0.0   0.17  0.0   0.0   0.0   0.0   0.0   0.0   0.0   0.1   0.47  0.0   0.0   0.14  
96    N     0.0   0.0   0.57  0.31  0.0   0.0   0.0   0.0   0.0   0.0   0.0   0.0   0.0   0.0   0.0   0.12  0.0   0.0   0.0   0.0   
97    V     0.26  0.0   0.0   0.0   0.0   0.0   0.0   0.0   0.0   0.0   0.0   0.0   0.0   0.0   0.0   0.0   0.0   0.0   0.0   0.74  
98    D     0.14  0.0   0.0   0.44  0.0   0.0   0.12  0.0   0.0   0.0   0.0   0.3   0.0   0.0   0.0   0.0   0.0   0.0   0.0   0.0   
99    K     0.0   0.0   0.14  0.0   0.0   0.48  0.13  0.12  0.0   0.0   0.05  0.09  0.0   0.0   0.0   0.0   0.0   0.0   0.0   0.0   
100   D     0.0   0.0   0.0   1.0   0.0   0.0   0.0   0.0   0.0   0.0   0.0   0.0   0.0   0.0   0.0   0.0   0.0   0.0   0.0   0.0   
101   L     0.0   0.0   0.0   0.0   0.0   0.14  0.0   0.0   0.0   0.0   0.82  0.0   0.05  0.0   0.0   0.0   0.0   0.0   0.0   0.0   
102   V     0.0   0.0   0.0   0.14  0.0   0.0   0.0   0.0   0.0   0.13  0.0   0.0   0.0   0.0   0.0   0.0   0.0   0.0   0.0   0.74  
103   G     0.0   0.0   0.0   0.0   0.0   0.0   0.0   0.56  0.0   0.14  0.0   0.0   0.0   0.0   0.0   0.3   0.0   0.0   0.0   0.0   
104   W     0.0   0.0   0.0   0.0   0.0   0.0   0.0   0.0   0.0   0.0   0.0   0.0   0.0   0.0   0.0   0.0   0.0   0.56  0.44  0.0   
105   Q     0.02  0.02  0.01  0.02  0.01  0.22  0.02  0.02  0.03  0.02  0.03  0.02  0.01  0.01  0.49  0.02  0.02  0.0   0.01  0.02  
106   A     0.37  0.02  0.01  0.02  0.01  0.01  0.02  0.02  0.01  0.02  0.03  0.02  0.01  0.01  0.15  0.22  0.04  0.0   0.01  0.02  
107   P     0.02  0.02  0.01  0.02  0.01  0.01  0.02  0.02  0.01  0.02  0.03  0.02  0.01  0.01  0.72  0.02  0.02  0.0   0.01  0.02  
108   Q     0.07  0.0   0.0   0.0   0.31  0.08  0.0   0.13  0.0   0.0   0.02  0.0   0.0   0.0   0.38  0.0   0.0   0.0   0.0   0.0   
109   G     0.0   0.0   0.0   0.0   0.0   0.0   0.0   1.0   0.0   0.0   0.0   0.0   0.0   0.0   0.0   0.0   0.0   0.0   0.0   0.0   
110   S     0.38  0.0   0.0   0.0   0.0   0.0   0.0   0.13  0.0   0.0   0.0   0.03  0.0   0.0   0.17  0.05  0.22  0.0   0.0   0.03  
111   R     0.0   0.38  0.0   0.0   0.0   0.0   0.0   0.16  0.0   0.0   0.0   0.16  0.0   0.0   0.0   0.0   0.0   0.3   0.0   0.0   
112   S     0.0   0.0   0.0   0.0   0.0   0.0   0.0   0.0   0.0   0.0   0.0   0.3   0.0   0.0   0.0   0.7   0.0   0.0   0.0   0.0   
113   L     0.0   0.0   0.0   0.0   0.0   0.0   0.0   0.0   0.0   0.0   0.93  0.0   0.04  0.0   0.0   0.0   0.0   0.0   0.03  0.0   
114   T     0.05  0.0   0.0   0.38  0.0   0.0   0.1   0.0   0.0   0.0   0.0   0.0   0.0   0.0   0.0   0.0   0.45  0.0   0.0   0.03  
115   P     0.3   0.16  0.0   0.0   0.0   0.0   0.0   0.0   0.0   0.0   0.0   0.0   0.0   0.0   0.54  0.0   0.0   0.0   0.0   0.0   
116   C     0.17  0.0   0.0   0.0   0.7   0.0   0.0   0.0   0.0   0.0   0.0   0.13  0.0   0.0   0.0   0.0   0.0   0.0   0.0   0.0   
117   T     0.03  0.0   0.0   0.0   0.0   0.0   0.0   0.0   0.0   0.0   0.0   0.03  0.0   0.0   0.0   0.18  0.46  0.3   0.0   0.0   
118   C     0.0   0.0   0.0   0.3   0.7   0.0   0.0   0.0   0.0   0.0   0.0   0.0   0.0   0.0   0.0   0.0   0.0   0.0   0.0   0.0   
119   G     0.0   0.0   0.0   0.0   0.0   0.0   0.0   1.0   0.0   0.0   0.0   0.0   0.0   0.0   0.0   0.0   0.0   0.0   0.0   0.0   
120   S     0.19  0.0   0.0   0.0   0.0   0.0   0.14  0.0   0.09  0.0   0.08  0.0   0.0   0.0   0.0   0.5   0.0   0.0   0.0   0.0   
121   S     0.11  0.0   0.0   0.0   0.0   0.0   0.13  0.0   0.0   0.0   0.0   0.0   0.0   0.0   0.0   0.51  0.14  0.0   0.0   0.12  
122   D     0.0   0.0   0.0   0.56  0.0   0.0   0.3   0.0   0.0   0.0   0.0   0.14  0.0   0.0   0.0   0.0   0.0   0.0   0.0   0.0   
123   L     0.0   0.0   0.0   0.0   0.0   0.0   0.0   0.14  0.0   0.0   0.56  0.0   0.0   0.0   0.0   0.0   0.0   0.0   0.0   0.3   
124   Y     0.0   0.0   0.0   0.0   0.0   0.3   0.0   0.0   0.0   0.0   0.0   0.0   0.0   0.0   0.0   0.0   0.0   0.0   0.7   0.0   
125   L     0.0   0.0   0.0   0.0   0.0   0.0   0.0   0.0   0.0   0.0   1.0   0.0   0.0   0.0   0.0   0.0   0.0   0.0   0.0   0.0   
126   V     0.0   0.0   0.0   0.0   0.0   0.0   0.0   0.0   0.0   0.18  0.17  0.0   0.0   0.0   0.0   0.0   0.0   0.0   0.0   0.65  
127   T     0.3   0.0   0.0   0.0   0.0   0.0   0.0   0.0   0.0   0.0   0.0   0.0   0.0   0.0   0.0   0.0   0.7   0.0   0.0   0.0   
128   R     0.0   0.87  0.0   0.0   0.0   0.0   0.0   0.0   0.0   0.0   0.0   0.0   0.0   0.0   0.0   0.0   0.0   0.0   0.0   0.13  
129   H     0.0   0.0   0.36  0.05  0.0   0.03  0.04  0.02  0.23  0.0   0.14  0.0   0.0   0.0   0.0   0.13  0.0   0.0   0.0   0.0   
130   A     0.56  0.0   0.0   0.0   0.0   0.0   0.0   0.14  0.0   0.17  0.0   0.0   0.0   0.0   0.13  0.0   0.0   0.0   0.0   0.0   
131   D     0.0   0.0   0.0   0.56  0.0   0.17  0.0   0.13  0.0   0.0   0.0   0.0   0.0   0.0   0.0   0.14  0.0   0.0   0.0   0.0   
132   V     0.0   0.0   0.0   0.0   0.0   0.0   0.0   0.0   0.0   0.0   0.14  0.13  0.0   0.0   0.0   0.0   0.17  0.0   0.0   0.56  
133   I     0.0   0.0   0.0   0.0   0.0   0.0   0.0   0.0   0.0   0.47  0.22  0.0   0.0   0.0   0.0   0.0   0.0   0.0   0.0   0.31  
134   P     0.0   0.0   0.0   0.0   0.0   0.0   0.14  0.0   0.0   0.0   0.0   0.0   0.0   0.0   0.86  0.0   0.0   0.0   0.0   0.0   
135   V     0.36  0.0   0.0   0.0   0.0   0.0   0.0   0.17  0.0   0.0   0.0   0.0   0.0   0.0   0.0   0.0   0.0   0.0   0.0   0.47  
136   R     0.0   0.56  0.26  0.0   0.0   0.0   0.0   0.0   0.0   0.0   0.0   0.0   0.0   0.0   0.0   0.0   0.17  0.0   0.0   0.0   
137   R     0.0   0.56  0.0   0.0   0.0   0.0   0.0   0.0   0.0   0.0   0.0   0.31  0.0   0.0   0.0   0.0   0.0   0.0   0.0   0.13  
138   R     0.0   0.51  0.0   0.17  0.0   0.15  0.0   0.0   0.0   0.0   0.0   0.03  0.0   0.0   0.0   0.14  0.0   0.0   0.0   0.0   
139   G     0.0   0.0   0.0   0.16  0.0   0.0   0.0   0.71  0.0   0.0   0.0   0.0   0.0   0.0   0.0   0.0   0.13  0.0   0.0   0.0   
140   D     0.0   0.0   0.0   0.87  0.0   0.0   0.0   0.0   0.0   0.0   0.0   0.0   0.0   0.0   0.0   0.0   0.13  0.0   0.0   0.0   
141   S     0.01  0.08  0.1   0.01  0.0   0.01  0.01  0.01  0.0   0.01  0.02  0.06  0.0   0.01  0.27  0.22  0.15  0.0   0.01  0.01  
142   R     0.01  0.49  0.01  0.01  0.0   0.01  0.01  0.01  0.0   0.01  0.02  0.01  0.0   0.01  0.01  0.14  0.09  0.0   0.14  0.01  
143   G     0.27  0.01  0.01  0.01  0.0   0.01  0.01  0.44  0.0   0.01  0.02  0.01  0.0   0.01  0.01  0.01  0.01  0.14  0.01  0.01  
144   S     0.25  0.01  0.01  0.01  0.14  0.01  0.01  0.06  0.0   0.01  0.02  0.14  0.0   0.01  0.01  0.29  0.01  0.0   0.01  0.01  
145   L     0.01  0.01  0.01  0.01  0.0   0.01  0.14  0.01  0.0   0.01  0.58  0.01  0.0   0.01  0.01  0.01  0.01  0.0   0.01  0.15  
146   L     0.0   0.0   0.0   0.0   0.14  0.0   0.0   0.0   0.0   0.32  0.54  0.0   0.0   0.0   0.0   0.0   0.0   0.0   0.0   0.0   
147   S     0.0   0.0   0.0   0.0   0.0   0.0   0.0   0.44  0.0   0.0   0.0   0.0   0.0   0.0   0.0   0.56  0.0   0.0   0.0   0.0   
148   P     0.44  0.0   0.0   0.0   0.0   0.0   0.0   0.0   0.0   0.0   0.0   0.0   0.0   0.0   0.54  0.0   0.03  0.0   0.0   0.0   
149   R     0.0   0.56  0.0   0.0   0.0   0.0   0.0   0.0   0.0   0.0   0.14  0.0   0.0   0.0   0.0   0.0   0.0   0.0   0.0   0.3   
150   P     0.17  0.0   0.13  0.0   0.0   0.0   0.0   0.0   0.0   0.0   0.0   0.0   0.0   0.0   0.7   0.0   0.0   0.0   0.0   0.0   
151   I     0.0   0.0   0.0   0.0   0.0   0.0   0.0   0.0   0.0   0.32  0.5   0.0   0.14  0.0   0.0   0.0   0.0   0.0   0.0   0.05  
152   S     0.19  0.0   0.0   0.3   0.0   0.0   0.0   0.0   0.0   0.0   0.0   0.0   0.0   0.0   0.0   0.51  0.0   0.0   0.0   0.0   
153   Y     0.0   0.0   0.0   0.0   0.08  0.0   0.0   0.0   0.0   0.03  0.0   0.0   0.0   0.0   0.0   0.05  0.21  0.0   0.5   0.14  
154   L     0.14  0.0   0.0   0.0   0.0   0.0   0.0   0.0   0.0   0.0   0.56  0.0   0.0   0.0   0.3   0.0   0.0   0.0   0.0   0.0   
155   K     0.17  0.0   0.0   0.0   0.0   0.0   0.0   0.0   0.0   0.0   0.0   0.7   0.0   0.0   0.0   0.13  0.0   0.0   0.0   0.0   
156   G     0.0   0.0   0.0   0.0   0.0   0.0   0.0   1.0   0.0   0.0   0.0   0.0   0.0   0.0   0.0   0.0   0.0   0.0   0.0   0.0   
157   S     0.0   0.0   0.0   0.0   0.0   0.0   0.0   0.0   0.0   0.0   0.0   0.0   0.0   0.0   0.0   0.7   0.3   0.0   0.0   0.0   
158   S     0.0   0.0   0.0   0.0   0.0   0.0   0.0   0.0   0.0   0.0   0.0   0.0   0.0   0.0   0.0   1.0   0.0   0.0   0.0   0.0   
159   G     0.0   0.0   0.0   0.0   0.0   0.0   0.0   1.0   0.0   0.0   0.0   0.0   0.0   0.0   0.0   0.0   0.0   0.0   0.0   0.0   
160   G     0.14  0.0   0.0   0.0   0.0   0.0   0.0   0.56  0.0   0.0   0.0   0.0   0.0   0.0   0.0   0.3   0.0   0.0   0.0   0.0   
161   P     0.0   0.0   0.0   0.0   0.0   0.0   0.0   0.0   0.0   0.0   0.0   0.0   0.0   0.0   1.0   0.0   0.0   0.0   0.0   0.0   
162   L     0.0   0.0   0.0   0.0   0.0   0.0   0.0   0.0   0.0   0.49  0.25  0.0   0.04  0.0   0.0   0.0   0.0   0.0   0.0   0.22  
163   L     0.0   0.0   0.0   0.0   0.0   0.0   0.0   0.0   0.0   0.0   0.81  0.0   0.19  0.0   0.0   0.0   0.0   0.0   0.0   0.0   
164   C     0.0   0.0   0.13  0.17  0.7   0.0   0.0   0.0   0.0   0.0   0.0   0.0   0.0   0.0   0.0   0.0   0.0   0.0   0.0   0.0   
165   P     0.0   0.0   0.0   0.0   0.0   0.0   0.0   0.0   0.0   0.0   0.0   0.3   0.0   0.0   0.54  0.16  0.0   0.0   0.0   0.0   
166   A     0.04  0.12  0.13  0.0   0.17  0.0   0.0   0.0   0.0   0.0   0.0   0.0   0.05  0.0   0.0   0.48  0.0   0.0   0.0   0.0   
167   G     0.0   0.03  0.0   0.02  0.0   0.0   0.0   0.95  0.0   0.0   0.0   0.0   0.0   0.0   0.0   0.0   0.0   0.0   0.0   0.0   
168   H     0.0   0.17  0.0   0.13  0.0   0.0   0.0   0.0   0.7   0.0   0.0   0.0   0.0   0.0   0.0   0.0   0.0   0.0   0.0   0.0   
169   A     0.17  0.03  0.0   0.0   0.0   0.0   0.0   0.0   0.0   0.0   0.0   0.0   0.0   0.0   0.0   0.0   0.0   0.0   0.0   0.8   
170   V     0.13  0.0   0.0   0.0   0.0   0.0   0.0   0.0   0.0   0.44  0.0   0.0   0.0   0.0   0.0   0.0   0.0   0.0   0.0   0.44  
171   G     0.0   0.0   0.0   0.0   0.0   0.0   0.0   1.0   0.0   0.0   0.0   0.0   0.0   0.0   0.0   0.0   0.0   0.0   0.0   0.0   
172   I     0.0   0.0   0.0   0.0   0.0   0.0   0.0   0.0   0.0   0.33  0.44  0.0   0.14  0.0   0.0   0.0   0.0   0.0   0.0   0.09  
173   F     0.0   0.0   0.0   0.0   0.0   0.0   0.0   0.0   0.0   0.0   0.0   0.0   0.0   0.7   0.0   0.0   0.0   0.0   0.3   0.0   
174   R     0.0   0.6   0.0   0.0   0.0   0.0   0.0   0.24  0.0   0.0   0.0   0.0   0.0   0.0   0.0   0.0   0.16  0.0   0.0   0.0   
175   A     0.76  0.0   0.24  0.0   0.0   0.0   0.0   0.0   0.0   0.0   0.0   0.0   0.0   0.0   0.0   0.0   0.0   0.0   0.0   0.0   
176   A     0.76  0.0   0.0   0.0   0.0   0.0   0.0   0.24  0.0   0.0   0.0   0.0   0.0   0.0   0.0   0.0   0.0   0.0   0.0   0.0   
177   V     0.0   0.16  0.0   0.0   0.0   0.0   0.0   0.0   0.0   0.03  0.0   0.0   0.0   0.0   0.0   0.0   0.0   0.0   0.0   0.81  
178   S     0.0   0.0   0.16  0.0   0.58  0.0   0.0   0.0   0.0   0.0   0.0   0.0   0.0   0.0   0.0   0.03  0.0   0.0   0.0   0.24  
179   T     0.03  0.0   0.12  0.0   0.0   0.0   0.0   0.0   0.0   0.12  0.0   0.0   0.0   0.0   0.0   0.23  0.5   0.0   0.0   0.0   
180   R     0.0   0.6   0.0   0.0   0.0   0.0   0.0   0.28  0.0   0.0   0.0   0.12  0.0   0.0   0.0   0.0   0.0   0.0   0.0   0.0   
181   G     0.0   0.0   0.12  0.0   0.0   0.0   0.0   0.76  0.0   0.0   0.0   0.0   0.0   0.0   0.0   0.12  0.0   0.0   0.0   0.0   
182   V     0.03  0.0   0.0   0.0   0.0   0.0   0.0   0.12  0.0   0.0   0.0   0.0   0.0   0.0   0.0   0.16  0.0   0.0   0.12  0.57  
183   A     0.6   0.0   0.0   0.0   0.0   0.0   0.0   0.0   0.0   0.0   0.0   0.0   0.0   0.0   0.0   0.12  0.0   0.0   0.0   0.28  
184   K     0.0   0.0   0.0   0.0   0.0   0.0   0.0   0.0   0.0   0.0   0.0   0.72  0.0   0.0   0.0   0.28  0.0   0.0   0.0   0.0   
185   A     0.49  0.12  0.0   0.0   0.0   0.16  0.0   0.0   0.0   0.0   0.0   0.0   0.0   0.0   0.0   0.23  0.0   0.0   0.0   0.0   
186   V     0.0   0.0   0.0   0.0   0.0   0.0   0.12  0.0   0.0   0.41  0.27  0.0   0.0   0.0   0.0   0.0   0.0   0.0   0.0   0.19  
187   A     0.03  0.16  0.0   0.46  0.0   0.08  0.27  0.0   0.0   0.0   0.0   0.0   0.0   0.0   0.0   0.0   0.0   0.0   0.0   0.0   
188   F     0.0   0.0   0.0   0.0   0.0   0.0   0.24  0.0   0.0   0.0   0.0   0.0   0.0   0.6   0.0   0.0   0.0   0.0   0.0   0.16  
189   I     0.03  0.16  0.0   0.0   0.0   0.0   0.0   0.0   0.0   0.4   0.0   0.0   0.0   0.0   0.0   0.0   0.24  0.0   0.0   0.17  
190   P     0.0   0.0   0.0   0.0   0.0   0.0   0.0   0.0   0.0   0.0   0.0   0.0   0.0   0.0   1.0   0.0   0.0   0.0   0.0   0.0   
191   V     0.0   0.0   0.0   0.0   0.03  0.0   0.0   0.0   0.0   0.03  0.16  0.0   0.0   0.0   0.0   0.0   0.0   0.0   0.0   0.78  
192   E     0.0   0.0   0.0   0.0   0.0   0.0   1.0   0.0   0.0   0.0   0.0   0.0   0.0   0.0   0.0   0.0   0.0   0.0   0.0   0.0   
193   S     0.03  0.0   0.16  0.0   0.29  0.0   0.0   0.0   0.0   0.0   0.0   0.0   0.0   0.0   0.0   0.39  0.12  0.0   0.0   0.0   
194   L     0.0   0.0   0.0   0.0   0.0   0.0   0.0   0.0   0.0   0.0   0.44  0.0   0.27  0.29  0.0   0.0   0.0   0.0   0.0   0.0   
195   E     0.0   0.0   0.0   0.22  0.0   0.05  0.63  0.0   0.0   0.0   0.0   0.0   0.0   0.0   0.0   0.1   0.0   0.0   0.0   0.0   
196   T     0.07  0.0   0.0   0.0   0.0   0.0   0.0   0.0   0.0   0.0   0.0   0.0   0.0   0.0   0.29  0.06  0.44  0.0   0.0   0.15  
197   T     0.0   0.0   0.0   0.0   0.0   0.05  0.0   0.0   0.0   0.05  0.0   0.0   0.0   0.0   0.0   0.34  0.49  0.0   0.0   0.08  
198   M     0.0   0.0   0.0   0.0   0.0   0.0   0.0   0.0   0.0   0.08  0.0   0.0   0.85  0.0   0.0   0.0   0.0   0.0   0.0   0.06  
