             A     R     N     D     C     Q     E     G     H     I     L     K     M     F     P     S     T     W     Y     V
1     G     0.0   0.0   0.0   0.0   0.0   0.0   0.0   0.0   0.0   0.0   0.0   0.0   0.0   0.0   0.0   0.0   0.0   0.0   0.0   0.0   
2     G     0.32  0.0   0.0   0.0   0.0   0.0   0.0   0.47  0.0   0.0   0.0   0.0   0.0   0.0   0.0   0.21  0.0   0.0   0.0   0.0   
3     I     0.0   0.0   0.0   0.0   0.0   0.0   0.0   0.0   0.0   0.31  0.0   0.0   0.11  0.0   0.0   0.0   0.0   0.0   0.0   0.59  
4     T     0.0   0.21  0.0   0.0   0.0   0.0   0.0   0.0   0.0   0.09  0.18  0.0   0.0   0.0   0.0   0.21  0.31  0.0   0.0   0.0   
5     E     0.21  0.0   0.0   0.48  0.0   0.0   0.31  0.0   0.0   0.0   0.0   0.0   0.0   0.0   0.0   0.0   0.0   0.0   0.0   0.0   
6     A     0.48  0.0   0.0   0.0   0.0   0.0   0.52  0.0   0.0   0.0   0.0   0.0   0.0   0.0   0.0   0.0   0.0   0.0   0.0   0.0   
7     Q     0.0   0.0   0.07  0.0   0.0   0.31  0.16  0.1   0.18  0.0   0.0   0.0   0.0   0.0   0.0   0.0   0.0   0.0   0.18  0.0   
8     A     0.3   0.01  0.01  0.01  0.0   0.01  0.01  0.01  0.0   0.11  0.13  0.01  0.16  0.01  0.01  0.15  0.01  0.0   0.0   0.07  
9     R     0.01  0.24  0.01  0.01  0.0   0.01  0.26  0.01  0.13  0.01  0.01  0.11  0.0   0.01  0.01  0.17  0.01  0.0   0.0   0.01  
10    A     0.17  0.14  0.16  0.18  0.0   0.0   0.0   0.0   0.07  0.06  0.1   0.14  0.0   0.0   0.0   0.0   0.0   0.0   0.0   0.0   
11    I     0.0   0.0   0.0   0.0   0.0   0.0   0.0   0.0   0.0   0.47  0.26  0.0   0.14  0.0   0.0   0.0   0.0   0.0   0.0   0.14  
12    V     0.24  0.0   0.0   0.0   0.0   0.0   0.0   0.0   0.0   0.29  0.0   0.0   0.08  0.0   0.0   0.0   0.0   0.0   0.0   0.39  
13    N     0.0   0.1   0.19  0.0   0.0   0.12  0.35  0.0   0.05  0.0   0.0   0.18  0.0   0.0   0.0   0.0   0.0   0.0   0.0   0.0   
14    S     0.0   0.0   0.05  0.09  0.0   0.16  0.0   0.0   0.0   0.0   0.12  0.28  0.0   0.0   0.0   0.15  0.0   0.0   0.14  0.0   
15    A     0.16  0.0   0.0   0.0   0.0   0.0   0.16  0.0   0.0   0.26  0.0   0.0   0.1   0.0   0.0   0.0   0.1   0.0   0.0   0.22  
16    L     0.0   0.0   0.0   0.0   0.0   0.0   0.0   0.0   0.0   0.26  0.39  0.0   0.12  0.12  0.0   0.0   0.0   0.0   0.0   0.1   
17    K     0.0   0.1   0.0   0.0   0.0   0.18  0.17  0.08  0.0   0.0   0.0   0.37  0.0   0.0   0.0   0.0   0.0   0.0   0.1   0.0   
18    L     0.0   0.18  0.0   0.0   0.0   0.0   0.1   0.0   0.0   0.0   0.1   0.4   0.12  0.0   0.0   0.0   0.0   0.0   0.0   0.09  
19    Y     0.0   0.0   0.0   0.0   0.0   0.0   0.0   0.0   0.16  0.12  0.22  0.0   0.0   0.05  0.0   0.0   0.0   0.0   0.45  0.0   
20    S     0.08  0.14  0.12  0.1   0.0   0.06  0.0   0.0   0.06  0.0   0.1   0.0   0.0   0.0   0.0   0.25  0.0   0.0   0.0   0.08  
21    Q     0.25  0.0   0.0   0.0   0.0   0.1   0.28  0.17  0.0   0.0   0.0   0.0   0.0   0.0   0.0   0.0   0.2   0.0   0.0   0.0   
22    D     0.0   0.0   0.0   1.0   0.0   0.0   0.0   0.0   0.0   0.0   0.0   0.0   0.0   0.0   0.0   0.0   0.0   0.0   0.0   0.0   
23    K     0.0   0.06  0.0   0.0   0.0   0.14  0.0   0.16  0.0   0.0   0.0   0.29  0.0   0.12  0.1   0.0   0.0   0.0   0.12  0.0   
24    T     0.0   0.0   0.0   0.0   0.0   0.0   0.0   0.0   0.0   0.32  0.16  0.0   0.0   0.0   0.0   0.0   0.2   0.0   0.0   0.32  
25    G     0.09  0.12  0.0   0.0   0.0   0.14  0.12  0.42  0.0   0.0   0.0   0.0   0.0   0.0   0.0   0.1   0.0   0.0   0.0   0.0   
26    M     0.0   0.16  0.0   0.0   0.0   0.0   0.0   0.0   0.0   0.0   0.11  0.44  0.3   0.0   0.0   0.0   0.0   0.0   0.0   0.0   
27    V     0.18  0.0   0.0   0.0   0.0   0.0   0.0   0.0   0.0   0.0   0.0   0.0   0.0   0.0   0.3   0.0   0.0   0.0   0.0   0.52  
28    D     0.0   0.0   0.21  0.79  0.0   0.0   0.0   0.0   0.0   0.0   0.0   0.0   0.0   0.0   0.0   0.0   0.0   0.0   0.0   0.0   
29    F     0.0   0.0   0.0   0.0   0.0   0.0   0.0   0.0   0.0   0.0   0.0   0.0   0.0   0.28  0.0   0.0   0.0   0.0   0.59  0.13  
30    A     1.0   0.0   0.0   0.0   0.0   0.0   0.0   0.0   0.0   0.0   0.0   0.0   0.0   0.0   0.0   0.0   0.0   0.0   0.0   0.0   
31    L     0.0   0.0   0.13  0.0   0.0   0.0   0.0   0.0   0.0   0.0   0.87  0.0   0.0   0.0   0.0   0.0   0.0   0.0   0.0   0.0   
32    E     0.14  0.0   0.0   0.0   0.0   0.0   0.23  0.08  0.0   0.0   0.09  0.23  0.0   0.0   0.0   0.23  0.0   0.0   0.0   0.0   
33    S     0.0   0.0   0.0   0.0   0.0   0.0   0.0   0.0   0.0   0.0   0.2   0.0   0.0   0.0   0.0   0.8   0.0   0.0   0.0   0.0   
34    G     0.2   0.0   0.0   0.0   0.0   0.0   0.0   0.28  0.0   0.23  0.0   0.0   0.0   0.0   0.0   0.09  0.09  0.0   0.0   0.11  
35    G     0.0   0.0   0.0   0.0   0.0   0.0   0.0   1.0   0.0   0.0   0.0   0.0   0.0   0.0   0.0   0.0   0.0   0.0   0.0   0.0   
36    G     0.83  0.0   0.0   0.0   0.0   0.0   0.0   0.17  0.0   0.0   0.0   0.0   0.0   0.0   0.0   0.0   0.0   0.0   0.0   0.0   
37    S     0.09  0.0   0.0   0.0   0.0   0.0   0.09  0.0   0.0   0.0   0.0   0.0   0.0   0.14  0.0   0.69  0.0   0.0   0.0   0.0   
38    I     0.0   0.0   0.0   0.0   0.0   0.0   0.0   0.0   0.0   0.55  0.0   0.0   0.0   0.0   0.0   0.0   0.0   0.0   0.0   0.45  
39    L     0.0   0.0   0.0   0.34  0.0   0.0   0.0   0.0   0.0   0.14  0.25  0.0   0.14  0.0   0.0   0.0   0.0   0.0   0.0   0.13  
40    S     0.01  0.0   0.0   0.0   0.0   0.0   0.2   0.01  0.2   0.0   0.12  0.0   0.0   0.11  0.09  0.23  0.0   0.0   0.0   0.0   
41    T     0.23  0.01  0.01  0.01  0.0   0.06  0.17  0.01  0.0   0.01  0.01  0.01  0.0   0.01  0.01  0.14  0.24  0.0   0.08  0.01  
42    R     0.02  0.31  0.01  0.01  0.0   0.01  0.01  0.21  0.11  0.01  0.11  0.12  0.0   0.01  0.01  0.01  0.01  0.0   0.01  0.01  
43    C     0.0   0.0   0.0   0.0   0.35  0.0   0.0   0.0   0.14  0.0   0.0   0.0   0.0   0.0   0.0   0.0   0.43  0.0   0.0   0.08  
44    S     0.0   0.0   0.0   0.0   0.0   0.0   0.0   0.0   0.0   0.0   0.0   0.0   0.0   0.0   0.0   1.0   0.0   0.0   0.0   0.0   
45    E     0.05  0.0   0.0   0.14  0.0   0.0   0.43  0.0   0.06  0.0   0.0   0.09  0.0   0.0   0.0   0.18  0.0   0.0   0.0   0.05  
46    T     0.0   0.21  0.0   0.11  0.0   0.0   0.0   0.0   0.0   0.0   0.0   0.0   0.0   0.0   0.14  0.13  0.41  0.0   0.0   0.0   
47    Y     0.0   0.0   0.0   0.0   0.0   0.0   0.0   0.0   0.0   0.0   0.0   0.0   0.0   0.07  0.13  0.0   0.0   0.0   0.8   0.0   
48    E     0.06  0.0   0.11  0.0   0.0   0.0   0.19  0.08  0.0   0.0   0.14  0.21  0.0   0.0   0.0   0.0   0.0   0.0   0.0   0.21  
49    T     0.0   0.09  0.2   0.11  0.0   0.0   0.0   0.0   0.11  0.0   0.0   0.0   0.0   0.0   0.0   0.21  0.14  0.0   0.0   0.14  
50    K     0.13  0.2   0.13  0.05  0.0   0.0   0.05  0.14  0.0   0.0   0.0   0.14  0.0   0.0   0.0   0.08  0.0   0.0   0.09  0.0   
51    T     0.0   0.0   0.18  0.0   0.0   0.0   0.0   0.0   0.0   0.0   0.08  0.43  0.0   0.0   0.09  0.0   0.23  0.0   0.0   0.0   
52    A     0.38  0.09  0.0   0.13  0.0   0.0   0.0   0.22  0.0   0.0   0.0   0.0   0.0   0.0   0.0   0.09  0.11  0.0   0.0   0.0   
53    L     0.11  0.13  0.0   0.0   0.0   0.0   0.0   0.13  0.05  0.0   0.31  0.13  0.0   0.09  0.0   0.0   0.0   0.0   0.0   0.0   
54    M     0.01  0.0   0.0   0.0   0.0   0.0   0.09  0.01  0.0   0.0   0.23  0.0   0.05  0.13  0.0   0.18  0.09  0.0   0.19  0.0   
55    S     0.0   0.0   0.07  0.0   0.0   0.0   0.0   0.0   0.0   0.0   0.0   0.09  0.0   0.23  0.0   0.3   0.0   0.0   0.31  0.0   
56    L     0.0   0.0   0.0   0.0   0.0   0.0   0.0   0.0   0.0   0.0   0.14  0.0   0.0   0.09  0.0   0.0   0.0   0.48  0.29  0.0   
57    F     0.0   0.0   0.29  0.13  0.0   0.0   0.0   0.0   0.13  0.0   0.0   0.0   0.0   0.37  0.0   0.0   0.0   0.09  0.0   0.0   
58    G     0.07  0.11  0.0   0.09  0.0   0.0   0.0   0.34  0.0   0.0   0.08  0.0   0.0   0.21  0.0   0.0   0.0   0.11  0.0   0.0   
59    I     0.08  0.0   0.0   0.09  0.0   0.0   0.0   0.0   0.0   0.42  0.05  0.0   0.13  0.06  0.0   0.0   0.14  0.0   0.0   0.04  
60    P     0.0   0.05  0.0   0.0   0.0   0.05  0.0   0.08  0.0   0.0   0.0   0.0   0.0   0.0   0.23  0.44  0.14  0.0   0.0   0.0   
61    L     0.0   0.07  0.08  0.0   0.0   0.0   0.0   0.0   0.0   0.09  0.34  0.0   0.07  0.24  0.0   0.0   0.0   0.0   0.13  0.0   
62    W     0.0   0.14  0.0   0.0   0.0   0.0   0.0   0.0   0.0   0.0   0.13  0.0   0.0   0.13  0.0   0.0   0.0   0.43  0.09  0.09  
63    Y     0.0   0.14  0.34  0.0   0.0   0.0   0.0   0.13  0.0   0.08  0.0   0.0   0.0   0.0   0.0   0.0   0.0   0.0   0.23  0.09  
64    F     0.07  0.09  0.0   0.0   0.0   0.0   0.0   0.0   0.1   0.0   0.0   0.0   0.0   0.25  0.0   0.0   0.13  0.0   0.3   0.07  
65    S     0.22  0.0   0.0   0.0   0.0   0.0   0.13  0.09  0.23  0.0   0.0   0.0   0.0   0.13  0.08  0.14  0.0   0.0   0.0   0.0   
66    Q     0.0   0.11  0.0   0.0   0.0   0.45  0.0   0.0   0.09  0.0   0.0   0.0   0.13  0.0   0.0   0.07  0.07  0.0   0.09  0.0   
67    S     0.0   0.0   0.07  0.0   0.0   0.0   0.21  0.0   0.0   0.0   0.0   0.07  0.0   0.0   0.42  0.23  0.0   0.0   0.0   0.0   
68    P     0.14  0.0   0.0   0.0   0.0   0.0   0.0   0.13  0.0   0.0   0.0   0.0   0.0   0.0   0.73  0.0   0.0   0.0   0.0   0.0   
69    R     0.0   0.23  0.0   0.23  0.0   0.0   0.08  0.0   0.0   0.0   0.0   0.0   0.0   0.0   0.0   0.14  0.06  0.0   0.13  0.14  
70    V     0.13  0.0   0.0   0.0   0.0   0.0   0.0   0.0   0.0   0.17  0.0   0.14  0.04  0.0   0.0   0.0   0.08  0.0   0.0   0.44  
71    V     0.09  0.0   0.0   0.0   0.0   0.0   0.0   0.0   0.0   0.47  0.13  0.0   0.14  0.0   0.0   0.0   0.0   0.0   0.0   0.17  
72    I     0.0   0.0   0.0   0.0   0.0   0.0   0.0   0.0   0.0   0.17  0.83  0.0   0.0   0.0   0.0   0.0   0.0   0.0   0.0   0.0   
73    Q     0.0   0.0   0.0   0.2   0.0   0.36  0.22  0.0   0.0   0.0   0.0   0.0   0.0   0.0   0.0   0.07  0.16  0.0   0.0   0.0   
74    P     0.0   0.21  0.0   0.0   0.0   0.0   0.0   0.0   0.0   0.0   0.0   0.0   0.0   0.0   0.79  0.0   0.0   0.0   0.0   0.0   
75    D     0.0   0.0   0.28  0.45  0.0   0.0   0.0   0.0   0.06  0.0   0.0   0.0   0.08  0.0   0.0   0.14  0.0   0.0   0.0   0.0   
76    I     0.0   0.0   0.09  0.0   0.0   0.0   0.0   0.0   0.0   0.09  0.09  0.0   0.0   0.14  0.0   0.0   0.0   0.0   0.0   0.6   
77    Y     0.09  0.0   0.08  0.0   0.0   0.0   0.14  0.0   0.14  0.0   0.0   0.0   0.0   0.2   0.0   0.13  0.11  0.0   0.13  0.0   
78    P     0.0   0.0   0.0   0.0   0.0   0.0   0.0   0.0   0.0   0.0   0.0   0.0   0.0   0.0   0.84  0.0   0.08  0.0   0.0   0.09  
79    G     0.09  0.0   0.0   0.0   0.0   0.0   0.0   0.91  0.0   0.0   0.0   0.0   0.0   0.0   0.0   0.0   0.0   0.0   0.0   0.0   
80    N     0.0   0.0   0.4   0.0   0.0   0.14  0.21  0.0   0.0   0.0   0.0   0.08  0.09  0.0   0.0   0.08  0.0   0.0   0.0   0.0   
81    C     0.13  0.0   0.0   0.0   0.87  0.0   0.0   0.0   0.0   0.0   0.0   0.0   0.0   0.0   0.0   0.0   0.0   0.0   0.0   0.0   
82    W     0.0   0.0   0.0   0.0   0.0   0.0   0.0   0.0   0.0   0.0   0.0   0.0   0.0   0.14  0.0   0.0   0.0   0.86  0.0   0.0   
83    A     0.49  0.0   0.0   0.0   0.21  0.0   0.0   0.08  0.0   0.0   0.0   0.0   0.0   0.0   0.14  0.09  0.0   0.0   0.0   0.0   
84    F     0.0   0.0   0.0   0.0   0.0   0.0   0.0   0.0   0.0   0.0   0.14  0.0   0.0   0.73  0.0   0.0   0.13  0.0   0.0   0.0   
85    K     0.05  0.0   0.0   0.0   0.0   0.14  0.16  0.0   0.0   0.0   0.0   0.31  0.0   0.0   0.13  0.0   0.0   0.0   0.2   0.0   
86    G     0.0   0.0   0.0   0.13  0.0   0.0   0.09  0.66  0.0   0.0   0.0   0.0   0.0   0.0   0.0   0.05  0.08  0.0   0.0   0.0   
87    S     0.0   0.0   0.0   0.15  0.0   0.0   0.05  0.06  0.0   0.0   0.0   0.11  0.0   0.0   0.05  0.58  0.0   0.0   0.0   0.0   
88    Q     0.0   0.28  0.12  0.14  0.0   0.34  0.12  0.0   0.0   0.0   0.0   0.0   0.0   0.0   0.0   0.0   0.0   0.0   0.0   0.0   
89    G     0.11  0.0   0.0   0.0   0.0   0.0   0.0   0.75  0.0   0.0   0.0   0.14  0.0   0.0   0.0   0.0   0.0   0.0   0.0   0.0   
90    Y     0.0   0.0   0.0   0.0   0.0   0.26  0.0   0.0   0.11  0.0   0.0   0.0   0.0   0.05  0.0   0.0   0.17  0.0   0.4   0.0   
91    L     0.09  0.0   0.0   0.0   0.0   0.0   0.0   0.0   0.0   0.17  0.25  0.0   0.0   0.0   0.0   0.0   0.04  0.0   0.0   0.45  
92    V     0.07  0.0   0.0   0.0   0.0   0.05  0.0   0.06  0.0   0.0   0.16  0.0   0.0   0.0   0.0   0.0   0.19  0.0   0.0   0.47  
93    V     0.0   0.0   0.0   0.0   0.0   0.0   0.0   0.0   0.0   0.66  0.0   0.0   0.0   0.0   0.0   0.0   0.0   0.0   0.0   0.34  
94    R     0.0   0.37  0.0   0.0   0.0   0.09  0.27  0.0   0.0   0.0   0.0   0.2   0.0   0.0   0.0   0.06  0.0   0.0   0.0   0.0   
95    L     0.0   0.0   0.0   0.0   0.0   0.0   0.0   0.0   0.0   0.0   1.0   0.0   0.0   0.0   0.0   0.0   0.0   0.0   0.0   0.0   
96    S     0.46  0.1   0.0   0.0   0.09  0.0   0.0   0.0   0.0   0.0   0.0   0.0   0.0   0.0   0.09  0.25  0.0   0.0   0.0   0.0   
97    M     0.1   0.23  0.0   0.0   0.0   0.09  0.2   0.15  0.07  0.0   0.0   0.06  0.07  0.0   0.0   0.0   0.03  0.0   0.0   0.0   
98    M     0.0   0.1   0.0   0.0   0.0   0.0   0.11  0.0   0.05  0.0   0.0   0.29  0.04  0.17  0.26  0.0   0.0   0.0   0.0   0.0   
99    I     0.0   0.0   0.0   0.0   0.0   0.0   0.0   0.0   0.0   0.55  0.0   0.0   0.0   0.0   0.0   0.0   0.11  0.0   0.0   0.35  
100   H     0.06  0.05  0.0   0.07  0.0   0.19  0.0   0.0   0.04  0.31  0.11  0.0   0.0   0.0   0.0   0.0   0.0   0.0   0.19  0.0   
101   P     0.0   0.0   0.0   0.0   0.0   0.0   0.0   0.0   0.0   0.06  0.19  0.0   0.0   0.0   0.43  0.0   0.0   0.0   0.0   0.33  
102   A     0.04  0.0   0.0   0.11  0.0   0.0   0.1   0.0   0.0   0.0   0.0   0.19  0.0   0.0   0.0   0.26  0.3   0.0   0.0   0.0   
103   A     0.29  0.0   0.15  0.09  0.0   0.09  0.06  0.0   0.0   0.0   0.0   0.0   0.0   0.0   0.0   0.17  0.14  0.0   0.0   0.0   
104   F     0.0   0.0   0.0   0.0   0.0   0.0   0.0   0.0   0.0   0.21  0.04  0.0   0.0   0.21  0.0   0.0   0.0   0.0   0.0   0.53  
105   T     0.02  0.01  0.01  0.01  0.0   0.01  0.01  0.01  0.0   0.01  0.02  0.01  0.0   0.01  0.01  0.18  0.64  0.0   0.01  0.01  
106   L     0.02  0.01  0.01  0.01  0.0   0.01  0.01  0.01  0.0   0.07  0.39  0.01  0.2   0.01  0.01  0.01  0.01  0.0   0.18  0.01  
107   E     0.02  0.01  0.01  0.01  0.0   0.29  0.53  0.01  0.0   0.01  0.02  0.01  0.0   0.01  0.01  0.01  0.01  0.0   0.01  0.01  
108   H     0.02  0.01  0.01  0.01  0.0   0.01  0.01  0.01  0.81  0.01  0.02  0.01  0.0   0.01  0.01  0.01  0.01  0.0   0.01  0.01  
109   I     0.02  0.01  0.01  0.01  0.0   0.01  0.01  0.01  0.0   0.4   0.02  0.01  0.0   0.01  0.1   0.01  0.01  0.0   0.01  0.33  
110   P     0.07  0.11  0.01  0.01  0.0   0.07  0.01  0.09  0.0   0.01  0.02  0.01  0.0   0.01  0.32  0.23  0.01  0.0   0.01  0.01  
111   K     0.02  0.01  0.01  0.01  0.0   0.01  0.12  0.01  0.07  0.01  0.02  0.33  0.0   0.01  0.1   0.24  0.01  0.0   0.01  0.01  
112   T     0.1   0.11  0.06  0.09  0.0   0.0   0.07  0.1   0.0   0.0   0.0   0.16  0.0   0.0   0.0   0.1   0.21  0.0   0.0   0.0   
113   L     0.0   0.0   0.0   0.0   0.0   0.0   0.0   0.0   0.0   0.51  0.12  0.0   0.0   0.0   0.0   0.0   0.0   0.0   0.0   0.37  
114   S     0.48  0.0   0.0   0.0   0.0   0.0   0.05  0.0   0.0   0.0   0.0   0.0   0.0   0.0   0.0   0.37  0.0   0.0   0.0   0.1   
115   P     0.01  0.01  0.2   0.01  0.0   0.0   0.01  0.01  0.1   0.01  0.1   0.01  0.0   0.0   0.4   0.01  0.01  0.0   0.11  0.01  
116   T     0.02  0.01  0.16  0.01  0.0   0.01  0.08  0.02  0.0   0.01  0.02  0.01  0.0   0.12  0.01  0.21  0.18  0.0   0.1   0.01  
117   G     0.01  0.01  0.0   0.01  0.0   0.0   0.2   0.44  0.22  0.01  0.01  0.01  0.0   0.0   0.01  0.06  0.01  0.0   0.0   0.01  
118   N     0.01  0.01  0.25  0.17  0.0   0.0   0.01  0.1   0.17  0.01  0.1   0.01  0.0   0.0   0.01  0.1   0.05  0.0   0.0   0.01  
119   I     0.1   0.18  0.0   0.01  0.0   0.0   0.01  0.01  0.0   0.28  0.12  0.01  0.0   0.09  0.05  0.01  0.01  0.0   0.11  0.01  
120   S     0.01  0.01  0.05  0.15  0.0   0.0   0.01  0.01  0.0   0.01  0.01  0.01  0.0   0.0   0.01  0.71  0.01  0.0   0.0   0.01  
121   S     0.01  0.01  0.0   0.01  0.0   0.0   0.01  0.01  0.0   0.01  0.01  0.01  0.0   0.0   0.01  0.82  0.1   0.0   0.0   0.01  
122   A     0.8   0.0   0.11  0.0   0.0   0.0   0.0   0.0   0.0   0.0   0.0   0.0   0.0   0.0   0.0   0.0   0.09  0.0   0.0   0.0   
123   P     0.0   0.0   0.0   0.0   0.0   0.0   0.0   0.0   0.0   0.0   0.0   0.0   0.0   0.0   1.0   0.0   0.0   0.0   0.0   0.0   
124   K     0.0   0.09  0.0   0.0   0.0   0.0   0.0   0.0   0.0   0.0   0.0   0.91  0.0   0.0   0.0   0.0   0.0   0.0   0.0   0.0   
125   D     0.0   0.0   0.0   0.56  0.0   0.0   0.27  0.07  0.0   0.0   0.1   0.0   0.0   0.0   0.0   0.0   0.0   0.0   0.0   0.0   
126   F     0.0   0.0   0.0   0.0   0.1   0.0   0.0   0.0   0.0   0.05  0.0   0.0   0.0   0.68  0.0   0.0   0.0   0.0   0.1   0.07  
127   A     0.22  0.1   0.0   0.1   0.0   0.06  0.06  0.0   0.0   0.0   0.16  0.0   0.0   0.0   0.0   0.21  0.0   0.0   0.0   0.09  
128   V     0.0   0.0   0.0   0.0   0.0   0.0   0.0   0.0   0.0   0.14  0.17  0.0   0.0   0.0   0.0   0.0   0.0   0.0   0.0   0.69  
129   Y     0.0   0.0   0.0   0.0   0.0   0.0   0.0   0.0   0.0   0.0   0.0   0.0   0.0   0.2   0.0   0.3   0.0   0.13  0.27  0.1   
130   G     0.18  0.0   0.0   0.0   0.0   0.0   0.0   0.68  0.0   0.09  0.01  0.0   0.0   0.0   0.0   0.0   0.0   0.0   0.0   0.0   
131   L     0.0   0.0   0.0   0.0   0.1   0.0   0.0   0.0   0.0   0.03  0.27  0.0   0.04  0.05  0.0   0.25  0.0   0.05  0.07  0.13  
132   E     0.0   0.0   0.0   0.14  0.0   0.16  0.16  0.0   0.0   0.06  0.25  0.07  0.03  0.0   0.0   0.0   0.13  0.0   0.0   0.0   
133   N     0.05  0.09  0.09  0.1   0.0   0.12  0.05  0.16  0.0   0.0   0.0   0.11  0.0   0.0   0.0   0.16  0.04  0.0   0.0   0.0   
134   E     0.0   0.0   0.0   0.22  0.0   0.03  0.07  0.05  0.0   0.0   0.05  0.07  0.06  0.11  0.0   0.2   0.0   0.0   0.09  0.05  
135   Y     0.0   0.0   0.0   0.12  0.2   0.0   0.0   0.0   0.0   0.05  0.05  0.0   0.0   0.0   0.34  0.12  0.0   0.0   0.12  0.0   
136   Q     0.0   0.05  0.0   0.2   0.1   0.12  0.15  0.0   0.0   0.0   0.07  0.04  0.0   0.0   0.0   0.17  0.09  0.0   0.0   0.0   
137   E     0.0   0.0   0.16  0.11  0.0   0.05  0.31  0.11  0.0   0.0   0.01  0.06  0.06  0.0   0.0   0.0   0.1   0.0   0.0   0.0   
138   E     0.0   0.0   0.05  0.0   0.0   0.0   0.37  0.0   0.0   0.06  0.0   0.19  0.17  0.0   0.0   0.07  0.09  0.0   0.0   0.0   
139   G     0.01  0.08  0.0   0.0   0.0   0.0   0.2   0.18  0.0   0.0   0.01  0.01  0.05  0.06  0.0   0.01  0.06  0.3   0.0   0.01  
140   Q     0.0   0.0   0.0   0.0   0.0   0.28  0.05  0.0   0.0   0.19  0.0   0.0   0.0   0.0   0.0   0.0   0.16  0.0   0.0   0.32  
141   L     0.0   0.0   0.0   0.0   0.0   0.0   0.0   0.0   0.0   0.0   0.32  0.09  0.0   0.24  0.24  0.11  0.0   0.0   0.0   0.0   
142   L     0.11  0.0   0.0   0.0   0.0   0.0   0.0   0.0   0.0   0.07  0.82  0.0   0.0   0.0   0.0   0.0   0.0   0.0   0.0   0.0   
143   G     0.0   0.1   0.0   0.0   0.0   0.0   0.0   0.8   0.0   0.0   0.0   0.0   0.0   0.0   0.0   0.0   0.1   0.0   0.0   0.0   
144   Q     0.09  0.04  0.0   0.17  0.0   0.14  0.1   0.0   0.0   0.0   0.0   0.2   0.0   0.0   0.0   0.11  0.09  0.0   0.0   0.06  
145   F     0.06  0.0   0.0   0.0   0.0   0.0   0.0   0.1   0.0   0.0   0.0   0.0   0.0   0.77  0.0   0.0   0.0   0.0   0.07  0.0   
146   T     0.11  0.07  0.0   0.0   0.0   0.1   0.01  0.01  0.0   0.12  0.01  0.01  0.0   0.0   0.0   0.16  0.35  0.0   0.0   0.04  
147   Y     0.01  0.01  0.0   0.01  0.0   0.0   0.01  0.01  0.09  0.01  0.01  0.01  0.0   0.19  0.01  0.01  0.01  0.0   0.62  0.01  
148   D     0.02  0.01  0.11  0.51  0.0   0.01  0.06  0.11  0.0   0.01  0.02  0.01  0.0   0.01  0.01  0.08  0.01  0.0   0.01  0.01  
149   Q     0.01  0.1   0.0   0.01  0.0   0.22  0.11  0.01  0.0   0.01  0.25  0.11  0.0   0.0   0.01  0.01  0.06  0.0   0.0   0.1   
150   D     0.01  0.01  0.0   0.36  0.0   0.15  0.09  0.01  0.0   0.01  0.01  0.01  0.04  0.0   0.1   0.01  0.19  0.0   0.0   0.01  
151   G     0.11  0.1   0.06  0.0   0.0   0.0   0.38  0.26  0.0   0.0   0.0   0.09  0.0   0.0   0.0   0.0   0.0   0.0   0.0   0.0   
152   E     0.15  0.15  0.1   0.1   0.0   0.0   0.09  0.01  0.0   0.01  0.01  0.01  0.0   0.0   0.08  0.21  0.07  0.0   0.0   0.01  
153   S     0.01  0.01  0.31  0.01  0.0   0.0   0.1   0.01  0.06  0.05  0.01  0.01  0.0   0.0   0.12  0.14  0.11  0.0   0.0   0.05  
154   L     0.11  0.01  0.0   0.01  0.0   0.0   0.01  0.01  0.0   0.34  0.21  0.01  0.0   0.0   0.01  0.01  0.01  0.0   0.0   0.27  
155   Q     0.0   0.0   0.0   0.0   0.0   0.89  0.0   0.0   0.0   0.0   0.0   0.11  0.0   0.0   0.0   0.0   0.0   0.0   0.0   0.0   
156   M     0.0   0.0   0.0   0.0   0.0   0.11  0.0   0.0   0.0   0.0   0.0   0.0   0.16  0.17  0.0   0.09  0.47  0.0   0.0   0.0   
157   F     0.0   0.0   0.0   0.0   0.1   0.0   0.0   0.0   0.0   0.11  0.0   0.0   0.0   0.79  0.0   0.0   0.0   0.0   0.0   0.0   
158   Q     0.0   0.0   0.05  0.06  0.0   0.19  0.13  0.0   0.18  0.0   0.07  0.06  0.0   0.0   0.14  0.1   0.0   0.0   0.0   0.0   
159   A     0.15  0.01  0.01  0.01  0.0   0.01  0.01  0.01  0.0   0.11  0.29  0.01  0.0   0.0   0.01  0.18  0.04  0.0   0.0   0.16  
160   L     0.05  0.0   0.06  0.09  0.0   0.19  0.0   0.0   0.0   0.0   0.23  0.07  0.0   0.16  0.1   0.06  0.0   0.0   0.0   0.0   
161   K     0.0   0.11  0.25  0.05  0.0   0.15  0.18  0.0   0.07  0.0   0.0   0.09  0.0   0.0   0.0   0.0   0.1   0.0   0.0   0.0   
162   R     0.05  0.07  0.03  0.09  0.0   0.14  0.0   0.0   0.07  0.16  0.15  0.07  0.0   0.0   0.0   0.1   0.0   0.0   0.06  0.0   
163   P     0.09  0.0   0.0   0.0   0.0   0.16  0.07  0.0   0.0   0.06  0.0   0.0   0.09  0.0   0.48  0.05  0.0   0.0   0.0   0.0   
164   D     0.06  0.02  0.11  0.05  0.01  0.01  0.13  0.02  0.06  0.02  0.03  0.02  0.01  0.01  0.02  0.13  0.07  0.0   0.1   0.15  
165   D     0.2   0.0   0.0   0.14  0.0   0.0   0.0   0.0   0.1   0.0   0.0   0.0   0.05  0.0   0.28  0.17  0.06  0.0   0.0   0.0   
166   T     0.1   0.09  0.0   0.0   0.0   0.04  0.16  0.1   0.0   0.0   0.0   0.2   0.0   0.07  0.0   0.14  0.09  0.0   0.0   0.0   
167   A     0.21  0.0   0.0   0.0   0.0   0.0   0.0   0.0   0.0   0.0   0.1   0.0   0.0   0.03  0.23  0.08  0.1   0.11  0.13  0.0   
168   F     0.0   0.0   0.0   0.0   0.0   0.0   0.0   0.0   0.0   0.3   0.21  0.0   0.0   0.31  0.0   0.0   0.0   0.0   0.05  0.12  
169   Q     0.05  0.11  0.15  0.05  0.0   0.18  0.0   0.0   0.0   0.0   0.1   0.16  0.0   0.0   0.09  0.1   0.0   0.0   0.0   0.0   
170   I     0.09  0.0   0.06  0.0   0.1   0.0   0.0   0.0   0.16  0.07  0.0   0.09  0.0   0.07  0.0   0.0   0.1   0.0   0.2   0.05  
171   V     0.0   0.0   0.0   0.0   0.0   0.0   0.0   0.0   0.0   0.09  0.11  0.0   0.0   0.0   0.0   0.0   0.0   0.0   0.0   0.8   
172   E     0.06  0.1   0.0   0.0   0.0   0.1   0.19  0.0   0.0   0.06  0.0   0.49  0.0   0.0   0.0   0.0   0.0   0.0   0.0   0.0   
173   L     0.0   0.0   0.0   0.0   0.0   0.0   0.0   0.0   0.0   0.09  0.62  0.0   0.0   0.1   0.0   0.0   0.0   0.0   0.0   0.18  
174   R     0.0   0.28  0.14  0.1   0.0   0.13  0.16  0.0   0.0   0.0   0.0   0.19  0.0   0.0   0.0   0.0   0.0   0.0   0.0   0.0   
175   I     0.0   0.0   0.0   0.0   0.0   0.0   0.0   0.0   0.0   0.49  0.2   0.0   0.0   0.2   0.0   0.0   0.0   0.0   0.0   0.11  
176   F     0.0   0.1   0.05  0.0   0.0   0.0   0.0   0.0   0.0   0.0   0.39  0.06  0.0   0.07  0.0   0.09  0.12  0.0   0.0   0.11  
177   S     0.0   0.0   0.0   0.0   0.0   0.0   0.1   0.0   0.0   0.0   0.0   0.0   0.0   0.0   0.0   0.85  0.05  0.0   0.0   0.0   
178   N     0.0   0.0   0.8   0.0   0.0   0.0   0.0   0.0   0.2   0.0   0.0   0.0   0.0   0.0   0.0   0.0   0.0   0.0   0.0   0.0   
179   W     0.0   0.0   0.0   0.0   0.0   0.0   0.0   0.0   0.26  0.0   0.0   0.0   0.0   0.09  0.0   0.0   0.0   0.47  0.18  0.0   
180   G     0.0   0.0   0.0   0.0   0.0   0.0   0.0   1.0   0.0   0.0   0.0   0.0   0.0   0.0   0.0   0.0   0.0   0.0   0.0   0.0   
181   H     0.07  0.0   0.15  0.1   0.0   0.0   0.0   0.0   0.32  0.0   0.0   0.0   0.0   0.0   0.0   0.3   0.0   0.0   0.06  0.0   
182   P     0.0   0.0   0.0   0.05  0.0   0.0   0.2   0.0   0.0   0.0   0.01  0.0   0.1   0.0   0.54  0.06  0.0   0.0   0.0   0.0   
183   E     0.01  0.2   0.1   0.0   0.0   0.0   0.12  0.05  0.09  0.0   0.01  0.07  0.0   0.11  0.1   0.11  0.0   0.0   0.0   0.0   
184   Y     0.0   0.0   0.0   0.0   0.0   0.0   0.0   0.0   0.1   0.0   0.0   0.1   0.0   0.35  0.0   0.0   0.0   0.0   0.45  0.0   
185   T     0.0   0.0   0.0   0.0   0.2   0.0   0.0   0.0   0.0   0.0   0.0   0.0   0.0   0.0   0.0   0.0   0.8   0.0   0.0   0.0   
186   C     0.0   0.0   0.0   0.0   0.8   0.0   0.0   0.0   0.0   0.0   0.0   0.0   0.0   0.0   0.09  0.0   0.11  0.0   0.0   0.0   
187   L     0.1   0.0   0.0   0.0   0.0   0.0   0.0   0.0   0.0   0.21  0.64  0.0   0.05  0.0   0.0   0.0   0.0   0.0   0.0   0.0   
188   Y     0.0   0.0   0.0   0.0   0.0   0.0   0.0   0.0   0.0   0.0   0.0   0.0   0.0   0.0   0.0   0.2   0.0   0.0   0.8   0.0   
189   R     0.0   0.64  0.0   0.0   0.0   0.06  0.0   0.0   0.0   0.0   0.19  0.0   0.0   0.0   0.0   0.0   0.0   0.0   0.0   0.11  
190   F     0.0   0.0   0.0   0.0   0.0   0.0   0.0   0.0   0.0   0.19  0.07  0.0   0.0   0.38  0.0   0.0   0.0   0.0   0.0   0.35  
191   R     0.0   0.89  0.0   0.0   0.0   0.0   0.11  0.0   0.0   0.0   0.0   0.0   0.0   0.0   0.0   0.0   0.0   0.0   0.0   0.0   
192   V     0.09  0.0   0.0   0.0   0.0   0.0   0.0   0.0   0.0   0.0   0.0   0.0   0.0   0.0   0.0   0.0   0.0   0.0   0.0   0.91  
193   H     0.0   0.0   0.0   0.0   0.0   0.0   0.0   0.0   0.7   0.0   0.0   0.0   0.0   0.2   0.0   0.0   0.0   0.0   0.1   0.0   
194   G     0.0   0.0   0.0   0.0   0.0   0.0   0.0   1.0   0.0   0.0   0.0   0.0   0.0   0.0   0.0   0.0   0.0   0.0   0.0   0.0   
195   E     0.0   0.13  0.0   0.0   0.0   0.0   0.29  0.0   0.0   0.05  0.0   0.09  0.0   0.0   0.0   0.13  0.31  0.0   0.0   0.0   
196   P     0.0   0.0   0.0   0.0   0.0   0.0   0.0   0.0   0.0   0.0   0.0   0.0   0.0   0.0   0.58  0.0   0.0   0.0   0.0   0.42  
197   V     0.28  0.0   0.0   0.0   0.0   0.0   0.0   0.15  0.0   0.1   0.0   0.0   0.0   0.0   0.0   0.0   0.0   0.0   0.0   0.48  
198   K     0.0   0.0   0.0   0.0   0.0   0.5   0.0   0.0   0.0   0.0   0.0   0.5   0.0   0.0   0.0   0.0   0.0   0.0   0.0   0.0   
