             A     R     N     D     C     Q     E     G     H     I     L     K     M     F     P     S     T     W     Y     V
1     G     0.0   0.0   0.0   0.0   0.0   0.0   0.0   0.5   0.0   0.0   0.0   0.0   0.0   0.0   0.0   0.5   0.0   0.0   0.0   0.0   
2     K     0.0   0.0   0.0   0.0   0.0   0.0   0.0   0.0   0.0   0.0   0.0   1.0   0.0   0.0   0.0   0.0   0.0   0.0   0.0   0.0   
3     G     0.0   0.0   0.0   0.0   0.0   0.0   0.0   1.0   0.0   0.0   0.0   0.0   0.0   0.0   0.0   0.0   0.0   0.0   0.0   0.0   
4     N     0.0   0.0   0.5   0.0   0.0   0.0   0.0   0.0   0.0   0.0   0.0   0.0   0.0   0.0   0.0   0.5   0.0   0.0   0.0   0.0   
5     F     0.0   0.0   0.0   0.0   0.0   0.0   0.0   0.0   0.0   0.0   0.0   0.0   0.0   1.0   0.0   0.0   0.0   0.0   0.0   0.0   
6     S     0.0   0.0   0.0   0.0   0.0   0.0   0.0   0.0   0.0   0.0   0.0   0.0   0.0   0.0   0.0   1.0   0.0   0.0   0.0   0.0   
7     A     0.5   0.0   0.5   0.0   0.0   0.0   0.0   0.0   0.0   0.0   0.0   0.0   0.0   0.0   0.0   0.0   0.0   0.0   0.0   0.0   
8     C     0.0   0.0   0.0   0.0   1.0   0.0   0.0   0.0   0.0   0.0   0.0   0.0   0.0   0.0   0.0   0.0   0.0   0.0   0.0   0.0   
9     T     0.0   0.0   0.0   0.0   0.0   0.0   0.0   0.0   0.0   0.0   0.0   0.0   0.0   0.0   0.0   0.0   1.0   0.0   0.0   0.0   
10    H     0.0   0.0   0.0   0.0   0.0   0.0   0.0   0.0   0.5   0.0   0.0   0.0   0.0   0.0   0.0   0.0   0.0   0.0   0.0   0.5   
11    S     0.0   0.5   0.0   0.0   0.0   0.0   0.0   0.0   0.0   0.0   0.0   0.0   0.0   0.0   0.0   0.5   0.0   0.0   0.0   0.0   
12    F     0.0   0.0   0.0   0.0   0.0   0.0   0.0   0.0   0.0   0.0   0.0   0.0   0.0   1.0   0.0   0.0   0.0   0.0   0.0   0.0   
13    G     0.0   0.0   0.0   0.0   0.0   0.0   0.0   0.5   0.0   0.0   0.0   0.0   0.0   0.0   0.0   0.5   0.0   0.0   0.0   0.0   
14    G     0.0   0.0   0.0   0.0   0.0   0.0   0.0   1.0   0.0   0.0   0.0   0.0   0.0   0.0   0.0   0.0   0.0   0.0   0.0   0.0   
15    T     0.0   0.0   0.0   0.0   0.0   0.5   0.0   0.0   0.0   0.0   0.0   0.0   0.0   0.0   0.0   0.0   0.5   0.0   0.0   0.0   
16    R     0.0   1.0   0.0   0.0   0.0   0.0   0.0   0.0   0.0   0.0   0.0   0.0   0.0   0.0   0.0   0.0   0.0   0.0   0.0   0.0   
17    D     0.0   0.0   0.0   1.0   0.0   0.0   0.0   0.0   0.0   0.0   0.0   0.0   0.0   0.0   0.0   0.0   0.0   0.0   0.0   0.0   
18    H     0.0   0.0   0.0   0.0   0.0   0.0   0.0   0.0   1.0   0.0   0.0   0.0   0.0   0.0   0.0   0.0   0.0   0.0   0.0   0.0   
19    D     0.0   0.0   0.0   1.0   0.0   0.0   0.0   0.0   0.0   0.0   0.0   0.0   0.0   0.0   0.0   0.0   0.0   0.0   0.0   0.0   
20    V     0.5   0.0   0.0   0.0   0.0   0.0   0.0   0.0   0.0   0.0   0.0   0.0   0.0   0.0   0.0   0.0   0.0   0.0   0.0   0.5   
21    V     0.0   0.0   0.0   0.0   0.0   0.0   0.0   0.0   0.0   0.0   0.0   0.0   0.0   0.0   0.0   0.0   0.0   0.0   0.0   1.0   
22    E     0.0   0.0   0.0   0.5   0.0   0.0   0.5   0.0   0.0   0.0   0.0   0.0   0.0   0.0   0.0   0.0   0.0   0.0   0.0   0.0   
23    E     0.0   0.0   0.0   0.0   0.0   0.0   1.0   0.0   0.0   0.0   0.0   0.0   0.0   0.0   0.0   0.0   0.0   0.0   0.0   0.0   
24    F     0.0   0.0   0.0   0.0   0.0   0.0   0.0   0.0   0.0   0.0   0.0   0.0   0.0   1.0   0.0   0.0   0.0   0.0   0.0   0.0   
25    I     0.0   0.0   0.0   0.0   0.0   0.0   0.0   0.0   0.0   0.55  0.45  0.0   0.0   0.0   0.0   0.0   0.0   0.0   0.0   0.0   
26    G     0.0   0.0   0.27  0.0   0.0   0.0   0.0   0.27  0.0   0.0   0.0   0.0   0.0   0.0   0.0   0.45  0.0   0.0   0.0   0.0   
27    N     0.27  0.0   0.27  0.0   0.0   0.0   0.0   0.0   0.45  0.0   0.0   0.0   0.0   0.0   0.0   0.0   0.0   0.0   0.0   0.0   
28    I     0.0   0.0   0.0   0.0   0.0   0.0   0.0   0.0   0.0   0.27  0.45  0.0   0.0   0.0   0.0   0.0   0.0   0.0   0.0   0.27  
29    E     0.0   0.0   0.0   0.0   0.0   0.0   1.0   0.0   0.0   0.0   0.0   0.0   0.0   0.0   0.0   0.0   0.0   0.0   0.0   0.0   
30    T     0.0   0.0   0.0   0.0   0.0   0.0   0.45  0.0   0.0   0.0   0.0   0.0   0.0   0.0   0.0   0.0   0.55  0.0   0.0   0.0   
31    Y     0.0   0.0   0.0   0.0   0.0   0.0   0.0   0.0   0.0   0.0   0.0   0.0   0.0   0.0   0.0   0.0   0.0   0.0   1.0   0.0   
32    K     0.0   0.0   0.0   0.0   0.0   0.0   0.0   0.0   0.0   0.0   0.45  0.55  0.0   0.0   0.0   0.0   0.0   0.0   0.0   0.0   
33    D     0.0   0.23  0.0   0.27  0.0   0.0   0.27  0.0   0.0   0.0   0.0   0.23  0.0   0.0   0.0   0.0   0.0   0.0   0.0   0.0   
34    V     0.0   0.0   0.0   0.0   0.0   0.45  0.0   0.0   0.0   0.0   0.0   0.0   0.0   0.0   0.0   0.0   0.0   0.0   0.0   0.55  
35    E     0.0   0.0   0.0   0.0   0.0   0.0   0.55  0.0   0.0   0.0   0.0   0.0   0.0   0.0   0.0   0.0   0.0   0.0   0.0   0.45  
36    G     0.0   0.0   0.0   0.0   0.0   0.0   0.0   1.0   0.0   0.0   0.0   0.0   0.0   0.0   0.0   0.0   0.0   0.0   0.0   0.0   
37    I     0.0   0.0   0.0   0.0   0.0   0.0   0.0   0.45  0.0   0.55  0.0   0.0   0.0   0.0   0.0   0.0   0.0   0.0   0.0   0.0   
38    S     0.0   0.0   0.0   0.0   0.0   0.0   0.0   0.0   0.0   0.0   0.0   0.0   0.0   0.0   0.0   0.77  0.23  0.0   0.0   0.0   
39    D     0.0   0.0   0.0   0.55  0.0   0.0   0.45  0.0   0.0   0.0   0.0   0.0   0.0   0.0   0.0   0.0   0.0   0.0   0.0   0.0   
40    E     0.0   0.0   0.0   0.0   0.0   0.0   0.73  0.0   0.0   0.0   0.0   0.27  0.0   0.0   0.0   0.0   0.0   0.0   0.0   0.0   
41    N     0.0   0.0   0.27  0.27  0.0   0.0   0.0   0.0   0.0   0.0   0.0   0.0   0.0   0.0   0.0   0.0   0.0   0.0   0.45  0.0   
42    A     0.55  0.0   0.0   0.0   0.0   0.0   0.0   0.0   0.0   0.0   0.0   0.0   0.0   0.0   0.0   0.0   0.0   0.45  0.0   0.0   
43    L     0.0   0.0   0.0   0.0   0.0   0.0   0.0   0.0   0.0   0.0   1.0   0.0   0.0   0.0   0.0   0.0   0.0   0.0   0.0   0.0   
44    K     0.0   0.0   0.0   0.0   0.0   0.0   0.0   0.0   0.0   0.0   0.0   0.55  0.0   0.0   0.0   0.45  0.0   0.0   0.0   0.0   
45    G     0.0   0.0   0.0   0.0   0.0   0.45  0.0   0.55  0.0   0.0   0.0   0.0   0.0   0.0   0.0   0.0   0.0   0.0   0.0   0.0   
46    I     0.0   0.0   0.0   0.0   0.0   0.0   0.0   0.0   0.0   0.73  0.27  0.0   0.0   0.0   0.0   0.0   0.0   0.0   0.0   0.0   
47    S     0.0   0.0   0.0   0.0   0.0   0.45  0.0   0.0   0.0   0.0   0.0   0.0   0.0   0.0   0.27  0.27  0.0   0.0   0.0   0.0   
48    L     0.0   0.0   0.45  0.0   0.0   0.0   0.0   0.0   0.0   0.0   0.55  0.0   0.0   0.0   0.0   0.0   0.0   0.0   0.0   0.0   
49    L     0.0   0.0   0.0   0.0   0.0   0.0   0.0   0.0   0.45  0.0   0.55  0.0   0.0   0.0   0.0   0.0   0.0   0.0   0.0   0.0   
50    F     0.0   0.0   0.0   0.0   0.0   0.0   0.0   0.0   0.0   0.0   0.0   0.0   0.45  0.55  0.0   0.0   0.0   0.0   0.0   0.0   
51    Y     0.0   0.0   0.45  0.0   0.0   0.0   0.0   0.0   0.0   0.0   0.0   0.27  0.0   0.0   0.0   0.0   0.0   0.0   0.27  0.0   
52    G     0.0   0.0   0.0   0.0   0.0   0.0   0.0   0.73  0.0   0.0   0.0   0.0   0.0   0.0   0.0   0.27  0.0   0.0   0.0   0.0   
53    X     0.0   0.0   0.0   0.0   0.0   0.0   0.0   0.0   0.0   0.27  0.0   0.0   0.0   0.0   0.45  0.0   0.0   0.0   0.0   0.0   
54    A     1.0   0.0   0.0   0.0   0.0   0.0   0.0   0.0   0.0   0.0   0.0   0.0   0.0   0.0   0.0   0.0   0.0   0.0   0.0   0.0   
55    S     0.0   0.0   0.0   0.0   0.0   0.0   0.0   0.0   0.0   0.0   0.0   0.45  0.0   0.0   0.0   0.27  0.0   0.0   0.0   0.27  
56    T     0.0   0.0   0.0   0.0   0.0   0.0   0.0   0.0   0.0   0.0   0.0   0.45  0.0   0.0   0.0   0.0   0.27  0.0   0.0   0.27  
57    W     0.0   0.0   0.0   0.0   0.0   0.0   0.0   0.0   0.0   0.0   0.0   0.0   0.0   0.0   0.0   0.0   0.0   1.0   0.0   0.0   
58    W     0.0   0.0   0.0   0.0   0.0   0.0   0.0   0.0   0.0   0.0   0.0   0.0   0.0   0.0   0.0   0.0   0.0   1.0   0.0   0.0   
59    Q     0.0   0.0   0.0   0.0   0.0   0.27  0.45  0.0   0.0   0.0   0.0   0.27  0.0   0.0   0.0   0.0   0.0   0.0   0.0   0.0   
60    G     0.0   0.0   0.0   0.0   0.0   0.0   0.0   0.55  0.0   0.0   0.0   0.0   0.0   0.23  0.0   0.0   0.0   0.0   0.23  0.0   
61    V     0.0   0.0   0.0   0.0   0.0   0.0   0.0   0.0   0.0   0.0   0.0   0.45  0.0   0.0   0.0   0.0   0.0   0.0   0.0   0.55  
62    R     0.0   0.55  0.0   0.0   0.0   0.45  0.0   0.0   0.0   0.0   0.0   0.0   0.0   0.0   0.0   0.0   0.0   0.0   0.0   0.0   
63    K     0.0   0.27  0.0   0.23  0.0   0.0   0.0   0.23  0.0   0.0   0.0   0.27  0.0   0.0   0.0   0.0   0.0   0.0   0.0   0.0   
64    E     0.0   0.0   0.0   0.27  0.0   0.0   0.27  0.0   0.0   0.0   0.0   0.0   0.0   0.0   0.0   0.45  0.0   0.0   0.0   0.0   
65    A     0.55  0.0   0.0   0.0   0.0   0.0   0.0   0.0   0.0   0.0   0.0   0.0   0.0   0.0   0.0   0.0   0.0   0.0   0.0   0.45  
66    T     0.0   0.0   0.0   0.0   0.0   0.0   0.0   0.0   0.0   0.0   0.0   0.73  0.0   0.0   0.0   0.0   0.27  0.0   0.0   0.0   
67    T     0.0   0.0   0.45  0.0   0.0   0.0   0.0   0.0   0.0   0.0   0.0   0.0   0.0   0.0   0.0   0.0   0.55  0.0   0.0   0.0   
68    W     0.0   0.0   0.0   0.0   0.0   0.0   0.0   0.0   0.0   0.0   0.0   0.0   0.0   0.0   0.0   0.0   0.0   1.0   0.0   0.0   
69    K     0.0   0.0   0.0   0.0   0.0   0.0   0.0   0.0   0.0   0.0   0.0   0.27  0.0   0.0   0.0   0.27  0.0   0.0   0.0   0.45  
70    E     0.0   0.0   0.0   0.27  0.0   0.0   0.73  0.0   0.0   0.0   0.0   0.0   0.0   0.0   0.0   0.0   0.0   0.0   0.0   0.0   
71    A     0.55  0.0   0.0   0.0   0.0   0.0   0.0   0.0   0.0   0.0   0.0   0.0   0.0   0.45  0.0   0.0   0.0   0.0   0.0   0.0   
72    I     0.0   0.0   0.0   0.0   0.0   0.0   0.0   0.0   0.0   0.27  0.27  0.45  0.0   0.0   0.0   0.0   0.0   0.0   0.0   0.0   
73    A     0.27  0.0   0.0   0.0   0.0   0.27  0.0   0.0   0.0   0.0   0.0   0.45  0.0   0.0   0.0   0.0   0.0   0.0   0.0   0.0   
74    L     0.0   0.0   0.0   0.0   0.0   0.0   0.45  0.0   0.0   0.0   0.55  0.0   0.0   0.0   0.0   0.0   0.0   0.0   0.0   0.0   
75    I     0.0   0.0   0.0   0.0   0.0   0.0   0.0   0.0   0.0   0.27  0.27  0.0   0.0   0.45  0.0   0.0   0.0   0.0   0.0   0.0   
76    R     0.0   0.55  0.0   0.0   0.0   0.0   0.0   0.0   0.0   0.0   0.45  0.0   0.0   0.0   0.0   0.0   0.0   0.0   0.0   0.0   
77    E     0.0   0.0   0.0   0.27  0.0   0.45  0.27  0.0   0.0   0.0   0.0   0.0   0.0   0.0   0.0   0.0   0.0   0.0   0.0   0.0   
78    H     0.0   0.0   0.0   0.0   0.0   0.0   0.0   0.0   0.55  0.0   0.0   0.0   0.0   0.0   0.0   0.0   0.0   0.0   0.45  0.0   
79    F     0.0   0.0   0.0   0.0   0.0   0.0   0.0   0.0   0.0   0.0   0.0   0.0   0.0   0.55  0.0   0.45  0.0   0.0   0.0   0.0   
80    S     0.0   0.0   0.0   0.0   0.0   0.0   0.45  0.0   0.0   0.0   0.0   0.0   0.0   0.0   0.0   0.55  0.0   0.0   0.0   0.0   
81    P     0.0   0.0   0.0   0.0   0.0   0.0   0.0   0.45  0.0   0.0   0.0   0.0   0.0   0.0   0.55  0.0   0.0   0.0   0.0   0.0   
82    T     0.0   0.0   0.0   0.0   0.0   0.0   0.0   0.0   0.0   0.0   0.0   0.0   0.0   0.0   0.0   0.0   1.0   0.0   0.0   0.0   
83    K     0.0   0.0   0.0   0.0   0.0   0.0   0.0   0.0   0.0   0.0   0.45  0.55  0.0   0.0   0.0   0.0   0.0   0.0   0.0   0.0   
84    P     0.0   0.0   0.0   0.0   0.0   0.0   0.0   0.0   0.0   0.0   0.0   0.0   0.0   0.0   0.55  0.23  0.23  0.0   0.0   0.0   
85    A     0.27  0.45  0.0   0.0   0.0   0.0   0.0   0.0   0.0   0.0   0.0   0.0   0.0   0.0   0.0   0.27  0.0   0.0   0.0   0.0   
86    Y     0.0   0.0   0.0   0.23  0.0   0.0   0.23  0.0   0.0   0.0   0.0   0.0   0.0   0.0   0.0   0.0   0.0   0.0   0.55  0.0   
87    Q     0.45  0.0   0.0   0.0   0.0   0.55  0.0   0.0   0.0   0.0   0.0   0.0   0.0   0.0   0.0   0.0   0.0   0.0   0.0   0.0   
88    I     0.0   0.0   0.0   0.0   0.0   0.0   0.0   0.0   0.0   1.0   0.0   0.0   0.0   0.0   0.0   0.0   0.0   0.0   0.0   0.0   
89    Y     0.0   0.0   0.0   0.0   0.0   0.23  0.0   0.0   0.0   0.0   0.0   0.23  0.0   0.0   0.0   0.0   0.0   0.0   0.55  0.0   
90    X     0.0   0.45  0.0   0.0   0.0   0.0   0.0   0.0   0.0   0.0   0.0   0.0   0.27  0.0   0.0   0.0   0.0   0.0   0.0   0.0   
91    E     0.0   0.0   0.0   0.0   0.0   0.0   1.0   0.0   0.0   0.0   0.0   0.0   0.0   0.0   0.0   0.0   0.0   0.0   0.0   0.0   
92    F     0.0   0.0   0.0   0.0   0.0   0.0   0.0   0.0   0.0   0.27  0.45  0.0   0.0   0.27  0.0   0.0   0.0   0.0   0.0   0.0   
93    F     0.04  0.02  0.02  0.02  0.01  0.02  0.03  0.03  0.01  0.02  0.04  0.03  0.01  0.57  0.02  0.03  0.03  0.01  0.01  0.03  
94    Q     0.0   0.0   0.0   0.45  0.0   0.27  0.27  0.0   0.0   0.0   0.0   0.0   0.0   0.0   0.0   0.0   0.0   0.0   0.0   0.0   
95    N     0.0   0.0   0.27  0.0   0.0   0.0   0.0   0.0   0.0   0.0   0.45  0.0   0.0   0.0   0.0   0.0   0.27  0.0   0.0   0.0   
96    K     0.0   0.0   0.0   0.0   0.0   0.0   0.0   0.0   0.0   0.0   0.0   0.55  0.0   0.0   0.45  0.0   0.0   0.0   0.0   0.0   
97    Q     0.0   0.0   0.0   0.0   0.0   1.0   0.0   0.0   0.0   0.0   0.0   0.0   0.0   0.0   0.0   0.0   0.0   0.0   0.0   0.0   
98    D     0.0   0.0   0.0   0.27  0.0   0.0   0.0   0.0   0.0   0.0   0.0   0.45  0.0   0.0   0.0   0.27  0.0   0.0   0.0   0.0   
99    D     0.0   0.0   0.0   0.27  0.0   0.23  0.23  0.0   0.0   0.0   0.0   0.0   0.0   0.0   0.0   0.0   0.0   0.0   0.27  0.0   
100   H     0.0   0.0   0.0   0.27  0.0   0.0   0.0   0.45  0.27  0.0   0.0   0.0   0.0   0.0   0.0   0.0   0.0   0.0   0.0   0.0   
101   D     0.0   0.0   0.0   0.27  0.0   0.0   0.73  0.0   0.0   0.0   0.0   0.0   0.0   0.0   0.0   0.0   0.0   0.0   0.0   0.0   
102   P     0.0   0.0   0.0   0.0   0.0   0.0   0.0   0.0   0.0   0.0   0.0   0.0   0.0   0.0   0.73  0.0   0.0   0.0   0.0   0.27  
103   I     0.0   0.0   0.0   0.0   0.0   0.0   0.0   0.0   0.0   0.55  0.45  0.0   0.0   0.0   0.0   0.0   0.0   0.0   0.0   0.0   
104   D     0.0   0.0   0.0   1.0   0.0   0.0   0.0   0.0   0.0   0.0   0.0   0.0   0.0   0.0   0.0   0.0   0.0   0.0   0.0   0.0   
105   T     0.0   0.0   0.0   0.0   0.0   0.45  0.0   0.0   0.0   0.0   0.0   0.0   0.0   0.0   0.0   0.27  0.27  0.0   0.0   0.0   
106   F     0.0   0.0   0.0   0.0   0.0   0.0   0.0   0.0   0.0   0.0   0.0   0.0   0.0   1.0   0.0   0.0   0.0   0.0   0.0   0.0   
107   V     0.0   0.0   0.0   0.0   0.0   0.0   0.0   0.0   0.0   0.27  0.45  0.0   0.0   0.0   0.0   0.0   0.0   0.0   0.0   0.27  
108   I     0.0   0.0   0.0   0.0   0.27  0.0   0.0   0.0   0.0   0.27  0.0   0.0   0.0   0.0   0.0   0.0   0.0   0.45  0.0   0.0   
109   Q     0.0   0.45  0.0   0.0   0.0   0.27  0.0   0.0   0.0   0.0   0.0   0.27  0.0   0.0   0.0   0.0   0.0   0.0   0.0   0.0   
110   K     0.0   0.0   0.0   0.0   0.0   0.27  0.0   0.0   0.0   0.0   0.0   0.73  0.0   0.0   0.0   0.0   0.0   0.0   0.0   0.0   
111   R     0.0   1.0   0.0   0.0   0.0   0.0   0.0   0.0   0.0   0.0   0.0   0.0   0.0   0.0   0.0   0.0   0.0   0.0   0.0   0.0   
112   A     0.55  0.0   0.0   0.45  0.0   0.0   0.0   0.0   0.0   0.0   0.0   0.0   0.0   0.0   0.0   0.0   0.0   0.0   0.0   0.0   
113   L     0.0   0.0   0.0   0.0   0.0   0.0   0.0   0.0   0.0   0.0   1.0   0.0   0.0   0.0   0.0   0.0   0.0   0.0   0.0   0.0   
114   L     0.0   0.0   0.0   0.0   0.0   0.0   0.0   0.0   0.0   0.0   0.55  0.0   0.0   0.0   0.0   0.0   0.0   0.0   0.45  0.0   
115   A     0.55  0.0   0.0   0.0   0.0   0.45  0.0   0.0   0.0   0.0   0.0   0.0   0.0   0.0   0.0   0.0   0.0   0.0   0.0   0.0   
116   Q     0.0   0.0   0.0   0.0   0.0   0.27  0.0   0.0   0.0   0.0   0.0   0.27  0.0   0.0   0.0   0.0   0.45  0.0   0.0   0.0   
117   L     0.0   0.0   0.0   0.0   0.0   0.0   0.0   0.0   0.0   0.0   1.0   0.0   0.0   0.0   0.0   0.0   0.0   0.0   0.0   0.0   
118   P     0.0   0.0   0.0   0.0   0.0   0.0   0.0   0.0   0.0   0.0   0.0   0.0   0.0   0.0   0.55  0.0   0.0   0.0   0.45  0.0   
119   S     0.0   0.0   0.0   0.0   0.0   0.0   0.27  0.0   0.0   0.0   0.0   0.0   0.0   0.0   0.0   0.27  0.0   0.0   0.0   0.45  
120   G     0.0   0.0   0.0   0.45  0.0   0.0   0.0   0.55  0.0   0.0   0.0   0.0   0.0   0.0   0.0   0.0   0.0   0.0   0.0   0.0   
121   R     0.45  0.55  0.0   0.0   0.0   0.0   0.0   0.0   0.0   0.0   0.0   0.0   0.0   0.0   0.0   0.0   0.0   0.0   0.0   0.0   
122   H     0.02  0.01  0.01  0.01  0.0   0.01  0.24  0.02  0.55  0.01  0.02  0.01  0.01  0.01  0.01  0.02  0.01  0.0   0.01  0.01  
123   D     0.0   0.0   0.0   0.77  0.0   0.0   0.23  0.0   0.0   0.0   0.0   0.0   0.0   0.0   0.0   0.0   0.0   0.0   0.0   0.0   
124   E     0.0   0.0   0.0   0.0   0.0   0.0   1.0   0.0   0.0   0.0   0.0   0.0   0.0   0.0   0.0   0.0   0.0   0.0   0.0   0.0   
125   E     0.0   0.0   0.0   0.0   0.0   0.0   1.0   0.0   0.0   0.0   0.0   0.0   0.0   0.0   0.0   0.0   0.0   0.0   0.0   0.0   
126   T     0.0   0.0   0.0   0.0   0.0   0.0   0.23  0.0   0.0   0.23  0.0   0.0   0.0   0.0   0.0   0.0   0.55  0.0   0.0   0.0   
127   E     0.02  0.01  0.01  0.01  0.0   0.01  0.56  0.02  0.0   0.24  0.02  0.01  0.01  0.01  0.01  0.02  0.01  0.0   0.01  0.01  
128   L     0.0   0.0   0.0   0.0   0.0   0.0   0.0   0.0   0.0   0.45  0.55  0.0   0.0   0.0   0.0   0.0   0.0   0.0   0.0   0.0   
129   D     0.0   0.0   0.0   0.55  0.0   0.45  0.0   0.0   0.0   0.0   0.0   0.0   0.0   0.0   0.0   0.0   0.0   0.0   0.0   0.0   
130   L     0.0   0.0   0.0   0.0   0.0   0.0   0.0   0.0   0.0   0.0   0.27  0.0   0.0   0.27  0.0   0.0   0.0   0.0   0.45  0.0   
131   L     0.0   0.0   0.0   0.0   0.0   0.0   0.0   0.0   0.0   0.27  0.27  0.0   0.0   0.0   0.0   0.0   0.0   0.0   0.0   0.45  
132   F     0.0   0.0   0.0   0.0   0.0   0.0   0.0   0.0   0.0   0.0   0.0   0.0   0.0   0.27  0.0   0.0   0.0   0.0   0.27  0.45  
133   G     0.0   0.0   0.0   0.0   0.0   0.0   0.0   1.0   0.0   0.0   0.0   0.0   0.0   0.0   0.0   0.0   0.0   0.0   0.0   0.0   
134   L     0.0   0.0   0.0   0.0   0.0   0.0   0.0   0.0   0.0   0.0   0.55  0.0   0.0   0.0   0.0   0.0   0.45  0.0   0.0   0.0   
135   L     0.0   0.0   0.0   0.0   0.0   0.0   0.0   0.0   0.0   0.0   0.73  0.0   0.27  0.0   0.0   0.0   0.0   0.0   0.0   0.0   
136   N     0.0   0.0   0.27  0.0   0.0   0.73  0.0   0.0   0.0   0.0   0.0   0.0   0.0   0.0   0.0   0.0   0.0   0.0   0.0   0.0   
137   I     0.0   0.0   0.0   0.0   0.0   0.0   0.0   0.0   0.0   0.27  0.0   0.0   0.0   0.0   0.73  0.0   0.0   0.0   0.0   0.0   
138   K     0.0   0.0   0.0   0.0   0.0   0.0   0.0   0.0   0.0   0.0   0.0   1.0   0.0   0.0   0.0   0.0   0.0   0.0   0.0   0.0   
139   Y     0.0   0.0   0.0   0.0   0.0   0.0   0.0   0.0   0.0   0.0   0.23  0.0   0.0   0.23  0.0   0.0   0.0   0.0   0.55  0.0   
140   R     0.0   0.55  0.0   0.0   0.0   0.0   0.0   0.0   0.0   0.0   0.0   0.45  0.0   0.0   0.0   0.0   0.0   0.0   0.0   0.0   
141   K     0.0   0.45  0.0   0.0   0.0   0.0   0.27  0.0   0.0   0.0   0.0   0.27  0.0   0.0   0.0   0.0   0.0   0.0   0.0   0.0   
142   H     0.0   0.0   0.0   0.0   0.0   0.0   0.0   0.0   0.27  0.0   0.0   0.0   0.0   0.45  0.0   0.27  0.0   0.0   0.0   0.0   
143   I     0.0   0.0   0.0   0.0   0.0   0.0   0.0   0.0   0.0   0.55  0.45  0.0   0.0   0.0   0.0   0.0   0.0   0.0   0.0   0.0   
144   S     0.0   0.23  0.0   0.0   0.0   0.0   0.0   0.0   0.0   0.0   0.0   0.0   0.0   0.0   0.27  0.5   0.0   0.0   0.0   0.0   
145   R     0.0   0.55  0.0   0.0   0.0   0.0   0.0   0.0   0.23  0.0   0.0   0.0   0.0   0.0   0.0   0.0   0.0   0.0   0.23  0.0   
146   H     0.0   0.0   0.0   0.0   0.0   0.0   0.0   0.0   0.55  0.0   0.0   0.0   0.0   0.0   0.45  0.0   0.0   0.0   0.0   0.0   
147   S     0.0   0.0   0.0   0.0   0.0   0.0   0.27  0.0   0.0   0.0   0.45  0.0   0.0   0.0   0.0   0.27  0.0   0.0   0.0   0.0   
148   V     0.0   0.0   0.0   0.0   0.0   0.0   0.0   0.0   0.0   0.0   0.0   0.0   0.0   0.0   0.45  0.0   0.0   0.0   0.0   0.55  
149   H     0.0   0.0   0.0   0.0   0.0   0.0   0.0   0.0   0.27  0.0   0.0   0.73  0.0   0.0   0.0   0.0   0.0   0.0   0.0   0.0   
150   T     0.0   0.0   0.0   0.0   0.0   0.0   0.0   0.0   0.0   0.0   0.0   0.0   0.0   0.0   0.0   0.0   1.0   0.0   0.0   0.0   
151   F     0.0   0.0   0.0   0.0   0.0   0.0   0.0   0.0   0.0   0.0   0.45  0.0   0.0   0.55  0.0   0.0   0.0   0.0   0.0   0.0   
152   K     0.0   0.27  0.0   0.0   0.0   0.0   0.45  0.0   0.0   0.0   0.0   0.27  0.0   0.0   0.0   0.0   0.0   0.0   0.0   0.0   
153   D     0.0   0.0   0.0   0.27  0.0   0.45  0.27  0.0   0.0   0.0   0.0   0.0   0.0   0.0   0.0   0.0   0.0   0.0   0.0   0.0   
154   L     0.0   0.0   0.0   0.0   0.0   0.0   0.0   0.0   0.0   0.0   1.0   0.0   0.0   0.0   0.0   0.0   0.0   0.0   0.0   0.0   
155   L     0.0   0.0   0.0   0.0   0.0   0.0   0.0   0.0   0.0   0.45  0.55  0.0   0.0   0.0   0.0   0.0   0.0   0.0   0.0   0.0   
156   E     0.0   0.0   0.0   0.27  0.0   0.45  0.27  0.0   0.0   0.0   0.0   0.0   0.0   0.0   0.0   0.0   0.0   0.0   0.0   0.0   
157   Q     0.0   0.73  0.0   0.0   0.0   0.27  0.0   0.0   0.0   0.0   0.0   0.0   0.0   0.0   0.0   0.0   0.0   0.0   0.0   0.0   
158   G     0.0   0.0   0.0   0.0   0.0   0.0   0.0   1.0   0.0   0.0   0.0   0.0   0.0   0.0   0.0   0.0   0.0   0.0   0.0   0.0   
159   R     0.0   0.55  0.0   0.0   0.0   0.0   0.0   0.0   0.0   0.0   0.0   0.23  0.23  0.0   0.0   0.0   0.0   0.0   0.0   0.0   
160   I     0.0   0.0   0.0   0.0   0.0   0.0   0.45  0.0   0.0   0.27  0.0   0.0   0.0   0.0   0.0   0.0   0.27  0.0   0.0   0.0   
161   I     0.0   0.0   0.0   0.0   0.0   0.0   0.0   0.0   0.0   0.27  0.0   0.0   0.0   0.0   0.0   0.0   0.0   0.0   0.0   0.73  
162   E     0.0   0.0   0.0   0.0   0.0   0.45  0.55  0.0   0.0   0.0   0.0   0.0   0.0   0.0   0.0   0.0   0.0   0.0   0.0   0.0   
163   H     0.0   0.31  0.0   0.0   0.0   0.0   0.0   0.39  0.3   0.0   0.0   0.0   0.0   0.0   0.0   0.0   0.0   0.0   0.0   0.0   
164   N     0.0   0.0   0.69  0.0   0.0   0.0   0.0   0.0   0.0   0.0   0.0   0.0   0.0   0.0   0.0   0.0   0.31  0.0   0.0   0.0   
165   N     0.0   0.5   0.5   0.0   0.0   0.0   0.0   0.0   0.0   0.0   0.0   0.0   0.0   0.0   0.0   0.0   0.0   0.0   0.0   0.0   
