             A     R     N     D     C     Q     E     G     H     I     L     K     M     F     P     S     T     W     Y     V
1     G     0.0   0.0   0.8   0.0   0.0   0.0   0.0   0.1   0.0   0.0   0.0   0.0   0.0   0.0   0.0   0.1   0.0   0.0   0.0   0.0   
2     K     0.0   0.29  0.0   0.0   0.0   0.0   0.0   0.11  0.0   0.0   0.0   0.4   0.0   0.0   0.0   0.05  0.0   0.0   0.08  0.07  
3     M     0.2   0.0   0.0   0.0   0.0   0.0   0.0   0.31  0.0   0.06  0.02  0.06  0.06  0.16  0.0   0.0   0.0   0.0   0.04  0.08  
4     F     0.0   0.0   0.0   0.0   0.0   0.0   0.0   0.0   0.0   0.21  0.14  0.0   0.33  0.16  0.0   0.0   0.0   0.0   0.06  0.1   
5     F     0.08  0.0   0.0   0.0   0.0   0.0   0.0   0.0   0.0   0.2   0.17  0.0   0.02  0.08  0.0   0.0   0.0   0.0   0.07  0.38  
6     V     0.17  0.0   0.0   0.0   0.02  0.0   0.0   0.0   0.12  0.23  0.09  0.0   0.02  0.07  0.0   0.0   0.06  0.0   0.08  0.14  
7     D     0.0   0.0   0.22  0.69  0.0   0.04  0.05  0.0   0.0   0.0   0.0   0.0   0.0   0.0   0.0   0.0   0.0   0.0   0.0   0.0   
8     L     0.07  0.04  0.0   0.0   0.0   0.02  0.12  0.0   0.0   0.0   0.22  0.0   0.0   0.0   0.12  0.18  0.08  0.0   0.0   0.15  
9     S     0.17  0.02  0.14  0.1   0.0   0.02  0.09  0.03  0.0   0.0   0.02  0.02  0.0   0.0   0.0   0.22  0.16  0.0   0.0   0.0   
10    R     0.02  0.31  0.0   0.02  0.0   0.02  0.03  0.0   0.03  0.0   0.09  0.36  0.0   0.0   0.0   0.03  0.05  0.02  0.0   0.02  
11    C     0.0   0.0   0.0   0.0   1.0   0.0   0.0   0.0   0.0   0.0   0.0   0.0   0.0   0.0   0.0   0.0   0.0   0.0   0.0   0.0   
12    T     0.0   0.0   0.02  0.03  0.0   0.03  0.0   0.0   0.0   0.53  0.05  0.0   0.0   0.0   0.0   0.0   0.26  0.0   0.02  0.05  
13    A     0.07  0.0   0.0   0.06  0.0   0.02  0.0   0.74  0.0   0.0   0.0   0.08  0.0   0.0   0.0   0.03  0.0   0.0   0.0   0.0   
14    C     0.0   0.0   0.0   0.0   1.0   0.0   0.0   0.0   0.0   0.0   0.0   0.0   0.0   0.0   0.0   0.0   0.0   0.0   0.0   0.0   
15    R     0.0   0.19  0.08  0.0   0.0   0.17  0.0   0.11  0.25  0.0   0.02  0.1   0.02  0.0   0.0   0.0   0.03  0.0   0.03  0.0   
16    G     0.25  0.06  0.09  0.06  0.0   0.0   0.02  0.1   0.0   0.02  0.0   0.03  0.0   0.0   0.0   0.09  0.29  0.0   0.0   0.0   
17    C     0.0   0.0   0.0   0.0   1.0   0.0   0.0   0.0   0.0   0.0   0.0   0.0   0.0   0.0   0.0   0.0   0.0   0.0   0.0   0.0   
18    Q     0.07  0.0   0.02  0.02  0.0   0.12  0.31  0.0   0.0   0.03  0.02  0.0   0.09  0.03  0.0   0.07  0.12  0.0   0.0   0.09  
19    I     0.06  0.05  0.03  0.03  0.0   0.03  0.0   0.0   0.0   0.13  0.13  0.0   0.05  0.0   0.0   0.02  0.13  0.0   0.0   0.34  
20    A     0.7   0.0   0.0   0.0   0.0   0.0   0.0   0.05  0.0   0.03  0.0   0.03  0.0   0.0   0.0   0.12  0.07  0.0   0.0   0.0   
21    C     0.0   0.0   0.0   0.0   1.0   0.0   0.0   0.0   0.0   0.0   0.0   0.0   0.0   0.0   0.0   0.0   0.0   0.0   0.0   0.0   
22    K     0.13  0.08  0.03  0.03  0.0   0.03  0.01  0.01  0.0   0.0   0.01  0.37  0.04  0.0   0.06  0.1   0.06  0.0   0.0   0.05  
23    Q     0.05  0.0   0.04  0.13  0.0   0.17  0.24  0.01  0.0   0.02  0.01  0.07  0.03  0.0   0.0   0.05  0.06  0.0   0.0   0.12  
24    W     0.16  0.0   0.0   0.03  0.0   0.0   0.17  0.06  0.0   0.03  0.03  0.01  0.0   0.06  0.0   0.01  0.05  0.25  0.04  0.09  
25    K     0.01  0.01  0.36  0.01  0.0   0.01  0.01  0.01  0.26  0.09  0.01  0.11  0.0   0.0   0.01  0.01  0.09  0.0   0.0   0.01  
26    N     0.01  0.03  0.26  0.19  0.0   0.04  0.04  0.09  0.05  0.01  0.01  0.15  0.0   0.01  0.01  0.01  0.06  0.0   0.01  0.01  
27    L     0.02  0.07  0.04  0.04  0.0   0.03  0.02  0.1   0.01  0.11  0.21  0.07  0.01  0.04  0.01  0.02  0.03  0.0   0.01  0.17  
28    P     0.05  0.06  0.07  0.03  0.01  0.01  0.06  0.03  0.03  0.01  0.02  0.01  0.01  0.01  0.38  0.05  0.06  0.0   0.01  0.07  
29    A     0.14  0.03  0.01  0.15  0.0   0.06  0.15  0.12  0.01  0.01  0.02  0.01  0.03  0.01  0.07  0.04  0.04  0.0   0.01  0.08  
30    E     0.02  0.08  0.06  0.11  0.0   0.08  0.09  0.17  0.03  0.01  0.05  0.01  0.03  0.03  0.04  0.06  0.06  0.04  0.01  0.02  
31    E     0.04  0.06  0.06  0.03  0.0   0.06  0.12  0.06  0.01  0.04  0.02  0.04  0.01  0.03  0.1   0.02  0.05  0.03  0.01  0.21  
32    T     0.1   0.01  0.04  0.02  0.01  0.01  0.06  0.09  0.01  0.01  0.05  0.02  0.01  0.16  0.04  0.15  0.09  0.03  0.09  0.02  
33    R     0.07  0.21  0.03  0.02  0.01  0.06  0.09  0.02  0.02  0.01  0.03  0.07  0.09  0.08  0.07  0.05  0.02  0.02  0.04  0.02  
34    N     0.02  0.09  0.1   0.02  0.04  0.06  0.02  0.07  0.01  0.02  0.11  0.02  0.01  0.04  0.04  0.11  0.05  0.03  0.12  0.02  
35    T     0.06  0.17  0.01  0.04  0.01  0.03  0.06  0.04  0.03  0.03  0.02  0.02  0.01  0.06  0.06  0.09  0.1   0.06  0.01  0.09  
36    G     0.02  0.03  0.07  0.01  0.0   0.08  0.02  0.19  0.03  0.13  0.07  0.07  0.01  0.01  0.01  0.07  0.04  0.0   0.01  0.13  
37    S     0.04  0.04  0.09  0.02  0.01  0.01  0.04  0.12  0.01  0.03  0.06  0.02  0.04  0.06  0.01  0.11  0.07  0.03  0.04  0.16  
38    H     0.02  0.05  0.01  0.04  0.0   0.11  0.07  0.02  0.25  0.01  0.07  0.01  0.01  0.01  0.01  0.02  0.06  0.05  0.06  0.14  
39    Q     0.02  0.04  0.01  0.09  0.06  0.19  0.17  0.02  0.02  0.05  0.04  0.03  0.03  0.01  0.04  0.1   0.01  0.0   0.04  0.03  
40    N     0.07  0.05  0.26  0.03  0.0   0.03  0.09  0.12  0.0   0.01  0.06  0.04  0.0   0.01  0.03  0.05  0.07  0.0   0.01  0.06  
41    P     0.03  0.03  0.13  0.01  0.0   0.01  0.01  0.09  0.08  0.04  0.07  0.03  0.0   0.03  0.26  0.04  0.06  0.03  0.01  0.03  
42    P     0.06  0.09  0.05  0.08  0.06  0.09  0.04  0.05  0.03  0.01  0.02  0.04  0.01  0.01  0.23  0.02  0.03  0.0   0.05  0.03  
43    D     0.02  0.08  0.01  0.28  0.01  0.01  0.11  0.1   0.03  0.01  0.05  0.14  0.01  0.01  0.01  0.02  0.02  0.06  0.01  0.02  
44    L     0.02  0.01  0.03  0.01  0.05  0.03  0.06  0.04  0.0   0.06  0.23  0.12  0.09  0.03  0.03  0.04  0.04  0.03  0.01  0.07  
45    S     0.1   0.03  0.1   0.12  0.06  0.04  0.01  0.12  0.03  0.07  0.02  0.04  0.0   0.03  0.03  0.14  0.01  0.0   0.03  0.01  
46    Y     0.12  0.01  0.03  0.03  0.0   0.01  0.09  0.02  0.04  0.07  0.06  0.01  0.01  0.04  0.09  0.11  0.03  0.0   0.15  0.07  
47    V     0.09  0.05  0.06  0.12  0.01  0.01  0.07  0.06  0.03  0.01  0.08  0.07  0.01  0.03  0.14  0.02  0.04  0.0   0.06  0.04  
48    T     0.13  0.13  0.1   0.04  0.01  0.01  0.02  0.04  0.01  0.04  0.02  0.1   0.01  0.04  0.01  0.1   0.18  0.0   0.01  0.02  
49    L     0.07  0.08  0.12  0.02  0.06  0.01  0.02  0.06  0.01  0.01  0.17  0.02  0.01  0.01  0.04  0.02  0.08  0.11  0.07  0.02  
50    K     0.05  0.01  0.04  0.04  0.01  0.01  0.08  0.04  0.01  0.01  0.05  0.13  0.01  0.07  0.09  0.06  0.13  0.11  0.03  0.02  
51    T     0.02  0.08  0.04  0.01  0.01  0.03  0.07  0.02  0.02  0.12  0.07  0.02  0.01  0.06  0.05  0.02  0.13  0.0   0.01  0.19  
52    V     0.02  0.02  0.03  0.14  0.01  0.03  0.04  0.06  0.01  0.08  0.09  0.02  0.05  0.05  0.02  0.02  0.02  0.02  0.01  0.27  
53    R     0.02  0.29  0.07  0.05  0.01  0.07  0.04  0.02  0.03  0.09  0.05  0.03  0.01  0.01  0.08  0.02  0.03  0.0   0.03  0.03  
54    F     0.02  0.04  0.05  0.02  0.01  0.05  0.07  0.02  0.01  0.11  0.06  0.04  0.04  0.14  0.13  0.02  0.02  0.0   0.03  0.13  
55    T     0.04  0.04  0.08  0.09  0.0   0.08  0.08  0.08  0.09  0.03  0.05  0.01  0.01  0.01  0.01  0.12  0.04  0.03  0.07  0.04  
56    E     0.07  0.01  0.04  0.04  0.0   0.05  0.19  0.04  0.01  0.17  0.02  0.01  0.05  0.01  0.05  0.08  0.06  0.0   0.01  0.09  
57    K     0.02  0.12  0.1   0.05  0.0   0.06  0.12  0.05  0.03  0.01  0.02  0.1   0.03  0.01  0.07  0.04  0.05  0.0   0.04  0.07  
58    S     0.02  0.01  0.04  0.01  0.0   0.05  0.09  0.31  0.01  0.05  0.02  0.01  0.04  0.01  0.1   0.08  0.01  0.0   0.06  0.07  
59    R     0.04  0.2   0.04  0.01  0.02  0.06  0.03  0.17  0.0   0.07  0.02  0.11  0.01  0.01  0.01  0.06  0.07  0.0   0.01  0.04  
60    K     0.03  0.01  0.06  0.05  0.0   0.03  0.2   0.06  0.0   0.11  0.01  0.11  0.0   0.0   0.06  0.04  0.05  0.11  0.0   0.05  
61    G     0.11  0.01  0.02  0.07  0.0   0.01  0.01  0.29  0.05  0.1   0.01  0.04  0.0   0.14  0.01  0.01  0.01  0.0   0.03  0.08  
62    P     0.09  0.01  0.11  0.08  0.0   0.05  0.04  0.06  0.0   0.01  0.08  0.11  0.0   0.01  0.18  0.07  0.01  0.0   0.01  0.08  
63    G     0.05  0.08  0.22  0.06  0.0   0.03  0.08  0.12  0.0   0.01  0.02  0.05  0.0   0.01  0.07  0.04  0.05  0.0   0.04  0.07  
64    I     0.02  0.01  0.04  0.03  0.0   0.03  0.07  0.08  0.05  0.17  0.12  0.01  0.05  0.01  0.01  0.01  0.06  0.06  0.01  0.17  
65    D     0.01  0.07  0.02  0.32  0.02  0.04  0.12  0.01  0.0   0.04  0.01  0.05  0.0   0.09  0.05  0.06  0.06  0.0   0.0   0.01  
66    W     0.05  0.01  0.02  0.01  0.0   0.01  0.09  0.07  0.02  0.04  0.05  0.05  0.06  0.08  0.01  0.03  0.05  0.15  0.16  0.03  
67    L     0.08  0.02  0.19  0.01  0.0   0.01  0.03  0.01  0.02  0.03  0.11  0.06  0.05  0.07  0.01  0.01  0.11  0.0   0.06  0.12  
68    F     0.04  0.01  0.01  0.01  0.0   0.01  0.04  0.01  0.02  0.09  0.03  0.01  0.0   0.23  0.01  0.05  0.09  0.0   0.34  0.01  
69    F     0.04  0.14  0.0   0.05  0.0   0.02  0.04  0.01  0.02  0.13  0.19  0.01  0.04  0.18  0.01  0.01  0.06  0.0   0.0   0.06  
70    P     0.05  0.12  0.0   0.0   0.0   0.0   0.0   0.0   0.0   0.0   0.04  0.08  0.0   0.0   0.59  0.08  0.0   0.0   0.0   0.0   
71    E     0.04  0.14  0.0   0.14  0.0   0.15  0.03  0.0   0.0   0.14  0.02  0.17  0.02  0.0   0.0   0.0   0.05  0.0   0.0   0.08  
72    Q     0.07  0.0   0.0   0.0   0.0   0.19  0.06  0.05  0.0   0.08  0.14  0.08  0.03  0.03  0.05  0.14  0.04  0.0   0.0   0.05  
73    C     0.0   0.0   0.0   0.0   0.94  0.0   0.0   0.0   0.0   0.0   0.0   0.0   0.0   0.0   0.06  0.0   0.0   0.0   0.0   0.0   
74    R     0.0   0.24  0.17  0.0   0.0   0.1   0.07  0.0   0.11  0.06  0.01  0.04  0.18  0.0   0.0   0.0   0.0   0.0   0.0   0.02  
75    H     0.0   0.0   0.0   0.0   0.0   0.27  0.0   0.0   0.67  0.0   0.0   0.06  0.0   0.0   0.0   0.0   0.0   0.0   0.0   0.0   
76    C     0.0   0.0   0.0   0.0   0.9   0.0   0.0   0.0   0.0   0.0   0.0   0.0   0.0   0.0   0.0   0.0   0.0   0.0   0.0   0.06  
77    V     0.1   0.0   0.02  0.09  0.0   0.0   0.35  0.02  0.0   0.05  0.07  0.03  0.0   0.0   0.0   0.05  0.12  0.0   0.0   0.08  
78    E     0.03  0.03  0.28  0.26  0.0   0.0   0.18  0.0   0.05  0.0   0.0   0.04  0.0   0.0   0.0   0.03  0.07  0.0   0.0   0.0   
79    P     0.39  0.0   0.03  0.0   0.04  0.0   0.0   0.0   0.0   0.0   0.0   0.0   0.0   0.0   0.48  0.0   0.02  0.0   0.0   0.0   
80    P     0.14  0.0   0.02  0.0   0.0   0.03  0.05  0.12  0.0   0.0   0.0   0.03  0.0   0.0   0.52  0.07  0.0   0.0   0.0   0.03  
81    C     0.0   0.0   0.0   0.0   0.96  0.0   0.0   0.0   0.0   0.0   0.0   0.0   0.0   0.0   0.04  0.0   0.0   0.0   0.0   0.0   
82    K     0.09  0.09  0.0   0.0   0.0   0.0   0.0   0.0   0.0   0.02  0.13  0.11  0.03  0.0   0.0   0.06  0.06  0.0   0.0   0.38  
83    G     0.16  0.06  0.05  0.03  0.0   0.05  0.19  0.05  0.02  0.0   0.01  0.1   0.0   0.03  0.02  0.11  0.06  0.0   0.03  0.02  
84    Q     0.24  0.01  0.05  0.01  0.06  0.04  0.01  0.02  0.01  0.04  0.02  0.01  0.01  0.01  0.01  0.09  0.09  0.0   0.01  0.25  
85    A     0.14  0.01  0.01  0.01  0.63  0.01  0.01  0.01  0.0   0.01  0.02  0.01  0.0   0.01  0.01  0.01  0.01  0.0   0.01  0.07  
86    D     0.03  0.01  0.05  0.13  0.0   0.01  0.01  0.01  0.0   0.01  0.01  0.01  0.0   0.02  0.67  0.01  0.01  0.0   0.0   0.01  
87    V     0.04  0.04  0.01  0.01  0.0   0.01  0.04  0.01  0.0   0.04  0.02  0.01  0.06  0.01  0.01  0.01  0.04  0.0   0.01  0.6   
88    D     0.05  0.01  0.14  0.1   0.26  0.03  0.05  0.02  0.01  0.01  0.03  0.11  0.01  0.01  0.01  0.05  0.02  0.0   0.01  0.06  
89    L     0.09  0.07  0.02  0.06  0.03  0.02  0.03  0.06  0.01  0.03  0.09  0.03  0.01  0.02  0.27  0.05  0.03  0.01  0.02  0.06  
90    E     0.07  0.02  0.11  0.02  0.01  0.01  0.09  0.02  0.05  0.07  0.03  0.02  0.01  0.01  0.06  0.11  0.19  0.0   0.01  0.08  
91    G     0.02  0.01  0.01  0.07  0.01  0.01  0.1   0.53  0.01  0.01  0.02  0.03  0.01  0.01  0.01  0.07  0.02  0.0   0.01  0.04  
92    A     0.88  0.03  0.0   0.0   0.0   0.0   0.0   0.0   0.0   0.0   0.0   0.05  0.0   0.0   0.0   0.0   0.0   0.0   0.0   0.0   
93    V     0.0   0.0   0.0   0.0   0.02  0.0   0.0   0.0   0.0   0.47  0.14  0.0   0.08  0.02  0.0   0.11  0.07  0.0   0.0   0.06  
94    V     0.0   0.02  0.06  0.02  0.0   0.0   0.0   0.0   0.04  0.17  0.0   0.02  0.0   0.08  0.0   0.16  0.1   0.02  0.26  0.03  
95    K     0.01  0.1   0.03  0.0   0.0   0.12  0.05  0.01  0.06  0.08  0.03  0.37  0.02  0.02  0.0   0.0   0.02  0.03  0.02  0.02  
96    D     0.03  0.25  0.1   0.23  0.0   0.05  0.08  0.02  0.0   0.01  0.01  0.06  0.0   0.0   0.01  0.01  0.03  0.0   0.0   0.1   
97    E     0.03  0.02  0.05  0.2   0.0   0.05  0.38  0.04  0.02  0.0   0.0   0.08  0.0   0.0   0.07  0.02  0.0   0.0   0.04  0.0   
98    T     0.11  0.0   0.02  0.18  0.0   0.05  0.23  0.09  0.03  0.0   0.01  0.12  0.0   0.0   0.05  0.01  0.07  0.0   0.0   0.01  
99    T     0.03  0.01  0.1   0.2   0.0   0.03  0.04  0.07  0.02  0.03  0.07  0.04  0.0   0.03  0.01  0.09  0.18  0.0   0.02  0.01  
100   G     0.08  0.01  0.01  0.09  0.0   0.01  0.01  0.53  0.01  0.01  0.02  0.01  0.01  0.05  0.04  0.02  0.01  0.0   0.03  0.06  
101   A     0.07  0.03  0.01  0.01  0.07  0.03  0.01  0.17  0.02  0.37  0.03  0.01  0.0   0.01  0.01  0.03  0.01  0.0   0.0   0.12  
102   V     0.03  0.0   0.0   0.0   0.0   0.0   0.01  0.01  0.0   0.22  0.03  0.0   0.0   0.0   0.0   0.01  0.03  0.0   0.02  0.61  
103   L     0.05  0.0   0.0   0.1   0.0   0.0   0.0   0.0   0.02  0.11  0.29  0.0   0.02  0.0   0.0   0.02  0.05  0.0   0.0   0.31  
104   F     0.04  0.02  0.02  0.01  0.0   0.14  0.09  0.05  0.06  0.16  0.03  0.01  0.0   0.13  0.01  0.02  0.01  0.0   0.06  0.15  
105   T     0.01  0.04  0.02  0.18  0.0   0.06  0.03  0.01  0.05  0.11  0.07  0.01  0.0   0.0   0.0   0.01  0.13  0.04  0.03  0.2   
106   E     0.0   0.0   0.08  0.42  0.0   0.15  0.13  0.0   0.02  0.01  0.0   0.02  0.0   0.0   0.09  0.06  0.0   0.0   0.0   0.0   
107   L     0.04  0.0   0.04  0.19  0.0   0.06  0.2   0.01  0.03  0.02  0.06  0.15  0.02  0.03  0.02  0.04  0.03  0.0   0.04  0.02  
108   T     0.05  0.04  0.02  0.21  0.0   0.03  0.08  0.01  0.02  0.01  0.04  0.15  0.0   0.01  0.02  0.12  0.14  0.0   0.04  0.01  
109   A     0.12  0.15  0.0   0.0   0.11  0.03  0.0   0.01  0.0   0.04  0.1   0.33  0.0   0.0   0.0   0.01  0.0   0.0   0.0   0.08  
110   K     0.0   0.09  0.0   0.04  0.69  0.0   0.0   0.0   0.0   0.0   0.0   0.14  0.0   0.0   0.0   0.0   0.0   0.0   0.0   0.0   
111   V     0.01  0.01  0.01  0.01  0.0   0.01  0.01  0.07  0.0   0.5   0.07  0.05  0.02  0.01  0.01  0.03  0.02  0.0   0.0   0.15  
112   D     0.05  0.04  0.0   0.13  0.0   0.0   0.0   0.63  0.0   0.0   0.0   0.0   0.0   0.0   0.0   0.04  0.0   0.06  0.03  0.0   
113   G     0.06  0.01  0.0   0.01  0.68  0.0   0.01  0.04  0.0   0.01  0.01  0.06  0.0   0.0   0.01  0.01  0.01  0.0   0.08  0.01  
114   E     0.01  0.22  0.0   0.01  0.0   0.06  0.15  0.16  0.0   0.0   0.08  0.24  0.0   0.0   0.0   0.07  0.0   0.0   0.0   0.0   
115   S     0.15  0.02  0.0   0.0   0.0   0.0   0.06  0.0   0.0   0.05  0.19  0.0   0.04  0.0   0.0   0.1   0.04  0.0   0.29  0.07  
116   V     0.0   0.0   0.0   0.0   0.85  0.0   0.0   0.0   0.0   0.0   0.06  0.0   0.0   0.0   0.0   0.0   0.0   0.0   0.0   0.09  
117   R     0.15  0.03  0.0   0.0   0.0   0.0   0.0   0.02  0.03  0.25  0.07  0.02  0.07  0.0   0.0   0.01  0.07  0.0   0.0   0.28  
118   S     0.13  0.06  0.0   0.06  0.0   0.07  0.11  0.02  0.0   0.06  0.04  0.03  0.04  0.0   0.0   0.17  0.06  0.04  0.01  0.09  
119   A     0.51  0.0   0.0   0.0   0.0   0.0   0.0   0.16  0.0   0.0   0.05  0.02  0.0   0.0   0.0   0.06  0.08  0.0   0.0   0.12  
120   C     0.0   0.0   0.0   0.0   1.0   0.0   0.0   0.0   0.0   0.0   0.0   0.0   0.0   0.0   0.0   0.0   0.0   0.0   0.0   0.0   
121   P     0.04  0.0   0.0   0.0   0.0   0.0   0.0   0.0   0.0   0.0   0.0   0.02  0.0   0.0   0.91  0.04  0.0   0.0   0.0   0.0   
122   Y     0.03  0.0   0.0   0.0   0.0   0.0   0.0   0.0   0.0   0.04  0.0   0.0   0.0   0.25  0.0   0.0   0.0   0.05  0.62  0.0   
123   D     0.06  0.03  0.16  0.14  0.0   0.05  0.0   0.39  0.03  0.0   0.0   0.09  0.03  0.0   0.0   0.0   0.0   0.0   0.0   0.0   
124   I     0.41  0.0   0.0   0.0   0.0   0.0   0.0   0.04  0.0   0.09  0.03  0.15  0.04  0.0   0.0   0.0   0.03  0.0   0.0   0.19  
125   P     0.04  0.14  0.04  0.0   0.0   0.0   0.0   0.0   0.0   0.31  0.03  0.0   0.11  0.0   0.24  0.0   0.0   0.0   0.0   0.06  
126   R     0.05  0.14  0.02  0.0   0.01  0.05  0.08  0.0   0.0   0.0   0.02  0.04  0.0   0.07  0.0   0.07  0.06  0.0   0.32  0.04  
127   I     0.02  0.02  0.0   0.0   0.0   0.0   0.0   0.03  0.0   0.23  0.12  0.04  0.02  0.18  0.0   0.0   0.0   0.06  0.1   0.17  
128   D     0.03  0.04  0.35  0.22  0.0   0.03  0.11  0.03  0.03  0.0   0.01  0.0   0.0   0.0   0.02  0.02  0.0   0.0   0.0   0.08  
129   P     0.12  0.0   0.0   0.03  0.0   0.0   0.19  0.08  0.02  0.0   0.02  0.04  0.02  0.02  0.22  0.05  0.03  0.11  0.03  0.01  
130   V     0.07  0.0   0.07  0.03  0.0   0.09  0.18  0.04  0.0   0.05  0.02  0.13  0.0   0.03  0.0   0.03  0.03  0.0   0.0   0.2   
131   T     0.05  0.07  0.06  0.15  0.0   0.05  0.05  0.05  0.05  0.02  0.01  0.15  0.02  0.0   0.0   0.08  0.17  0.0   0.0   0.0   
132   K     0.14  0.04  0.22  0.02  0.0   0.03  0.0   0.26  0.0   0.0   0.0   0.2   0.0   0.0   0.02  0.02  0.05  0.0   0.0   0.0   
133   R     0.04  0.12  0.04  0.0   0.0   0.04  0.03  0.0   0.08  0.05  0.02  0.14  0.0   0.0   0.02  0.05  0.14  0.0   0.0   0.23  
134   L     0.39  0.05  0.0   0.0   0.0   0.0   0.03  0.0   0.0   0.05  0.04  0.0   0.1   0.0   0.02  0.09  0.03  0.0   0.0   0.19  
135   S     0.06  0.0   0.08  0.17  0.0   0.1   0.18  0.0   0.05  0.03  0.05  0.03  0.0   0.0   0.0   0.05  0.08  0.0   0.08  0.04  
136   K     0.0   0.04  0.0   0.0   0.0   0.0   0.04  0.0   0.0   0.04  0.0   0.84  0.0   0.0   0.0   0.0   0.0   0.0   0.0   0.03  
137   C     0.0   0.0   0.0   0.0   0.96  0.0   0.0   0.0   0.0   0.0   0.0   0.0   0.0   0.0   0.0   0.0   0.0   0.04  0.0   0.0   
138   D     0.0   0.0   0.06  0.3   0.0   0.0   0.06  0.0   0.0   0.23  0.0   0.03  0.0   0.0   0.0   0.0   0.24  0.0   0.02  0.05  
139   M     0.0   0.0   0.0   0.0   0.0   0.0   0.0   0.22  0.0   0.0   0.32  0.04  0.13  0.27  0.0   0.0   0.03  0.0   0.0   0.0   
140   C     0.0   0.0   0.0   0.0   1.0   0.0   0.0   0.0   0.0   0.0   0.0   0.0   0.0   0.0   0.0   0.0   0.0   0.0   0.0   0.0   
141   N     0.1   0.03  0.11  0.03  0.0   0.0   0.04  0.13  0.08  0.04  0.02  0.06  0.0   0.05  0.0   0.04  0.0   0.01  0.17  0.07  
142   D     0.01  0.01  0.04  0.29  0.0   0.07  0.05  0.05  0.16  0.01  0.01  0.06  0.0   0.01  0.17  0.04  0.01  0.0   0.0   0.01  
143   R     0.02  0.6   0.07  0.06  0.0   0.01  0.02  0.02  0.01  0.01  0.06  0.01  0.01  0.03  0.01  0.02  0.01  0.0   0.01  0.02  
144   V     0.05  0.01  0.01  0.03  0.01  0.01  0.06  0.02  0.01  0.22  0.22  0.02  0.01  0.08  0.02  0.04  0.02  0.0   0.01  0.16  
145   Q     0.13  0.01  0.01  0.1   0.0   0.04  0.23  0.02  0.01  0.01  0.02  0.03  0.03  0.03  0.04  0.14  0.07  0.0   0.01  0.06  
146   N     0.11  0.03  0.09  0.13  0.01  0.05  0.13  0.1   0.01  0.01  0.02  0.1   0.01  0.01  0.01  0.08  0.03  0.0   0.01  0.05  
147   G     0.08  0.04  0.02  0.02  0.01  0.02  0.05  0.51  0.01  0.02  0.03  0.02  0.01  0.01  0.06  0.03  0.04  0.0   0.01  0.02  
148   L     0.03  0.03  0.02  0.04  0.01  0.16  0.05  0.05  0.01  0.04  0.15  0.2   0.03  0.05  0.02  0.03  0.02  0.0   0.01  0.05  
149   L     0.09  0.04  0.02  0.06  0.01  0.06  0.09  0.05  0.01  0.02  0.15  0.06  0.05  0.01  0.13  0.04  0.07  0.0   0.01  0.04  
150   P     0.02  0.01  0.01  0.01  0.0   0.03  0.02  0.02  0.01  0.01  0.02  0.04  0.01  0.01  0.62  0.02  0.11  0.0   0.01  0.02  
151   A     0.48  0.05  0.01  0.01  0.0   0.01  0.01  0.06  0.0   0.11  0.04  0.01  0.0   0.03  0.01  0.03  0.04  0.0   0.0   0.09  
152   C     0.0   0.0   0.0   0.0   1.0   0.0   0.0   0.0   0.0   0.0   0.0   0.0   0.0   0.0   0.0   0.0   0.0   0.0   0.0   0.0   
153   V     0.12  0.0   0.0   0.0   0.0   0.0   0.03  0.0   0.0   0.05  0.0   0.02  0.01  0.0   0.0   0.1   0.02  0.0   0.0   0.65  
154   K     0.18  0.04  0.02  0.01  0.0   0.0   0.45  0.0   0.04  0.0   0.02  0.12  0.0   0.0   0.03  0.03  0.04  0.0   0.0   0.02  
155   T     0.35  0.0   0.07  0.02  0.0   0.05  0.0   0.0   0.0   0.04  0.0   0.0   0.04  0.0   0.0   0.09  0.15  0.0   0.02  0.17  
156   C     0.0   0.0   0.0   0.0   1.0   0.0   0.0   0.0   0.0   0.0   0.0   0.0   0.0   0.0   0.0   0.0   0.0   0.0   0.0   0.0   
157   P     0.0   0.0   0.0   0.0   0.0   0.0   0.0   0.02  0.0   0.0   0.0   0.03  0.0   0.0   0.77  0.06  0.0   0.0   0.0   0.13  
158   T     0.07  0.0   0.04  0.03  0.0   0.0   0.02  0.18  0.03  0.0   0.04  0.05  0.0   0.0   0.02  0.04  0.44  0.0   0.0   0.06  
159   G     0.0   0.2   0.04  0.08  0.0   0.09  0.04  0.34  0.03  0.0   0.0   0.16  0.0   0.0   0.0   0.02  0.0   0.0   0.0   0.0   
160   T     0.75  0.0   0.0   0.0   0.04  0.0   0.0   0.0   0.0   0.08  0.02  0.0   0.03  0.0   0.0   0.0   0.05  0.0   0.0   0.03  
161   M     0.0   0.17  0.0   0.0   0.0   0.0   0.0   0.0   0.0   0.2   0.48  0.0   0.13  0.0   0.0   0.0   0.0   0.0   0.0   0.02  
162   N     0.02  0.06  0.07  0.06  0.0   0.06  0.03  0.0   0.06  0.1   0.12  0.06  0.0   0.03  0.0   0.06  0.15  0.0   0.05  0.05  
163   F     0.02  0.0   0.0   0.0   0.05  0.04  0.0   0.0   0.0   0.06  0.2   0.04  0.11  0.34  0.0   0.0   0.0   0.02  0.08  0.04  
164   G     0.06  0.03  0.03  0.04  0.0   0.04  0.0   0.51  0.0   0.06  0.02  0.0   0.04  0.0   0.0   0.0   0.06  0.0   0.0   0.12  
165   D     0.04  0.08  0.09  0.35  0.0   0.0   0.07  0.0   0.04  0.0   0.0   0.02  0.0   0.04  0.04  0.08  0.11  0.0   0.04  0.0   
166   E     0.03  0.11  0.02  0.09  0.0   0.0   0.21  0.02  0.0   0.09  0.13  0.05  0.05  0.09  0.0   0.02  0.0   0.03  0.0   0.05  
167   Q     0.04  0.08  0.07  0.33  0.0   0.02  0.13  0.0   0.02  0.0   0.0   0.13  0.0   0.0   0.0   0.06  0.02  0.0   0.06  0.03  
168   E     0.05  0.02  0.05  0.28  0.0   0.0   0.29  0.0   0.0   0.04  0.03  0.03  0.0   0.0   0.0   0.07  0.11  0.0   0.02  0.0   
169   M     0.0   0.02  0.0   0.02  0.0   0.0   0.17  0.0   0.0   0.14  0.26  0.02  0.12  0.0   0.18  0.02  0.02  0.0   0.0   0.04  
170   L     0.09  0.06  0.05  0.08  0.0   0.13  0.23  0.0   0.02  0.04  0.06  0.06  0.02  0.0   0.0   0.04  0.07  0.0   0.0   0.05  
171   A     0.25  0.12  0.0   0.02  0.0   0.03  0.05  0.11  0.02  0.12  0.02  0.05  0.03  0.0   0.0   0.15  0.03  0.0   0.0   0.0   
172   L     0.09  0.04  0.0   0.0   0.0   0.04  0.08  0.0   0.0   0.07  0.23  0.08  0.14  0.0   0.07  0.04  0.02  0.0   0.02  0.07  
173   A     0.37  0.04  0.0   0.0   0.0   0.03  0.0   0.02  0.02  0.15  0.02  0.03  0.02  0.0   0.04  0.09  0.0   0.0   0.0   0.17  
174   E     0.04  0.03  0.02  0.0   0.0   0.15  0.2   0.02  0.12  0.0   0.0   0.16  0.0   0.0   0.0   0.2   0.04  0.0   0.02  0.0   
175   K     0.09  0.05  0.02  0.05  0.0   0.07  0.21  0.0   0.0   0.1   0.02  0.3   0.0   0.0   0.0   0.02  0.05  0.0   0.0   0.03  
176   R     0.03  0.35  0.0   0.0   0.0   0.0   0.14  0.0   0.04  0.02  0.14  0.2   0.02  0.0   0.0   0.0   0.0   0.0   0.02  0.03  
177   L     0.15  0.11  0.05  0.0   0.0   0.03  0.05  0.0   0.0   0.14  0.21  0.0   0.0   0.0   0.0   0.0   0.0   0.0   0.0   0.25  
178   A     0.43  0.25  0.0   0.03  0.0   0.0   0.1   0.0   0.02  0.0   0.0   0.07  0.0   0.0   0.0   0.0   0.05  0.0   0.03  0.0   
179   E     0.0   0.12  0.0   0.1   0.0   0.11  0.25  0.0   0.0   0.0   0.14  0.11  0.0   0.0   0.0   0.03  0.05  0.0   0.0   0.08  
180   V     0.18  0.0   0.11  0.05  0.0   0.07  0.0   0.0   0.03  0.11  0.12  0.11  0.0   0.0   0.0   0.0   0.0   0.03  0.09  0.07  
181   K     0.1   0.07  0.0   0.0   0.0   0.03  0.08  0.0   0.05  0.03  0.17  0.28  0.0   0.0   0.17  0.0   0.0   0.0   0.0   0.0   
182   K     0.04  0.07  0.0   0.06  0.0   0.05  0.03  0.07  0.0   0.0   0.01  0.24  0.0   0.0   0.0   0.04  0.09  0.0   0.1   0.18  
183   T     0.31  0.07  0.0   0.0   0.0   0.03  0.08  0.07  0.0   0.0   0.07  0.0   0.0   0.0   0.0   0.13  0.08  0.04  0.06  0.04  
184   Y     0.05  0.24  0.0   0.0   0.0   0.04  0.0   0.0   0.05  0.06  0.14  0.0   0.0   0.09  0.0   0.0   0.0   0.0   0.3   0.0   
185   P     0.11  0.0   0.0   0.07  0.0   0.11  0.06  0.0   0.03  0.04  0.04  0.04  0.0   0.0   0.3   0.08  0.07  0.0   0.03  0.0   
186   G     0.0   0.09  0.11  0.09  0.03  0.0   0.0   0.17  0.07  0.0   0.13  0.16  0.0   0.0   0.0   0.04  0.04  0.0   0.0   0.04  
187   A     0.4   0.0   0.0   0.08  0.0   0.04  0.12  0.05  0.13  0.0   0.08  0.06  0.0   0.0   0.0   0.0   0.0   0.0   0.0   0.04  
188   V     0.09  0.0   0.04  0.0   0.0   0.04  0.08  0.15  0.09  0.0   0.0   0.09  0.0   0.0   0.04  0.05  0.0   0.0   0.05  0.28  
189   L     0.0   0.0   0.0   0.0   0.0   0.0   0.04  0.0   0.05  0.0   0.42  0.0   0.0   0.21  0.04  0.11  0.0   0.0   0.09  0.03  
190   G     0.0   0.0   0.0   0.0   0.05  0.0   0.04  0.3   0.0   0.0   0.24  0.0   0.0   0.0   0.0   0.07  0.05  0.0   0.19  0.05  
191   D     0.0   0.0   0.09  0.54  0.0   0.05  0.06  0.0   0.0   0.0   0.0   0.06  0.0   0.0   0.06  0.0   0.11  0.0   0.0   0.0   
192   P     0.08  0.06  0.0   0.0   0.0   0.12  0.1   0.06  0.0   0.0   0.0   0.0   0.0   0.0   0.45  0.0   0.05  0.0   0.0   0.06  
193   N     0.04  0.0   0.24  0.06  0.0   0.18  0.15  0.0   0.04  0.0   0.0   0.05  0.0   0.0   0.14  0.0   0.11  0.0   0.0   0.0   
194   D     0.0   0.0   0.11  0.39  0.0   0.0   0.0   0.16  0.0   0.06  0.0   0.0   0.06  0.0   0.13  0.05  0.06  0.0   0.0   0.0   
195   V     0.0   0.0   0.0   0.0   0.0   0.0   0.0   0.06  0.0   0.0   0.13  0.0   0.0   0.0   0.3   0.09  0.0   0.0   0.0   0.39  
196   R     0.0   0.2   0.06  0.0   0.0   0.0   0.05  0.07  0.24  0.0   0.0   0.17  0.0   0.05  0.0   0.1   0.0   0.0   0.07  0.0   
197   V     0.0   0.0   0.0   0.0   0.0   0.0   0.0   0.0   0.07  0.0   0.0   0.0   0.0   0.0   0.0   0.15  0.07  0.0   0.05  0.66  
198   V     0.2   0.0   0.0   0.0   0.0   0.0   0.0   0.06  0.0   0.33  0.0   0.0   0.12  0.12  0.0   0.0   0.0   0.0   0.06  0.11  
199   Y     0.1   0.0   0.0   0.07  0.0   0.0   0.0   0.0   0.0   0.0   0.0   0.08  0.0   0.07  0.14  0.0   0.0   0.07  0.47  0.0   
200   L     0.0   0.0   0.0   0.0   0.0   0.0   0.0   0.0   0.0   0.08  0.46  0.0   0.08  0.09  0.07  0.0   0.08  0.0   0.0   0.14  
201   F     0.0   0.0   0.0   0.0   0.0   0.11  0.0   0.0   0.0   0.0   0.37  0.0   0.09  0.07  0.09  0.0   0.08  0.0   0.19  0.0   
202   T     0.19  0.0   0.12  0.0   0.0   0.0   0.0   0.0   0.35  0.0   0.13  0.0   0.0   0.0   0.12  0.0   0.09  0.0   0.0   0.0   
203   R     0.0   0.09  0.0   0.0   0.0   0.0   0.1   0.14  0.44  0.0   0.0   0.0   0.0   0.12  0.0   0.0   0.12  0.0   0.0   0.0   
204   D     0.33  0.0   0.1   0.09  0.0   0.0   0.24  0.0   0.0   0.0   0.0   0.0   0.0   0.0   0.0   0.0   0.25  0.0   0.0   0.0   
205   P     0.0   0.0   0.0   0.21  0.0   0.0   0.0   0.0   0.0   0.0   0.0   0.1   0.0   0.0   0.57  0.0   0.0   0.0   0.0   0.13  
206   K     0.0   0.14  0.0   0.0   0.0   0.07  0.1   0.0   0.0   0.0   0.0   0.33  0.0   0.0   0.37  0.0   0.0   0.0   0.0   0.0   
207   D     0.0   0.0   0.0   0.1   0.0   0.14  0.0   0.0   0.11  0.0   0.11  0.15  0.0   0.0   0.38  0.0   0.0   0.0   0.0   0.0   
208   F     0.0   0.0   0.08  0.0   0.0   0.0   0.17  0.0   0.14  0.0   0.0   0.0   0.0   0.24  0.0   0.0   0.0   0.0   0.38  0.0   
209   Y     0.0   0.0   0.0   0.0   0.0   0.0   0.14  0.0   0.11  0.0   0.24  0.0   0.0   0.0   0.0   0.14  0.0   0.0   0.36  0.0   
210   E     0.0   0.0   0.0   0.0   0.0   0.0   0.6   0.0   0.0   0.0   0.0   0.0   0.0   0.0   0.15  0.0   0.0   0.0   0.24  0.0   
211   H     0.0   0.0   0.08  0.28  0.0   0.0   0.0   0.0   0.41  0.0   0.0   0.0   0.0   0.0   0.0   0.0   0.0   0.0   0.22  0.0   
212   A     0.38  0.0   0.0   0.0   0.0   0.0   0.0   0.62  0.0   0.0   0.0   0.0   0.0   0.0   0.0   0.0   0.0   0.0   0.0   0.0   
213   V     0.0   0.0   0.0   0.0   0.0   0.0   0.0   0.0   0.0   0.0   0.51  0.0   0.0   0.0   0.0   0.0   0.0   0.0   0.0   0.49  
214   A     1.0   0.0   0.0   0.0   0.0   0.0   0.0   0.0   0.0   0.0   0.0   0.0   0.0   0.0   0.0   0.0   0.0   0.0   0.0   0.0   
