             A     R     N     D     C     Q     E     G     H     I     L     K     M     F     P     S     T     W     Y     V
1     T     0.0   0.0   0.0   0.0   0.0   0.0   0.0   0.0   0.0   0.0   0.0   0.0   0.0   0.0   0.0   0.11  0.89  0.0   0.0   0.0   
2     H     0.0   0.06  0.17  0.0   0.0   0.13  0.14  0.0   0.43  0.0   0.0   0.05  0.0   0.0   0.0   0.0   0.0   0.0   0.0   0.0   
3     V     0.0   0.0   0.0   0.0   0.0   0.0   0.0   0.0   0.0   0.0   0.0   0.0   0.32  0.0   0.03  0.29  0.05  0.0   0.0   0.31  
4     E     0.0   0.05  0.0   0.04  0.02  0.0   0.07  0.0   0.0   0.0   0.0   0.26  0.0   0.24  0.25  0.0   0.07  0.0   0.0   0.0   
5     V     0.0   0.0   0.0   0.0   0.0   0.0   0.0   0.0   0.0   0.38  0.2   0.02  0.04  0.26  0.0   0.0   0.02  0.0   0.0   0.09  
6     V     0.11  0.0   0.0   0.0   0.22  0.0   0.0   0.0   0.0   0.15  0.06  0.0   0.01  0.0   0.0   0.0   0.01  0.0   0.0   0.43  
7     A     0.23  0.0   0.0   0.0   0.04  0.0   0.0   0.12  0.0   0.0   0.01  0.0   0.0   0.0   0.0   0.18  0.07  0.0   0.0   0.35  
8     T     0.08  0.03  0.0   0.0   0.0   0.0   0.03  0.02  0.0   0.02  0.23  0.02  0.0   0.0   0.21  0.07  0.26  0.0   0.0   0.02  
9     I     0.02  0.0   0.01  0.01  0.0   0.0   0.0   0.04  0.0   0.17  0.11  0.0   0.0   0.0   0.0   0.12  0.27  0.0   0.0   0.25  
10    A     0.1   0.02  0.0   0.0   0.0   0.0   0.0   0.0   0.0   0.13  0.17  0.0   0.14  0.04  0.0   0.1   0.05  0.0   0.01  0.23  
11    P     0.05  0.0   0.01  0.01  0.0   0.0   0.04  0.18  0.0   0.02  0.02  0.02  0.0   0.03  0.57  0.02  0.01  0.0   0.0   0.02  
12    Q     0.09  0.11  0.06  0.21  0.0   0.06  0.04  0.0   0.0   0.07  0.0   0.14  0.0   0.03  0.1   0.01  0.01  0.0   0.03  0.03  
13    L     0.0   0.02  0.04  0.07  0.0   0.02  0.1   0.0   0.03  0.13  0.21  0.04  0.02  0.01  0.0   0.11  0.08  0.0   0.0   0.1   
14    Y     0.03  0.1   0.06  0.08  0.03  0.01  0.05  0.01  0.0   0.09  0.15  0.06  0.0   0.09  0.0   0.11  0.04  0.0   0.02  0.04  
15    I     0.1   0.01  0.03  0.05  0.04  0.01  0.12  0.02  0.0   0.21  0.19  0.01  0.0   0.01  0.04  0.03  0.06  0.0   0.01  0.07  
16    E     0.14  0.01  0.01  0.12  0.0   0.02  0.34  0.05  0.01  0.01  0.01  0.03  0.0   0.01  0.04  0.11  0.04  0.0   0.0   0.04  
17    E     0.23  0.02  0.01  0.07  0.0   0.05  0.18  0.07  0.0   0.02  0.07  0.09  0.0   0.0   0.01  0.04  0.09  0.0   0.0   0.03  
18    T     0.14  0.03  0.07  0.18  0.0   0.06  0.12  0.0   0.01  0.0   0.02  0.12  0.02  0.02  0.02  0.04  0.09  0.0   0.01  0.05  
19    L     0.16  0.01  0.02  0.06  0.02  0.05  0.05  0.01  0.01  0.12  0.1   0.07  0.03  0.03  0.03  0.03  0.04  0.0   0.01  0.17  
20    I     0.06  0.02  0.0   0.0   0.01  0.01  0.08  0.01  0.0   0.14  0.35  0.05  0.04  0.04  0.01  0.09  0.02  0.01  0.0   0.03  
21    Q     0.01  0.05  0.05  0.15  0.0   0.07  0.23  0.02  0.0   0.02  0.06  0.17  0.0   0.0   0.04  0.12  0.01  0.0   0.0   0.0   
22    K     0.12  0.02  0.05  0.13  0.0   0.12  0.08  0.01  0.0   0.06  0.1   0.12  0.0   0.01  0.0   0.07  0.08  0.0   0.0   0.03  
23    I     0.09  0.01  0.0   0.0   0.0   0.02  0.02  0.01  0.0   0.37  0.31  0.02  0.0   0.0   0.02  0.02  0.01  0.0   0.0   0.09  
24    N     0.05  0.03  0.05  0.1   0.02  0.04  0.13  0.02  0.01  0.05  0.11  0.16  0.0   0.0   0.08  0.07  0.06  0.0   0.0   0.02  
25    H     0.11  0.08  0.04  0.05  0.0   0.03  0.16  0.01  0.02  0.02  0.04  0.13  0.0   0.0   0.03  0.17  0.02  0.0   0.02  0.06  
26    R     0.2   0.08  0.01  0.02  0.0   0.02  0.09  0.02  0.01  0.1   0.08  0.1   0.02  0.05  0.02  0.06  0.01  0.0   0.02  0.08  
27    I     0.06  0.01  0.01  0.03  0.01  0.03  0.09  0.01  0.0   0.07  0.17  0.06  0.0   0.02  0.02  0.1   0.15  0.0   0.04  0.09  
28    D     0.14  0.03  0.03  0.11  0.0   0.04  0.19  0.03  0.04  0.03  0.04  0.1   0.01  0.02  0.01  0.05  0.05  0.0   0.03  0.06  
29    A     0.12  0.0   0.01  0.13  0.0   0.0   0.05  0.44  0.0   0.01  0.02  0.08  0.0   0.0   0.0   0.06  0.03  0.0   0.01  0.02  
30    I     0.35  0.0   0.0   0.0   0.14  0.0   0.0   0.0   0.0   0.07  0.05  0.03  0.0   0.05  0.02  0.11  0.01  0.0   0.0   0.14  
31    D     0.02  0.02  0.06  0.8   0.0   0.0   0.04  0.01  0.02  0.0   0.0   0.0   0.0   0.0   0.0   0.01  0.01  0.0   0.0   0.0   
32    V     0.28  0.0   0.0   0.0   0.06  0.0   0.0   0.01  0.0   0.28  0.23  0.0   0.0   0.06  0.0   0.0   0.0   0.0   0.01  0.07  
33    L     0.03  0.0   0.0   0.0   0.0   0.0   0.0   0.0   0.0   0.25  0.18  0.0   0.0   0.03  0.0   0.0   0.0   0.0   0.08  0.43  
34    E     0.0   0.0   0.0   0.0   0.0   0.0   1.0   0.0   0.0   0.0   0.0   0.0   0.0   0.0   0.0   0.0   0.0   0.0   0.0   0.0   
35    L     0.0   0.0   0.0   0.0   0.0   0.0   0.0   0.0   0.0   0.12  0.44  0.0   0.03  0.11  0.0   0.0   0.0   0.21  0.0   0.09  
36    R     0.0   0.97  0.0   0.0   0.0   0.0   0.0   0.0   0.0   0.03  0.0   0.0   0.0   0.0   0.0   0.0   0.0   0.0   0.0   0.0   
37    I     0.16  0.0   0.0   0.0   0.0   0.0   0.0   0.0   0.0   0.12  0.27  0.0   0.02  0.05  0.0   0.0   0.0   0.0   0.0   0.39  
38    D     0.0   0.0   0.0   1.0   0.0   0.0   0.0   0.0   0.0   0.0   0.0   0.0   0.0   0.0   0.0   0.0   0.0   0.0   0.0   0.0   
39    Q     0.02  0.02  0.0   0.03  0.0   0.06  0.0   0.01  0.05  0.0   0.41  0.0   0.03  0.16  0.0   0.02  0.0   0.01  0.17  0.02  
40    I     0.0   0.01  0.0   0.0   0.0   0.0   0.0   0.0   0.0   0.05  0.55  0.0   0.02  0.2   0.0   0.02  0.0   0.05  0.07  0.01  
41    E     0.08  0.03  0.05  0.06  0.0   0.05  0.25  0.05  0.02  0.0   0.01  0.16  0.01  0.0   0.05  0.06  0.09  0.0   0.0   0.01  
42    N     0.04  0.02  0.11  0.22  0.0   0.04  0.11  0.07  0.02  0.04  0.01  0.11  0.01  0.03  0.0   0.11  0.04  0.0   0.01  0.03  
43    V     0.01  0.06  0.01  0.06  0.0   0.02  0.02  0.02  0.02  0.07  0.07  0.03  0.01  0.07  0.18  0.07  0.08  0.0   0.05  0.15  
44    T     0.02  0.0   0.1   0.24  0.0   0.0   0.14  0.04  0.01  0.0   0.01  0.0   0.0   0.0   0.03  0.28  0.09  0.01  0.0   0.0   
45    V     0.08  0.04  0.01  0.04  0.02  0.02  0.05  0.02  0.01  0.16  0.1   0.04  0.02  0.04  0.11  0.05  0.05  0.01  0.0   0.14  
46    N     0.08  0.04  0.04  0.21  0.0   0.05  0.19  0.05  0.01  0.04  0.09  0.03  0.0   0.01  0.03  0.1   0.01  0.0   0.0   0.02  
47    Q     0.03  0.02  0.03  0.12  0.01  0.07  0.18  0.02  0.0   0.0   0.05  0.05  0.0   0.16  0.04  0.04  0.04  0.01  0.1   0.02  
48    V     0.08  0.0   0.0   0.02  0.0   0.0   0.03  0.0   0.0   0.19  0.11  0.0   0.0   0.03  0.03  0.0   0.0   0.0   0.0   0.47  
49    A     0.27  0.06  0.01  0.04  0.01  0.0   0.08  0.0   0.02  0.04  0.15  0.12  0.01  0.01  0.0   0.11  0.03  0.0   0.0   0.03  
50    E     0.08  0.06  0.03  0.11  0.0   0.0   0.35  0.01  0.01  0.0   0.01  0.12  0.0   0.0   0.07  0.05  0.05  0.0   0.0   0.01  
51    M     0.15  0.0   0.01  0.0   0.0   0.25  0.0   0.01  0.02  0.07  0.14  0.06  0.06  0.04  0.03  0.01  0.05  0.0   0.02  0.07  
52    I     0.1   0.02  0.0   0.01  0.0   0.0   0.01  0.02  0.0   0.32  0.23  0.01  0.04  0.04  0.0   0.01  0.04  0.0   0.05  0.09  
53    T     0.21  0.07  0.01  0.02  0.0   0.05  0.14  0.05  0.02  0.01  0.02  0.08  0.0   0.07  0.03  0.17  0.05  0.0   0.02  0.01  
54    K     0.13  0.02  0.0   0.05  0.0   0.04  0.19  0.03  0.01  0.07  0.12  0.1   0.02  0.05  0.01  0.03  0.09  0.0   0.01  0.04  
55    L     0.08  0.02  0.01  0.01  0.0   0.01  0.01  0.01  0.0   0.17  0.45  0.06  0.02  0.02  0.01  0.01  0.02  0.0   0.04  0.06  
56    K     0.01  0.45  0.02  0.08  0.02  0.05  0.04  0.01  0.01  0.02  0.02  0.1   0.01  0.06  0.03  0.01  0.02  0.0   0.01  0.01  
57    V     0.1   0.09  0.06  0.05  0.01  0.05  0.12  0.02  0.01  0.03  0.07  0.12  0.0   0.01  0.02  0.16  0.04  0.0   0.01  0.02  
58    M     0.14  0.03  0.04  0.02  0.01  0.02  0.02  0.08  0.06  0.05  0.13  0.04  0.05  0.04  0.02  0.08  0.04  0.0   0.07  0.06  
59    Q     0.1   0.07  0.02  0.09  0.01  0.04  0.04  0.02  0.05  0.08  0.12  0.08  0.02  0.04  0.05  0.05  0.08  0.0   0.01  0.05  
60    D     0.03  0.02  0.04  0.04  0.0   0.02  0.06  0.1   0.02  0.05  0.08  0.09  0.01  0.01  0.05  0.09  0.19  0.0   0.04  0.04  
61    S     0.05  0.05  0.08  0.21  0.0   0.03  0.07  0.13  0.0   0.01  0.03  0.04  0.0   0.01  0.03  0.16  0.02  0.0   0.02  0.05  
62    F     0.05  0.02  0.01  0.02  0.01  0.01  0.02  0.01  0.01  0.16  0.32  0.12  0.02  0.04  0.01  0.03  0.02  0.02  0.05  0.05  
63    K     0.02  0.06  0.01  0.03  0.0   0.01  0.02  0.01  0.0   0.01  0.02  0.13  0.0   0.0   0.63  0.01  0.01  0.0   0.0   0.02  
64    L     0.02  0.0   0.0   0.0   0.01  0.0   0.0   0.0   0.0   0.38  0.29  0.0   0.02  0.03  0.02  0.03  0.03  0.0   0.0   0.15  
65    L     0.0   0.0   0.0   0.0   0.0   0.0   0.0   0.0   0.0   0.53  0.28  0.0   0.02  0.0   0.0   0.0   0.0   0.0   0.0   0.16  
66    V     0.1   0.0   0.0   0.0   0.01  0.0   0.0   0.0   0.0   0.05  0.14  0.0   0.0   0.41  0.0   0.0   0.01  0.0   0.09  0.18  
67    T     0.0   0.0   0.0   0.0   0.01  0.0   0.0   0.0   0.0   0.0   0.0   0.0   0.0   0.0   0.0   0.01  0.94  0.0   0.0   0.0   
68    Y     0.0   0.02  0.07  0.0   0.05  0.0   0.0   0.0   0.0   0.23  0.17  0.0   0.0   0.13  0.01  0.01  0.0   0.02  0.08  0.19  
69    R     0.0   0.95  0.0   0.0   0.0   0.0   0.0   0.0   0.0   0.0   0.0   0.02  0.0   0.0   0.0   0.0   0.0   0.0   0.0   0.0   
70    T     0.06  0.08  0.01  0.08  0.0   0.02  0.0   0.01  0.0   0.02  0.02  0.03  0.0   0.0   0.06  0.22  0.39  0.0   0.0   0.0   
71    K     0.09  0.07  0.01  0.02  0.0   0.03  0.1   0.01  0.05  0.03  0.01  0.24  0.0   0.0   0.06  0.08  0.06  0.0   0.01  0.14  
72    L     0.07  0.08  0.04  0.08  0.01  0.01  0.1   0.07  0.0   0.01  0.03  0.12  0.01  0.01  0.02  0.21  0.01  0.08  0.01  0.03  
73    Q     0.01  0.0   0.0   0.04  0.0   0.28  0.58  0.01  0.03  0.0   0.01  0.0   0.0   0.01  0.0   0.01  0.0   0.0   0.0   0.0   
74    G     0.01  0.02  0.0   0.01  0.01  0.0   0.01  0.89  0.0   0.01  0.01  0.01  0.0   0.0   0.01  0.01  0.01  0.0   0.0   0.01  
75    G     0.01  0.0   0.0   0.0   0.0   0.0   0.01  0.92  0.0   0.0   0.01  0.0   0.0   0.0   0.0   0.01  0.0   0.0   0.0   0.01  
76    Y     0.08  0.11  0.07  0.01  0.01  0.07  0.12  0.02  0.07  0.04  0.06  0.16  0.01  0.03  0.01  0.07  0.01  0.0   0.03  0.03  
77    G     0.03  0.07  0.04  0.04  0.0   0.02  0.01  0.08  0.0   0.06  0.03  0.04  0.02  0.29  0.06  0.01  0.01  0.08  0.08  0.04  
78    Q     0.08  0.08  0.02  0.06  0.0   0.06  0.13  0.0   0.0   0.01  0.04  0.11  0.0   0.01  0.23  0.05  0.03  0.0   0.01  0.07  
79    F     0.01  0.02  0.02  0.17  0.05  0.0   0.02  0.21  0.0   0.09  0.12  0.04  0.03  0.11  0.0   0.03  0.0   0.0   0.0   0.06  
80    T     0.08  0.0   0.08  0.2   0.01  0.0   0.06  0.03  0.0   0.0   0.0   0.03  0.0   0.0   0.08  0.27  0.14  0.0   0.0   0.0   
81    N     0.06  0.05  0.1   0.25  0.0   0.02  0.26  0.02  0.02  0.01  0.01  0.03  0.0   0.0   0.09  0.03  0.05  0.0   0.0   0.0   
82    D     0.13  0.04  0.05  0.12  0.0   0.08  0.31  0.04  0.04  0.01  0.0   0.05  0.0   0.01  0.02  0.01  0.01  0.0   0.03  0.04  
83    L     0.14  0.02  0.02  0.14  0.0   0.02  0.31  0.03  0.01  0.02  0.05  0.07  0.0   0.04  0.0   0.03  0.02  0.02  0.05  0.01  
84    Y     0.04  0.28  0.0   0.01  0.0   0.02  0.08  0.02  0.01  0.0   0.04  0.08  0.0   0.01  0.0   0.0   0.01  0.07  0.31  0.03  
85    L     0.14  0.03  0.01  0.02  0.01  0.01  0.08  0.02  0.0   0.21  0.22  0.01  0.02  0.07  0.0   0.0   0.03  0.01  0.02  0.08  
86    N     0.13  0.06  0.05  0.06  0.0   0.04  0.3   0.03  0.01  0.0   0.03  0.15  0.02  0.0   0.0   0.02  0.07  0.0   0.0   0.01  
87    L     0.13  0.02  0.01  0.01  0.0   0.02  0.07  0.0   0.0   0.13  0.32  0.11  0.03  0.04  0.0   0.03  0.0   0.0   0.02  0.04  
88    I     0.0   0.0   0.06  0.0   0.01  0.01  0.0   0.0   0.0   0.14  0.57  0.0   0.03  0.04  0.0   0.0   0.0   0.0   0.13  0.02  
89    S     0.05  0.11  0.03  0.01  0.0   0.08  0.15  0.02  0.01  0.04  0.11  0.15  0.03  0.0   0.0   0.05  0.02  0.0   0.1   0.03  
90    D     0.12  0.15  0.04  0.06  0.0   0.02  0.19  0.0   0.02  0.01  0.06  0.12  0.03  0.0   0.06  0.06  0.06  0.0   0.01  0.0   
91    L     0.18  0.0   0.01  0.0   0.01  0.0   0.0   0.0   0.01  0.1   0.42  0.0   0.03  0.02  0.0   0.01  0.03  0.0   0.03  0.15  
92    A     0.42  0.0   0.03  0.0   0.03  0.0   0.03  0.11  0.0   0.13  0.09  0.0   0.05  0.01  0.0   0.05  0.01  0.0   0.01  0.03  
93    N     0.04  0.07  0.04  0.05  0.0   0.04  0.14  0.01  0.0   0.09  0.14  0.17  0.02  0.02  0.06  0.04  0.02  0.0   0.0   0.04  
94    I     0.04  0.2   0.01  0.02  0.02  0.01  0.04  0.01  0.02  0.06  0.19  0.13  0.0   0.03  0.0   0.09  0.09  0.0   0.03  0.01  
95    N     0.08  0.02  0.1   0.04  0.02  0.03  0.01  0.14  0.06  0.01  0.13  0.12  0.06  0.0   0.02  0.05  0.02  0.02  0.07  0.02  
96    G     0.13  0.01  0.08  0.02  0.02  0.04  0.03  0.32  0.02  0.05  0.1   0.01  0.02  0.03  0.05  0.02  0.01  0.0   0.02  0.01  
97    I     0.14  0.01  0.0   0.01  0.08  0.0   0.02  0.02  0.0   0.07  0.02  0.01  0.02  0.03  0.19  0.03  0.02  0.0   0.01  0.31  
98    D     0.05  0.02  0.03  0.45  0.0   0.04  0.2   0.02  0.01  0.01  0.01  0.05  0.0   0.02  0.02  0.01  0.03  0.0   0.0   0.01  
99    M     0.1   0.0   0.0   0.0   0.0   0.0   0.0   0.0   0.0   0.06  0.12  0.0   0.1   0.17  0.0   0.0   0.0   0.04  0.38  0.02  
100   I     0.01  0.0   0.0   0.0   0.02  0.0   0.0   0.0   0.0   0.33  0.2   0.0   0.01  0.02  0.0   0.0   0.03  0.0   0.06  0.33  
101   D     0.0   0.0   0.0   0.97  0.0   0.0   0.0   0.0   0.0   0.0   0.0   0.0   0.0   0.0   0.0   0.0   0.03  0.0   0.0   0.0   
102   I     0.0   0.0   0.0   0.0   0.01  0.0   0.0   0.0   0.0   0.34  0.27  0.0   0.02  0.06  0.0   0.0   0.0   0.0   0.04  0.26  
103   E     0.0   0.0   0.0   0.09  0.0   0.04  0.85  0.01  0.0   0.0   0.0   0.0   0.0   0.0   0.0   0.0   0.0   0.0   0.0   0.0   
104   W     0.04  0.02  0.0   0.02  0.0   0.0   0.01  0.01  0.0   0.08  0.49  0.04  0.06  0.03  0.0   0.02  0.0   0.05  0.07  0.06  
105   Q     0.07  0.07  0.01  0.12  0.01  0.03  0.03  0.02  0.0   0.01  0.02  0.05  0.01  0.17  0.02  0.19  0.12  0.0   0.03  0.01  
106   A     0.1   0.01  0.04  0.01  0.01  0.02  0.05  0.01  0.02  0.02  0.15  0.02  0.03  0.12  0.01  0.21  0.08  0.03  0.02  0.04  
107   D     0.09  0.02  0.04  0.12  0.0   0.01  0.09  0.1   0.0   0.03  0.06  0.02  0.0   0.02  0.27  0.05  0.03  0.0   0.01  0.01  
108   I     0.03  0.06  0.08  0.11  0.0   0.03  0.23  0.05  0.01  0.08  0.03  0.07  0.0   0.02  0.04  0.09  0.02  0.01  0.01  0.03  
109   D     0.06  0.03  0.06  0.17  0.01  0.04  0.16  0.06  0.01  0.03  0.07  0.11  0.01  0.01  0.02  0.07  0.02  0.0   0.02  0.02  
110   I     0.05  0.02  0.02  0.05  0.01  0.02  0.05  0.06  0.01  0.1   0.23  0.03  0.03  0.03  0.04  0.04  0.06  0.01  0.03  0.12  
111   E     0.12  0.02  0.04  0.03  0.01  0.05  0.23  0.03  0.01  0.08  0.08  0.05  0.03  0.04  0.03  0.05  0.03  0.0   0.01  0.06  
112   K     0.09  0.06  0.04  0.08  0.02  0.06  0.1   0.05  0.03  0.06  0.12  0.07  0.01  0.01  0.02  0.06  0.03  0.0   0.03  0.04  
113   H     0.02  0.12  0.02  0.02  0.01  0.04  0.07  0.04  0.1   0.07  0.12  0.02  0.01  0.04  0.04  0.05  0.02  0.0   0.04  0.15  
114   Q     0.06  0.09  0.02  0.06  0.0   0.08  0.05  0.04  0.01  0.08  0.15  0.19  0.01  0.01  0.01  0.04  0.03  0.0   0.04  0.03  
115   R     0.06  0.24  0.02  0.09  0.0   0.08  0.12  0.02  0.02  0.01  0.04  0.04  0.01  0.01  0.04  0.08  0.06  0.0   0.05  0.01  
116   I     0.14  0.03  0.01  0.02  0.01  0.03  0.02  0.02  0.04  0.1   0.18  0.06  0.01  0.01  0.01  0.05  0.07  0.0   0.02  0.16  
117   I     0.09  0.04  0.01  0.01  0.0   0.01  0.01  0.01  0.0   0.18  0.11  0.01  0.02  0.07  0.01  0.03  0.03  0.0   0.01  0.32  
118   T     0.1   0.07  0.06  0.06  0.0   0.06  0.12  0.04  0.05  0.01  0.04  0.11  0.0   0.01  0.04  0.06  0.12  0.0   0.01  0.03  
119   H     0.09  0.02  0.1   0.04  0.01  0.08  0.16  0.05  0.01  0.04  0.12  0.03  0.0   0.06  0.05  0.03  0.05  0.0   0.04  0.02  
120   L     0.36  0.02  0.01  0.01  0.01  0.01  0.04  0.01  0.0   0.12  0.08  0.04  0.09  0.02  0.01  0.1   0.04  0.0   0.0   0.03  
121   Q     0.02  0.14  0.01  0.01  0.0   0.05  0.04  0.01  0.15  0.04  0.06  0.39  0.0   0.02  0.01  0.02  0.02  0.01  0.0   0.01  
122   Q     0.09  0.07  0.03  0.09  0.0   0.06  0.17  0.16  0.0   0.01  0.01  0.2   0.0   0.0   0.04  0.05  0.01  0.0   0.0   0.01  
123   Y     0.07  0.05  0.08  0.01  0.0   0.03  0.03  0.07  0.07  0.05  0.01  0.06  0.0   0.12  0.02  0.1   0.06  0.0   0.14  0.02  
124   N     0.03  0.04  0.17  0.07  0.0   0.05  0.04  0.2   0.04  0.01  0.02  0.08  0.0   0.03  0.01  0.13  0.02  0.0   0.02  0.03  
125   K     0.08  0.01  0.03  0.03  0.03  0.0   0.01  0.01  0.0   0.1   0.03  0.08  0.0   0.01  0.06  0.07  0.26  0.0   0.01  0.16  
126   E     0.05  0.13  0.07  0.0   0.0   0.06  0.04  0.04  0.03  0.0   0.01  0.41  0.0   0.0   0.02  0.02  0.05  0.01  0.02  0.03  
127   V     0.04  0.02  0.0   0.0   0.03  0.03  0.0   0.0   0.0   0.38  0.13  0.0   0.02  0.0   0.01  0.0   0.05  0.01  0.0   0.27  
128   V     0.0   0.0   0.0   0.0   0.0   0.0   0.0   0.0   0.0   0.68  0.09  0.0   0.02  0.0   0.0   0.0   0.0   0.0   0.0   0.22  
129   I     0.27  0.03  0.0   0.0   0.0   0.0   0.01  0.08  0.0   0.11  0.22  0.0   0.08  0.0   0.0   0.0   0.01  0.0   0.0   0.19  
130   S     0.0   0.0   0.0   0.0   0.02  0.03  0.0   0.0   0.0   0.0   0.0   0.0   0.0   0.0   0.0   0.93  0.02  0.0   0.0   0.0   
131   H     0.02  0.02  0.11  0.0   0.01  0.01  0.0   0.0   0.23  0.03  0.04  0.0   0.0   0.02  0.0   0.05  0.02  0.05  0.34  0.06  
132   H     0.0   0.0   0.01  0.0   0.0   0.01  0.0   0.0   0.94  0.01  0.0   0.0   0.0   0.0   0.0   0.0   0.0   0.0   0.0   0.01  
133   N     0.01  0.0   0.26  0.51  0.0   0.02  0.02  0.01  0.0   0.0   0.01  0.0   0.0   0.0   0.0   0.01  0.06  0.0   0.08  0.01  
134   F     0.02  0.01  0.0   0.01  0.0   0.0   0.01  0.01  0.0   0.04  0.04  0.01  0.0   0.63  0.08  0.04  0.03  0.03  0.01  0.03  
135   E     0.06  0.04  0.08  0.13  0.0   0.08  0.23  0.02  0.07  0.03  0.03  0.05  0.0   0.01  0.02  0.11  0.03  0.0   0.0   0.01  
136   S     0.02  0.1   0.08  0.02  0.0   0.04  0.12  0.23  0.04  0.0   0.01  0.2   0.03  0.01  0.0   0.06  0.02  0.0   0.02  0.0   
137   T     0.02  0.02  0.01  0.01  0.0   0.01  0.05  0.0   0.0   0.0   0.07  0.04  0.02  0.0   0.03  0.04  0.65  0.0   0.0   0.04  
138   P     0.01  0.0   0.0   0.03  0.01  0.0   0.0   0.0   0.0   0.01  0.13  0.0   0.02  0.02  0.69  0.02  0.0   0.02  0.02  0.01  
139   P     0.07  0.04  0.03  0.11  0.01  0.02  0.05  0.02  0.01  0.01  0.05  0.07  0.0   0.0   0.14  0.3   0.06  0.0   0.0   0.02  
140   L     0.04  0.04  0.05  0.02  0.01  0.04  0.04  0.02  0.01  0.06  0.1   0.1   0.01  0.05  0.01  0.06  0.02  0.23  0.04  0.04  
141   D     0.09  0.01  0.05  0.18  0.0   0.04  0.33  0.07  0.0   0.0   0.01  0.05  0.0   0.01  0.03  0.07  0.03  0.02  0.0   0.01  
142   E     0.05  0.01  0.19  0.17  0.0   0.01  0.36  0.0   0.0   0.02  0.0   0.04  0.0   0.0   0.01  0.01  0.04  0.0   0.01  0.05  
143   L     0.02  0.0   0.0   0.0   0.0   0.0   0.01  0.06  0.0   0.19  0.35  0.0   0.14  0.01  0.04  0.01  0.0   0.03  0.01  0.13  
144   Q     0.02  0.06  0.01  0.05  0.0   0.03  0.11  0.01  0.02  0.11  0.07  0.15  0.08  0.01  0.0   0.11  0.04  0.0   0.01  0.09  
145   F     0.08  0.03  0.04  0.03  0.03  0.06  0.18  0.06  0.03  0.0   0.01  0.02  0.01  0.06  0.0   0.13  0.05  0.2   0.01  0.0   
146   I     0.04  0.21  0.0   0.01  0.0   0.01  0.0   0.0   0.0   0.25  0.18  0.13  0.03  0.01  0.0   0.01  0.03  0.02  0.0   0.08  
147   F     0.02  0.01  0.01  0.0   0.0   0.0   0.0   0.0   0.01  0.06  0.34  0.0   0.04  0.09  0.0   0.02  0.0   0.0   0.29  0.12  
148   F     0.05  0.1   0.18  0.11  0.02  0.06  0.16  0.01  0.01  0.03  0.04  0.06  0.0   0.03  0.01  0.08  0.02  0.0   0.03  0.02  
149   K     0.04  0.15  0.03  0.05  0.0   0.14  0.18  0.01  0.03  0.0   0.02  0.26  0.02  0.0   0.0   0.02  0.03  0.0   0.01  0.0   
150   M     0.35  0.0   0.0   0.0   0.02  0.01  0.05  0.06  0.0   0.01  0.07  0.01  0.36  0.03  0.0   0.02  0.0   0.0   0.02  0.0   
151   Q     0.08  0.06  0.02  0.03  0.02  0.17  0.1   0.01  0.03  0.05  0.26  0.02  0.01  0.03  0.0   0.0   0.05  0.0   0.01  0.04  
152   K     0.12  0.09  0.05  0.06  0.0   0.12  0.15  0.01  0.02  0.01  0.04  0.13  0.01  0.0   0.0   0.17  0.04  0.0   0.0   0.0   
153   F     0.1   0.02  0.01  0.0   0.01  0.01  0.05  0.0   0.02  0.05  0.29  0.01  0.06  0.07  0.01  0.06  0.05  0.01  0.14  0.03  
154   N     0.04  0.01  0.11  0.06  0.0   0.02  0.03  0.55  0.01  0.0   0.0   0.02  0.0   0.0   0.03  0.04  0.02  0.0   0.05  0.0   
155   P     0.43  0.01  0.01  0.01  0.03  0.01  0.01  0.09  0.01  0.03  0.03  0.01  0.02  0.02  0.13  0.03  0.03  0.0   0.01  0.08  
156   E     0.02  0.04  0.0   0.75  0.0   0.0   0.04  0.0   0.04  0.0   0.0   0.02  0.0   0.03  0.0   0.02  0.0   0.02  0.0   0.0   
157   Y     0.04  0.0   0.0   0.0   0.0   0.0   0.0   0.0   0.0   0.46  0.13  0.0   0.01  0.02  0.0   0.02  0.02  0.0   0.07  0.22  
158   V     0.15  0.0   0.0   0.0   0.02  0.0   0.0   0.05  0.0   0.17  0.05  0.0   0.01  0.03  0.1   0.0   0.01  0.0   0.08  0.33  
159   K     0.0   0.04  0.0   0.0   0.0   0.01  0.0   0.0   0.0   0.0   0.0   0.95  0.0   0.0   0.0   0.0   0.0   0.0   0.0   0.0   
160   L     0.0   0.0   0.0   0.0   0.0   0.0   0.0   0.0   0.0   0.37  0.31  0.0   0.03  0.11  0.0   0.0   0.0   0.0   0.0   0.18  
161   A     0.6   0.0   0.0   0.0   0.0   0.0   0.0   0.0   0.0   0.05  0.0   0.0   0.0   0.0   0.0   0.01  0.03  0.0   0.0   0.3   
162   V     0.01  0.03  0.0   0.0   0.03  0.0   0.0   0.24  0.0   0.0   0.03  0.0   0.0   0.01  0.01  0.01  0.18  0.0   0.0   0.47  
163   M     0.0   0.03  0.02  0.0   0.0   0.01  0.0   0.0   0.01  0.04  0.01  0.07  0.38  0.04  0.03  0.08  0.16  0.01  0.04  0.08  
164   P     0.46  0.0   0.0   0.0   0.01  0.0   0.0   0.03  0.0   0.0   0.0   0.02  0.0   0.0   0.37  0.05  0.0   0.0   0.03  0.01  
165   H     0.02  0.08  0.14  0.0   0.01  0.16  0.08  0.04  0.07  0.0   0.02  0.22  0.0   0.0   0.0   0.09  0.04  0.0   0.0   0.02  
166   N     0.01  0.03  0.12  0.1   0.02  0.02  0.06  0.06  0.0   0.0   0.01  0.02  0.0   0.0   0.0   0.4   0.12  0.0   0.02  0.0   
167   K     0.04  0.03  0.0   0.02  0.0   0.01  0.1   0.03  0.03  0.08  0.12  0.14  0.05  0.08  0.07  0.06  0.07  0.01  0.03  0.03  
168   N     0.06  0.04  0.06  0.08  0.02  0.18  0.26  0.08  0.01  0.01  0.03  0.06  0.0   0.0   0.0   0.04  0.05  0.0   0.01  0.0   
169   D     0.0   0.01  0.02  0.87  0.0   0.0   0.05  0.0   0.0   0.0   0.0   0.0   0.0   0.0   0.0   0.0   0.0   0.0   0.0   0.02  
170   V     0.05  0.0   0.32  0.0   0.0   0.0   0.01  0.02  0.0   0.01  0.09  0.0   0.0   0.03  0.0   0.01  0.05  0.0   0.0   0.39  
171   L     0.05  0.0   0.0   0.0   0.0   0.0   0.04  0.0   0.0   0.08  0.55  0.01  0.01  0.11  0.0   0.0   0.08  0.01  0.03  0.02  
172   N     0.09  0.14  0.11  0.19  0.0   0.0   0.05  0.02  0.01  0.01  0.01  0.1   0.01  0.01  0.03  0.04  0.15  0.0   0.0   0.05  
173   L     0.0   0.0   0.0   0.03  0.0   0.0   0.01  0.0   0.0   0.14  0.66  0.0   0.02  0.02  0.0   0.0   0.0   0.02  0.01  0.09  
174   L     0.04  0.04  0.0   0.0   0.03  0.01  0.14  0.0   0.0   0.05  0.49  0.01  0.08  0.04  0.03  0.0   0.0   0.0   0.01  0.02  
175   Q     0.06  0.13  0.13  0.04  0.01  0.13  0.14  0.03  0.04  0.03  0.03  0.12  0.0   0.0   0.0   0.07  0.02  0.0   0.02  0.02  
176   A     0.24  0.02  0.0   0.0   0.0   0.03  0.02  0.0   0.0   0.07  0.12  0.01  0.0   0.28  0.0   0.02  0.0   0.0   0.09  0.1   
177   M     0.07  0.12  0.0   0.0   0.0   0.0   0.02  0.0   0.0   0.07  0.08  0.15  0.05  0.02  0.0   0.0   0.34  0.0   0.04  0.04  
178   S     0.09  0.14  0.09  0.04  0.01  0.03  0.09  0.02  0.04  0.04  0.12  0.04  0.01  0.0   0.01  0.11  0.05  0.0   0.01  0.03  
179   T     0.06  0.03  0.06  0.08  0.01  0.05  0.18  0.06  0.02  0.04  0.07  0.09  0.01  0.03  0.0   0.07  0.09  0.06  0.0   0.0   
180   F     0.25  0.04  0.0   0.0   0.02  0.0   0.02  0.0   0.06  0.06  0.1   0.02  0.09  0.12  0.0   0.03  0.02  0.0   0.09  0.06  
181   S     0.1   0.08  0.01  0.05  0.0   0.06  0.1   0.0   0.0   0.01  0.04  0.21  0.0   0.0   0.09  0.12  0.12  0.0   0.01  0.0   
182   D     0.07  0.03  0.1   0.11  0.01  0.1   0.16  0.06  0.05  0.02  0.04  0.1   0.0   0.0   0.01  0.05  0.06  0.0   0.02  0.02  
183   T     0.13  0.01  0.14  0.02  0.0   0.06  0.06  0.04  0.02  0.04  0.03  0.17  0.0   0.01  0.04  0.06  0.08  0.01  0.06  0.02  
184   M     0.13  0.03  0.02  0.02  0.01  0.02  0.05  0.06  0.08  0.04  0.09  0.02  0.02  0.03  0.08  0.08  0.1   0.0   0.04  0.07  
185   D     0.08  0.07  0.06  0.17  0.01  0.01  0.11  0.09  0.02  0.01  0.04  0.06  0.01  0.01  0.05  0.05  0.11  0.0   0.01  0.02  
186   C     0.06  0.08  0.02  0.02  0.03  0.08  0.01  0.07  0.0   0.07  0.06  0.18  0.03  0.02  0.03  0.01  0.07  0.0   0.02  0.14  
187   K     0.02  0.03  0.01  0.02  0.0   0.01  0.06  0.03  0.03  0.02  0.02  0.08  0.02  0.01  0.57  0.03  0.02  0.0   0.01  0.02  
188   V     0.01  0.0   0.0   0.0   0.0   0.0   0.01  0.02  0.0   0.2   0.29  0.02  0.01  0.09  0.03  0.02  0.06  0.0   0.02  0.21  
189   V     0.1   0.0   0.0   0.0   0.06  0.0   0.0   0.0   0.0   0.57  0.06  0.0   0.0   0.0   0.0   0.02  0.03  0.0   0.0   0.15  
190   G     0.37  0.0   0.0   0.0   0.0   0.0   0.0   0.12  0.0   0.02  0.03  0.0   0.0   0.03  0.0   0.03  0.3   0.0   0.02  0.05  
191   I     0.0   0.0   0.0   0.0   0.0   0.0   0.0   0.01  0.0   0.38  0.08  0.0   0.26  0.15  0.0   0.01  0.0   0.0   0.03  0.07  
192   S     0.12  0.0   0.28  0.0   0.11  0.0   0.0   0.07  0.0   0.01  0.01  0.0   0.0   0.0   0.09  0.26  0.02  0.0   0.0   0.02  
193   M     0.01  0.0   0.0   0.0   0.0   0.0   0.0   0.0   0.0   0.0   0.07  0.0   0.87  0.0   0.0   0.0   0.04  0.0   0.0   0.01  
194   S     0.03  0.01  0.0   0.01  0.0   0.01  0.0   0.77  0.0   0.0   0.0   0.01  0.0   0.0   0.0   0.14  0.02  0.0   0.0   0.0   
195   K     0.09  0.07  0.03  0.09  0.0   0.03  0.2   0.08  0.01  0.01  0.01  0.14  0.0   0.0   0.09  0.08  0.04  0.0   0.0   0.03  
196   L     0.07  0.03  0.04  0.02  0.01  0.06  0.04  0.03  0.04  0.03  0.26  0.09  0.02  0.03  0.01  0.05  0.09  0.0   0.02  0.06  
197   G     0.01  0.0   0.0   0.0   0.0   0.0   0.0   0.85  0.0   0.0   0.0   0.0   0.0   0.07  0.0   0.0   0.03  0.0   0.0   0.0   
198   L     0.04  0.19  0.0   0.0   0.0   0.14  0.02  0.01  0.0   0.04  0.1   0.25  0.02  0.0   0.03  0.06  0.03  0.01  0.0   0.05  
199   I     0.04  0.0   0.0   0.0   0.0   0.0   0.0   0.0   0.06  0.22  0.36  0.0   0.02  0.01  0.04  0.02  0.03  0.01  0.06  0.1   
200   S     0.02  0.0   0.0   0.0   0.0   0.0   0.06  0.0   0.0   0.01  0.03  0.0   0.0   0.0   0.0   0.67  0.17  0.0   0.01  0.0   
201   R     0.0   0.95  0.0   0.0   0.0   0.02  0.0   0.0   0.0   0.0   0.0   0.0   0.03  0.0   0.0   0.0   0.0   0.0   0.0   0.0   
202   T     0.06  0.0   0.0   0.0   0.03  0.0   0.0   0.0   0.0   0.34  0.23  0.0   0.02  0.02  0.0   0.0   0.03  0.0   0.01  0.26  
203   A     0.33  0.0   0.0   0.0   0.0   0.0   0.0   0.0   0.0   0.07  0.34  0.0   0.02  0.09  0.0   0.03  0.04  0.0   0.0   0.08  
204   Q     0.14  0.01  0.28  0.0   0.04  0.04  0.0   0.25  0.0   0.02  0.02  0.0   0.0   0.03  0.0   0.15  0.02  0.0   0.0   0.01  
205   G     0.1   0.02  0.02  0.04  0.01  0.02  0.11  0.18  0.0   0.0   0.05  0.02  0.0   0.01  0.22  0.07  0.06  0.03  0.02  0.02  
206   V     0.05  0.02  0.01  0.03  0.0   0.02  0.01  0.01  0.0   0.16  0.31  0.02  0.01  0.02  0.01  0.01  0.05  0.0   0.05  0.21  
207   F     0.02  0.0   0.0   0.0   0.01  0.0   0.0   0.0   0.0   0.03  0.32  0.0   0.02  0.44  0.0   0.0   0.04  0.0   0.11  0.01  
208   G     0.02  0.01  0.01  0.02  0.0   0.04  0.01  0.63  0.0   0.01  0.05  0.01  0.08  0.01  0.01  0.03  0.01  0.0   0.01  0.04  
209   G     0.04  0.0   0.04  0.0   0.0   0.0   0.0   0.09  0.0   0.0   0.0   0.0   0.0   0.0   0.0   0.57  0.26  0.0   0.0   0.0   
210   A     0.14  0.03  0.0   0.04  0.04  0.0   0.02  0.0   0.0   0.04  0.03  0.06  0.01  0.03  0.42  0.08  0.02  0.0   0.03  0.03  
211   L     0.02  0.0   0.0   0.0   0.01  0.0   0.0   0.0   0.0   0.17  0.28  0.0   0.05  0.1   0.0   0.0   0.0   0.07  0.01  0.28  
212   T     0.01  0.0   0.03  0.0   0.0   0.0   0.0   0.03  0.0   0.04  0.02  0.0   0.01  0.0   0.0   0.2   0.61  0.0   0.0   0.06  
213   Y     0.0   0.0   0.0   0.0   0.0   0.01  0.0   0.0   0.19  0.0   0.0   0.0   0.0   0.32  0.0   0.05  0.0   0.0   0.43  0.0   
214   G     0.37  0.0   0.0   0.02  0.05  0.01  0.04  0.23  0.0   0.0   0.0   0.02  0.0   0.0   0.15  0.04  0.02  0.0   0.0   0.04  
215   C     0.18  0.01  0.0   0.01  0.05  0.0   0.0   0.0   0.06  0.01  0.08  0.03  0.02  0.0   0.03  0.31  0.06  0.0   0.09  0.04  
216   I     0.14  0.0   0.0   0.0   0.0   0.01  0.0   0.12  0.0   0.1   0.41  0.0   0.04  0.01  0.0   0.01  0.0   0.0   0.02  0.14  
217   G     0.02  0.03  0.06  0.16  0.0   0.03  0.09  0.19  0.01  0.03  0.0   0.06  0.0   0.0   0.24  0.04  0.03  0.0   0.0   0.01  
218   E     0.04  0.04  0.09  0.06  0.0   0.07  0.2   0.03  0.02  0.0   0.0   0.13  0.01  0.07  0.0   0.18  0.04  0.0   0.01  0.03  
219   P     0.27  0.02  0.01  0.01  0.0   0.0   0.1   0.01  0.0   0.01  0.0   0.14  0.0   0.0   0.22  0.12  0.03  0.0   0.0   0.05  
220   Q     0.23  0.02  0.01  0.02  0.0   0.04  0.0   0.0   0.0   0.03  0.02  0.02  0.0   0.01  0.0   0.35  0.19  0.0   0.0   0.08  
221   A     0.93  0.0   0.0   0.0   0.0   0.0   0.0   0.04  0.0   0.0   0.0   0.0   0.0   0.0   0.0   0.02  0.0   0.0   0.0   0.0   
222   P     0.01  0.0   0.01  0.0   0.0   0.02  0.03  0.0   0.0   0.0   0.0   0.03  0.02  0.0   0.81  0.02  0.02  0.0   0.02  0.01  
223   G     0.0   0.0   0.0   0.0   0.0   0.0   0.0   1.0   0.0   0.0   0.0   0.0   0.0   0.0   0.0   0.0   0.0   0.0   0.0   0.0   
224   Q     0.01  0.0   0.0   0.0   0.0   0.97  0.0   0.0   0.0   0.0   0.02  0.0   0.0   0.0   0.0   0.0   0.0   0.0   0.0   0.0   
225   I     0.0   0.0   0.0   0.0   0.0   0.0   0.0   0.0   0.0   0.27  0.39  0.0   0.07  0.06  0.06  0.0   0.0   0.0   0.06  0.08  
226   D     0.04  0.02  0.01  0.14  0.0   0.01  0.01  0.02  0.1   0.0   0.0   0.02  0.0   0.0   0.1   0.34  0.2   0.0   0.0   0.0   
227   V     0.13  0.0   0.0   0.0   0.0   0.0   0.0   0.0   0.0   0.15  0.25  0.0   0.0   0.04  0.03  0.0   0.0   0.0   0.05  0.36  
228   T     0.18  0.1   0.04  0.1   0.0   0.02  0.16  0.05  0.0   0.0   0.02  0.22  0.0   0.0   0.0   0.08  0.04  0.0   0.0   0.01  
229   D     0.03  0.0   0.02  0.18  0.0   0.15  0.44  0.0   0.0   0.0   0.0   0.04  0.0   0.0   0.0   0.01  0.07  0.0   0.02  0.03  
230   L     0.05  0.0   0.0   0.0   0.0   0.0   0.0   0.0   0.0   0.26  0.38  0.0   0.18  0.01  0.0   0.0   0.05  0.0   0.02  0.06  
231   K     0.0   0.33  0.18  0.01  0.01  0.08  0.01  0.0   0.01  0.03  0.02  0.25  0.0   0.0   0.0   0.01  0.02  0.0   0.01  0.05  
232   A     0.05  0.11  0.03  0.04  0.0   0.14  0.17  0.02  0.02  0.0   0.01  0.21  0.0   0.0   0.01  0.06  0.1   0.0   0.01  0.01  
233   Q     0.19  0.01  0.0   0.0   0.01  0.03  0.01  0.08  0.0   0.31  0.15  0.0   0.03  0.03  0.0   0.0   0.03  0.0   0.01  0.11  
234   V     0.01  0.0   0.0   0.0   0.0   0.0   0.0   0.0   0.0   0.06  0.61  0.01  0.04  0.07  0.0   0.0   0.0   0.01  0.12  0.05  
235   T     0.07  0.02  0.11  0.06  0.0   0.03  0.11  0.01  0.06  0.0   0.01  0.11  0.02  0.01  0.0   0.26  0.09  0.0   0.0   0.01  
236   L     0.0   0.04  0.0   0.0   0.0   0.0   0.0   0.0   0.0   0.24  0.48  0.0   0.1   0.06  0.0   0.0   0.02  0.0   0.0   0.05  
237   Y     0.0   0.0   0.0   0.0   0.0   0.0   0.0   0.0   0.0   0.0   0.0   0.0   0.0   0.49  0.0   0.0   0.0   0.0   0.51  0.0   
