             A     R     N     D     C     Q     E     G     H     I     L     K     M     F     P     S     T     W     Y     V
1     M     0.0   0.0   0.0   0.0   0.0   0.0   0.0   0.0   0.0   0.0   0.0   0.0   0.0   0.0   0.0   0.0   0.0   0.0   0.0   0.0   
2     Q     0.0   0.0   0.0   0.0   0.0   0.47  0.07  0.0   0.0   0.0   0.0   0.46  0.0   0.0   0.0   0.0   0.0   0.0   0.0   0.0   
3     N     0.0   0.0   0.97  0.0   0.0   0.0   0.0   0.0   0.0   0.0   0.0   0.0   0.0   0.0   0.0   0.03  0.0   0.0   0.0   0.0   
4     S     0.03  0.0   0.0   0.0   0.0   0.06  0.0   0.0   0.0   0.0   0.03  0.0   0.03  0.0   0.0   0.52  0.14  0.0   0.16  0.05  
5     V     0.0   0.0   0.0   0.0   0.0   0.0   0.0   0.0   0.0   0.13  0.34  0.0   0.0   0.0   0.0   0.0   0.0   0.0   0.0   0.53  
6     I     0.07  0.0   0.0   0.05  0.0   0.0   0.08  0.0   0.11  0.09  0.0   0.0   0.0   0.0   0.0   0.36  0.18  0.0   0.0   0.04  
7     I     0.0   0.0   0.0   0.0   0.0   0.0   0.0   0.0   0.0   0.48  0.1   0.0   0.0   0.0   0.0   0.0   0.0   0.11  0.0   0.31  
8     V     0.01  0.0   0.0   0.0   0.0   0.04  0.0   0.01  0.0   0.11  0.13  0.05  0.0   0.0   0.0   0.0   0.14  0.0   0.0   0.49  
9     D     0.0   0.06  0.26  0.2   0.0   0.02  0.0   0.16  0.0   0.0   0.0   0.06  0.0   0.0   0.0   0.22  0.0   0.0   0.0   0.0   
10    K     0.14  0.0   0.02  0.0   0.0   0.0   0.28  0.02  0.0   0.04  0.0   0.04  0.02  0.0   0.29  0.09  0.04  0.0   0.0   0.02  
11    N     0.11  0.0   0.27  0.27  0.0   0.0   0.16  0.0   0.11  0.0   0.0   0.0   0.0   0.0   0.0   0.04  0.04  0.0   0.0   0.0   
12    G     0.01  0.0   0.0   0.05  0.0   0.0   0.03  0.74  0.0   0.0   0.01  0.0   0.0   0.0   0.0   0.13  0.0   0.0   0.0   0.0   
13    R     0.0   0.04  0.19  0.1   0.0   0.0   0.0   0.05  0.0   0.07  0.0   0.33  0.0   0.0   0.0   0.13  0.1   0.0   0.0   0.0   
14    L     0.0   0.0   0.06  0.08  0.0   0.0   0.19  0.0   0.0   0.1   0.15  0.07  0.1   0.0   0.0   0.0   0.12  0.0   0.0   0.12  
15    V     0.0   0.0   0.0   0.02  0.0   0.09  0.04  0.07  0.0   0.18  0.2   0.06  0.0   0.06  0.04  0.11  0.0   0.0   0.0   0.13  
16    Y     0.01  0.01  0.01  0.04  0.07  0.01  0.01  0.07  0.09  0.01  0.16  0.01  0.0   0.15  0.01  0.03  0.08  0.0   0.23  0.01  
17    L     0.05  0.0   0.07  0.0   0.0   0.0   0.0   0.01  0.07  0.04  0.27  0.08  0.0   0.0   0.25  0.14  0.0   0.0   0.0   0.0   
18    V     0.02  0.0   0.04  0.18  0.03  0.0   0.05  0.01  0.06  0.0   0.27  0.0   0.07  0.09  0.0   0.03  0.0   0.0   0.0   0.14  
19    E     0.01  0.05  0.0   0.06  0.0   0.12  0.56  0.01  0.03  0.0   0.01  0.0   0.0   0.0   0.04  0.09  0.0   0.0   0.0   0.0   
20    N     0.14  0.03  0.06  0.09  0.0   0.15  0.05  0.0   0.0   0.04  0.0   0.0   0.0   0.0   0.19  0.12  0.1   0.0   0.0   0.04  
21    P     0.19  0.0   0.0   0.0   0.0   0.0   0.06  0.0   0.0   0.06  0.0   0.0   0.04  0.05  0.46  0.06  0.08  0.0   0.0   0.0   
22    G     0.0   0.0   0.0   0.11  0.0   0.06  0.21  0.18  0.0   0.05  0.0   0.0   0.0   0.0   0.2   0.13  0.06  0.0   0.0   0.0   
23    G     0.2   0.0   0.05  0.0   0.0   0.0   0.0   0.31  0.0   0.0   0.0   0.06  0.0   0.0   0.25  0.0   0.03  0.0   0.0   0.08  
24    S     0.0   0.04  0.04  0.0   0.0   0.0   0.0   0.03  0.0   0.03  0.0   0.0   0.05  0.14  0.0   0.06  0.09  0.0   0.52  0.0   
25    V     0.12  0.0   0.0   0.0   0.07  0.0   0.03  0.05  0.19  0.0   0.05  0.0   0.05  0.08  0.0   0.13  0.0   0.0   0.08  0.14  
26    A     0.53  0.0   0.0   0.0   0.0   0.04  0.0   0.17  0.0   0.04  0.04  0.0   0.0   0.0   0.06  0.03  0.04  0.0   0.04  0.0   
27    N     0.0   0.0   0.01  0.0   0.0   0.0   0.04  0.08  0.0   0.0   0.0   0.0   0.0   0.11  0.13  0.04  0.0   0.0   0.58  0.0   
28    S     0.17  0.0   0.0   0.0   0.0   0.08  0.0   0.07  0.0   0.0   0.0   0.0   0.0   0.0   0.04  0.56  0.09  0.0   0.0   0.0   
29    K     0.18  0.0   0.0   0.0   0.0   0.0   0.07  0.05  0.0   0.0   0.0   0.21  0.0   0.0   0.4   0.0   0.0   0.0   0.08  0.0   
30    A     0.14  0.0   0.09  0.0   0.0   0.07  0.05  0.08  0.0   0.02  0.0   0.06  0.0   0.0   0.12  0.29  0.04  0.0   0.0   0.04  
31    A     0.07  0.0   0.0   0.08  0.0   0.05  0.0   0.66  0.0   0.0   0.04  0.0   0.0   0.0   0.0   0.0   0.06  0.0   0.0   0.04  
32    T     0.0   0.0   0.17  0.0   0.0   0.0   0.05  0.15  0.0   0.0   0.0   0.04  0.06  0.04  0.0   0.24  0.25  0.0   0.0   0.0   
33    V     0.23  0.0   0.0   0.0   0.0   0.0   0.0   0.0   0.0   0.07  0.1   0.0   0.08  0.0   0.14  0.0   0.0   0.0   0.0   0.37  
34    T     0.08  0.0   0.04  0.0   0.0   0.05  0.09  0.0   0.0   0.0   0.0   0.09  0.03  0.0   0.0   0.12  0.43  0.0   0.0   0.07  
35    G     0.44  0.0   0.0   0.0   0.0   0.0   0.0   0.56  0.0   0.0   0.0   0.0   0.0   0.0   0.0   0.0   0.0   0.0   0.0   0.0   
36    K     0.0   0.1   0.06  0.16  0.0   0.0   0.28  0.0   0.0   0.0   0.04  0.14  0.0   0.0   0.18  0.0   0.04  0.0   0.0   0.0   
37    L     0.06  0.0   0.0   0.0   0.0   0.0   0.0   0.0   0.0   0.0   0.58  0.0   0.0   0.0   0.03  0.0   0.0   0.0   0.11  0.21  
38    V     0.05  0.0   0.0   0.0   0.0   0.0   0.0   0.0   0.0   0.12  0.0   0.0   0.0   0.0   0.0   0.0   0.0   0.0   0.03  0.81  
39    H     0.04  0.0   0.03  0.06  0.0   0.0   0.03  0.0   0.12  0.0   0.03  0.0   0.0   0.19  0.0   0.0   0.0   0.0   0.45  0.06  
40    A     0.49  0.0   0.03  0.0   0.04  0.0   0.0   0.0   0.0   0.08  0.0   0.0   0.0   0.0   0.07  0.0   0.0   0.0   0.0   0.3   
41    N     0.0   0.0   0.69  0.0   0.0   0.0   0.0   0.09  0.06  0.0   0.0   0.03  0.0   0.0   0.04  0.06  0.03  0.0   0.0   0.0   
42    F     0.04  0.17  0.03  0.04  0.0   0.06  0.0   0.01  0.05  0.03  0.14  0.0   0.03  0.1   0.0   0.01  0.0   0.0   0.28  0.0   
43    G     0.09  0.0   0.03  0.04  0.0   0.0   0.0   0.75  0.0   0.0   0.01  0.04  0.0   0.0   0.0   0.01  0.0   0.0   0.0   0.0   
44    T     0.05  0.26  0.02  0.0   0.09  0.03  0.06  0.0   0.0   0.0   0.03  0.0   0.09  0.0   0.04  0.18  0.13  0.0   0.03  0.0   
45    K     0.13  0.06  0.0   0.0   0.04  0.03  0.15  0.0   0.0   0.08  0.0   0.23  0.0   0.0   0.06  0.02  0.12  0.0   0.0   0.06  
46    K     0.0   0.03  0.04  0.14  0.0   0.0   0.43  0.0   0.0   0.0   0.0   0.22  0.0   0.0   0.0   0.07  0.0   0.0   0.0   0.03  
47    D     0.0   0.0   0.08  0.82  0.0   0.0   0.03  0.0   0.0   0.0   0.0   0.0   0.0   0.0   0.0   0.04  0.0   0.0   0.0   0.0   
48    F     0.06  0.0   0.0   0.0   0.04  0.0   0.0   0.01  0.0   0.0   0.12  0.0   0.0   0.55  0.0   0.01  0.0   0.0   0.18  0.0   
49    E     0.03  0.03  0.0   0.05  0.0   0.06  0.28  0.0   0.03  0.0   0.0   0.21  0.0   0.06  0.0   0.07  0.16  0.0   0.0   0.0   
50    D     0.04  0.15  0.1   0.32  0.0   0.03  0.06  0.01  0.0   0.0   0.05  0.11  0.0   0.0   0.03  0.03  0.0   0.04  0.0   0.01  
51    L     0.01  0.0   0.0   0.04  0.0   0.0   0.01  0.01  0.0   0.06  0.6   0.01  0.05  0.03  0.0   0.03  0.01  0.0   0.11  0.03  
52    Y     0.01  0.08  0.02  0.0   0.0   0.02  0.12  0.17  0.0   0.0   0.05  0.15  0.0   0.06  0.07  0.08  0.05  0.0   0.02  0.07  
53    T     0.25  0.06  0.07  0.0   0.0   0.0   0.02  0.0   0.0   0.05  0.01  0.17  0.02  0.0   0.0   0.1   0.05  0.0   0.04  0.15  
54    P     0.0   0.03  0.19  0.26  0.0   0.0   0.04  0.05  0.0   0.0   0.0   0.09  0.0   0.0   0.14  0.19  0.0   0.0   0.0   0.0   
55    V     0.06  0.02  0.0   0.0   0.04  0.0   0.0   0.0   0.0   0.13  0.26  0.0   0.03  0.03  0.02  0.0   0.04  0.0   0.0   0.35  
56    N     0.05  0.06  0.12  0.02  0.0   0.04  0.11  0.0   0.0   0.0   0.0   0.28  0.0   0.0   0.04  0.09  0.13  0.0   0.0   0.03  
57    G     0.0   0.0   0.07  0.06  0.0   0.03  0.0   0.72  0.0   0.0   0.0   0.0   0.0   0.0   0.0   0.09  0.0   0.0   0.0   0.0   
58    S     0.04  0.09  0.0   0.02  0.02  0.09  0.0   0.0   0.02  0.0   0.0   0.39  0.0   0.0   0.0   0.17  0.11  0.03  0.02  0.0   
59    I     0.0   0.0   0.0   0.0   0.0   0.0   0.0   0.0   0.0   0.69  0.12  0.0   0.0   0.03  0.0   0.0   0.0   0.0   0.0   0.17  
60    V     0.53  0.0   0.0   0.0   0.0   0.0   0.0   0.0   0.04  0.0   0.11  0.0   0.0   0.0   0.0   0.0   0.0   0.0   0.0   0.33  
61    I     0.0   0.0   0.0   0.0   0.0   0.0   0.0   0.0   0.0   0.34  0.56  0.0   0.0   0.0   0.0   0.0   0.0   0.0   0.0   0.1   
62    V     0.25  0.0   0.0   0.0   0.0   0.0   0.0   0.0   0.0   0.09  0.09  0.0   0.06  0.0   0.0   0.02  0.05  0.0   0.0   0.44  
63    R     0.04  0.51  0.0   0.07  0.0   0.07  0.1   0.0   0.0   0.06  0.0   0.11  0.0   0.0   0.0   0.04  0.0   0.0   0.0   0.0   
64    A     0.16  0.49  0.0   0.0   0.0   0.0   0.0   0.0   0.0   0.0   0.05  0.02  0.0   0.0   0.0   0.04  0.0   0.0   0.2   0.04  
65    G     0.0   0.0   0.04  0.0   0.0   0.0   0.0   0.96  0.0   0.0   0.0   0.0   0.0   0.0   0.0   0.0   0.0   0.0   0.0   0.0   
66    K     0.0   0.02  0.1   0.07  0.0   0.09  0.15  0.12  0.03  0.03  0.0   0.23  0.0   0.0   0.0   0.06  0.0   0.0   0.0   0.08  
67    I     0.0   0.0   0.0   0.0   0.32  0.0   0.0   0.1   0.0   0.27  0.13  0.0   0.0   0.0   0.02  0.04  0.03  0.0   0.0   0.08  
68    T     0.07  0.02  0.01  0.07  0.0   0.0   0.0   0.07  0.0   0.0   0.04  0.0   0.02  0.18  0.07  0.11  0.26  0.0   0.08  0.0   
69    F     0.0   0.28  0.0   0.0   0.0   0.0   0.0   0.0   0.0   0.0   0.07  0.0   0.0   0.59  0.04  0.0   0.0   0.0   0.02  0.0   
70    A     0.34  0.0   0.0   0.02  0.0   0.0   0.02  0.36  0.0   0.0   0.07  0.06  0.0   0.0   0.0   0.0   0.06  0.0   0.05  0.02  
71    E     0.11  0.0   0.07  0.15  0.0   0.09  0.3   0.06  0.0   0.0   0.15  0.0   0.0   0.0   0.0   0.0   0.02  0.0   0.05  0.0   
72    K     0.04  0.0   0.0   0.0   0.0   0.0   0.0   0.0   0.0   0.04  0.0   0.84  0.02  0.0   0.0   0.0   0.0   0.0   0.0   0.06  
73    V     0.19  0.0   0.0   0.0   0.0   0.04  0.02  0.0   0.0   0.06  0.05  0.0   0.0   0.0   0.0   0.06  0.04  0.0   0.0   0.53  
74    A     0.27  0.1   0.02  0.05  0.0   0.0   0.0   0.0   0.02  0.03  0.0   0.32  0.0   0.0   0.0   0.08  0.02  0.04  0.02  0.04  
75    N     0.02  0.09  0.52  0.0   0.0   0.04  0.0   0.0   0.05  0.06  0.06  0.03  0.0   0.0   0.0   0.05  0.02  0.0   0.04  0.02  
76    A     0.88  0.0   0.0   0.0   0.0   0.0   0.0   0.0   0.0   0.0   0.05  0.0   0.0   0.0   0.0   0.02  0.0   0.0   0.0   0.05  
77    E     0.18  0.0   0.0   0.0   0.0   0.38  0.26  0.04  0.0   0.0   0.0   0.07  0.03  0.0   0.0   0.0   0.0   0.0   0.04  0.0   
78    S     0.13  0.02  0.0   0.14  0.0   0.08  0.08  0.04  0.0   0.0   0.11  0.27  0.0   0.03  0.0   0.1   0.02  0.0   0.0   0.0   
79    L     0.48  0.06  0.0   0.0   0.0   0.05  0.0   0.04  0.07  0.0   0.04  0.05  0.0   0.09  0.0   0.04  0.0   0.0   0.09  0.0   
80    N     0.0   0.0   0.16  0.01  0.0   0.0   0.0   0.76  0.0   0.0   0.0   0.04  0.0   0.0   0.0   0.04  0.0   0.0   0.0   0.0   
81    A     0.88  0.0   0.0   0.0   0.0   0.0   0.0   0.0   0.0   0.0   0.0   0.0   0.02  0.05  0.0   0.0   0.0   0.0   0.0   0.05  
82    I     0.2   0.0   0.0   0.0   0.0   0.04  0.0   0.05  0.05  0.2   0.03  0.07  0.01  0.0   0.0   0.17  0.0   0.0   0.0   0.18  
83    G     0.3   0.0   0.0   0.0   0.0   0.0   0.0   0.66  0.0   0.0   0.0   0.0   0.0   0.0   0.0   0.04  0.0   0.0   0.0   0.0   
84    V     0.09  0.0   0.0   0.0   0.02  0.0   0.0   0.0   0.0   0.11  0.18  0.0   0.04  0.0   0.0   0.0   0.0   0.0   0.0   0.55  
85    L     0.0   0.0   0.0   0.0   0.0   0.0   0.0   0.0   0.0   0.31  0.6   0.0   0.0   0.0   0.0   0.0   0.0   0.0   0.0   0.09  
86    I     0.0   0.0   0.0   0.0   0.0   0.0   0.0   0.0   0.0   0.59  0.18  0.0   0.02  0.0   0.0   0.0   0.0   0.0   0.0   0.22  
87    Y     0.07  0.0   0.0   0.03  0.0   0.0   0.0   0.0   0.0   0.08  0.01  0.0   0.0   0.1   0.0   0.0   0.0   0.0   0.59  0.08  
88    M     0.09  0.0   0.27  0.1   0.0   0.0   0.04  0.03  0.0   0.05  0.0   0.0   0.08  0.0   0.06  0.14  0.13  0.0   0.0   0.02  
89    D     0.0   0.0   0.29  0.59  0.0   0.0   0.05  0.04  0.0   0.0   0.0   0.04  0.0   0.0   0.0   0.0   0.0   0.0   0.0   0.0   
90    Q     0.03  0.03  0.08  0.05  0.0   0.1   0.09  0.01  0.04  0.05  0.03  0.12  0.0   0.0   0.29  0.03  0.04  0.0   0.0   0.01  
91    T     0.24  0.03  0.02  0.17  0.05  0.02  0.09  0.11  0.0   0.01  0.03  0.06  0.0   0.0   0.01  0.09  0.03  0.0   0.0   0.03  
92    K     0.01  0.02  0.02  0.45  0.0   0.0   0.09  0.05  0.0   0.0   0.04  0.11  0.03  0.0   0.0   0.05  0.1   0.0   0.0   0.01  
93    F     0.05  0.01  0.0   0.03  0.0   0.03  0.06  0.13  0.0   0.05  0.16  0.01  0.0   0.17  0.01  0.04  0.01  0.0   0.2   0.04  
94    P     0.03  0.0   0.05  0.03  0.0   0.02  0.03  0.16  0.0   0.0   0.04  0.04  0.0   0.0   0.4   0.03  0.04  0.0   0.04  0.08  
95    I     0.02  0.0   0.03  0.12  0.0   0.0   0.05  0.1   0.0   0.14  0.05  0.06  0.03  0.0   0.23  0.0   0.09  0.0   0.0   0.1   
96    V     0.0   0.0   0.0   0.0   0.0   0.0   0.09  0.21  0.0   0.08  0.05  0.02  0.11  0.0   0.0   0.04  0.11  0.0   0.0   0.27  
97    N     0.04  0.04  0.1   0.08  0.0   0.02  0.09  0.11  0.0   0.0   0.09  0.07  0.0   0.0   0.02  0.09  0.16  0.0   0.0   0.06  
98    A     0.17  0.0   0.0   0.05  0.09  0.0   0.04  0.04  0.0   0.0   0.04  0.0   0.07  0.0   0.2   0.22  0.05  0.0   0.0   0.0   
99    E     0.04  0.02  0.19  0.1   0.0   0.02  0.06  0.03  0.02  0.04  0.17  0.01  0.07  0.0   0.0   0.08  0.09  0.0   0.0   0.05  
100   L     0.05  0.04  0.0   0.03  0.0   0.04  0.03  0.11  0.03  0.05  0.19  0.01  0.0   0.03  0.09  0.04  0.07  0.03  0.0   0.15  
101   S     0.04  0.0   0.22  0.09  0.0   0.04  0.0   0.03  0.0   0.04  0.07  0.03  0.0   0.04  0.27  0.09  0.04  0.0   0.0   0.0   
102   F     0.0   0.0   0.0   0.07  0.0   0.07  0.14  0.1   0.0   0.0   0.27  0.07  0.03  0.06  0.0   0.0   0.07  0.0   0.02  0.08  
103   T     0.08  0.0   0.12  0.0   0.0   0.0   0.05  0.11  0.04  0.0   0.03  0.0   0.0   0.11  0.0   0.01  0.25  0.05  0.07  0.07  
104   G     0.06  0.0   0.0   0.08  0.0   0.04  0.0   0.37  0.0   0.0   0.01  0.0   0.0   0.07  0.06  0.08  0.04  0.0   0.11  0.05  
105   K     0.1   0.0   0.03  0.04  0.0   0.0   0.01  0.14  0.14  0.03  0.09  0.02  0.0   0.0   0.23  0.05  0.01  0.0   0.04  0.05  
106   G     0.2   0.01  0.17  0.05  0.0   0.0   0.05  0.26  0.0   0.01  0.01  0.03  0.0   0.0   0.01  0.06  0.08  0.0   0.04  0.03  
107   K     0.01  0.01  0.03  0.2   0.0   0.01  0.08  0.12  0.13  0.01  0.07  0.11  0.0   0.01  0.01  0.15  0.04  0.0   0.01  0.01  
108   S     0.01  0.05  0.0   0.0   0.0   0.0   0.0   0.01  0.0   0.13  0.13  0.03  0.03  0.0   0.39  0.05  0.0   0.05  0.0   0.1   
109   G     0.11  0.04  0.03  0.0   0.0   0.02  0.04  0.2   0.05  0.0   0.01  0.06  0.0   0.0   0.0   0.26  0.08  0.03  0.06  0.0   
110   I     0.02  0.07  0.0   0.0   0.0   0.0   0.0   0.0   0.0   0.59  0.08  0.0   0.06  0.04  0.04  0.0   0.04  0.0   0.0   0.05  
111   P     0.02  0.0   0.07  0.0   0.0   0.0   0.0   0.0   0.0   0.0   0.0   0.0   0.0   0.0   0.86  0.04  0.0   0.0   0.0   0.0   
112   V     0.16  0.0   0.0   0.0   0.0   0.0   0.0   0.04  0.0   0.03  0.0   0.0   0.0   0.0   0.14  0.13  0.11  0.0   0.0   0.39  
113   Q     0.2   0.0   0.04  0.0   0.0   0.17  0.0   0.0   0.07  0.03  0.09  0.0   0.06  0.04  0.0   0.14  0.0   0.0   0.04  0.11  
114   T     0.03  0.0   0.0   0.0   0.0   0.0   0.0   0.21  0.0   0.0   0.09  0.03  0.09  0.04  0.29  0.07  0.12  0.0   0.04  0.0   
115   I     0.0   0.0   0.0   0.0   0.0   0.0   0.0   0.0   0.0   0.49  0.23  0.0   0.0   0.0   0.0   0.0   0.0   0.0   0.0   0.29  
116   S     0.0   0.04  0.0   0.0   0.0   0.06  0.05  0.1   0.0   0.0   0.0   0.02  0.0   0.0   0.05  0.57  0.06  0.0   0.05  0.0   
117   R     0.08  0.3   0.0   0.0   0.0   0.11  0.0   0.03  0.04  0.0   0.09  0.13  0.0   0.0   0.0   0.07  0.0   0.0   0.12  0.03  
118   A     0.14  0.07  0.03  0.15  0.0   0.0   0.07  0.18  0.0   0.0   0.0   0.12  0.0   0.0   0.0   0.16  0.04  0.0   0.01  0.02  
119   A     0.17  0.0   0.04  0.28  0.0   0.0   0.0   0.02  0.0   0.04  0.0   0.0   0.0   0.05  0.0   0.2   0.17  0.0   0.0   0.05  
120   A     0.35  0.0   0.0   0.0   0.0   0.0   0.0   0.4   0.0   0.0   0.04  0.0   0.0   0.0   0.0   0.0   0.0   0.0   0.05  0.14  
121   E     0.12  0.02  0.04  0.06  0.0   0.2   0.25  0.0   0.0   0.0   0.05  0.07  0.0   0.03  0.0   0.05  0.0   0.0   0.11  0.0   
122   K     0.15  0.08  0.12  0.04  0.0   0.07  0.08  0.0   0.0   0.04  0.03  0.3   0.0   0.03  0.0   0.03  0.0   0.0   0.0   0.0   
123   L     0.0   0.0   0.0   0.0   0.0   0.0   0.0   0.03  0.05  0.17  0.63  0.0   0.03  0.0   0.0   0.0   0.0   0.0   0.1   0.0   
124   F     0.0   0.03  0.03  0.0   0.0   0.03  0.0   0.0   0.0   0.1   0.27  0.1   0.0   0.28  0.0   0.0   0.02  0.0   0.05  0.08  
125   G     0.04  0.2   0.0   0.03  0.0   0.07  0.09  0.22  0.0   0.0   0.01  0.14  0.0   0.0   0.0   0.13  0.0   0.0   0.05  0.0   
126   N     0.09  0.09  0.13  0.14  0.0   0.06  0.0   0.03  0.03  0.0   0.04  0.12  0.06  0.0   0.0   0.09  0.04  0.0   0.07  0.0   
127   M     0.01  0.01  0.0   0.01  0.0   0.0   0.01  0.01  0.0   0.1   0.31  0.03  0.26  0.05  0.07  0.01  0.06  0.0   0.0   0.06  
128   E     0.04  0.01  0.0   0.09  0.0   0.04  0.13  0.29  0.0   0.01  0.07  0.08  0.0   0.0   0.06  0.11  0.05  0.0   0.0   0.01  
129   G     0.11  0.0   0.04  0.06  0.0   0.06  0.01  0.56  0.0   0.0   0.01  0.03  0.0   0.0   0.0   0.01  0.08  0.0   0.0   0.01  
130   D     0.08  0.0   0.03  0.21  0.0   0.0   0.0   0.12  0.0   0.02  0.01  0.0   0.0   0.0   0.39  0.1   0.0   0.0   0.0   0.0   
131   B     0.34  0.04  0.04  0.08  0.12  0.0   0.0   0.01  0.06  0.0   0.07  0.0   0.0   0.0   0.0   0.05  0.08  0.0   0.03  0.03  
132   P     0.01  0.05  0.08  0.0   0.04  0.0   0.0   0.01  0.0   0.0   0.01  0.05  0.0   0.0   0.61  0.01  0.12  0.0   0.0   0.0   
133   S     0.1   0.0   0.0   0.0   0.0   0.12  0.0   0.01  0.0   0.0   0.19  0.0   0.0   0.0   0.25  0.22  0.0   0.0   0.0   0.08  
134   D     0.03  0.02  0.0   0.38  0.0   0.0   0.23  0.11  0.0   0.0   0.0   0.04  0.0   0.0   0.0   0.17  0.02  0.0   0.0   0.0   
135   W     0.05  0.0   0.0   0.0   0.0   0.0   0.0   0.0   0.0   0.0   0.0   0.0   0.0   0.08  0.0   0.0   0.04  0.78  0.0   0.05  
136   K     0.0   0.23  0.05  0.0   0.0   0.23  0.03  0.0   0.0   0.04  0.0   0.25  0.0   0.0   0.0   0.07  0.0   0.0   0.0   0.07  
137   T     0.07  0.0   0.0   0.0   0.0   0.0   0.08  0.24  0.0   0.05  0.16  0.0   0.0   0.0   0.0   0.05  0.28  0.0   0.0   0.03  
138   D     0.33  0.0   0.0   0.33  0.0   0.0   0.0   0.04  0.08  0.0   0.0   0.0   0.0   0.05  0.0   0.04  0.0   0.0   0.12  0.0   
139   S     0.0   0.0   0.06  0.0   0.0   0.0   0.09  0.0   0.1   0.04  0.09  0.0   0.0   0.03  0.1   0.41  0.0   0.0   0.0   0.1   
140   T     0.1   0.0   0.0   0.0   0.0   0.0   0.09  0.0   0.17  0.0   0.02  0.0   0.0   0.0   0.42  0.11  0.04  0.0   0.0   0.06  
141   B     0.0   0.06  0.18  0.27  0.18  0.0   0.0   0.0   0.0   0.0   0.0   0.0   0.0   0.0   0.0   0.05  0.15  0.0   0.08  0.0   
142   R     0.0   0.53  0.11  0.0   0.06  0.0   0.0   0.1   0.0   0.0   0.0   0.11  0.0   0.0   0.08  0.0   0.0   0.0   0.0   0.0   
143   M     0.0   0.12  0.0   0.0   0.11  0.0   0.0   0.0   0.0   0.0   0.35  0.18  0.06  0.0   0.0   0.0   0.0   0.0   0.0   0.17  
144   V     0.01  0.01  0.01  0.01  0.0   0.01  0.48  0.01  0.0   0.13  0.01  0.01  0.0   0.0   0.01  0.01  0.01  0.0   0.0   0.29  
145   T     0.01  0.14  0.01  0.01  0.0   0.01  0.01  0.01  0.0   0.01  0.22  0.01  0.0   0.05  0.01  0.24  0.25  0.0   0.0   0.01  
146   S     0.0   0.0   0.0   0.0   0.0   0.0   0.0   0.15  0.0   0.0   0.14  0.0   0.0   0.0   0.32  0.31  0.09  0.0   0.0   0.0   
147   E     0.0   0.04  0.0   0.0   0.0   0.11  0.07  0.04  0.0   0.0   0.0   0.23  0.0   0.0   0.19  0.18  0.13  0.0   0.0   0.0   
148   S     0.13  0.0   0.15  0.32  0.0   0.09  0.0   0.18  0.0   0.0   0.0   0.0   0.0   0.0   0.0   0.12  0.0   0.0   0.0   0.0   
149   K     0.14  0.0   0.0   0.0   0.0   0.07  0.23  0.0   0.0   0.04  0.0   0.2   0.0   0.0   0.15  0.13  0.0   0.04  0.0   0.0   
150   N     0.14  0.0   0.49  0.08  0.0   0.0   0.0   0.21  0.0   0.0   0.0   0.0   0.0   0.0   0.0   0.09  0.0   0.0   0.0   0.0   
151   V     0.0   0.0   0.0   0.0   0.0   0.0   0.0   0.0   0.0   0.0   0.15  0.0   0.0   0.0   0.0   0.0   0.13  0.0   0.0   0.72  
152   K     0.0   0.17  0.09  0.0   0.0   0.0   0.17  0.0   0.0   0.0   0.0   0.57  0.0   0.0   0.0   0.0   0.0   0.0   0.0   0.0   
153   L     0.0   0.0   0.0   0.0   0.0   0.0   0.0   0.0   0.0   0.0   1.0   0.0   0.0   0.0   0.0   0.0   0.0   0.0   0.0   0.0   
154   T     0.0   0.0   0.0   0.1   0.0   0.0   0.0   0.0   0.0   0.05  0.0   0.0   0.0   0.0   0.0   0.4   0.28  0.0   0.0   0.17  
155   V     0.0   0.0   0.0   0.0   0.0   0.0   0.0   0.0   0.0   0.0   0.0   0.0   0.0   0.0   0.0   0.0   0.0   0.0   0.0   1.0   
156   S     0.0   0.0   0.86  0.0   0.0   0.0   0.0   0.0   0.0   0.0   0.0   0.0   0.0   0.0   0.0   0.14  0.0   0.0   0.0   0.0   
