             A     R     N     D     C     Q     E     G     H     I     L     K     M     F     P     S     T     W     Y     V
1     Q     0.0   0.0   0.0   0.0   0.0   0.0   0.0   0.0   0.0   0.0   0.0   0.0   0.0   0.0   0.0   0.0   0.0   0.0   0.0   0.0   
2     L     0.0   0.0   0.0   0.0   0.0   0.0   0.0   0.0   0.0   0.0   0.5   0.0   0.0   0.0   0.0   0.0   0.0   0.0   0.0   0.5   
3     V     0.0   0.0   0.0   0.0   0.0   0.0   0.0   0.0   0.0   0.0   0.0   0.0   0.0   0.0   0.0   0.0   0.0   0.0   0.0   1.0   
4     F     0.0   0.0   0.0   0.0   0.0   0.0   0.0   0.0   0.0   0.0   0.0   0.0   0.0   0.66  0.0   0.0   0.0   0.0   0.34  0.0   
5     R     0.0   0.78  0.0   0.0   0.0   0.0   0.0   0.0   0.0   0.0   0.0   0.0   0.0   0.22  0.0   0.0   0.0   0.0   0.0   0.0   
6     N     0.0   0.0   0.66  0.0   0.0   0.0   0.0   0.0   0.0   0.0   0.0   0.0   0.0   0.0   0.0   0.34  0.0   0.0   0.0   0.0   
7     T     0.0   0.0   0.0   0.34  0.0   0.0   0.0   0.0   0.0   0.22  0.0   0.0   0.0   0.0   0.0   0.0   0.44  0.0   0.0   0.0   
8     V     0.0   0.0   0.0   0.0   0.0   0.0   0.0   0.0   0.0   0.22  0.0   0.0   0.0   0.0   0.0   0.0   0.0   0.0   0.0   0.78  
9     T     0.34  0.0   0.0   0.22  0.0   0.0   0.0   0.0   0.0   0.0   0.0   0.0   0.0   0.0   0.0   0.0   0.44  0.0   0.0   0.0   
10    G     0.25  0.0   0.0   0.0   0.0   0.0   0.0   0.75  0.0   0.0   0.0   0.0   0.0   0.0   0.0   0.0   0.0   0.0   0.0   0.0   
11    D     0.0   0.0   0.0   0.16  0.0   0.0   0.39  0.0   0.0   0.0   0.0   0.0   0.0   0.0   0.0   0.15  0.0   0.0   0.29  0.0   
12    V     0.14  0.0   0.0   0.0   0.0   0.0   0.0   0.0   0.0   0.25  0.0   0.0   0.0   0.0   0.45  0.0   0.0   0.0   0.0   0.16  
13    L     0.0   0.0   0.0   0.0   0.0   0.25  0.0   0.0   0.0   0.0   0.75  0.0   0.0   0.0   0.0   0.0   0.0   0.0   0.0   0.0   
14    D     0.0   0.2   0.55  0.25  0.0   0.0   0.0   0.0   0.0   0.0   0.0   0.0   0.0   0.0   0.0   0.0   0.0   0.0   0.0   0.0   
15    L     0.02  0.01  0.01  0.01  0.0   0.01  0.01  0.02  0.0   0.01  0.41  0.01  0.0   0.3   0.01  0.02  0.01  0.0   0.01  0.11  
16    S     0.14  0.0   0.18  0.25  0.0   0.0   0.0   0.0   0.0   0.0   0.0   0.0   0.0   0.0   0.0   0.43  0.0   0.0   0.0   0.0   
17    F     0.0   0.0   0.0   0.11  0.0   0.24  0.18  0.0   0.0   0.0   0.0   0.0   0.0   0.47  0.0   0.0   0.0   0.0   0.0   0.0   
18    G     0.43  0.0   0.0   0.0   0.0   0.0   0.0   0.35  0.0   0.0   0.0   0.0   0.0   0.0   0.0   0.22  0.0   0.0   0.0   0.0   
19    K     0.0   0.0   0.0   0.0   0.0   0.22  0.29  0.0   0.0   0.0   0.0   0.49  0.0   0.0   0.0   0.0   0.0   0.0   0.0   0.0   
20    K     0.14  0.0   0.18  0.14  0.0   0.0   0.21  0.0   0.0   0.22  0.0   0.11  0.0   0.0   0.0   0.0   0.0   0.0   0.0   0.0   
21    G     0.18  0.0   0.0   0.0   0.0   0.0   0.0   0.69  0.0   0.0   0.0   0.0   0.0   0.0   0.0   0.14  0.0   0.0   0.0   0.0   
22    E     0.0   0.21  0.0   0.0   0.0   0.53  0.11  0.0   0.0   0.0   0.0   0.0   0.0   0.0   0.0   0.0   0.14  0.0   0.0   0.0   
23    K     0.0   0.0   0.0   0.21  0.0   0.0   0.0   0.0   0.0   0.18  0.14  0.11  0.0   0.0   0.0   0.0   0.14  0.0   0.22  0.0   
24    T     0.0   0.0   0.22  0.0   0.0   0.0   0.0   0.0   0.0   0.0   0.0   0.14  0.0   0.0   0.0   0.18  0.46  0.0   0.0   0.0   
25    E     0.01  0.01  0.01  0.01  0.0   0.16  0.42  0.01  0.0   0.01  0.01  0.01  0.0   0.0   0.32  0.01  0.01  0.0   0.0   0.01  
26    A     0.42  0.01  0.01  0.01  0.0   0.01  0.21  0.01  0.0   0.01  0.13  0.01  0.0   0.0   0.01  0.01  0.01  0.0   0.0   0.16  
27    V     0.01  0.01  0.01  0.01  0.0   0.01  0.01  0.01  0.0   0.01  0.01  0.01  0.0   0.0   0.01  0.01  0.01  0.0   0.12  0.77  
28    E     0.2   0.0   0.12  0.0   0.0   0.1   0.1   0.0   0.0   0.0   0.1   0.37  0.0   0.0   0.0   0.0   0.0   0.0   0.0   0.0   
29    H     0.1   0.0   0.1   0.0   0.0   0.1   0.0   0.0   0.42  0.0   0.0   0.27  0.0   0.0   0.0   0.0   0.0   0.0   0.0   0.0   
30    F     0.0   0.0   0.0   0.1   0.0   0.0   0.0   0.0   0.1   0.0   0.1   0.0   0.0   0.47  0.0   0.0   0.0   0.0   0.1   0.12  
31    L     0.0   0.0   0.1   0.0   0.0   0.0   0.09  0.0   0.0   0.0   0.5   0.0   0.0   0.0   0.0   0.0   0.0   0.0   0.0   0.31  
32    N     0.09  0.1   0.2   0.0   0.0   0.1   0.3   0.0   0.0   0.1   0.0   0.0   0.0   0.0   0.0   0.1   0.0   0.0   0.0   0.0   
33    T     0.1   0.0   0.0   0.0   0.0   0.1   0.0   0.0   0.0   0.0   0.12  0.19  0.0   0.0   0.0   0.1   0.38  0.0   0.0   0.0   
34    G     0.1   0.0   0.0   0.1   0.0   0.0   0.0   0.4   0.0   0.0   0.1   0.0   0.0   0.1   0.1   0.0   0.0   0.09  0.0   0.0   
35    E     0.1   0.0   0.0   0.0   0.0   0.0   0.38  0.12  0.0   0.0   0.1   0.2   0.0   0.0   0.0   0.1   0.0   0.0   0.0   0.0   
36    N     0.09  0.01  0.46  0.01  0.0   0.0   0.09  0.1   0.0   0.01  0.01  0.01  0.0   0.0   0.01  0.01  0.19  0.0   0.0   0.01  
37    L     0.18  0.01  0.0   0.01  0.0   0.0   0.01  0.01  0.0   0.01  0.36  0.19  0.0   0.0   0.01  0.01  0.01  0.0   0.0   0.2   
38    Y     0.01  0.1   0.0   0.0   0.0   0.0   0.01  0.01  0.1   0.09  0.2   0.0   0.0   0.0   0.09  0.01  0.0   0.09  0.27  0.01  
39    N     0.18  0.0   0.19  0.0   0.0   0.0   0.01  0.01  0.0   0.18  0.01  0.09  0.0   0.0   0.11  0.1   0.09  0.0   0.0   0.01  
40    T     0.08  0.07  0.0   0.15  0.0   0.13  0.09  0.07  0.17  0.0   0.0   0.07  0.0   0.0   0.0   0.0   0.17  0.0   0.0   0.0   
41    D     0.0   0.0   0.0   0.81  0.0   0.12  0.0   0.0   0.0   0.0   0.0   0.0   0.0   0.0   0.0   0.06  0.0   0.0   0.0   0.0   
42    D     0.25  0.0   0.0   0.12  0.0   0.0   0.06  0.0   0.0   0.0   0.0   0.18  0.0   0.0   0.35  0.0   0.05  0.0   0.0   0.0   
43    E     0.25  0.0   0.0   0.0   0.0   0.23  0.26  0.06  0.05  0.0   0.0   0.0   0.0   0.0   0.05  0.11  0.0   0.0   0.0   0.0   
44    A     0.52  0.06  0.0   0.0   0.06  0.0   0.0   0.0   0.0   0.07  0.24  0.0   0.05  0.0   0.0   0.0   0.0   0.0   0.0   0.0   
45    I     0.23  0.0   0.0   0.0   0.0   0.0   0.0   0.0   0.0   0.11  0.26  0.0   0.1   0.0   0.0   0.06  0.0   0.0   0.0   0.24  
46    K     0.33  0.1   0.0   0.11  0.0   0.0   0.06  0.0   0.0   0.0   0.0   0.23  0.0   0.0   0.07  0.04  0.06  0.0   0.0   0.0   
47    A     0.15  0.0   0.05  0.0   0.0   0.0   0.36  0.09  0.0   0.04  0.04  0.08  0.2   0.0   0.0   0.0   0.0   0.0   0.0   0.0   
48    G     0.14  0.0   0.0   0.0   0.0   0.0   0.0   0.86  0.0   0.0   0.0   0.0   0.0   0.0   0.0   0.0   0.0   0.0   0.0   0.0   
49    E     0.22  0.04  0.0   0.07  0.0   0.15  0.24  0.03  0.0   0.0   0.0   0.2   0.0   0.0   0.0   0.0   0.0   0.0   0.0   0.05  
50    S     0.0   0.13  0.0   0.0   0.0   0.14  0.2   0.09  0.07  0.0   0.0   0.0   0.0   0.0   0.0   0.22  0.15  0.0   0.0   0.0   
51    L     0.06  0.0   0.0   0.0   0.0   0.0   0.0   0.0   0.0   0.26  0.41  0.0   0.0   0.0   0.0   0.0   0.0   0.0   0.04  0.23  
52    F     0.0   0.0   0.0   0.0   0.0   0.0   0.0   0.0   0.0   0.0   0.07  0.0   0.0   0.69  0.0   0.0   0.0   0.0   0.24  0.0   
53    M     0.39  0.0   0.04  0.04  0.0   0.07  0.0   0.08  0.0   0.0   0.16  0.09  0.05  0.08  0.0   0.0   0.0   0.0   0.0   0.0   
54    T     0.03  0.0   0.1   0.2   0.0   0.23  0.11  0.04  0.0   0.0   0.0   0.0   0.0   0.0   0.0   0.03  0.09  0.0   0.0   0.18  
55    A     0.05  0.08  0.49  0.07  0.0   0.0   0.0   0.0   0.09  0.0   0.0   0.0   0.04  0.0   0.0   0.11  0.0   0.0   0.07  0.0   
56    C     0.0   0.0   0.0   0.0   1.0   0.0   0.0   0.0   0.0   0.0   0.0   0.0   0.0   0.0   0.0   0.0   0.0   0.0   0.0   0.0   
57    S     0.49  0.0   0.0   0.0   0.0   0.0   0.0   0.07  0.0   0.0   0.0   0.0   0.0   0.0   0.0   0.33  0.0   0.0   0.0   0.11  
58    G     0.15  0.0   0.0   0.0   0.0   0.15  0.0   0.29  0.0   0.07  0.0   0.0   0.0   0.0   0.08  0.19  0.06  0.0   0.0   0.03  
59    C     0.0   0.0   0.0   0.0   1.0   0.0   0.0   0.0   0.0   0.0   0.0   0.0   0.0   0.0   0.0   0.0   0.0   0.0   0.0   0.0   
60    H     0.0   0.0   0.0   0.0   0.0   0.0   0.0   0.0   1.0   0.0   0.0   0.0   0.0   0.0   0.0   0.0   0.0   0.0   0.0   0.0   
61    G     0.05  0.0   0.0   0.0   0.0   0.0   0.0   0.95  0.0   0.0   0.0   0.0   0.0   0.0   0.0   0.0   0.0   0.0   0.0   0.0   
62    H     0.08  0.0   0.0   0.0   0.0   0.0   0.22  0.0   0.13  0.09  0.07  0.07  0.0   0.0   0.0   0.23  0.03  0.0   0.0   0.08  
63    H     0.0   0.07  0.07  0.35  0.0   0.0   0.0   0.21  0.05  0.0   0.12  0.0   0.0   0.0   0.0   0.0   0.09  0.0   0.04  0.0   
64    A     0.57  0.08  0.0   0.0   0.0   0.0   0.0   0.2   0.0   0.0   0.07  0.0   0.07  0.0   0.0   0.0   0.0   0.0   0.0   0.0   
65    E     0.11  0.03  0.0   0.0   0.0   0.08  0.29  0.0   0.0   0.0   0.0   0.27  0.0   0.0   0.0   0.06  0.16  0.0   0.0   0.0   
66    G     0.0   0.0   0.0   0.0   0.0   0.0   0.0   1.0   0.0   0.0   0.0   0.0   0.0   0.0   0.0   0.0   0.0   0.0   0.0   0.0   
67    K     0.23  0.0   0.0   0.0   0.0   0.05  0.03  0.16  0.0   0.0   0.11  0.13  0.03  0.0   0.0   0.17  0.0   0.0   0.0   0.07  
68    L     0.0   0.03  0.0   0.0   0.0   0.03  0.0   0.05  0.09  0.04  0.29  0.15  0.0   0.0   0.06  0.07  0.08  0.0   0.03  0.06  
69    G     0.19  0.0   0.0   0.0   0.0   0.0   0.0   0.81  0.0   0.0   0.0   0.0   0.0   0.0   0.0   0.0   0.0   0.0   0.0   0.0   
70    P     0.0   0.0   0.0   0.0   0.0   0.0   0.0   0.0   0.0   0.0   0.0   0.08  0.0   0.0   0.8   0.11  0.0   0.0   0.0   0.0   
71    A     0.2   0.0   0.49  0.05  0.0   0.0   0.0   0.08  0.0   0.0   0.0   0.0   0.0   0.0   0.12  0.0   0.04  0.0   0.0   0.0   
72    L     0.0   0.0   0.0   0.0   0.0   0.09  0.0   0.0   0.0   0.0   0.91  0.0   0.0   0.0   0.0   0.0   0.0   0.0   0.0   0.0   
73    G     0.11  0.0   0.33  0.0   0.0   0.07  0.0   0.05  0.0   0.0   0.0   0.0   0.0   0.0   0.0   0.0   0.39  0.0   0.0   0.04  
74    D     0.0   0.07  0.0   0.65  0.0   0.0   0.07  0.0   0.0   0.0   0.09  0.0   0.0   0.0   0.08  0.0   0.04  0.0   0.0   0.0   
75    D     0.14  0.0   0.07  0.38  0.0   0.07  0.08  0.13  0.0   0.0   0.01  0.0   0.0   0.0   0.0   0.01  0.0   0.0   0.0   0.09  
76    Y     0.08  0.09  0.04  0.27  0.0   0.0   0.0   0.01  0.04  0.21  0.01  0.0   0.0   0.0   0.0   0.01  0.0   0.0   0.13  0.1   
77    Y     0.01  0.0   0.0   0.0   0.0   0.0   0.0   0.01  0.0   0.0   0.08  0.0   0.0   0.0   0.0   0.01  0.09  0.73  0.05  0.0   
78    T     0.02  0.08  0.01  0.01  0.0   0.09  0.01  0.02  0.01  0.01  0.51  0.01  0.01  0.01  0.01  0.02  0.14  0.0   0.01  0.01  
79    Y     0.02  0.01  0.01  0.01  0.0   0.09  0.01  0.02  0.04  0.01  0.02  0.01  0.01  0.01  0.01  0.02  0.01  0.31  0.35  0.01  
80    P     0.05  0.11  0.03  0.03  0.01  0.03  0.04  0.15  0.01  0.03  0.06  0.04  0.01  0.02  0.16  0.04  0.04  0.01  0.02  0.11  
81    K     0.11  0.03  0.02  0.03  0.01  0.02  0.03  0.38  0.01  0.03  0.04  0.08  0.01  0.02  0.03  0.07  0.03  0.01  0.02  0.03  
82    N     0.01  0.0   0.13  0.11  0.0   0.09  0.01  0.61  0.0   0.0   0.01  0.0   0.0   0.0   0.0   0.01  0.0   0.0   0.0   0.01  
83    A     0.12  0.0   0.0   0.0   0.0   0.08  0.04  0.44  0.0   0.0   0.03  0.15  0.0   0.0   0.0   0.05  0.08  0.0   0.0   0.0   
84    N     0.0   0.0   0.11  0.24  0.0   0.0   0.03  0.0   0.0   0.0   0.04  0.12  0.0   0.0   0.07  0.03  0.19  0.0   0.16  0.0   
85    D     0.04  0.11  0.0   0.25  0.0   0.0   0.09  0.01  0.04  0.01  0.15  0.07  0.0   0.0   0.12  0.05  0.01  0.0   0.0   0.03  
86    K     0.26  0.01  0.0   0.14  0.0   0.08  0.31  0.01  0.0   0.01  0.01  0.05  0.0   0.0   0.01  0.01  0.01  0.0   0.0   0.09  
87    G     0.14  0.0   0.0   0.04  0.0   0.03  0.03  0.22  0.07  0.04  0.0   0.03  0.0   0.0   0.0   0.14  0.25  0.0   0.0   0.0   
88    L     0.0   0.0   0.0   0.0   0.0   0.0   0.0   0.0   0.0   0.5   0.35  0.07  0.04  0.0   0.0   0.0   0.0   0.0   0.0   0.03  
89    F     0.0   0.0   0.0   0.0   0.0   0.14  0.0   0.0   0.0   0.23  0.0   0.13  0.09  0.13  0.0   0.0   0.15  0.0   0.07  0.07  
90    E     0.17  0.05  0.0   0.09  0.0   0.13  0.19  0.0   0.0   0.0   0.0   0.04  0.0   0.0   0.0   0.07  0.26  0.0   0.0   0.0   
91    T     0.01  0.0   0.0   0.0   0.0   0.0   0.01  0.01  0.0   0.1   0.01  0.0   0.0   0.0   0.0   0.15  0.68  0.0   0.0   0.01  
92    I     0.01  0.0   0.0   0.0   0.0   0.05  0.01  0.01  0.0   0.64  0.08  0.0   0.0   0.0   0.0   0.01  0.0   0.0   0.0   0.16  
93    Y     0.06  0.05  0.0   0.0   0.0   0.1   0.0   0.0   0.0   0.07  0.13  0.09  0.0   0.08  0.0   0.03  0.21  0.0   0.17  0.0   
94    G     0.0   0.0   0.14  0.05  0.0   0.0   0.0   0.29  0.32  0.0   0.03  0.07  0.0   0.0   0.0   0.0   0.0   0.0   0.09  0.0   
95    G     0.08  0.0   0.07  0.0   0.0   0.0   0.0   0.77  0.0   0.0   0.0   0.0   0.0   0.0   0.0   0.0   0.08  0.0   0.0   0.0   
96    A     0.13  0.44  0.0   0.0   0.0   0.0   0.0   0.07  0.0   0.1   0.0   0.0   0.0   0.0   0.14  0.09  0.0   0.0   0.0   0.03  
97    R     0.04  0.26  0.04  0.0   0.0   0.03  0.03  0.09  0.0   0.07  0.08  0.09  0.0   0.09  0.07  0.04  0.04  0.0   0.0   0.03  
98    S     0.1   0.0   0.0   0.0   0.0   0.0   0.0   0.72  0.0   0.0   0.0   0.0   0.0   0.0   0.0   0.18  0.0   0.0   0.0   0.0   
99    M     0.07  0.0   0.11  0.04  0.0   0.08  0.09  0.0   0.04  0.0   0.0   0.0   0.25  0.0   0.0   0.0   0.07  0.0   0.0   0.25  
100   M     0.14  0.0   0.0   0.05  0.0   0.0   0.01  0.01  0.0   0.0   0.01  0.01  0.73  0.0   0.0   0.01  0.01  0.0   0.0   0.01  
101   G     0.03  0.02  0.01  0.02  0.01  0.01  0.02  0.21  0.01  0.02  0.07  0.07  0.09  0.01  0.33  0.02  0.02  0.0   0.01  0.02  
102   P     0.09  0.0   0.04  0.0   0.0   0.0   0.0   0.0   0.0   0.0   0.0   0.08  0.0   0.0   0.74  0.0   0.05  0.0   0.0   0.0   
103   Q     0.14  0.0   0.09  0.0   0.0   0.05  0.0   0.24  0.09  0.0   0.0   0.0   0.08  0.14  0.0   0.07  0.0   0.09  0.0   0.0   
104   Y     0.12  0.0   0.09  0.0   0.0   0.0   0.05  0.08  0.0   0.0   0.0   0.0   0.0   0.0   0.0   0.0   0.1   0.51  0.06  0.0   
105   N     0.08  0.0   0.14  0.04  0.0   0.0   0.08  0.46  0.0   0.0   0.0   0.08  0.0   0.0   0.0   0.12  0.0   0.0   0.0   0.0   
106   N     0.13  0.2   0.11  0.08  0.0   0.13  0.0   0.0   0.0   0.0   0.0   0.05  0.09  0.0   0.0   0.14  0.0   0.0   0.0   0.08  
107   L     0.08  0.05  0.0   0.0   0.0   0.0   0.0   0.0   0.0   0.0   0.79  0.0   0.0   0.0   0.0   0.0   0.0   0.0   0.0   0.08  
108   T     0.0   0.0   0.0   0.04  0.0   0.0   0.04  0.0   0.0   0.12  0.14  0.09  0.0   0.0   0.0   0.25  0.33  0.0   0.0   0.0   
109   K     0.0   0.05  0.0   0.14  0.0   0.0   0.16  0.17  0.0   0.0   0.05  0.15  0.0   0.0   0.29  0.0   0.0   0.0   0.0   0.0   
110   D     0.19  0.0   0.0   0.31  0.0   0.0   0.38  0.0   0.0   0.04  0.04  0.0   0.0   0.0   0.0   0.0   0.04  0.0   0.0   0.0   
111   E     0.05  0.0   0.0   0.13  0.0   0.41  0.36  0.0   0.0   0.0   0.0   0.0   0.0   0.0   0.0   0.0   0.04  0.0   0.0   0.0   
112   I     0.01  0.0   0.0   0.0   0.0   0.0   0.01  0.01  0.0   0.53  0.01  0.01  0.18  0.0   0.0   0.01  0.09  0.0   0.0   0.13  
113   L     0.01  0.18  0.0   0.05  0.0   0.04  0.01  0.01  0.0   0.1   0.16  0.21  0.0   0.0   0.0   0.01  0.1   0.0   0.0   0.11  
114   H     0.16  0.05  0.16  0.09  0.0   0.22  0.0   0.0   0.06  0.0   0.09  0.05  0.0   0.0   0.0   0.04  0.09  0.0   0.0   0.0   
115   I     0.0   0.0   0.0   0.0   0.0   0.0   0.0   0.0   0.0   0.14  0.04  0.0   0.09  0.0   0.0   0.05  0.14  0.0   0.0   0.53  
116   M     0.7   0.0   0.0   0.0   0.0   0.0   0.0   0.0   0.0   0.05  0.05  0.0   0.11  0.0   0.0   0.0   0.09  0.0   0.0   0.0   
117   A     0.46  0.0   0.09  0.05  0.0   0.04  0.0   0.04  0.0   0.0   0.0   0.09  0.0   0.0   0.0   0.07  0.0   0.0   0.09  0.08  
118   W     0.0   0.0   0.0   0.0   0.0   0.0   0.0   0.0   0.0   0.0   0.09  0.0   0.0   0.12  0.0   0.0   0.0   0.15  0.64  0.0   
119   V     0.0   0.0   0.0   0.0   0.0   0.0   0.0   0.0   0.0   0.14  0.0   0.0   0.0   0.0   0.0   0.0   0.0   0.0   0.0   0.86  
120   R     0.0   0.36  0.0   0.09  0.0   0.09  0.0   0.0   0.25  0.0   0.09  0.0   0.04  0.0   0.0   0.0   0.0   0.08  0.0   0.0   
121   S     0.0   0.09  0.09  0.0   0.0   0.0   0.0   0.12  0.19  0.0   0.0   0.04  0.0   0.0   0.0   0.43  0.04  0.0   0.0   0.0   
122   V     0.0   0.0   0.0   0.04  0.0   0.0   0.04  0.0   0.0   0.0   0.77  0.0   0.0   0.0   0.0   0.0   0.09  0.0   0.0   0.06  
123   Y     0.01  0.01  0.01  0.01  0.0   0.01  0.01  0.35  0.0   0.01  0.18  0.01  0.0   0.01  0.01  0.09  0.13  0.0   0.16  0.01  
124   W     0.09  0.0   0.13  0.01  0.0   0.04  0.09  0.42  0.0   0.0   0.01  0.01  0.0   0.0   0.0   0.01  0.1   0.06  0.0   0.01  
125   G     0.09  0.04  0.0   0.01  0.0   0.0   0.01  0.72  0.0   0.0   0.01  0.01  0.0   0.0   0.0   0.01  0.08  0.0   0.0   0.01  
126   S     0.05  0.0   0.0   0.11  0.0   0.0   0.12  0.0   0.0   0.0   0.09  0.06  0.0   0.0   0.34  0.13  0.0   0.0   0.1   0.0   
127   A     0.14  0.0   0.0   0.0   0.0   0.0   0.0   0.0   0.06  0.0   0.0   0.06  0.0   0.0   0.45  0.16  0.13  0.0   0.0   0.0   
128   D     0.07  0.0   0.06  0.25  0.0   0.33  0.0   0.07  0.0   0.0   0.0   0.17  0.0   0.0   0.06  0.0   0.0   0.0   0.0   0.0   
129   K     0.1   0.0   0.0   0.36  0.0   0.0   0.16  0.0   0.0   0.0   0.07  0.09  0.0   0.0   0.14  0.0   0.0   0.0   0.0   0.08  
130   A     0.73  0.0   0.0   0.0   0.0   0.0   0.0   0.1   0.0   0.0   0.0   0.0   0.0   0.0   0.17  0.0   0.0   0.0   0.0   0.0   
131   D     0.0   0.0   0.17  0.15  0.0   0.0   0.23  0.0   0.0   0.17  0.0   0.0   0.0   0.0   0.0   0.14  0.0   0.0   0.0   0.14  
132   W     0.0   0.0   0.0   0.0   0.0   0.0   0.0   0.0   0.0   0.0   0.0   0.0   0.0   0.0   0.0   0.24  0.0   0.76  0.0   0.0   
133   L     0.0   0.0   0.0   0.0   0.0   0.0   0.0   0.26  0.0   0.0   0.5   0.0   0.0   0.0   0.0   0.0   0.0   0.0   0.0   0.24  
134   T     0.0   0.0   0.16  0.24  0.0   0.0   0.0   0.0   0.0   0.0   0.0   0.0   0.26  0.0   0.0   0.0   0.34  0.0   0.0   0.0   
135   E     0.0   0.0   0.0   0.32  0.0   0.0   0.18  0.0   0.0   0.24  0.0   0.0   0.0   0.0   0.26  0.0   0.0   0.0   0.0   0.0   
136   E     0.0   0.0   0.0   0.0   0.0   0.0   1.0   0.0   0.0   0.0   0.0   0.0   0.0   0.0   0.0   0.0   0.0   0.0   0.0   0.0   
137   Q     0.0   0.0   0.0   0.0   0.0   0.74  0.0   0.0   0.0   0.0   0.0   0.0   0.26  0.0   0.0   0.0   0.0   0.0   0.0   0.0   
138   K     0.0   0.35  0.0   0.0   0.0   0.0   0.0   0.0   0.0   0.0   0.0   0.65  0.0   0.0   0.0   0.0   0.0   0.0   0.0   0.0   
139   A     0.44  0.0   0.0   0.0   0.0   0.0   0.35  0.0   0.0   0.0   0.0   0.21  0.0   0.0   0.0   0.0   0.0   0.0   0.0   0.0   
140   N     0.21  0.0   0.23  0.0   0.0   0.0   0.0   0.21  0.0   0.0   0.0   0.0   0.0   0.0   0.0   0.35  0.0   0.0   0.0   0.0   
141   F     0.0   0.0   0.0   0.0   0.0   0.0   0.0   0.0   0.0   0.0   0.0   0.0   0.0   0.44  0.0   0.0   0.0   0.35  0.21  0.0   
142   K     0.0   0.0   0.0   0.0   0.0   0.0   0.0   0.0   0.0   0.0   0.0   0.58  0.0   0.0   0.0   0.0   0.42  0.0   0.0   0.0   
143   P     0.0   0.0   0.0   0.0   0.0   0.0   0.0   0.0   0.0   0.0   0.0   0.0   0.0   0.0   0.65  0.0   0.0   0.0   0.0   0.35  
144   A     0.23  0.0   0.0   0.0   0.0   0.0   0.0   0.0   0.0   0.0   0.35  0.0   0.0   0.21  0.0   0.0   0.0   0.0   0.21  0.0   
145   E     0.0   0.0   0.0   0.0   0.0   0.21  0.23  0.0   0.0   0.0   0.0   0.21  0.0   0.0   0.0   0.0   0.0   0.0   0.0   0.35  
146   V     0.0   0.0   0.0   0.0   0.0   0.0   0.0   0.0   0.0   0.3   0.0   0.39  0.0   0.0   0.0   0.0   0.0   0.0   0.0   0.3   
147   P     0.0   0.0   0.0   0.0   0.0   0.0   0.0   0.0   0.0   0.0   0.0   0.0   0.0   0.0   1.0   0.0   0.0   0.0   0.0   0.0   
148   E     0.0   0.0   0.0   0.0   0.0   0.0   0.7   0.0   0.0   0.0   0.0   0.3   0.0   0.0   0.0   0.0   0.0   0.0   0.0   0.0   
149   D     0.0   0.0   0.0   1.0   0.0   0.0   0.0   0.0   0.0   0.0   0.0   0.0   0.0   0.0   0.0   0.0   0.0   0.0   0.0   0.0   
150   F     0.5   0.0   0.0   0.0   0.0   0.0   0.0   0.0   0.0   0.0   0.0   0.0   0.0   0.5   0.0   0.0   0.0   0.0   0.0   0.0   
151   K     0.0   0.0   0.0   0.0   0.0   0.0   0.0   0.0   0.0   0.0   0.0   1.0   0.0   0.0   0.0   0.0   0.0   0.0   0.0   0.0   
