             A     R     N     D     C     Q     E     G     H     I     L     K     M     F     P     S     T     W     Y     V
1     M     0.0   0.0   0.0   0.0   0.0   0.0   0.0   0.0   0.0   0.02  0.0   0.0   0.98  0.0   0.0   0.0   0.0   0.0   0.0   0.0   
2     P     0.55  0.0   0.01  0.0   0.0   0.0   0.02  0.02  0.0   0.0   0.0   0.26  0.0   0.0   0.01  0.08  0.02  0.0   0.0   0.02  
3     R     0.01  0.05  0.08  0.02  0.0   0.09  0.04  0.01  0.0   0.0   0.0   0.46  0.0   0.03  0.0   0.02  0.19  0.0   0.0   0.0   
4     L     0.0   0.0   0.0   0.0   0.0   0.0   0.0   0.0   0.0   0.29  0.49  0.0   0.02  0.02  0.0   0.0   0.0   0.0   0.01  0.17  
5     K     0.05  0.11  0.01  0.0   0.0   0.05  0.04  0.0   0.0   0.02  0.02  0.6   0.0   0.0   0.0   0.02  0.06  0.0   0.0   0.03  
6     V     0.0   0.0   0.0   0.0   0.0   0.0   0.0   0.0   0.0   0.41  0.03  0.0   0.0   0.01  0.0   0.0   0.0   0.0   0.0   0.55  
7     K     0.0   0.03  0.0   0.0   0.01  0.02  0.06  0.0   0.0   0.04  0.0   0.15  0.0   0.01  0.0   0.0   0.63  0.0   0.0   0.04  
8     L     0.0   0.08  0.0   0.0   0.0   0.37  0.0   0.0   0.0   0.0   0.5   0.01  0.0   0.0   0.0   0.0   0.0   0.03  0.01  0.0   
9     V     0.01  0.03  0.0   0.01  0.0   0.0   0.01  0.0   0.01  0.29  0.01  0.07  0.0   0.0   0.0   0.01  0.11  0.0   0.01  0.43  
10    K     0.02  0.45  0.01  0.0   0.0   0.0   0.0   0.07  0.01  0.0   0.0   0.42  0.0   0.0   0.0   0.0   0.0   0.0   0.0   0.01  
11    S     0.0   0.0   0.0   0.0   0.0   0.0   0.0   0.17  0.0   0.0   0.0   0.0   0.0   0.0   0.0   0.83  0.0   0.0   0.0   0.0   
12    P     0.13  0.07  0.01  0.0   0.0   0.01  0.0   0.03  0.01  0.03  0.18  0.03  0.02  0.03  0.15  0.07  0.14  0.01  0.01  0.09  
13    I     0.11  0.02  0.02  0.0   0.0   0.0   0.0   0.0   0.01  0.66  0.0   0.02  0.0   0.0   0.0   0.01  0.04  0.0   0.01  0.09  
14    G     0.01  0.12  0.04  0.01  0.01  0.01  0.0   0.71  0.05  0.0   0.0   0.04  0.0   0.0   0.0   0.01  0.0   0.0   0.0   0.0   
15    Y     0.08  0.41  0.01  0.0   0.09  0.03  0.02  0.03  0.0   0.03  0.02  0.06  0.0   0.0   0.0   0.02  0.09  0.0   0.04  0.06  
16    P     0.01  0.08  0.03  0.03  0.0   0.02  0.02  0.0   0.03  0.04  0.16  0.23  0.0   0.0   0.2   0.08  0.07  0.0   0.0   0.01  
17    K     0.04  0.05  0.01  0.03  0.0   0.11  0.14  0.02  0.04  0.0   0.01  0.15  0.01  0.01  0.24  0.04  0.01  0.02  0.06  0.01  
18    D     0.07  0.04  0.13  0.15  0.0   0.0   0.06  0.02  0.01  0.01  0.0   0.26  0.01  0.0   0.02  0.12  0.04  0.04  0.01  0.01  
19    Q     0.01  0.0   0.0   0.0   0.0   0.51  0.04  0.0   0.27  0.07  0.0   0.04  0.02  0.01  0.0   0.0   0.01  0.0   0.0   0.03  
20    K     0.03  0.47  0.0   0.0   0.01  0.01  0.02  0.0   0.01  0.06  0.02  0.33  0.0   0.0   0.0   0.0   0.01  0.0   0.0   0.03  
21    A     0.3   0.06  0.01  0.19  0.0   0.03  0.08  0.01  0.0   0.0   0.07  0.18  0.0   0.0   0.0   0.03  0.01  0.0   0.0   0.02  
22    A     0.04  0.01  0.01  0.0   0.06  0.0   0.0   0.01  0.0   0.08  0.01  0.0   0.01  0.0   0.0   0.05  0.61  0.0   0.0   0.11  
23    L     0.06  0.0   0.0   0.0   0.01  0.0   0.0   0.0   0.0   0.15  0.46  0.0   0.03  0.0   0.0   0.0   0.02  0.0   0.0   0.28  
24    K     0.06  0.27  0.03  0.04  0.0   0.03  0.06  0.01  0.04  0.07  0.01  0.3   0.0   0.0   0.0   0.01  0.01  0.0   0.01  0.06  
25    A     0.26  0.01  0.0   0.0   0.01  0.0   0.03  0.34  0.0   0.0   0.02  0.0   0.1   0.0   0.0   0.16  0.06  0.0   0.0   0.01  
26    L     0.0   0.0   0.0   0.0   0.0   0.0   0.0   0.0   0.0   0.0   0.94  0.0   0.05  0.01  0.0   0.0   0.0   0.0   0.0   0.0   
27    G     0.0   0.07  0.02  0.01  0.0   0.0   0.0   0.86  0.0   0.0   0.0   0.04  0.0   0.0   0.0   0.0   0.0   0.0   0.0   0.0   
28    L     0.0   0.0   0.0   0.0   0.0   0.0   0.0   0.0   0.0   0.0   0.96  0.0   0.0   0.03  0.0   0.0   0.0   0.0   0.0   0.01  
29    R     0.0   0.29  0.18  0.0   0.0   0.02  0.02  0.12  0.05  0.0   0.01  0.22  0.0   0.0   0.0   0.01  0.09  0.0   0.0   0.0   
30    R     0.0   0.35  0.01  0.0   0.0   0.01  0.0   0.02  0.04  0.0   0.0   0.57  0.0   0.0   0.0   0.0   0.0   0.0   0.01  0.0   
31    L     0.04  0.08  0.0   0.0   0.0   0.0   0.0   0.01  0.0   0.44  0.15  0.02  0.1   0.01  0.04  0.0   0.03  0.0   0.0   0.1   
32    Q     0.0   0.07  0.38  0.02  0.0   0.02  0.02  0.28  0.17  0.0   0.0   0.01  0.0   0.0   0.0   0.02  0.0   0.0   0.01  0.0   
33    Q     0.01  0.11  0.01  0.08  0.01  0.17  0.01  0.0   0.21  0.0   0.0   0.11  0.01  0.0   0.0   0.2   0.03  0.01  0.02  0.0   
34    E     0.02  0.03  0.0   0.0   0.05  0.03  0.06  0.0   0.01  0.03  0.03  0.02  0.01  0.0   0.05  0.22  0.32  0.0   0.0   0.14  
35    R     0.02  0.11  0.0   0.0   0.0   0.04  0.0   0.0   0.0   0.01  0.01  0.06  0.0   0.0   0.0   0.03  0.02  0.0   0.0   0.69  
36    V     0.0   0.0   0.01  0.01  0.0   0.01  0.3   0.0   0.0   0.2   0.06  0.02  0.0   0.01  0.0   0.03  0.06  0.0   0.02  0.28  
37    L     0.0   0.12  0.0   0.0   0.02  0.04  0.0   0.0   0.13  0.03  0.31  0.16  0.0   0.03  0.0   0.0   0.0   0.0   0.0   0.14  
38    E     0.02  0.02  0.03  0.09  0.01  0.09  0.34  0.0   0.01  0.01  0.02  0.17  0.0   0.01  0.15  0.01  0.01  0.0   0.0   0.01  
39    D     0.05  0.0   0.09  0.71  0.0   0.0   0.05  0.01  0.0   0.0   0.02  0.02  0.01  0.01  0.0   0.01  0.0   0.0   0.0   0.02  
40    T     0.0   0.03  0.26  0.04  0.02  0.0   0.0   0.0   0.01  0.04  0.01  0.01  0.0   0.0   0.0   0.06  0.52  0.0   0.0   0.01  
41    P     0.15  0.0   0.01  0.01  0.0   0.01  0.02  0.0   0.0   0.0   0.01  0.01  0.0   0.0   0.75  0.01  0.01  0.0   0.0   0.01  
42    A     0.3   0.01  0.01  0.02  0.04  0.15  0.17  0.0   0.0   0.02  0.01  0.0   0.01  0.0   0.0   0.21  0.02  0.0   0.0   0.04  
43    I     0.01  0.0   0.08  0.0   0.0   0.0   0.0   0.0   0.0   0.34  0.05  0.0   0.01  0.04  0.0   0.01  0.13  0.0   0.05  0.29  
44    R     0.02  0.65  0.05  0.0   0.01  0.05  0.0   0.0   0.01  0.0   0.08  0.07  0.02  0.0   0.0   0.0   0.0   0.01  0.0   0.03  
45    G     0.04  0.0   0.0   0.0   0.0   0.0   0.0   0.96  0.0   0.0   0.0   0.0   0.0   0.0   0.0   0.0   0.0   0.0   0.0   0.0   
46    N     0.04  0.01  0.03  0.0   0.0   0.06  0.0   0.0   0.0   0.01  0.04  0.04  0.73  0.0   0.0   0.01  0.0   0.0   0.01  0.01  
47    V     0.01  0.0   0.0   0.0   0.0   0.0   0.0   0.0   0.0   0.6   0.2   0.0   0.0   0.0   0.0   0.0   0.01  0.0   0.0   0.18  
48    E     0.11  0.16  0.35  0.02  0.0   0.07  0.03  0.0   0.01  0.0   0.01  0.12  0.01  0.07  0.0   0.02  0.02  0.0   0.0   0.0   
49    K     0.04  0.02  0.0   0.0   0.0   0.03  0.02  0.0   0.02  0.0   0.01  0.61  0.0   0.0   0.0   0.03  0.1   0.0   0.0   0.11  
50    V     0.05  0.0   0.0   0.0   0.01  0.0   0.0   0.0   0.0   0.15  0.03  0.0   0.0   0.0   0.0   0.0   0.03  0.0   0.0   0.73  
51    A     0.15  0.09  0.03  0.01  0.0   0.09  0.01  0.01  0.04  0.03  0.01  0.21  0.0   0.01  0.05  0.21  0.01  0.0   0.03  0.0   
52    H     0.0   0.0   0.02  0.08  0.0   0.0   0.02  0.0   0.66  0.0   0.0   0.0   0.0   0.01  0.01  0.01  0.0   0.0   0.2   0.0   
53    L     0.0   0.0   0.0   0.0   0.0   0.0   0.0   0.0   0.0   0.01  0.75  0.0   0.15  0.02  0.0   0.0   0.0   0.0   0.07  0.01  
54    V     0.0   0.0   0.0   0.0   0.0   0.0   0.0   0.0   0.0   0.15  0.2   0.0   0.0   0.0   0.0   0.0   0.0   0.0   0.0   0.65  
55    R     0.04  0.14  0.01  0.02  0.01  0.03  0.13  0.01  0.01  0.0   0.03  0.28  0.02  0.0   0.0   0.09  0.16  0.0   0.0   0.03  
56    V     0.0   0.0   0.0   0.0   0.01  0.0   0.0   0.0   0.0   0.12  0.04  0.0   0.0   0.01  0.0   0.01  0.01  0.07  0.02  0.71  
57    E     0.0   0.0   0.0   0.01  0.0   0.04  0.67  0.09  0.0   0.0   0.0   0.08  0.0   0.0   0.0   0.06  0.01  0.0   0.0   0.03  
58    V     0.01  0.01  0.02  0.04  0.0   0.0   0.84  0.0   0.0   0.0   0.01  0.02  0.0   0.0   0.0   0.01  0.02  0.0   0.0   0.03  
59    V     0.04  0.0   0.0   0.0   0.0   0.0   0.0   0.0   0.0   0.24  0.13  0.0   0.0   0.0   0.0   0.0   0.03  0.0   0.0   0.55  
60    E     0.0   0.0   0.11  0.29  0.0   0.02  0.21  0.0   0.0   0.0   0.0   0.22  0.0   0.0   0.0   0.14  0.0   0.0   0.0   0.0   
