             A     R     N     D     C     Q     E     G     H     I     L     K     M     F     P     S     T     W     Y     V
1     T     0.0   0.0   0.0   0.0   0.0   0.0   0.0   0.0   0.0   0.0   0.0   0.0   0.0   0.0   0.0   0.0   1.0   0.0   0.0   0.0   
2     S     0.33  0.0   0.0   0.0   0.0   0.0   0.0   0.0   0.0   0.0   0.0   0.0   0.0   0.0   0.0   0.67  0.0   0.0   0.0   0.0   
3     V     0.0   0.0   0.0   0.0   0.0   0.3   0.0   0.0   0.0   0.0   0.0   0.0   0.0   0.0   0.0   0.0   0.0   0.0   0.0   0.7   
4     D     0.0   0.0   0.0   0.72  0.0   0.0   0.28  0.0   0.0   0.0   0.0   0.0   0.0   0.0   0.0   0.0   0.0   0.0   0.0   0.0   
5     C     0.0   0.0   0.3   0.0   0.42  0.0   0.0   0.0   0.0   0.0   0.0   0.0   0.0   0.0   0.0   0.28  0.0   0.0   0.0   0.0   
6     T     0.0   0.0   0.0   0.0   0.0   0.0   0.0   0.0   0.0   0.0   0.3   0.0   0.0   0.0   0.0   0.0   0.7   0.0   0.0   0.0   
7     A     0.5   0.0   0.0   0.0   0.0   0.0   0.28  0.0   0.0   0.0   0.0   0.0   0.0   0.0   0.21  0.0   0.0   0.0   0.0   0.0   
8     Y     0.0   0.0   0.0   0.0   0.0   0.0   0.0   0.0   0.0   0.0   0.0   0.0   0.0   0.28  0.0   0.0   0.0   0.0   0.42  0.3   
9     G     0.3   0.21  0.0   0.0   0.0   0.28  0.0   0.21  0.0   0.0   0.0   0.0   0.0   0.0   0.0   0.0   0.0   0.0   0.0   0.0   
10    P     0.28  0.0   0.0   0.21  0.0   0.0   0.0   0.0   0.0   0.0   0.0   0.0   0.0   0.0   0.5   0.0   0.0   0.0   0.0   0.0   
11    E     0.0   0.0   0.0   0.0   0.0   0.0   0.78  0.0   0.0   0.0   0.0   0.0   0.22  0.0   0.0   0.0   0.0   0.0   0.0   0.0   
12    L     0.0   0.0   0.0   0.0   0.0   0.0   0.0   0.0   0.0   0.17  0.64  0.0   0.0   0.0   0.0   0.19  0.0   0.0   0.0   0.0   
13    R     0.2   0.32  0.0   0.0   0.0   0.0   0.0   0.0   0.0   0.0   0.14  0.0   0.0   0.0   0.0   0.17  0.17  0.0   0.0   0.0   
14    A     0.27  0.0   0.17  0.2   0.0   0.0   0.0   0.0   0.0   0.0   0.19  0.0   0.0   0.0   0.0   0.0   0.0   0.0   0.17  0.0   
15    L     0.0   0.0   0.0   0.0   0.0   0.0   0.0   0.0   0.0   0.17  0.47  0.0   0.0   0.0   0.0   0.0   0.0   0.0   0.19  0.17  
16    A     0.66  0.0   0.0   0.0   0.0   0.0   0.0   0.34  0.0   0.0   0.0   0.0   0.0   0.0   0.0   0.0   0.0   0.0   0.0   0.0   
17    A     0.31  0.0   0.0   0.19  0.0   0.0   0.0   0.2   0.0   0.0   0.0   0.17  0.0   0.0   0.0   0.14  0.0   0.0   0.0   0.0   
18    R     0.0   0.33  0.0   0.0   0.0   0.0   0.33  0.0   0.0   0.0   0.17  0.17  0.0   0.0   0.0   0.0   0.0   0.0   0.0   0.0   
19    L     0.0   0.0   0.0   0.0   0.0   0.0   0.0   0.0   0.0   0.0   0.81  0.0   0.0   0.0   0.0   0.0   0.0   0.0   0.19  0.0   
20    P     0.0   0.0   0.0   0.0   0.0   0.0   0.13  0.0   0.0   0.0   0.0   0.25  0.0   0.0   0.62  0.0   0.0   0.0   0.0   0.0   
21    R     0.1   0.51  0.0   0.15  0.0   0.0   0.11  0.0   0.0   0.0   0.0   0.12  0.0   0.0   0.0   0.0   0.0   0.0   0.0   0.0   
22    T     0.1   0.13  0.0   0.0   0.0   0.0   0.0   0.0   0.0   0.13  0.0   0.1   0.0   0.09  0.0   0.0   0.23  0.0   0.12  0.1   
23    P     0.0   0.0   0.0   0.12  0.0   0.0   0.13  0.23  0.0   0.0   0.0   0.0   0.0   0.1   0.19  0.0   0.0   0.0   0.1   0.13  
24    R     0.0   0.45  0.0   0.13  0.0   0.0   0.12  0.0   0.09  0.0   0.0   0.2   0.0   0.0   0.0   0.0   0.0   0.0   0.0   0.0   
25    A     0.19  0.13  0.0   0.0   0.0   0.0   0.0   0.0   0.0   0.0   0.0   0.0   0.0   0.0   0.27  0.2   0.12  0.0   0.09  0.0   
26    D     0.12  0.0   0.0   0.51  0.0   0.0   0.36  0.0   0.0   0.0   0.0   0.0   0.0   0.0   0.0   0.0   0.0   0.0   0.0   0.0   
27    L     0.0   0.0   0.16  0.22  0.0   0.0   0.0   0.11  0.07  0.0   0.43  0.0   0.0   0.0   0.0   0.0   0.0   0.0   0.0   0.0   
28    Y     0.1   0.01  0.0   0.01  0.0   0.0   0.01  0.01  0.27  0.01  0.01  0.01  0.0   0.0   0.48  0.01  0.01  0.0   0.07  0.01  
29    A     0.07  0.01  0.0   0.29  0.0   0.0   0.28  0.29  0.0   0.01  0.01  0.01  0.0   0.0   0.01  0.01  0.01  0.0   0.0   0.01  
30    F     0.0   0.0   0.0   0.0   0.0   0.0   0.0   0.0   0.0   0.1   0.0   0.0   0.0   0.45  0.0   0.0   0.0   0.23  0.22  0.0   
31    L     0.0   0.19  0.0   0.0   0.1   0.0   0.0   0.0   0.0   0.25  0.36  0.0   0.0   0.0   0.0   0.0   0.0   0.0   0.0   0.09  
32    D     0.17  0.14  0.0   0.13  0.0   0.0   0.15  0.0   0.0   0.0   0.09  0.0   0.0   0.0   0.0   0.32  0.0   0.0   0.0   0.0   
33    A     0.52  0.0   0.0   0.09  0.0   0.1   0.07  0.0   0.0   0.0   0.0   0.0   0.07  0.0   0.0   0.06  0.1   0.0   0.0   0.0   
34    A     0.41  0.0   0.0   0.0   0.0   0.0   0.1   0.0   0.14  0.0   0.25  0.0   0.0   0.0   0.1   0.0   0.0   0.0   0.0   0.0   
35    H     0.14  0.09  0.0   0.0   0.0   0.1   0.0   0.0   0.31  0.0   0.0   0.16  0.0   0.0   0.09  0.0   0.0   0.0   0.0   0.1   
36    T     0.0   0.0   0.09  0.0   0.0   0.0   0.0   0.0   0.0   0.0   0.45  0.0   0.0   0.0   0.0   0.1   0.13  0.0   0.14  0.09  
37    A     0.37  0.0   0.13  0.15  0.0   0.0   0.01  0.01  0.06  0.09  0.08  0.01  0.0   0.0   0.01  0.01  0.01  0.0   0.06  0.01  
38    A     0.76  0.0   0.0   0.01  0.0   0.0   0.01  0.01  0.0   0.0   0.01  0.01  0.0   0.0   0.01  0.07  0.01  0.09  0.0   0.01  
39    A     0.24  0.0   0.0   0.01  0.0   0.15  0.01  0.01  0.18  0.0   0.01  0.1   0.0   0.18  0.01  0.01  0.01  0.0   0.07  0.01  
40    S     0.1   0.07  0.0   0.01  0.0   0.18  0.2   0.11  0.0   0.0   0.01  0.01  0.0   0.0   0.01  0.21  0.07  0.0   0.0   0.01  
41    L     0.01  0.0   0.0   0.01  0.0   0.0   0.01  0.01  0.0   0.0   0.82  0.01  0.0   0.0   0.01  0.01  0.01  0.09  0.0   0.01  
42    P     0.15  0.0   0.0   0.01  0.0   0.0   0.01  0.01  0.0   0.0   0.01  0.01  0.0   0.0   0.77  0.01  0.01  0.0   0.0   0.01  
43    G     0.1   0.09  0.0   0.01  0.0   0.0   0.46  0.07  0.0   0.0   0.01  0.01  0.0   0.0   0.1   0.11  0.01  0.0   0.0   0.01  
44    A     0.07  0.58  0.0   0.01  0.0   0.0   0.01  0.08  0.1   0.0   0.01  0.01  0.0   0.0   0.01  0.01  0.1   0.0   0.0   0.01  
45    L     0.01  0.0   0.0   0.01  0.0   0.0   0.15  0.01  0.0   0.25  0.42  0.01  0.0   0.0   0.01  0.01  0.01  0.0   0.0   0.11  
46    A     0.47  0.18  0.0   0.01  0.0   0.0   0.01  0.01  0.0   0.0   0.11  0.01  0.0   0.0   0.01  0.01  0.07  0.0   0.0   0.11  
47    T     0.42  0.22  0.0   0.01  0.0   0.0   0.01  0.06  0.0   0.0   0.01  0.07  0.0   0.0   0.01  0.01  0.16  0.0   0.0   0.01  
48    A     0.14  0.25  0.0   0.1   0.0   0.0   0.01  0.01  0.0   0.19  0.01  0.01  0.0   0.19  0.01  0.01  0.01  0.0   0.0   0.07  
49    L     0.01  0.0   0.0   0.01  0.0   0.0   0.01  0.01  0.0   0.0   0.68  0.01  0.09  0.0   0.15  0.01  0.01  0.0   0.0   0.01  
50    D     0.19  0.0   0.0   0.24  0.0   0.11  0.01  0.01  0.14  0.0   0.01  0.01  0.0   0.0   0.01  0.25  0.01  0.0   0.0   0.01  
51    T     0.01  0.21  0.07  0.1   0.0   0.07  0.11  0.1   0.0   0.0   0.01  0.15  0.0   0.0   0.01  0.01  0.14  0.0   0.0   0.01  
52    F     0.09  0.0   0.0   0.01  0.0   0.0   0.01  0.01  0.14  0.0   0.01  0.01  0.0   0.68  0.01  0.01  0.01  0.0   0.0   0.01  
53    N     0.11  0.42  0.14  0.01  0.0   0.0   0.01  0.26  0.0   0.0   0.01  0.01  0.0   0.0   0.01  0.01  0.01  0.0   0.0   0.01  
54    A     0.14  0.1   0.0   0.01  0.0   0.0   0.01  0.01  0.0   0.0   0.19  0.01  0.0   0.0   0.01  0.07  0.19  0.25  0.0   0.01  
55    E     0.01  0.1   0.0   0.43  0.0   0.0   0.07  0.11  0.0   0.0   0.01  0.01  0.14  0.0   0.01  0.01  0.01  0.0   0.0   0.07  
56    G     0.1   0.01  0.01  0.11  0.0   0.15  0.01  0.15  0.0   0.01  0.02  0.01  0.0   0.26  0.01  0.11  0.01  0.0   0.01  0.01  
57    S     0.01  0.0   0.0   0.01  0.0   0.0   0.1   0.24  0.0   0.0   0.01  0.01  0.11  0.0   0.01  0.39  0.01  0.09  0.0   0.01  
58    E     0.07  0.0   0.11  0.07  0.0   0.12  0.14  0.01  0.0   0.0   0.15  0.01  0.0   0.0   0.28  0.01  0.01  0.0   0.0   0.01  
59    D     0.01  0.0   0.0   0.29  0.0   0.07  0.11  0.01  0.09  0.0   0.01  0.01  0.0   0.0   0.01  0.25  0.01  0.0   0.12  0.01  
60    G     0.11  0.0   0.0   0.0   0.0   0.0   0.01  0.68  0.0   0.0   0.15  0.0   0.0   0.0   0.0   0.01  0.01  0.0   0.0   0.01  
61    H     0.43  0.0   0.0   0.0   0.0   0.0   0.0   0.0   0.17  0.1   0.1   0.0   0.0   0.0   0.14  0.0   0.0   0.0   0.07  0.0   
62    L     0.0   0.0   0.0   0.0   0.1   0.0   0.0   0.0   0.0   0.21  0.48  0.0   0.0   0.0   0.0   0.0   0.0   0.0   0.0   0.21  
63    L     0.0   0.0   0.0   0.0   0.0   0.0   0.0   0.0   0.0   0.06  0.24  0.0   0.0   0.0   0.0   0.0   0.0   0.0   0.14  0.56  
64    L     0.0   0.0   0.0   0.14  0.0   0.0   0.0   0.0   0.0   0.2   0.29  0.0   0.0   0.18  0.0   0.0   0.0   0.0   0.0   0.18  
65    R     0.0   0.5   0.0   0.0   0.0   0.06  0.0   0.0   0.14  0.0   0.0   0.1   0.0   0.0   0.0   0.1   0.1   0.0   0.0   0.0   
66    G     0.0   0.0   0.0   0.0   0.0   0.0   0.0   1.0   0.0   0.0   0.0   0.0   0.0   0.0   0.0   0.0   0.0   0.0   0.0   0.0   
67    L     0.14  0.0   0.09  0.0   0.0   0.0   0.0   0.0   0.0   0.0   0.77  0.0   0.0   0.0   0.0   0.0   0.0   0.0   0.0   0.0   
68    P     0.0   0.0   0.0   0.1   0.0   0.0   0.0   0.0   0.0   0.13  0.06  0.0   0.0   0.0   0.51  0.0   0.06  0.0   0.0   0.14  
69    V     0.01  0.01  0.0   0.01  0.0   0.0   0.25  0.01  0.0   0.01  0.01  0.01  0.14  0.0   0.01  0.01  0.01  0.0   0.0   0.51  
70    E     0.01  0.01  0.0   0.45  0.0   0.15  0.07  0.01  0.0   0.07  0.01  0.01  0.0   0.0   0.01  0.01  0.01  0.0   0.0   0.19  
71    A     0.08  0.01  0.01  0.34  0.0   0.21  0.02  0.09  0.01  0.01  0.02  0.01  0.01  0.01  0.01  0.11  0.01  0.0   0.01  0.02  
72    D     0.01  0.0   0.0   0.56  0.0   0.25  0.01  0.01  0.0   0.0   0.01  0.01  0.0   0.0   0.0   0.01  0.01  0.0   0.0   0.11  
73    A     0.15  0.2   0.0   0.33  0.0   0.0   0.06  0.0   0.0   0.0   0.0   0.0   0.09  0.0   0.0   0.16  0.0   0.0   0.0   0.0   
74    D     0.24  0.0   0.0   0.13  0.0   0.0   0.14  0.09  0.06  0.0   0.1   0.0   0.0   0.0   0.0   0.1   0.14  0.0   0.0   0.0   
75    L     0.0   0.0   0.0   0.0   0.0   0.0   0.0   0.1   0.0   0.0   0.9   0.0   0.0   0.0   0.0   0.0   0.0   0.0   0.0   0.0   
76    P     0.0   0.0   0.0   0.0   0.0   0.0   0.0   0.43  0.0   0.0   0.14  0.0   0.0   0.0   0.43  0.0   0.0   0.0   0.0   0.0   
77    T     0.1   0.0   0.0   0.0   0.0   0.0   0.21  0.0   0.0   0.0   0.0   0.0   0.0   0.0   0.44  0.09  0.16  0.0   0.0   0.0   
78    T     0.01  0.01  0.01  0.01  0.0   0.01  0.01  0.01  0.0   0.01  0.01  0.01  0.0   0.01  0.11  0.01  0.77  0.0   0.0   0.01  
79    P     0.01  0.01  0.01  0.01  0.0   0.01  0.11  0.01  0.0   0.01  0.01  0.01  0.0   0.01  0.77  0.01  0.01  0.0   0.0   0.01  
80    S     0.17  0.17  0.01  0.01  0.0   0.01  0.01  0.01  0.1   0.01  0.01  0.01  0.0   0.01  0.13  0.08  0.18  0.0   0.0   0.1   
81    S     0.0   0.0   0.12  0.1   0.0   0.0   0.0   0.0   0.09  0.0   0.0   0.0   0.0   0.0   0.0   0.36  0.0   0.24  0.0   0.09  
82    T     0.0   0.19  0.2   0.0   0.0   0.0   0.0   0.0   0.0   0.0   0.14  0.0   0.0   0.0   0.0   0.0   0.13  0.33  0.0   0.0   
83    P     0.01  0.19  0.0   0.1   0.0   0.19  0.01  0.1   0.0   0.01  0.15  0.06  0.0   0.0   0.14  0.01  0.01  0.0   0.0   0.01  
84    A     0.28  0.0   0.0   0.0   0.0   0.0   0.13  0.06  0.0   0.0   0.0   0.1   0.0   0.0   0.0   0.25  0.09  0.0   0.0   0.1   
85    P     0.21  0.0   0.0   0.0   0.0   0.1   0.0   0.0   0.1   0.0   0.0   0.0   0.0   0.0   0.23  0.0   0.13  0.0   0.0   0.23  
86    E     0.1   0.23  0.0   0.25  0.0   0.09  0.07  0.0   0.0   0.1   0.07  0.0   0.0   0.0   0.0   0.0   0.0   0.0   0.0   0.1   
87    D     0.0   0.09  0.0   0.28  0.0   0.0   0.0   0.1   0.07  0.0   0.0   0.0   0.0   0.0   0.1   0.0   0.09  0.0   0.18  0.1   
88    R     0.1   0.13  0.0   0.0   0.0   0.0   0.16  0.06  0.0   0.0   0.0   0.0   0.0   0.0   0.09  0.31  0.0   0.0   0.0   0.14  
89    S     0.2   0.1   0.0   0.0   0.0   0.0   0.0   0.23  0.0   0.0   0.0   0.32  0.0   0.0   0.0   0.07  0.1   0.0   0.0   0.0   
90    L     0.0   0.07  0.0   0.0   0.0   0.0   0.0   0.0   0.0   0.07  0.39  0.0   0.0   0.0   0.0   0.37  0.1   0.0   0.0   0.0   
91    L     0.0   0.09  0.12  0.0   0.0   0.0   0.0   0.0   0.0   0.0   0.42  0.0   0.07  0.0   0.0   0.0   0.25  0.0   0.0   0.06  
92    T     0.0   0.1   0.1   0.0   0.0   0.14  0.07  0.09  0.0   0.0   0.0   0.18  0.0   0.0   0.19  0.0   0.07  0.0   0.0   0.07  
93    M     0.09  0.0   0.0   0.0   0.0   0.1   0.0   0.0   0.0   0.0   0.33  0.0   0.24  0.0   0.0   0.0   0.0   0.0   0.25  0.0   
94    E     0.09  0.0   0.0   0.1   0.0   0.0   0.23  0.25  0.14  0.0   0.0   0.0   0.0   0.0   0.0   0.19  0.0   0.0   0.0   0.0   
95    A     0.13  0.1   0.0   0.0   0.0   0.0   0.0   0.14  0.0   0.19  0.0   0.0   0.0   0.33  0.0   0.0   0.0   0.0   0.0   0.09  
96    M     0.1   0.0   0.0   0.0   0.0   0.0   0.0   0.0   0.0   0.25  0.18  0.0   0.13  0.1   0.0   0.0   0.0   0.0   0.1   0.14  
97    L     0.0   0.07  0.0   0.0   0.18  0.1   0.0   0.0   0.0   0.0   0.24  0.0   0.0   0.19  0.14  0.07  0.0   0.0   0.0   0.0   
98    G     0.18  0.0   0.0   0.0   0.0   0.0   0.01  0.07  0.0   0.0   0.11  0.01  0.09  0.0   0.0   0.25  0.15  0.0   0.1   0.01  
99    L     0.0   0.0   0.0   0.0   0.0   0.0   0.14  0.0   0.0   0.0   0.77  0.0   0.09  0.0   0.0   0.0   0.0   0.0   0.0   0.0   
100   V     0.07  0.0   0.0   0.0   0.1   0.0   0.0   0.0   0.0   0.2   0.25  0.0   0.0   0.0   0.14  0.0   0.09  0.0   0.09  0.07  
101   G     0.27  0.0   0.1   0.0   0.0   0.0   0.0   0.62  0.0   0.0   0.0   0.0   0.0   0.0   0.0   0.0   0.0   0.0   0.0   0.0   
102   R     0.49  0.13  0.1   0.0   0.09  0.0   0.1   0.09  0.0   0.0   0.0   0.0   0.0   0.0   0.0   0.0   0.0   0.0   0.0   0.0   
103   R     0.1   0.13  0.0   0.0   0.1   0.0   0.0   0.09  0.0   0.06  0.32  0.0   0.0   0.0   0.0   0.0   0.0   0.0   0.0   0.19  
104   L     0.0   0.0   0.0   0.0   0.0   0.0   0.0   0.0   0.0   0.14  0.51  0.0   0.0   0.0   0.25  0.0   0.0   0.0   0.0   0.1   
105   G     0.0   0.0   0.0   0.0   0.0   0.0   0.0   0.61  0.0   0.0   0.0   0.0   0.0   0.0   0.14  0.25  0.0   0.0   0.0   0.0   
106   L     0.0   0.1   0.0   0.37  0.0   0.0   0.0   0.0   0.0   0.0   0.28  0.25  0.0   0.0   0.0   0.0   0.0   0.0   0.0   0.0   
107   H     0.14  0.0   0.0   0.0   0.0   0.0   0.0   0.0   0.13  0.0   0.0   0.0   0.1   0.0   0.44  0.0   0.0   0.0   0.0   0.18  
108   T     0.0   0.0   0.0   0.0   0.0   0.0   0.0   0.09  0.0   0.34  0.0   0.0   0.0   0.18  0.0   0.0   0.13  0.0   0.0   0.25  
109   G     0.2   0.0   0.0   0.0   0.0   0.18  0.07  0.41  0.0   0.0   0.0   0.0   0.0   0.0   0.0   0.14  0.0   0.0   0.0   0.0   
110   Y     0.0   0.0   0.0   0.0   0.0   0.0   0.0   0.0   0.0   0.0   0.0   0.0   0.0   0.23  0.0   0.0   0.0   0.28  0.48  0.0   
111   R     0.53  0.07  0.0   0.0   0.0   0.07  0.1   0.0   0.0   0.14  0.09  0.0   0.0   0.0   0.0   0.0   0.0   0.0   0.0   0.0   
112   E     0.1   0.14  0.0   0.0   0.0   0.25  0.13  0.0   0.0   0.0   0.0   0.0   0.0   0.0   0.09  0.0   0.28  0.0   0.0   0.0   
113   L     0.0   0.25  0.0   0.0   0.0   0.28  0.34  0.0   0.0   0.0   0.13  0.0   0.0   0.0   0.0   0.0   0.0   0.0   0.0   0.0   
114   R     0.0   0.13  0.0   0.0   0.0   0.28  0.0   0.1   0.0   0.0   0.0   0.34  0.0   0.0   0.0   0.14  0.0   0.0   0.0   0.0   
115   S     0.0   0.0   0.23  0.28  0.0   0.0   0.0   0.25  0.1   0.0   0.0   0.0   0.0   0.0   0.0   0.13  0.0   0.0   0.0   0.0   
116   G     0.0   0.0   0.0   0.0   0.0   0.0   0.0   0.86  0.0   0.0   0.0   0.0   0.0   0.14  0.0   0.0   0.0   0.0   0.0   0.0   
117   T     0.09  0.18  0.0   0.0   0.0   0.0   0.0   0.39  0.1   0.0   0.0   0.0   0.0   0.1   0.0   0.0   0.13  0.0   0.0   0.0   
118   V     0.0   0.0   0.0   0.0   0.0   0.0   0.0   0.0   0.0   0.26  0.28  0.0   0.0   0.0   0.0   0.0   0.1   0.0   0.0   0.36  
119   Y     0.0   0.0   0.0   0.0   0.0   0.0   0.0   0.0   0.0   0.0   0.32  0.0   0.26  0.1   0.0   0.0   0.0   0.0   0.13  0.18  
120   H     0.0   0.0   0.0   0.0   0.0   0.2   0.0   0.0   0.58  0.0   0.0   0.0   0.0   0.14  0.0   0.0   0.09  0.0   0.0   0.0   
121   D     0.25  0.0   0.0   0.75  0.0   0.0   0.0   0.0   0.0   0.0   0.0   0.0   0.0   0.0   0.0   0.0   0.0   0.0   0.0   0.0   
122   V     0.0   0.0   0.0   0.0   0.0   0.0   0.0   0.0   0.0   0.07  0.0   0.0   0.1   0.0   0.0   0.0   0.0   0.0   0.0   0.83  
123   Y     0.01  0.01  0.01  0.01  0.0   0.01  0.01  0.01  0.0   0.26  0.2   0.01  0.0   0.01  0.01  0.01  0.01  0.0   0.23  0.2   
124   P     0.01  0.01  0.01  0.01  0.0   0.01  0.01  0.01  0.0   0.01  0.01  0.01  0.0   0.01  0.87  0.01  0.01  0.0   0.0   0.01  
125   S     0.0   0.14  0.0   0.25  0.0   0.0   0.0   0.0   0.0   0.18  0.0   0.0   0.0   0.0   0.0   0.24  0.0   0.0   0.0   0.19  
126   P     0.1   0.0   0.0   0.0   0.0   0.1   0.25  0.0   0.0   0.0   0.0   0.18  0.0   0.0   0.23  0.14  0.0   0.0   0.0   0.0   
127   G     0.0   0.0   0.07  0.0   0.0   0.0   0.0   0.51  0.0   0.0   0.0   0.32  0.0   0.0   0.0   0.1   0.0   0.0   0.0   0.0   
128   A     0.38  0.0   0.0   0.0   0.0   0.0   0.0   0.09  0.1   0.0   0.0   0.0   0.34  0.1   0.0   0.0   0.0   0.0   0.0   0.0   
129   H     0.12  0.0   0.0   0.14  0.0   0.0   0.37  0.0   0.24  0.0   0.0   0.0   0.0   0.0   0.0   0.13  0.0   0.0   0.0   0.0   
130   H     0.14  0.0   0.0   0.0   0.0   0.0   0.09  0.0   0.4   0.0   0.0   0.0   0.0   0.07  0.0   0.1   0.12  0.0   0.07  0.0   
131   L     0.0   0.0   0.0   0.14  0.0   0.23  0.1   0.0   0.0   0.0   0.13  0.0   0.0   0.09  0.0   0.0   0.21  0.0   0.1   0.0   
132   S     0.0   0.0   0.0   0.0   0.0   0.31  0.1   0.0   0.0   0.0   0.0   0.0   0.0   0.0   0.0   0.28  0.23  0.0   0.0   0.09  
133   S     0.0   0.0   0.14  0.0   0.0   0.0   0.0   0.54  0.0   0.0   0.0   0.0   0.0   0.0   0.0   0.32  0.0   0.0   0.0   0.0   
134   E     0.14  0.0   0.09  0.0   0.0   0.0   0.13  0.0   0.0   0.0   0.1   0.0   0.0   0.0   0.0   0.43  0.0   0.1   0.0   0.0   
135   T     0.09  0.0   0.1   0.0   0.0   0.0   0.0   0.45  0.0   0.0   0.0   0.0   0.0   0.0   0.0   0.09  0.13  0.0   0.14  0.0   
136   S     0.0   0.0   0.0   0.0   0.0   0.0   0.0   0.09  0.0   0.0   0.0   0.0   0.0   0.0   0.0   0.77  0.14  0.0   0.0   0.0   
137   E     0.25  0.21  0.0   0.0   0.0   0.0   0.23  0.0   0.0   0.0   0.1   0.12  0.0   0.0   0.0   0.09  0.0   0.0   0.0   0.0   
138   T     0.0   0.0   0.0   0.0   0.0   0.18  0.1   0.0   0.0   0.0   0.0   0.0   0.0   0.14  0.0   0.0   0.47  0.0   0.0   0.1   
139   L     0.0   0.0   0.2   0.19  0.0   0.0   0.19  0.0   0.1   0.0   0.23  0.0   0.0   0.0   0.0   0.0   0.1   0.0   0.0   0.0   
140   L     0.0   0.0   0.0   0.0   0.0   0.0   0.0   0.0   0.0   0.0   0.82  0.0   0.18  0.0   0.0   0.0   0.0   0.0   0.0   0.0   
141   E     0.0   0.0   0.0   0.0   0.0   0.0   0.35  0.16  0.0   0.0   0.0   0.0   0.0   0.14  0.1   0.08  0.13  0.0   0.05  0.0   
142   F     0.0   0.0   0.0   0.0   0.0   0.0   0.0   0.0   0.0   0.0   0.44  0.0   0.0   0.16  0.0   0.0   0.0   0.21  0.0   0.19  
143   H     0.0   0.0   0.0   0.0   0.0   0.0   0.0   0.0   1.0   0.0   0.0   0.0   0.0   0.0   0.0   0.0   0.0   0.0   0.0   0.0   
144   T     0.0   0.0   0.24  0.0   0.0   0.0   0.0   0.0   0.0   0.0   0.0   0.0   0.09  0.0   0.0   0.0   0.67  0.0   0.0   0.0   
145   E     0.0   0.0   0.0   0.37  0.0   0.0   0.63  0.0   0.0   0.0   0.0   0.0   0.0   0.0   0.0   0.0   0.0   0.0   0.0   0.0   
146   M     0.0   0.0   0.06  0.4   0.0   0.07  0.0   0.18  0.0   0.0   0.19  0.0   0.1   0.0   0.0   0.0   0.0   0.0   0.0   0.0   
147   A     0.56  0.0   0.0   0.0   0.0   0.0   0.0   0.0   0.0   0.0   0.09  0.0   0.0   0.0   0.1   0.08  0.18  0.0   0.0   0.0   
148   Y     0.0   0.0   0.0   0.0   0.0   0.0   0.0   0.0   0.0   0.0   0.0   0.0   0.0   0.59  0.0   0.0   0.1   0.0   0.31  0.0   
149   H     0.0   0.1   0.0   0.0   0.0   0.0   0.0   0.0   0.3   0.0   0.19  0.0   0.0   0.09  0.0   0.14  0.0   0.0   0.0   0.18  
150   R     0.0   0.05  0.05  0.0   0.0   0.09  0.29  0.0   0.05  0.05  0.05  0.0   0.0   0.05  0.28  0.05  0.0   0.0   0.0   0.0   
151   L     0.0   0.0   0.14  0.0   0.08  0.05  0.12  0.0   0.2   0.0   0.33  0.0   0.0   0.0   0.0   0.0   0.0   0.0   0.06  0.0   
152   Q     0.05  0.34  0.0   0.0   0.0   0.38  0.0   0.0   0.0   0.14  0.0   0.0   0.0   0.0   0.09  0.0   0.0   0.0   0.0   0.0   
153   P     0.26  0.0   0.0   0.0   0.0   0.0   0.0   0.08  0.0   0.0   0.0   0.0   0.0   0.0   0.42  0.0   0.25  0.0   0.0   0.0   
154   N     0.0   0.0   0.1   0.71  0.0   0.09  0.0   0.1   0.0   0.0   0.0   0.0   0.0   0.0   0.0   0.0   0.0   0.0   0.0   0.0   
155   Y     0.0   0.0   0.0   0.0   0.0   0.0   0.0   0.0   0.0   0.0   0.1   0.0   0.0   0.42  0.0   0.0   0.0   0.0   0.48  0.0   
156   V     0.0   0.0   0.0   0.0   0.0   0.19  0.0   0.0   0.0   0.0   0.26  0.0   0.0   0.0   0.0   0.0   0.0   0.0   0.0   0.55  
157   M     0.08  0.0   0.0   0.0   0.0   0.0   0.0   0.13  0.0   0.0   0.18  0.0   0.16  0.19  0.0   0.26  0.0   0.0   0.0   0.0   
158   L     0.0   0.0   0.0   0.0   0.0   0.0   0.0   0.0   0.0   0.0   0.63  0.0   0.18  0.19  0.0   0.0   0.0   0.0   0.0   0.0   
159   A     0.17  0.0   0.0   0.0   0.0   0.0   0.0   0.0   0.19  0.0   0.37  0.0   0.27  0.0   0.0   0.0   0.0   0.0   0.0   0.0   
160   C     0.0   0.0   0.0   0.0   0.57  0.0   0.0   0.0   0.0   0.0   0.0   0.18  0.0   0.1   0.0   0.06  0.0   0.0   0.1   0.0   
161   S     0.0   0.0   0.0   0.0   0.0   0.0   0.0   0.0   0.0   0.18  0.73  0.0   0.0   0.0   0.0   0.1   0.0   0.0   0.0   0.0   
162   R     0.0   0.65  0.0   0.18  0.0   0.0   0.0   0.0   0.0   0.0   0.0   0.08  0.0   0.0   0.0   0.0   0.0   0.0   0.0   0.1   
163   A     0.18  0.01  0.32  0.02  0.01  0.01  0.2   0.09  0.01  0.01  0.03  0.02  0.01  0.01  0.01  0.02  0.02  0.0   0.01  0.02  
164   D     0.0   0.0   0.28  0.4   0.0   0.12  0.0   0.0   0.0   0.0   0.0   0.05  0.0   0.0   0.14  0.0   0.0   0.0   0.0   0.0   
165   H     0.1   0.1   0.18  0.0   0.0   0.0   0.2   0.07  0.1   0.0   0.01  0.0   0.0   0.0   0.14  0.0   0.0   0.0   0.08  0.0   
166   E     0.01  0.01  0.01  0.01  0.0   0.01  0.37  0.01  0.0   0.01  0.01  0.01  0.18  0.01  0.01  0.01  0.17  0.0   0.0   0.17  
167   R     0.01  0.2   0.06  0.07  0.0   0.27  0.13  0.17  0.0   0.01  0.01  0.01  0.0   0.01  0.01  0.01  0.01  0.0   0.0   0.01  
168   T     0.01  0.19  0.0   0.0   0.0   0.0   0.0   0.44  0.0   0.0   0.01  0.0   0.0   0.0   0.0   0.01  0.12  0.0   0.0   0.2   
169   A     0.31  0.0   0.1   0.0   0.0   0.0   0.0   0.27  0.0   0.0   0.0   0.0   0.0   0.0   0.19  0.0   0.07  0.0   0.0   0.06  
170   A     0.18  0.0   0.18  0.0   0.0   0.0   0.13  0.06  0.0   0.0   0.07  0.0   0.0   0.0   0.0   0.38  0.0   0.0   0.0   0.0   
171   T     0.0   0.0   0.0   0.0   0.07  0.0   0.0   0.0   0.0   0.0   0.06  0.0   0.0   0.0   0.0   0.27  0.6   0.0   0.0   0.0   
172   L     0.0   0.06  0.0   0.07  0.0   0.0   0.0   0.0   0.0   0.09  0.47  0.0   0.08  0.1   0.0   0.0   0.06  0.0   0.07  0.0   
173   V     0.0   0.0   0.0   0.0   0.0   0.0   0.0   0.0   0.0   0.07  0.31  0.0   0.0   0.09  0.0   0.0   0.06  0.0   0.19  0.27  
174   A     0.26  0.01  0.01  0.01  0.08  0.01  0.02  0.07  0.01  0.01  0.2   0.01  0.01  0.08  0.01  0.16  0.01  0.0   0.01  0.02  
175   S     0.01  0.01  0.0   0.24  0.07  0.0   0.01  0.07  0.18  0.06  0.01  0.01  0.0   0.0   0.01  0.32  0.01  0.0   0.0   0.01  
176   V     0.25  0.06  0.0   0.01  0.0   0.0   0.01  0.01  0.0   0.1   0.19  0.01  0.0   0.0   0.01  0.01  0.01  0.0   0.0   0.35  
177   R     0.01  0.38  0.01  0.19  0.0   0.01  0.08  0.09  0.0   0.01  0.11  0.01  0.0   0.01  0.01  0.06  0.01  0.0   0.01  0.01  
178   K     0.01  0.07  0.01  0.36  0.0   0.08  0.01  0.01  0.15  0.01  0.01  0.1   0.0   0.01  0.01  0.15  0.01  0.0   0.0   0.01  
179   A     0.21  0.01  0.01  0.01  0.0   0.01  0.02  0.17  0.15  0.01  0.17  0.01  0.01  0.01  0.08  0.02  0.01  0.0   0.01  0.08  
180   L     0.1   0.05  0.0   0.0   0.0   0.0   0.0   0.15  0.0   0.0   0.23  0.0   0.0   0.1   0.0   0.0   0.0   0.25  0.0   0.08  
181   P     0.18  0.0   0.0   0.11  0.0   0.0   0.27  0.01  0.0   0.0   0.01  0.1   0.0   0.0   0.29  0.0   0.0   0.0   0.0   0.0   
182   L     0.01  0.01  0.08  0.07  0.0   0.06  0.01  0.01  0.13  0.11  0.17  0.01  0.05  0.01  0.01  0.01  0.17  0.0   0.01  0.06  
183   L     0.11  0.01  0.01  0.01  0.06  0.01  0.01  0.01  0.0   0.08  0.6   0.01  0.0   0.01  0.01  0.01  0.01  0.0   0.01  0.01  
184   D     0.02  0.01  0.01  0.5   0.0   0.01  0.11  0.02  0.01  0.01  0.02  0.01  0.01  0.01  0.01  0.08  0.13  0.0   0.01  0.02  
185   E     0.11  0.0   0.19  0.19  0.0   0.0   0.26  0.01  0.0   0.0   0.05  0.01  0.0   0.0   0.0   0.01  0.08  0.0   0.0   0.08  
186   R     0.1   0.2   0.0   0.08  0.0   0.07  0.07  0.0   0.0   0.0   0.1   0.1   0.0   0.14  0.05  0.06  0.0   0.0   0.04  0.0   
187   T     0.08  0.1   0.0   0.0   0.0   0.0   0.07  0.0   0.0   0.24  0.0   0.0   0.0   0.18  0.0   0.0   0.29  0.0   0.0   0.05  
188   R     0.0   0.34  0.0   0.0   0.0   0.09  0.0   0.0   0.0   0.17  0.19  0.0   0.14  0.0   0.0   0.0   0.0   0.0   0.0   0.06  
189   A     0.21  0.0   0.0   0.26  0.0   0.05  0.22  0.0   0.14  0.0   0.0   0.05  0.0   0.08  0.0   0.0   0.0   0.0   0.0   0.0   
190   R     0.25  0.1   0.0   0.0   0.0   0.0   0.17  0.0   0.0   0.0   0.0   0.1   0.07  0.0   0.18  0.0   0.07  0.0   0.0   0.06  
191   L     0.09  0.0   0.0   0.0   0.0   0.0   0.0   0.0   0.0   0.0   0.68  0.0   0.05  0.0   0.17  0.0   0.0   0.0   0.0   0.0   
192   L     0.28  0.07  0.0   0.0   0.0   0.0   0.0   0.0   0.0   0.0   0.05  0.0   0.0   0.31  0.0   0.16  0.0   0.06  0.0   0.08  
193   D     0.16  0.18  0.0   0.14  0.0   0.13  0.12  0.0   0.0   0.0   0.0   0.1   0.0   0.08  0.0   0.0   0.0   0.0   0.09  0.0   
194   R     0.0   0.27  0.0   0.0   0.0   0.0   0.13  0.0   0.0   0.0   0.0   0.0   0.0   0.0   0.33  0.09  0.08  0.0   0.1   0.0   
195   R     0.0   0.28  0.0   0.0   0.0   0.08  0.12  0.0   0.0   0.19  0.0   0.05  0.07  0.0   0.12  0.0   0.0   0.0   0.0   0.09  
196   M     0.0   0.0   0.0   0.0   0.0   0.0   0.0   0.0   0.0   0.0   0.19  0.0   0.3   0.2   0.0   0.0   0.0   0.07  0.19  0.05  
197   P     0.0   0.31  0.0   0.0   0.0   0.16  0.0   0.0   0.0   0.0   0.1   0.1   0.0   0.0   0.17  0.0   0.16  0.0   0.0   0.0   
198   C     0.0   0.0   0.0   0.17  0.39  0.0   0.0   0.0   0.0   0.07  0.0   0.0   0.0   0.08  0.0   0.0   0.14  0.1   0.0   0.06  
199   C     0.19  0.0   0.14  0.0   0.1   0.0   0.1   0.0   0.0   0.0   0.07  0.0   0.0   0.0   0.19  0.0   0.13  0.0   0.0   0.09  
200   V     0.18  0.0   0.06  0.0   0.0   0.09  0.0   0.0   0.0   0.0   0.0   0.19  0.0   0.0   0.13  0.08  0.1   0.0   0.0   0.17  
201   D     0.0   0.0   0.0   0.43  0.0   0.0   0.0   0.0   0.08  0.0   0.0   0.0   0.0   0.0   0.34  0.06  0.0   0.0   0.0   0.09  
202   V     0.19  0.0   0.0   0.07  0.0   0.0   0.07  0.0   0.0   0.0   0.08  0.0   0.0   0.0   0.33  0.0   0.06  0.0   0.0   0.19  
203   A     0.23  0.0   0.19  0.0   0.0   0.0   0.1   0.0   0.0   0.0   0.0   0.0   0.0   0.09  0.08  0.31  0.0   0.0   0.0   0.0   
204   F     0.0   0.0   0.0   0.0   0.0   0.14  0.0   0.0   0.07  0.0   0.0   0.18  0.0   0.42  0.0   0.0   0.0   0.0   0.19  0.0   
205   R     0.01  0.27  0.25  0.01  0.0   0.18  0.01  0.01  0.0   0.0   0.08  0.06  0.0   0.0   0.01  0.01  0.01  0.0   0.1   0.01  
206   G     0.06  0.01  0.11  0.01  0.0   0.01  0.06  0.31  0.0   0.08  0.02  0.01  0.0   0.01  0.01  0.01  0.09  0.0   0.01  0.19  
207   G     0.14  0.07  0.01  0.06  0.0   0.01  0.06  0.11  0.07  0.01  0.01  0.11  0.0   0.08  0.07  0.18  0.01  0.0   0.0   0.01  
208   V     0.05  0.0   0.0   0.1   0.0   0.0   0.36  0.07  0.0   0.05  0.0   0.12  0.0   0.0   0.0   0.0   0.0   0.0   0.0   0.25  
209   D     0.0   0.17  0.14  0.37  0.0   0.0   0.18  0.08  0.0   0.0   0.0   0.07  0.0   0.0   0.0   0.0   0.0   0.0   0.0   0.0   
210   D     0.18  0.0   0.0   0.36  0.0   0.0   0.0   0.07  0.1   0.0   0.0   0.0   0.0   0.06  0.0   0.0   0.0   0.0   0.0   0.23  
211   P     0.05  0.0   0.0   0.0   0.0   0.0   0.11  0.1   0.0   0.0   0.05  0.0   0.0   0.18  0.38  0.1   0.0   0.0   0.0   0.0   
212   G     0.16  0.0   0.09  0.0   0.0   0.0   0.0   0.33  0.27  0.07  0.0   0.0   0.0   0.0   0.0   0.0   0.08  0.0   0.0   0.0   
213   A     0.21  0.0   0.0   0.05  0.0   0.0   0.0   0.0   0.09  0.06  0.0   0.08  0.0   0.0   0.4   0.1   0.0   0.0   0.0   0.0   
214   I     0.06  0.0   0.0   0.13  0.0   0.0   0.0   0.09  0.0   0.17  0.21  0.0   0.0   0.0   0.0   0.0   0.0   0.0   0.0   0.34  
215   A     0.15  0.01  0.01  0.01  0.0   0.01  0.19  0.01  0.0   0.16  0.01  0.01  0.0   0.18  0.06  0.01  0.01  0.0   0.1   0.08  
216   Q     0.11  0.13  0.06  0.19  0.0   0.05  0.05  0.01  0.1   0.01  0.01  0.01  0.0   0.01  0.07  0.13  0.06  0.0   0.0   0.01  
217   V     0.06  0.08  0.01  0.01  0.0   0.01  0.01  0.01  0.0   0.01  0.11  0.01  0.0   0.01  0.08  0.01  0.21  0.0   0.0   0.39  
218   K     0.15  0.01  0.01  0.36  0.0   0.01  0.01  0.01  0.1   0.01  0.02  0.11  0.0   0.01  0.01  0.11  0.06  0.0   0.01  0.01  
219   P     0.02  0.02  0.01  0.02  0.01  0.01  0.02  0.02  0.01  0.08  0.03  0.02  0.01  0.01  0.27  0.16  0.06  0.0   0.01  0.19  
220   L     0.01  0.01  0.01  0.01  0.0   0.01  0.01  0.01  0.0   0.01  0.68  0.01  0.0   0.01  0.01  0.11  0.01  0.0   0.0   0.1   
221   Y     0.01  0.01  0.01  0.01  0.0   0.01  0.01  0.11  0.0   0.01  0.08  0.01  0.0   0.08  0.01  0.18  0.08  0.0   0.37  0.01  
222   G     0.11  0.01  0.01  0.01  0.0   0.01  0.11  0.64  0.0   0.01  0.02  0.01  0.0   0.01  0.01  0.01  0.01  0.0   0.01  0.01  
223   D     0.13  0.0   0.14  0.3   0.0   0.08  0.0   0.0   0.07  0.0   0.0   0.0   0.0   0.0   0.0   0.15  0.0   0.0   0.0   0.1   
224   A     0.1   0.52  0.0   0.07  0.0   0.08  0.06  0.1   0.0   0.0   0.0   0.05  0.0   0.0   0.0   0.0   0.0   0.0   0.0   0.0   
225   D     0.06  0.0   0.05  0.28  0.0   0.08  0.19  0.18  0.0   0.0   0.0   0.05  0.0   0.0   0.0   0.11  0.0   0.0   0.0   0.0   
226   D     0.12  0.22  0.08  0.3   0.0   0.0   0.0   0.0   0.0   0.1   0.1   0.0   0.0   0.0   0.0   0.0   0.0   0.0   0.0   0.09  
227   P     0.0   0.1   0.09  0.0   0.0   0.0   0.0   0.0   0.0   0.0   0.0   0.0   0.0   0.0   0.81  0.0   0.0   0.0   0.0   0.0   
228   F     0.0   0.0   0.0   0.06  0.0   0.09  0.0   0.0   0.06  0.0   0.1   0.0   0.0   0.36  0.0   0.0   0.05  0.0   0.14  0.12  
229   L     0.1   0.0   0.0   0.0   0.0   0.0   0.0   0.0   0.0   0.31  0.29  0.0   0.3   0.0   0.0   0.0   0.0   0.0   0.0   0.0   
230   G     0.08  0.57  0.19  0.0   0.0   0.0   0.0   0.1   0.0   0.0   0.0   0.0   0.0   0.0   0.0   0.0   0.0   0.0   0.0   0.07  
231   Y     0.0   0.0   0.0   0.0   0.0   0.0   0.0   0.0   0.0   0.07  0.08  0.0   0.0   0.36  0.0   0.0   0.0   0.0   0.37  0.13  
232   D     0.0   0.0   0.0   0.63  0.0   0.0   0.0   0.0   0.0   0.18  0.1   0.0   0.0   0.0   0.0   0.09  0.0   0.0   0.0   0.0   
233   R     0.0   0.19  0.0   0.18  0.0   0.07  0.19  0.06  0.07  0.0   0.06  0.0   0.0   0.0   0.17  0.0   0.0   0.0   0.0   0.0   
234   E     0.16  0.0   0.0   0.14  0.0   0.37  0.1   0.0   0.0   0.0   0.0   0.0   0.0   0.0   0.09  0.0   0.0   0.0   0.14  0.0   
235   L     0.06  0.0   0.0   0.0   0.0   0.0   0.0   0.0   0.08  0.19  0.17  0.0   0.07  0.34  0.1   0.0   0.0   0.0   0.0   0.0   
236   L     0.0   0.0   0.0   0.0   0.0   0.16  0.0   0.0   0.0   0.0   0.1   0.0   0.15  0.19  0.06  0.0   0.06  0.0   0.1   0.18  
237   A     0.25  0.07  0.19  0.0   0.0   0.28  0.06  0.07  0.0   0.0   0.0   0.08  0.0   0.0   0.0   0.0   0.0   0.0   0.0   0.0   
238   P     0.0   0.0   0.0   0.0   0.0   0.0   0.26  0.07  0.0   0.0   0.0   0.0   0.17  0.0   0.43  0.0   0.0   0.0   0.0   0.07  
239   E     0.0   0.0   0.1   0.22  0.0   0.07  0.15  0.06  0.0   0.07  0.09  0.17  0.0   0.0   0.0   0.0   0.0   0.0   0.0   0.06  
240   D     0.29  0.0   0.05  0.36  0.0   0.0   0.0   0.07  0.0   0.0   0.09  0.0   0.0   0.0   0.0   0.07  0.06  0.0   0.0   0.0   
241   P     0.07  0.0   0.05  0.0   0.0   0.1   0.2   0.14  0.0   0.0   0.09  0.0   0.0   0.12  0.1   0.0   0.0   0.08  0.05  0.0   
242   A     0.1   0.16  0.0   0.09  0.0   0.19  0.24  0.0   0.0   0.0   0.0   0.0   0.0   0.0   0.07  0.08  0.07  0.0   0.0   0.0   
243   D     0.2   0.0   0.0   0.15  0.0   0.0   0.32  0.0   0.0   0.0   0.0   0.0   0.1   0.0   0.0   0.0   0.23  0.0   0.0   0.0   
244   K     0.13  0.08  0.0   0.0   0.0   0.14  0.0   0.18  0.0   0.0   0.0   0.1   0.0   0.0   0.33  0.05  0.0   0.0   0.0   0.0   
245   E     0.06  0.07  0.0   0.1   0.0   0.0   0.5   0.0   0.0   0.05  0.0   0.0   0.0   0.0   0.09  0.0   0.04  0.0   0.0   0.08  
246   A     0.65  0.0   0.0   0.0   0.0   0.0   0.0   0.0   0.0   0.0   0.07  0.0   0.0   0.0   0.0   0.0   0.0   0.18  0.1   0.0   
247   V     0.0   0.0   0.0   0.0   0.0   0.07  0.0   0.0   0.0   0.0   0.52  0.0   0.05  0.17  0.0   0.0   0.0   0.0   0.1   0.1   
248   A     0.1   0.06  0.05  0.0   0.0   0.15  0.07  0.11  0.1   0.0   0.1   0.0   0.0   0.09  0.0   0.12  0.0   0.0   0.05  0.0   
249   A     0.27  0.04  0.19  0.0   0.0   0.0   0.15  0.0   0.05  0.0   0.0   0.0   0.0   0.0   0.0   0.0   0.3   0.0   0.0   0.0   
250   L     0.09  0.0   0.0   0.0   0.0   0.0   0.0   0.0   0.0   0.07  0.67  0.0   0.0   0.0   0.0   0.0   0.0   0.0   0.1   0.07  
251   S     0.0   0.16  0.0   0.0   0.08  0.06  0.0   0.07  0.0   0.07  0.09  0.05  0.05  0.0   0.0   0.27  0.05  0.0   0.0   0.05  
252   K     0.13  0.27  0.0   0.23  0.0   0.05  0.12  0.0   0.09  0.0   0.0   0.11  0.0   0.0   0.0   0.0   0.0   0.0   0.0   0.0   
253   A     0.32  0.0   0.0   0.0   0.0   0.09  0.08  0.0   0.06  0.0   0.06  0.0   0.0   0.29  0.0   0.05  0.04  0.0   0.0   0.0   
254   L     0.0   0.0   0.0   0.0   0.0   0.0   0.0   0.0   0.0   0.39  0.19  0.0   0.0   0.16  0.0   0.0   0.0   0.19  0.07  0.0   
255   D     0.0   0.0   0.05  0.48  0.0   0.1   0.3   0.0   0.0   0.0   0.0   0.0   0.0   0.0   0.0   0.0   0.0   0.0   0.07  0.0   
256   E     0.28  0.0   0.0   0.12  0.0   0.0   0.38  0.0   0.0   0.0   0.0   0.0   0.1   0.0   0.0   0.0   0.12  0.0   0.0   0.0   
257   V     0.26  0.0   0.09  0.0   0.0   0.0   0.07  0.0   0.0   0.0   0.0   0.13  0.0   0.0   0.0   0.19  0.16  0.0   0.0   0.1   
258   T     0.06  0.22  0.0   0.0   0.0   0.0   0.0   0.0   0.0   0.0   0.06  0.32  0.14  0.0   0.0   0.0   0.19  0.0   0.0   0.0   
259   E     0.0   0.0   0.04  0.0   0.0   0.12  0.19  0.0   0.0   0.0   0.04  0.05  0.0   0.0   0.0   0.07  0.05  0.0   0.16  0.24  
260   A     0.05  0.0   0.0   0.08  0.0   0.0   0.16  0.16  0.0   0.0   0.19  0.0   0.0   0.0   0.0   0.21  0.16  0.0   0.0   0.0   
261   V     0.0   0.1   0.0   0.0   0.0   0.0   0.0   0.0   0.14  0.27  0.06  0.0   0.0   0.0   0.0   0.0   0.0   0.0   0.09  0.34  
262   Y     0.0   0.16  0.05  0.0   0.07  0.0   0.0   0.0   0.0   0.05  0.04  0.05  0.0   0.0   0.14  0.0   0.09  0.0   0.14  0.21  
263   L     0.0   0.0   0.1   0.0   0.0   0.0   0.0   0.0   0.0   0.0   0.63  0.0   0.0   0.0   0.05  0.09  0.0   0.0   0.0   0.14  
264   E     0.07  0.0   0.0   0.26  0.0   0.0   0.24  0.05  0.08  0.0   0.06  0.0   0.0   0.0   0.08  0.07  0.0   0.0   0.0   0.09  
265   P     0.1   0.0   0.0   0.0   0.0   0.06  0.09  0.0   0.0   0.0   0.0   0.0   0.0   0.0   0.42  0.19  0.0   0.0   0.0   0.14  
266   G     0.0   0.0   0.0   0.0   0.0   0.0   0.0   1.0   0.0   0.0   0.0   0.0   0.0   0.0   0.0   0.0   0.0   0.0   0.0   0.0   
267   D     0.0   0.0   0.0   0.59  0.0   0.1   0.14  0.0   0.0   0.0   0.0   0.12  0.0   0.0   0.0   0.05  0.0   0.0   0.0   0.0   
268   L     0.09  0.0   0.0   0.0   0.0   0.0   0.0   0.0   0.0   0.14  0.35  0.0   0.07  0.18  0.0   0.0   0.0   0.0   0.0   0.16  
269   L     0.2   0.0   0.0   0.0   0.0   0.0   0.0   0.0   0.0   0.19  0.35  0.0   0.0   0.0   0.0   0.0   0.0   0.1   0.0   0.16  
270   I     0.0   0.0   0.0   0.0   0.1   0.0   0.0   0.0   0.0   0.16  0.34  0.0   0.0   0.4   0.0   0.0   0.0   0.0   0.0   0.0   
271   V     0.0   0.0   0.0   0.0   0.0   0.0   0.0   0.0   0.0   0.51  0.0   0.0   0.0   0.19  0.0   0.0   0.0   0.0   0.0   0.3   
272   D     0.0   0.0   0.37  0.63  0.0   0.0   0.0   0.0   0.0   0.0   0.0   0.0   0.0   0.0   0.0   0.0   0.0   0.0   0.0   0.0   
273   N     0.0   0.0   1.0   0.0   0.0   0.0   0.0   0.0   0.0   0.0   0.0   0.0   0.0   0.0   0.0   0.0   0.0   0.0   0.0   0.0   
274   F     0.0   0.39  0.0   0.0   0.0   0.0   0.0   0.0   0.19  0.0   0.18  0.0   0.0   0.17  0.0   0.0   0.0   0.0   0.07  0.0   
275   R     0.0   0.57  0.0   0.0   0.0   0.0   0.0   0.0   0.0   0.0   0.19  0.0   0.0   0.18  0.0   0.0   0.0   0.0   0.0   0.06  
276   T     0.21  0.0   0.0   0.0   0.19  0.0   0.0   0.0   0.0   0.0   0.0   0.0   0.0   0.0   0.0   0.0   0.16  0.18  0.0   0.26  
277   T     0.19  0.0   0.0   0.0   0.0   0.0   0.0   0.0   0.0   0.0   0.37  0.0   0.0   0.0   0.0   0.0   0.1   0.0   0.0   0.34  
278   H     0.0   0.0   0.0   0.0   0.0   0.0   0.0   0.0   1.0   0.0   0.0   0.0   0.0   0.0   0.0   0.0   0.0   0.0   0.0   0.0   
279   A     0.29  0.0   0.0   0.0   0.0   0.0   0.0   0.71  0.0   0.0   0.0   0.0   0.0   0.0   0.0   0.0   0.0   0.0   0.0   0.0   
280   R     0.0   1.0   0.0   0.0   0.0   0.0   0.0   0.0   0.0   0.0   0.0   0.0   0.0   0.0   0.0   0.0   0.0   0.0   0.0   0.0   
281   T     0.0   0.23  0.1   0.28  0.0   0.0   0.0   0.0   0.0   0.0   0.0   0.07  0.0   0.0   0.0   0.17  0.16  0.0   0.0   0.0   
282   P     0.4   0.18  0.0   0.0   0.0   0.0   0.06  0.0   0.0   0.07  0.0   0.0   0.0   0.0   0.16  0.12  0.0   0.0   0.0   0.0   
283   F     0.0   0.0   0.0   0.0   0.0   0.0   0.0   0.0   0.0   0.0   0.0   0.0   0.0   1.0   0.0   0.0   0.0   0.0   0.0   0.0   
284   S     0.07  0.14  0.0   0.1   0.0   0.06  0.09  0.0   0.0   0.05  0.05  0.0   0.0   0.0   0.0   0.1   0.29  0.0   0.0   0.05  
285   P     0.34  0.0   0.0   0.0   0.0   0.0   0.09  0.0   0.0   0.0   0.0   0.0   0.0   0.0   0.57  0.0   0.0   0.0   0.0   0.0   
286   R     0.1   0.53  0.0   0.0   0.0   0.0   0.0   0.2   0.12  0.0   0.0   0.0   0.0   0.0   0.0   0.0   0.0   0.0   0.0   0.0   
287   W     0.02  0.01  0.01  0.01  0.0   0.01  0.01  0.01  0.06  0.01  0.02  0.01  0.0   0.2   0.13  0.01  0.01  0.1   0.26  0.1   
288   D     0.02  0.01  0.01  0.58  0.01  0.01  0.07  0.11  0.01  0.01  0.03  0.02  0.01  0.01  0.02  0.02  0.02  0.0   0.01  0.02  
289   G     0.02  0.01  0.01  0.01  0.0   0.01  0.11  0.6   0.0   0.01  0.02  0.01  0.0   0.01  0.01  0.12  0.01  0.0   0.01  0.01  
290   K     0.19  0.08  0.01  0.01  0.0   0.01  0.01  0.12  0.0   0.01  0.13  0.12  0.0   0.01  0.01  0.09  0.15  0.0   0.01  0.01  
291   D     0.02  0.12  0.11  0.59  0.0   0.01  0.01  0.02  0.0   0.01  0.02  0.01  0.0   0.01  0.01  0.01  0.01  0.0   0.01  0.01  
292   R     0.02  0.8   0.01  0.01  0.0   0.01  0.01  0.02  0.0   0.01  0.02  0.01  0.0   0.01  0.01  0.01  0.01  0.0   0.01  0.01  
293   W     0.02  0.01  0.01  0.01  0.0   0.01  0.13  0.02  0.11  0.01  0.02  0.01  0.0   0.08  0.01  0.01  0.01  0.5   0.01  0.01  
294   L     0.02  0.01  0.01  0.01  0.0   0.01  0.01  0.02  0.0   0.01  0.7   0.01  0.0   0.12  0.01  0.01  0.01  0.0   0.01  0.01  
295   H     0.02  0.08  0.01  0.01  0.0   0.19  0.01  0.02  0.11  0.01  0.02  0.26  0.12  0.01  0.01  0.09  0.01  0.0   0.01  0.01  
296   R     0.02  0.59  0.01  0.01  0.0   0.01  0.01  0.22  0.0   0.01  0.02  0.01  0.0   0.01  0.01  0.01  0.01  0.0   0.01  0.01  
297   V     0.02  0.01  0.01  0.01  0.24  0.01  0.01  0.02  0.01  0.09  0.19  0.01  0.01  0.01  0.01  0.1   0.09  0.0   0.01  0.13  
298   Y     0.02  0.01  0.26  0.01  0.0   0.01  0.01  0.02  0.01  0.01  0.02  0.01  0.01  0.18  0.01  0.02  0.01  0.0   0.36  0.02  
299   I     0.02  0.01  0.01  0.01  0.0   0.01  0.01  0.02  0.01  0.58  0.02  0.01  0.01  0.01  0.01  0.02  0.01  0.0   0.01  0.21  
300   R     0.09  0.12  0.01  0.13  0.0   0.13  0.12  0.01  0.0   0.01  0.09  0.01  0.0   0.0   0.01  0.01  0.17  0.0   0.0   0.09  
301   T     0.09  0.55  0.0   0.0   0.0   0.0   0.0   0.11  0.0   0.0   0.0   0.06  0.0   0.0   0.0   0.0   0.2   0.0   0.0   0.0   
302   D     0.0   0.0   0.14  0.67  0.0   0.0   0.12  0.0   0.0   0.06  0.0   0.0   0.0   0.0   0.0   0.0   0.0   0.0   0.0   0.0   
303   R     0.0   0.23  0.0   0.0   0.0   0.0   0.39  0.1   0.0   0.0   0.28  0.0   0.0   0.0   0.0   0.0   0.0   0.0   0.0   0.0   
304   N     0.0   0.22  0.44  0.0   0.0   0.0   0.11  0.0   0.1   0.0   0.0   0.0   0.0   0.0   0.0   0.12  0.0   0.0   0.0   0.0   
305   G     0.11  0.33  0.0   0.0   0.0   0.0   0.0   0.56  0.0   0.0   0.0   0.0   0.0   0.0   0.0   0.0   0.0   0.0   0.0   0.0   
306   Q     0.0   0.11  0.0   0.0   0.0   0.22  0.15  0.0   0.0   0.0   0.0   0.07  0.0   0.0   0.0   0.45  0.0   0.0   0.0   0.0   
307   L     0.0   0.45  0.0   0.0   0.0   0.0   0.0   0.0   0.0   0.07  0.48  0.0   0.0   0.0   0.0   0.0   0.0   0.0   0.0   0.0   
308   S     0.34  0.0   0.0   0.0   0.0   0.0   0.0   0.0   0.12  0.07  0.0   0.1   0.0   0.0   0.0   0.16  0.0   0.0   0.0   0.22  
309   G     0.33  0.0   0.0   0.0   0.0   0.0   0.0   0.16  0.0   0.0   0.0   0.22  0.11  0.0   0.07  0.0   0.0   0.11  0.0   0.0   
310   G     0.0   0.39  0.0   0.0   0.31  0.0   0.0   0.17  0.0   0.0   0.0   0.0   0.0   0.0   0.0   0.0   0.13  0.0   0.0   0.0   
311   E     0.0   0.0   0.0   0.0   0.0   0.0   0.48  0.0   0.0   0.0   0.0   0.0   0.0   0.0   0.26  0.13  0.13  0.0   0.0   0.0   
312   R     0.26  0.61  0.0   0.0   0.0   0.0   0.0   0.0   0.0   0.0   0.0   0.0   0.0   0.0   0.0   0.13  0.0   0.0   0.0   0.0   
313   A     0.26  0.0   0.0   0.18  0.0   0.0   0.0   0.0   0.0   0.0   0.0   0.0   0.0   0.19  0.19  0.0   0.0   0.0   0.0   0.18  
314   G     0.0   0.0   0.0   0.24  0.0   0.0   0.0   0.76  0.0   0.0   0.0   0.0   0.0   0.0   0.0   0.0   0.0   0.0   0.0   0.0   
315   D     0.0   0.22  0.0   0.56  0.0   0.0   0.0   0.0   0.0   0.0   0.0   0.0   0.0   0.0   0.0   0.0   0.0   0.0   0.22  0.0   
316   V     0.0   0.24  0.0   0.0   0.0   0.0   0.0   0.0   0.0   0.0   0.0   0.0   0.0   0.0   0.0   0.0   0.16  0.0   0.0   0.6   
317   V     0.0   0.0   0.0   0.0   0.0   0.0   0.0   0.0   0.0   0.16  0.22  0.0   0.0   0.0   0.0   0.0   0.0   0.0   0.0   0.62  
318   A     0.16  0.0   0.0   0.0   0.0   0.0   0.0   0.22  0.0   0.24  0.0   0.0   0.0   0.0   0.0   0.38  0.0   0.0   0.0   0.0   
319   F     0.29  0.0   0.0   0.0   0.0   0.0   0.0   0.0   0.0   0.0   0.0   0.0   0.0   0.41  0.0   0.0   0.0   0.0   0.3   0.0   
320   T     0.42  0.0   0.0   0.0   0.0   0.0   0.0   0.0   0.0   0.0   0.0   0.0   0.0   0.0   0.0   0.29  0.29  0.0   0.0   0.0   
321   P     0.0   0.0   0.0   0.0   0.0   0.0   0.0   0.0   0.0   0.0   0.0   0.0   0.0   0.0   1.0   0.0   0.0   0.0   0.0   0.0   
322   R     0.0   0.58  0.0   0.0   0.0   0.42  0.0   0.0   0.0   0.0   0.0   0.0   0.0   0.0   0.0   0.0   0.0   0.0   0.0   0.0   
323   G     0.0   0.0   0.0   0.0   0.0   0.0   0.0   0.0   0.0   0.0   0.0   0.0   0.0   0.0   0.0   0.0   0.0   0.0   0.0   0.0   
