             A     R     N     D     C     Q     E     G     H     I     L     K     M     F     P     S     T     W     Y     V
1     F     0.0   0.0   0.0   0.0   0.0   0.0   0.0   0.0   0.0   0.3   0.09  0.0   0.04  0.22  0.0   0.0   0.0   0.0   0.0   0.35  
2     D     0.0   0.0   0.0   0.78  0.0   0.0   0.22  0.0   0.0   0.0   0.0   0.0   0.0   0.0   0.0   0.0   0.0   0.0   0.0   0.0   
3     L     0.1   0.0   0.0   0.0   0.0   0.0   0.0   0.0   0.0   0.2   0.46  0.0   0.06  0.0   0.0   0.0   0.06  0.0   0.0   0.11  
4     A     0.15  0.17  0.1   0.08  0.0   0.13  0.0   0.12  0.0   0.0   0.0   0.02  0.0   0.0   0.04  0.17  0.01  0.0   0.0   0.0   
5     S     0.13  0.0   0.2   0.0   0.0   0.0   0.05  0.1   0.19  0.02  0.08  0.0   0.0   0.0   0.0   0.15  0.08  0.0   0.0   0.0   
6     E     0.0   0.0   0.0   0.02  0.0   0.06  0.86  0.0   0.02  0.0   0.0   0.0   0.0   0.0   0.04  0.0   0.0   0.0   0.0   0.0   
7     Q     0.0   0.0   0.09  0.08  0.0   0.32  0.23  0.0   0.03  0.0   0.0   0.0   0.0   0.0   0.0   0.1   0.14  0.0   0.0   0.0   
8     H     0.03  0.0   0.23  0.0   0.0   0.16  0.05  0.0   0.18  0.04  0.0   0.09  0.0   0.0   0.0   0.0   0.18  0.0   0.0   0.04  
9     T     0.0   0.0   0.0   0.0   0.0   0.0   0.0   0.0   0.0   0.0   0.0   0.0   0.0   0.0   0.0   0.21  0.79  0.0   0.0   0.0   
10    V     0.19  0.05  0.04  0.0   0.0   0.0   0.0   0.0   0.0   0.11  0.14  0.0   0.13  0.02  0.0   0.02  0.06  0.0   0.0   0.24  
11    R     0.0   0.14  0.01  0.0   0.0   0.28  0.0   0.0   0.09  0.0   0.0   0.15  0.18  0.03  0.0   0.07  0.04  0.0   0.0   0.0   
12    D     0.05  0.0   0.0   0.81  0.0   0.0   0.04  0.0   0.0   0.0   0.0   0.0   0.0   0.0   0.05  0.03  0.01  0.0   0.0   0.0   
13    T     0.04  0.0   0.01  0.0   0.0   0.0   0.0   0.03  0.0   0.0   0.03  0.0   0.04  0.05  0.4   0.02  0.36  0.0   0.0   0.02  
14    A     0.46  0.0   0.0   0.11  0.0   0.02  0.18  0.02  0.0   0.0   0.02  0.0   0.07  0.0   0.0   0.04  0.04  0.0   0.0   0.03  
15    F     0.0   0.0   0.0   0.0   0.0   0.0   0.0   0.0   0.0   0.0   0.04  0.0   0.0   0.96  0.0   0.0   0.0   0.0   0.0   0.0   
16    L     0.0   0.0   0.0   0.0   0.0   0.0   0.0   0.0   0.0   0.0   1.0   0.0   0.0   0.0   0.0   0.0   0.0   0.0   0.0   0.0   
17    M     0.0   0.0   0.0   0.0   0.0   0.05  0.0   0.0   0.0   0.02  0.09  0.0   0.82  0.0   0.0   0.0   0.0   0.0   0.0   0.03  
18    E     0.01  0.02  0.0   0.0   0.0   0.58  0.33  0.0   0.0   0.0   0.0   0.0   0.0   0.0   0.0   0.05  0.0   0.0   0.0   0.0   
19    Q     0.05  0.0   0.0   0.0   0.0   0.83  0.0   0.0   0.03  0.09  0.0   0.0   0.0   0.0   0.0   0.0   0.0   0.0   0.0   0.0   
20    L     0.0   0.0   0.0   0.0   0.0   0.0   0.0   0.0   0.0   0.03  0.24  0.0   0.73  0.0   0.0   0.0   0.0   0.0   0.0   0.0   
21    E     0.0   0.0   0.0   0.07  0.0   0.14  0.72  0.0   0.01  0.0   0.0   0.0   0.01  0.0   0.0   0.0   0.04  0.0   0.0   0.0   
22    L     0.0   0.0   0.0   0.0   0.0   0.0   0.0   0.0   0.0   0.03  0.35  0.0   0.0   0.0   0.0   0.0   0.0   0.58  0.0   0.04  
23    R     0.0   0.93  0.0   0.0   0.0   0.0   0.0   0.0   0.07  0.0   0.0   0.0   0.0   0.0   0.0   0.0   0.0   0.0   0.0   0.0   
24    E     0.0   0.0   0.0   0.0   0.0   0.0   1.0   0.0   0.0   0.0   0.0   0.0   0.0   0.0   0.0   0.0   0.0   0.0   0.0   0.0   
25    E     0.21  0.04  0.04  0.02  0.0   0.12  0.32  0.0   0.0   0.0   0.0   0.03  0.07  0.0   0.0   0.1   0.06  0.0   0.0   0.0   
26    L     0.0   0.0   0.0   0.0   0.0   0.0   0.0   0.0   0.0   0.13  0.77  0.0   0.03  0.0   0.0   0.0   0.0   0.0   0.0   0.04  
27    D     0.07  0.0   0.0   0.27  0.0   0.05  0.49  0.0   0.0   0.0   0.0   0.0   0.03  0.0   0.0   0.05  0.0   0.0   0.0   0.0   
28    E     0.12  0.0   0.02  0.38  0.01  0.0   0.35  0.0   0.0   0.0   0.0   0.0   0.0   0.0   0.0   0.06  0.01  0.0   0.0   0.02  
29    I     0.26  0.0   0.0   0.0   0.0   0.0   0.0   0.0   0.0   0.44  0.16  0.0   0.0   0.03  0.0   0.04  0.0   0.0   0.0   0.06  
30    E     0.07  0.24  0.0   0.01  0.0   0.11  0.18  0.02  0.01  0.03  0.01  0.08  0.0   0.0   0.02  0.12  0.08  0.0   0.0   0.02  
31    Q     0.17  0.05  0.05  0.24  0.0   0.08  0.11  0.04  0.18  0.0   0.01  0.0   0.0   0.0   0.0   0.05  0.0   0.0   0.0   0.0   
32    A     0.24  0.04  0.02  0.01  0.04  0.05  0.09  0.07  0.0   0.0   0.01  0.04  0.0   0.0   0.0   0.33  0.03  0.0   0.0   0.01  
33    K     0.21  0.1   0.04  0.16  0.0   0.06  0.01  0.08  0.0   0.02  0.01  0.11  0.0   0.0   0.02  0.14  0.04  0.0   0.0   0.01  
34    D     0.02  0.0   0.08  0.71  0.0   0.02  0.04  0.0   0.0   0.0   0.01  0.0   0.0   0.0   0.0   0.09  0.0   0.0   0.0   0.0   
35    E     0.04  0.0   0.0   0.04  0.0   0.07  0.19  0.02  0.01  0.02  0.13  0.0   0.0   0.0   0.3   0.06  0.0   0.0   0.0   0.12  
36    A     0.18  0.04  0.01  0.32  0.0   0.09  0.22  0.0   0.03  0.01  0.0   0.0   0.0   0.0   0.0   0.01  0.08  0.0   0.0   0.0   
37    R     0.32  0.07  0.0   0.0   0.01  0.09  0.13  0.13  0.02  0.0   0.02  0.07  0.0   0.0   0.0   0.1   0.0   0.0   0.0   0.02  
38    L     0.0   0.02  0.0   0.0   0.0   0.0   0.0   0.0   0.0   0.07  0.7   0.0   0.03  0.03  0.0   0.0   0.0   0.0   0.04  0.1   
39    E     0.21  0.02  0.07  0.21  0.0   0.02  0.09  0.02  0.0   0.03  0.07  0.06  0.04  0.05  0.0   0.02  0.03  0.0   0.03  0.03  
40    S     0.21  0.04  0.03  0.1   0.0   0.13  0.12  0.05  0.0   0.0   0.0   0.0   0.0   0.0   0.0   0.15  0.13  0.0   0.0   0.03  
41    F     0.03  0.0   0.0   0.0   0.0   0.0   0.0   0.0   0.0   0.04  0.36  0.0   0.0   0.51  0.0   0.03  0.0   0.0   0.0   0.02  
42    I     0.09  0.11  0.0   0.09  0.0   0.02  0.04  0.06  0.03  0.08  0.1   0.12  0.0   0.03  0.0   0.17  0.0   0.0   0.04  0.0   
43    K     0.17  0.09  0.06  0.06  0.0   0.12  0.06  0.03  0.02  0.0   0.06  0.13  0.0   0.03  0.0   0.13  0.03  0.0   0.0   0.0   
44    R     0.0   0.29  0.02  0.04  0.0   0.13  0.32  0.0   0.03  0.0   0.0   0.05  0.01  0.01  0.0   0.04  0.0   0.0   0.02  0.02  
45    V     0.02  0.0   0.04  0.0   0.0   0.01  0.02  0.0   0.0   0.14  0.43  0.0   0.0   0.06  0.0   0.0   0.0   0.0   0.01  0.26  
46    K     0.09  0.19  0.03  0.0   0.0   0.18  0.09  0.01  0.03  0.0   0.0   0.27  0.0   0.0   0.0   0.08  0.03  0.0   0.0   0.01  
47    K     0.14  0.0   0.0   0.07  0.0   0.27  0.1   0.09  0.06  0.0   0.03  0.12  0.0   0.0   0.0   0.02  0.08  0.0   0.0   0.03  
48    M     0.12  0.04  0.0   0.05  0.0   0.04  0.22  0.0   0.03  0.02  0.04  0.04  0.18  0.0   0.0   0.05  0.04  0.05  0.04  0.01  
49    F     0.02  0.11  0.02  0.0   0.0   0.18  0.02  0.0   0.03  0.08  0.07  0.08  0.03  0.1   0.0   0.01  0.08  0.0   0.07  0.09  
50    D     0.08  0.16  0.0   0.16  0.0   0.09  0.08  0.03  0.0   0.0   0.06  0.19  0.0   0.0   0.0   0.03  0.05  0.0   0.0   0.05  
51    T     0.07  0.03  0.03  0.03  0.0   0.23  0.14  0.09  0.04  0.0   0.03  0.09  0.01  0.0   0.0   0.05  0.13  0.0   0.0   0.04  
52    R     0.0   0.22  0.0   0.0   0.0   0.05  0.04  0.0   0.02  0.0   0.44  0.04  0.04  0.0   0.0   0.0   0.0   0.04  0.04  0.06  
53    H     0.02  0.06  0.08  0.0   0.01  0.04  0.07  0.0   0.06  0.12  0.18  0.04  0.03  0.07  0.0   0.13  0.05  0.0   0.02  0.02  
54    Q     0.13  0.05  0.04  0.12  0.03  0.21  0.1   0.02  0.02  0.0   0.01  0.04  0.0   0.0   0.01  0.11  0.07  0.0   0.01  0.01  
55    L     0.05  0.01  0.0   0.05  0.0   0.17  0.21  0.06  0.02  0.0   0.14  0.06  0.01  0.0   0.0   0.14  0.05  0.0   0.0   0.02  
56    M     0.0   0.0   0.0   0.0   0.0   0.0   0.0   0.0   0.0   0.14  0.49  0.0   0.17  0.19  0.0   0.0   0.0   0.0   0.0   0.01  
57    V     0.22  0.09  0.0   0.0   0.0   0.05  0.1   0.1   0.0   0.03  0.03  0.09  0.0   0.02  0.0   0.03  0.07  0.0   0.0   0.18  
58    E     0.2   0.02  0.02  0.06  0.0   0.14  0.19  0.03  0.01  0.07  0.01  0.05  0.0   0.0   0.0   0.04  0.14  0.0   0.0   0.03  
59    Q     0.16  0.0   0.0   0.05  0.08  0.25  0.12  0.0   0.0   0.01  0.17  0.0   0.03  0.0   0.0   0.08  0.04  0.0   0.0   0.0   
60    L     0.0   0.0   0.0   0.03  0.0   0.0   0.02  0.0   0.0   0.07  0.58  0.0   0.04  0.09  0.0   0.01  0.0   0.09  0.05  0.0   
61    D     0.07  0.0   0.13  0.43  0.0   0.05  0.16  0.01  0.01  0.0   0.0   0.03  0.0   0.0   0.0   0.11  0.01  0.0   0.0   0.0   
62    N     0.16  0.04  0.13  0.11  0.02  0.08  0.12  0.01  0.0   0.0   0.0   0.0   0.02  0.0   0.03  0.26  0.03  0.0   0.0   0.0   
63    E     0.18  0.06  0.0   0.08  0.0   0.25  0.16  0.15  0.0   0.0   0.0   0.02  0.0   0.0   0.0   0.08  0.0   0.0   0.0   0.02  
64    T     0.12  0.03  0.04  0.24  0.0   0.15  0.09  0.0   0.04  0.0   0.03  0.06  0.0   0.0   0.0   0.1   0.07  0.0   0.0   0.02  
65    W     0.04  0.09  0.07  0.09  0.02  0.0   0.01  0.0   0.03  0.0   0.1   0.0   0.0   0.06  0.0   0.0   0.0   0.4   0.09  0.0   
66    D     0.11  0.0   0.0   0.21  0.0   0.17  0.18  0.01  0.0   0.03  0.1   0.0   0.01  0.0   0.08  0.05  0.02  0.0   0.0   0.02  
67    A     0.23  0.03  0.01  0.17  0.0   0.16  0.14  0.01  0.01  0.03  0.03  0.08  0.0   0.0   0.0   0.04  0.04  0.0   0.0   0.01  
68    A     0.97  0.0   0.0   0.0   0.0   0.0   0.0   0.0   0.0   0.0   0.0   0.0   0.0   0.0   0.0   0.0   0.03  0.0   0.0   0.0   
69    A     0.58  0.05  0.0   0.03  0.02  0.0   0.09  0.07  0.0   0.0   0.04  0.04  0.0   0.0   0.0   0.03  0.0   0.0   0.0   0.04  
70    D     0.01  0.08  0.01  0.48  0.0   0.1   0.09  0.01  0.0   0.0   0.09  0.05  0.0   0.0   0.0   0.0   0.01  0.0   0.0   0.04  
71    T     0.08  0.03  0.04  0.0   0.07  0.17  0.0   0.0   0.0   0.06  0.21  0.04  0.0   0.0   0.0   0.07  0.18  0.0   0.06  0.0   
72    C     0.01  0.0   0.04  0.0   0.03  0.0   0.0   0.0   0.0   0.14  0.02  0.0   0.06  0.0   0.0   0.0   0.03  0.0   0.0   0.67  
73    R     0.0   0.83  0.04  0.06  0.0   0.04  0.03  0.0   0.0   0.0   0.0   0.0   0.0   0.0   0.0   0.0   0.0   0.0   0.0   0.0   
74    K     0.0   0.26  0.0   0.0   0.0   0.16  0.04  0.0   0.0   0.0   0.0   0.54  0.0   0.0   0.0   0.0   0.0   0.0   0.0   0.0   
75    L     0.0   0.0   0.0   0.0   0.0   0.0   0.0   0.03  0.0   0.0   0.79  0.0   0.14  0.0   0.0   0.0   0.0   0.04  0.0   0.0   
76    R     0.03  0.38  0.0   0.0   0.0   0.09  0.0   0.0   0.0   0.0   0.0   0.32  0.14  0.0   0.0   0.0   0.04  0.0   0.0   0.0   
77    F     0.0   0.0   0.0   0.0   0.0   0.0   0.0   0.0   0.0   0.0   0.0   0.0   0.0   0.88  0.0   0.0   0.0   0.0   0.12  0.0   
78    L     0.0   0.0   0.0   0.0   0.0   0.0   0.0   0.0   0.0   0.23  0.31  0.0   0.22  0.08  0.0   0.0   0.02  0.0   0.07  0.06  
79    D     0.19  0.0   0.0   0.37  0.0   0.08  0.24  0.0   0.02  0.0   0.03  0.07  0.0   0.01  0.0   0.0   0.0   0.0   0.0   0.0   
80    K     0.0   0.15  0.0   0.0   0.0   0.0   0.0   0.0   0.0   0.0   0.0   0.85  0.0   0.0   0.0   0.0   0.0   0.0   0.0   0.0   
81    L     0.05  0.0   0.0   0.0   0.0   0.0   0.0   0.0   0.0   0.09  0.76  0.0   0.0   0.0   0.0   0.0   0.0   0.0   0.0   0.1   
82    R     0.11  0.11  0.05  0.02  0.05  0.21  0.03  0.0   0.07  0.03  0.14  0.08  0.02  0.01  0.0   0.05  0.03  0.0   0.0   0.0   
83    S     0.05  0.04  0.11  0.09  0.0   0.22  0.08  0.0   0.14  0.1   0.02  0.0   0.0   0.0   0.0   0.08  0.02  0.0   0.02  0.02  
84    S     0.0   0.0   0.0   0.15  0.0   0.11  0.67  0.0   0.0   0.0   0.0   0.0   0.0   0.0   0.0   0.06  0.0   0.0   0.0   0.0   
85    A     0.06  0.0   0.0   0.0   0.0   0.0   0.0   0.0   0.0   0.32  0.32  0.0   0.0   0.0   0.0   0.0   0.05  0.0   0.0   0.25  
86    E     0.06  0.11  0.0   0.17  0.0   0.0   0.42  0.08  0.0   0.0   0.0   0.0   0.0   0.0   0.0   0.02  0.11  0.0   0.0   0.03  
87    Q     0.06  0.29  0.02  0.06  0.0   0.27  0.06  0.0   0.01  0.02  0.07  0.12  0.0   0.0   0.0   0.0   0.03  0.0   0.0   0.0   
88    L     0.22  0.0   0.0   0.0   0.0   0.06  0.0   0.0   0.0   0.15  0.33  0.02  0.0   0.03  0.0   0.0   0.0   0.0   0.0   0.19  
89    E     0.0   0.0   0.0   0.0   0.0   0.0   0.8   0.0   0.04  0.12  0.04  0.0   0.0   0.0   0.0   0.0   0.0   0.0   0.0   0.0   
90    E     0.04  0.0   0.0   0.44  0.0   0.0   0.52  0.0   0.0   0.0   0.0   0.0   0.0   0.0   0.0   0.0   0.0   0.0   0.0   0.0   
91    K     0.23  0.3   0.0   0.0   0.0   0.08  0.0   0.02  0.0   0.0   0.04  0.25  0.0   0.0   0.0   0.08  0.01  0.0   0.0   0.0   
92    L     0.0   0.0   0.0   0.0   0.0   0.0   0.0   0.0   0.0   0.0   0.98  0.0   0.0   0.02  0.0   0.0   0.0   0.0   0.0   0.0   
93    L     0.03  0.0   0.0   0.18  0.0   0.0   0.07  0.0   0.0   0.01  0.44  0.0   0.0   0.23  0.0   0.02  0.0   0.0   0.0   0.0   
94    D     0.0   0.0   0.0   0.74  0.0   0.0   0.12  0.14  0.0   0.0   0.0   0.0   0.0   0.0   0.0   0.0   0.0   0.0   0.0   0.0   
95    F     0.0   0.0   0.0   0.0   0.0   0.0   0.0   0.0   0.0   0.0   0.0   0.0   0.0   0.84  0.0   0.0   0.0   0.0   0.16  0.0   
