             A     R     N     D     C     Q     E     G     H     I     L     K     M     F     P     S     T     W     Y     V
1     M     0.0   0.0   0.0   0.0   0.0   0.0   0.0   0.0   0.0   0.16  0.35  0.0   0.44  0.0   0.0   0.0   0.0   0.0   0.0   0.05  
2     E     0.07  0.0   0.02  0.14  0.03  0.12  0.08  0.02  0.04  0.03  0.0   0.0   0.0   0.0   0.02  0.29  0.14  0.0   0.0   0.0   
3     D     0.0   0.05  0.34  0.11  0.0   0.15  0.09  0.03  0.02  0.0   0.0   0.04  0.0   0.0   0.12  0.04  0.0   0.0   0.0   0.02  
4     L     0.0   0.0   0.0   0.0   0.0   0.0   0.0   0.0   0.0   0.37  0.42  0.0   0.04  0.08  0.0   0.0   0.0   0.0   0.08  0.02  
5     V     0.1   0.01  0.0   0.0   0.02  0.0   0.0   0.01  0.0   0.15  0.25  0.01  0.02  0.09  0.0   0.06  0.03  0.02  0.08  0.15  
6     S     0.24  0.0   0.04  0.0   0.05  0.0   0.0   0.04  0.0   0.03  0.08  0.0   0.04  0.0   0.0   0.12  0.04  0.0   0.0   0.33  
7     V     0.05  0.0   0.0   0.0   0.01  0.0   0.0   0.0   0.0   0.28  0.22  0.0   0.02  0.07  0.0   0.0   0.01  0.0   0.0   0.34  
8     G     0.03  0.05  0.0   0.0   0.0   0.0   0.0   0.66  0.0   0.01  0.02  0.02  0.0   0.0   0.0   0.1   0.03  0.0   0.02  0.07  
9     I     0.07  0.0   0.0   0.0   0.0   0.0   0.0   0.0   0.0   0.24  0.34  0.0   0.02  0.07  0.0   0.02  0.0   0.01  0.02  0.2   
10    T     0.0   0.0   0.4   0.13  0.0   0.0   0.0   0.0   0.01  0.0   0.0   0.01  0.0   0.0   0.01  0.3   0.14  0.0   0.0   0.0   
11    H     0.0   0.0   0.01  0.0   0.0   0.02  0.0   0.01  0.69  0.01  0.0   0.0   0.0   0.04  0.0   0.0   0.0   0.0   0.2   0.01  
12    K     0.03  0.26  0.04  0.0   0.0   0.05  0.03  0.0   0.07  0.0   0.0   0.48  0.0   0.0   0.0   0.01  0.03  0.0   0.0   0.0   
13    E     0.0   0.02  0.08  0.04  0.01  0.0   0.08  0.01  0.01  0.03  0.02  0.09  0.0   0.0   0.0   0.1   0.49  0.0   0.0   0.0   
14    A     0.69  0.0   0.0   0.0   0.01  0.01  0.0   0.0   0.0   0.04  0.03  0.0   0.01  0.0   0.0   0.04  0.09  0.0   0.03  0.06  
15    E     0.05  0.0   0.01  0.14  0.0   0.0   0.02  0.07  0.0   0.0   0.0   0.01  0.0   0.0   0.49  0.15  0.05  0.0   0.0   0.0   
16    V     0.04  0.0   0.0   0.0   0.0   0.0   0.01  0.01  0.0   0.19  0.21  0.0   0.02  0.01  0.0   0.0   0.02  0.0   0.0   0.49  
17    E     0.15  0.0   0.02  0.2   0.0   0.01  0.35  0.01  0.01  0.01  0.01  0.04  0.0   0.0   0.02  0.12  0.03  0.0   0.01  0.01  
18    E     0.04  0.0   0.01  0.02  0.0   0.02  0.09  0.01  0.0   0.23  0.19  0.02  0.03  0.0   0.0   0.0   0.07  0.0   0.0   0.25  
19    L     0.02  0.65  0.0   0.0   0.0   0.0   0.0   0.0   0.0   0.02  0.22  0.0   0.04  0.01  0.0   0.0   0.01  0.0   0.0   0.03  
20    E     0.03  0.0   0.0   0.03  0.0   0.03  0.79  0.07  0.01  0.0   0.0   0.0   0.0   0.0   0.0   0.02  0.0   0.0   0.01  0.0   
21    K     0.04  0.3   0.02  0.01  0.01  0.1   0.02  0.01  0.02  0.01  0.02  0.38  0.0   0.0   0.0   0.03  0.02  0.0   0.0   0.01  
22    A     0.11  0.0   0.0   0.0   0.0   0.0   0.0   0.0   0.01  0.07  0.33  0.0   0.02  0.17  0.0   0.03  0.01  0.0   0.02  0.23  
23    R     0.43  0.06  0.0   0.01  0.0   0.0   0.01  0.01  0.02  0.02  0.01  0.0   0.0   0.0   0.0   0.29  0.05  0.01  0.03  0.04  
24    F     0.03  0.01  0.01  0.0   0.0   0.01  0.02  0.03  0.01  0.13  0.17  0.02  0.02  0.42  0.0   0.01  0.02  0.0   0.02  0.05  
25    E     0.11  0.05  0.06  0.12  0.0   0.03  0.06  0.06  0.01  0.02  0.01  0.03  0.0   0.01  0.11  0.18  0.12  0.0   0.01  0.02  
26    S     0.12  0.02  0.02  0.1   0.01  0.02  0.22  0.05  0.0   0.02  0.05  0.03  0.04  0.0   0.16  0.11  0.0   0.01  0.0   0.04  
27    D     0.04  0.02  0.03  0.27  0.01  0.04  0.23  0.03  0.01  0.0   0.01  0.09  0.0   0.0   0.05  0.06  0.06  0.0   0.02  0.02  
28    E     0.06  0.06  0.03  0.09  0.0   0.13  0.35  0.03  0.02  0.02  0.02  0.08  0.03  0.0   0.02  0.02  0.02  0.0   0.01  0.01  
29    A     0.39  0.02  0.01  0.0   0.02  0.02  0.03  0.0   0.01  0.11  0.12  0.01  0.0   0.08  0.02  0.03  0.01  0.01  0.03  0.08  
30    V     0.04  0.02  0.02  0.0   0.01  0.03  0.01  0.02  0.01  0.08  0.41  0.01  0.06  0.07  0.02  0.01  0.02  0.02  0.05  0.08  
31    R     0.08  0.13  0.03  0.05  0.01  0.08  0.11  0.04  0.04  0.01  0.06  0.15  0.0   0.01  0.01  0.1   0.05  0.0   0.0   0.02  
32    D     0.15  0.09  0.04  0.1   0.0   0.1   0.14  0.04  0.02  0.02  0.05  0.07  0.0   0.0   0.01  0.11  0.04  0.01  0.01  0.01  
33    I     0.02  0.01  0.02  0.0   0.01  0.02  0.0   0.02  0.0   0.13  0.65  0.0   0.01  0.03  0.0   0.01  0.01  0.0   0.0   0.05  
34    V     0.09  0.13  0.03  0.01  0.03  0.06  0.03  0.02  0.02  0.06  0.19  0.1   0.01  0.01  0.01  0.05  0.04  0.0   0.03  0.08  
35    E     0.15  0.07  0.04  0.06  0.01  0.12  0.13  0.05  0.02  0.01  0.01  0.08  0.0   0.0   0.01  0.18  0.03  0.0   0.01  0.02  
36    S     0.07  0.05  0.04  0.03  0.01  0.05  0.07  0.04  0.06  0.05  0.14  0.06  0.01  0.03  0.01  0.12  0.06  0.01  0.06  0.03  
37    F     0.03  0.03  0.04  0.09  0.02  0.02  0.11  0.07  0.02  0.02  0.05  0.11  0.0   0.04  0.16  0.06  0.07  0.0   0.03  0.02  
38    G     0.08  0.02  0.05  0.06  0.0   0.06  0.02  0.21  0.08  0.02  0.08  0.04  0.01  0.02  0.04  0.12  0.02  0.01  0.03  0.02  
39    L     0.1   0.01  0.01  0.01  0.01  0.02  0.0   0.03  0.0   0.31  0.08  0.01  0.01  0.04  0.01  0.02  0.03  0.0   0.02  0.29  
40    S     0.06  0.06  0.06  0.11  0.0   0.04  0.13  0.04  0.04  0.01  0.08  0.05  0.01  0.01  0.02  0.13  0.08  0.0   0.03  0.03  
41    G     0.03  0.01  0.01  0.01  0.0   0.02  0.64  0.17  0.02  0.0   0.0   0.02  0.0   0.0   0.01  0.04  0.01  0.0   0.0   0.0   
42    S     0.36  0.0   0.03  0.01  0.1   0.0   0.01  0.06  0.0   0.03  0.04  0.01  0.01  0.03  0.01  0.08  0.03  0.0   0.04  0.15  
43    V     0.18  0.0   0.0   0.0   0.01  0.0   0.0   0.01  0.0   0.11  0.1   0.0   0.09  0.05  0.0   0.03  0.02  0.0   0.0   0.39  
44    L     0.02  0.0   0.01  0.0   0.0   0.0   0.01  0.0   0.0   0.43  0.16  0.0   0.0   0.0   0.01  0.0   0.01  0.0   0.01  0.31  
45    L     0.0   0.0   0.0   0.0   0.0   0.0   0.0   0.0   0.0   0.11  0.72  0.0   0.01  0.01  0.0   0.0   0.02  0.0   0.0   0.14  
46    Q     0.08  0.01  0.01  0.0   0.01  0.1   0.0   0.0   0.04  0.01  0.03  0.03  0.01  0.01  0.0   0.66  0.0   0.0   0.0   0.01  
47    T     0.0   0.0   0.0   0.0   0.0   0.0   0.0   0.0   0.0   0.0   0.0   0.0   0.0   0.0   0.01  0.0   0.99  0.0   0.0   0.0   
48    S     0.0   0.0   0.0   0.0   0.99  0.0   0.0   0.0   0.0   0.0   0.0   0.0   0.0   0.0   0.0   0.01  0.0   0.0   0.0   0.0   
49    N     0.02  0.0   0.89  0.01  0.0   0.0   0.01  0.01  0.05  0.0   0.01  0.0   0.0   0.0   0.0   0.01  0.0   0.0   0.01  0.0   
50    R     0.0   1.0   0.0   0.0   0.0   0.0   0.0   0.0   0.0   0.0   0.0   0.0   0.0   0.0   0.0   0.0   0.0   0.0   0.0   0.0   
51    V     0.02  0.01  0.0   0.0   0.0   0.0   0.0   0.0   0.0   0.06  0.09  0.01  0.03  0.04  0.0   0.03  0.39  0.0   0.01  0.32  
52    E     0.0   0.0   0.0   0.0   0.0   0.0   1.0   0.0   0.0   0.0   0.0   0.0   0.0   0.0   0.0   0.0   0.0   0.0   0.0   0.0   
53    V     0.07  0.0   0.0   0.0   0.0   0.0   0.0   0.0   0.0   0.44  0.21  0.0   0.0   0.03  0.0   0.0   0.0   0.0   0.02  0.22  
54    Y     0.0   0.0   0.0   0.0   0.0   0.0   0.0   0.0   0.0   0.01  0.03  0.0   0.01  0.03  0.0   0.0   0.0   0.01  0.87  0.02  
55    A     0.26  0.0   0.0   0.0   0.09  0.0   0.0   0.05  0.0   0.07  0.18  0.0   0.01  0.08  0.0   0.01  0.04  0.01  0.05  0.16  
56    S     0.1   0.03  0.04  0.08  0.01  0.02  0.06  0.01  0.05  0.01  0.02  0.01  0.02  0.02  0.0   0.16  0.1   0.0   0.09  0.17  
57    G     0.11  0.0   0.08  0.03  0.03  0.01  0.01  0.33  0.01  0.01  0.02  0.0   0.0   0.0   0.04  0.12  0.1   0.0   0.0   0.08  
58    A     0.11  0.1   0.05  0.14  0.0   0.0   0.11  0.04  0.02  0.03  0.03  0.07  0.01  0.06  0.06  0.05  0.05  0.0   0.0   0.06  
59    R     0.07  0.1   0.11  0.11  0.01  0.06  0.11  0.05  0.05  0.01  0.01  0.08  0.02  0.01  0.04  0.08  0.03  0.0   0.03  0.02  
60    D     0.07  0.04  0.07  0.14  0.0   0.02  0.2   0.05  0.06  0.04  0.02  0.01  0.0   0.03  0.11  0.06  0.01  0.0   0.04  0.03  
61    R     0.1   0.05  0.04  0.05  0.01  0.03  0.09  0.04  0.06  0.15  0.07  0.02  0.0   0.04  0.03  0.04  0.05  0.0   0.02  0.11  
62    A     0.21  0.02  0.02  0.02  0.02  0.02  0.04  0.01  0.02  0.06  0.12  0.09  0.01  0.01  0.06  0.07  0.05  0.0   0.01  0.12  
63    E     0.11  0.07  0.04  0.11  0.0   0.11  0.27  0.05  0.01  0.02  0.01  0.07  0.01  0.01  0.0   0.07  0.02  0.0   0.01  0.02  
64    E     0.05  0.02  0.04  0.08  0.0   0.08  0.18  0.02  0.03  0.03  0.05  0.02  0.01  0.14  0.0   0.06  0.04  0.08  0.03  0.04  
65    L     0.04  0.02  0.0   0.01  0.0   0.01  0.01  0.01  0.03  0.17  0.41  0.02  0.04  0.03  0.03  0.01  0.03  0.02  0.02  0.09  
66    G     0.2   0.04  0.04  0.03  0.0   0.01  0.04  0.12  0.02  0.07  0.08  0.07  0.0   0.03  0.02  0.15  0.02  0.0   0.02  0.05  
67    D     0.05  0.05  0.08  0.18  0.01  0.05  0.24  0.03  0.01  0.0   0.04  0.12  0.01  0.0   0.03  0.05  0.02  0.01  0.0   0.01  
68    L     0.04  0.03  0.0   0.06  0.0   0.01  0.08  0.02  0.02  0.1   0.19  0.01  0.01  0.07  0.02  0.03  0.01  0.15  0.07  0.08  
69    I     0.02  0.01  0.0   0.01  0.0   0.01  0.02  0.0   0.01  0.14  0.52  0.01  0.01  0.12  0.01  0.02  0.01  0.0   0.03  0.06  
70    H     0.14  0.12  0.03  0.03  0.08  0.03  0.13  0.04  0.05  0.0   0.03  0.08  0.01  0.03  0.03  0.12  0.03  0.0   0.01  0.02  
71    D     0.03  0.05  0.06  0.14  0.0   0.07  0.17  0.08  0.01  0.01  0.01  0.07  0.0   0.01  0.17  0.06  0.04  0.0   0.0   0.02  
72    D     0.03  0.04  0.04  0.07  0.03  0.03  0.01  0.02  0.27  0.02  0.02  0.04  0.01  0.06  0.0   0.08  0.02  0.01  0.2   0.01  
73    A     0.18  0.01  0.0   0.0   0.02  0.0   0.0   0.01  0.01  0.06  0.34  0.0   0.04  0.11  0.03  0.07  0.03  0.0   0.0   0.09  
74    W     0.01  0.06  0.02  0.06  0.0   0.01  0.05  0.02  0.0   0.04  0.02  0.02  0.01  0.18  0.0   0.01  0.02  0.01  0.42  0.05  
75    V     0.04  0.04  0.02  0.02  0.03  0.03  0.02  0.03  0.01  0.18  0.04  0.01  0.04  0.08  0.0   0.07  0.07  0.02  0.01  0.25  
76    K     0.0   0.15  0.0   0.01  0.0   0.01  0.03  0.0   0.17  0.04  0.2   0.06  0.01  0.06  0.0   0.02  0.01  0.0   0.21  0.02  
77    R     0.02  0.12  0.02  0.03  0.02  0.09  0.14  0.02  0.07  0.01  0.04  0.11  0.01  0.04  0.02  0.04  0.07  0.0   0.08  0.05  
78    G     0.03  0.01  0.1   0.19  0.0   0.04  0.08  0.4   0.06  0.0   0.01  0.0   0.0   0.0   0.0   0.03  0.0   0.0   0.03  0.0   
79    S     0.06  0.03  0.04  0.17  0.03  0.09  0.18  0.04  0.01  0.02  0.04  0.08  0.03  0.0   0.02  0.07  0.03  0.0   0.01  0.04  
80    E     0.16  0.03  0.03  0.24  0.0   0.05  0.34  0.06  0.01  0.0   0.01  0.02  0.01  0.0   0.0   0.04  0.0   0.0   0.01  0.01  
81    A     0.75  0.0   0.0   0.0   0.05  0.0   0.0   0.01  0.0   0.02  0.0   0.0   0.0   0.0   0.0   0.05  0.03  0.0   0.0   0.09  
82    V     0.16  0.0   0.0   0.0   0.0   0.0   0.0   0.0   0.0   0.23  0.1   0.0   0.01  0.04  0.0   0.01  0.05  0.0   0.01  0.38  
83    R     0.02  0.37  0.04  0.01  0.0   0.05  0.13  0.01  0.04  0.0   0.03  0.11  0.03  0.02  0.0   0.06  0.06  0.01  0.01  0.0   
84    H     0.0   0.02  0.0   0.0   0.0   0.0   0.0   0.0   0.95  0.0   0.0   0.0   0.0   0.0   0.0   0.0   0.0   0.0   0.02  0.0   
85    L     0.05  0.0   0.0   0.0   0.0   0.0   0.0   0.0   0.0   0.05  0.76  0.0   0.06  0.02  0.0   0.0   0.0   0.01  0.0   0.04  
86    F     0.02  0.0   0.0   0.0   0.02  0.0   0.0   0.0   0.0   0.0   0.15  0.0   0.2   0.56  0.0   0.0   0.01  0.0   0.04  0.01  
87    R     0.05  0.54  0.02  0.0   0.03  0.03  0.11  0.0   0.01  0.0   0.01  0.07  0.0   0.0   0.0   0.06  0.04  0.0   0.01  0.0   
88    V     0.0   0.0   0.0   0.0   0.0   0.0   0.0   0.0   0.0   0.02  0.08  0.0   0.01  0.0   0.0   0.0   0.01  0.0   0.0   0.87  
89    A     0.64  0.0   0.0   0.0   0.02  0.0   0.0   0.04  0.0   0.01  0.0   0.0   0.0   0.0   0.0   0.14  0.1   0.0   0.0   0.04  
90    S     0.26  0.0   0.0   0.0   0.19  0.0   0.0   0.03  0.0   0.01  0.0   0.0   0.0   0.0   0.0   0.45  0.05  0.0   0.0   0.01  
91    G     0.03  0.0   0.0   0.0   0.0   0.0   0.0   0.85  0.0   0.0   0.0   0.0   0.0   0.0   0.0   0.12  0.0   0.0   0.0   0.0   
92    L     0.01  0.0   0.0   0.0   0.0   0.0   0.0   0.0   0.0   0.04  0.83  0.0   0.04  0.04  0.0   0.0   0.01  0.0   0.0   0.03  
93    E     0.0   0.01  0.01  0.72  0.0   0.01  0.18  0.0   0.04  0.0   0.0   0.02  0.0   0.0   0.0   0.0   0.0   0.0   0.01  0.0   
94    S     0.0   0.0   0.0   0.0   0.0   0.0   0.0   0.0   0.0   0.0   0.0   0.0   0.0   0.0   0.0   1.0   0.0   0.0   0.0   0.0   
95    M     0.06  0.01  0.0   0.0   0.0   0.07  0.0   0.0   0.0   0.02  0.33  0.02  0.46  0.01  0.0   0.0   0.0   0.0   0.0   0.02  
96    M     0.02  0.0   0.0   0.0   0.0   0.0   0.0   0.0   0.0   0.31  0.05  0.0   0.02  0.0   0.0   0.03  0.0   0.0   0.0   0.56  
97    V     0.0   0.01  0.0   0.0   0.0   0.0   0.0   0.0   0.0   0.2   0.49  0.01  0.01  0.02  0.0   0.01  0.0   0.01  0.0   0.24  
98    G     0.01  0.0   0.0   0.0   0.0   0.0   0.0   0.98  0.0   0.0   0.0   0.0   0.0   0.01  0.0   0.0   0.0   0.0   0.0   0.0   
99    E     0.0   0.0   0.0   0.03  0.0   0.0   0.97  0.0   0.0   0.0   0.0   0.0   0.0   0.0   0.0   0.0   0.0   0.0   0.0   0.0   
100   Q     0.04  0.03  0.04  0.17  0.0   0.05  0.01  0.12  0.02  0.0   0.0   0.0   0.01  0.02  0.25  0.03  0.19  0.0   0.02  0.0   
101   E     0.0   0.01  0.0   0.05  0.0   0.75  0.16  0.0   0.01  0.0   0.0   0.0   0.0   0.02  0.0   0.0   0.0   0.0   0.0   0.0   
102   I     0.0   0.0   0.0   0.0   0.0   0.0   0.0   0.0   0.0   0.92  0.0   0.0   0.0   0.0   0.0   0.0   0.0   0.0   0.0   0.08  
103   L     0.05  0.0   0.0   0.0   0.0   0.05  0.0   0.0   0.0   0.06  0.74  0.0   0.01  0.01  0.0   0.02  0.02  0.0   0.0   0.05  
104   R     0.06  0.02  0.01  0.0   0.01  0.0   0.0   0.77  0.0   0.0   0.0   0.02  0.0   0.0   0.0   0.08  0.03  0.0   0.0   0.0   
105   Q     0.0   0.0   0.0   0.0   0.0   1.0   0.0   0.0   0.0   0.0   0.0   0.0   0.0   0.0   0.0   0.0   0.0   0.0   0.0   0.0   
106   V     0.0   0.0   0.0   0.0   0.0   0.0   0.0   0.0   0.0   0.16  0.17  0.0   0.1   0.02  0.0   0.0   0.0   0.0   0.0   0.55  
107   K     0.01  0.2   0.0   0.0   0.0   0.0   0.04  0.0   0.0   0.0   0.0   0.73  0.02  0.0   0.0   0.01  0.0   0.0   0.0   0.0   
108   K     0.05  0.12  0.09  0.17  0.0   0.14  0.16  0.02  0.0   0.01  0.01  0.07  0.0   0.0   0.0   0.06  0.1   0.0   0.01  0.0   
109   A     0.78  0.0   0.0   0.0   0.01  0.0   0.0   0.0   0.0   0.0   0.01  0.0   0.03  0.01  0.0   0.12  0.03  0.0   0.0   0.01  
110   Y     0.02  0.02  0.0   0.0   0.0   0.0   0.0   0.0   0.04  0.05  0.1   0.02  0.02  0.2   0.0   0.0   0.0   0.02  0.42  0.08  
111   D     0.15  0.17  0.04  0.07  0.0   0.12  0.11  0.02  0.03  0.03  0.07  0.08  0.0   0.02  0.0   0.03  0.04  0.0   0.0   0.02  
112   R     0.07  0.08  0.02  0.04  0.0   0.04  0.06  0.02  0.02  0.07  0.18  0.11  0.03  0.04  0.0   0.07  0.07  0.01  0.03  0.05  
113   A     0.64  0.0   0.0   0.0   0.01  0.04  0.0   0.1   0.0   0.0   0.0   0.0   0.0   0.02  0.0   0.19  0.0   0.0   0.0   0.0   
114   A     0.05  0.18  0.01  0.01  0.01  0.2   0.08  0.0   0.02  0.04  0.06  0.15  0.0   0.02  0.0   0.03  0.03  0.0   0.01  0.07  
115   R     0.08  0.11  0.02  0.1   0.0   0.07  0.34  0.04  0.02  0.0   0.0   0.12  0.0   0.0   0.0   0.05  0.04  0.0   0.0   0.0   
116   L     0.26  0.04  0.09  0.02  0.01  0.03  0.12  0.03  0.05  0.02  0.09  0.01  0.03  0.03  0.0   0.04  0.02  0.0   0.05  0.05  
117   G     0.02  0.06  0.05  0.03  0.01  0.07  0.03  0.5   0.04  0.0   0.01  0.15  0.0   0.0   0.0   0.02  0.0   0.0   0.01  0.0   
118   T     0.15  0.01  0.01  0.01  0.03  0.01  0.01  0.08  0.02  0.01  0.06  0.04  0.01  0.05  0.01  0.1   0.33  0.0   0.04  0.04  
119   L     0.12  0.0   0.01  0.0   0.06  0.0   0.0   0.01  0.0   0.11  0.18  0.01  0.02  0.01  0.0   0.08  0.18  0.0   0.0   0.2   
120   D     0.04  0.05  0.06  0.08  0.01  0.0   0.01  0.51  0.01  0.0   0.0   0.03  0.0   0.0   0.03  0.15  0.02  0.0   0.0   0.0   
121   E     0.03  0.11  0.02  0.0   0.0   0.02  0.03  0.09  0.01  0.04  0.03  0.15  0.0   0.03  0.15  0.13  0.11  0.01  0.01  0.05  
122   A     0.07  0.01  0.02  0.04  0.01  0.02  0.09  0.02  0.01  0.18  0.14  0.03  0.01  0.05  0.01  0.01  0.09  0.01  0.05  0.14  
123   L     0.01  0.0   0.0   0.0   0.0   0.0   0.0   0.0   0.0   0.08  0.79  0.0   0.04  0.05  0.0   0.0   0.02  0.0   0.0   0.01  
124   K     0.01  0.01  0.25  0.13  0.0   0.03  0.16  0.04  0.14  0.0   0.0   0.05  0.0   0.0   0.0   0.08  0.05  0.0   0.0   0.02  
125   I     0.04  0.39  0.01  0.02  0.01  0.04  0.04  0.03  0.02  0.03  0.04  0.1   0.01  0.04  0.01  0.03  0.1   0.01  0.01  0.02  
126   V     0.06  0.0   0.0   0.0   0.02  0.0   0.0   0.01  0.0   0.07  0.63  0.0   0.05  0.02  0.0   0.0   0.01  0.01  0.0   0.13  
127   F     0.03  0.0   0.0   0.0   0.03  0.0   0.0   0.0   0.0   0.03  0.1   0.0   0.05  0.62  0.0   0.01  0.01  0.0   0.01  0.1   
128   R     0.01  0.05  0.07  0.02  0.0   0.38  0.12  0.01  0.13  0.0   0.03  0.1   0.0   0.0   0.01  0.03  0.06  0.0   0.0   0.0   
129   R     0.07  0.18  0.03  0.01  0.01  0.15  0.03  0.01  0.04  0.01  0.01  0.27  0.0   0.02  0.0   0.03  0.07  0.0   0.03  0.01  
130   A     0.72  0.0   0.0   0.0   0.01  0.0   0.0   0.0   0.0   0.02  0.0   0.0   0.0   0.0   0.0   0.09  0.11  0.0   0.0   0.05  
131   I     0.0   0.0   0.01  0.0   0.01  0.0   0.0   0.0   0.0   0.28  0.19  0.0   0.02  0.33  0.0   0.02  0.0   0.0   0.01  0.13  
132   N     0.14  0.13  0.03  0.0   0.0   0.04  0.01  0.02  0.09  0.0   0.0   0.13  0.0   0.02  0.0   0.21  0.16  0.0   0.01  0.0   
133   L     0.16  0.0   0.0   0.0   0.08  0.0   0.03  0.0   0.0   0.02  0.05  0.0   0.0   0.03  0.0   0.02  0.17  0.0   0.0   0.43  
134   G     0.44  0.0   0.01  0.0   0.0   0.0   0.0   0.47  0.0   0.0   0.0   0.0   0.0   0.0   0.0   0.07  0.0   0.0   0.0   0.0   
135   K     0.05  0.08  0.01  0.0   0.0   0.04  0.02  0.0   0.0   0.0   0.0   0.79  0.0   0.0   0.0   0.01  0.0   0.0   0.0   0.01  
136   R     0.01  0.56  0.0   0.03  0.0   0.03  0.1   0.01  0.02  0.0   0.01  0.17  0.01  0.0   0.0   0.01  0.02  0.0   0.0   0.02  
137   A     0.14  0.0   0.0   0.0   0.0   0.0   0.0   0.0   0.0   0.09  0.0   0.0   0.01  0.06  0.0   0.0   0.0   0.0   0.01  0.69  
138   R     0.01  0.74  0.0   0.0   0.0   0.0   0.01  0.02  0.12  0.0   0.0   0.08  0.0   0.0   0.0   0.0   0.0   0.0   0.0   0.01  
139   E     0.07  0.04  0.09  0.0   0.0   0.02  0.02  0.01  0.01  0.0   0.01  0.02  0.0   0.0   0.0   0.27  0.43  0.0   0.0   0.0   
140   E     0.01  0.02  0.02  0.06  0.0   0.07  0.61  0.01  0.01  0.01  0.01  0.08  0.0   0.0   0.0   0.06  0.02  0.0   0.0   0.0   
141   T     0.01  0.0   0.0   0.0   0.0   0.0   0.0   0.0   0.0   0.02  0.0   0.0   0.0   0.0   0.0   0.04  0.89  0.0   0.01  0.02  
142   R     0.17  0.09  0.08  0.07  0.0   0.06  0.12  0.19  0.02  0.0   0.0   0.09  0.01  0.01  0.0   0.08  0.01  0.0   0.0   0.0   
143   I     0.0   0.0   0.0   0.0   0.0   0.0   0.0   0.0   0.0   0.79  0.15  0.0   0.0   0.0   0.0   0.0   0.0   0.0   0.0   0.06  
