             A     R     N     D     C     Q     E     G     H     I     L     K     M     F     P     S     T     W     Y     V
1     S     0.19  0.0   0.0   0.0   0.0   0.0   0.0   0.11  0.0   0.0   0.0   0.0   0.0   0.0   0.0   0.23  0.46  0.0   0.0   0.0   
2     G     0.23  0.0   0.03  0.0   0.0   0.0   0.0   0.53  0.0   0.0   0.0   0.0   0.0   0.0   0.0   0.22  0.0   0.0   0.0   0.0   
3     Q     0.27  0.0   0.0   0.0   0.0   0.41  0.0   0.0   0.0   0.0   0.0   0.13  0.0   0.0   0.0   0.19  0.0   0.0   0.0   0.0   
4     R     0.0   0.28  0.0   0.0   0.0   0.02  0.0   0.0   0.0   0.0   0.0   0.22  0.0   0.0   0.4   0.0   0.07  0.0   0.0   0.0   
5     W     0.17  0.0   0.0   0.0   0.0   0.0   0.0   0.0   0.0   0.0   0.06  0.0   0.0   0.0   0.0   0.0   0.07  0.7   0.0   0.0   
6     E     0.0   0.0   0.0   0.36  0.0   0.06  0.48  0.0   0.0   0.0   0.0   0.0   0.0   0.0   0.0   0.08  0.02  0.0   0.0   0.0   
7     L     0.02  0.18  0.0   0.0   0.0   0.34  0.18  0.0   0.0   0.0   0.11  0.04  0.0   0.0   0.0   0.01  0.02  0.0   0.0   0.1   
8     A     0.4   0.0   0.02  0.03  0.0   0.0   0.04  0.0   0.0   0.02  0.03  0.0   0.08  0.0   0.0   0.06  0.04  0.0   0.0   0.28  
9     L     0.13  0.09  0.0   0.0   0.0   0.0   0.0   0.0   0.0   0.0   0.29  0.27  0.01  0.0   0.02  0.02  0.01  0.0   0.0   0.17  
10    G     0.03  0.0   0.08  0.3   0.0   0.0   0.18  0.2   0.0   0.0   0.0   0.09  0.0   0.0   0.0   0.03  0.09  0.0   0.0   0.0   
11    R     0.0   0.28  0.0   0.0   0.0   0.1   0.0   0.0   0.01  0.0   0.09  0.02  0.0   0.16  0.12  0.09  0.03  0.0   0.0   0.11  
12    F     0.17  0.0   0.0   0.0   0.0   0.0   0.0   0.0   0.0   0.03  0.05  0.0   0.06  0.4   0.0   0.0   0.02  0.0   0.17  0.09  
13    W     0.14  0.13  0.02  0.0   0.0   0.0   0.0   0.0   0.0   0.0   0.0   0.0   0.0   0.0   0.0   0.01  0.18  0.51  0.0   0.0   
14    D     0.0   0.0   0.0   0.43  0.0   0.11  0.23  0.0   0.0   0.0   0.03  0.04  0.0   0.0   0.02  0.0   0.0   0.0   0.0   0.15  
15    Y     0.0   0.0   0.0   0.0   0.0   0.0   0.05  0.0   0.0   0.0   0.0   0.0   0.0   0.0   0.0   0.0   0.0   0.0   0.95  0.0   
16    L     0.0   0.0   0.0   0.0   0.0   0.0   0.0   0.0   0.0   0.04  0.35  0.0   0.05  0.26  0.0   0.0   0.0   0.0   0.0   0.31  
17    R     0.09  0.21  0.07  0.26  0.0   0.0   0.05  0.03  0.0   0.0   0.0   0.0   0.0   0.0   0.0   0.22  0.08  0.0   0.0   0.0   
18    W     0.21  0.03  0.0   0.0   0.0   0.44  0.08  0.0   0.0   0.0   0.0   0.0   0.0   0.0   0.0   0.01  0.03  0.16  0.0   0.04  
19    V     0.01  0.01  0.0   0.01  0.0   0.0   0.01  0.01  0.0   0.08  0.2   0.01  0.0   0.0   0.01  0.01  0.04  0.0   0.0   0.59  
20    Q     0.0   0.0   0.13  0.0   0.0   0.19  0.0   0.03  0.0   0.0   0.0   0.42  0.05  0.0   0.0   0.19  0.0   0.0   0.0   0.0   
21    T     0.03  0.0   0.08  0.27  0.0   0.0   0.13  0.03  0.0   0.0   0.06  0.05  0.0   0.0   0.0   0.16  0.2   0.0   0.0   0.0   
22    L     0.03  0.0   0.1   0.08  0.0   0.09  0.0   0.08  0.04  0.0   0.16  0.0   0.04  0.0   0.0   0.26  0.09  0.03  0.0   0.0   
23    S     0.24  0.0   0.0   0.05  0.0   0.0   0.0   0.34  0.0   0.0   0.0   0.0   0.0   0.0   0.0   0.24  0.06  0.0   0.0   0.05  
24    E     0.0   0.19  0.0   0.18  0.0   0.08  0.16  0.0   0.0   0.0   0.04  0.33  0.0   0.0   0.0   0.01  0.0   0.0   0.0   0.0   
25    Q     0.0   0.12  0.0   0.3   0.0   0.2   0.13  0.16  0.0   0.0   0.0   0.06  0.0   0.0   0.0   0.03  0.0   0.0   0.0   0.0   
26    V     0.2   0.03  0.0   0.0   0.02  0.0   0.0   0.0   0.0   0.03  0.04  0.05  0.06  0.0   0.0   0.08  0.0   0.0   0.25  0.23  
27    Q     0.04  0.09  0.0   0.0   0.0   0.16  0.0   0.0   0.0   0.11  0.05  0.0   0.06  0.0   0.0   0.0   0.03  0.0   0.0   0.47  
28    E     0.15  0.0   0.08  0.12  0.0   0.03  0.36  0.06  0.0   0.0   0.0   0.01  0.0   0.0   0.0   0.13  0.06  0.0   0.0   0.0   
29    E     0.0   0.03  0.06  0.0   0.0   0.61  0.14  0.01  0.09  0.0   0.06  0.0   0.0   0.0   0.0   0.0   0.0   0.0   0.0   0.0   
30    L     0.0   0.0   0.0   0.0   0.0   0.03  0.0   0.0   0.0   0.11  0.52  0.0   0.0   0.24  0.03  0.0   0.0   0.0   0.0   0.08  
31    L     0.0   0.0   0.0   0.21  0.0   0.22  0.25  0.0   0.03  0.0   0.15  0.08  0.0   0.0   0.0   0.0   0.07  0.0   0.0   0.0   
32    S     0.16  0.07  0.03  0.13  0.0   0.06  0.0   0.08  0.0   0.0   0.0   0.15  0.0   0.0   0.0   0.27  0.05  0.0   0.0   0.0   
33    S     0.05  0.0   0.02  0.0   0.0   0.08  0.0   0.0   0.04  0.0   0.06  0.0   0.0   0.0   0.05  0.49  0.22  0.0   0.0   0.0   
34    Q     0.21  0.05  0.0   0.08  0.0   0.25  0.2   0.01  0.0   0.0   0.01  0.1   0.0   0.0   0.0   0.04  0.04  0.0   0.0   0.01  
35    V     0.06  0.0   0.0   0.0   0.0   0.0   0.0   0.0   0.0   0.0   0.45  0.0   0.1   0.03  0.0   0.0   0.0   0.0   0.14  0.23  
36    T     0.1   0.0   0.0   0.0   0.0   0.1   0.04  0.33  0.0   0.02  0.01  0.0   0.0   0.0   0.0   0.04  0.32  0.0   0.0   0.01  
37    Q     0.0   0.06  0.0   0.0   0.0   0.33  0.15  0.0   0.0   0.0   0.0   0.36  0.0   0.0   0.0   0.04  0.01  0.04  0.0   0.0   
38    E     0.04  0.0   0.03  0.0   0.0   0.38  0.42  0.0   0.03  0.0   0.0   0.0   0.0   0.0   0.0   0.03  0.0   0.0   0.03  0.05  
39    L     0.0   0.0   0.0   0.0   0.0   0.0   0.0   0.0   0.0   0.0   0.73  0.03  0.08  0.0   0.05  0.0   0.02  0.0   0.08  0.0   
40    R     0.03  0.09  0.4   0.08  0.0   0.0   0.0   0.0   0.0   0.0   0.03  0.11  0.0   0.0   0.0   0.02  0.19  0.0   0.04  0.0   
41    A     0.12  0.0   0.0   0.0   0.0   0.08  0.01  0.06  0.0   0.0   0.31  0.05  0.04  0.0   0.0   0.04  0.22  0.0   0.0   0.07  
42    L     0.0   0.02  0.13  0.0   0.0   0.09  0.03  0.0   0.05  0.0   0.43  0.19  0.0   0.0   0.0   0.06  0.0   0.0   0.0   0.0   
43    M     0.01  0.0   0.0   0.0   0.0   0.0   0.01  0.01  0.0   0.19  0.37  0.04  0.17  0.14  0.0   0.01  0.0   0.0   0.0   0.05  
44    D     0.03  0.0   0.0   0.18  0.0   0.1   0.19  0.0   0.0   0.0   0.22  0.11  0.0   0.0   0.0   0.1   0.04  0.0   0.0   0.02  
45    E     0.05  0.0   0.0   0.49  0.0   0.11  0.28  0.0   0.0   0.0   0.0   0.0   0.0   0.0   0.0   0.03  0.04  0.0   0.0   0.0   
46    T     0.0   0.0   0.3   0.06  0.0   0.0   0.0   0.0   0.0   0.0   0.12  0.1   0.0   0.03  0.0   0.14  0.17  0.0   0.05  0.0   
47    M     0.0   0.08  0.0   0.0   0.0   0.04  0.03  0.0   0.04  0.01  0.32  0.0   0.19  0.0   0.0   0.0   0.0   0.26  0.0   0.03  
48    K     0.09  0.0   0.02  0.33  0.0   0.03  0.04  0.14  0.0   0.0   0.0   0.19  0.0   0.0   0.0   0.04  0.05  0.0   0.06  0.0   
49    E     0.0   0.0   0.12  0.05  0.0   0.07  0.26  0.0   0.0   0.0   0.0   0.11  0.0   0.0   0.0   0.15  0.23  0.0   0.0   0.0   
50    L     0.02  0.0   0.0   0.04  0.0   0.0   0.0   0.0   0.0   0.03  0.57  0.0   0.09  0.01  0.0   0.0   0.0   0.0   0.0   0.24  
51    K     0.01  0.0   0.16  0.0   0.0   0.08  0.08  0.11  0.03  0.0   0.04  0.16  0.0   0.0   0.0   0.24  0.08  0.0   0.0   0.0   
52    A     0.21  0.0   0.1   0.0   0.0   0.05  0.03  0.01  0.0   0.0   0.0   0.0   0.0   0.0   0.16  0.27  0.16  0.0   0.0   0.0   
53    Y     0.04  0.0   0.04  0.0   0.0   0.0   0.0   0.0   0.0   0.05  0.05  0.0   0.07  0.07  0.0   0.02  0.22  0.0   0.43  0.0   
54    K     0.22  0.07  0.03  0.0   0.0   0.0   0.0   0.0   0.0   0.08  0.09  0.12  0.02  0.12  0.0   0.03  0.08  0.0   0.0   0.14  
55    S     0.1   0.0   0.02  0.2   0.0   0.1   0.15  0.08  0.0   0.0   0.0   0.12  0.0   0.0   0.0   0.17  0.05  0.0   0.0   0.0   
56    E     0.0   0.05  0.07  0.09  0.0   0.06  0.24  0.03  0.0   0.0   0.0   0.29  0.0   0.03  0.0   0.04  0.09  0.0   0.0   0.0   
57    L     0.03  0.0   0.0   0.0   0.0   0.0   0.0   0.0   0.05  0.0   0.66  0.0   0.0   0.09  0.0   0.0   0.06  0.0   0.0   0.1   
58    E     0.0   0.22  0.0   0.01  0.0   0.21  0.21  0.03  0.04  0.05  0.05  0.04  0.0   0.0   0.0   0.09  0.0   0.0   0.04  0.0   
59    E     0.12  0.0   0.08  0.0   0.0   0.06  0.56  0.01  0.0   0.0   0.0   0.08  0.0   0.0   0.03  0.01  0.03  0.0   0.0   0.0   
60    Q     0.03  0.04  0.0   0.05  0.0   0.39  0.02  0.0   0.01  0.0   0.08  0.28  0.0   0.0   0.0   0.05  0.04  0.0   0.0   0.0   
61    L     0.0   0.08  0.0   0.0   0.0   0.0   0.0   0.0   0.0   0.08  0.68  0.0   0.07  0.02  0.0   0.0   0.0   0.0   0.0   0.08  
62    T     0.1   0.09  0.0   0.04  0.0   0.0   0.0   0.48  0.0   0.0   0.0   0.0   0.04  0.0   0.0   0.05  0.09  0.0   0.0   0.1   
63    P     0.0   0.0   0.0   0.0   0.0   0.04  0.04  0.0   0.02  0.03  0.02  0.0   0.0   0.0   0.79  0.02  0.05  0.0   0.0   0.0   
64    V     0.02  0.0   0.08  0.0   0.0   0.03  0.05  0.03  0.0   0.03  0.12  0.0   0.06  0.1   0.0   0.0   0.0   0.0   0.14  0.35  
65    A     0.31  0.03  0.0   0.0   0.0   0.0   0.0   0.0   0.0   0.0   0.0   0.04  0.05  0.02  0.0   0.15  0.29  0.0   0.03  0.1   
66    E     0.0   0.04  0.0   0.05  0.0   0.28  0.29  0.08  0.01  0.0   0.0   0.07  0.0   0.0   0.0   0.06  0.06  0.0   0.0   0.07  
67    E     0.1   0.0   0.0   0.11  0.0   0.08  0.55  0.0   0.0   0.0   0.0   0.02  0.0   0.0   0.06  0.03  0.03  0.0   0.0   0.03  
68    T     0.05  0.0   0.0   0.0   0.0   0.0   0.03  0.05  0.02  0.06  0.16  0.0   0.03  0.33  0.0   0.0   0.22  0.0   0.0   0.03  
69    R     0.06  0.27  0.0   0.0   0.0   0.07  0.0   0.05  0.06  0.0   0.0   0.12  0.0   0.0   0.0   0.08  0.0   0.27  0.0   0.0   
70    A     0.25  0.0   0.0   0.2   0.0   0.01  0.26  0.11  0.0   0.0   0.0   0.0   0.0   0.0   0.06  0.01  0.07  0.0   0.0   0.02  
71    R     0.02  0.31  0.19  0.02  0.0   0.11  0.0   0.0   0.08  0.0   0.03  0.11  0.03  0.0   0.02  0.05  0.03  0.0   0.0   0.0   
72    L     0.0   0.0   0.0   0.0   0.0   0.0   0.0   0.0   0.0   0.05  0.86  0.0   0.0   0.02  0.0   0.0   0.0   0.03  0.0   0.05  
73    S     0.16  0.01  0.04  0.06  0.0   0.0   0.24  0.03  0.03  0.0   0.03  0.0   0.07  0.0   0.05  0.14  0.14  0.0   0.0   0.0   
74    K     0.0   0.0   0.0   0.03  0.0   0.13  0.07  0.0   0.02  0.0   0.0   0.55  0.0   0.0   0.12  0.0   0.03  0.0   0.0   0.04  
75    E     0.05  0.0   0.03  0.43  0.0   0.0   0.36  0.0   0.0   0.03  0.0   0.0   0.0   0.0   0.0   0.0   0.0   0.0   0.04  0.05  
76    L     0.03  0.0   0.0   0.0   0.0   0.0   0.0   0.0   0.0   0.0   0.22  0.0   0.0   0.0   0.13  0.06  0.44  0.0   0.0   0.12  
77    Q     0.1   0.0   0.0   0.1   0.0   0.19  0.47  0.0   0.0   0.0   0.0   0.03  0.0   0.0   0.0   0.02  0.03  0.0   0.0   0.06  
78    A     0.28  0.04  0.0   0.02  0.0   0.03  0.1   0.13  0.0   0.03  0.03  0.06  0.0   0.0   0.02  0.04  0.0   0.15  0.0   0.06  
79    A     0.16  0.0   0.0   0.0   0.0   0.0   0.0   0.0   0.0   0.06  0.53  0.0   0.12  0.0   0.0   0.0   0.0   0.0   0.0   0.13  
80    Q     0.03  0.6   0.0   0.0   0.0   0.14  0.0   0.04  0.0   0.0   0.0   0.19  0.0   0.0   0.0   0.0   0.0   0.0   0.0   0.0   
81    A     0.32  0.07  0.02  0.0   0.0   0.22  0.21  0.03  0.0   0.0   0.0   0.06  0.0   0.0   0.0   0.04  0.0   0.0   0.0   0.04  
82    R     0.0   0.21  0.0   0.0   0.0   0.15  0.4   0.0   0.0   0.02  0.0   0.15  0.0   0.0   0.0   0.04  0.0   0.0   0.0   0.02  
83    L     0.0   0.0   0.0   0.0   0.0   0.0   0.0   0.0   0.0   0.2   0.41  0.0   0.23  0.0   0.0   0.0   0.0   0.0   0.0   0.16  
84    G     0.06  0.1   0.2   0.04  0.0   0.18  0.06  0.12  0.01  0.0   0.0   0.02  0.08  0.0   0.0   0.06  0.06  0.0   0.0   0.0   
85    A     0.1   0.01  0.0   0.02  0.0   0.1   0.1   0.0   0.0   0.0   0.0   0.46  0.0   0.0   0.0   0.05  0.07  0.0   0.0   0.07  
86    D     0.0   0.03  0.09  0.6   0.0   0.0   0.24  0.0   0.04  0.0   0.0   0.0   0.0   0.0   0.0   0.0   0.0   0.0   0.0   0.0   
87    M     0.0   0.0   0.0   0.0   0.0   0.0   0.0   0.0   0.0   0.0   0.6   0.0   0.22  0.0   0.0   0.0   0.0   0.0   0.0   0.18  
88    E     0.03  0.0   0.04  0.0   0.0   0.03  0.8   0.03  0.0   0.0   0.0   0.0   0.0   0.0   0.0   0.0   0.03  0.0   0.0   0.03  
89    D     0.0   0.0   0.02  0.38  0.0   0.0   0.59  0.0   0.0   0.0   0.0   0.02  0.0   0.0   0.0   0.0   0.0   0.0   0.0   0.0   
90    V     0.06  0.0   0.0   0.0   0.0   0.0   0.0   0.0   0.0   0.0   0.28  0.0   0.02  0.0   0.0   0.0   0.05  0.0   0.04  0.56  
91    R     0.0   0.5   0.0   0.0   0.02  0.0   0.0   0.0   0.0   0.0   0.0   0.41  0.0   0.0   0.0   0.06  0.0   0.0   0.0   0.0   
92    G     0.18  0.05  0.08  0.02  0.0   0.15  0.07  0.02  0.02  0.0   0.01  0.04  0.0   0.0   0.0   0.13  0.23  0.0   0.0   0.01  
93    R     0.0   0.44  0.03  0.0   0.0   0.06  0.0   0.0   0.0   0.0   0.08  0.36  0.0   0.0   0.0   0.04  0.0   0.0   0.0   0.0   
94    L     0.03  0.0   0.0   0.0   0.0   0.0   0.0   0.0   0.0   0.03  0.57  0.0   0.06  0.0   0.0   0.03  0.01  0.0   0.0   0.27  
95    V     0.16  0.03  0.0   0.0   0.0   0.33  0.19  0.01  0.0   0.0   0.06  0.0   0.09  0.0   0.0   0.02  0.08  0.0   0.0   0.04  
96    Q     0.0   0.0   0.0   0.0   0.0   0.19  0.0   0.0   0.01  0.0   0.01  0.0   0.0   0.0   0.77  0.02  0.0   0.0   0.0   0.0   
97    Y     0.0   0.0   0.0   0.0   0.0   0.0   0.0   0.0   0.15  0.09  0.0   0.05  0.0   0.05  0.0   0.0   0.0   0.0   0.65  0.0   
98    R     0.18  0.25  0.0   0.0   0.0   0.0   0.0   0.0   0.0   0.0   0.33  0.0   0.15  0.0   0.0   0.0   0.0   0.0   0.04  0.05  
99    G     0.23  0.0   0.13  0.26  0.0   0.07  0.11  0.08  0.0   0.0   0.0   0.01  0.0   0.0   0.0   0.09  0.02  0.0   0.0   0.0   
100   E     0.06  0.0   0.05  0.11  0.0   0.07  0.6   0.0   0.0   0.05  0.0   0.04  0.0   0.0   0.0   0.02  0.0   0.0   0.0   0.0   
101   V     0.12  0.0   0.0   0.0   0.0   0.0   0.0   0.0   0.0   0.01  0.13  0.06  0.0   0.28  0.0   0.0   0.0   0.0   0.08  0.33  
102   Q     0.0   0.07  0.0   0.0   0.0   0.43  0.0   0.0   0.18  0.0   0.0   0.15  0.0   0.0   0.0   0.11  0.02  0.0   0.03  0.0   
103   A     0.2   0.02  0.02  0.0   0.0   0.2   0.23  0.0   0.0   0.0   0.0   0.18  0.0   0.0   0.0   0.02  0.14  0.0   0.0   0.0   
104   M     0.03  0.01  0.0   0.0   0.0   0.14  0.0   0.01  0.0   0.0   0.03  0.46  0.2   0.0   0.0   0.0   0.03  0.0   0.0   0.09  
105   L     0.05  0.0   0.0   0.0   0.0   0.0   0.0   0.0   0.04  0.06  0.32  0.0   0.1   0.04  0.0   0.0   0.0   0.2   0.0   0.18  
106   G     0.0   0.03  0.08  0.09  0.0   0.2   0.04  0.42  0.02  0.03  0.0   0.01  0.0   0.0   0.0   0.0   0.07  0.0   0.0   0.0   
107   Q     0.0   0.0   0.0   0.07  0.0   0.25  0.37  0.0   0.04  0.0   0.01  0.12  0.0   0.0   0.0   0.0   0.0   0.13  0.0   0.0   
108   S     0.03  0.05  0.29  0.03  0.0   0.04  0.27  0.0   0.08  0.0   0.0   0.04  0.0   0.0   0.0   0.13  0.03  0.0   0.0   0.0   
109   T     0.04  0.0   0.0   0.0   0.0   0.0   0.0   0.0   0.0   0.08  0.32  0.0   0.1   0.0   0.0   0.02  0.13  0.0   0.0   0.3   
110   E     0.05  0.05  0.0   0.15  0.0   0.07  0.6   0.03  0.02  0.0   0.0   0.02  0.0   0.0   0.0   0.0   0.0   0.0   0.0   0.0   
111   E     0.06  0.11  0.0   0.06  0.0   0.03  0.42  0.15  0.04  0.01  0.06  0.04  0.0   0.0   0.0   0.02  0.0   0.0   0.0   0.0   
112   L     0.0   0.0   0.0   0.0   0.0   0.0   0.0   0.0   0.0   0.01  0.55  0.0   0.0   0.02  0.0   0.0   0.0   0.0   0.33  0.09  
113   R     0.06  0.73  0.0   0.0   0.0   0.14  0.0   0.0   0.0   0.0   0.0   0.07  0.0   0.0   0.0   0.0   0.0   0.0   0.0   0.0   
114   V     0.1   0.06  0.04  0.02  0.0   0.33  0.16  0.02  0.02  0.0   0.0   0.06  0.0   0.04  0.01  0.04  0.09  0.0   0.0   0.02  
115   R     0.02  0.36  0.0   0.0   0.0   0.19  0.0   0.0   0.04  0.0   0.05  0.35  0.0   0.0   0.0   0.0   0.0   0.0   0.0   0.0   
116   L     0.05  0.0   0.0   0.0   0.0   0.0   0.0   0.0   0.0   0.0   0.56  0.0   0.07  0.04  0.0   0.0   0.0   0.0   0.0   0.29  
117   A     0.24  0.03  0.0   0.0   0.0   0.02  0.27  0.12  0.0   0.0   0.0   0.2   0.0   0.0   0.0   0.11  0.02  0.0   0.0   0.0   
118   S     0.0   0.0   0.0   0.0   0.0   0.0   0.0   0.0   0.0   0.0   0.0   0.04  0.0   0.0   0.74  0.15  0.07  0.0   0.0   0.0   
119   H     0.0   0.0   0.04  0.0   0.0   0.0   0.0   0.0   0.16  0.0   0.33  0.0   0.0   0.01  0.0   0.0   0.0   0.0   0.33  0.11  
120   L     0.22  0.01  0.0   0.0   0.0   0.0   0.0   0.17  0.0   0.05  0.16  0.0   0.06  0.04  0.01  0.09  0.19  0.0   0.0   0.0   
121   R     0.13  0.22  0.0   0.03  0.0   0.06  0.24  0.02  0.0   0.02  0.02  0.07  0.03  0.0   0.0   0.01  0.09  0.0   0.0   0.07  
122   K     0.0   0.0   0.02  0.14  0.0   0.04  0.58  0.02  0.0   0.0   0.0   0.2   0.0   0.0   0.0   0.0   0.0   0.0   0.0   0.0   
123   L     0.0   0.0   0.0   0.0   0.0   0.0   0.0   0.0   0.0   0.05  0.77  0.0   0.04  0.05  0.0   0.0   0.0   0.0   0.08  0.01  
124   R     0.0   0.5   0.0   0.0   0.0   0.05  0.0   0.02  0.02  0.0   0.0   0.19  0.13  0.0   0.01  0.03  0.0   0.0   0.0   0.05  
125   K     0.09  0.01  0.0   0.13  0.0   0.0   0.39  0.04  0.0   0.0   0.0   0.21  0.0   0.0   0.0   0.0   0.14  0.0   0.0   0.0   
126   R     0.0   0.25  0.0   0.02  0.0   0.36  0.02  0.18  0.0   0.0   0.06  0.08  0.0   0.0   0.0   0.02  0.0   0.0   0.0   0.01  
127   L     0.22  0.05  0.03  0.0   0.0   0.0   0.0   0.0   0.0   0.12  0.21  0.0   0.06  0.0   0.0   0.03  0.04  0.0   0.0   0.25  
128   L     0.1   0.31  0.12  0.01  0.0   0.07  0.0   0.09  0.03  0.0   0.11  0.03  0.01  0.05  0.0   0.05  0.0   0.0   0.01  0.01  
129   R     0.13  0.17  0.0   0.0   0.0   0.28  0.0   0.0   0.0   0.0   0.1   0.12  0.0   0.0   0.04  0.0   0.16  0.0   0.0   0.0   
130   D     0.08  0.07  0.13  0.21  0.0   0.1   0.05  0.0   0.08  0.0   0.0   0.23  0.0   0.0   0.0   0.05  0.0   0.0   0.0   0.0   
131   A     0.28  0.0   0.0   0.0   0.0   0.0   0.0   0.0   0.0   0.01  0.26  0.0   0.0   0.0   0.0   0.0   0.12  0.0   0.0   0.32  
132   D     0.0   0.0   0.0   0.1   0.0   0.33  0.44  0.05  0.01  0.0   0.01  0.05  0.01  0.0   0.0   0.0   0.01  0.0   0.0   0.0   
133   D     0.08  0.01  0.0   0.19  0.0   0.11  0.54  0.0   0.01  0.0   0.03  0.0   0.0   0.0   0.0   0.0   0.01  0.0   0.0   0.01  
134   L     0.04  0.0   0.0   0.0   0.0   0.0   0.0   0.0   0.0   0.03  0.7   0.0   0.09  0.05  0.0   0.0   0.04  0.0   0.01  0.05  
135   Q     0.0   0.32  0.0   0.0   0.0   0.5   0.0   0.0   0.04  0.0   0.0   0.14  0.0   0.0   0.0   0.0   0.0   0.0   0.0   0.0   
136   K     0.1   0.13  0.04  0.01  0.0   0.11  0.36  0.01  0.0   0.0   0.02  0.15  0.0   0.0   0.0   0.0   0.02  0.0   0.0   0.05  
137   R     0.0   0.22  0.0   0.0   0.0   0.28  0.0   0.0   0.04  0.0   0.0   0.39  0.0   0.0   0.0   0.0   0.03  0.0   0.0   0.04  
138   L     0.0   0.0   0.0   0.0   0.0   0.0   0.0   0.0   0.0   0.03  0.82  0.0   0.05  0.0   0.0   0.0   0.0   0.0   0.0   0.1   
139   A     0.35  0.13  0.0   0.0   0.0   0.0   0.11  0.03  0.0   0.0   0.04  0.03  0.04  0.0   0.0   0.06  0.19  0.0   0.0   0.02  
140   V     0.08  0.0   0.0   0.0   0.0   0.0   0.0   0.0   0.0   0.0   0.0   0.0   0.03  0.0   0.58  0.01  0.03  0.0   0.0   0.27  
141   Y     0.0   0.0   0.0   0.0   0.0   0.0   0.0   0.0   0.13  0.0   0.02  0.0   0.0   0.05  0.0   0.0   0.0   0.0   0.7   0.1   
142   Q     0.12  0.09  0.0   0.0   0.0   0.27  0.0   0.35  0.05  0.0   0.0   0.08  0.0   0.0   0.0   0.0   0.05  0.0   0.0   0.0   
143   A     0.66  0.0   0.0   0.0   0.0   0.0   0.16  0.06  0.0   0.0   0.0   0.06  0.0   0.0   0.0   0.0   0.0   0.0   0.0   0.06  
144   G     0.08  0.0   0.0   0.0   0.0   0.0   0.0   0.92  0.0   0.0   0.0   0.0   0.0   0.0   0.0   0.0   0.0   0.0   0.0   0.0   
