             A     R     N     D     C     Q     E     G     H     I     L     K     M     F     P     S     T     W     Y     V
1     N     0.0   0.0   1.0   0.0   0.0   0.0   0.0   0.0   0.0   0.0   0.0   0.0   0.0   0.0   0.0   0.0   0.0   0.0   0.0   0.0   
2     S     0.0   0.0   0.0   0.23  0.0   0.04  0.21  0.0   0.0   0.0   0.0   0.0   0.0   0.0   0.38  0.14  0.0   0.0   0.0   0.0   
3     T     0.08  0.0   0.08  0.0   0.0   0.0   0.0   0.15  0.0   0.0   0.0   0.0   0.0   0.0   0.0   0.04  0.65  0.0   0.0   0.0   
4     D     0.0   0.0   0.22  0.36  0.0   0.0   0.13  0.07  0.0   0.16  0.0   0.0   0.0   0.0   0.0   0.0   0.0   0.0   0.0   0.07  
5     V     0.0   0.0   0.0   0.0   0.0   0.0   0.0   0.13  0.0   0.11  0.28  0.0   0.0   0.03  0.0   0.11  0.0   0.0   0.0   0.34  
6     E     0.09  0.06  0.0   0.11  0.06  0.05  0.47  0.0   0.0   0.0   0.0   0.1   0.0   0.0   0.0   0.07  0.0   0.0   0.0   0.0   
7     E     0.01  0.0   0.0   0.29  0.0   0.14  0.44  0.02  0.0   0.0   0.0   0.0   0.0   0.0   0.0   0.05  0.02  0.0   0.0   0.03  
8     T     0.31  0.0   0.0   0.0   0.06  0.04  0.02  0.0   0.0   0.04  0.06  0.0   0.01  0.0   0.09  0.21  0.06  0.0   0.06  0.06  
9     L     0.07  0.0   0.0   0.0   0.05  0.0   0.0   0.0   0.0   0.1   0.72  0.0   0.0   0.05  0.0   0.0   0.0   0.0   0.02  0.0   
10    K     0.25  0.05  0.02  0.05  0.0   0.06  0.14  0.07  0.07  0.0   0.03  0.06  0.02  0.01  0.0   0.15  0.0   0.0   0.0   0.03  
11    R     0.1   0.17  0.0   0.03  0.0   0.03  0.07  0.08  0.03  0.0   0.03  0.24  0.03  0.0   0.02  0.14  0.03  0.0   0.0   0.0   
12    I     0.13  0.0   0.0   0.0   0.0   0.0   0.0   0.0   0.0   0.18  0.32  0.0   0.04  0.0   0.03  0.0   0.02  0.0   0.0   0.29  
13    Q     0.0   0.18  0.0   0.0   0.0   0.08  0.0   0.0   0.0   0.03  0.44  0.12  0.03  0.0   0.0   0.09  0.0   0.0   0.0   0.03  
14    N     0.09  0.13  0.13  0.05  0.02  0.07  0.2   0.01  0.01  0.02  0.0   0.02  0.02  0.0   0.02  0.15  0.03  0.0   0.02  0.0   
15    N     0.0   0.05  0.29  0.06  0.0   0.09  0.07  0.0   0.05  0.0   0.05  0.12  0.0   0.02  0.02  0.08  0.04  0.0   0.0   0.05  
16    D     0.0   0.03  0.4   0.23  0.0   0.09  0.0   0.0   0.07  0.02  0.02  0.03  0.0   0.0   0.02  0.07  0.02  0.0   0.0   0.0   
17    P     0.03  0.04  0.02  0.0   0.09  0.04  0.02  0.0   0.03  0.0   0.05  0.17  0.02  0.0   0.28  0.07  0.13  0.01  0.0   0.0   
18    D     0.01  0.07  0.07  0.11  0.0   0.04  0.1   0.02  0.04  0.0   0.04  0.05  0.0   0.0   0.03  0.31  0.09  0.0   0.01  0.0   
19    L     0.02  0.0   0.0   0.0   0.0   0.0   0.0   0.0   0.0   0.18  0.69  0.0   0.02  0.03  0.0   0.0   0.02  0.0   0.0   0.03  
20    E     0.01  0.12  0.0   0.0   0.0   0.11  0.17  0.0   0.0   0.04  0.09  0.11  0.0   0.0   0.0   0.02  0.27  0.01  0.0   0.05  
21    E     0.0   0.03  0.0   0.05  0.01  0.02  0.37  0.0   0.09  0.0   0.0   0.15  0.0   0.02  0.0   0.12  0.09  0.0   0.06  0.0   
22    V     0.0   0.0   0.0   0.0   0.0   0.0   0.0   0.0   0.0   0.08  0.73  0.0   0.02  0.02  0.0   0.0   0.0   0.0   0.0   0.15  
23    N     0.0   0.03  0.41  0.12  0.03  0.02  0.0   0.03  0.0   0.01  0.0   0.03  0.0   0.04  0.0   0.15  0.08  0.0   0.02  0.02  
24    L     0.0   0.0   0.0   0.0   0.0   0.0   0.0   0.0   0.0   0.09  0.76  0.0   0.0   0.03  0.0   0.02  0.0   0.0   0.0   0.09  
25    N     0.13  0.03  0.26  0.03  0.02  0.0   0.07  0.08  0.0   0.01  0.02  0.01  0.03  0.0   0.01  0.28  0.01  0.0   0.0   0.01  
26    N     0.03  0.02  0.32  0.06  0.03  0.0   0.1   0.1   0.04  0.0   0.0   0.0   0.0   0.03  0.02  0.23  0.01  0.0   0.0   0.0   
27    I     0.05  0.07  0.08  0.02  0.04  0.05  0.02  0.06  0.01  0.12  0.13  0.03  0.06  0.03  0.02  0.1   0.03  0.03  0.03  0.02  
28    M     0.0   0.05  0.56  0.04  0.0   0.05  0.09  0.0   0.0   0.0   0.05  0.07  0.01  0.0   0.02  0.03  0.03  0.0   0.0   0.0   
29    N     0.04  0.13  0.18  0.1   0.03  0.04  0.01  0.19  0.01  0.0   0.03  0.04  0.0   0.0   0.08  0.07  0.04  0.0   0.0   0.01  
30    I     0.0   0.0   0.02  0.0   0.0   0.0   0.0   0.0   0.0   0.41  0.32  0.02  0.02  0.04  0.0   0.0   0.05  0.0   0.0   0.1   
31    P     0.02  0.02  0.02  0.02  0.0   0.0   0.09  0.23  0.03  0.0   0.06  0.03  0.0   0.0   0.12  0.13  0.19  0.02  0.0   0.0   
32    V     0.07  0.0   0.07  0.24  0.0   0.0   0.12  0.02  0.03  0.07  0.02  0.08  0.0   0.0   0.04  0.06  0.08  0.0   0.01  0.08  
33    P     0.08  0.04  0.0   0.09  0.0   0.08  0.24  0.03  0.02  0.0   0.06  0.09  0.01  0.0   0.17  0.06  0.0   0.0   0.01  0.02  
34    T     0.06  0.03  0.0   0.02  0.03  0.0   0.02  0.62  0.0   0.01  0.03  0.01  0.04  0.01  0.0   0.02  0.05  0.0   0.0   0.03  
35    L     0.24  0.0   0.0   0.0   0.05  0.0   0.0   0.07  0.0   0.06  0.25  0.0   0.05  0.04  0.0   0.0   0.03  0.02  0.0   0.18  
36    K     0.06  0.11  0.03  0.02  0.03  0.14  0.01  0.03  0.03  0.03  0.04  0.15  0.01  0.0   0.01  0.11  0.09  0.02  0.0   0.08  
37    A     0.18  0.09  0.03  0.1   0.01  0.03  0.06  0.0   0.01  0.04  0.13  0.05  0.01  0.02  0.05  0.1   0.01  0.0   0.01  0.06  
38    C     0.0   0.0   0.0   0.0   0.01  0.0   0.0   0.0   0.0   0.06  0.69  0.0   0.04  0.15  0.0   0.0   0.0   0.0   0.02  0.02  
39    A     0.31  0.03  0.0   0.0   0.28  0.0   0.0   0.02  0.01  0.05  0.08  0.04  0.03  0.0   0.0   0.06  0.01  0.0   0.01  0.07  
40    E     0.09  0.11  0.07  0.1   0.0   0.08  0.3   0.02  0.02  0.02  0.0   0.11  0.0   0.0   0.03  0.0   0.04  0.01  0.0   0.0   
41    A     0.51  0.01  0.0   0.0   0.0   0.01  0.0   0.12  0.01  0.01  0.06  0.03  0.03  0.0   0.0   0.05  0.06  0.0   0.0   0.09  
42    L     0.04  0.0   0.0   0.0   0.0   0.0   0.0   0.0   0.0   0.03  0.73  0.0   0.09  0.07  0.0   0.0   0.0   0.0   0.0   0.03  
43    K     0.09  0.15  0.0   0.0   0.06  0.06  0.11  0.05  0.0   0.03  0.02  0.28  0.01  0.0   0.04  0.09  0.01  0.0   0.0   0.02  
44    T     0.1   0.0   0.09  0.09  0.01  0.06  0.05  0.04  0.1   0.0   0.07  0.05  0.0   0.01  0.02  0.17  0.11  0.0   0.01  0.03  
45    N     0.0   0.01  0.45  0.07  0.03  0.02  0.01  0.0   0.07  0.02  0.08  0.03  0.0   0.0   0.13  0.05  0.03  0.0   0.0   0.0   
46    T     0.02  0.07  0.01  0.06  0.03  0.12  0.06  0.05  0.0   0.02  0.03  0.13  0.0   0.0   0.05  0.12  0.19  0.0   0.02  0.01  
47    Y     0.05  0.02  0.05  0.0   0.2   0.03  0.01  0.0   0.12  0.0   0.0   0.03  0.01  0.03  0.0   0.19  0.16  0.03  0.02  0.06  
48    V     0.0   0.0   0.0   0.0   0.0   0.0   0.0   0.0   0.0   0.15  0.69  0.0   0.0   0.02  0.0   0.0   0.0   0.0   0.0   0.14  
49    K     0.02  0.22  0.0   0.02  0.0   0.12  0.14  0.01  0.02  0.0   0.02  0.26  0.0   0.0   0.0   0.03  0.1   0.0   0.0   0.04  
50    K     0.07  0.08  0.02  0.01  0.01  0.02  0.18  0.04  0.08  0.04  0.02  0.11  0.0   0.01  0.0   0.06  0.08  0.03  0.04  0.11  
51    F     0.0   0.0   0.0   0.02  0.0   0.0   0.0   0.0   0.0   0.05  0.71  0.0   0.0   0.14  0.0   0.0   0.0   0.0   0.0   0.07  
52    S     0.03  0.04  0.06  0.23  0.0   0.03  0.02  0.08  0.06  0.03  0.01  0.01  0.04  0.0   0.0   0.23  0.02  0.07  0.02  0.04  
53    I     0.02  0.0   0.0   0.0   0.0   0.0   0.0   0.0   0.0   0.07  0.81  0.0   0.02  0.03  0.0   0.0   0.0   0.0   0.0   0.05  
54    V     0.21  0.06  0.0   0.02  0.0   0.05  0.05  0.05  0.02  0.02  0.03  0.03  0.02  0.01  0.04  0.26  0.01  0.0   0.0   0.12  
55    G     0.03  0.04  0.26  0.04  0.01  0.08  0.03  0.24  0.08  0.01  0.0   0.03  0.02  0.02  0.0   0.05  0.0   0.0   0.06  0.0   
56    T     0.0   0.0   0.5   0.02  0.21  0.0   0.0   0.0   0.0   0.0   0.0   0.0   0.0   0.0   0.0   0.06  0.19  0.0   0.0   0.01  
57    R     0.05  0.13  0.06  0.03  0.01  0.05  0.08  0.24  0.05  0.0   0.05  0.1   0.03  0.01  0.02  0.08  0.01  0.0   0.03  0.0   
58    S     0.05  0.0   0.0   0.0   0.0   0.0   0.0   0.0   0.0   0.27  0.48  0.0   0.02  0.08  0.0   0.04  0.02  0.0   0.0   0.04  
59    N     0.0   0.01  0.11  0.07  0.01  0.0   0.04  0.35  0.01  0.0   0.0   0.05  0.0   0.0   0.02  0.13  0.18  0.0   0.01  0.0   
60    D     0.03  0.01  0.05  0.49  0.04  0.02  0.12  0.0   0.04  0.01  0.0   0.04  0.0   0.0   0.0   0.13  0.01  0.0   0.0   0.0   
61    P     0.14  0.03  0.02  0.03  0.0   0.02  0.27  0.02  0.05  0.04  0.02  0.04  0.01  0.0   0.11  0.1   0.04  0.0   0.0   0.06  
62    V     0.07  0.0   0.01  0.0   0.16  0.0   0.01  0.51  0.0   0.01  0.0   0.01  0.0   0.0   0.0   0.05  0.03  0.0   0.01  0.12  
63    A     0.56  0.0   0.0   0.0   0.2   0.0   0.0   0.02  0.0   0.03  0.04  0.0   0.0   0.0   0.0   0.02  0.02  0.03  0.0   0.09  
64    F     0.03  0.11  0.03  0.04  0.01  0.09  0.15  0.04  0.01  0.07  0.05  0.08  0.02  0.05  0.01  0.1   0.08  0.0   0.01  0.05  
65    A     0.41  0.0   0.0   0.05  0.02  0.01  0.08  0.03  0.02  0.02  0.13  0.01  0.05  0.0   0.0   0.04  0.01  0.0   0.09  0.02  
66    L     0.02  0.0   0.0   0.0   0.0   0.0   0.0   0.0   0.0   0.13  0.74  0.0   0.01  0.03  0.0   0.0   0.0   0.0   0.0   0.07  
67    A     0.52  0.0   0.0   0.0   0.05  0.0   0.0   0.1   0.0   0.03  0.04  0.0   0.0   0.0   0.0   0.22  0.02  0.0   0.0   0.02  
68    E     0.14  0.0   0.06  0.09  0.01  0.1   0.32  0.01  0.0   0.01  0.04  0.08  0.01  0.0   0.0   0.11  0.02  0.0   0.0   0.02  
69    M     0.27  0.0   0.0   0.0   0.02  0.03  0.01  0.02  0.0   0.05  0.1   0.0   0.21  0.02  0.0   0.02  0.06  0.0   0.0   0.18  
70    L     0.0   0.0   0.0   0.0   0.0   0.0   0.0   0.0   0.0   0.11  0.78  0.0   0.0   0.07  0.0   0.0   0.0   0.0   0.0   0.04  
71    K     0.11  0.15  0.0   0.04  0.0   0.06  0.09  0.05  0.0   0.02  0.03  0.21  0.0   0.01  0.07  0.08  0.06  0.02  0.0   0.03  
72    V     0.05  0.07  0.0   0.04  0.02  0.04  0.12  0.01  0.05  0.03  0.02  0.12  0.01  0.0   0.04  0.09  0.12  0.0   0.02  0.15  
73    N     0.02  0.01  0.66  0.02  0.02  0.02  0.0   0.04  0.01  0.01  0.04  0.0   0.02  0.0   0.0   0.09  0.04  0.0   0.0   0.01  
74    N     0.01  0.15  0.02  0.0   0.05  0.12  0.07  0.01  0.02  0.01  0.03  0.17  0.01  0.0   0.17  0.06  0.06  0.0   0.0   0.03  
75    T     0.05  0.06  0.12  0.0   0.0   0.06  0.03  0.03  0.08  0.01  0.01  0.0   0.01  0.0   0.0   0.31  0.19  0.02  0.0   0.02  
76    L     0.0   0.0   0.0   0.0   0.0   0.0   0.0   0.0   0.0   0.08  0.88  0.0   0.0   0.01  0.0   0.0   0.0   0.0   0.0   0.03  
77    K     0.01  0.21  0.01  0.0   0.01  0.11  0.16  0.0   0.0   0.01  0.05  0.15  0.0   0.0   0.0   0.01  0.23  0.0   0.0   0.05  
78    S     0.03  0.05  0.02  0.04  0.0   0.03  0.2   0.0   0.12  0.01  0.03  0.02  0.0   0.01  0.0   0.22  0.07  0.0   0.05  0.11  
79    L     0.0   0.0   0.0   0.0   0.0   0.0   0.0   0.0   0.0   0.04  0.82  0.0   0.01  0.05  0.0   0.0   0.0   0.0   0.0   0.08  
80    N     0.0   0.02  0.27  0.34  0.05  0.02  0.0   0.02  0.05  0.01  0.01  0.03  0.0   0.0   0.0   0.01  0.01  0.06  0.09  0.01  
81    V     0.0   0.0   0.0   0.0   0.04  0.0   0.0   0.0   0.0   0.13  0.59  0.0   0.05  0.02  0.0   0.0   0.0   0.03  0.0   0.13  
82    E     0.07  0.11  0.03  0.07  0.0   0.05  0.18  0.06  0.02  0.01  0.02  0.04  0.02  0.0   0.03  0.26  0.02  0.0   0.0   0.01  
83    S     0.03  0.03  0.08  0.09  0.01  0.09  0.08  0.08  0.01  0.0   0.03  0.04  0.0   0.05  0.02  0.25  0.01  0.05  0.03  0.0   
84    N     0.02  0.0   0.83  0.0   0.07  0.0   0.0   0.0   0.0   0.0   0.0   0.0   0.0   0.0   0.0   0.04  0.04  0.0   0.0   0.0   
85    F     0.05  0.08  0.11  0.11  0.02  0.02  0.04  0.09  0.13  0.0   0.02  0.01  0.02  0.09  0.03  0.09  0.06  0.0   0.0   0.03  
86    I     0.03  0.0   0.0   0.0   0.0   0.0   0.0   0.0   0.0   0.46  0.33  0.0   0.04  0.07  0.0   0.0   0.05  0.0   0.0   0.02  
87    S     0.05  0.0   0.02  0.02  0.01  0.04  0.03  0.36  0.01  0.0   0.01  0.09  0.0   0.0   0.0   0.13  0.22  0.0   0.0   0.0   
88    G     0.11  0.0   0.07  0.35  0.0   0.01  0.02  0.09  0.03  0.0   0.05  0.0   0.0   0.0   0.11  0.07  0.05  0.0   0.02  0.03  
89    S     0.13  0.05  0.0   0.06  0.0   0.02  0.24  0.05  0.0   0.0   0.06  0.13  0.04  0.0   0.01  0.04  0.1   0.0   0.01  0.06  
90    G     0.04  0.0   0.0   0.0   0.02  0.0   0.02  0.81  0.0   0.0   0.01  0.0   0.02  0.0   0.0   0.05  0.02  0.0   0.0   0.02  
91    I     0.21  0.0   0.02  0.0   0.05  0.0   0.0   0.08  0.0   0.11  0.26  0.0   0.02  0.03  0.0   0.0   0.01  0.0   0.0   0.21  
92    L     0.06  0.11  0.03  0.0   0.02  0.04  0.07  0.01  0.0   0.02  0.23  0.19  0.03  0.0   0.01  0.02  0.03  0.0   0.02  0.09  
93    A     0.34  0.05  0.0   0.04  0.0   0.09  0.03  0.0   0.04  0.0   0.12  0.04  0.04  0.02  0.0   0.08  0.07  0.0   0.01  0.03  
94    L     0.0   0.0   0.0   0.0   0.0   0.0   0.0   0.0   0.0   0.18  0.67  0.0   0.02  0.06  0.0   0.0   0.0   0.0   0.0   0.07  
95    V     0.31  0.0   0.0   0.0   0.26  0.0   0.0   0.01  0.02  0.05  0.14  0.04  0.04  0.01  0.0   0.07  0.0   0.0   0.0   0.05  
96    E     0.01  0.12  0.06  0.07  0.02  0.05  0.36  0.03  0.01  0.0   0.05  0.14  0.01  0.0   0.0   0.05  0.0   0.0   0.02  0.0   
97    A     0.42  0.01  0.0   0.0   0.03  0.01  0.0   0.26  0.0   0.0   0.01  0.02  0.03  0.0   0.0   0.1   0.03  0.0   0.02  0.04  
98    L     0.03  0.0   0.0   0.0   0.0   0.0   0.0   0.0   0.0   0.06  0.71  0.0   0.05  0.06  0.0   0.01  0.01  0.0   0.0   0.07  
99    Q     0.03  0.16  0.0   0.03  0.03  0.15  0.1   0.0   0.01  0.01  0.11  0.19  0.02  0.0   0.05  0.06  0.05  0.0   0.0   0.01  
100   S     0.05  0.07  0.05  0.03  0.0   0.11  0.04  0.07  0.16  0.01  0.04  0.06  0.02  0.03  0.02  0.12  0.06  0.0   0.01  0.05  
101   N     0.02  0.0   0.55  0.04  0.04  0.05  0.0   0.0   0.07  0.0   0.02  0.01  0.01  0.01  0.1   0.04  0.02  0.01  0.02  0.0   
102   T     0.05  0.05  0.03  0.04  0.06  0.06  0.08  0.03  0.05  0.01  0.02  0.11  0.0   0.0   0.14  0.13  0.13  0.0   0.0   0.02  
103   S     0.09  0.02  0.01  0.0   0.04  0.0   0.0   0.01  0.06  0.0   0.06  0.09  0.0   0.01  0.0   0.21  0.35  0.0   0.0   0.04  
104   L     0.0   0.02  0.02  0.0   0.01  0.0   0.0   0.0   0.0   0.13  0.71  0.0   0.0   0.02  0.0   0.02  0.0   0.0   0.0   0.03  
105   I     0.01  0.08  0.0   0.01  0.0   0.15  0.1   0.0   0.02  0.02  0.18  0.17  0.01  0.01  0.0   0.04  0.16  0.01  0.0   0.03  
106   E     0.02  0.05  0.05  0.03  0.0   0.04  0.26  0.0   0.01  0.03  0.09  0.11  0.02  0.02  0.0   0.09  0.07  0.02  0.02  0.08  
107   L     0.0   0.02  0.0   0.0   0.01  0.0   0.0   0.0   0.0   0.14  0.64  0.0   0.05  0.04  0.0   0.0   0.0   0.0   0.0   0.06  
108   R     0.0   0.14  0.09  0.1   0.03  0.04  0.09  0.02  0.04  0.04  0.04  0.08  0.0   0.02  0.04  0.12  0.0   0.02  0.04  0.08  
109   I     0.04  0.0   0.0   0.0   0.02  0.0   0.0   0.01  0.0   0.12  0.59  0.0   0.04  0.1   0.0   0.01  0.0   0.02  0.02  0.02  
110   D     0.04  0.06  0.06  0.24  0.0   0.01  0.03  0.06  0.08  0.0   0.06  0.03  0.01  0.0   0.01  0.19  0.02  0.01  0.05  0.02  
111   N     0.03  0.07  0.31  0.14  0.01  0.0   0.05  0.05  0.0   0.02  0.06  0.04  0.01  0.0   0.01  0.09  0.05  0.0   0.02  0.03  
112   Q     0.01  0.05  0.3   0.02  0.05  0.2   0.07  0.01  0.01  0.03  0.03  0.01  0.0   0.01  0.01  0.12  0.04  0.0   0.0   0.04  
113   S     0.05  0.21  0.12  0.01  0.07  0.04  0.01  0.02  0.02  0.05  0.05  0.06  0.05  0.02  0.04  0.07  0.05  0.0   0.04  0.01  
114   Q     0.03  0.02  0.07  0.02  0.09  0.17  0.04  0.03  0.08  0.02  0.06  0.04  0.01  0.04  0.04  0.09  0.1   0.0   0.01  0.05  
115   P     0.04  0.03  0.01  0.04  0.02  0.05  0.04  0.06  0.01  0.07  0.07  0.06  0.04  0.04  0.13  0.1   0.07  0.04  0.06  0.02  
116   L     0.0   0.0   0.03  0.02  0.02  0.0   0.11  0.02  0.0   0.23  0.32  0.02  0.06  0.05  0.02  0.0   0.02  0.01  0.0   0.05  
117   G     0.01  0.01  0.0   0.0   0.02  0.01  0.05  0.47  0.01  0.0   0.0   0.09  0.0   0.0   0.0   0.09  0.21  0.0   0.0   0.0   
118   N     0.12  0.04  0.15  0.16  0.0   0.03  0.01  0.07  0.03  0.02  0.0   0.02  0.0   0.0   0.0   0.2   0.08  0.0   0.01  0.05  
119   N     0.09  0.04  0.04  0.03  0.02  0.11  0.18  0.06  0.05  0.01  0.08  0.1   0.01  0.0   0.03  0.08  0.04  0.0   0.0   0.02  
120   V     0.09  0.0   0.0   0.02  0.07  0.0   0.0   0.32  0.0   0.07  0.02  0.05  0.03  0.02  0.0   0.09  0.02  0.0   0.0   0.2   
121   E     0.15  0.01  0.0   0.0   0.12  0.02  0.17  0.09  0.0   0.05  0.11  0.05  0.0   0.05  0.02  0.06  0.02  0.0   0.0   0.07  
122   M     0.04  0.07  0.0   0.0   0.01  0.11  0.09  0.01  0.02  0.06  0.11  0.05  0.14  0.01  0.04  0.06  0.02  0.03  0.03  0.07  
123   E     0.17  0.0   0.03  0.18  0.0   0.04  0.29  0.03  0.04  0.03  0.04  0.01  0.0   0.0   0.02  0.08  0.0   0.0   0.01  0.03  
124   I     0.0   0.02  0.0   0.0   0.0   0.0   0.07  0.0   0.0   0.19  0.48  0.03  0.04  0.03  0.02  0.0   0.02  0.0   0.02  0.06  
125   A     0.39  0.04  0.0   0.0   0.04  0.07  0.0   0.07  0.0   0.0   0.07  0.02  0.06  0.0   0.0   0.17  0.03  0.0   0.0   0.04  
126   N     0.09  0.1   0.07  0.04  0.0   0.11  0.07  0.01  0.01  0.0   0.08  0.22  0.02  0.0   0.0   0.07  0.1   0.0   0.0   0.04  
127   M     0.3   0.01  0.0   0.0   0.04  0.0   0.05  0.02  0.0   0.02  0.18  0.03  0.08  0.02  0.01  0.03  0.05  0.0   0.0   0.16  
128   L     0.04  0.0   0.0   0.0   0.0   0.0   0.04  0.0   0.01  0.04  0.66  0.01  0.03  0.08  0.0   0.0   0.03  0.0   0.01  0.04  
129   E     0.01  0.07  0.02  0.01  0.03  0.09  0.29  0.02  0.02  0.02  0.06  0.18  0.0   0.0   0.06  0.02  0.08  0.01  0.01  0.0   
130   K     0.08  0.17  0.04  0.04  0.02  0.1   0.11  0.02  0.09  0.0   0.03  0.06  0.02  0.02  0.01  0.06  0.08  0.0   0.01  0.02  
131   N     0.03  0.05  0.53  0.0   0.12  0.04  0.02  0.04  0.01  0.0   0.0   0.05  0.02  0.0   0.04  0.02  0.02  0.0   0.0   0.0   
132   T     0.02  0.06  0.05  0.03  0.0   0.11  0.05  0.02  0.04  0.0   0.04  0.08  0.0   0.0   0.13  0.12  0.17  0.0   0.01  0.05  
133   T     0.01  0.06  0.07  0.0   0.04  0.02  0.08  0.02  0.05  0.0   0.01  0.04  0.01  0.0   0.0   0.31  0.27  0.0   0.0   0.02  
134   L     0.0   0.02  0.0   0.0   0.0   0.0   0.02  0.0   0.0   0.16  0.6   0.0   0.02  0.0   0.0   0.0   0.05  0.0   0.0   0.13  
135   L     0.01  0.08  0.0   0.0   0.01  0.05  0.08  0.0   0.0   0.14  0.39  0.09  0.02  0.0   0.0   0.01  0.0   0.0   0.0   0.12  
136   K     0.03  0.15  0.05  0.0   0.05  0.03  0.14  0.0   0.03  0.03  0.04  0.22  0.02  0.02  0.03  0.04  0.04  0.0   0.02  0.07  
137   F     0.0   0.0   0.0   0.0   0.0   0.0   0.0   0.0   0.0   0.02  0.54  0.0   0.05  0.22  0.0   0.0   0.0   0.0   0.0   0.16  
138   G     0.0   0.02  0.12  0.21  0.0   0.0   0.02  0.43  0.04  0.0   0.0   0.0   0.03  0.0   0.03  0.06  0.0   0.03  0.0   0.0   
139   Y     0.0   0.0   0.04  0.03  0.03  0.0   0.04  0.0   0.02  0.12  0.41  0.0   0.0   0.03  0.0   0.03  0.0   0.0   0.15  0.07  
140   H     0.02  0.11  0.07  0.0   0.03  0.18  0.02  0.06  0.14  0.0   0.01  0.02  0.02  0.0   0.0   0.2   0.06  0.0   0.03  0.0   
141   F     0.07  0.02  0.04  0.0   0.0   0.0   0.02  0.0   0.08  0.02  0.26  0.0   0.0   0.34  0.0   0.05  0.0   0.07  0.0   0.0   
142   T     0.03  0.0   0.28  0.01  0.04  0.03  0.13  0.04  0.0   0.09  0.03  0.03  0.0   0.0   0.0   0.13  0.13  0.0   0.0   0.02  
143   Q     0.04  0.05  0.13  0.13  0.0   0.16  0.02  0.1   0.02  0.0   0.12  0.08  0.03  0.0   0.0   0.1   0.02  0.0   0.0   0.0   
144   Q     0.09  0.0   0.12  0.04  0.0   0.12  0.04  0.0   0.0   0.11  0.1   0.05  0.07  0.05  0.14  0.0   0.06  0.0   0.0   0.03  
145   G     0.03  0.02  0.04  0.0   0.0   0.0   0.18  0.66  0.02  0.03  0.0   0.0   0.0   0.0   0.0   0.0   0.02  0.0   0.0   0.0   
146   P     0.15  0.0   0.0   0.07  0.0   0.0   0.0   0.19  0.0   0.1   0.03  0.0   0.0   0.0   0.31  0.04  0.0   0.0   0.0   0.09  
147   R     0.07  0.34  0.03  0.03  0.0   0.06  0.13  0.0   0.0   0.0   0.02  0.05  0.04  0.0   0.0   0.08  0.08  0.0   0.0   0.07  
148   L     0.18  0.0   0.04  0.0   0.02  0.04  0.0   0.02  0.13  0.0   0.12  0.03  0.15  0.04  0.0   0.03  0.06  0.0   0.16  0.0   
149   R     0.08  0.21  0.0   0.04  0.0   0.03  0.04  0.04  0.04  0.0   0.23  0.06  0.0   0.04  0.0   0.11  0.02  0.0   0.0   0.04  
150   A     0.2   0.0   0.0   0.0   0.08  0.0   0.0   0.12  0.0   0.1   0.29  0.0   0.04  0.04  0.0   0.0   0.0   0.0   0.0   0.13  
151   S     0.34  0.0   0.0   0.0   0.03  0.0   0.06  0.12  0.0   0.0   0.04  0.08  0.0   0.0   0.0   0.22  0.12  0.0   0.0   0.0   
152   N     0.04  0.0   0.15  0.05  0.0   0.14  0.25  0.03  0.05  0.0   0.06  0.0   0.0   0.0   0.05  0.15  0.0   0.0   0.0   0.04  
153   A     0.51  0.04  0.06  0.0   0.0   0.05  0.0   0.05  0.0   0.04  0.16  0.0   0.0   0.0   0.0   0.02  0.03  0.0   0.0   0.02  
154   M     0.0   0.0   0.0   0.0   0.0   0.0   0.0   0.0   0.0   0.11  0.8   0.0   0.07  0.0   0.0   0.0   0.02  0.0   0.0   0.0   
155   M     0.05  0.03  0.0   0.0   0.0   0.03  0.16  0.0   0.06  0.03  0.08  0.13  0.06  0.04  0.0   0.07  0.2   0.0   0.02  0.03  
156   N     0.12  0.37  0.02  0.0   0.0   0.05  0.07  0.0   0.0   0.0   0.0   0.14  0.0   0.0   0.0   0.17  0.05  0.0   0.0   0.03  
157   N     0.1   0.04  0.72  0.0   0.0   0.0   0.0   0.1   0.04  0.0   0.0   0.0   0.0   0.0   0.0   0.0   0.0   0.0   0.0   0.0   
158   N     0.0   0.09  0.26  0.0   0.04  0.06  0.0   0.0   0.03  0.0   0.2   0.0   0.12  0.0   0.05  0.09  0.0   0.0   0.04  0.0   
159   D     0.0   0.0   0.0   0.28  0.0   0.05  0.4   0.0   0.06  0.0   0.0   0.1   0.0   0.0   0.0   0.11  0.0   0.0   0.0   0.0   
160   L     0.07  0.19  0.0   0.0   0.0   0.05  0.0   0.0   0.0   0.04  0.4   0.24  0.0   0.0   0.0   0.0   0.0   0.0   0.0   0.0   
161   V     0.09  0.06  0.0   0.0   0.0   0.37  0.0   0.0   0.08  0.0   0.1   0.06  0.0   0.0   0.0   0.0   0.0   0.0   0.0   0.24  
162   R     0.0   0.76  0.0   0.08  0.0   0.09  0.0   0.0   0.0   0.07  0.0   0.0   0.0   0.0   0.0   0.0   0.0   0.0   0.0   0.0   
163   K     0.0   0.0   0.0   0.0   0.0   0.38  0.0   0.0   0.0   0.0   0.39  0.24  0.0   0.0   0.0   0.0   0.0   0.0   0.0   0.0   
164   R     0.12  0.41  0.0   0.0   0.0   0.15  0.0   0.0   0.0   0.0   0.0   0.32  0.0   0.0   0.0   0.0   0.0   0.0   0.0   0.0   
165   R     0.09  0.72  0.0   0.0   0.0   0.0   0.0   0.0   0.0   0.0   0.0   0.1   0.0   0.0   0.0   0.0   0.09  0.0   0.0   0.0   
166   L     0.0   0.0   0.0   0.0   0.0   0.0   0.0   0.0   0.0   0.05  0.53  0.0   0.17  0.0   0.0   0.0   0.0   0.0   0.0   0.24  
