             A     R     N     D     C     Q     E     G     H     I     L     K     M     F     P     S     T     W     Y     V
1     Y     0.0   0.0   0.0   0.0   0.0   0.0   0.0   0.0   0.0   0.0   0.0   0.0   0.0   0.0   0.0   0.0   0.0   0.0   1.0   0.0   
2     G     0.0   0.0   0.0   0.0   0.0   0.0   0.0   1.0   0.0   0.0   0.0   0.0   0.0   0.0   0.0   0.0   0.0   0.0   0.0   0.0   
3     R     0.0   0.86  0.0   0.0   0.0   0.0   0.0   0.0   0.0   0.0   0.0   0.14  0.0   0.0   0.0   0.0   0.0   0.0   0.0   0.0   
4     G     0.16  0.0   0.0   0.0   0.0   0.0   0.0   0.55  0.0   0.0   0.0   0.14  0.0   0.0   0.0   0.15  0.0   0.0   0.0   0.0   
5     W     0.0   0.0   0.0   0.0   0.0   0.0   0.0   0.0   0.0   0.0   0.0   0.0   0.0   0.45  0.0   0.0   0.0   0.55  0.0   0.0   
6     D     0.0   0.0   0.0   0.26  0.0   0.15  0.12  0.0   0.0   0.0   0.0   0.16  0.0   0.0   0.0   0.0   0.32  0.0   0.0   0.0   
7     G     0.0   0.0   0.29  0.0   0.0   0.0   0.0   0.71  0.0   0.0   0.0   0.0   0.0   0.0   0.0   0.0   0.0   0.0   0.0   0.0   
8     C     0.0   0.0   0.0   0.0   0.11  0.0   0.0   0.0   0.0   0.0   0.0   0.0   0.0   0.0   0.0   0.0   0.15  0.0   0.0   0.74  
9     A     0.4   0.0   0.12  0.0   0.0   0.0   0.0   0.0   0.0   0.0   0.12  0.0   0.0   0.0   0.0   0.26  0.1   0.0   0.0   0.0   
10    Q     0.0   0.0   0.24  0.12  0.0   0.11  0.0   0.52  0.0   0.0   0.0   0.0   0.0   0.0   0.0   0.0   0.0   0.0   0.0   0.0   
11    A     0.23  0.0   0.0   0.0   0.0   0.0   0.0   0.16  0.0   0.15  0.0   0.0   0.0   0.0   0.0   0.14  0.0   0.0   0.32  0.0   
12    G     0.1   0.0   0.16  0.0   0.0   0.12  0.0   0.38  0.0   0.0   0.0   0.0   0.0   0.0   0.0   0.0   0.24  0.0   0.0   0.0   
13    N     0.0   0.0   0.6   0.0   0.0   0.15  0.0   0.26  0.0   0.0   0.0   0.0   0.0   0.0   0.0   0.0   0.0   0.0   0.0   0.0   
14    G     0.01  0.01  0.12  0.21  0.0   0.01  0.01  0.55  0.0   0.01  0.01  0.01  0.0   0.01  0.01  0.01  0.01  0.0   0.0   0.01  
15    Q     0.01  0.01  0.11  0.01  0.0   0.27  0.01  0.01  0.0   0.12  0.16  0.11  0.0   0.01  0.13  0.01  0.01  0.0   0.0   0.01  
16    Y     0.02  0.01  0.01  0.01  0.01  0.01  0.02  0.02  0.01  0.01  0.02  0.02  0.01  0.15  0.13  0.02  0.02  0.0   0.48  0.02  
17    Q     0.02  0.01  0.01  0.01  0.01  0.12  0.02  0.02  0.01  0.01  0.02  0.02  0.01  0.33  0.01  0.18  0.02  0.0   0.01  0.16  
18    T     0.16  0.01  0.01  0.01  0.01  0.01  0.02  0.02  0.01  0.01  0.02  0.02  0.01  0.01  0.01  0.38  0.24  0.0   0.01  0.02  
19    C     0.0   0.0   0.0   0.0   0.26  0.0   0.0   0.32  0.16  0.0   0.12  0.0   0.0   0.0   0.0   0.0   0.15  0.0   0.0   0.0   
20    T     0.0   0.0   0.0   0.0   0.0   0.0   0.0   0.0   0.0   0.0   0.0   0.0   0.0   0.0   0.0   0.16  0.7   0.0   0.15  0.0   
21    G     0.22  0.0   0.29  0.0   0.0   0.0   0.0   0.34  0.0   0.0   0.0   0.0   0.0   0.0   0.0   0.0   0.16  0.0   0.0   0.0   
22    G     0.0   0.0   0.0   0.0   0.0   0.0   0.0   0.58  0.0   0.0   0.0   0.0   0.0   0.0   0.3   0.12  0.0   0.0   0.0   0.0   
23    S     0.0   0.0   0.14  0.0   0.0   0.0   0.0   0.0   0.0   0.0   0.0   0.0   0.0   0.0   0.48  0.11  0.12  0.0   0.0   0.15  
24    S     0.0   0.0   0.16  0.0   0.0   0.0   0.0   0.25  0.0   0.0   0.0   0.0   0.0   0.0   0.14  0.23  0.0   0.0   0.0   0.22  
25    V     0.16  0.0   0.0   0.0   0.0   0.0   0.12  0.0   0.0   0.0   0.0   0.12  0.0   0.0   0.1   0.25  0.14  0.0   0.0   0.11  
26    G     0.0   0.0   0.0   0.16  0.0   0.0   0.0   0.84  0.0   0.0   0.0   0.0   0.0   0.0   0.0   0.0   0.0   0.0   0.0   0.0   
27    T     0.0   0.0   0.0   0.0   0.0   0.0   0.0   0.0   0.0   0.0   0.0   0.0   0.0   0.0   0.0   0.15  0.58  0.0   0.16  0.12  
28    W     0.0   0.0   0.0   0.0   0.0   0.0   0.0   0.0   0.0   0.0   0.0   0.0   0.0   0.0   0.0   0.0   0.0   1.0   0.0   0.0   
29    E     0.0   0.0   0.0   0.3   0.0   0.0   0.58  0.0   0.0   0.0   0.0   0.12  0.0   0.0   0.0   0.0   0.0   0.0   0.0   0.0   
30    A     0.26  0.0   0.22  0.1   0.0   0.0   0.0   0.0   0.0   0.0   0.0   0.0   0.0   0.0   0.28  0.14  0.0   0.0   0.0   0.0   
31    G     0.0   0.16  0.0   0.0   0.0   0.0   0.0   0.84  0.0   0.0   0.0   0.0   0.0   0.0   0.0   0.0   0.0   0.0   0.0   0.0   
32    S     0.0   0.0   0.0   0.0   0.0   0.0   0.0   0.0   0.0   0.54  0.0   0.0   0.0   0.0   0.0   0.26  0.0   0.0   0.0   0.2   
33    F     0.16  0.0   0.0   0.0   0.0   0.0   0.0   0.0   0.0   0.14  0.0   0.0   0.12  0.11  0.0   0.0   0.0   0.15  0.0   0.32  
34    D     0.0   0.0   0.0   0.7   0.0   0.0   0.14  0.0   0.0   0.0   0.0   0.0   0.0   0.0   0.0   0.16  0.0   0.0   0.0   0.0   
35    F     0.0   0.0   0.0   0.0   0.0   0.0   0.0   0.0   0.0   0.14  0.0   0.0   0.0   0.11  0.0   0.0   0.0   0.0   0.74  0.0   
36    Y     0.0   0.48  0.0   0.0   0.14  0.0   0.0   0.0   0.0   0.0   0.0   0.27  0.0   0.0   0.0   0.0   0.0   0.0   0.11  0.0   
37    D     0.27  0.0   0.0   0.26  0.0   0.48  0.0   0.0   0.0   0.0   0.0   0.0   0.0   0.0   0.0   0.0   0.0   0.0   0.0   0.0   
38    L     0.0   0.0   0.0   0.0   0.0   0.0   0.0   0.0   0.0   0.44  0.56  0.0   0.0   0.0   0.0   0.0   0.0   0.0   0.0   0.0   
39    E     0.25  0.01  0.11  0.01  0.0   0.11  0.28  0.01  0.0   0.01  0.01  0.01  0.0   0.01  0.01  0.01  0.01  0.0   0.0   0.15  
40    A     0.25  0.01  0.11  0.01  0.0   0.16  0.01  0.27  0.0   0.01  0.01  0.11  0.0   0.01  0.01  0.01  0.01  0.0   0.0   0.01  
41    N     0.01  0.01  0.38  0.11  0.0   0.12  0.11  0.01  0.0   0.01  0.01  0.01  0.16  0.01  0.01  0.01  0.01  0.0   0.0   0.01  
42    Y     0.13  0.01  0.01  0.01  0.0   0.01  0.01  0.01  0.0   0.01  0.37  0.01  0.0   0.12  0.01  0.01  0.01  0.0   0.26  0.01  
43    I     0.03  0.02  0.02  0.02  0.01  0.17  0.02  0.03  0.01  0.13  0.18  0.02  0.12  0.01  0.02  0.02  0.02  0.0   0.01  0.15  
44    N     0.02  0.01  0.12  0.15  0.0   0.01  0.01  0.29  0.0   0.01  0.02  0.01  0.0   0.01  0.16  0.13  0.01  0.0   0.01  0.01  
45    K     0.02  0.01  0.17  0.01  0.0   0.13  0.01  0.13  0.0   0.01  0.02  0.27  0.0   0.01  0.15  0.01  0.01  0.0   0.01  0.01  
46    N     0.15  0.0   0.48  0.0   0.0   0.0   0.12  0.0   0.0   0.0   0.0   0.0   0.0   0.0   0.0   0.1   0.0   0.0   0.16  0.0   
47    G     0.01  0.01  0.11  0.01  0.0   0.0   0.01  0.69  0.0   0.01  0.01  0.11  0.0   0.0   0.01  0.01  0.01  0.0   0.0   0.01  
48    Y     0.15  0.0   0.0   0.0   0.0   0.0   0.0   0.0   0.0   0.0   0.0   0.0   0.0   0.0   0.0   0.0   0.0   0.26  0.59  0.0   
49    T     0.0   0.0   0.0   0.0   0.0   0.27  0.12  0.0   0.0   0.1   0.0   0.0   0.0   0.0   0.0   0.0   0.26  0.0   0.0   0.24  
50    R     0.0   0.41  0.0   0.0   0.0   0.0   0.0   0.0   0.0   0.0   0.0   0.0   0.0   0.0   0.0   0.0   0.0   0.0   0.32  0.27  
51    Y     0.0   0.1   0.0   0.0   0.0   0.15  0.0   0.12  0.0   0.0   0.16  0.0   0.0   0.0   0.0   0.0   0.22  0.0   0.26  0.0   
52    W     0.0   0.0   0.0   0.0   0.0   0.0   0.0   0.0   0.0   0.0   0.0   0.0   0.0   0.35  0.0   0.0   0.0   0.27  0.38  0.0   
53    N     0.0   0.0   0.27  0.73  0.0   0.0   0.0   0.0   0.0   0.0   0.0   0.0   0.0   0.0   0.0   0.0   0.0   0.0   0.0   0.0   
54    D     0.22  0.0   0.14  0.27  0.0   0.0   0.12  0.0   0.0   0.0   0.0   0.0   0.0   0.0   0.0   0.25  0.0   0.0   0.0   0.0   
55    T     0.2   0.0   0.0   0.0   0.0   0.12  0.0   0.0   0.0   0.0   0.0   0.16  0.0   0.0   0.0   0.0   0.37  0.0   0.0   0.15  
56    A     0.7   0.0   0.0   0.0   0.0   0.0   0.0   0.0   0.0   0.0   0.0   0.0   0.0   0.0   0.0   0.0   0.3   0.0   0.0   0.0   
57    K     0.0   0.0   0.0   0.0   0.0   0.22  0.12  0.0   0.0   0.0   0.0   0.66  0.0   0.0   0.0   0.0   0.0   0.0   0.0   0.0   
58    V     0.44  0.0   0.0   0.0   0.0   0.0   0.0   0.15  0.0   0.0   0.0   0.0   0.0   0.0   0.0   0.0   0.16  0.0   0.0   0.26  
59    P     0.23  0.0   0.0   0.0   0.0   0.0   0.0   0.0   0.0   0.0   0.0   0.0   0.0   0.0   0.53  0.1   0.0   0.0   0.15  0.0   
60    Y     0.0   0.0   0.0   0.0   0.0   0.0   0.0   0.0   0.0   0.0   0.0   0.0   0.0   0.0   0.0   0.0   0.0   0.0   1.0   0.0   
61    L     0.0   0.0   0.0   0.0   0.0   0.0   0.0   0.0   0.0   0.0   0.41  0.0   0.0   0.0   0.0   0.15  0.0   0.0   0.0   0.44  
62    Y     0.0   0.0   0.0   0.0   0.0   0.0   0.0   0.0   0.0   0.0   0.0   0.0   0.0   0.32  0.0   0.0   0.0   0.12  0.56  0.0   
63    N     0.0   0.0   0.63  0.1   0.0   0.0   0.0   0.0   0.16  0.0   0.0   0.12  0.0   0.0   0.0   0.0   0.0   0.0   0.0   0.0   
64    A     0.27  0.12  0.0   0.0   0.0   0.0   0.0   0.0   0.0   0.0   0.0   0.2   0.0   0.0   0.12  0.29  0.0   0.0   0.0   0.0   
65    S     0.15  0.0   0.0   0.0   0.0   0.16  0.1   0.0   0.0   0.0   0.0   0.0   0.0   0.0   0.0   0.45  0.14  0.0   0.0   0.0   
66    N     0.0   0.1   0.39  0.0   0.0   0.0   0.0   0.0   0.0   0.0   0.14  0.1   0.0   0.0   0.0   0.0   0.26  0.0   0.0   0.0   
67    K     0.0   0.0   0.0   0.0   0.0   0.0   0.0   0.6   0.0   0.0   0.0   0.4   0.0   0.0   0.0   0.0   0.0   0.0   0.0   0.0   
68    R     0.0   0.11  0.0   0.32  0.0   0.14  0.15  0.0   0.0   0.0   0.16  0.12  0.0   0.0   0.0   0.0   0.0   0.0   0.0   0.0   
69    F     0.0   0.0   0.0   0.0   0.0   0.0   0.0   0.0   0.0   0.0   0.59  0.0   0.0   0.41  0.0   0.0   0.0   0.0   0.0   0.0   
70    I     0.0   0.0   0.0   0.0   0.0   0.0   0.0   0.0   0.0   0.84  0.0   0.0   0.0   0.0   0.0   0.0   0.0   0.0   0.0   0.16  
71    S     0.0   0.0   0.0   0.0   0.0   0.0   0.0   0.0   0.0   0.0   0.0   0.0   0.0   0.0   0.0   0.6   0.4   0.0   0.0   0.0   
72    Y     0.0   0.0   0.0   0.0   0.0   0.0   0.0   0.0   0.0   0.0   0.0   0.0   0.0   0.46  0.0   0.0   0.0   0.0   0.54  0.0   
