             A     R     N     D     C     Q     E     G     H     I     L     K     M     F     P     S     T     W     Y     V
1     A     0.76  0.0   0.0   0.0   0.0   0.0   0.0   0.24  0.0   0.0   0.0   0.0   0.0   0.0   0.0   0.0   0.0   0.0   0.0   0.0   
2     P     0.0   0.0   0.0   0.0   0.0   0.0   0.0   0.03  0.0   0.0   0.01  0.03  0.0   0.0   0.88  0.02  0.01  0.0   0.0   0.02  
3     S     0.16  0.26  0.0   0.0   0.0   0.0   0.0   0.09  0.0   0.0   0.0   0.08  0.0   0.02  0.0   0.2   0.15  0.0   0.0   0.04  
4     F     0.0   0.0   0.0   0.0   0.0   0.0   0.0   0.01  0.0   0.01  0.39  0.0   0.01  0.22  0.02  0.0   0.0   0.26  0.05  0.03  
5     P     0.02  0.02  0.01  0.01  0.0   0.04  0.01  0.04  0.0   0.0   0.01  0.03  0.0   0.0   0.77  0.02  0.02  0.0   0.0   0.0   
6     F     0.07  0.0   0.0   0.0   0.01  0.03  0.0   0.02  0.05  0.08  0.12  0.03  0.05  0.44  0.01  0.01  0.01  0.0   0.03  0.04  
7     S     0.06  0.08  0.03  0.08  0.0   0.03  0.01  0.08  0.04  0.13  0.15  0.04  0.02  0.01  0.01  0.11  0.02  0.05  0.0   0.06  
8     R     0.01  0.34  0.06  0.06  0.0   0.02  0.01  0.19  0.02  0.01  0.05  0.06  0.01  0.01  0.11  0.01  0.0   0.01  0.02  0.0   
9     A     0.16  0.08  0.04  0.01  0.0   0.06  0.04  0.06  0.02  0.02  0.11  0.02  0.02  0.02  0.1   0.07  0.08  0.01  0.03  0.06  
10    S     0.03  0.07  0.05  0.05  0.05  0.04  0.03  0.01  0.03  0.04  0.13  0.04  0.01  0.14  0.1   0.06  0.01  0.0   0.1   0.03  
11    G     0.05  0.01  0.03  0.01  0.0   0.02  0.01  0.48  0.09  0.03  0.03  0.03  0.0   0.01  0.08  0.06  0.04  0.01  0.0   0.0   
12    P     0.04  0.02  0.01  0.08  0.0   0.04  0.08  0.03  0.05  0.02  0.12  0.06  0.04  0.07  0.17  0.04  0.04  0.01  0.05  0.02  
13    E     0.04  0.04  0.15  0.21  0.0   0.06  0.1   0.04  0.04  0.01  0.05  0.08  0.03  0.01  0.01  0.07  0.03  0.01  0.01  0.01  
14    P     0.01  0.01  0.0   0.01  0.0   0.0   0.02  0.02  0.01  0.09  0.05  0.03  0.04  0.01  0.64  0.0   0.03  0.0   0.0   0.02  
15    P     0.04  0.01  0.02  0.03  0.0   0.03  0.01  0.02  0.36  0.01  0.02  0.01  0.01  0.06  0.11  0.02  0.02  0.02  0.16  0.02  
16    A     0.07  0.12  0.02  0.06  0.0   0.09  0.12  0.02  0.04  0.01  0.05  0.08  0.0   0.0   0.2   0.07  0.0   0.0   0.0   0.05  
17    E     0.11  0.01  0.02  0.03  0.0   0.04  0.05  0.02  0.01  0.05  0.05  0.03  0.03  0.13  0.0   0.16  0.07  0.03  0.05  0.1   
18    F     0.0   0.0   0.0   0.01  0.01  0.0   0.01  0.0   0.02  0.02  0.29  0.0   0.06  0.3   0.0   0.0   0.02  0.0   0.21  0.05  
19    A     0.17  0.12  0.02  0.05  0.01  0.08  0.11  0.08  0.02  0.01  0.05  0.06  0.01  0.03  0.01  0.07  0.08  0.01  0.01  0.01  
20    K     0.1   0.17  0.07  0.04  0.01  0.07  0.2   0.01  0.02  0.0   0.02  0.17  0.0   0.0   0.0   0.03  0.03  0.04  0.0   0.01  
21    L     0.04  0.01  0.0   0.0   0.02  0.01  0.0   0.0   0.0   0.03  0.6   0.01  0.08  0.09  0.0   0.01  0.0   0.04  0.02  0.03  
22    R     0.12  0.47  0.01  0.0   0.0   0.13  0.01  0.02  0.01  0.0   0.03  0.04  0.02  0.0   0.0   0.08  0.01  0.0   0.02  0.01  
23    A     0.09  0.1   0.03  0.08  0.0   0.04  0.23  0.02  0.01  0.0   0.0   0.31  0.0   0.0   0.01  0.02  0.03  0.0   0.0   0.03  
24    T     0.05  0.11  0.04  0.03  0.0   0.04  0.07  0.01  0.11  0.02  0.03  0.17  0.01  0.02  0.0   0.04  0.07  0.0   0.18  0.01  
25    N     0.04  0.01  0.01  0.04  0.0   0.02  0.04  0.68  0.01  0.0   0.01  0.02  0.01  0.01  0.0   0.03  0.02  0.0   0.03  0.0   
26    P     0.04  0.03  0.01  0.05  0.0   0.0   0.01  0.07  0.0   0.0   0.01  0.01  0.01  0.01  0.72  0.03  0.01  0.0   0.01  0.0   
27    V     0.01  0.01  0.0   0.02  0.01  0.0   0.01  0.01  0.01  0.31  0.19  0.01  0.01  0.02  0.01  0.01  0.02  0.0   0.01  0.35  
28    S     0.05  0.04  0.01  0.0   0.0   0.01  0.01  0.01  0.04  0.03  0.04  0.01  0.13  0.21  0.0   0.06  0.04  0.02  0.16  0.13  
29    Q     0.01  0.22  0.02  0.0   0.01  0.05  0.03  0.04  0.06  0.01  0.04  0.05  0.03  0.09  0.03  0.1   0.11  0.04  0.06  0.01  
30    V     0.04  0.01  0.02  0.01  0.01  0.01  0.04  0.04  0.01  0.13  0.26  0.01  0.02  0.06  0.01  0.06  0.06  0.04  0.02  0.17  
31    K     0.04  0.19  0.04  0.03  0.01  0.06  0.06  0.07  0.08  0.01  0.03  0.11  0.02  0.02  0.07  0.05  0.04  0.01  0.04  0.02  
32    L     0.04  0.03  0.01  0.01  0.01  0.01  0.02  0.03  0.01  0.05  0.35  0.02  0.05  0.06  0.03  0.02  0.06  0.04  0.09  0.07  
33    F     0.04  0.02  0.01  0.01  0.0   0.01  0.02  0.2   0.01  0.07  0.1   0.02  0.02  0.19  0.06  0.02  0.03  0.05  0.07  0.03  
34    D     0.05  0.03  0.06  0.11  0.01  0.02  0.06  0.25  0.02  0.02  0.06  0.02  0.02  0.03  0.06  0.09  0.04  0.01  0.02  0.02  
35    G     0.04  0.06  0.01  0.03  0.01  0.03  0.02  0.41  0.01  0.02  0.05  0.06  0.02  0.02  0.02  0.09  0.04  0.0   0.01  0.05  
36    S     0.04  0.16  0.06  0.05  0.01  0.05  0.06  0.05  0.04  0.02  0.02  0.08  0.01  0.01  0.09  0.1   0.1   0.0   0.02  0.04  
37    L     0.03  0.03  0.03  0.03  0.0   0.02  0.05  0.07  0.01  0.05  0.05  0.04  0.03  0.03  0.27  0.05  0.11  0.01  0.02  0.08  
38    A     0.15  0.02  0.01  0.01  0.02  0.01  0.01  0.03  0.01  0.06  0.05  0.01  0.03  0.04  0.03  0.05  0.14  0.0   0.02  0.29  
39    W     0.03  0.01  0.01  0.01  0.01  0.01  0.01  0.02  0.0   0.05  0.11  0.01  0.02  0.13  0.01  0.01  0.05  0.23  0.09  0.17  
40    L     0.06  0.02  0.02  0.01  0.01  0.01  0.01  0.01  0.01  0.1   0.14  0.0   0.04  0.03  0.0   0.02  0.01  0.01  0.02  0.48  
41    V     0.06  0.01  0.0   0.01  0.0   0.01  0.0   0.01  0.0   0.22  0.21  0.0   0.01  0.01  0.0   0.03  0.03  0.0   0.0   0.38  
42    T     0.05  0.02  0.03  0.0   0.03  0.01  0.0   0.03  0.05  0.03  0.06  0.0   0.03  0.03  0.0   0.35  0.23  0.0   0.02  0.03  
43    K     0.02  0.12  0.03  0.2   0.0   0.01  0.04  0.22  0.01  0.0   0.03  0.05  0.01  0.0   0.0   0.21  0.03  0.0   0.0   0.01  
44    H     0.1   0.03  0.02  0.04  0.0   0.02  0.01  0.01  0.1   0.02  0.06  0.01  0.0   0.02  0.28  0.05  0.03  0.01  0.18  0.01  
45    K     0.13  0.04  0.02  0.21  0.0   0.04  0.32  0.03  0.03  0.01  0.01  0.08  0.0   0.0   0.02  0.03  0.0   0.0   0.0   0.01  
46    D     0.17  0.02  0.03  0.2   0.0   0.01  0.07  0.02  0.02  0.04  0.15  0.01  0.06  0.01  0.01  0.02  0.06  0.01  0.01  0.07  
47    V     0.31  0.0   0.01  0.0   0.03  0.0   0.0   0.0   0.01  0.17  0.03  0.0   0.01  0.02  0.01  0.02  0.03  0.0   0.0   0.35  
48    C     0.05  0.27  0.02  0.02  0.02  0.04  0.06  0.01  0.02  0.03  0.03  0.31  0.02  0.03  0.01  0.01  0.01  0.02  0.02  0.02  
49    F     0.09  0.07  0.02  0.04  0.0   0.11  0.35  0.01  0.03  0.01  0.04  0.04  0.02  0.04  0.0   0.03  0.05  0.0   0.02  0.02  
50    V     0.15  0.0   0.0   0.01  0.01  0.01  0.01  0.01  0.01  0.17  0.13  0.01  0.01  0.03  0.0   0.01  0.02  0.0   0.0   0.43  
51    A     0.03  0.02  0.0   0.0   0.01  0.02  0.01  0.01  0.01  0.03  0.59  0.02  0.03  0.09  0.01  0.03  0.05  0.0   0.01  0.03  
52    T     0.07  0.09  0.05  0.05  0.01  0.05  0.02  0.04  0.02  0.03  0.06  0.15  0.02  0.01  0.02  0.08  0.09  0.0   0.01  0.12  
53    S     0.03  0.02  0.09  0.32  0.0   0.04  0.05  0.04  0.06  0.03  0.01  0.05  0.0   0.01  0.01  0.1   0.09  0.0   0.01  0.02  
54    E     0.04  0.03  0.04  0.08  0.0   0.06  0.16  0.02  0.12  0.01  0.03  0.08  0.0   0.01  0.2   0.05  0.04  0.0   0.03  0.01  
55    K     0.07  0.16  0.03  0.2   0.03  0.05  0.12  0.05  0.01  0.02  0.03  0.09  0.01  0.01  0.01  0.04  0.02  0.0   0.01  0.03  
56    L     0.05  0.02  0.03  0.02  0.01  0.01  0.02  0.02  0.03  0.06  0.17  0.01  0.01  0.26  0.01  0.03  0.03  0.0   0.06  0.14  
57    S     0.08  0.05  0.03  0.03  0.0   0.01  0.05  0.05  0.02  0.05  0.04  0.03  0.01  0.19  0.01  0.18  0.06  0.01  0.03  0.09  
58    K     0.07  0.05  0.06  0.05  0.02  0.04  0.03  0.04  0.01  0.03  0.04  0.17  0.0   0.04  0.03  0.18  0.05  0.0   0.01  0.05  
59    V     0.09  0.07  0.05  0.09  0.01  0.03  0.04  0.06  0.03  0.03  0.05  0.05  0.01  0.1   0.01  0.12  0.04  0.0   0.03  0.07  
60    R     0.05  0.17  0.07  0.05  0.01  0.02  0.05  0.03  0.04  0.05  0.05  0.04  0.02  0.02  0.08  0.11  0.08  0.0   0.03  0.04  
61    T     0.04  0.09  0.07  0.08  0.01  0.03  0.06  0.1   0.04  0.02  0.06  0.03  0.02  0.02  0.12  0.07  0.06  0.01  0.03  0.03  
62    R     0.08  0.23  0.04  0.04  0.0   0.03  0.03  0.08  0.02  0.03  0.03  0.08  0.01  0.06  0.06  0.05  0.05  0.0   0.02  0.04  
63    Q     0.06  0.09  0.06  0.04  0.0   0.04  0.04  0.07  0.03  0.03  0.08  0.08  0.03  0.03  0.07  0.08  0.07  0.01  0.04  0.03  
64    G     0.08  0.03  0.05  0.1   0.0   0.04  0.04  0.14  0.03  0.03  0.09  0.04  0.02  0.03  0.04  0.08  0.08  0.0   0.02  0.06  
65    F     0.06  0.1   0.03  0.04  0.0   0.02  0.02  0.04  0.02  0.07  0.09  0.04  0.03  0.2   0.01  0.05  0.04  0.02  0.05  0.06  
66    P     0.07  0.02  0.04  0.02  0.0   0.02  0.05  0.05  0.04  0.03  0.06  0.03  0.01  0.06  0.34  0.05  0.03  0.01  0.02  0.03  
67    E     0.05  0.1   0.04  0.1   0.01  0.03  0.11  0.02  0.02  0.03  0.04  0.12  0.02  0.02  0.11  0.05  0.03  0.0   0.02  0.06  
68    L     0.05  0.04  0.02  0.05  0.01  0.02  0.04  0.05  0.02  0.07  0.17  0.03  0.04  0.08  0.05  0.06  0.06  0.03  0.03  0.06  
69    S     0.08  0.02  0.03  0.03  0.01  0.04  0.03  0.05  0.02  0.04  0.1   0.02  0.05  0.05  0.07  0.09  0.07  0.04  0.07  0.07  
70    A     0.11  0.06  0.03  0.04  0.01  0.03  0.03  0.04  0.02  0.06  0.06  0.05  0.04  0.08  0.1   0.06  0.09  0.01  0.03  0.06  
71    S     0.08  0.09  0.05  0.03  0.0   0.03  0.03  0.12  0.01  0.04  0.06  0.06  0.05  0.05  0.05  0.09  0.05  0.01  0.08  0.04  
72    G     0.07  0.04  0.05  0.07  0.0   0.02  0.05  0.24  0.04  0.02  0.03  0.06  0.02  0.06  0.03  0.08  0.05  0.0   0.06  0.02  
73    K     0.05  0.08  0.05  0.06  0.01  0.05  0.07  0.05  0.01  0.07  0.08  0.17  0.02  0.02  0.02  0.05  0.06  0.02  0.03  0.03  
74    Q     0.06  0.08  0.02  0.06  0.01  0.04  0.07  0.09  0.05  0.06  0.1   0.07  0.02  0.05  0.03  0.06  0.02  0.0   0.05  0.04  
75    A     0.08  0.04  0.04  0.08  0.01  0.02  0.04  0.08  0.01  0.08  0.12  0.04  0.01  0.09  0.03  0.05  0.06  0.0   0.04  0.07  
76    A     0.09  0.04  0.02  0.08  0.0   0.02  0.03  0.09  0.03  0.06  0.08  0.04  0.01  0.1   0.03  0.1   0.06  0.0   0.03  0.06  
77    K     0.06  0.03  0.05  0.04  0.01  0.03  0.04  0.14  0.03  0.06  0.09  0.05  0.02  0.07  0.06  0.04  0.05  0.02  0.03  0.07  
78    A     0.1   0.04  0.05  0.02  0.01  0.03  0.02  0.23  0.02  0.02  0.11  0.03  0.01  0.07  0.06  0.04  0.03  0.02  0.03  0.04  
79    K     0.07  0.11  0.04  0.04  0.02  0.03  0.03  0.11  0.01  0.04  0.04  0.07  0.02  0.03  0.06  0.11  0.05  0.02  0.03  0.05  
80    P     0.06  0.05  0.04  0.09  0.01  0.03  0.02  0.13  0.04  0.02  0.04  0.04  0.04  0.01  0.18  0.08  0.04  0.01  0.06  0.03  
81    T     0.07  0.01  0.1   0.02  0.01  0.02  0.02  0.16  0.03  0.05  0.03  0.02  0.05  0.02  0.03  0.14  0.08  0.0   0.04  0.1   
82    F     0.04  0.01  0.01  0.01  0.01  0.01  0.01  0.02  0.0   0.21  0.28  0.01  0.05  0.14  0.01  0.02  0.01  0.03  0.02  0.1   
83    V     0.09  0.01  0.02  0.01  0.0   0.01  0.01  0.03  0.0   0.11  0.21  0.01  0.03  0.18  0.01  0.07  0.04  0.0   0.02  0.12  
84    D     0.1   0.02  0.09  0.07  0.01  0.02  0.03  0.06  0.01  0.03  0.06  0.03  0.04  0.1   0.04  0.1   0.16  0.01  0.02  0.03  
85    M     0.1   0.03  0.03  0.03  0.01  0.03  0.02  0.02  0.03  0.04  0.16  0.03  0.06  0.01  0.03  0.18  0.05  0.0   0.03  0.08  
86    D     0.03  0.03  0.16  0.31  0.01  0.05  0.08  0.02  0.03  0.01  0.02  0.02  0.01  0.01  0.02  0.09  0.02  0.0   0.06  0.02  
87    P     0.03  0.02  0.03  0.08  0.0   0.01  0.03  0.55  0.02  0.01  0.01  0.01  0.0   0.01  0.09  0.02  0.02  0.0   0.04  0.01  
88    P     0.08  0.02  0.03  0.15  0.0   0.05  0.21  0.04  0.01  0.02  0.01  0.06  0.0   0.01  0.24  0.04  0.02  0.0   0.01  0.01  
89    E     0.08  0.1   0.04  0.08  0.0   0.04  0.13  0.03  0.05  0.02  0.06  0.09  0.01  0.01  0.02  0.03  0.06  0.01  0.09  0.04  
90    H     0.01  0.0   0.01  0.0   0.0   0.01  0.0   0.0   0.32  0.0   0.0   0.0   0.0   0.0   0.0   0.01  0.0   0.59  0.02  0.0   
91    M     0.1   0.3   0.01  0.01  0.0   0.02  0.01  0.02  0.02  0.01  0.03  0.27  0.01  0.02  0.0   0.06  0.05  0.01  0.01  0.01  
92    H     0.08  0.21  0.04  0.03  0.0   0.12  0.11  0.01  0.07  0.01  0.04  0.11  0.01  0.04  0.01  0.03  0.04  0.0   0.01  0.02  
93    Q     0.03  0.12  0.02  0.01  0.0   0.09  0.01  0.0   0.07  0.08  0.25  0.01  0.12  0.03  0.01  0.04  0.02  0.01  0.02  0.06  
94    R     0.01  0.84  0.0   0.0   0.0   0.0   0.0   0.0   0.02  0.0   0.0   0.1   0.0   0.0   0.0   0.0   0.0   0.0   0.0   0.0   
95    S     0.06  0.29  0.03  0.01  0.0   0.02  0.02  0.05  0.01  0.01  0.02  0.32  0.01  0.0   0.01  0.1   0.04  0.0   0.0   0.01  
96    M     0.08  0.02  0.01  0.01  0.0   0.03  0.01  0.01  0.01  0.16  0.28  0.03  0.12  0.05  0.02  0.01  0.03  0.0   0.02  0.1   
97    V     0.07  0.0   0.0   0.0   0.02  0.01  0.0   0.0   0.01  0.11  0.3   0.0   0.04  0.07  0.0   0.03  0.1   0.01  0.01  0.18  
98    E     0.14  0.04  0.09  0.01  0.0   0.07  0.03  0.03  0.02  0.02  0.14  0.03  0.06  0.01  0.01  0.15  0.11  0.0   0.01  0.05  
99    P     0.04  0.11  0.04  0.01  0.0   0.06  0.08  0.03  0.06  0.01  0.01  0.07  0.0   0.01  0.31  0.11  0.02  0.0   0.01  0.0   
100   T     0.25  0.01  0.03  0.03  0.0   0.03  0.05  0.08  0.02  0.05  0.17  0.0   0.02  0.06  0.02  0.05  0.06  0.0   0.01  0.06  
101   F     0.01  0.0   0.01  0.0   0.0   0.0   0.0   0.0   0.0   0.03  0.24  0.0   0.06  0.61  0.0   0.0   0.0   0.0   0.02  0.01  
102   T     0.07  0.02  0.06  0.0   0.0   0.02  0.01  0.1   0.07  0.01  0.02  0.03  0.01  0.01  0.0   0.32  0.24  0.0   0.0   0.0   
103   P     0.06  0.06  0.06  0.03  0.0   0.03  0.02  0.06  0.02  0.02  0.07  0.06  0.06  0.04  0.21  0.09  0.04  0.0   0.02  0.05  
104   E     0.07  0.15  0.05  0.08  0.0   0.04  0.1   0.11  0.02  0.0   0.02  0.19  0.0   0.0   0.02  0.07  0.06  0.0   0.0   0.01  
105   A     0.17  0.16  0.06  0.01  0.0   0.04  0.02  0.05  0.02  0.05  0.01  0.17  0.04  0.0   0.01  0.09  0.04  0.0   0.03  0.04  
106   V     0.02  0.01  0.01  0.01  0.0   0.01  0.01  0.01  0.01  0.14  0.37  0.01  0.06  0.03  0.01  0.04  0.02  0.0   0.01  0.22  
107   K     0.06  0.2   0.04  0.06  0.03  0.1   0.08  0.03  0.02  0.01  0.03  0.22  0.01  0.0   0.01  0.04  0.03  0.0   0.01  0.02  
108   N     0.09  0.08  0.09  0.06  0.01  0.07  0.06  0.07  0.02  0.01  0.03  0.08  0.02  0.0   0.02  0.21  0.05  0.01  0.01  0.02  
109   L     0.01  0.01  0.02  0.0   0.0   0.05  0.0   0.0   0.02  0.07  0.24  0.01  0.15  0.17  0.0   0.02  0.02  0.03  0.15  0.03  
110   Q     0.05  0.11  0.01  0.01  0.0   0.06  0.27  0.02  0.02  0.04  0.09  0.03  0.01  0.05  0.01  0.04  0.04  0.0   0.03  0.11  
111   P     0.06  0.01  0.03  0.1   0.0   0.05  0.11  0.05  0.03  0.0   0.01  0.05  0.0   0.01  0.32  0.08  0.04  0.0   0.02  0.02  
112   Y     0.04  0.1   0.01  0.02  0.0   0.02  0.04  0.03  0.07  0.16  0.15  0.04  0.04  0.04  0.0   0.03  0.04  0.02  0.02  0.11  
113   I     0.01  0.14  0.0   0.0   0.01  0.03  0.0   0.0   0.0   0.31  0.09  0.01  0.1   0.08  0.0   0.01  0.01  0.01  0.0   0.18  
114   Q     0.05  0.1   0.05  0.09  0.02  0.16  0.2   0.02  0.03  0.02  0.04  0.05  0.02  0.0   0.0   0.05  0.04  0.01  0.01  0.04  
115   R     0.05  0.09  0.04  0.12  0.0   0.11  0.27  0.04  0.02  0.02  0.02  0.11  0.01  0.0   0.0   0.06  0.01  0.0   0.0   0.02  
116   T     0.03  0.02  0.02  0.02  0.02  0.04  0.31  0.01  0.05  0.08  0.06  0.04  0.02  0.02  0.0   0.07  0.06  0.0   0.04  0.09  
117   V     0.25  0.01  0.01  0.0   0.04  0.0   0.01  0.05  0.01  0.1   0.05  0.0   0.03  0.02  0.0   0.05  0.12  0.0   0.01  0.23  
118   D     0.08  0.1   0.1   0.16  0.0   0.09  0.1   0.03  0.03  0.02  0.04  0.08  0.01  0.0   0.0   0.06  0.04  0.01  0.01  0.03  
119   D     0.06  0.1   0.06  0.07  0.04  0.06  0.11  0.02  0.04  0.04  0.06  0.1   0.02  0.03  0.01  0.07  0.04  0.0   0.04  0.04  
120   L     0.03  0.01  0.0   0.0   0.01  0.0   0.0   0.0   0.04  0.04  0.48  0.01  0.12  0.12  0.0   0.02  0.03  0.01  0.03  0.05  
121   L     0.02  0.01  0.0   0.0   0.06  0.01  0.01  0.0   0.01  0.2   0.26  0.01  0.05  0.05  0.0   0.01  0.02  0.02  0.01  0.25  
122   E     0.08  0.1   0.05  0.19  0.0   0.07  0.19  0.03  0.01  0.01  0.01  0.13  0.01  0.01  0.01  0.06  0.04  0.0   0.0   0.01  
123   Q     0.08  0.13  0.06  0.05  0.0   0.07  0.1   0.03  0.03  0.02  0.03  0.14  0.01  0.02  0.01  0.1   0.03  0.0   0.04  0.03  
124   M     0.01  0.01  0.01  0.01  0.01  0.0   0.01  0.0   0.0   0.13  0.43  0.01  0.09  0.06  0.0   0.02  0.01  0.12  0.01  0.07  
125   K     0.1   0.13  0.03  0.07  0.0   0.06  0.13  0.03  0.03  0.02  0.07  0.1   0.02  0.01  0.03  0.06  0.05  0.01  0.01  0.04  
126   Q     0.1   0.08  0.04  0.06  0.01  0.1   0.17  0.04  0.01  0.01  0.02  0.19  0.01  0.01  0.03  0.06  0.05  0.0   0.01  0.01  
127   K     0.1   0.1   0.03  0.04  0.01  0.09  0.1   0.03  0.06  0.02  0.07  0.08  0.03  0.03  0.01  0.08  0.03  0.01  0.03  0.04  
128   G     0.19  0.03  0.04  0.03  0.02  0.03  0.03  0.14  0.01  0.03  0.06  0.03  0.05  0.03  0.03  0.12  0.03  0.02  0.02  0.05  
129   C     0.11  0.04  0.05  0.1   0.02  0.05  0.12  0.05  0.02  0.02  0.04  0.07  0.01  0.01  0.03  0.14  0.09  0.0   0.01  0.03  
130   A     0.11  0.06  0.07  0.05  0.02  0.07  0.07  0.1   0.02  0.02  0.05  0.11  0.01  0.02  0.03  0.1   0.06  0.0   0.01  0.03  
131   N     0.03  0.05  0.11  0.09  0.0   0.05  0.06  0.3   0.01  0.01  0.02  0.06  0.0   0.02  0.02  0.09  0.03  0.01  0.01  0.04  
132   G     0.08  0.02  0.03  0.03  0.0   0.08  0.11  0.2   0.02  0.02  0.03  0.1   0.0   0.02  0.03  0.09  0.07  0.01  0.01  0.03  
133   P     0.08  0.04  0.02  0.02  0.01  0.04  0.1   0.02  0.02  0.04  0.03  0.04  0.01  0.02  0.25  0.1   0.07  0.01  0.01  0.08  
134   V     0.06  0.01  0.01  0.01  0.04  0.02  0.01  0.03  0.01  0.14  0.1   0.01  0.02  0.16  0.01  0.01  0.02  0.0   0.01  0.33  
135   D     0.02  0.01  0.13  0.51  0.0   0.01  0.13  0.01  0.01  0.0   0.01  0.02  0.0   0.01  0.02  0.04  0.03  0.01  0.01  0.02  
136   L     0.03  0.0   0.01  0.0   0.0   0.01  0.01  0.01  0.01  0.16  0.33  0.0   0.1   0.07  0.12  0.0   0.01  0.0   0.01  0.12  
137   V     0.04  0.06  0.05  0.02  0.01  0.07  0.02  0.04  0.03  0.05  0.09  0.07  0.04  0.06  0.01  0.09  0.1   0.01  0.03  0.13  
138   K     0.06  0.1   0.05  0.09  0.01  0.06  0.15  0.04  0.02  0.01  0.01  0.13  0.01  0.05  0.07  0.06  0.04  0.0   0.02  0.02  
139   E     0.05  0.06  0.02  0.07  0.01  0.03  0.11  0.02  0.08  0.06  0.15  0.03  0.04  0.02  0.02  0.03  0.02  0.08  0.04  0.05  
140   F     0.03  0.0   0.01  0.0   0.01  0.0   0.01  0.0   0.0   0.14  0.3   0.0   0.05  0.23  0.0   0.01  0.02  0.01  0.06  0.09  
141   A     0.15  0.06  0.08  0.01  0.02  0.07  0.01  0.07  0.02  0.02  0.05  0.03  0.03  0.06  0.02  0.14  0.07  0.0   0.01  0.05  
142   L     0.07  0.14  0.05  0.02  0.05  0.02  0.05  0.02  0.03  0.02  0.12  0.09  0.02  0.09  0.01  0.05  0.04  0.02  0.05  0.04  
143   P     0.12  0.03  0.01  0.03  0.01  0.02  0.03  0.01  0.01  0.03  0.19  0.01  0.07  0.12  0.07  0.06  0.05  0.01  0.08  0.03  
144   V     0.09  0.0   0.01  0.0   0.0   0.0   0.0   0.01  0.0   0.07  0.11  0.0   0.04  0.03  0.03  0.1   0.31  0.0   0.01  0.18  
145   P     0.12  0.01  0.04  0.0   0.06  0.01  0.01  0.03  0.0   0.06  0.11  0.0   0.07  0.18  0.09  0.08  0.05  0.0   0.03  0.05  
146   S     0.04  0.03  0.22  0.28  0.02  0.01  0.05  0.02  0.0   0.02  0.05  0.02  0.03  0.02  0.0   0.12  0.03  0.0   0.01  0.03  
147   Y     0.04  0.04  0.05  0.01  0.0   0.02  0.02  0.01  0.01  0.2   0.06  0.02  0.05  0.03  0.0   0.06  0.1   0.01  0.02  0.25  
148   I     0.09  0.0   0.01  0.0   0.0   0.0   0.0   0.01  0.0   0.42  0.08  0.0   0.06  0.01  0.0   0.06  0.05  0.0   0.01  0.19  
149   I     0.1   0.01  0.02  0.0   0.17  0.01  0.0   0.1   0.01  0.14  0.06  0.0   0.04  0.06  0.0   0.1   0.12  0.01  0.02  0.04  
150   Y     0.11  0.17  0.03  0.07  0.05  0.03  0.06  0.05  0.02  0.01  0.03  0.06  0.02  0.03  0.01  0.16  0.05  0.01  0.03  0.01  
151   T     0.07  0.02  0.01  0.04  0.05  0.02  0.07  0.03  0.01  0.12  0.16  0.02  0.08  0.05  0.0   0.06  0.09  0.0   0.02  0.08  
152   L     0.19  0.02  0.0   0.01  0.07  0.01  0.0   0.02  0.01  0.09  0.22  0.01  0.06  0.06  0.01  0.04  0.06  0.01  0.01  0.11  
153   L     0.02  0.0   0.0   0.0   0.01  0.01  0.0   0.01  0.0   0.03  0.25  0.0   0.07  0.49  0.01  0.01  0.01  0.0   0.04  0.03  
154   G     0.02  0.02  0.02  0.03  0.0   0.01  0.02  0.76  0.01  0.01  0.01  0.01  0.0   0.02  0.0   0.04  0.01  0.0   0.0   0.0   
155   V     0.03  0.11  0.01  0.05  0.01  0.05  0.1   0.01  0.01  0.11  0.1   0.09  0.02  0.03  0.01  0.06  0.03  0.0   0.01  0.18  
156   P     0.04  0.14  0.06  0.1   0.0   0.01  0.08  0.02  0.01  0.01  0.03  0.05  0.0   0.01  0.23  0.16  0.03  0.0   0.0   0.01  
157   F     0.04  0.01  0.02  0.03  0.01  0.04  0.07  0.02  0.01  0.06  0.09  0.02  0.01  0.23  0.03  0.03  0.02  0.0   0.18  0.06  
158   N     0.05  0.03  0.1   0.17  0.01  0.03  0.18  0.09  0.05  0.01  0.03  0.06  0.01  0.0   0.04  0.05  0.06  0.0   0.01  0.02  
159   D     0.08  0.03  0.04  0.35  0.03  0.02  0.12  0.04  0.02  0.02  0.03  0.01  0.03  0.02  0.01  0.08  0.03  0.01  0.01  0.02  
160   L     0.04  0.12  0.01  0.03  0.01  0.06  0.04  0.03  0.05  0.03  0.29  0.05  0.03  0.04  0.02  0.04  0.02  0.02  0.01  0.06  
161   E     0.06  0.07  0.07  0.16  0.0   0.07  0.3   0.01  0.02  0.01  0.03  0.09  0.01  0.03  0.03  0.01  0.02  0.0   0.01  0.02  
162   Y     0.05  0.07  0.06  0.05  0.01  0.05  0.08  0.02  0.04  0.03  0.11  0.08  0.03  0.13  0.02  0.05  0.02  0.02  0.07  0.03  
163   L     0.03  0.02  0.01  0.0   0.01  0.01  0.01  0.06  0.01  0.09  0.3   0.01  0.04  0.22  0.05  0.03  0.01  0.01  0.02  0.07  
164   T     0.05  0.09  0.03  0.04  0.01  0.03  0.03  0.04  0.02  0.05  0.09  0.06  0.04  0.08  0.07  0.09  0.1   0.0   0.01  0.06  
165   Q     0.05  0.08  0.05  0.05  0.0   0.04  0.09  0.01  0.03  0.05  0.12  0.09  0.02  0.04  0.1   0.05  0.03  0.04  0.03  0.04  
166   Q     0.05  0.04  0.02  0.04  0.0   0.04  0.02  0.03  0.04  0.05  0.19  0.04  0.04  0.03  0.03  0.05  0.02  0.13  0.04  0.08  
167   N     0.05  0.06  0.08  0.05  0.01  0.03  0.04  0.06  0.04  0.03  0.11  0.04  0.03  0.03  0.11  0.1   0.04  0.02  0.03  0.05  
168   A     0.14  0.04  0.04  0.08  0.01  0.02  0.03  0.08  0.01  0.02  0.09  0.08  0.02  0.04  0.09  0.05  0.03  0.08  0.02  0.04  
169   I     0.04  0.03  0.01  0.01  0.0   0.03  0.02  0.01  0.01  0.18  0.18  0.03  0.03  0.17  0.03  0.03  0.03  0.03  0.02  0.1   
170   R     0.04  0.12  0.06  0.09  0.01  0.03  0.03  0.02  0.02  0.1   0.15  0.05  0.04  0.1   0.02  0.03  0.02  0.0   0.0   0.07  
171   T     0.05  0.04  0.03  0.06  0.0   0.02  0.08  0.05  0.02  0.05  0.14  0.04  0.02  0.11  0.06  0.06  0.05  0.02  0.03  0.06  
172   N     0.05  0.07  0.07  0.06  0.01  0.03  0.04  0.02  0.02  0.03  0.11  0.05  0.03  0.12  0.08  0.04  0.05  0.03  0.04  0.04  
173   G     0.06  0.05  0.02  0.03  0.01  0.01  0.01  0.15  0.01  0.1   0.16  0.02  0.03  0.06  0.12  0.05  0.03  0.03  0.01  0.04  
174   S     0.06  0.04  0.04  0.05  0.0   0.05  0.04  0.04  0.02  0.02  0.1   0.04  0.01  0.07  0.1   0.17  0.09  0.02  0.02  0.02  
175   S     0.08  0.06  0.01  0.02  0.0   0.02  0.04  0.18  0.01  0.03  0.05  0.08  0.01  0.05  0.12  0.07  0.06  0.04  0.02  0.04  
176   T     0.08  0.05  0.02  0.04  0.0   0.03  0.04  0.06  0.01  0.05  0.17  0.03  0.02  0.05  0.05  0.09  0.09  0.01  0.02  0.08  
177   A     0.13  0.05  0.04  0.04  0.03  0.01  0.03  0.06  0.09  0.02  0.08  0.05  0.03  0.06  0.06  0.03  0.02  0.07  0.06  0.04  
178   R     0.04  0.27  0.02  0.03  0.0   0.05  0.06  0.04  0.03  0.03  0.05  0.19  0.01  0.02  0.04  0.05  0.01  0.02  0.01  0.02  
179   E     0.07  0.16  0.03  0.07  0.01  0.08  0.12  0.04  0.03  0.02  0.05  0.18  0.0   0.04  0.03  0.04  0.02  0.01  0.01  0.02  
180   A     0.12  0.04  0.02  0.0   0.01  0.02  0.01  0.03  0.05  0.09  0.16  0.03  0.07  0.1   0.02  0.04  0.02  0.02  0.04  0.1   
181   S     0.08  0.09  0.04  0.05  0.01  0.05  0.07  0.04  0.02  0.04  0.08  0.09  0.04  0.07  0.05  0.06  0.05  0.01  0.03  0.03  
182   A     0.15  0.13  0.06  0.04  0.0   0.05  0.08  0.02  0.02  0.02  0.04  0.18  0.01  0.02  0.02  0.05  0.04  0.01  0.02  0.04  
183   A     0.23  0.05  0.07  0.05  0.02  0.03  0.01  0.02  0.02  0.07  0.09  0.03  0.02  0.04  0.03  0.07  0.05  0.01  0.02  0.07  
184   N     0.06  0.12  0.06  0.03  0.02  0.04  0.02  0.03  0.03  0.06  0.11  0.04  0.03  0.1   0.01  0.05  0.02  0.06  0.04  0.08  
185   Q     0.07  0.14  0.06  0.08  0.0   0.1   0.08  0.04  0.01  0.04  0.03  0.17  0.02  0.01  0.03  0.05  0.04  0.01  0.02  0.02  
186   E     0.04  0.12  0.03  0.1   0.01  0.06  0.17  0.04  0.01  0.04  0.05  0.13  0.01  0.01  0.04  0.04  0.04  0.0   0.02  0.03  
187   L     0.08  0.01  0.01  0.01  0.01  0.01  0.01  0.01  0.01  0.15  0.3   0.0   0.06  0.13  0.0   0.02  0.02  0.01  0.04  0.14  
188   L     0.04  0.12  0.04  0.09  0.0   0.05  0.05  0.01  0.04  0.06  0.15  0.06  0.03  0.06  0.01  0.04  0.03  0.02  0.03  0.06  
189   D     0.1   0.07  0.07  0.17  0.0   0.08  0.13  0.06  0.01  0.0   0.02  0.1   0.0   0.0   0.03  0.07  0.05  0.0   0.01  0.01  
190   Y     0.04  0.03  0.01  0.01  0.01  0.02  0.02  0.01  0.03  0.09  0.13  0.01  0.02  0.24  0.0   0.04  0.03  0.03  0.2   0.04  
191   L     0.05  0.01  0.01  0.0   0.02  0.01  0.01  0.01  0.01  0.17  0.33  0.01  0.05  0.1   0.01  0.02  0.05  0.0   0.03  0.1   
192   A     0.07  0.09  0.08  0.11  0.01  0.07  0.11  0.05  0.01  0.02  0.07  0.08  0.02  0.02  0.02  0.08  0.05  0.01  0.02  0.02  
193   I     0.06  0.08  0.05  0.08  0.0   0.05  0.14  0.06  0.03  0.05  0.02  0.12  0.01  0.02  0.11  0.05  0.03  0.02  0.01  0.02  
194   L     0.04  0.06  0.01  0.01  0.02  0.02  0.04  0.0   0.01  0.18  0.24  0.06  0.05  0.03  0.01  0.04  0.04  0.02  0.01  0.11  
195   V     0.05  0.04  0.01  0.02  0.01  0.0   0.01  0.01  0.01  0.34  0.13  0.03  0.02  0.02  0.01  0.02  0.03  0.0   0.03  0.22  
196   E     0.1   0.07  0.05  0.11  0.0   0.11  0.27  0.01  0.01  0.01  0.02  0.14  0.01  0.0   0.01  0.03  0.02  0.01  0.01  0.02  
197   Q     0.04  0.12  0.05  0.07  0.0   0.09  0.25  0.02  0.05  0.01  0.02  0.2   0.01  0.01  0.01  0.03  0.02  0.0   0.0   0.01  
198   R     0.03  0.38  0.01  0.01  0.01  0.02  0.02  0.02  0.16  0.01  0.05  0.14  0.0   0.01  0.01  0.03  0.02  0.0   0.04  0.01  
199   L     0.05  0.27  0.03  0.01  0.01  0.04  0.06  0.03  0.02  0.04  0.12  0.12  0.03  0.01  0.01  0.03  0.04  0.0   0.02  0.05  
200   V     0.15  0.09  0.06  0.04  0.0   0.08  0.1   0.04  0.02  0.02  0.05  0.08  0.01  0.02  0.01  0.09  0.08  0.0   0.01  0.05  
201   E     0.06  0.05  0.11  0.12  0.01  0.08  0.24  0.04  0.03  0.01  0.02  0.07  0.0   0.01  0.02  0.08  0.03  0.0   0.01  0.01  
202   P     0.05  0.05  0.05  0.06  0.01  0.04  0.09  0.04  0.03  0.03  0.06  0.09  0.02  0.03  0.28  0.04  0.02  0.01  0.01  0.01  
203   K     0.05  0.19  0.04  0.08  0.02  0.06  0.06  0.11  0.03  0.01  0.02  0.15  0.01  0.01  0.04  0.06  0.04  0.0   0.01  0.01  
204   D     0.02  0.07  0.1   0.29  0.0   0.04  0.08  0.05  0.02  0.02  0.02  0.08  0.01  0.01  0.06  0.05  0.05  0.0   0.0   0.03  
205   D     0.02  0.02  0.07  0.51  0.0   0.01  0.04  0.04  0.02  0.01  0.01  0.02  0.01  0.06  0.01  0.08  0.03  0.02  0.02  0.01  
206   I     0.05  0.01  0.01  0.02  0.01  0.02  0.01  0.01  0.01  0.16  0.23  0.01  0.09  0.19  0.0   0.03  0.03  0.01  0.02  0.07  
207   I     0.02  0.01  0.01  0.07  0.0   0.01  0.01  0.01  0.01  0.15  0.3   0.01  0.08  0.06  0.02  0.01  0.05  0.01  0.03  0.12  
208   S     0.05  0.02  0.02  0.26  0.01  0.07  0.05  0.05  0.03  0.02  0.03  0.02  0.02  0.01  0.01  0.19  0.09  0.02  0.03  0.01  
209   K     0.09  0.06  0.03  0.07  0.01  0.03  0.05  0.03  0.07  0.05  0.09  0.06  0.04  0.05  0.01  0.04  0.04  0.04  0.06  0.09  
210   L     0.02  0.01  0.0   0.01  0.02  0.02  0.01  0.01  0.01  0.09  0.48  0.01  0.09  0.09  0.01  0.02  0.01  0.01  0.03  0.05  
211   C     0.06  0.01  0.0   0.02  0.01  0.02  0.02  0.01  0.0   0.2   0.42  0.01  0.05  0.03  0.0   0.02  0.01  0.03  0.01  0.07  
212   T     0.08  0.1   0.06  0.07  0.0   0.1   0.09  0.03  0.03  0.05  0.06  0.08  0.02  0.04  0.01  0.07  0.06  0.01  0.02  0.03  
213   E     0.19  0.02  0.02  0.08  0.01  0.04  0.16  0.02  0.02  0.04  0.08  0.03  0.06  0.02  0.01  0.11  0.02  0.02  0.03  0.03  
214   Q     0.07  0.09  0.03  0.05  0.0   0.13  0.13  0.03  0.05  0.02  0.08  0.13  0.04  0.02  0.01  0.03  0.04  0.0   0.02  0.02  
215   V     0.06  0.04  0.06  0.12  0.01  0.06  0.08  0.04  0.01  0.05  0.09  0.1   0.02  0.03  0.02  0.06  0.04  0.01  0.05  0.06  
216   K     0.06  0.04  0.07  0.15  0.01  0.03  0.23  0.05  0.01  0.01  0.02  0.14  0.01  0.01  0.03  0.06  0.04  0.0   0.01  0.02  
217   P     0.09  0.06  0.08  0.09  0.0   0.05  0.07  0.12  0.03  0.01  0.04  0.13  0.0   0.01  0.08  0.06  0.04  0.0   0.01  0.01  
218   G     0.06  0.04  0.07  0.07  0.01  0.03  0.09  0.3   0.01  0.01  0.02  0.05  0.01  0.01  0.03  0.12  0.04  0.0   0.02  0.01  
219   N     0.04  0.06  0.1   0.05  0.0   0.05  0.13  0.08  0.03  0.02  0.04  0.12  0.01  0.01  0.08  0.08  0.08  0.0   0.03  0.01  
220   I     0.04  0.01  0.01  0.03  0.0   0.01  0.02  0.02  0.03  0.12  0.35  0.02  0.05  0.11  0.03  0.02  0.02  0.01  0.03  0.07  
221   D     0.03  0.03  0.06  0.13  0.0   0.03  0.02  0.03  0.03  0.01  0.03  0.03  0.01  0.01  0.06  0.23  0.24  0.0   0.02  0.01  
222   K     0.05  0.07  0.02  0.28  0.0   0.03  0.12  0.01  0.04  0.04  0.06  0.04  0.03  0.02  0.07  0.03  0.05  0.01  0.02  0.02  
223   S     0.04  0.04  0.05  0.16  0.0   0.08  0.23  0.02  0.03  0.03  0.03  0.07  0.02  0.01  0.03  0.06  0.05  0.01  0.02  0.02  
224   D     0.04  0.02  0.1   0.14  0.01  0.09  0.26  0.02  0.03  0.02  0.04  0.03  0.02  0.03  0.01  0.05  0.02  0.0   0.04  0.04  
225   A     0.08  0.0   0.01  0.01  0.01  0.01  0.01  0.01  0.01  0.3   0.29  0.01  0.04  0.02  0.02  0.01  0.02  0.0   0.01  0.13  
226   V     0.15  0.07  0.02  0.01  0.01  0.04  0.02  0.02  0.02  0.11  0.1   0.12  0.03  0.02  0.01  0.03  0.05  0.0   0.02  0.14  
227   Q     0.2   0.04  0.04  0.1   0.01  0.08  0.05  0.1   0.04  0.02  0.06  0.02  0.04  0.03  0.01  0.08  0.02  0.01  0.03  0.03  
228   I     0.05  0.02  0.08  0.03  0.02  0.08  0.09  0.01  0.02  0.11  0.14  0.01  0.05  0.03  0.01  0.04  0.09  0.02  0.02  0.07  
229   A     0.14  0.01  0.01  0.0   0.08  0.03  0.01  0.05  0.02  0.13  0.16  0.01  0.03  0.02  0.01  0.05  0.06  0.0   0.01  0.17  
230   F     0.04  0.02  0.05  0.06  0.02  0.02  0.02  0.06  0.02  0.09  0.16  0.02  0.07  0.1   0.01  0.04  0.05  0.03  0.01  0.09  
231   L     0.07  0.01  0.05  0.17  0.01  0.01  0.13  0.04  0.01  0.06  0.12  0.0   0.02  0.03  0.01  0.07  0.1   0.0   0.01  0.07  
232   L     0.04  0.0   0.02  0.01  0.01  0.02  0.0   0.01  0.01  0.14  0.33  0.0   0.1   0.14  0.01  0.02  0.03  0.0   0.03  0.08  
233   L     0.05  0.02  0.03  0.0   0.01  0.02  0.01  0.01  0.01  0.13  0.27  0.0   0.08  0.14  0.01  0.05  0.03  0.01  0.04  0.08  
234   V     0.05  0.0   0.02  0.01  0.0   0.01  0.02  0.05  0.01  0.12  0.16  0.01  0.04  0.22  0.01  0.05  0.05  0.02  0.03  0.12  
235   A     0.57  0.01  0.01  0.02  0.0   0.0   0.04  0.13  0.0   0.01  0.04  0.0   0.0   0.01  0.02  0.05  0.02  0.0   0.02  0.04  
236   G     0.16  0.0   0.02  0.01  0.0   0.01  0.0   0.57  0.02  0.02  0.0   0.0   0.01  0.0   0.01  0.09  0.03  0.0   0.0   0.02  
237   N     0.03  0.03  0.03  0.01  0.01  0.05  0.01  0.02  0.12  0.1   0.04  0.01  0.02  0.07  0.02  0.11  0.16  0.0   0.07  0.09  
238   A     0.04  0.0   0.03  0.39  0.0   0.02  0.31  0.03  0.08  0.01  0.01  0.01  0.01  0.0   0.02  0.01  0.01  0.0   0.01  0.01  
239   T     0.04  0.01  0.05  0.0   0.0   0.01  0.01  0.01  0.0   0.02  0.01  0.0   0.0   0.01  0.02  0.1   0.67  0.0   0.0   0.03  
240   M     0.03  0.0   0.01  0.0   0.01  0.01  0.0   0.01  0.0   0.04  0.04  0.0   0.02  0.03  0.02  0.16  0.54  0.0   0.0   0.07  
241   V     0.29  0.01  0.02  0.01  0.0   0.01  0.01  0.05  0.02  0.03  0.02  0.02  0.01  0.01  0.02  0.32  0.11  0.01  0.01  0.03  
242   N     0.11  0.02  0.11  0.04  0.0   0.02  0.01  0.05  0.03  0.06  0.03  0.01  0.03  0.01  0.02  0.17  0.17  0.01  0.01  0.08  
243   M     0.18  0.02  0.01  0.0   0.01  0.01  0.0   0.03  0.01  0.02  0.14  0.0   0.03  0.03  0.01  0.09  0.32  0.0   0.0   0.07  
244   I     0.03  0.0   0.01  0.0   0.02  0.01  0.01  0.01  0.0   0.19  0.47  0.0   0.1   0.01  0.0   0.04  0.05  0.0   0.0   0.07  
245   A     0.11  0.07  0.02  0.02  0.02  0.03  0.1   0.06  0.01  0.03  0.04  0.02  0.02  0.04  0.01  0.18  0.17  0.0   0.01  0.04  
246   L     0.03  0.01  0.06  0.01  0.01  0.03  0.01  0.04  0.05  0.01  0.04  0.02  0.02  0.14  0.0   0.04  0.03  0.38  0.05  0.01  
247   G     0.25  0.0   0.01  0.01  0.04  0.01  0.03  0.07  0.01  0.11  0.08  0.0   0.05  0.07  0.0   0.07  0.12  0.01  0.0   0.08  
248   V     0.02  0.01  0.01  0.0   0.01  0.02  0.0   0.01  0.0   0.16  0.34  0.0   0.12  0.09  0.01  0.01  0.05  0.01  0.01  0.14  
249   A     0.11  0.03  0.01  0.0   0.02  0.01  0.01  0.01  0.03  0.04  0.19  0.04  0.04  0.09  0.0   0.04  0.05  0.03  0.19  0.05  
250   T     0.07  0.03  0.03  0.07  0.01  0.03  0.19  0.02  0.04  0.01  0.19  0.01  0.02  0.08  0.0   0.03  0.02  0.01  0.12  0.01  
251   L     0.02  0.01  0.0   0.0   0.01  0.0   0.01  0.0   0.0   0.07  0.66  0.0   0.1   0.02  0.0   0.01  0.02  0.01  0.0   0.05  
252   A     0.24  0.01  0.0   0.01  0.04  0.02  0.01  0.03  0.02  0.09  0.23  0.02  0.05  0.01  0.0   0.06  0.07  0.01  0.01  0.09  
253   Q     0.07  0.16  0.07  0.03  0.01  0.05  0.08  0.01  0.03  0.01  0.08  0.17  0.02  0.0   0.01  0.07  0.09  0.01  0.0   0.02  
254   H     0.01  0.06  0.27  0.06  0.01  0.03  0.03  0.02  0.27  0.0   0.01  0.02  0.01  0.03  0.0   0.05  0.02  0.01  0.09  0.01  
255   P     0.02  0.02  0.01  0.02  0.01  0.03  0.03  0.02  0.01  0.01  0.02  0.03  0.0   0.0   0.71  0.03  0.02  0.01  0.0   0.01  
256   D     0.03  0.04  0.04  0.23  0.01  0.03  0.31  0.04  0.04  0.01  0.02  0.06  0.01  0.0   0.01  0.06  0.02  0.01  0.0   0.02  
257   Q     0.07  0.04  0.02  0.02  0.02  0.08  0.05  0.01  0.03  0.15  0.08  0.02  0.02  0.01  0.01  0.02  0.04  0.03  0.05  0.23  
258   L     0.03  0.06  0.02  0.01  0.02  0.23  0.03  0.02  0.02  0.04  0.18  0.03  0.09  0.02  0.0   0.01  0.04  0.06  0.04  0.06  
259   A     0.09  0.06  0.03  0.09  0.02  0.06  0.15  0.05  0.03  0.05  0.03  0.07  0.03  0.02  0.03  0.06  0.04  0.02  0.03  0.03  
260   Q     0.06  0.14  0.03  0.05  0.03  0.09  0.04  0.06  0.03  0.03  0.03  0.19  0.03  0.03  0.03  0.03  0.03  0.03  0.03  0.03  
261   L     0.1   0.02  0.0   0.01  0.02  0.0   0.01  0.0   0.0   0.06  0.49  0.01  0.02  0.01  0.01  0.02  0.01  0.01  0.01  0.18  
262   K     0.02  0.3   0.02  0.02  0.01  0.17  0.02  0.01  0.07  0.02  0.03  0.16  0.01  0.01  0.01  0.02  0.03  0.01  0.03  0.03  
263   A     0.14  0.1   0.04  0.08  0.01  0.09  0.32  0.01  0.01  0.01  0.01  0.09  0.01  0.01  0.01  0.06  0.01  0.01  0.0   0.01  
264   N     0.01  0.03  0.04  0.1   0.01  0.04  0.58  0.03  0.01  0.01  0.02  0.03  0.01  0.01  0.01  0.03  0.01  0.0   0.01  0.01  
265   P     0.02  0.01  0.01  0.04  0.0   0.05  0.02  0.03  0.01  0.04  0.22  0.01  0.09  0.01  0.31  0.01  0.02  0.0   0.01  0.11  
266   S     0.02  0.08  0.06  0.13  0.02  0.02  0.11  0.02  0.01  0.01  0.01  0.09  0.01  0.01  0.17  0.07  0.07  0.0   0.07  0.02  
267   L     0.02  0.04  0.01  0.01  0.01  0.02  0.02  0.02  0.01  0.04  0.32  0.05  0.04  0.03  0.01  0.08  0.01  0.01  0.21  0.04  
268   A     0.07  0.01  0.01  0.0   0.01  0.02  0.03  0.02  0.02  0.15  0.29  0.01  0.07  0.01  0.01  0.02  0.15  0.01  0.01  0.09  
269   P     0.06  0.05  0.08  0.16  0.01  0.08  0.11  0.03  0.02  0.01  0.04  0.07  0.01  0.06  0.09  0.05  0.03  0.01  0.04  0.02  
270   Q     0.29  0.05  0.05  0.01  0.05  0.05  0.02  0.03  0.01  0.02  0.05  0.11  0.05  0.01  0.01  0.12  0.05  0.01  0.01  0.01  
271   F     0.12  0.0   0.0   0.03  0.1   0.0   0.02  0.01  0.0   0.07  0.04  0.03  0.01  0.11  0.0   0.06  0.05  0.02  0.04  0.28  
272   V     0.03  0.01  0.01  0.01  0.02  0.0   0.01  0.0   0.0   0.38  0.11  0.05  0.03  0.03  0.0   0.01  0.02  0.01  0.02  0.23  
273   E     0.03  0.04  0.06  0.03  0.02  0.03  0.19  0.09  0.05  0.02  0.05  0.22  0.02  0.02  0.01  0.03  0.02  0.02  0.03  0.02  
274   E     0.01  0.0   0.0   0.07  0.0   0.0   0.7   0.01  0.0   0.0   0.01  0.0   0.0   0.0   0.0   0.01  0.07  0.0   0.09  0.01  
275   L     0.08  0.0   0.03  0.01  0.03  0.04  0.01  0.04  0.02  0.06  0.12  0.03  0.03  0.03  0.01  0.21  0.18  0.0   0.0   0.09  
276   C     0.01  0.01  0.0   0.0   0.01  0.11  0.0   0.01  0.01  0.02  0.59  0.0   0.09  0.06  0.01  0.02  0.01  0.01  0.01  0.02  
277   R     0.0   0.95  0.01  0.0   0.0   0.0   0.0   0.0   0.0   0.0   0.01  0.01  0.0   0.0   0.01  0.0   0.0   0.0   0.0   0.0   
278   Y     0.01  0.01  0.0   0.0   0.01  0.0   0.0   0.0   0.04  0.06  0.51  0.04  0.07  0.07  0.0   0.0   0.01  0.05  0.08  0.04  
279   H     0.05  0.09  0.04  0.01  0.02  0.01  0.02  0.03  0.2   0.04  0.02  0.03  0.0   0.07  0.0   0.07  0.03  0.02  0.22  0.01  
280   T     0.04  0.0   0.03  0.04  0.0   0.01  0.0   0.02  0.01  0.0   0.0   0.01  0.01  0.01  0.61  0.1   0.06  0.0   0.01  0.01  
281   A     0.09  0.0   0.01  0.0   0.01  0.01  0.0   0.03  0.01  0.11  0.08  0.0   0.02  0.05  0.34  0.07  0.03  0.0   0.0   0.15  
282   S     0.16  0.01  0.02  0.01  0.0   0.01  0.01  0.09  0.0   0.07  0.1   0.0   0.01  0.03  0.02  0.08  0.06  0.0   0.0   0.32  
283   A     0.07  0.02  0.01  0.03  0.01  0.04  0.02  0.03  0.02  0.04  0.05  0.01  0.01  0.01  0.48  0.06  0.03  0.02  0.01  0.02  
284   L     0.05  0.02  0.04  0.01  0.01  0.02  0.02  0.06  0.01  0.08  0.25  0.01  0.06  0.16  0.01  0.04  0.04  0.01  0.02  0.09  
285   A     0.08  0.04  0.07  0.03  0.01  0.03  0.03  0.13  0.01  0.03  0.15  0.01  0.03  0.02  0.02  0.11  0.14  0.0   0.01  0.05  
286   I     0.03  0.01  0.02  0.02  0.01  0.01  0.01  0.03  0.01  0.16  0.25  0.01  0.08  0.07  0.03  0.04  0.05  0.01  0.04  0.13  
287   K     0.07  0.11  0.02  0.02  0.01  0.04  0.03  0.05  0.01  0.02  0.03  0.04  0.03  0.04  0.34  0.06  0.04  0.01  0.02  0.02  
288   R     0.0   0.66  0.01  0.0   0.0   0.02  0.02  0.01  0.18  0.01  0.02  0.04  0.01  0.01  0.0   0.01  0.01  0.0   0.01  0.01  
289   T     0.09  0.05  0.01  0.01  0.04  0.03  0.11  0.01  0.01  0.07  0.05  0.09  0.04  0.03  0.01  0.06  0.09  0.0   0.04  0.15  
290   A     0.28  0.0   0.02  0.01  0.08  0.01  0.0   0.01  0.0   0.02  0.09  0.02  0.0   0.01  0.05  0.05  0.17  0.0   0.0   0.17  
291   K     0.04  0.07  0.03  0.03  0.01  0.04  0.04  0.02  0.02  0.04  0.07  0.13  0.06  0.01  0.07  0.08  0.19  0.0   0.01  0.05  
292   E     0.05  0.11  0.04  0.08  0.02  0.09  0.23  0.02  0.03  0.01  0.0   0.15  0.0   0.0   0.02  0.06  0.05  0.0   0.0   0.01  
293   D     0.03  0.0   0.03  0.56  0.0   0.0   0.08  0.07  0.01  0.0   0.0   0.01  0.0   0.03  0.1   0.02  0.04  0.0   0.01  0.01  
294   V     0.05  0.01  0.01  0.03  0.05  0.01  0.01  0.01  0.0   0.16  0.09  0.01  0.04  0.07  0.0   0.03  0.18  0.0   0.04  0.2   
295   M     0.01  0.03  0.03  0.02  0.0   0.05  0.17  0.01  0.02  0.05  0.07  0.11  0.02  0.02  0.03  0.06  0.18  0.01  0.01  0.12  
296   I     0.01  0.0   0.0   0.01  0.01  0.0   0.01  0.0   0.0   0.23  0.32  0.01  0.01  0.09  0.05  0.0   0.01  0.01  0.06  0.16  
297   G     0.06  0.08  0.13  0.17  0.02  0.05  0.04  0.23  0.02  0.0   0.03  0.05  0.02  0.0   0.03  0.07  0.01  0.0   0.01  0.0   
298   D     0.0   0.01  0.06  0.09  0.0   0.01  0.04  0.68  0.01  0.0   0.0   0.01  0.0   0.0   0.01  0.04  0.0   0.0   0.0   0.0   
299   K     0.01  0.05  0.02  0.0   0.01  0.03  0.01  0.01  0.05  0.03  0.06  0.03  0.02  0.13  0.01  0.01  0.07  0.01  0.37  0.07  
300   L     0.02  0.06  0.03  0.08  0.01  0.02  0.04  0.01  0.07  0.04  0.08  0.06  0.01  0.11  0.02  0.04  0.12  0.01  0.06  0.12  
301   V     0.01  0.0   0.0   0.0   0.0   0.0   0.0   0.0   0.0   0.57  0.16  0.0   0.01  0.02  0.01  0.0   0.01  0.0   0.01  0.21  
302   R     0.03  0.07  0.02  0.02  0.01  0.01  0.04  0.0   0.01  0.0   0.0   0.07  0.0   0.0   0.68  0.03  0.01  0.0   0.0   0.0   
303   A     0.2   0.06  0.01  0.0   0.01  0.02  0.05  0.04  0.01  0.0   0.0   0.45  0.0   0.0   0.06  0.03  0.03  0.0   0.0   0.02  
304   N     0.02  0.02  0.09  0.06  0.02  0.02  0.04  0.57  0.02  0.02  0.0   0.05  0.0   0.02  0.0   0.02  0.0   0.0   0.02  0.02  
305   E     0.06  0.02  0.03  0.04  0.03  0.03  0.04  0.02  0.02  0.04  0.02  0.02  0.03  0.02  0.02  0.08  0.34  0.04  0.02  0.08  
306   G     0.03  0.08  0.07  0.02  0.06  0.06  0.04  0.03  0.03  0.1   0.07  0.05  0.04  0.03  0.04  0.04  0.1   0.02  0.03  0.05  
307   I     0.05  0.0   0.0   0.0   0.05  0.0   0.0   0.0   0.0   0.2   0.12  0.0   0.04  0.04  0.0   0.03  0.04  0.0   0.03  0.38  
308   I     0.05  0.03  0.02  0.01  0.03  0.03  0.01  0.05  0.01  0.15  0.17  0.01  0.08  0.11  0.0   0.06  0.04  0.01  0.05  0.09  
309   A     0.04  0.0   0.0   0.0   0.02  0.02  0.0   0.01  0.0   0.18  0.12  0.0   0.05  0.04  0.07  0.02  0.05  0.02  0.07  0.27  
310   S     0.06  0.0   0.26  0.05  0.03  0.01  0.0   0.02  0.02  0.02  0.05  0.01  0.01  0.02  0.11  0.22  0.03  0.02  0.03  0.01  
311   N     0.12  0.01  0.04  0.01  0.01  0.06  0.01  0.01  0.03  0.16  0.16  0.01  0.02  0.03  0.09  0.03  0.09  0.01  0.02  0.09  
312   Q     0.05  0.04  0.02  0.02  0.02  0.03  0.01  0.08  0.03  0.02  0.06  0.01  0.02  0.05  0.04  0.06  0.03  0.19  0.19  0.02  
313   S     0.27  0.02  0.02  0.03  0.01  0.04  0.03  0.12  0.02  0.02  0.04  0.02  0.02  0.02  0.03  0.19  0.04  0.01  0.01  0.06  
314   A     0.14  0.01  0.01  0.0   0.01  0.0   0.0   0.01  0.01  0.21  0.19  0.01  0.11  0.02  0.01  0.02  0.1   0.0   0.0   0.13  
315   N     0.03  0.01  0.17  0.01  0.01  0.05  0.01  0.13  0.33  0.01  0.08  0.01  0.04  0.01  0.0   0.06  0.02  0.0   0.02  0.01  
316   R     0.01  0.38  0.04  0.02  0.0   0.02  0.01  0.01  0.19  0.02  0.06  0.04  0.04  0.04  0.01  0.01  0.04  0.02  0.04  0.02  
317   D     0.01  0.02  0.1   0.54  0.01  0.01  0.03  0.01  0.02  0.01  0.02  0.02  0.04  0.01  0.0   0.1   0.02  0.01  0.01  0.02  
318   E     0.08  0.01  0.02  0.06  0.01  0.03  0.2   0.02  0.01  0.01  0.02  0.05  0.0   0.0   0.37  0.07  0.02  0.0   0.01  0.01  
319   E     0.08  0.07  0.05  0.12  0.01  0.04  0.16  0.02  0.01  0.01  0.02  0.18  0.01  0.01  0.02  0.09  0.06  0.01  0.01  0.02  
320   V     0.04  0.03  0.06  0.02  0.01  0.03  0.05  0.01  0.04  0.11  0.11  0.02  0.01  0.09  0.0   0.03  0.06  0.02  0.13  0.15  
321   F     0.02  0.0   0.01  0.0   0.01  0.0   0.0   0.01  0.02  0.01  0.01  0.0   0.01  0.35  0.01  0.01  0.01  0.39  0.12  0.02  
322   E     0.06  0.01  0.01  0.09  0.01  0.02  0.14  0.05  0.03  0.01  0.02  0.08  0.01  0.01  0.26  0.1   0.06  0.0   0.01  0.02  
323   N     0.03  0.05  0.16  0.41  0.01  0.03  0.11  0.02  0.03  0.0   0.01  0.06  0.01  0.0   0.01  0.03  0.02  0.0   0.01  0.0   
324   P     0.16  0.01  0.01  0.0   0.01  0.0   0.01  0.02  0.01  0.01  0.0   0.02  0.0   0.0   0.65  0.03  0.01  0.01  0.01  0.03  
325   D     0.04  0.02  0.1   0.22  0.01  0.02  0.23  0.02  0.04  0.0   0.09  0.04  0.02  0.02  0.01  0.05  0.04  0.01  0.02  0.01  
326   E     0.05  0.06  0.02  0.07  0.01  0.06  0.27  0.02  0.02  0.02  0.03  0.12  0.02  0.01  0.0   0.07  0.09  0.0   0.0   0.08  
327   F     0.0   0.0   0.0   0.0   0.0   0.0   0.0   0.0   0.0   0.02  0.06  0.0   0.0   0.78  0.0   0.0   0.0   0.03  0.07  0.02  
328   N     0.01  0.13  0.18  0.31  0.01  0.02  0.02  0.0   0.03  0.05  0.04  0.1   0.02  0.01  0.0   0.02  0.01  0.01  0.02  0.03  
329   M     0.03  0.0   0.0   0.0   0.0   0.0   0.01  0.03  0.01  0.05  0.03  0.01  0.01  0.03  0.72  0.01  0.01  0.01  0.01  0.03  
330   N     0.04  0.01  0.03  0.16  0.0   0.04  0.4   0.04  0.05  0.0   0.03  0.01  0.02  0.04  0.01  0.04  0.05  0.01  0.02  0.01  
331   R     0.0   0.83  0.01  0.0   0.0   0.01  0.0   0.02  0.07  0.0   0.0   0.04  0.0   0.0   0.01  0.0   0.0   0.0   0.0   0.0   
332   K     0.02  0.02  0.04  0.02  0.0   0.02  0.02  0.01  0.03  0.01  0.01  0.05  0.01  0.46  0.02  0.01  0.01  0.2   0.04  0.01  
333   W     0.05  0.02  0.02  0.03  0.01  0.01  0.04  0.04  0.01  0.06  0.38  0.02  0.04  0.03  0.02  0.05  0.03  0.03  0.04  0.08  
334   P     0.05  0.04  0.09  0.17  0.01  0.05  0.12  0.05  0.01  0.01  0.03  0.1   0.0   0.01  0.12  0.05  0.07  0.0   0.0   0.02  
335   P     0.1   0.03  0.04  0.09  0.01  0.02  0.06  0.07  0.01  0.01  0.02  0.07  0.01  0.0   0.23  0.16  0.02  0.0   0.02  0.01  
336   Q     0.03  0.16  0.12  0.07  0.01  0.03  0.08  0.04  0.04  0.01  0.02  0.07  0.01  0.05  0.02  0.12  0.04  0.01  0.06  0.03  
337   D     0.13  0.08  0.06  0.05  0.01  0.02  0.09  0.12  0.05  0.01  0.01  0.07  0.01  0.01  0.06  0.1   0.04  0.0   0.05  0.02  
338   P     0.02  0.01  0.02  0.03  0.01  0.02  0.02  0.01  0.16  0.01  0.08  0.01  0.03  0.26  0.02  0.05  0.02  0.02  0.17  0.03  
339   L     0.05  0.02  0.02  0.0   0.02  0.05  0.04  0.0   0.02  0.12  0.22  0.02  0.09  0.04  0.09  0.02  0.04  0.03  0.03  0.08  
340   G     0.09  0.03  0.02  0.02  0.0   0.02  0.02  0.07  0.02  0.02  0.06  0.03  0.02  0.02  0.34  0.06  0.09  0.0   0.02  0.03  
341   F     0.0   0.0   0.0   0.0   0.0   0.05  0.0   0.0   0.05  0.0   0.05  0.0   0.0   0.64  0.0   0.0   0.0   0.11  0.07  0.0   
342   G     0.05  0.02  0.02  0.01  0.0   0.01  0.02  0.55  0.01  0.01  0.02  0.02  0.01  0.01  0.03  0.19  0.02  0.0   0.0   0.0   
343   F     0.16  0.02  0.05  0.02  0.01  0.01  0.01  0.13  0.07  0.04  0.12  0.04  0.03  0.05  0.0   0.05  0.04  0.05  0.05  0.06  
344   G     0.02  0.04  0.01  0.04  0.0   0.0   0.0   0.86  0.02  0.0   0.0   0.0   0.0   0.0   0.0   0.02  0.0   0.0   0.0   0.0   
345   D     0.06  0.14  0.02  0.06  0.01  0.03  0.01  0.01  0.02  0.03  0.04  0.08  0.01  0.0   0.32  0.07  0.05  0.0   0.02  0.04  
346   H     0.0   0.51  0.02  0.01  0.0   0.02  0.01  0.01  0.29  0.0   0.01  0.02  0.01  0.01  0.0   0.01  0.01  0.02  0.05  0.0   
347   R     0.12  0.07  0.07  0.02  0.01  0.09  0.02  0.09  0.01  0.1   0.06  0.04  0.05  0.05  0.0   0.08  0.05  0.0   0.02  0.07  
348   C     0.02  0.03  0.0   0.0   0.85  0.0   0.0   0.04  0.0   0.0   0.0   0.0   0.0   0.0   0.03  0.0   0.0   0.0   0.0   0.0   
349   I     0.06  0.0   0.0   0.0   0.01  0.01  0.0   0.01  0.01  0.18  0.24  0.0   0.02  0.02  0.31  0.01  0.01  0.0   0.0   0.1   
350   A     0.06  0.0   0.0   0.01  0.0   0.0   0.02  0.74  0.0   0.0   0.02  0.0   0.0   0.03  0.0   0.04  0.0   0.0   0.0   0.04  
351   E     0.12  0.19  0.02  0.01  0.0   0.09  0.1   0.05  0.01  0.05  0.04  0.13  0.06  0.01  0.01  0.05  0.01  0.01  0.01  0.03  
352   H     0.06  0.09  0.1   0.04  0.0   0.05  0.06  0.05  0.09  0.01  0.02  0.03  0.01  0.11  0.09  0.1   0.03  0.02  0.02  0.02  
353   L     0.01  0.0   0.0   0.0   0.0   0.01  0.0   0.0   0.0   0.07  0.44  0.01  0.08  0.29  0.01  0.01  0.01  0.01  0.04  0.03  
354   A     0.64  0.0   0.0   0.01  0.01  0.0   0.0   0.1   0.0   0.01  0.0   0.0   0.0   0.01  0.01  0.08  0.02  0.0   0.0   0.12  
355   K     0.03  0.22  0.02  0.03  0.0   0.03  0.06  0.01  0.02  0.06  0.11  0.1   0.08  0.02  0.0   0.04  0.05  0.02  0.06  0.05  
356   A     0.09  0.07  0.07  0.03  0.01  0.05  0.05  0.01  0.03  0.04  0.18  0.02  0.14  0.01  0.01  0.03  0.06  0.02  0.01  0.08  
357   E     0.02  0.0   0.04  0.0   0.0   0.15  0.4   0.01  0.01  0.05  0.05  0.01  0.05  0.01  0.0   0.04  0.1   0.0   0.0   0.05  
358   L     0.13  0.0   0.01  0.0   0.04  0.01  0.01  0.02  0.0   0.17  0.23  0.0   0.16  0.01  0.0   0.06  0.04  0.0   0.0   0.11  
359   T     0.04  0.12  0.02  0.0   0.01  0.02  0.12  0.02  0.05  0.01  0.03  0.24  0.01  0.12  0.01  0.05  0.06  0.01  0.04  0.02  
360   T     0.07  0.01  0.0   0.0   0.01  0.01  0.01  0.01  0.0   0.18  0.31  0.01  0.05  0.03  0.0   0.02  0.09  0.0   0.03  0.15  
361   V     0.21  0.0   0.0   0.0   0.01  0.0   0.0   0.07  0.0   0.12  0.12  0.0   0.06  0.13  0.01  0.03  0.07  0.01  0.01  0.14  
362   F     0.02  0.0   0.0   0.0   0.01  0.0   0.0   0.01  0.0   0.12  0.52  0.01  0.04  0.08  0.0   0.01  0.03  0.01  0.01  0.15  
363   S     0.39  0.07  0.01  0.01  0.02  0.0   0.01  0.05  0.03  0.04  0.03  0.01  0.01  0.02  0.02  0.09  0.11  0.0   0.0   0.08  
364   T     0.11  0.12  0.08  0.0   0.02  0.03  0.06  0.01  0.09  0.04  0.06  0.08  0.03  0.0   0.0   0.06  0.13  0.01  0.04  0.03  
365   L     0.01  0.0   0.0   0.0   0.01  0.0   0.0   0.0   0.0   0.18  0.53  0.0   0.09  0.07  0.0   0.0   0.02  0.01  0.0   0.08  
366   Y     0.07  0.02  0.0   0.01  0.01  0.0   0.0   0.0   0.0   0.09  0.51  0.0   0.02  0.09  0.0   0.01  0.01  0.0   0.01  0.14  
367   Q     0.04  0.15  0.02  0.01  0.01  0.18  0.07  0.04  0.05  0.01  0.1   0.06  0.02  0.02  0.0   0.05  0.05  0.06  0.06  0.01  
368   K     0.05  0.32  0.16  0.01  0.03  0.04  0.04  0.03  0.08  0.0   0.02  0.1   0.01  0.01  0.0   0.04  0.03  0.0   0.02  0.01  
369   F     0.0   0.02  0.0   0.0   0.01  0.0   0.0   0.0   0.0   0.02  0.09  0.0   0.02  0.58  0.0   0.0   0.0   0.01  0.21  0.02  
370   P     0.04  0.06  0.06  0.22  0.01  0.03  0.07  0.03  0.03  0.02  0.04  0.06  0.01  0.02  0.19  0.05  0.03  0.01  0.01  0.02  
371   D     0.03  0.04  0.09  0.21  0.01  0.02  0.07  0.07  0.03  0.03  0.06  0.02  0.01  0.04  0.01  0.04  0.06  0.1   0.0   0.05  
372   L     0.03  0.02  0.01  0.01  0.01  0.03  0.04  0.01  0.01  0.09  0.37  0.04  0.03  0.12  0.01  0.02  0.02  0.02  0.02  0.08  
373   K     0.05  0.18  0.02  0.04  0.0   0.04  0.27  0.01  0.02  0.01  0.02  0.12  0.0   0.01  0.07  0.07  0.05  0.0   0.0   0.02  
374   V     0.03  0.04  0.02  0.02  0.01  0.03  0.02  0.01  0.01  0.07  0.32  0.04  0.02  0.08  0.07  0.04  0.03  0.01  0.02  0.12  
375   A     0.27  0.02  0.02  0.06  0.02  0.02  0.05  0.1   0.01  0.02  0.06  0.04  0.01  0.01  0.07  0.12  0.03  0.0   0.0   0.08  
376   V     0.06  0.02  0.05  0.11  0.01  0.03  0.04  0.12  0.03  0.05  0.04  0.02  0.04  0.02  0.08  0.04  0.05  0.0   0.01  0.17  
377   P     0.04  0.02  0.01  0.12  0.01  0.02  0.09  0.05  0.01  0.0   0.01  0.07  0.0   0.0   0.43  0.05  0.04  0.0   0.0   0.01  
378   L     0.07  0.02  0.07  0.07  0.01  0.01  0.1   0.13  0.01  0.04  0.06  0.03  0.02  0.02  0.17  0.03  0.03  0.0   0.02  0.08  
379   G     0.04  0.02  0.02  0.1   0.02  0.04  0.23  0.17  0.03  0.01  0.03  0.11  0.0   0.02  0.02  0.04  0.03  0.0   0.01  0.05  
380   K     0.03  0.09  0.03  0.19  0.0   0.11  0.14  0.03  0.02  0.0   0.01  0.15  0.0   0.01  0.1   0.05  0.03  0.0   0.01  0.01  
381   I     0.03  0.01  0.02  0.02  0.02  0.01  0.02  0.03  0.0   0.21  0.25  0.02  0.04  0.03  0.07  0.01  0.01  0.01  0.01  0.19  
382   N     0.02  0.15  0.04  0.29  0.0   0.06  0.1   0.02  0.01  0.02  0.01  0.07  0.0   0.0   0.09  0.04  0.03  0.0   0.0   0.04  
383   Y     0.02  0.08  0.01  0.01  0.01  0.01  0.02  0.02  0.01  0.06  0.17  0.01  0.17  0.05  0.02  0.04  0.04  0.09  0.11  0.05  
384   T     0.04  0.12  0.03  0.04  0.01  0.03  0.06  0.04  0.01  0.04  0.06  0.1   0.03  0.01  0.02  0.09  0.19  0.0   0.03  0.03  
385   P     0.03  0.06  0.01  0.01  0.0   0.01  0.16  0.03  0.01  0.01  0.02  0.04  0.01  0.03  0.48  0.04  0.03  0.0   0.01  0.01  
386   L     0.07  0.06  0.03  0.03  0.01  0.02  0.01  0.06  0.06  0.08  0.11  0.07  0.05  0.03  0.03  0.12  0.03  0.0   0.02  0.1   
387   N     0.05  0.04  0.08  0.04  0.01  0.02  0.02  0.12  0.01  0.01  0.05  0.01  0.02  0.06  0.2   0.1   0.12  0.01  0.01  0.02  
388   R     0.07  0.09  0.03  0.02  0.0   0.06  0.02  0.13  0.01  0.06  0.06  0.06  0.04  0.12  0.02  0.04  0.06  0.0   0.01  0.07  
389   D     0.05  0.01  0.02  0.05  0.0   0.02  0.02  0.02  0.03  0.09  0.15  0.02  0.03  0.05  0.11  0.08  0.06  0.01  0.01  0.16  
390   V     0.04  0.13  0.04  0.02  0.01  0.04  0.02  0.07  0.03  0.04  0.04  0.02  0.03  0.06  0.02  0.07  0.12  0.01  0.04  0.16  
391   G     0.08  0.02  0.03  0.02  0.02  0.0   0.01  0.59  0.0   0.03  0.03  0.02  0.02  0.0   0.04  0.04  0.02  0.0   0.01  0.02  
392   I     0.03  0.01  0.01  0.02  0.01  0.01  0.01  0.0   0.02  0.14  0.21  0.02  0.05  0.12  0.16  0.02  0.02  0.0   0.02  0.12  
393   V     0.07  0.07  0.04  0.06  0.0   0.02  0.05  0.07  0.02  0.04  0.12  0.17  0.02  0.04  0.01  0.05  0.07  0.0   0.01  0.06  
394   D     0.08  0.12  0.06  0.05  0.01  0.03  0.06  0.05  0.04  0.06  0.05  0.12  0.01  0.01  0.03  0.16  0.05  0.0   0.01  0.01  
395   L     0.0   0.03  0.01  0.0   0.01  0.03  0.01  0.01  0.02  0.11  0.42  0.02  0.05  0.05  0.0   0.01  0.03  0.0   0.01  0.18  
396   P     0.0   0.0   0.02  0.01  0.0   0.01  0.01  0.0   0.01  0.01  0.03  0.02  0.01  0.0   0.86  0.0   0.0   0.0   0.0   0.01  
397   V     0.03  0.0   0.01  0.01  0.01  0.0   0.0   0.0   0.0   0.11  0.21  0.01  0.0   0.01  0.1   0.0   0.0   0.0   0.0   0.51  
398   I     0.12  0.07  0.0   0.02  0.0   0.01  0.01  0.0   0.01  0.09  0.02  0.17  0.01  0.02  0.04  0.05  0.21  0.0   0.0   0.15  
399   F     0.0   0.0   0.0   0.0   0.0   0.0   0.0   0.0   0.0   0.0   0.0   0.0   0.0   0.5   0.0   0.0   0.0   0.25  0.25  0.0   
