             A     R     N     D     C     Q     E     G     H     I     L     K     M     F     P     S     T     W     Y     V
1     T     0.0   0.0   0.0   0.0   0.0   0.0   0.0   0.0   0.0   0.0   0.0   0.0   0.0   0.0   0.0   0.28  0.72  0.0   0.0   0.0   
2     D     0.19  0.0   0.04  0.12  0.0   0.2   0.33  0.0   0.01  0.0   0.0   0.1   0.0   0.0   0.0   0.01  0.0   0.0   0.0   0.0   
3     Q     0.11  0.0   0.04  0.0   0.0   0.4   0.18  0.0   0.02  0.07  0.05  0.02  0.04  0.0   0.0   0.0   0.04  0.0   0.0   0.04  
4     L     0.0   0.0   0.0   0.0   0.0   0.0   0.0   0.0   0.0   0.14  0.79  0.0   0.04  0.0   0.0   0.0   0.01  0.0   0.0   0.02  
5     K     0.26  0.13  0.04  0.02  0.0   0.03  0.06  0.0   0.01  0.04  0.02  0.23  0.0   0.0   0.0   0.05  0.11  0.0   0.0   0.01  
6     K     0.03  0.0   0.03  0.14  0.0   0.13  0.44  0.01  0.0   0.02  0.02  0.13  0.0   0.0   0.0   0.03  0.02  0.0   0.0   0.0   
7     A     0.83  0.0   0.0   0.0   0.0   0.0   0.0   0.01  0.0   0.03  0.0   0.0   0.0   0.0   0.0   0.09  0.01  0.0   0.0   0.02  
8     K     0.0   0.36  0.0   0.04  0.0   0.0   0.01  0.01  0.04  0.0   0.0   0.54  0.0   0.0   0.0   0.0   0.0   0.0   0.0   0.0   
9     A     0.23  0.02  0.04  0.07  0.0   0.05  0.15  0.01  0.02  0.03  0.05  0.04  0.02  0.0   0.0   0.06  0.11  0.0   0.0   0.1   
10    E     0.03  0.02  0.03  0.08  0.0   0.23  0.37  0.0   0.01  0.0   0.01  0.19  0.0   0.0   0.0   0.0   0.03  0.0   0.0   0.0   
11    A     0.84  0.0   0.01  0.0   0.0   0.02  0.0   0.04  0.0   0.0   0.0   0.0   0.0   0.0   0.0   0.07  0.01  0.0   0.0   0.01  
12    Q     0.44  0.01  0.07  0.05  0.0   0.18  0.04  0.02  0.01  0.0   0.0   0.0   0.0   0.0   0.0   0.12  0.06  0.0   0.0   0.0   
13    V     0.05  0.17  0.02  0.05  0.0   0.14  0.33  0.01  0.01  0.0   0.0   0.14  0.0   0.02  0.0   0.03  0.01  0.0   0.0   0.02  
14    I     0.0   0.07  0.0   0.0   0.0   0.0   0.0   0.0   0.0   0.76  0.07  0.0   0.01  0.01  0.0   0.0   0.0   0.0   0.0   0.08  
15    I     0.01  0.17  0.0   0.0   0.0   0.0   0.0   0.0   0.0   0.59  0.09  0.0   0.0   0.0   0.0   0.0   0.0   0.0   0.0   0.13  
16    E     0.15  0.06  0.08  0.23  0.0   0.03  0.34  0.0   0.0   0.01  0.0   0.06  0.0   0.0   0.0   0.03  0.01  0.0   0.0   0.0   
17    Q     0.01  0.02  0.09  0.14  0.0   0.39  0.24  0.0   0.0   0.0   0.04  0.01  0.0   0.0   0.0   0.05  0.0   0.0   0.02  0.0   
18    A     0.92  0.0   0.0   0.0   0.0   0.0   0.0   0.07  0.0   0.0   0.0   0.0   0.0   0.0   0.0   0.02  0.0   0.0   0.0   0.0   
19    N     0.0   0.19  0.3   0.01  0.0   0.03  0.14  0.0   0.05  0.02  0.0   0.13  0.0   0.0   0.0   0.0   0.04  0.0   0.04  0.05  
20    K     0.12  0.07  0.0   0.02  0.0   0.06  0.15  0.0   0.0   0.0   0.0   0.47  0.0   0.0   0.0   0.04  0.04  0.0   0.0   0.03  
21    R     0.0   0.49  0.01  0.1   0.03  0.13  0.08  0.0   0.01  0.0   0.0   0.02  0.0   0.01  0.0   0.01  0.04  0.0   0.04  0.01  
22    R     0.48  0.09  0.0   0.0   0.0   0.02  0.02  0.22  0.0   0.0   0.0   0.16  0.0   0.0   0.0   0.02  0.0   0.0   0.0   0.0   
23    S     0.18  0.03  0.15  0.04  0.0   0.08  0.15  0.01  0.03  0.01  0.04  0.03  0.03  0.0   0.0   0.13  0.03  0.0   0.0   0.05  
24    Q     0.06  0.04  0.03  0.02  0.0   0.38  0.12  0.02  0.02  0.02  0.01  0.21  0.01  0.0   0.0   0.03  0.0   0.0   0.0   0.02  
25    I     0.0   0.0   0.0   0.0   0.0   0.0   0.0   0.0   0.0   0.67  0.13  0.0   0.1   0.0   0.0   0.0   0.02  0.0   0.0   0.08  
26    L     0.08  0.07  0.0   0.02  0.0   0.0   0.02  0.0   0.0   0.23  0.21  0.03  0.0   0.0   0.0   0.01  0.0   0.0   0.02  0.32  
27    D     0.17  0.02  0.01  0.16  0.0   0.04  0.47  0.0   0.02  0.01  0.0   0.08  0.0   0.0   0.0   0.01  0.0   0.0   0.0   0.01  
28    E     0.05  0.0   0.0   0.21  0.0   0.11  0.59  0.0   0.0   0.0   0.0   0.0   0.0   0.0   0.0   0.01  0.03  0.0   0.0   0.0   
29    A     0.6   0.0   0.0   0.0   0.0   0.0   0.02  0.0   0.0   0.13  0.1   0.0   0.08  0.01  0.0   0.01  0.0   0.0   0.0   0.05  
30    K     0.03  0.18  0.0   0.0   0.0   0.05  0.01  0.0   0.0   0.0   0.03  0.56  0.0   0.0   0.0   0.0   0.09  0.0   0.02  0.02  
31    A     0.27  0.0   0.08  0.07  0.0   0.06  0.25  0.02  0.01  0.01  0.04  0.02  0.0   0.0   0.0   0.06  0.06  0.0   0.01  0.03  
32    E     0.07  0.05  0.06  0.02  0.0   0.23  0.24  0.01  0.0   0.04  0.03  0.21  0.0   0.0   0.0   0.01  0.02  0.0   0.0   0.01  
33    A     0.96  0.0   0.0   0.0   0.0   0.0   0.0   0.03  0.0   0.0   0.0   0.0   0.0   0.0   0.0   0.0   0.0   0.0   0.0   0.01  
34    E     0.02  0.12  0.05  0.08  0.0   0.21  0.16  0.0   0.07  0.06  0.07  0.05  0.0   0.0   0.0   0.01  0.07  0.0   0.02  0.01  
35    Q     0.23  0.05  0.01  0.01  0.0   0.11  0.2   0.0   0.0   0.05  0.02  0.07  0.01  0.01  0.0   0.07  0.06  0.0   0.0   0.11  
36    E     0.02  0.0   0.0   0.05  0.0   0.01  0.86  0.0   0.0   0.0   0.03  0.0   0.0   0.0   0.0   0.01  0.02  0.0   0.0   0.0   
37    R     0.34  0.17  0.0   0.0   0.0   0.01  0.0   0.17  0.0   0.01  0.0   0.06  0.0   0.0   0.0   0.17  0.01  0.0   0.0   0.04  
38    T     0.19  0.01  0.09  0.15  0.0   0.12  0.26  0.03  0.0   0.0   0.02  0.07  0.0   0.0   0.0   0.04  0.02  0.0   0.0   0.0   
39    K     0.03  0.46  0.01  0.01  0.0   0.01  0.03  0.0   0.01  0.01  0.0   0.38  0.0   0.0   0.0   0.02  0.03  0.0   0.0   0.0   
40    I     0.0   0.0   0.0   0.0   0.0   0.05  0.01  0.0   0.0   0.68  0.08  0.0   0.07  0.0   0.0   0.02  0.02  0.0   0.0   0.07  
41    V     0.03  0.06  0.0   0.0   0.0   0.01  0.0   0.0   0.0   0.35  0.18  0.18  0.0   0.02  0.0   0.0   0.07  0.0   0.0   0.1   
42    A     0.44  0.0   0.01  0.02  0.0   0.06  0.17  0.01  0.0   0.0   0.06  0.03  0.01  0.0   0.0   0.08  0.03  0.0   0.0   0.06  
43    Q     0.16  0.06  0.03  0.0   0.0   0.42  0.03  0.05  0.02  0.0   0.07  0.02  0.02  0.0   0.0   0.12  0.0   0.0   0.0   0.0   
44    A     0.67  0.0   0.02  0.0   0.0   0.0   0.0   0.26  0.0   0.0   0.0   0.0   0.0   0.0   0.0   0.01  0.03  0.0   0.0   0.0   
45    Q     0.05  0.1   0.03  0.01  0.0   0.27  0.03  0.0   0.14  0.01  0.01  0.3   0.01  0.0   0.0   0.01  0.02  0.0   0.02  0.0   
46    A     0.45  0.07  0.02  0.03  0.0   0.01  0.15  0.01  0.0   0.02  0.04  0.07  0.0   0.0   0.0   0.05  0.03  0.0   0.0   0.05  
47    E     0.03  0.0   0.01  0.04  0.0   0.31  0.56  0.0   0.0   0.02  0.0   0.0   0.0   0.0   0.0   0.02  0.02  0.0   0.0   0.0   
48    I     0.09  0.0   0.0   0.0   0.0   0.0   0.0   0.0   0.0   0.62  0.14  0.0   0.0   0.0   0.0   0.0   0.0   0.0   0.0   0.15  
49    E     0.04  0.0   0.03  0.2   0.0   0.06  0.55  0.0   0.0   0.01  0.01  0.02  0.03  0.0   0.0   0.0   0.02  0.0   0.0   0.03  
50    A     0.29  0.03  0.01  0.0   0.0   0.39  0.0   0.0   0.01  0.03  0.09  0.0   0.0   0.0   0.0   0.08  0.03  0.0   0.01  0.01  
51    E     0.04  0.0   0.01  0.07  0.0   0.16  0.65  0.0   0.0   0.01  0.02  0.02  0.0   0.0   0.0   0.01  0.0   0.0   0.0   0.0   
52    R     0.04  0.47  0.0   0.0   0.0   0.01  0.0   0.0   0.01  0.08  0.06  0.12  0.01  0.0   0.0   0.01  0.06  0.0   0.03  0.11  
53    K     0.07  0.08  0.21  0.06  0.0   0.11  0.05  0.0   0.01  0.03  0.0   0.15  0.03  0.03  0.0   0.03  0.04  0.0   0.0   0.08  
54    R     0.08  0.42  0.01  0.0   0.01  0.23  0.0   0.01  0.03  0.01  0.0   0.1   0.0   0.0   0.0   0.08  0.02  0.0   0.0   0.0   
55    A     0.63  0.0   0.0   0.0   0.0   0.0   0.0   0.0   0.0   0.06  0.05  0.0   0.0   0.0   0.0   0.0   0.01  0.0   0.0   0.25  
56    R     0.01  0.37  0.0   0.0   0.0   0.05  0.02  0.0   0.0   0.08  0.11  0.17  0.0   0.0   0.0   0.0   0.05  0.0   0.01  0.11  
57    E     0.04  0.07  0.04  0.15  0.0   0.02  0.44  0.0   0.0   0.0   0.02  0.05  0.0   0.0   0.0   0.05  0.04  0.0   0.02  0.05  
58    E     0.07  0.0   0.04  0.09  0.0   0.09  0.43  0.01  0.0   0.0   0.0   0.02  0.0   0.0   0.0   0.14  0.04  0.0   0.0   0.06  
59    L     0.02  0.0   0.0   0.0   0.0   0.0   0.0   0.0   0.0   0.02  0.94  0.0   0.0   0.0   0.0   0.0   0.0   0.0   0.0   0.02  
60    R     0.0   0.85  0.0   0.0   0.0   0.0   0.0   0.0   0.04  0.0   0.01  0.1   0.0   0.0   0.0   0.0   0.0   0.0   0.0   0.0   
61    K     0.0   0.13  0.0   0.0   0.0   0.23  0.1   0.0   0.0   0.0   0.0   0.54  0.0   0.0   0.0   0.0   0.0   0.0   0.0   0.0   
