             A     R     N     D     C     Q     E     G     H     I     L     K     M     F     P     S     T     W     Y     V
1     M     0.0   0.0   0.0   0.0   0.0   0.0   0.0   0.0   0.0   0.0   0.0   0.0   0.47  0.0   0.0   0.0   0.0   0.0   0.0   0.53  
2     F     0.0   0.0   0.0   0.0   0.0   0.0   0.0   0.0   0.0   0.0   0.54  0.0   0.08  0.38  0.0   0.0   0.0   0.0   0.0   0.0   
3     Q     0.22  0.0   0.04  0.23  0.0   0.11  0.19  0.04  0.0   0.0   0.0   0.14  0.0   0.0   0.0   0.02  0.0   0.0   0.0   0.0   
4     Q     0.16  0.0   0.14  0.23  0.0   0.09  0.04  0.04  0.0   0.0   0.02  0.11  0.0   0.02  0.0   0.1   0.05  0.0   0.0   0.0   
5     L     0.0   0.0   0.0   0.0   0.0   0.0   0.0   0.0   0.0   0.0   0.92  0.0   0.02  0.03  0.0   0.0   0.0   0.0   0.0   0.02  
6     S     0.06  0.0   0.0   0.0   0.0   0.0   0.0   0.48  0.0   0.02  0.03  0.0   0.0   0.0   0.0   0.25  0.17  0.0   0.0   0.0   
7     A     0.04  0.08  0.05  0.21  0.0   0.07  0.18  0.11  0.0   0.0   0.0   0.09  0.0   0.0   0.0   0.15  0.03  0.0   0.0   0.0   
8     R     0.03  0.35  0.1   0.02  0.0   0.02  0.0   0.12  0.0   0.03  0.01  0.04  0.0   0.0   0.0   0.24  0.0   0.0   0.0   0.03  
9     L     0.0   0.0   0.0   0.0   0.0   0.0   0.0   0.0   0.0   0.23  0.57  0.0   0.02  0.14  0.0   0.0   0.0   0.0   0.0   0.04  
10    Q     0.02  0.22  0.11  0.0   0.0   0.08  0.05  0.02  0.0   0.0   0.01  0.11  0.05  0.0   0.0   0.18  0.12  0.0   0.0   0.02  
11    E     0.05  0.17  0.08  0.12  0.0   0.05  0.08  0.12  0.01  0.0   0.0   0.17  0.0   0.0   0.0   0.11  0.04  0.0   0.0   0.0   
12    A     0.62  0.0   0.0   0.0   0.0   0.0   0.0   0.0   0.0   0.05  0.06  0.0   0.0   0.0   0.0   0.09  0.14  0.0   0.0   0.04  
13    I     0.05  0.0   0.0   0.0   0.0   0.0   0.0   0.0   0.0   0.15  0.46  0.0   0.07  0.06  0.0   0.0   0.01  0.05  0.0   0.16  
14    G     0.09  0.22  0.11  0.09  0.0   0.1   0.09  0.04  0.0   0.0   0.02  0.14  0.0   0.0   0.0   0.09  0.01  0.0   0.0   0.0   
15    R     0.0   0.04  0.08  0.04  0.0   0.05  0.0   0.03  0.0   0.0   0.0   0.63  0.0   0.03  0.02  0.05  0.01  0.0   0.0   0.0   
16    L     0.06  0.0   0.02  0.0   0.0   0.0   0.0   0.0   0.0   0.29  0.37  0.03  0.1   0.1   0.0   0.0   0.0   0.0   0.0   0.02  
17    R     0.1   0.25  0.05  0.0   0.0   0.02  0.02  0.0   0.0   0.08  0.11  0.05  0.02  0.0   0.0   0.12  0.12  0.0   0.0   0.05  
18    G     0.01  0.06  0.2   0.01  0.0   0.02  0.02  0.4   0.0   0.0   0.0   0.07  0.0   0.05  0.0   0.13  0.02  0.0   0.0   0.0   
19    R     0.19  0.06  0.05  0.0   0.0   0.08  0.02  0.09  0.0   0.01  0.0   0.19  0.02  0.0   0.0   0.17  0.02  0.0   0.0   0.09  
20    G     0.03  0.03  0.03  0.1   0.0   0.03  0.03  0.22  0.0   0.0   0.0   0.01  0.0   0.0   0.0   0.25  0.24  0.0   0.0   0.03  
21    R     0.01  0.18  0.03  0.03  0.0   0.03  0.0   0.05  0.0   0.13  0.02  0.09  0.0   0.03  0.0   0.06  0.11  0.0   0.09  0.15  
22    I     0.01  0.0   0.0   0.04  0.0   0.0   0.01  0.01  0.0   0.41  0.23  0.0   0.0   0.0   0.03  0.03  0.0   0.0   0.02  0.18  
23    T     0.0   0.0   0.09  0.48  0.0   0.0   0.03  0.0   0.0   0.0   0.0   0.0   0.0   0.0   0.0   0.11  0.19  0.0   0.08  0.0   
24    E     0.0   0.01  0.0   0.06  0.0   0.0   0.77  0.0   0.0   0.0   0.0   0.14  0.0   0.0   0.0   0.0   0.03  0.0   0.0   0.0   
25    E     0.17  0.02  0.04  0.12  0.0   0.01  0.24  0.0   0.0   0.0   0.0   0.29  0.0   0.0   0.0   0.06  0.04  0.0   0.0   0.01  
26    D     0.16  0.0   0.14  0.19  0.0   0.05  0.02  0.0   0.0   0.02  0.07  0.0   0.0   0.02  0.0   0.03  0.15  0.0   0.0   0.14  
27    L     0.0   0.0   0.0   0.0   0.0   0.0   0.0   0.0   0.0   0.31  0.29  0.0   0.0   0.02  0.0   0.0   0.0   0.0   0.0   0.38  
28    K     0.02  0.03  0.16  0.24  0.0   0.14  0.14  0.01  0.0   0.0   0.0   0.24  0.0   0.0   0.0   0.0   0.01  0.0   0.0   0.0   
29    A     0.14  0.05  0.0   0.16  0.0   0.06  0.49  0.0   0.0   0.0   0.02  0.01  0.0   0.0   0.0   0.0   0.05  0.0   0.0   0.03  
30    T     0.12  0.0   0.0   0.0   0.06  0.0   0.0   0.0   0.0   0.09  0.12  0.0   0.13  0.11  0.05  0.0   0.14  0.0   0.0   0.17  
31    L     0.01  0.0   0.0   0.0   0.0   0.0   0.0   0.0   0.0   0.18  0.46  0.0   0.05  0.0   0.0   0.07  0.05  0.0   0.0   0.18  
32    R     0.0   0.33  0.08  0.05  0.0   0.01  0.0   0.0   0.0   0.0   0.0   0.5   0.0   0.0   0.0   0.0   0.0   0.03  0.0   0.0   
33    E     0.0   0.0   0.02  0.3   0.0   0.0   0.66  0.03  0.0   0.0   0.0   0.0   0.0   0.0   0.0   0.0   0.0   0.0   0.0   0.0   
34    I     0.0   0.0   0.0   0.0   0.0   0.0   0.0   0.0   0.0   0.64  0.21  0.0   0.0   0.0   0.0   0.0   0.0   0.0   0.0   0.16  
35    R     0.02  0.28  0.0   0.0   0.1   0.39  0.05  0.02  0.0   0.0   0.0   0.05  0.0   0.0   0.0   0.01  0.04  0.0   0.0   0.03  
36    R     0.02  0.45  0.02  0.0   0.0   0.0   0.0   0.0   0.0   0.07  0.08  0.14  0.05  0.0   0.0   0.04  0.1   0.0   0.0   0.03  
37    A     0.72  0.0   0.0   0.0   0.0   0.0   0.02  0.0   0.0   0.04  0.0   0.0   0.0   0.0   0.0   0.14  0.08  0.0   0.0   0.0   
38    L     0.0   0.0   0.0   0.0   0.0   0.0   0.0   0.0   0.0   0.0   0.98  0.0   0.02  0.0   0.0   0.0   0.0   0.0   0.0   0.0   
39    M     0.0   0.0   0.0   0.0   0.0   0.0   0.0   0.0   0.0   0.2   0.73  0.0   0.04  0.01  0.0   0.02  0.0   0.0   0.0   0.0   
40    D     0.01  0.0   0.0   0.05  0.0   0.26  0.33  0.02  0.0   0.0   0.0   0.22  0.0   0.0   0.0   0.11  0.0   0.0   0.0   0.0   
41    A     0.6   0.0   0.05  0.0   0.0   0.0   0.02  0.0   0.0   0.0   0.0   0.0   0.0   0.0   0.0   0.3   0.02  0.0   0.0   0.0   
42    D     0.0   0.0   0.0   1.0   0.0   0.0   0.0   0.0   0.0   0.0   0.0   0.0   0.0   0.0   0.0   0.0   0.0   0.0   0.0   0.0   
43    V     0.0   0.0   0.0   0.0   0.0   0.0   0.0   0.0   0.0   0.0   0.0   0.0   0.0   0.0   0.0   0.0   0.0   0.0   0.0   1.0   
44    N     0.09  0.02  0.52  0.07  0.0   0.03  0.04  0.0   0.05  0.0   0.0   0.0   0.0   0.0   0.06  0.1   0.01  0.0   0.0   0.0   
45    L     0.0   0.0   0.0   0.0   0.0   0.0   0.0   0.0   0.05  0.09  0.28  0.0   0.05  0.09  0.02  0.0   0.0   0.0   0.01  0.39  
46    E     0.04  0.1   0.0   0.07  0.0   0.07  0.05  0.04  0.0   0.02  0.03  0.37  0.0   0.0   0.15  0.07  0.0   0.0   0.0   0.0   
47    V     0.02  0.0   0.0   0.0   0.0   0.01  0.0   0.0   0.0   0.0   0.51  0.0   0.04  0.02  0.0   0.0   0.05  0.0   0.0   0.35  
48    A     0.14  0.0   0.0   0.0   0.0   0.0   0.0   0.0   0.0   0.1   0.0   0.0   0.0   0.0   0.0   0.0   0.0   0.0   0.0   0.76  
49    R     0.02  0.18  0.0   0.0   0.02  0.04  0.05  0.02  0.0   0.02  0.11  0.3   0.1   0.08  0.0   0.05  0.0   0.0   0.0   0.0   
50    D     0.05  0.02  0.12  0.16  0.0   0.11  0.26  0.04  0.0   0.0   0.0   0.13  0.0   0.0   0.0   0.07  0.03  0.0   0.0   0.0   
51    F     0.0   0.0   0.0   0.0   0.0   0.0   0.0   0.0   0.0   0.08  0.44  0.0   0.14  0.31  0.0   0.0   0.0   0.0   0.0   0.02  
52    V     0.0   0.15  0.0   0.0   0.0   0.07  0.0   0.0   0.0   0.2   0.09  0.0   0.0   0.0   0.0   0.18  0.22  0.0   0.0   0.1   
53    E     0.08  0.02  0.12  0.08  0.0   0.09  0.12  0.02  0.02  0.0   0.0   0.33  0.0   0.0   0.01  0.06  0.05  0.0   0.0   0.0   
54    R     0.06  0.16  0.3   0.01  0.0   0.03  0.1   0.0   0.01  0.0   0.0   0.17  0.0   0.0   0.0   0.12  0.05  0.0   0.0   0.0   
55    V     0.06  0.0   0.0   0.0   0.0   0.0   0.0   0.0   0.0   0.62  0.0   0.0   0.03  0.0   0.0   0.0   0.0   0.0   0.0   0.29  
56    R     0.0   0.23  0.0   0.0   0.0   0.05  0.17  0.0   0.0   0.0   0.0   0.43  0.0   0.0   0.0   0.04  0.01  0.0   0.0   0.06  
57    E     0.03  0.07  0.05  0.08  0.0   0.07  0.29  0.0   0.0   0.0   0.0   0.29  0.0   0.0   0.0   0.11  0.02  0.0   0.0   0.0   
58    E     0.03  0.42  0.0   0.0   0.0   0.11  0.02  0.0   0.0   0.06  0.0   0.28  0.0   0.0   0.0   0.05  0.02  0.0   0.0   0.0   
59    A     0.46  0.0   0.0   0.0   0.0   0.0   0.0   0.0   0.0   0.17  0.1   0.0   0.01  0.0   0.0   0.03  0.09  0.0   0.0   0.13  
60    L     0.0   0.06  0.15  0.05  0.0   0.0   0.02  0.0   0.0   0.09  0.38  0.1   0.01  0.0   0.0   0.0   0.02  0.0   0.0   0.12  
61    G     0.0   0.0   0.04  0.03  0.0   0.0   0.21  0.32  0.0   0.0   0.14  0.1   0.0   0.04  0.0   0.06  0.02  0.0   0.01  0.02  
62    K     0.04  0.0   0.04  0.04  0.0   0.08  0.58  0.02  0.05  0.0   0.0   0.05  0.02  0.0   0.0   0.04  0.03  0.0   0.0   0.0   
63    Q     0.06  0.0   0.05  0.14  0.0   0.08  0.29  0.05  0.0   0.0   0.0   0.17  0.0   0.0   0.0   0.03  0.11  0.0   0.02  0.0   
64    V     0.01  0.06  0.0   0.0   0.0   0.0   0.0   0.0   0.0   0.11  0.13  0.0   0.05  0.0   0.33  0.0   0.03  0.0   0.0   0.26  
65    L     0.11  0.0   0.06  0.0   0.0   0.0   0.03  0.05  0.0   0.09  0.03  0.06  0.01  0.0   0.46  0.09  0.0   0.0   0.0   0.0   
66    E     0.32  0.02  0.02  0.03  0.0   0.05  0.07  0.03  0.0   0.0   0.0   0.23  0.0   0.0   0.11  0.08  0.03  0.0   0.0   0.01  
67    S     0.1   0.0   0.03  0.0   0.0   0.0   0.0   0.64  0.0   0.0   0.0   0.03  0.0   0.0   0.0   0.13  0.01  0.0   0.01  0.04  
68    L     0.04  0.0   0.0   0.0   0.0   0.03  0.03  0.03  0.05  0.2   0.28  0.0   0.09  0.0   0.0   0.03  0.09  0.0   0.0   0.12  
69    T     0.03  0.02  0.27  0.07  0.0   0.0   0.06  0.0   0.0   0.03  0.0   0.02  0.0   0.0   0.07  0.25  0.18  0.0   0.0   0.0   
70    P     0.09  0.09  0.0   0.0   0.0   0.0   0.0   0.05  0.03  0.0   0.03  0.27  0.0   0.0   0.35  0.02  0.06  0.0   0.0   0.0   
71    A     0.06  0.42  0.0   0.03  0.0   0.06  0.0   0.15  0.02  0.0   0.0   0.22  0.0   0.0   0.0   0.01  0.0   0.0   0.0   0.0   
72    E     0.0   0.12  0.0   0.11  0.0   0.3   0.32  0.0   0.0   0.0   0.01  0.15  0.0   0.0   0.0   0.0   0.0   0.0   0.0   0.0   
73    V     0.0   0.0   0.0   0.0   0.0   0.19  0.06  0.0   0.18  0.14  0.1   0.02  0.05  0.01  0.0   0.02  0.0   0.12  0.09  0.03  
74    I     0.0   0.0   0.0   0.0   0.0   0.0   0.0   0.0   0.0   0.36  0.15  0.0   0.06  0.2   0.0   0.0   0.0   0.0   0.0   0.23  
75    L     0.0   0.0   0.0   0.0   0.0   0.15  0.06  0.0   0.0   0.35  0.24  0.04  0.01  0.0   0.0   0.03  0.0   0.0   0.0   0.13  
76    A     0.02  0.1   0.02  0.08  0.0   0.08  0.03  0.0   0.01  0.0   0.0   0.52  0.0   0.0   0.0   0.04  0.05  0.0   0.06  0.0   
77    T     0.2   0.0   0.0   0.0   0.0   0.0   0.0   0.0   0.0   0.54  0.02  0.0   0.0   0.0   0.0   0.06  0.08  0.0   0.0   0.11  
78    V     0.0   0.0   0.0   0.0   0.0   0.0   0.0   0.0   0.0   0.16  0.16  0.0   0.0   0.0   0.0   0.0   0.02  0.0   0.0   0.67  
79    Y     0.0   0.01  0.04  0.0   0.0   0.02  0.05  0.02  0.11  0.0   0.0   0.07  0.0   0.22  0.0   0.0   0.0   0.0   0.46  0.0   
80    E     0.0   0.01  0.05  0.3   0.0   0.06  0.38  0.0   0.01  0.0   0.0   0.11  0.0   0.0   0.0   0.02  0.05  0.0   0.0   0.0   
81    A     0.05  0.0   0.0   0.0   0.0   0.0   0.9   0.0   0.0   0.0   0.0   0.0   0.0   0.0   0.0   0.05  0.0   0.0   0.0   0.0   
82    L     0.0   0.0   0.0   0.0   0.0   0.0   0.0   0.0   0.0   0.0   0.93  0.0   0.07  0.0   0.0   0.0   0.0   0.0   0.0   0.0   
83    K     0.0   0.0   0.0   0.0   0.16  0.0   0.01  0.0   0.0   0.17  0.1   0.02  0.01  0.0   0.0   0.07  0.07  0.0   0.03  0.36  
84    E     0.06  0.06  0.21  0.04  0.0   0.01  0.15  0.03  0.0   0.0   0.02  0.35  0.0   0.01  0.0   0.05  0.0   0.0   0.0   0.0   
85    A     0.05  0.0   0.0   0.0   0.0   0.0   0.0   0.01  0.0   0.24  0.51  0.0   0.07  0.04  0.0   0.01  0.0   0.0   0.0   0.06  
86    L     0.0   0.0   0.0   0.0   0.0   0.0   0.0   0.0   0.0   0.07  0.49  0.0   0.12  0.1   0.0   0.0   0.0   0.0   0.0   0.22  
87    G     0.0   0.0   0.0   0.0   0.0   0.0   0.0   1.0   0.0   0.0   0.0   0.0   0.0   0.0   0.0   0.0   0.0   0.0   0.0   0.0   
88    G     0.0   0.0   0.0   0.0   0.0   0.0   0.0   1.0   0.0   0.0   0.0   0.0   0.0   0.0   0.0   0.0   0.0   0.0   0.0   0.0   
