             A     R     N     D     C     Q     E     G     H     I     L     K     M     F     P     S     T     W     Y     V
1     S     0.0   0.0   0.0   0.0   0.0   0.0   0.0   0.0   0.0   0.0   0.0   0.0   0.0   0.0   0.0   1.0   0.0   0.0   0.0   0.0   
2     S     0.0   0.0   0.0   0.0   0.0   0.0   0.0   0.0   0.0   0.0   0.0   0.0   0.0   0.0   0.0   0.53  0.47  0.0   0.0   0.0   
3     A     1.0   0.0   0.0   0.0   0.0   0.0   0.0   0.0   0.0   0.0   0.0   0.0   0.0   0.0   0.0   0.0   0.0   0.0   0.0   0.0   
4     I     0.26  0.0   0.0   0.0   0.0   0.0   0.0   0.0   0.0   0.53  0.0   0.0   0.0   0.0   0.0   0.0   0.0   0.0   0.0   0.21  
5     T     0.0   0.0   0.0   0.0   0.0   0.0   0.0   0.0   0.0   0.0   0.63  0.0   0.0   0.0   0.2   0.0   0.18  0.0   0.0   0.0   
6     K     0.0   0.18  0.0   0.0   0.0   0.0   0.0   0.0   0.13  0.2   0.0   0.18  0.0   0.0   0.14  0.0   0.0   0.0   0.19  0.0   
7     M     0.0   0.12  0.0   0.0   0.0   0.5   0.0   0.0   0.0   0.0   0.0   0.0   0.24  0.0   0.0   0.0   0.0   0.0   0.0   0.14  
8     S     0.0   0.0   0.0   0.0   0.0   0.0   0.0   0.14  0.0   0.12  0.08  0.0   0.21  0.0   0.0   0.24  0.2   0.0   0.0   0.0   
9     S     0.0   0.0   0.0   0.0   0.0   0.13  0.0   0.0   0.0   0.0   0.0   0.0   0.0   0.0   0.78  0.09  0.0   0.0   0.0   0.0   
10    L     0.0   0.0   0.1   0.0   0.0   0.12  0.0   0.0   0.0   0.24  0.23  0.0   0.0   0.1   0.0   0.0   0.0   0.0   0.0   0.2   
11    F     0.0   0.0   0.0   0.0   0.0   0.39  0.0   0.0   0.23  0.0   0.0   0.09  0.0   0.2   0.0   0.0   0.0   0.0   0.09  0.0   
12    V     0.2   0.0   0.0   0.0   0.0   0.12  0.0   0.0   0.0   0.0   0.41  0.0   0.0   0.0   0.0   0.0   0.0   0.0   0.0   0.28  
13    T     0.0   0.0   0.0   0.15  0.0   0.0   0.0   0.0   0.0   0.17  0.17  0.0   0.12  0.09  0.0   0.09  0.21  0.0   0.0   0.0   
14    K     0.0   0.04  0.0   0.0   0.0   0.06  0.07  0.0   0.0   0.0   0.0   0.75  0.0   0.0   0.0   0.0   0.08  0.0   0.0   0.0   
15    G     0.0   0.0   0.0   0.06  0.07  0.0   0.0   0.16  0.0   0.24  0.0   0.05  0.0   0.0   0.0   0.17  0.15  0.0   0.0   0.1   
16    K     0.0   0.09  0.0   0.0   0.0   0.05  0.17  0.0   0.0   0.0   0.0   0.36  0.0   0.0   0.05  0.1   0.13  0.0   0.0   0.04  
17    N     0.0   0.0   0.35  0.11  0.0   0.1   0.0   0.0   0.0   0.04  0.04  0.0   0.0   0.0   0.06  0.31  0.0   0.0   0.0   0.0   
18    L     0.1   0.0   0.0   0.0   0.0   0.0   0.0   0.0   0.0   0.09  0.43  0.07  0.0   0.0   0.15  0.03  0.0   0.0   0.0   0.12  
19    E     0.23  0.06  0.05  0.04  0.0   0.0   0.19  0.0   0.0   0.03  0.04  0.0   0.0   0.0   0.13  0.06  0.06  0.0   0.0   0.11  
20    S     0.15  0.07  0.0   0.05  0.0   0.14  0.2   0.0   0.0   0.0   0.03  0.13  0.0   0.0   0.05  0.11  0.06  0.0   0.0   0.0   
21    E     0.05  0.03  0.0   0.0   0.0   0.4   0.19  0.0   0.11  0.0   0.0   0.13  0.04  0.0   0.0   0.0   0.04  0.0   0.0   0.0   
22    I     0.14  0.0   0.0   0.0   0.0   0.0   0.0   0.0   0.0   0.5   0.18  0.02  0.03  0.0   0.0   0.0   0.0   0.1   0.0   0.03  
23    H     0.08  0.0   0.03  0.1   0.0   0.08  0.09  0.0   0.07  0.0   0.04  0.16  0.0   0.04  0.0   0.06  0.04  0.0   0.0   0.21  
24    T     0.13  0.03  0.05  0.03  0.0   0.08  0.32  0.0   0.0   0.0   0.0   0.09  0.0   0.0   0.0   0.17  0.08  0.0   0.0   0.0   
25    V     0.04  0.03  0.0   0.07  0.0   0.02  0.15  0.0   0.0   0.21  0.11  0.0   0.03  0.0   0.0   0.08  0.03  0.0   0.0   0.23  
26    L     0.04  0.09  0.0   0.0   0.0   0.0   0.0   0.0   0.0   0.2   0.47  0.0   0.08  0.06  0.0   0.03  0.0   0.0   0.0   0.03  
27    K     0.07  0.02  0.09  0.0   0.0   0.22  0.0   0.0   0.04  0.0   0.0   0.41  0.05  0.0   0.0   0.1   0.0   0.0   0.0   0.0   
28    H     0.04  0.0   0.08  0.08  0.0   0.12  0.21  0.0   0.23  0.0   0.04  0.04  0.0   0.0   0.0   0.03  0.12  0.0   0.0   0.0   
29    L     0.04  0.0   0.0   0.03  0.0   0.04  0.0   0.0   0.0   0.15  0.48  0.0   0.03  0.0   0.1   0.0   0.04  0.0   0.05  0.0   
30    V     0.1   0.0   0.0   0.04  0.04  0.16  0.13  0.01  0.0   0.05  0.07  0.0   0.0   0.03  0.0   0.03  0.03  0.02  0.0   0.27  
31    E     0.01  0.05  0.0   0.12  0.0   0.12  0.27  0.01  0.0   0.0   0.04  0.12  0.0   0.0   0.07  0.07  0.08  0.0   0.04  0.0   
32    N     0.04  0.0   0.15  0.08  0.0   0.08  0.08  0.03  0.02  0.07  0.12  0.09  0.03  0.0   0.0   0.1   0.03  0.0   0.05  0.0   
33    N     0.0   0.0   0.23  0.0   0.0   0.0   0.06  0.0   0.0   0.11  0.01  0.09  0.0   0.0   0.12  0.07  0.28  0.0   0.0   0.0   
34    Q     0.04  0.03  0.07  0.0   0.0   0.19  0.12  0.05  0.0   0.03  0.11  0.17  0.03  0.0   0.0   0.03  0.05  0.0   0.03  0.05  
35    L     0.03  0.07  0.08  0.2   0.0   0.11  0.14  0.03  0.0   0.04  0.13  0.05  0.0   0.0   0.0   0.1   0.0   0.0   0.0   0.0   
36    S     0.01  0.01  0.03  0.11  0.0   0.06  0.07  0.04  0.07  0.01  0.06  0.01  0.04  0.01  0.07  0.17  0.17  0.0   0.07  0.01  
37    V     0.09  0.01  0.04  0.01  0.0   0.01  0.01  0.04  0.0   0.15  0.11  0.01  0.0   0.03  0.07  0.03  0.04  0.0   0.0   0.36  
38    H     0.04  0.02  0.0   0.0   0.0   0.05  0.12  0.0   0.24  0.0   0.0   0.23  0.0   0.0   0.03  0.17  0.04  0.0   0.06  0.0   
39    E     0.13  0.0   0.06  0.03  0.0   0.02  0.33  0.0   0.0   0.0   0.04  0.1   0.0   0.0   0.05  0.12  0.03  0.0   0.0   0.07  
40    D     0.03  0.0   0.17  0.32  0.0   0.09  0.21  0.01  0.11  0.0   0.01  0.01  0.0   0.0   0.0   0.01  0.01  0.0   0.0   0.01  
41    A     0.43  0.0   0.11  0.0   0.0   0.0   0.0   0.0   0.0   0.06  0.0   0.0   0.0   0.04  0.0   0.03  0.24  0.0   0.05  0.03  
42    P     0.17  0.0   0.0   0.0   0.0   0.0   0.0   0.05  0.0   0.03  0.19  0.0   0.06  0.0   0.29  0.07  0.0   0.0   0.0   0.12  
43    A     0.22  0.05  0.0   0.03  0.0   0.11  0.15  0.0   0.05  0.0   0.08  0.04  0.0   0.0   0.0   0.22  0.0   0.0   0.03  0.0   
44    K     0.0   0.15  0.0   0.0   0.0   0.0   0.0   0.0   0.03  0.0   0.07  0.59  0.0   0.0   0.0   0.09  0.05  0.0   0.0   0.0   
45    F     0.03  0.0   0.0   0.0   0.0   0.0   0.0   0.0   0.0   0.09  0.04  0.0   0.0   0.65  0.0   0.0   0.0   0.0   0.09  0.08  
46    L     0.15  0.04  0.12  0.0   0.0   0.0   0.0   0.05  0.03  0.05  0.33  0.0   0.07  0.0   0.0   0.03  0.05  0.0   0.0   0.07  
47    R     0.09  0.21  0.03  0.0   0.0   0.1   0.12  0.0   0.0   0.21  0.0   0.16  0.03  0.0   0.0   0.0   0.06  0.0   0.0   0.0   
48    L     0.08  0.0   0.0   0.0   0.0   0.0   0.0   0.0   0.0   0.03  0.65  0.0   0.03  0.17  0.0   0.0   0.0   0.0   0.0   0.03  
49    T     0.0   0.03  0.03  0.0   0.04  0.0   0.0   0.0   0.0   0.23  0.04  0.05  0.03  0.0   0.0   0.0   0.12  0.0   0.0   0.44  
50    A     0.04  0.23  0.09  0.03  0.0   0.23  0.05  0.0   0.07  0.0   0.0   0.11  0.0   0.0   0.0   0.03  0.11  0.0   0.0   0.0   
51    F     0.08  0.0   0.0   0.0   0.0   0.0   0.09  0.0   0.11  0.09  0.42  0.0   0.04  0.04  0.0   0.03  0.0   0.0   0.0   0.11  
52    L     0.0   0.0   0.0   0.0   0.03  0.0   0.0   0.0   0.0   0.11  0.58  0.0   0.07  0.07  0.0   0.0   0.0   0.0   0.0   0.14  
53    R     0.08  0.92  0.0   0.0   0.0   0.0   0.0   0.0   0.0   0.0   0.0   0.0   0.0   0.0   0.0   0.0   0.0   0.0   0.0   0.0   
54    N     0.13  0.04  0.08  0.0   0.0   0.08  0.03  0.09  0.0   0.05  0.03  0.0   0.06  0.03  0.0   0.03  0.31  0.0   0.0   0.03  
55    V     0.28  0.0   0.0   0.0   0.09  0.0   0.0   0.0   0.0   0.04  0.14  0.0   0.23  0.0   0.0   0.15  0.03  0.0   0.0   0.04  
56    D     0.0   0.06  0.2   0.18  0.0   0.0   0.0   0.03  0.0   0.0   0.0   0.1   0.0   0.0   0.04  0.24  0.16  0.0   0.0   0.0   
57    A     0.1   0.1   0.0   0.07  0.0   0.0   0.12  0.06  0.02  0.04  0.0   0.11  0.0   0.05  0.0   0.06  0.1   0.0   0.15  0.03  
58    G     0.0   0.0   0.0   0.12  0.0   0.0   0.55  0.04  0.0   0.0   0.0   0.09  0.0   0.0   0.05  0.06  0.1   0.0   0.0   0.0   
59    V     0.09  0.0   0.13  0.15  0.0   0.24  0.18  0.0   0.0   0.0   0.0   0.0   0.0   0.0   0.0   0.03  0.06  0.0   0.05  0.08  
60    L     0.0   0.0   0.0   0.0   0.0   0.0   0.0   0.0   0.0   0.44  0.46  0.0   0.0   0.0   0.0   0.0   0.0   0.0   0.03  0.07  
61    Q     0.03  0.0   0.02  0.0   0.0   0.17  0.24  0.0   0.0   0.0   0.19  0.07  0.03  0.0   0.0   0.1   0.09  0.0   0.03  0.04  
62    S     0.07  0.03  0.0   0.0   0.0   0.23  0.23  0.02  0.0   0.0   0.0   0.11  0.02  0.03  0.0   0.21  0.05  0.0   0.0   0.0   
63    I     0.06  0.0   0.0   0.0   0.0   0.0   0.0   0.0   0.0   0.34  0.31  0.0   0.0   0.0   0.0   0.0   0.08  0.0   0.08  0.13  
64    W     0.14  0.03  0.0   0.0   0.0   0.0   0.06  0.0   0.07  0.0   0.2   0.0   0.0   0.0   0.0   0.03  0.06  0.21  0.15  0.05  
65    H     0.06  0.11  0.08  0.0   0.0   0.07  0.05  0.0   0.04  0.0   0.02  0.16  0.0   0.0   0.09  0.21  0.09  0.0   0.0   0.0   
66    K     0.04  0.0   0.04  0.04  0.0   0.35  0.03  0.0   0.08  0.0   0.07  0.16  0.02  0.04  0.0   0.04  0.07  0.0   0.0   0.0   
67    L     0.0   0.0   0.0   0.0   0.0   0.0   0.06  0.0   0.0   0.11  0.18  0.0   0.06  0.2   0.04  0.0   0.0   0.0   0.1   0.2   
68    H     0.1   0.04  0.07  0.08  0.0   0.04  0.06  0.0   0.11  0.09  0.0   0.21  0.0   0.03  0.0   0.09  0.0   0.0   0.1   0.0   
69    Q     0.12  0.0   0.0   0.03  0.0   0.13  0.17  0.05  0.0   0.04  0.0   0.18  0.0   0.0   0.04  0.09  0.1   0.0   0.0   0.05  
70    Q     0.06  0.05  0.09  0.0   0.0   0.06  0.09  0.1   0.06  0.0   0.0   0.26  0.02  0.0   0.0   0.05  0.02  0.03  0.0   0.09  
71    K     0.15  0.0   0.0   0.0   0.0   0.15  0.0   0.05  0.0   0.03  0.0   0.22  0.0   0.0   0.08  0.2   0.05  0.0   0.03  0.06  
72    D     0.08  0.07  0.04  0.19  0.0   0.05  0.1   0.06  0.0   0.0   0.12  0.09  0.0   0.0   0.02  0.09  0.05  0.0   0.0   0.04  
73    Y     0.01  0.03  0.0   0.0   0.0   0.0   0.12  0.01  0.08  0.03  0.09  0.1   0.05  0.04  0.06  0.07  0.04  0.0   0.2   0.06  
74    R     0.01  0.4   0.03  0.07  0.0   0.14  0.05  0.01  0.0   0.0   0.06  0.11  0.0   0.0   0.0   0.01  0.03  0.04  0.03  0.01  
75    R     0.03  0.18  0.04  0.0   0.0   0.06  0.01  0.04  0.07  0.0   0.01  0.09  0.04  0.0   0.14  0.11  0.12  0.0   0.0   0.05  
76    W     0.01  0.0   0.0   0.0   0.02  0.05  0.01  0.01  0.0   0.16  0.07  0.01  0.0   0.0   0.0   0.03  0.03  0.31  0.08  0.19  
77    I     0.0   0.0   0.0   0.0   0.0   0.0   0.0   0.0   0.0   0.2   0.31  0.0   0.04  0.15  0.0   0.03  0.09  0.0   0.16  0.0   
78    L     0.03  0.09  0.0   0.0   0.0   0.0   0.04  0.0   0.0   0.06  0.45  0.0   0.03  0.11  0.0   0.0   0.03  0.03  0.0   0.11  
79    D     0.0   0.0   0.06  0.69  0.0   0.14  0.03  0.0   0.0   0.0   0.0   0.0   0.0   0.0   0.0   0.05  0.04  0.0   0.0   0.0   
80    A     0.61  0.0   0.0   0.0   0.0   0.0   0.0   0.08  0.03  0.0   0.08  0.0   0.03  0.0   0.0   0.08  0.1   0.0   0.0   0.0   
81    V     0.03  0.0   0.0   0.0   0.0   0.0   0.0   0.0   0.0   0.09  0.37  0.0   0.0   0.0   0.0   0.0   0.0   0.0   0.0   0.51  
82    P     0.23  0.0   0.0   0.0   0.0   0.0   0.0   0.0   0.0   0.08  0.09  0.0   0.0   0.08  0.19  0.06  0.18  0.0   0.0   0.11  
83    A     0.19  0.11  0.0   0.0   0.0   0.19  0.09  0.0   0.1   0.03  0.03  0.0   0.02  0.04  0.0   0.16  0.0   0.0   0.0   0.04  
84    M     0.59  0.0   0.0   0.0   0.09  0.0   0.0   0.0   0.0   0.09  0.0   0.0   0.04  0.0   0.0   0.06  0.14  0.0   0.0   0.0   
85    A     0.09  0.0   0.0   0.0   0.0   0.11  0.0   0.68  0.04  0.0   0.0   0.0   0.0   0.0   0.0   0.08  0.0   0.0   0.0   0.0   
86    T     0.0   0.0   0.0   0.0   0.0   0.09  0.04  0.0   0.0   0.0   0.0   0.0   0.0   0.0   0.0   0.05  0.82  0.0   0.0   0.0   
87    S     0.04  0.03  0.0   0.0   0.0   0.0   0.05  0.21  0.09  0.0   0.03  0.1   0.0   0.02  0.25  0.12  0.03  0.0   0.0   0.02  
88    E     0.05  0.03  0.07  0.17  0.0   0.06  0.17  0.04  0.0   0.0   0.0   0.0   0.0   0.0   0.25  0.03  0.02  0.0   0.0   0.11  
89    A     0.49  0.0   0.0   0.0   0.11  0.0   0.0   0.02  0.0   0.0   0.0   0.0   0.0   0.0   0.0   0.22  0.16  0.0   0.0   0.0   
90    L     0.04  0.0   0.0   0.0   0.0   0.0   0.0   0.0   0.0   0.13  0.39  0.0   0.0   0.15  0.0   0.03  0.0   0.0   0.08  0.18  
91    L     0.0   0.14  0.05  0.05  0.0   0.1   0.16  0.0   0.0   0.03  0.1   0.21  0.0   0.0   0.0   0.03  0.09  0.0   0.0   0.05  
92    F     0.14  0.0   0.03  0.0   0.0   0.03  0.03  0.0   0.18  0.0   0.03  0.0   0.03  0.29  0.0   0.03  0.09  0.0   0.0   0.12  
93    L     0.05  0.0   0.0   0.0   0.0   0.0   0.0   0.0   0.0   0.62  0.2   0.0   0.04  0.0   0.0   0.03  0.0   0.0   0.0   0.06  
94    K     0.03  0.03  0.0   0.03  0.0   0.03  0.05  0.0   0.03  0.08  0.29  0.25  0.0   0.03  0.0   0.03  0.02  0.0   0.0   0.09  
95    R     0.0   0.07  0.15  0.19  0.0   0.17  0.14  0.0   0.07  0.03  0.0   0.1   0.0   0.0   0.0   0.03  0.03  0.0   0.0   0.03  
96    T     0.0   0.05  0.05  0.0   0.0   0.04  0.04  0.0   0.07  0.03  0.06  0.13  0.03  0.14  0.0   0.0   0.04  0.3   0.0   0.03  
97    L     0.0   0.0   0.0   0.0   0.0   0.03  0.0   0.0   0.0   0.43  0.42  0.0   0.03  0.09  0.0   0.0   0.0   0.0   0.0   0.0   
98    A     0.04  0.06  0.03  0.09  0.0   0.0   0.24  0.01  0.02  0.04  0.03  0.26  0.05  0.0   0.0   0.08  0.0   0.0   0.0   0.03  
99    S     0.07  0.13  0.21  0.0   0.0   0.0   0.03  0.0   0.0   0.0   0.0   0.22  0.0   0.0   0.0   0.2   0.12  0.0   0.0   0.0   
100   E     0.0   0.02  0.0   0.08  0.0   0.03  0.2   0.2   0.0   0.0   0.0   0.29  0.0   0.04  0.0   0.09  0.0   0.0   0.0   0.03  
101   Q     0.0   0.04  0.03  0.29  0.0   0.11  0.17  0.0   0.03  0.05  0.0   0.18  0.0   0.0   0.0   0.04  0.04  0.0   0.03  0.0   
102   L     0.13  0.0   0.0   0.0   0.0   0.0   0.0   0.0   0.0   0.3   0.31  0.0   0.0   0.03  0.0   0.09  0.04  0.0   0.0   0.08  
103   T     0.03  0.03  0.08  0.0   0.0   0.06  0.0   0.0   0.06  0.0   0.0   0.17  0.0   0.05  0.0   0.16  0.31  0.0   0.0   0.03  
104   S     0.03  0.0   0.03  0.08  0.0   0.04  0.08  0.12  0.0   0.13  0.0   0.03  0.0   0.0   0.22  0.13  0.03  0.0   0.08  0.0   
105   A     0.14  0.0   0.0   0.0   0.0   0.02  0.12  0.04  0.0   0.09  0.22  0.04  0.07  0.02  0.0   0.0   0.08  0.03  0.03  0.07  
106   E     0.0   0.09  0.0   0.0   0.0   0.06  0.55  0.0   0.0   0.0   0.17  0.06  0.0   0.0   0.0   0.0   0.05  0.0   0.0   0.0   
107   A     0.55  0.0   0.0   0.0   0.0   0.12  0.0   0.03  0.0   0.09  0.04  0.04  0.0   0.05  0.0   0.03  0.03  0.0   0.0   0.03  
108   T     0.5   0.0   0.03  0.09  0.0   0.0   0.08  0.0   0.03  0.02  0.07  0.0   0.0   0.0   0.0   0.06  0.04  0.0   0.05  0.03  
109   Q     0.0   0.11  0.04  0.0   0.0   0.28  0.15  0.0   0.03  0.08  0.15  0.03  0.03  0.0   0.0   0.0   0.03  0.0   0.0   0.08  
110   I     0.14  0.0   0.0   0.0   0.0   0.0   0.0   0.0   0.0   0.1   0.23  0.0   0.0   0.08  0.0   0.05  0.08  0.03  0.04  0.24  
111   V     0.0   0.0   0.0   0.0   0.0   0.0   0.0   0.0   0.0   0.25  0.31  0.0   0.06  0.06  0.0   0.0   0.13  0.0   0.03  0.16  
112   A     0.15  0.0   0.0   0.0   0.0   0.0   0.0   0.08  0.0   0.02  0.14  0.13  0.03  0.0   0.0   0.14  0.02  0.0   0.21  0.08  
113   S     0.21  0.0   0.0   0.0   0.0   0.02  0.0   0.0   0.0   0.03  0.11  0.09  0.0   0.02  0.0   0.27  0.14  0.0   0.0   0.11  
114   T     0.18  0.0   0.0   0.0   0.11  0.0   0.0   0.0   0.0   0.11  0.34  0.0   0.06  0.0   0.0   0.07  0.06  0.0   0.0   0.07  
115   L     0.18  0.0   0.04  0.0   0.0   0.12  0.0   0.12  0.0   0.0   0.14  0.0   0.05  0.0   0.21  0.0   0.03  0.0   0.04  0.08  
116   S     0.0   0.14  0.03  0.03  0.0   0.0   0.1   0.0   0.18  0.04  0.13  0.11  0.0   0.14  0.0   0.09  0.0   0.0   0.0   0.0   
117   N     0.21  0.0   0.06  0.0   0.0   0.0   0.0   0.0   0.0   0.19  0.08  0.0   0.08  0.0   0.0   0.08  0.24  0.0   0.0   0.07  
118   Q     0.08  0.15  0.0   0.0   0.0   0.07  0.0   0.0   0.0   0.0   0.1   0.04  0.0   0.0   0.2   0.12  0.02  0.0   0.0   0.21  
119   Q     0.07  0.14  0.06  0.0   0.0   0.09  0.03  0.0   0.2   0.03  0.0   0.03  0.03  0.05  0.0   0.07  0.08  0.0   0.12  0.0   
120   A     0.17  0.0   0.0   0.0   0.0   0.0   0.0   0.0   0.0   0.0   0.0   0.0   0.0   0.0   0.73  0.0   0.02  0.0   0.0   0.08  
121   T     0.0   0.0   0.12  0.23  0.0   0.0   0.0   0.02  0.0   0.05  0.0   0.0   0.0   0.0   0.0   0.25  0.33  0.0   0.0   0.0   
122   R     0.03  0.04  0.03  0.06  0.0   0.08  0.26  0.0   0.02  0.04  0.11  0.08  0.0   0.0   0.16  0.03  0.03  0.0   0.0   0.03  
123   E     0.03  0.02  0.05  0.03  0.0   0.17  0.42  0.0   0.1   0.0   0.0   0.08  0.0   0.0   0.03  0.04  0.03  0.0   0.0   0.0   
124   S     0.1   0.06  0.02  0.0   0.0   0.03  0.0   0.0   0.0   0.23  0.14  0.0   0.0   0.0   0.0   0.07  0.09  0.0   0.2   0.06  
125   L     0.13  0.0   0.0   0.0   0.0   0.0   0.0   0.0   0.0   0.14  0.36  0.0   0.14  0.05  0.0   0.0   0.0   0.0   0.0   0.17  
126   S     0.03  0.2   0.07  0.04  0.0   0.16  0.12  0.0   0.08  0.0   0.0   0.18  0.0   0.0   0.03  0.04  0.03  0.0   0.0   0.03  
127   Y     0.27  0.0   0.0   0.03  0.0   0.08  0.2   0.0   0.0   0.05  0.11  0.05  0.02  0.0   0.0   0.12  0.0   0.0   0.07  0.0   
128   A     0.19  0.0   0.0   0.0   0.0   0.03  0.0   0.0   0.0   0.15  0.3   0.0   0.0   0.29  0.0   0.02  0.0   0.0   0.0   0.02  
129   R     0.18  0.04  0.03  0.0   0.0   0.0   0.12  0.0   0.03  0.14  0.04  0.0   0.0   0.32  0.0   0.03  0.07  0.0   0.0   0.0   
130   E     0.0   0.06  0.12  0.05  0.0   0.04  0.2   0.11  0.0   0.0   0.06  0.08  0.0   0.0   0.04  0.23  0.0   0.0   0.0   0.0   
131   L     0.0   0.0   0.0   0.0   0.0   0.04  0.0   0.0   0.0   0.03  0.61  0.11  0.06  0.09  0.0   0.0   0.06  0.0   0.0   0.0   
132   L     0.27  0.0   0.0   0.0   0.06  0.0   0.0   0.0   0.05  0.08  0.18  0.0   0.03  0.15  0.0   0.0   0.0   0.0   0.0   0.19  
133   N     0.0   0.07  0.02  0.09  0.0   0.1   0.13  0.0   0.07  0.0   0.0   0.28  0.03  0.05  0.0   0.0   0.11  0.0   0.0   0.03  
134   T     0.01  0.0   0.06  0.17  0.0   0.0   0.09  0.12  0.0   0.0   0.01  0.03  0.04  0.0   0.0   0.39  0.07  0.0   0.0   0.0   
135   S     0.01  0.06  0.0   0.12  0.0   0.06  0.03  0.01  0.06  0.01  0.08  0.04  0.0   0.0   0.24  0.23  0.03  0.0   0.0   0.01  
136   F     0.07  0.14  0.03  0.01  0.03  0.12  0.01  0.06  0.0   0.06  0.05  0.11  0.03  0.13  0.01  0.01  0.01  0.0   0.0   0.15  
137   I     0.05  0.01  0.03  0.01  0.0   0.01  0.01  0.06  0.0   0.12  0.06  0.01  0.0   0.01  0.08  0.19  0.01  0.0   0.0   0.35  
138   R     0.01  0.24  0.01  0.01  0.0   0.08  0.05  0.01  0.03  0.01  0.06  0.07  0.09  0.01  0.01  0.19  0.08  0.0   0.0   0.03  
139   N     0.05  0.04  0.28  0.05  0.0   0.09  0.06  0.07  0.03  0.01  0.02  0.15  0.0   0.01  0.01  0.08  0.04  0.0   0.01  0.01  
140   R     0.01  0.04  0.11  0.1   0.03  0.24  0.07  0.01  0.03  0.01  0.05  0.01  0.0   0.08  0.01  0.09  0.04  0.0   0.07  0.01  
141   P     0.12  0.04  0.01  0.01  0.0   0.07  0.16  0.01  0.0   0.01  0.05  0.07  0.04  0.01  0.28  0.09  0.01  0.0   0.01  0.01  
142   I     0.04  0.01  0.12  0.03  0.0   0.01  0.01  0.04  0.0   0.08  0.04  0.01  0.0   0.1   0.05  0.01  0.11  0.0   0.14  0.17  
143   L     0.08  0.01  0.0   0.01  0.0   0.0   0.01  0.01  0.0   0.11  0.6   0.01  0.0   0.0   0.01  0.01  0.01  0.0   0.0   0.14  
144   R     0.06  0.4   0.27  0.01  0.0   0.03  0.01  0.01  0.03  0.01  0.04  0.01  0.0   0.0   0.11  0.01  0.01  0.0   0.0   0.01  
145   K     0.03  0.0   0.0   0.0   0.0   0.18  0.19  0.0   0.05  0.0   0.01  0.19  0.0   0.0   0.05  0.13  0.1   0.0   0.0   0.05  
146   T     0.11  0.0   0.0   0.05  0.0   0.0   0.11  0.0   0.05  0.0   0.05  0.0   0.0   0.0   0.0   0.38  0.16  0.0   0.0   0.08  
147   A     0.49  0.0   0.0   0.0   0.12  0.0   0.0   0.03  0.0   0.0   0.08  0.0   0.0   0.0   0.0   0.0   0.08  0.0   0.0   0.19  
148   V     0.0   0.0   0.0   0.0   0.08  0.0   0.0   0.0   0.0   0.05  0.25  0.0   0.16  0.06  0.05  0.0   0.04  0.13  0.08  0.12  
149   L     0.0   0.0   0.03  0.0   0.0   0.0   0.0   0.0   0.0   0.18  0.68  0.0   0.03  0.03  0.0   0.0   0.0   0.0   0.06  0.0   
150   G     0.46  0.0   0.0   0.0   0.0   0.0   0.0   0.2   0.0   0.11  0.0   0.0   0.0   0.0   0.0   0.2   0.03  0.0   0.0   0.0   
151   Y     0.18  0.0   0.0   0.0   0.0   0.0   0.05  0.0   0.0   0.12  0.08  0.0   0.0   0.17  0.0   0.0   0.02  0.0   0.33  0.04  
152   G     0.15  0.0   0.0   0.05  0.04  0.0   0.0   0.53  0.0   0.0   0.0   0.0   0.0   0.03  0.0   0.14  0.06  0.0   0.0   0.0   
153   S     0.15  0.08  0.1   0.03  0.0   0.0   0.11  0.0   0.06  0.03  0.0   0.06  0.0   0.0   0.0   0.25  0.13  0.0   0.0   0.0   
154   L     0.06  0.0   0.0   0.0   0.0   0.0   0.0   0.0   0.0   0.03  0.42  0.0   0.23  0.11  0.0   0.0   0.0   0.0   0.0   0.16  
155   V     0.0   0.0   0.0   0.03  0.03  0.0   0.0   0.03  0.0   0.1   0.08  0.0   0.0   0.0   0.0   0.0   0.0   0.0   0.05  0.67  
156   F     0.04  0.28  0.3   0.0   0.0   0.0   0.0   0.07  0.15  0.0   0.0   0.0   0.0   0.09  0.03  0.02  0.0   0.0   0.0   0.0   
157   R     0.03  0.23  0.12  0.05  0.0   0.03  0.0   0.1   0.04  0.0   0.03  0.31  0.0   0.0   0.0   0.06  0.0   0.0   0.0   0.0   
158   Y     0.06  0.06  0.08  0.0   0.0   0.0   0.0   0.03  0.0   0.0   0.11  0.0   0.0   0.04  0.0   0.02  0.0   0.0   0.49  0.09  
159   C     0.04  0.0   0.0   0.0   0.58  0.07  0.0   0.0   0.06  0.03  0.0   0.0   0.0   0.0   0.03  0.03  0.03  0.0   0.14  0.0   
160   A     0.09  0.1   0.06  0.02  0.03  0.11  0.0   0.13  0.0   0.05  0.0   0.07  0.0   0.0   0.03  0.1   0.0   0.0   0.0   0.2   
161   N     0.03  0.0   0.28  0.0   0.0   0.11  0.14  0.02  0.1   0.03  0.0   0.09  0.0   0.0   0.08  0.06  0.03  0.0   0.0   0.03  
162   T     0.0   0.03  0.15  0.0   0.0   0.05  0.08  0.03  0.06  0.0   0.08  0.08  0.05  0.0   0.03  0.0   0.29  0.0   0.04  0.03  
163   V     0.0   0.06  0.11  0.03  0.04  0.07  0.0   0.11  0.0   0.0   0.02  0.03  0.0   0.03  0.15  0.05  0.05  0.0   0.07  0.18  
164   S     0.17  0.06  0.07  0.13  0.11  0.04  0.05  0.0   0.03  0.0   0.0   0.0   0.0   0.0   0.0   0.2   0.11  0.0   0.02  0.0   
165   C     0.06  0.03  0.0   0.0   0.36  0.0   0.09  0.07  0.0   0.07  0.08  0.14  0.0   0.03  0.0   0.05  0.0   0.0   0.02  0.0   
166   P     0.03  0.05  0.0   0.08  0.0   0.03  0.0   0.0   0.1   0.06  0.11  0.0   0.0   0.04  0.3   0.04  0.06  0.0   0.07  0.03  
167   D     0.02  0.06  0.12  0.2   0.0   0.07  0.12  0.05  0.0   0.0   0.0   0.19  0.0   0.0   0.05  0.08  0.0   0.0   0.0   0.02  
168   E     0.12  0.03  0.09  0.03  0.0   0.06  0.37  0.03  0.02  0.0   0.0   0.1   0.0   0.0   0.03  0.0   0.04  0.0   0.09  0.0   
169   L     0.13  0.0   0.0   0.0   0.03  0.0   0.03  0.0   0.0   0.08  0.33  0.04  0.03  0.03  0.0   0.0   0.0   0.0   0.14  0.17  
170   L     0.05  0.0   0.0   0.0   0.0   0.0   0.05  0.07  0.0   0.18  0.35  0.06  0.0   0.0   0.0   0.05  0.0   0.0   0.0   0.16  
171   Q     0.0   0.03  0.15  0.06  0.0   0.13  0.2   0.0   0.0   0.0   0.03  0.25  0.0   0.0   0.07  0.06  0.0   0.0   0.0   0.0   
172   P     0.11  0.07  0.0   0.03  0.0   0.06  0.05  0.0   0.0   0.03  0.0   0.14  0.0   0.05  0.24  0.0   0.03  0.03  0.12  0.03  
173   L     0.03  0.0   0.0   0.0   0.0   0.0   0.0   0.0   0.0   0.24  0.26  0.11  0.0   0.16  0.0   0.0   0.03  0.0   0.0   0.17  
174   H     0.17  0.1   0.03  0.03  0.0   0.1   0.0   0.0   0.28  0.0   0.0   0.11  0.0   0.0   0.05  0.08  0.0   0.0   0.03  0.03  
175   D     0.09  0.0   0.17  0.18  0.0   0.02  0.08  0.03  0.03  0.0   0.11  0.03  0.0   0.0   0.0   0.0   0.08  0.0   0.08  0.1   
176   L     0.03  0.02  0.0   0.03  0.03  0.1   0.03  0.04  0.08  0.14  0.22  0.06  0.0   0.18  0.0   0.0   0.0   0.0   0.03  0.0   
177   L     0.13  0.0   0.0   0.0   0.07  0.0   0.0   0.0   0.0   0.06  0.5   0.0   0.13  0.0   0.0   0.0   0.04  0.0   0.0   0.05  
178   S     0.08  0.08  0.02  0.03  0.0   0.15  0.09  0.14  0.0   0.0   0.0   0.11  0.03  0.0   0.0   0.17  0.06  0.0   0.0   0.03  
179   Q     0.04  0.04  0.03  0.05  0.0   0.2   0.19  0.15  0.08  0.0   0.01  0.15  0.0   0.0   0.05  0.0   0.0   0.0   0.0   0.0   
180   S     0.29  0.0   0.0   0.0   0.04  0.03  0.0   0.06  0.04  0.03  0.16  0.0   0.03  0.07  0.04  0.12  0.04  0.0   0.03  0.0   
181   S     0.07  0.05  0.03  0.04  0.0   0.03  0.14  0.05  0.0   0.16  0.06  0.11  0.0   0.0   0.0   0.04  0.04  0.0   0.05  0.12  
182   D     0.05  0.03  0.21  0.12  0.0   0.06  0.06  0.08  0.0   0.0   0.03  0.15  0.0   0.0   0.04  0.15  0.0   0.0   0.0   0.0   
183   R     0.2   0.09  0.12  0.12  0.0   0.05  0.08  0.0   0.0   0.0   0.0   0.17  0.0   0.0   0.04  0.04  0.0   0.0   0.04  0.04  
184   A     0.12  0.03  0.08  0.04  0.0   0.0   0.21  0.27  0.0   0.0   0.04  0.06  0.0   0.0   0.03  0.08  0.04  0.0   0.0   0.0   
185   K     0.0   0.03  0.14  0.32  0.0   0.0   0.02  0.03  0.05  0.0   0.0   0.24  0.0   0.0   0.0   0.07  0.06  0.0   0.04  0.0   
186   E     0.0   0.09  0.1   0.08  0.0   0.0   0.31  0.0   0.0   0.03  0.0   0.11  0.0   0.02  0.0   0.14  0.09  0.0   0.02  0.0   
187   E     0.0   0.05  0.06  0.17  0.0   0.03  0.39  0.0   0.03  0.0   0.0   0.0   0.0   0.0   0.03  0.0   0.03  0.05  0.13  0.03  
188   E     0.0   0.13  0.02  0.13  0.0   0.05  0.27  0.0   0.03  0.0   0.0   0.23  0.0   0.0   0.0   0.0   0.0   0.0   0.07  0.08  
189   I     0.11  0.05  0.0   0.0   0.0   0.0   0.0   0.0   0.0   0.38  0.05  0.13  0.03  0.0   0.0   0.0   0.19  0.0   0.0   0.06  
190   V     0.02  0.02  0.0   0.0   0.0   0.2   0.0   0.0   0.03  0.09  0.12  0.03  0.02  0.06  0.04  0.05  0.04  0.0   0.03  0.26  
191   L     0.11  0.0   0.0   0.0   0.0   0.0   0.0   0.0   0.0   0.05  0.4   0.0   0.13  0.04  0.0   0.0   0.08  0.0   0.04  0.15  
192   A     0.3   0.0   0.0   0.0   0.0   0.0   0.0   0.0   0.0   0.24  0.04  0.0   0.03  0.06  0.0   0.0   0.0   0.0   0.33  0.02  
193   L     0.0   0.0   0.0   0.0   0.0   0.0   0.04  0.0   0.0   0.22  0.64  0.0   0.0   0.04  0.0   0.0   0.03  0.0   0.0   0.03  
194   K     0.0   0.24  0.0   0.0   0.0   0.08  0.0   0.0   0.0   0.0   0.11  0.49  0.03  0.05  0.0   0.0   0.0   0.0   0.0   0.0   
195   A     0.56  0.0   0.0   0.0   0.03  0.0   0.04  0.08  0.0   0.0   0.0   0.0   0.0   0.0   0.0   0.05  0.11  0.0   0.0   0.14  
196   L     0.0   0.0   0.0   0.0   0.0   0.0   0.0   0.0   0.0   0.28  0.72  0.0   0.0   0.0   0.0   0.0   0.0   0.0   0.0   0.0   
197   G     0.06  0.07  0.0   0.0   0.0   0.0   0.0   0.71  0.0   0.0   0.0   0.11  0.0   0.0   0.0   0.05  0.0   0.0   0.0   0.0   
198   N     0.0   0.0   0.91  0.0   0.0   0.0   0.0   0.0   0.0   0.0   0.0   0.04  0.0   0.0   0.0   0.0   0.0   0.0   0.0   0.05  
199   A     0.47  0.0   0.0   0.0   0.0   0.0   0.0   0.0   0.0   0.06  0.11  0.0   0.16  0.03  0.0   0.0   0.11  0.0   0.0   0.03  
200   G     0.05  0.09  0.0   0.0   0.0   0.0   0.0   0.7   0.04  0.0   0.06  0.04  0.0   0.0   0.0   0.0   0.0   0.0   0.0   0.0   
201   Q     0.01  0.0   0.04  0.0   0.0   0.15  0.03  0.01  0.34  0.08  0.17  0.01  0.0   0.0   0.0   0.05  0.1   0.0   0.0   0.01  
202   P     0.04  0.04  0.01  0.13  0.0   0.01  0.04  0.05  0.0   0.01  0.04  0.07  0.0   0.0   0.52  0.01  0.01  0.0   0.0   0.01  
203   N     0.13  0.04  0.12  0.04  0.0   0.08  0.18  0.01  0.0   0.03  0.08  0.12  0.0   0.0   0.01  0.11  0.04  0.0   0.0   0.01  
204   S     0.01  0.01  0.04  0.04  0.0   0.01  0.01  0.12  0.0   0.21  0.01  0.01  0.0   0.0   0.01  0.35  0.1   0.0   0.0   0.08  
205   I     0.04  0.0   0.0   0.0   0.0   0.0   0.01  0.01  0.0   0.41  0.21  0.0   0.0   0.03  0.0   0.04  0.05  0.0   0.0   0.17  
206   K     0.04  0.16  0.14  0.0   0.0   0.0   0.04  0.0   0.0   0.0   0.0   0.25  0.0   0.0   0.15  0.11  0.0   0.0   0.07  0.03  
207   K     0.08  0.11  0.0   0.0   0.0   0.03  0.07  0.0   0.09  0.0   0.09  0.07  0.0   0.0   0.08  0.05  0.09  0.0   0.03  0.21  
208   I     0.04  0.0   0.0   0.0   0.0   0.0   0.0   0.0   0.0   0.22  0.42  0.0   0.09  0.2   0.0   0.0   0.0   0.0   0.0   0.03  
209   Q     0.03  0.0   0.03  0.0   0.0   0.14  0.35  0.0   0.0   0.0   0.14  0.11  0.03  0.0   0.0   0.04  0.05  0.0   0.0   0.08  
210   R     0.0   0.06  0.0   0.03  0.0   0.14  0.07  0.0   0.04  0.0   0.0   0.35  0.0   0.0   0.28  0.0   0.04  0.0   0.0   0.0   
211   F     0.0   0.0   0.0   0.0   0.07  0.0   0.0   0.0   0.0   0.18  0.14  0.0   0.0   0.12  0.0   0.04  0.0   0.0   0.37  0.06  
212   L     0.12  0.0   0.0   0.0   0.0   0.0   0.0   0.0   0.0   0.22  0.43  0.0   0.12  0.03  0.0   0.0   0.06  0.0   0.0   0.0   
213   P     0.01  0.03  0.0   0.0   0.0   0.05  0.32  0.01  0.0   0.07  0.12  0.0   0.0   0.0   0.3   0.01  0.0   0.0   0.0   0.06  
214   G     0.14  0.0   0.06  0.14  0.0   0.0   0.06  0.4   0.03  0.05  0.0   0.0   0.0   0.0   0.0   0.0   0.03  0.0   0.0   0.07  
215   Q     0.03  0.07  0.0   0.0   0.0   0.07  0.14  0.09  0.03  0.0   0.1   0.16  0.0   0.1   0.05  0.06  0.06  0.0   0.03  0.01  
216   G     0.05  0.08  0.01  0.01  0.0   0.01  0.12  0.17  0.04  0.04  0.1   0.16  0.0   0.01  0.05  0.12  0.01  0.0   0.01  0.01  
217   K     0.05  0.01  0.01  0.01  0.08  0.11  0.02  0.13  0.01  0.01  0.02  0.12  0.01  0.01  0.09  0.21  0.06  0.0   0.01  0.02  
218   S     0.2   0.01  0.04  0.01  0.01  0.01  0.02  0.07  0.01  0.08  0.05  0.02  0.01  0.01  0.17  0.22  0.04  0.0   0.01  0.02  
219   L     0.23  0.01  0.01  0.01  0.01  0.01  0.02  0.02  0.01  0.12  0.16  0.02  0.01  0.01  0.01  0.06  0.07  0.0   0.01  0.2   
220   D     0.07  0.01  0.01  0.13  0.0   0.01  0.04  0.02  0.01  0.01  0.02  0.01  0.01  0.01  0.04  0.28  0.22  0.0   0.01  0.07  
221   E     0.04  0.01  0.05  0.04  0.01  0.11  0.25  0.06  0.09  0.01  0.02  0.1   0.01  0.01  0.01  0.07  0.02  0.0   0.01  0.05  
222   Y     0.02  0.05  0.01  0.01  0.0   0.01  0.01  0.01  0.03  0.07  0.33  0.01  0.0   0.07  0.1   0.01  0.06  0.0   0.04  0.13  
223   S     0.05  0.01  0.05  0.01  0.0   0.01  0.2   0.01  0.0   0.01  0.01  0.04  0.0   0.01  0.19  0.32  0.06  0.0   0.0   0.01  
224   T     0.05  0.01  0.05  0.01  0.0   0.03  0.01  0.01  0.0   0.06  0.18  0.06  0.03  0.01  0.08  0.01  0.32  0.0   0.0   0.08  
225   R     0.01  0.22  0.0   0.01  0.0   0.03  0.01  0.01  0.08  0.01  0.09  0.06  0.03  0.13  0.01  0.05  0.13  0.0   0.12  0.01  
226   V     0.0   0.0   0.0   0.0   0.0   0.18  0.03  0.0   0.0   0.3   0.09  0.0   0.05  0.0   0.0   0.0   0.0   0.0   0.0   0.32  
227   Q     0.02  0.64  0.0   0.0   0.0   0.22  0.0   0.0   0.08  0.0   0.04  0.0   0.0   0.0   0.0   0.0   0.0   0.0   0.0   0.0   
228   A     0.09  0.0   0.0   0.0   0.0   0.04  0.03  0.0   0.0   0.05  0.11  0.11  0.06  0.0   0.0   0.0   0.26  0.0   0.05  0.19  
229   E     0.23  0.04  0.05  0.17  0.0   0.06  0.13  0.0   0.03  0.0   0.12  0.0   0.05  0.0   0.0   0.0   0.08  0.0   0.0   0.03  
230   A     0.67  0.0   0.0   0.0   0.0   0.0   0.0   0.0   0.0   0.06  0.0   0.0   0.2   0.0   0.0   0.0   0.0   0.0   0.04  0.03  
231   I     0.04  0.0   0.0   0.04  0.0   0.0   0.0   0.0   0.0   0.25  0.19  0.0   0.03  0.0   0.05  0.0   0.03  0.0   0.0   0.38  
232   M     0.08  0.0   0.0   0.1   0.0   0.11  0.14  0.04  0.04  0.0   0.05  0.03  0.14  0.08  0.0   0.0   0.06  0.05  0.0   0.09  
233   A     0.59  0.02  0.03  0.0   0.06  0.0   0.0   0.0   0.0   0.05  0.0   0.0   0.0   0.0   0.0   0.21  0.0   0.0   0.0   0.03  
234   L     0.0   0.0   0.0   0.0   0.0   0.0   0.0   0.0   0.0   0.03  0.68  0.0   0.03  0.19  0.0   0.0   0.05  0.0   0.02  0.0   
235   R     0.0   0.41  0.03  0.19  0.0   0.04  0.0   0.04  0.03  0.0   0.0   0.1   0.0   0.0   0.0   0.12  0.0   0.0   0.03  0.0   
236   N     0.01  0.12  0.21  0.06  0.0   0.05  0.09  0.01  0.0   0.04  0.1   0.22  0.0   0.0   0.01  0.04  0.04  0.0   0.0   0.01  
237   I     0.05  0.0   0.0   0.0   0.0   0.0   0.0   0.01  0.0   0.25  0.37  0.0   0.14  0.03  0.03  0.0   0.0   0.0   0.0   0.1   
238   A     0.31  0.06  0.04  0.0   0.0   0.0   0.09  0.06  0.05  0.0   0.0   0.12  0.0   0.02  0.0   0.09  0.08  0.0   0.0   0.06  
239   K     0.0   0.03  0.0   0.2   0.04  0.0   0.1   0.0   0.0   0.05  0.06  0.34  0.06  0.0   0.03  0.0   0.03  0.03  0.0   0.0   
240   R     0.0   0.11  0.03  0.03  0.03  0.03  0.09  0.03  0.0   0.03  0.03  0.15  0.0   0.04  0.07  0.03  0.21  0.0   0.03  0.07  
241   D     0.05  0.08  0.07  0.23  0.11  0.06  0.1   0.0   0.0   0.03  0.0   0.0   0.18  0.03  0.0   0.0   0.0   0.0   0.06  0.0   
242   P     0.01  0.04  0.05  0.04  0.0   0.0   0.12  0.01  0.0   0.0   0.05  0.0   0.0   0.0   0.59  0.06  0.0   0.0   0.0   0.0   
243   R     0.09  0.29  0.01  0.01  0.0   0.04  0.08  0.03  0.03  0.01  0.01  0.21  0.0   0.01  0.01  0.12  0.04  0.0   0.0   0.01  
244   K     0.01  0.01  0.04  0.01  0.0   0.05  0.01  0.01  0.04  0.06  0.18  0.28  0.11  0.01  0.01  0.01  0.08  0.0   0.0   0.08  
245   V     0.18  0.0   0.0   0.03  0.0   0.0   0.0   0.0   0.0   0.27  0.05  0.0   0.0   0.0   0.0   0.0   0.0   0.0   0.03  0.39  
246   Q     0.01  0.24  0.0   0.0   0.0   0.44  0.0   0.06  0.06  0.0   0.01  0.1   0.0   0.0   0.0   0.0   0.0   0.0   0.05  0.0   
247   E     0.07  0.03  0.03  0.03  0.0   0.09  0.25  0.03  0.0   0.0   0.0   0.16  0.0   0.0   0.05  0.16  0.06  0.0   0.03  0.0   
248   I     0.04  0.0   0.0   0.0   0.0   0.0   0.0   0.0   0.0   0.28  0.05  0.09  0.0   0.0   0.0   0.0   0.1   0.0   0.03  0.39  
249   V     0.17  0.0   0.0   0.0   0.0   0.0   0.0   0.0   0.0   0.0   0.58  0.0   0.0   0.08  0.0   0.04  0.06  0.0   0.0   0.04  
250   L     0.0   0.0   0.06  0.0   0.0   0.0   0.0   0.0   0.0   0.03  0.35  0.0   0.17  0.12  0.0   0.0   0.0   0.0   0.17  0.07  
251   P     0.0   0.12  0.03  0.14  0.0   0.21  0.08  0.0   0.0   0.0   0.0   0.14  0.0   0.0   0.21  0.04  0.0   0.0   0.0   0.0   
252   I     0.03  0.0   0.0   0.0   0.0   0.0   0.0   0.0   0.0   0.51  0.22  0.0   0.0   0.0   0.0   0.0   0.09  0.0   0.0   0.13  
253   F     0.04  0.0   0.0   0.0   0.0   0.0   0.0   0.0   0.0   0.05  0.14  0.0   0.03  0.28  0.0   0.0   0.0   0.0   0.43  0.0   
254   L     0.03  0.1   0.0   0.0   0.0   0.12  0.08  0.0   0.02  0.03  0.19  0.15  0.17  0.0   0.0   0.0   0.0   0.0   0.0   0.1   
255   N     0.0   0.04  0.72  0.21  0.0   0.02  0.0   0.0   0.0   0.0   0.0   0.0   0.0   0.0   0.0   0.0   0.0   0.0   0.0   0.0   
256   V     0.0   0.31  0.0   0.06  0.0   0.06  0.05  0.03  0.08  0.06  0.0   0.1   0.0   0.0   0.04  0.0   0.15  0.0   0.0   0.07  
257   A     0.24  0.02  0.09  0.02  0.0   0.16  0.0   0.11  0.0   0.0   0.0   0.15  0.06  0.0   0.0   0.03  0.03  0.0   0.0   0.09  
258   I     0.06  0.0   0.04  0.03  0.0   0.03  0.39  0.0   0.0   0.11  0.16  0.02  0.0   0.04  0.0   0.03  0.0   0.0   0.03  0.06  
259   K     0.08  0.02  0.03  0.13  0.0   0.05  0.07  0.0   0.19  0.0   0.03  0.08  0.0   0.0   0.18  0.04  0.06  0.0   0.0   0.05  
260   S     0.0   0.0   0.0   0.0   0.0   0.06  0.09  0.03  0.17  0.0   0.0   0.0   0.0   0.05  0.26  0.17  0.07  0.0   0.06  0.06  
261   E     0.0   0.03  0.0   0.03  0.0   0.0   0.76  0.03  0.03  0.0   0.0   0.09  0.0   0.0   0.03  0.0   0.0   0.0   0.0   0.0   
262   L     0.0   0.0   0.0   0.0   0.0   0.0   0.0   0.0   0.0   0.26  0.28  0.09  0.0   0.0   0.0   0.0   0.0   0.0   0.0   0.37  
263   R     0.0   1.0   0.0   0.0   0.0   0.0   0.0   0.0   0.0   0.0   0.0   0.0   0.0   0.0   0.0   0.0   0.0   0.0   0.0   0.0   
264   I     0.02  0.0   0.05  0.0   0.15  0.0   0.0   0.0   0.0   0.22  0.09  0.0   0.28  0.0   0.0   0.0   0.11  0.0   0.0   0.09  
265   R     0.34  0.04  0.0   0.0   0.0   0.0   0.04  0.0   0.0   0.05  0.1   0.07  0.1   0.0   0.0   0.06  0.12  0.0   0.0   0.08  
266   S     0.87  0.0   0.0   0.0   0.0   0.0   0.0   0.0   0.0   0.0   0.0   0.0   0.0   0.0   0.0   0.13  0.0   0.0   0.0   0.0   
267   C     0.14  0.0   0.0   0.0   0.13  0.0   0.0   0.0   0.0   0.03  0.16  0.0   0.0   0.05  0.0   0.02  0.0   0.0   0.24  0.22  
268   I     0.14  0.0   0.0   0.0   0.0   0.06  0.0   0.0   0.14  0.11  0.31  0.0   0.02  0.04  0.0   0.0   0.0   0.07  0.06  0.06  
269   V     0.13  0.07  0.0   0.0   0.0   0.08  0.02  0.0   0.0   0.05  0.18  0.0   0.06  0.0   0.0   0.08  0.05  0.0   0.0   0.28  
270   F     0.08  0.0   0.0   0.0   0.0   0.0   0.0   0.0   0.0   0.23  0.44  0.0   0.07  0.09  0.0   0.0   0.0   0.0   0.0   0.09  
271   F     0.05  0.0   0.0   0.0   0.0   0.0   0.0   0.0   0.0   0.18  0.16  0.0   0.33  0.19  0.0   0.0   0.0   0.0   0.0   0.08  
272   E     0.0   0.19  0.05  0.03  0.0   0.03  0.26  0.0   0.07  0.04  0.05  0.19  0.0   0.0   0.0   0.0   0.05  0.0   0.03  0.0   
273   S     0.03  0.0   0.07  0.0   0.11  0.0   0.0   0.0   0.0   0.0   0.0   0.0   0.0   0.0   0.0   0.19  0.51  0.05  0.0   0.0   
274   K     0.05  0.11  0.23  0.11  0.04  0.1   0.01  0.06  0.04  0.05  0.01  0.12  0.0   0.0   0.01  0.03  0.01  0.0   0.0   0.01  
275   P     0.0   0.0   0.0   0.0   0.0   0.0   0.0   0.0   0.0   0.0   0.03  0.0   0.0   0.0   0.9   0.0   0.0   0.0   0.0   0.03  
276   S     0.03  0.0   0.04  0.0   0.07  0.0   0.14  0.1   0.0   0.0   0.0   0.0   0.0   0.0   0.25  0.31  0.06  0.0   0.0   0.0   
277   V     0.13  0.0   0.0   0.04  0.0   0.07  0.07  0.04  0.05  0.0   0.15  0.0   0.17  0.0   0.0   0.12  0.0   0.03  0.06  0.06  
278   A     0.22  0.0   0.04  0.03  0.0   0.0   0.2   0.1   0.03  0.05  0.0   0.0   0.06  0.0   0.07  0.15  0.0   0.0   0.0   0.03  
279   L     0.0   0.0   0.0   0.15  0.0   0.0   0.0   0.0   0.04  0.03  0.22  0.0   0.18  0.0   0.0   0.04  0.08  0.05  0.0   0.2   
280   V     0.08  0.0   0.0   0.0   0.0   0.0   0.0   0.0   0.0   0.14  0.4   0.02  0.03  0.03  0.0   0.0   0.0   0.05  0.03  0.22  
281   S     0.06  0.0   0.15  0.03  0.0   0.31  0.04  0.0   0.0   0.02  0.0   0.09  0.06  0.0   0.0   0.1   0.1   0.0   0.0   0.03  
282   M     0.06  0.23  0.06  0.0   0.0   0.15  0.06  0.0   0.04  0.05  0.0   0.09  0.06  0.0   0.0   0.0   0.2   0.0   0.0   0.0   
283   V     0.0   0.0   0.0   0.0   0.0   0.0   0.0   0.0   0.0   0.47  0.2   0.0   0.18  0.0   0.0   0.0   0.0   0.0   0.0   0.14  
284   A     0.55  0.0   0.0   0.0   0.0   0.0   0.0   0.03  0.0   0.1   0.03  0.07  0.0   0.0   0.0   0.08  0.0   0.0   0.0   0.16  
285   V     0.0   0.03  0.2   0.03  0.0   0.11  0.29  0.05  0.0   0.0   0.0   0.08  0.0   0.0   0.0   0.12  0.0   0.0   0.0   0.08  
286   R     0.05  0.04  0.02  0.0   0.0   0.1   0.05  0.03  0.0   0.15  0.12  0.04  0.04  0.12  0.0   0.1   0.0   0.0   0.08  0.05  
287   L     0.05  0.0   0.0   0.0   0.0   0.0   0.0   0.0   0.0   0.04  0.43  0.0   0.07  0.0   0.0   0.03  0.28  0.0   0.0   0.1   
288   R     0.02  0.07  0.18  0.03  0.0   0.06  0.13  0.0   0.06  0.0   0.11  0.11  0.03  0.0   0.11  0.04  0.0   0.05  0.0   0.0   
289   R     0.0   0.06  0.11  0.0   0.0   0.08  0.0   0.0   0.07  0.03  0.03  0.26  0.0   0.03  0.0   0.11  0.07  0.09  0.05  0.0   
290   E     0.0   0.0   0.0   0.31  0.0   0.0   0.69  0.0   0.0   0.0   0.0   0.0   0.0   0.0   0.0   0.0   0.0   0.0   0.0   0.0   
291   P     0.0   0.06  0.0   0.0   0.0   0.14  0.07  0.0   0.0   0.0   0.03  0.05  0.08  0.0   0.3   0.1   0.17  0.0   0.0   0.0   
292   N     0.0   0.0   0.47  0.03  0.0   0.03  0.0   0.0   0.0   0.03  0.0   0.0   0.0   0.0   0.03  0.3   0.0   0.0   0.0   0.11  
293   L     0.0   0.06  0.04  0.03  0.0   0.13  0.11  0.0   0.06  0.03  0.16  0.17  0.08  0.0   0.05  0.0   0.04  0.0   0.0   0.04  
294   Q     0.0   0.0   0.0   0.0   0.0   0.73  0.09  0.0   0.07  0.0   0.0   0.0   0.0   0.0   0.0   0.0   0.0   0.0   0.11  0.0   
295   V     0.0   0.0   0.0   0.0   0.0   0.0   0.0   0.0   0.0   0.0   0.02  0.0   0.11  0.05  0.0   0.0   0.0   0.0   0.0   0.82  
296   A     0.3   0.16  0.17  0.0   0.0   0.0   0.0   0.11  0.0   0.0   0.1   0.09  0.0   0.0   0.0   0.0   0.0   0.0   0.0   0.06  
297   S     0.24  0.0   0.17  0.0   0.0   0.0   0.0   0.08  0.0   0.0   0.0   0.03  0.0   0.0   0.0   0.42  0.03  0.0   0.0   0.03  
298   F     0.18  0.0   0.0   0.0   0.0   0.0   0.0   0.0   0.0   0.05  0.03  0.0   0.0   0.6   0.0   0.0   0.0   0.0   0.06  0.09  
299   V     0.0   0.0   0.0   0.0   0.0   0.0   0.0   0.0   0.0   0.13  0.04  0.0   0.03  0.0   0.0   0.0   0.22  0.0   0.0   0.58  
300   Y     0.09  0.0   0.0   0.0   0.0   0.11  0.0   0.0   0.03  0.0   0.11  0.2   0.0   0.03  0.0   0.04  0.08  0.03  0.23  0.04  
301   S     0.0   0.0   0.04  0.05  0.0   0.03  0.0   0.04  0.0   0.0   0.0   0.0   0.0   0.0   0.0   0.73  0.08  0.0   0.0   0.0   
302   Q     0.13  0.0   0.07  0.0   0.0   0.06  0.0   0.0   0.29  0.08  0.03  0.0   0.03  0.0   0.0   0.04  0.16  0.0   0.03  0.07  
303   M     0.0   0.0   0.0   0.0   0.0   0.0   0.0   0.0   0.0   0.38  0.39  0.0   0.18  0.0   0.0   0.0   0.0   0.0   0.0   0.03  
304   R     0.09  0.34  0.03  0.03  0.0   0.07  0.08  0.0   0.0   0.04  0.04  0.23  0.02  0.0   0.0   0.0   0.0   0.0   0.05  0.0   
305   S     0.17  0.0   0.17  0.08  0.0   0.04  0.0   0.0   0.06  0.0   0.0   0.0   0.0   0.0   0.0   0.41  0.06  0.0   0.0   0.0   
306   L     0.13  0.0   0.0   0.0   0.0   0.0   0.0   0.0   0.0   0.39  0.32  0.0   0.0   0.1   0.0   0.03  0.0   0.0   0.03  0.0   
307   S     0.22  0.08  0.0   0.0   0.03  0.08  0.0   0.03  0.0   0.03  0.17  0.0   0.03  0.0   0.0   0.21  0.07  0.0   0.02  0.03  
308   R     0.04  0.18  0.25  0.09  0.0   0.0   0.11  0.0   0.03  0.0   0.03  0.25  0.0   0.0   0.0   0.04  0.0   0.0   0.0   0.0   
309   S     0.03  0.0   0.03  0.0   0.0   0.0   0.0   0.0   0.0   0.0   0.16  0.0   0.0   0.08  0.0   0.59  0.08  0.0   0.0   0.03  
310   S     0.0   0.03  0.0   0.03  0.0   0.04  0.33  0.0   0.0   0.0   0.0   0.13  0.0   0.0   0.03  0.1   0.31  0.0   0.0   0.0   
311   N     0.11  0.06  0.18  0.11  0.05  0.03  0.12  0.03  0.04  0.0   0.03  0.0   0.04  0.0   0.0   0.1   0.07  0.0   0.0   0.03  
312   P     0.0   0.0   0.0   0.0   0.0   0.0   0.0   0.0   0.0   0.0   0.1   0.0   0.0   0.0   0.78  0.06  0.03  0.0   0.03  0.0   
313   E     0.13  0.04  0.0   0.19  0.11  0.0   0.19  0.04  0.03  0.03  0.0   0.03  0.0   0.03  0.0   0.08  0.0   0.0   0.1   0.0   
314   F     0.0   0.0   0.1   0.0   0.0   0.0   0.1   0.0   0.09  0.04  0.07  0.13  0.03  0.1   0.0   0.09  0.0   0.1   0.08  0.07  
315   R     0.06  0.1   0.0   0.0   0.0   0.31  0.08  0.0   0.03  0.0   0.04  0.2   0.0   0.04  0.03  0.06  0.0   0.0   0.03  0.0   
316   D     0.03  0.03  0.15  0.24  0.0   0.05  0.1   0.0   0.03  0.0   0.0   0.04  0.13  0.0   0.03  0.03  0.07  0.0   0.04  0.0   
317   V     0.0   0.0   0.0   0.0   0.0   0.0   0.0   0.0   0.0   0.11  0.53  0.0   0.04  0.04  0.0   0.0   0.04  0.0   0.0   0.21  
318   A     0.53  0.17  0.0   0.0   0.0   0.0   0.0   0.0   0.0   0.0   0.0   0.16  0.0   0.0   0.0   0.14  0.0   0.0   0.0   0.0   
319   A     0.25  0.12  0.1   0.0   0.0   0.05  0.0   0.0   0.0   0.07  0.0   0.15  0.0   0.0   0.0   0.14  0.0   0.0   0.0   0.09  
320   A     0.34  0.13  0.07  0.0   0.0   0.0   0.05  0.0   0.0   0.0   0.11  0.14  0.0   0.0   0.0   0.0   0.05  0.0   0.0   0.09  
321   C     0.38  0.0   0.0   0.0   0.35  0.0   0.0   0.0   0.0   0.07  0.06  0.0   0.0   0.0   0.0   0.0   0.0   0.0   0.0   0.11  
322   S     0.0   0.26  0.12  0.0   0.0   0.15  0.0   0.0   0.0   0.0   0.0   0.24  0.0   0.0   0.0   0.22  0.0   0.0   0.0   0.0   
323   V     0.16  0.0   0.11  0.0   0.0   0.04  0.15  0.0   0.0   0.07  0.0   0.0   0.04  0.0   0.0   0.19  0.0   0.0   0.0   0.22  
324   A     0.61  0.0   0.0   0.0   0.0   0.0   0.0   0.0   0.0   0.0   0.1   0.06  0.05  0.0   0.0   0.04  0.0   0.0   0.0   0.11  
325   I     0.0   0.18  0.04  0.0   0.0   0.0   0.0   0.0   0.0   0.12  0.32  0.05  0.03  0.0   0.0   0.0   0.0   0.0   0.0   0.23  
326   K     0.06  0.08  0.13  0.0   0.0   0.0   0.14  0.06  0.04  0.0   0.0   0.35  0.0   0.0   0.04  0.0   0.0   0.0   0.12  0.0   
327   M     0.05  0.0   0.06  0.0   0.0   0.06  0.0   0.0   0.06  0.2   0.33  0.0   0.15  0.04  0.0   0.0   0.0   0.0   0.0   0.05  
328   L     0.0   0.0   0.06  0.0   0.0   0.0   0.0   0.0   0.0   0.06  0.7   0.0   0.0   0.0   0.0   0.0   0.0   0.0   0.0   0.19  
329   G     0.06  0.0   0.2   0.0   0.0   0.0   0.0   0.09  0.0   0.0   0.0   0.06  0.0   0.0   0.0   0.35  0.18  0.0   0.06  0.0   
330   S     0.0   0.04  0.09  0.07  0.0   0.06  0.0   0.0   0.11  0.0   0.0   0.04  0.0   0.0   0.41  0.14  0.04  0.0   0.0   0.0   
331   K     0.0   0.11  0.06  0.0   0.0   0.0   0.18  0.0   0.1   0.0   0.0   0.5   0.0   0.0   0.0   0.04  0.0   0.0   0.0   0.0   
332   L     0.0   0.0   0.0   0.0   0.0   0.0   0.0   0.0   0.0   0.23  0.36  0.0   0.0   0.31  0.0   0.0   0.0   0.0   0.1   0.0   
333   D     0.0   0.06  0.0   0.77  0.0   0.0   0.07  0.0   0.0   0.0   0.0   0.0   0.0   0.0   0.0   0.11  0.0   0.0   0.0   0.0   
334   R     0.0   0.72  0.07  0.0   0.0   0.0   0.0   0.0   0.0   0.0   0.0   0.12  0.0   0.0   0.0   0.09  0.0   0.0   0.0   0.0   
335   L     0.0   0.0   0.0   0.0   0.0   0.0   0.0   0.0   0.0   0.0   0.58  0.0   0.11  0.0   0.0   0.31  0.0   0.0   0.0   0.0   
336   G     0.0   0.0   0.0   0.0   0.0   0.0   0.0   1.0   0.0   0.0   0.0   0.0   0.0   0.0   0.0   0.0   0.0   0.0   0.0   0.0   
