             A     R     N     D     C     Q     E     G     H     I     L     K     M     F     P     S     T     W     Y     V
1     T     0.0   0.0   0.0   0.0   0.0   0.0   0.0   0.0   0.0   0.0   0.0   0.0   0.0   0.0   0.0   0.0   1.0   0.0   0.0   0.0   
2     G     0.0   0.0   0.0   0.0   0.0   0.0   0.0   0.41  0.27  0.0   0.0   0.0   0.0   0.0   0.18  0.0   0.0   0.0   0.0   0.15  
3     R     0.0   0.22  0.0   0.0   0.0   0.0   0.0   0.78  0.0   0.0   0.0   0.0   0.0   0.0   0.0   0.0   0.0   0.0   0.0   0.0   
4     P     0.0   0.0   0.0   0.0   0.0   0.0   0.0   0.06  0.0   0.0   0.0   0.0   0.0   0.0   0.26  0.68  0.0   0.0   0.0   0.0   
5     E     0.11  0.0   0.0   0.29  0.0   0.0   0.6   0.0   0.0   0.0   0.0   0.0   0.0   0.0   0.0   0.0   0.0   0.0   0.0   0.0   
6     W     0.17  0.0   0.0   0.0   0.0   0.0   0.0   0.25  0.0   0.09  0.0   0.0   0.0   0.0   0.0   0.08  0.14  0.28  0.0   0.0   
7     I     0.0   0.0   0.0   0.0   0.0   0.0   0.0   0.0   0.0   0.27  0.23  0.0   0.0   0.08  0.0   0.0   0.12  0.0   0.08  0.23  
8     W     0.0   0.0   0.0   0.0   0.0   0.0   0.0   0.0   0.0   0.0   0.0   0.0   0.0   0.08  0.0   0.12  0.0   0.72  0.07  0.0   
9     L     0.09  0.0   0.0   0.0   0.0   0.0   0.0   0.0   0.0   0.06  0.48  0.0   0.0   0.18  0.0   0.0   0.09  0.0   0.11  0.0   
10    A     0.16  0.0   0.0   0.0   0.05  0.0   0.0   0.15  0.0   0.0   0.0   0.0   0.0   0.0   0.0   0.0   0.0   0.54  0.06  0.04  
11    L     0.21  0.0   0.0   0.0   0.0   0.0   0.0   0.0   0.0   0.2   0.28  0.0   0.0   0.14  0.0   0.0   0.0   0.0   0.0   0.17  
12    G     0.0   0.0   0.12  0.0   0.09  0.0   0.0   0.39  0.0   0.0   0.0   0.0   0.0   0.0   0.0   0.05  0.09  0.0   0.0   0.26  
13    T     0.21  0.0   0.0   0.0   0.05  0.0   0.0   0.03  0.0   0.11  0.0   0.0   0.0   0.15  0.0   0.0   0.33  0.0   0.0   0.11  
14    A     0.55  0.0   0.04  0.0   0.0   0.0   0.0   0.05  0.0   0.1   0.05  0.0   0.0   0.1   0.0   0.0   0.0   0.0   0.05  0.06  
15    L     0.1   0.0   0.0   0.0   0.0   0.0   0.0   0.38  0.0   0.0   0.39  0.0   0.0   0.0   0.0   0.0   0.0   0.0   0.0   0.14  
16    M     0.16  0.0   0.0   0.0   0.0   0.0   0.0   0.0   0.0   0.02  0.14  0.0   0.4   0.21  0.0   0.0   0.0   0.0   0.0   0.07  
17    G     0.05  0.0   0.0   0.0   0.0   0.0   0.0   0.26  0.0   0.0   0.35  0.0   0.0   0.21  0.0   0.0   0.03  0.0   0.0   0.07  
18    L     0.14  0.0   0.0   0.0   0.0   0.0   0.0   0.09  0.0   0.11  0.4   0.0   0.0   0.06  0.0   0.0   0.0   0.0   0.0   0.18  
19    G     0.07  0.0   0.0   0.0   0.06  0.0   0.0   0.41  0.0   0.06  0.05  0.0   0.0   0.0   0.0   0.23  0.0   0.0   0.0   0.09  
20    T     0.1   0.0   0.0   0.0   0.0   0.0   0.0   0.03  0.0   0.27  0.06  0.0   0.11  0.0   0.0   0.09  0.29  0.0   0.0   0.05  
21    L     0.05  0.0   0.0   0.0   0.0   0.0   0.0   0.04  0.0   0.05  0.5   0.0   0.0   0.05  0.0   0.0   0.05  0.0   0.0   0.26  
22    Y     0.11  0.0   0.0   0.0   0.06  0.0   0.0   0.0   0.0   0.09  0.17  0.0   0.0   0.1   0.0   0.0   0.05  0.0   0.24  0.19  
23    F     0.05  0.0   0.0   0.0   0.0   0.0   0.0   0.0   0.0   0.0   0.0   0.0   0.0   0.72  0.08  0.0   0.05  0.0   0.06  0.05  
24    L     0.1   0.0   0.0   0.0   0.0   0.0   0.0   0.04  0.0   0.16  0.23  0.0   0.02  0.1   0.05  0.0   0.0   0.0   0.0   0.3   
25    V     0.2   0.0   0.0   0.0   0.0   0.0   0.0   0.02  0.0   0.0   0.1   0.0   0.09  0.05  0.0   0.0   0.0   0.11  0.15  0.26  
26    K     0.13  0.17  0.0   0.02  0.0   0.0   0.1   0.0   0.0   0.0   0.11  0.04  0.19  0.13  0.0   0.0   0.0   0.0   0.04  0.06  
27    G     0.07  0.22  0.0   0.0   0.0   0.0   0.0   0.38  0.0   0.0   0.0   0.05  0.0   0.05  0.0   0.09  0.02  0.05  0.07  0.0   
28    M     0.09  0.24  0.0   0.13  0.0   0.0   0.0   0.0   0.0   0.05  0.04  0.09  0.02  0.05  0.0   0.0   0.05  0.18  0.04  0.0   
29    G     0.0   0.05  0.08  0.09  0.04  0.05  0.0   0.23  0.0   0.06  0.0   0.0   0.0   0.1   0.09  0.09  0.13  0.0   0.0   0.0   
30    V     0.09  0.05  0.0   0.0   0.0   0.0   0.08  0.0   0.0   0.08  0.15  0.0   0.0   0.0   0.0   0.03  0.05  0.0   0.0   0.44  
31    S     0.0   0.15  0.05  0.05  0.0   0.04  0.18  0.08  0.0   0.0   0.0   0.04  0.0   0.0   0.0   0.22  0.13  0.0   0.0   0.04  
32    D     0.03  0.0   0.1   0.38  0.0   0.0   0.03  0.1   0.04  0.0   0.06  0.01  0.0   0.0   0.15  0.06  0.01  0.0   0.0   0.01  
33    P     0.1   0.07  0.03  0.03  0.0   0.02  0.04  0.09  0.0   0.05  0.01  0.11  0.0   0.0   0.26  0.12  0.04  0.0   0.0   0.01  
34    D     0.01  0.32  0.0   0.07  0.0   0.06  0.16  0.11  0.0   0.0   0.01  0.14  0.0   0.0   0.03  0.08  0.0   0.0   0.0   0.01  
35    A     0.26  0.08  0.01  0.01  0.0   0.07  0.05  0.03  0.06  0.01  0.01  0.1   0.02  0.0   0.03  0.11  0.04  0.1   0.0   0.01  
36    K     0.0   0.52  0.0   0.0   0.0   0.24  0.02  0.0   0.0   0.0   0.0   0.18  0.0   0.0   0.0   0.0   0.0   0.0   0.0   0.0   
37    K     0.0   0.07  0.0   0.0   0.0   0.0   0.11  0.0   0.0   0.0   0.27  0.13  0.0   0.09  0.02  0.09  0.2   0.0   0.0   0.0   
38    F     0.03  0.06  0.0   0.0   0.0   0.0   0.0   0.0   0.0   0.18  0.0   0.0   0.0   0.33  0.0   0.1   0.06  0.0   0.2   0.04  
39    Y     0.02  0.05  0.0   0.04  0.0   0.0   0.0   0.0   0.14  0.0   0.21  0.0   0.0   0.04  0.0   0.0   0.0   0.04  0.43  0.02  
40    A     0.19  0.05  0.0   0.0   0.0   0.05  0.0   0.05  0.0   0.12  0.11  0.0   0.0   0.0   0.0   0.0   0.1   0.0   0.14  0.2   
41    I     0.32  0.0   0.0   0.0   0.0   0.0   0.0   0.0   0.0   0.23  0.08  0.0   0.0   0.05  0.03  0.02  0.12  0.0   0.0   0.15  
42    T     0.09  0.0   0.0   0.0   0.0   0.0   0.0   0.04  0.0   0.0   0.27  0.0   0.0   0.05  0.05  0.1   0.4   0.0   0.0   0.0   
43    T     0.2   0.0   0.0   0.0   0.0   0.0   0.0   0.1   0.0   0.37  0.09  0.0   0.02  0.0   0.05  0.05  0.09  0.0   0.0   0.03  
44    L     0.12  0.0   0.0   0.0   0.0   0.0   0.0   0.07  0.0   0.13  0.47  0.0   0.1   0.02  0.0   0.0   0.0   0.0   0.0   0.09  
45    V     0.0   0.0   0.0   0.0   0.0   0.0   0.0   0.0   0.05  0.56  0.05  0.0   0.0   0.0   0.08  0.0   0.0   0.0   0.0   0.25  
46    P     0.04  0.0   0.08  0.0   0.0   0.0   0.0   0.0   0.0   0.0   0.05  0.0   0.0   0.0   0.4   0.09  0.35  0.0   0.0   0.0   
47    A     0.14  0.0   0.0   0.0   0.0   0.0   0.0   0.36  0.0   0.0   0.2   0.0   0.0   0.1   0.0   0.05  0.07  0.0   0.0   0.09  
48    I     0.0   0.0   0.0   0.0   0.0   0.0   0.0   0.0   0.0   0.4   0.04  0.0   0.0   0.23  0.0   0.0   0.05  0.0   0.0   0.29  
49    A     0.63  0.0   0.0   0.0   0.0   0.0   0.05  0.05  0.0   0.0   0.0   0.0   0.08  0.0   0.0   0.18  0.0   0.0   0.0   0.0   
50    F     0.16  0.0   0.0   0.0   0.1   0.0   0.0   0.16  0.0   0.14  0.02  0.0   0.0   0.24  0.0   0.18  0.0   0.0   0.0   0.0   
51    T     0.19  0.0   0.0   0.0   0.0   0.0   0.0   0.0   0.0   0.16  0.21  0.0   0.0   0.05  0.0   0.13  0.02  0.1   0.0   0.14  
52    M     0.49  0.0   0.07  0.0   0.0   0.0   0.0   0.0   0.1   0.0   0.0   0.0   0.04  0.0   0.0   0.3   0.0   0.0   0.0   0.0   
53    Y     0.0   0.0   0.0   0.0   0.0   0.0   0.0   0.0   0.0   0.0   0.0   0.0   0.0   0.05  0.0   0.0   0.0   0.0   0.95  0.0   
54    L     0.08  0.0   0.0   0.0   0.0   0.0   0.0   0.0   0.0   0.0   0.3   0.0   0.05  0.3   0.0   0.0   0.1   0.0   0.0   0.17  
55    S     0.25  0.0   0.0   0.0   0.0   0.0   0.0   0.2   0.0   0.0   0.03  0.0   0.0   0.0   0.0   0.16  0.23  0.0   0.1   0.03  
56    M     0.0   0.0   0.0   0.0   0.0   0.0   0.0   0.0   0.0   0.0   0.13  0.0   0.82  0.0   0.0   0.0   0.0   0.0   0.05  0.0   
57    L     0.65  0.1   0.0   0.0   0.0   0.0   0.0   0.04  0.0   0.0   0.04  0.0   0.0   0.09  0.0   0.0   0.0   0.0   0.0   0.09  
58    L     0.0   0.0   0.0   0.0   0.05  0.0   0.0   0.1   0.0   0.0   0.29  0.0   0.0   0.13  0.0   0.29  0.11  0.0   0.03  0.0   
59    G     0.0   0.0   0.14  0.13  0.0   0.0   0.0   0.59  0.0   0.05  0.0   0.0   0.0   0.0   0.0   0.0   0.0   0.0   0.0   0.1   
60    Y     0.05  0.0   0.0   0.0   0.0   0.0   0.0   0.0   0.04  0.2   0.34  0.0   0.0   0.17  0.0   0.0   0.0   0.1   0.07  0.03  
61    G     0.04  0.0   0.0   0.0   0.0   0.0   0.0   0.74  0.0   0.1   0.0   0.0   0.0   0.0   0.0   0.0   0.13  0.0   0.0   0.0   
62    L     0.11  0.0   0.0   0.05  0.0   0.0   0.05  0.05  0.0   0.03  0.21  0.0   0.0   0.04  0.0   0.0   0.16  0.17  0.0   0.12  
63    T     0.0   0.0   0.0   0.0   0.0   0.05  0.0   0.05  0.0   0.11  0.04  0.06  0.0   0.0   0.0   0.05  0.48  0.0   0.0   0.15  
64    M     0.01  0.01  0.06  0.01  0.0   0.03  0.12  0.06  0.04  0.06  0.06  0.01  0.05  0.05  0.2   0.06  0.17  0.0   0.0   0.01  
65    V     0.01  0.01  0.01  0.01  0.0   0.01  0.01  0.01  0.0   0.14  0.04  0.01  0.07  0.01  0.01  0.01  0.01  0.0   0.01  0.61  
66    P     0.02  0.06  0.01  0.02  0.01  0.01  0.21  0.06  0.01  0.01  0.03  0.06  0.05  0.06  0.19  0.13  0.03  0.0   0.01  0.02  
67    F     0.13  0.02  0.01  0.06  0.01  0.01  0.02  0.02  0.01  0.13  0.19  0.02  0.01  0.09  0.04  0.08  0.02  0.0   0.01  0.12  
68    G     0.17  0.04  0.03  0.02  0.01  0.05  0.02  0.24  0.01  0.02  0.03  0.1   0.01  0.01  0.02  0.08  0.11  0.0   0.01  0.02  
69    G     0.06  0.01  0.01  0.03  0.0   0.01  0.05  0.57  0.02  0.01  0.01  0.01  0.0   0.01  0.01  0.08  0.01  0.0   0.09  0.01  
70    E     0.06  0.04  0.16  0.14  0.0   0.04  0.38  0.05  0.04  0.0   0.0   0.0   0.0   0.0   0.0   0.06  0.02  0.0   0.0   0.0   
71    Q     0.02  0.0   0.0   0.06  0.0   0.09  0.14  0.13  0.08  0.0   0.0   0.0   0.04  0.0   0.02  0.05  0.18  0.0   0.0   0.19  
72    N     0.05  0.36  0.05  0.0   0.0   0.0   0.0   0.0   0.09  0.05  0.07  0.0   0.0   0.0   0.1   0.0   0.04  0.0   0.0   0.19  
73    P     0.05  0.02  0.0   0.12  0.0   0.25  0.06  0.0   0.0   0.0   0.11  0.0   0.05  0.02  0.08  0.05  0.19  0.0   0.0   0.0   
74    I     0.0   0.0   0.0   0.0   0.0   0.0   0.0   0.0   0.0   0.45  0.05  0.0   0.0   0.0   0.0   0.07  0.06  0.0   0.0   0.38  
75    Y     0.0   0.0   0.0   0.0   0.0   0.05  0.0   0.04  0.0   0.0   0.0   0.0   0.02  0.31  0.06  0.0   0.05  0.05  0.35  0.07  
76    W     0.04  0.0   0.0   0.01  0.0   0.0   0.01  0.08  0.0   0.0   0.04  0.01  0.0   0.09  0.01  0.01  0.05  0.35  0.25  0.04  
77    A     0.32  0.01  0.01  0.01  0.0   0.01  0.01  0.18  0.0   0.01  0.13  0.01  0.0   0.01  0.04  0.11  0.01  0.0   0.0   0.14  
78    R     0.0   0.95  0.0   0.0   0.0   0.0   0.0   0.0   0.0   0.0   0.0   0.05  0.0   0.0   0.0   0.0   0.0   0.0   0.0   0.0   
79    Y     0.0   0.0   0.0   0.0   0.0   0.0   0.0   0.0   0.0   0.0   0.0   0.0   0.0   0.09  0.0   0.0   0.0   0.0   0.91  0.0   
80    A     0.21  0.0   0.0   0.0   0.0   0.0   0.0   0.0   0.0   0.35  0.17  0.0   0.0   0.0   0.0   0.03  0.04  0.0   0.0   0.2   
81    D     0.05  0.0   0.0   0.63  0.0   0.1   0.0   0.08  0.0   0.0   0.0   0.0   0.0   0.0   0.0   0.0   0.13  0.0   0.0   0.0   
82    W     0.0   0.0   0.0   0.0   0.0   0.0   0.0   0.0   0.0   0.0   0.0   0.0   0.0   0.0   0.0   0.0   0.0   1.0   0.0   0.0   
83    L     0.13  0.0   0.0   0.0   0.0   0.0   0.0   0.0   0.0   0.1   0.48  0.0   0.0   0.18  0.0   0.0   0.05  0.0   0.0   0.06  
84    F     0.0   0.0   0.0   0.0   0.0   0.0   0.0   0.0   0.0   0.1   0.46  0.0   0.0   0.24  0.0   0.0   0.0   0.0   0.0   0.2   
85    T     0.08  0.0   0.05  0.0   0.0   0.0   0.0   0.0   0.0   0.0   0.0   0.0   0.0   0.0   0.0   0.23  0.63  0.0   0.0   0.0   
86    T     0.0   0.0   0.0   0.0   0.0   0.0   0.0   0.0   0.0   0.0   0.04  0.0   0.0   0.14  0.0   0.0   0.67  0.05  0.0   0.1   
87    P     0.0   0.0   0.0   0.0   0.0   0.0   0.0   0.0   0.0   0.0   0.0   0.0   0.0   0.0   1.0   0.0   0.0   0.0   0.0   0.0   
88    L     0.0   0.0   0.0   0.0   0.05  0.0   0.0   0.0   0.0   0.07  0.67  0.0   0.12  0.0   0.0   0.0   0.0   0.09  0.0   0.0   
89    L     0.0   0.0   0.04  0.0   0.0   0.05  0.0   0.0   0.0   0.28  0.54  0.0   0.0   0.0   0.09  0.0   0.0   0.0   0.0   0.0   
90    L     0.0   0.0   0.0   0.0   0.0   0.0   0.0   0.0   0.0   0.22  0.47  0.0   0.0   0.0   0.0   0.0   0.04  0.0   0.0   0.27  
91    L     0.0   0.0   0.0   0.0   0.06  0.0   0.0   0.11  0.0   0.15  0.35  0.0   0.0   0.05  0.0   0.0   0.0   0.04  0.15  0.1   
92    D     0.12  0.0   0.0   0.24  0.0   0.09  0.2   0.0   0.0   0.0   0.05  0.0   0.05  0.16  0.0   0.0   0.0   0.0   0.1   0.0   
93    L     0.0   0.0   0.0   0.0   0.0   0.0   0.0   0.0   0.0   0.2   0.59  0.0   0.04  0.11  0.0   0.0   0.0   0.0   0.0   0.06  
94    A     0.23  0.0   0.0   0.0   0.09  0.0   0.05  0.36  0.05  0.0   0.05  0.0   0.0   0.0   0.0   0.06  0.0   0.0   0.11  0.0   
95    L     0.0   0.04  0.0   0.0   0.0   0.0   0.0   0.0   0.0   0.0   0.7   0.0   0.08  0.0   0.0   0.0   0.0   0.07  0.11  0.0   
96    L     0.14  0.0   0.02  0.0   0.0   0.0   0.0   0.0   0.0   0.11  0.61  0.0   0.0   0.0   0.0   0.0   0.07  0.0   0.0   0.05  
97    V     0.73  0.0   0.0   0.0   0.0   0.0   0.0   0.04  0.0   0.0   0.11  0.0   0.0   0.0   0.0   0.0   0.05  0.0   0.0   0.07  
98    D     0.11  0.03  0.02  0.07  0.0   0.0   0.02  0.66  0.0   0.0   0.0   0.03  0.0   0.0   0.0   0.05  0.0   0.0   0.0   0.0   
99    A     0.45  0.0   0.0   0.0   0.0   0.0   0.0   0.0   0.0   0.0   0.08  0.0   0.0   0.0   0.03  0.05  0.17  0.0   0.0   0.21  
100   D     0.06  0.03  0.08  0.34  0.05  0.0   0.0   0.03  0.0   0.0   0.0   0.0   0.0   0.0   0.09  0.28  0.05  0.0   0.0   0.0   
101   Q     0.02  0.29  0.02  0.0   0.0   0.04  0.0   0.09  0.03  0.08  0.11  0.03  0.02  0.04  0.0   0.04  0.19  0.0   0.0   0.0   
102   G     0.09  0.22  0.15  0.0   0.0   0.07  0.09  0.04  0.0   0.0   0.05  0.0   0.0   0.0   0.0   0.11  0.06  0.09  0.0   0.03  
103   T     0.09  0.0   0.0   0.14  0.0   0.09  0.08  0.0   0.04  0.0   0.0   0.05  0.0   0.0   0.0   0.12  0.27  0.0   0.0   0.11  
104   I     0.11  0.04  0.0   0.0   0.0   0.0   0.0   0.0   0.0   0.43  0.2   0.0   0.06  0.04  0.0   0.03  0.08  0.0   0.0   0.0   
105   L     0.3   0.04  0.0   0.0   0.0   0.0   0.0   0.17  0.0   0.02  0.12  0.0   0.0   0.21  0.0   0.0   0.03  0.0   0.07  0.04  
106   A     0.04  0.0   0.0   0.0   0.0   0.0   0.0   0.11  0.0   0.09  0.04  0.07  0.04  0.09  0.0   0.2   0.22  0.03  0.05  0.02  
107   L     0.17  0.0   0.09  0.0   0.0   0.05  0.0   0.0   0.0   0.0   0.41  0.0   0.0   0.0   0.0   0.0   0.05  0.0   0.0   0.23  
108   V     0.0   0.0   0.0   0.0   0.0   0.0   0.0   0.0   0.0   0.33  0.19  0.0   0.11  0.0   0.0   0.0   0.0   0.0   0.0   0.37  
109   G     0.19  0.0   0.0   0.0   0.09  0.0   0.0   0.18  0.0   0.05  0.02  0.0   0.0   0.05  0.0   0.05  0.11  0.0   0.0   0.26  
110   A     0.32  0.0   0.0   0.0   0.0   0.0   0.0   0.16  0.0   0.11  0.16  0.0   0.12  0.02  0.0   0.0   0.0   0.0   0.05  0.05  
111   D     0.0   0.0   0.08  0.55  0.0   0.04  0.0   0.0   0.0   0.0   0.0   0.0   0.0   0.0   0.0   0.15  0.14  0.0   0.0   0.05  
112   G     0.27  0.0   0.0   0.0   0.0   0.0   0.09  0.02  0.0   0.15  0.21  0.0   0.0   0.0   0.0   0.0   0.04  0.0   0.0   0.23  
113   I     0.02  0.0   0.0   0.0   0.0   0.0   0.0   0.1   0.0   0.14  0.27  0.0   0.0   0.24  0.0   0.0   0.0   0.0   0.0   0.23  
114   M     0.05  0.0   0.0   0.0   0.0   0.0   0.0   0.0   0.0   0.0   0.05  0.0   0.66  0.09  0.0   0.0   0.04  0.05  0.0   0.07  
115   I     0.0   0.0   0.0   0.0   0.12  0.0   0.0   0.0   0.0   0.51  0.11  0.0   0.04  0.0   0.0   0.0   0.09  0.0   0.0   0.14  
116   G     0.08  0.0   0.0   0.0   0.0   0.0   0.0   0.21  0.0   0.06  0.17  0.0   0.0   0.0   0.0   0.0   0.0   0.0   0.0   0.47  
117   T     0.14  0.0   0.0   0.0   0.18  0.0   0.0   0.03  0.0   0.0   0.0   0.0   0.0   0.13  0.0   0.05  0.4   0.0   0.0   0.07  
118   G     0.0   0.0   0.0   0.0   0.0   0.0   0.0   0.79  0.0   0.0   0.1   0.0   0.0   0.0   0.0   0.0   0.0   0.09  0.0   0.0   
119   L     0.04  0.0   0.0   0.0   0.0   0.0   0.01  0.03  0.0   0.04  0.58  0.0   0.0   0.13  0.0   0.01  0.01  0.0   0.1   0.03  
120   V     0.45  0.0   0.0   0.0   0.0   0.0   0.0   0.0   0.0   0.16  0.02  0.0   0.06  0.05  0.0   0.0   0.0   0.0   0.0   0.24  
121   G     0.53  0.0   0.0   0.0   0.0   0.0   0.0   0.47  0.0   0.0   0.0   0.0   0.0   0.0   0.0   0.0   0.0   0.0   0.0   0.0   
122   A     0.66  0.0   0.0   0.0   0.0   0.0   0.05  0.0   0.0   0.0   0.01  0.0   0.0   0.04  0.0   0.08  0.11  0.0   0.0   0.0   
123   L     0.06  0.0   0.0   0.0   0.09  0.0   0.0   0.0   0.0   0.0   0.54  0.0   0.08  0.0   0.0   0.0   0.0   0.0   0.0   0.19  
124   T     0.0   0.0   0.0   0.0   0.0   0.0   0.06  0.1   0.0   0.05  0.0   0.0   0.05  0.0   0.0   0.19  0.28  0.0   0.0   0.28  
125   K     0.1   0.0   0.0   0.0   0.0   0.03  0.04  0.0   0.12  0.0   0.05  0.13  0.04  0.0   0.15  0.24  0.1   0.0   0.0   0.0   
126   V     0.14  0.0   0.0   0.05  0.0   0.03  0.0   0.16  0.0   0.0   0.01  0.0   0.0   0.0   0.0   0.44  0.08  0.0   0.0   0.06  
127   Y     0.06  0.01  0.01  0.01  0.01  0.01  0.02  0.39  0.06  0.07  0.02  0.02  0.01  0.01  0.14  0.02  0.02  0.0   0.08  0.04  
128   S     0.17  0.0   0.0   0.0   0.0   0.0   0.0   0.02  0.0   0.05  0.14  0.0   0.06  0.0   0.08  0.06  0.29  0.0   0.0   0.12  
129   Y     0.15  0.0   0.0   0.0   0.0   0.08  0.11  0.0   0.0   0.0   0.28  0.0   0.02  0.02  0.0   0.0   0.02  0.0   0.25  0.07  
130   R     0.06  0.47  0.0   0.0   0.0   0.0   0.0   0.0   0.0   0.0   0.0   0.39  0.0   0.0   0.0   0.04  0.0   0.0   0.0   0.0   
131   F     0.0   0.0   0.0   0.0   0.0   0.0   0.0   0.0   0.0   0.05  0.08  0.0   0.0   0.02  0.0   0.0   0.0   0.64  0.16  0.0   
132   V     0.29  0.0   0.0   0.0   0.0   0.0   0.0   0.23  0.0   0.04  0.03  0.0   0.0   0.02  0.11  0.02  0.04  0.0   0.0   0.23  
133   W     0.15  0.0   0.0   0.0   0.0   0.0   0.0   0.0   0.0   0.0   0.18  0.0   0.0   0.14  0.0   0.0   0.0   0.3   0.23  0.0   
134   W     0.0   0.0   0.0   0.0   0.0   0.0   0.0   0.0   0.0   0.0   0.0   0.0   0.0   0.37  0.0   0.0   0.0   0.24  0.4   0.0   
135   A     0.24  0.0   0.0   0.0   0.0   0.0   0.0   0.31  0.0   0.11  0.08  0.0   0.0   0.0   0.0   0.0   0.26  0.0   0.0   0.0   
136   I     0.0   0.0   0.0   0.0   0.0   0.0   0.0   0.0   0.0   0.54  0.0   0.0   0.04  0.15  0.0   0.0   0.0   0.0   0.0   0.27  
137   S     0.0   0.0   0.0   0.0   0.0   0.0   0.0   0.44  0.0   0.0   0.0   0.0   0.0   0.0   0.0   0.56  0.0   0.0   0.0   0.0   
138   T     0.16  0.0   0.0   0.0   0.2   0.0   0.0   0.04  0.0   0.04  0.04  0.0   0.05  0.05  0.0   0.05  0.32  0.0   0.0   0.05  
139   A     0.35  0.0   0.0   0.0   0.0   0.0   0.0   0.12  0.0   0.14  0.08  0.0   0.0   0.04  0.0   0.05  0.0   0.0   0.0   0.22  
140   A     0.44  0.0   0.0   0.0   0.04  0.0   0.0   0.13  0.0   0.0   0.04  0.0   0.0   0.28  0.0   0.06  0.0   0.0   0.0   0.0   
141   M     0.09  0.0   0.0   0.0   0.0   0.0   0.0   0.0   0.11  0.0   0.14  0.0   0.13  0.3   0.0   0.0   0.0   0.11  0.13  0.0   
142   L     0.03  0.0   0.0   0.0   0.0   0.0   0.0   0.04  0.0   0.2   0.4   0.0   0.0   0.09  0.0   0.0   0.0   0.0   0.0   0.24  
143   Y     0.08  0.0   0.0   0.0   0.0   0.0   0.0   0.11  0.0   0.08  0.0   0.0   0.0   0.12  0.0   0.09  0.02  0.0   0.18  0.32  
144   I     0.05  0.0   0.0   0.0   0.0   0.0   0.0   0.0   0.0   0.07  0.36  0.0   0.11  0.0   0.0   0.0   0.05  0.0   0.0   0.36  
145   L     0.0   0.0   0.0   0.0   0.04  0.05  0.0   0.0   0.0   0.19  0.48  0.0   0.0   0.11  0.0   0.04  0.0   0.05  0.0   0.04  
146   Y     0.16  0.0   0.0   0.0   0.0   0.0   0.0   0.05  0.0   0.09  0.0   0.0   0.0   0.0   0.0   0.02  0.0   0.04  0.64  0.0   
147   V     0.04  0.0   0.0   0.0   0.0   0.0   0.11  0.03  0.04  0.05  0.08  0.0   0.0   0.09  0.0   0.09  0.0   0.0   0.25  0.22  
148   L     0.0   0.0   0.0   0.0   0.0   0.0   0.0   0.0   0.0   0.05  0.82  0.0   0.0   0.0   0.0   0.0   0.0   0.0   0.04  0.09  
149   F     0.06  0.0   0.0   0.0   0.05  0.0   0.0   0.0   0.05  0.04  0.25  0.0   0.09  0.09  0.0   0.0   0.0   0.06  0.2   0.11  
150   F     0.15  0.1   0.0   0.0   0.0   0.05  0.0   0.12  0.0   0.0   0.04  0.09  0.05  0.02  0.0   0.07  0.16  0.05  0.0   0.1   
151   G     0.06  0.05  0.05  0.02  0.0   0.03  0.08  0.15  0.09  0.02  0.0   0.07  0.0   0.0   0.04  0.13  0.18  0.0   0.0   0.02  
152   F     0.02  0.0   0.0   0.0   0.0   0.05  0.06  0.09  0.0   0.06  0.19  0.0   0.04  0.11  0.0   0.11  0.04  0.12  0.05  0.07  
153   S     0.24  0.0   0.0   0.02  0.0   0.04  0.04  0.02  0.0   0.0   0.0   0.02  0.0   0.05  0.24  0.17  0.16  0.0   0.0   0.0   
154   M     0.19  0.29  0.0   0.1   0.0   0.02  0.08  0.05  0.05  0.0   0.02  0.02  0.02  0.05  0.0   0.05  0.02  0.0   0.0   0.04  
155   R     0.06  0.17  0.07  0.27  0.0   0.0   0.0   0.06  0.0   0.0   0.0   0.0   0.0   0.0   0.0   0.22  0.13  0.0   0.0   0.02  
156   P     0.28  0.0   0.04  0.0   0.0   0.0   0.07  0.0   0.0   0.0   0.1   0.04  0.0   0.0   0.31  0.05  0.05  0.0   0.0   0.04  
157   E     0.11  0.06  0.0   0.2   0.0   0.04  0.25  0.0   0.0   0.0   0.0   0.11  0.04  0.05  0.0   0.1   0.04  0.0   0.0   0.0   
158   V     0.18  0.04  0.0   0.0   0.0   0.1   0.0   0.0   0.0   0.06  0.02  0.0   0.0   0.0   0.0   0.08  0.17  0.0   0.0   0.34  
159   A     0.23  0.37  0.05  0.0   0.0   0.11  0.0   0.0   0.0   0.07  0.0   0.04  0.0   0.0   0.0   0.09  0.04  0.0   0.0   0.0   
160   S     0.05  0.0   0.04  0.0   0.0   0.0   0.0   0.37  0.0   0.0   0.04  0.0   0.0   0.0   0.0   0.47  0.02  0.0   0.0   0.0   
161   T     0.12  0.05  0.0   0.01  0.0   0.0   0.01  0.01  0.0   0.0   0.33  0.02  0.0   0.0   0.01  0.01  0.34  0.0   0.0   0.08  
162   F     0.0   0.0   0.0   0.0   0.0   0.0   0.0   0.0   0.0   0.0   0.05  0.0   0.0   0.73  0.0   0.0   0.0   0.0   0.18  0.0   
163   K     0.0   0.04  0.36  0.02  0.0   0.04  0.0   0.17  0.0   0.04  0.04  0.08  0.0   0.0   0.0   0.1   0.04  0.0   0.0   0.07  
164   V     0.12  0.09  0.0   0.0   0.0   0.0   0.0   0.04  0.0   0.0   0.11  0.0   0.0   0.05  0.0   0.04  0.42  0.0   0.0   0.13  
165   L     0.0   0.0   0.0   0.0   0.0   0.0   0.0   0.0   0.0   0.0   0.81  0.0   0.11  0.09  0.0   0.0   0.0   0.0   0.0   0.0   
166   R     0.04  0.42  0.0   0.0   0.0   0.0   0.0   0.0   0.0   0.0   0.0   0.19  0.2   0.04  0.0   0.0   0.05  0.05  0.0   0.0   
167   N     0.05  0.05  0.4   0.04  0.0   0.0   0.0   0.0   0.0   0.03  0.07  0.0   0.05  0.0   0.0   0.13  0.0   0.02  0.06  0.09  
168   V     0.0   0.0   0.0   0.0   0.05  0.0   0.0   0.05  0.11  0.3   0.35  0.0   0.0   0.08  0.0   0.0   0.0   0.0   0.0   0.06  
169   T     0.04  0.0   0.0   0.0   0.0   0.0   0.0   0.0   0.0   0.28  0.0   0.0   0.0   0.0   0.0   0.0   0.34  0.0   0.05  0.3   
170   V     0.04  0.0   0.0   0.0   0.0   0.0   0.0   0.11  0.0   0.12  0.15  0.0   0.09  0.0   0.0   0.0   0.05  0.0   0.05  0.39  
171   V     0.02  0.0   0.0   0.0   0.0   0.0   0.0   0.03  0.0   0.11  0.2   0.0   0.0   0.14  0.0   0.0   0.0   0.0   0.0   0.5   
172   L     0.02  0.0   0.0   0.0   0.0   0.0   0.0   0.11  0.0   0.05  0.64  0.0   0.02  0.0   0.0   0.0   0.06  0.0   0.0   0.1   
173   W     0.0   0.0   0.0   0.0   0.0   0.0   0.0   0.0   0.0   0.0   0.05  0.0   0.0   0.0   0.0   0.0   0.0   0.95  0.0   0.0   
174   S     0.21  0.0   0.0   0.0   0.0   0.0   0.0   0.0   0.0   0.09  0.44  0.0   0.0   0.07  0.0   0.06  0.13  0.0   0.0   0.0   
175   A     0.32  0.0   0.0   0.0   0.0   0.0   0.0   0.13  0.0   0.18  0.23  0.0   0.0   0.0   0.0   0.0   0.0   0.0   0.0   0.11  
176   Y     0.0   0.0   0.0   0.0   0.0   0.0   0.0   0.0   0.0   0.0   0.0   0.0   0.0   0.0   0.0   0.0   0.0   0.0   1.0   0.0   
177   P     0.0   0.0   0.0   0.0   0.0   0.0   0.0   0.0   0.0   0.0   0.0   0.0   0.0   0.05  0.9   0.0   0.0   0.0   0.05  0.0   
178   V     0.1   0.0   0.0   0.0   0.0   0.0   0.0   0.0   0.0   0.35  0.07  0.0   0.0   0.08  0.0   0.0   0.09  0.0   0.0   0.32  
179   V     0.08  0.0   0.0   0.0   0.18  0.0   0.0   0.11  0.0   0.08  0.12  0.0   0.0   0.03  0.0   0.0   0.0   0.05  0.0   0.33  
180   W     0.0   0.0   0.0   0.0   0.0   0.0   0.0   0.0   0.0   0.0   0.0   0.0   0.0   0.09  0.0   0.0   0.0   0.76  0.15  0.0   
181   L     0.17  0.0   0.0   0.0   0.0   0.0   0.0   0.18  0.0   0.15  0.4   0.0   0.0   0.1   0.0   0.0   0.0   0.0   0.0   0.0   
182   I     0.04  0.0   0.0   0.0   0.05  0.0   0.0   0.0   0.0   0.22  0.4   0.0   0.09  0.02  0.0   0.0   0.06  0.0   0.0   0.12  
183   G     0.06  0.01  0.01  0.01  0.0   0.01  0.01  0.71  0.01  0.01  0.02  0.01  0.01  0.01  0.01  0.05  0.01  0.0   0.01  0.01  
184   S     0.11  0.0   0.0   0.0   0.0   0.0   0.0   0.1   0.0   0.0   0.0   0.0   0.0   0.0   0.22  0.18  0.27  0.0   0.06  0.06  
185   E     0.14  0.0   0.0   0.14  0.0   0.0   0.52  0.03  0.0   0.0   0.1   0.0   0.0   0.0   0.04  0.0   0.0   0.0   0.0   0.0   
186   G     0.0   0.0   0.0   0.0   0.0   0.0   0.0   0.94  0.0   0.0   0.0   0.0   0.06  0.0   0.0   0.0   0.0   0.0   0.0   0.0   
187   A     0.12  0.0   0.0   0.0   0.0   0.0   0.0   0.27  0.0   0.15  0.22  0.0   0.0   0.02  0.0   0.0   0.06  0.0   0.0   0.15  
188   G     0.18  0.04  0.23  0.06  0.0   0.0   0.0   0.44  0.0   0.0   0.0   0.0   0.0   0.0   0.0   0.0   0.0   0.0   0.05  0.0   
189   I     0.05  0.09  0.0   0.0   0.0   0.0   0.02  0.06  0.0   0.15  0.27  0.0   0.0   0.07  0.0   0.0   0.0   0.0   0.0   0.29  
190   V     0.07  0.0   0.0   0.0   0.0   0.0   0.0   0.06  0.0   0.22  0.26  0.0   0.04  0.0   0.0   0.05  0.1   0.0   0.0   0.21  
191   P     0.03  0.0   0.1   0.07  0.0   0.21  0.0   0.18  0.0   0.0   0.0   0.0   0.0   0.0   0.06  0.22  0.13  0.0   0.0   0.0   
192   L     0.14  0.0   0.0   0.0   0.0   0.0   0.0   0.02  0.0   0.07  0.2   0.0   0.0   0.0   0.22  0.0   0.03  0.0   0.04  0.26  
193   N     0.06  0.0   0.07  0.18  0.0   0.0   0.07  0.2   0.0   0.05  0.06  0.0   0.0   0.02  0.06  0.0   0.11  0.0   0.04  0.09  
194   I     0.0   0.0   0.06  0.04  0.0   0.0   0.0   0.25  0.0   0.16  0.03  0.0   0.04  0.0   0.0   0.14  0.11  0.02  0.0   0.13  
195   E     0.17  0.0   0.0   0.04  0.0   0.0   0.43  0.0   0.0   0.0   0.1   0.0   0.0   0.0   0.0   0.0   0.13  0.0   0.04  0.07  
196   T     0.17  0.0   0.1   0.0   0.0   0.0   0.0   0.05  0.0   0.08  0.0   0.0   0.05  0.0   0.0   0.17  0.32  0.0   0.0   0.04  
197   L     0.13  0.0   0.0   0.0   0.0   0.0   0.0   0.0   0.0   0.31  0.37  0.0   0.03  0.04  0.0   0.0   0.0   0.12  0.0   0.0   
198   L     0.12  0.0   0.0   0.0   0.0   0.0   0.0   0.13  0.0   0.15  0.19  0.0   0.0   0.18  0.0   0.0   0.11  0.05  0.0   0.07  
199   F     0.0   0.0   0.0   0.0   0.0   0.0   0.0   0.0   0.0   0.04  0.0   0.0   0.0   0.21  0.0   0.0   0.0   0.0   0.65  0.11  
200   M     0.13  0.0   0.11  0.0   0.0   0.0   0.0   0.18  0.0   0.0   0.0   0.0   0.21  0.0   0.0   0.17  0.04  0.0   0.0   0.16  
201   V     0.0   0.0   0.0   0.0   0.0   0.0   0.0   0.07  0.0   0.18  0.13  0.0   0.03  0.13  0.0   0.0   0.0   0.0   0.11  0.35  
202   L     0.11  0.0   0.0   0.0   0.0   0.0   0.0   0.0   0.0   0.12  0.73  0.0   0.04  0.0   0.0   0.0   0.0   0.0   0.0   0.0   
203   D     0.0   0.0   0.0   1.0   0.0   0.0   0.0   0.0   0.0   0.0   0.0   0.0   0.0   0.0   0.0   0.0   0.0   0.0   0.0   0.0   
204   V     0.0   0.0   0.0   0.0   0.0   0.0   0.0   0.0   0.0   0.18  0.42  0.0   0.0   0.15  0.0   0.0   0.04  0.0   0.0   0.2   
205   S     0.0   0.0   0.0   0.0   0.0   0.0   0.0   0.06  0.0   0.16  0.21  0.0   0.0   0.08  0.0   0.05  0.13  0.0   0.0   0.3   
206   A     0.7   0.0   0.13  0.0   0.0   0.0   0.0   0.0   0.0   0.0   0.0   0.0   0.0   0.0   0.0   0.04  0.12  0.0   0.0   0.0   
207   K     0.0   0.0   0.0   0.0   0.0   0.0   0.0   0.07  0.0   0.0   0.0   0.93  0.0   0.0   0.0   0.0   0.0   0.0   0.0   0.0   
208   V     0.0   0.0   0.0   0.0   0.0   0.0   0.0   0.0   0.0   0.22  0.0   0.0   0.0   0.0   0.13  0.0   0.0   0.0   0.15  0.5   
209   G     0.04  0.0   0.0   0.0   0.0   0.0   0.0   0.41  0.0   0.1   0.18  0.0   0.0   0.0   0.14  0.0   0.0   0.0   0.0   0.13  
210   F     0.0   0.0   0.0   0.0   0.0   0.0   0.0   0.0   0.0   0.0   0.0   0.0   0.0   0.86  0.0   0.0   0.0   0.0   0.14  0.0   
211   G     0.15  0.0   0.0   0.0   0.0   0.0   0.0   0.54  0.0   0.0   0.07  0.0   0.05  0.0   0.0   0.0   0.0   0.0   0.0   0.18  
212   L     0.11  0.0   0.0   0.0   0.0   0.0   0.0   0.0   0.0   0.07  0.16  0.0   0.0   0.4   0.0   0.05  0.0   0.0   0.14  0.07  
213   I     0.0   0.0   0.0   0.0   0.0   0.0   0.0   0.0   0.0   0.52  0.11  0.0   0.0   0.25  0.0   0.0   0.0   0.06  0.0   0.06  
214   L     0.09  0.0   0.0   0.0   0.0   0.0   0.0   0.0   0.0   0.12  0.56  0.0   0.0   0.23  0.0   0.0   0.0   0.0   0.0   0.0   
215   L     0.0   0.0   0.0   0.0   0.0   0.0   0.0   0.0   0.0   0.0   0.83  0.0   0.0   0.0   0.0   0.0   0.0   0.0   0.17  0.0   
216   R     0.21  0.4   0.04  0.07  0.0   0.07  0.05  0.0   0.0   0.0   0.08  0.0   0.0   0.0   0.0   0.0   0.0   0.0   0.0   0.08  
217   S     0.08  0.36  0.0   0.0   0.0   0.0   0.0   0.0   0.0   0.0   0.0   0.0   0.0   0.0   0.0   0.56  0.0   0.0   0.0   0.0   
218   R     0.09  0.59  0.0   0.0   0.0   0.07  0.0   0.0   0.24  0.0   0.0   0.0   0.0   0.0   0.0   0.0   0.0   0.0   0.0   0.0   
219   A     0.39  0.18  0.0   0.07  0.0   0.22  0.0   0.08  0.0   0.0   0.0   0.0   0.0   0.0   0.0   0.06  0.0   0.0   0.0   0.0   
220   I     0.22  0.0   0.0   0.0   0.0   0.0   0.0   0.0   0.0   0.25  0.0   0.0   0.0   0.0   0.0   0.0   0.09  0.0   0.0   0.43  
221   F     0.0   0.0   0.0   0.0   0.0   0.0   0.0   0.0   0.0   0.0   0.45  0.0   0.16  0.34  0.0   0.0   0.0   0.0   0.0   0.05  
222   G     0.33  0.0   0.0   0.0   0.0   0.0   0.0   0.67  0.0   0.0   0.0   0.0   0.0   0.0   0.0   0.0   0.0   0.0   0.0   0.0   
