             A     R     N     D     C     Q     E     G     H     I     L     K     M     F     P     S     T     W     Y     V
1     A     0.35  0.0   0.0   0.0   0.0   0.0   0.0   0.0   0.0   0.0   0.0   0.0   0.0   0.0   0.0   0.65  0.0   0.0   0.0   0.0   
2     P     0.0   0.08  0.04  0.0   0.0   0.0   0.05  0.0   0.0   0.09  0.0   0.11  0.0   0.0   0.1   0.16  0.35  0.0   0.0   0.04  
3     D     0.0   0.04  0.0   0.38  0.0   0.07  0.03  0.05  0.02  0.0   0.0   0.37  0.0   0.0   0.0   0.03  0.02  0.0   0.0   0.0   
4     G     0.06  0.03  0.2   0.03  0.0   0.0   0.0   0.33  0.0   0.0   0.0   0.11  0.0   0.0   0.0   0.07  0.16  0.0   0.0   0.0   
5     T     0.06  0.23  0.03  0.01  0.04  0.05  0.12  0.15  0.0   0.01  0.01  0.16  0.0   0.0   0.01  0.01  0.07  0.0   0.0   0.04  
6     L     0.0   0.0   0.0   0.0   0.0   0.0   0.0   0.0   0.0   0.08  0.63  0.0   0.0   0.12  0.13  0.0   0.0   0.0   0.0   0.03  
7     S     0.0   0.0   0.0   0.04  0.0   0.0   0.0   0.03  0.71  0.0   0.0   0.0   0.0   0.0   0.0   0.22  0.0   0.0   0.0   0.0   
8     A     0.14  0.0   0.0   0.0   0.0   0.0   0.0   0.0   0.03  0.0   0.14  0.03  0.04  0.0   0.61  0.02  0.0   0.0   0.0   0.0   
9     L     0.03  0.0   0.0   0.0   0.04  0.0   0.0   0.0   0.0   0.18  0.25  0.0   0.04  0.0   0.0   0.0   0.0   0.0   0.0   0.46  
10    Q     0.0   0.03  0.0   0.0   0.0   0.9   0.0   0.0   0.07  0.0   0.0   0.0   0.0   0.0   0.0   0.0   0.0   0.0   0.0   0.0   
11    E     0.07  0.1   0.0   0.03  0.0   0.28  0.38  0.0   0.0   0.0   0.0   0.11  0.0   0.0   0.0   0.0   0.04  0.0   0.0   0.0   
12    G     0.42  0.45  0.0   0.0   0.03  0.0   0.0   0.05  0.0   0.0   0.0   0.0   0.0   0.0   0.0   0.05  0.0   0.0   0.0   0.0   
13    F     0.0   0.0   0.0   0.0   0.0   0.0   0.0   0.0   0.0   0.21  0.17  0.0   0.15  0.36  0.0   0.0   0.0   0.08  0.03  0.0   
14    R     0.4   0.02  0.0   0.0   0.0   0.0   0.0   0.0   0.06  0.12  0.06  0.03  0.0   0.0   0.0   0.13  0.0   0.0   0.03  0.15  
15    M     0.04  0.03  0.0   0.17  0.0   0.02  0.14  0.14  0.0   0.02  0.05  0.33  0.04  0.0   0.0   0.02  0.0   0.0   0.0   0.0   
16    M     0.06  0.0   0.05  0.0   0.1   0.0   0.14  0.06  0.08  0.0   0.02  0.06  0.02  0.16  0.0   0.13  0.0   0.0   0.0   0.11  
17    H     0.0   0.0   0.02  0.04  0.0   0.08  0.0   0.24  0.54  0.0   0.03  0.0   0.0   0.03  0.0   0.02  0.0   0.0   0.0   0.0   
18    G     0.32  0.0   0.0   0.0   0.0   0.0   0.0   0.52  0.0   0.0   0.0   0.0   0.0   0.0   0.0   0.01  0.0   0.0   0.0   0.15  
19    L     0.08  0.0   0.0   0.0   0.0   0.0   0.0   0.0   0.0   0.0   0.17  0.0   0.0   0.08  0.04  0.29  0.18  0.0   0.0   0.17  
20    Q     0.0   0.0   0.0   0.0   0.0   1.0   0.0   0.0   0.0   0.0   0.0   0.0   0.0   0.0   0.0   0.0   0.0   0.0   0.0   0.0   
21    C     0.0   0.0   0.0   0.0   0.89  0.0   0.0   0.0   0.0   0.0   0.0   0.0   0.0   0.0   0.0   0.11  0.0   0.0   0.0   0.0   
22    G     0.0   0.0   0.0   0.0   0.0   0.0   0.0   1.0   0.0   0.0   0.0   0.0   0.0   0.0   0.0   0.0   0.0   0.0   0.0   0.0   
23    Y     0.0   0.0   0.0   0.0   0.0   0.0   0.0   0.0   0.0   0.0   0.0   0.0   0.0   0.68  0.0   0.0   0.0   0.0   0.32  0.0   
24    C     0.0   0.0   0.11  0.0   0.89  0.0   0.0   0.0   0.0   0.0   0.0   0.0   0.0   0.0   0.0   0.0   0.0   0.0   0.0   0.0   
25    T     0.0   0.0   0.0   0.11  0.0   0.04  0.0   0.0   0.0   0.0   0.0   0.0   0.04  0.0   0.0   0.1   0.71  0.0   0.0   0.0   
26    P     0.03  0.0   0.04  0.0   0.0   0.0   0.0   0.0   0.0   0.0   0.0   0.0   0.0   0.0   0.81  0.12  0.0   0.0   0.0   0.0   
27    G     0.11  0.0   0.0   0.0   0.0   0.0   0.0   0.89  0.0   0.0   0.0   0.0   0.0   0.0   0.0   0.0   0.0   0.0   0.0   0.0   
28    M     0.11  0.0   0.0   0.0   0.0   0.08  0.0   0.0   0.0   0.14  0.06  0.0   0.48  0.13  0.0   0.0   0.0   0.0   0.0   0.0   
29    I     0.11  0.0   0.0   0.0   0.1   0.0   0.0   0.0   0.0   0.37  0.09  0.0   0.0   0.0   0.0   0.03  0.0   0.0   0.0   0.29  
30    M     0.0   0.0   0.0   0.0   0.04  0.0   0.0   0.0   0.0   0.07  0.14  0.0   0.66  0.0   0.0   0.0   0.0   0.0   0.0   0.09  
31    R     0.12  0.05  0.0   0.0   0.0   0.07  0.0   0.0   0.0   0.11  0.0   0.0   0.0   0.0   0.0   0.52  0.13  0.0   0.0   0.0   
32    S     0.2   0.0   0.0   0.0   0.0   0.0   0.0   0.0   0.0   0.23  0.25  0.0   0.16  0.0   0.0   0.1   0.06  0.0   0.0   0.0   
33    H     0.04  0.0   0.0   0.03  0.0   0.0   0.03  0.0   0.02  0.0   0.0   0.18  0.0   0.09  0.0   0.0   0.14  0.0   0.43  0.04  
34    R     0.44  0.05  0.0   0.11  0.0   0.0   0.0   0.04  0.0   0.0   0.0   0.0   0.0   0.03  0.04  0.15  0.12  0.0   0.03  0.0   
35    L     0.13  0.0   0.0   0.0   0.0   0.0   0.0   0.0   0.0   0.0   0.67  0.0   0.05  0.07  0.0   0.03  0.0   0.0   0.0   0.04  
36    L     0.0   0.0   0.0   0.0   0.0   0.0   0.0   0.0   0.0   0.02  0.88  0.0   0.0   0.06  0.0   0.0   0.0   0.0   0.04  0.0   
37    Q     0.05  0.39  0.0   0.25  0.0   0.05  0.0   0.0   0.0   0.0   0.02  0.13  0.0   0.0   0.0   0.07  0.03  0.0   0.0   0.0   
38    E     0.03  0.15  0.31  0.07  0.0   0.0   0.19  0.0   0.0   0.0   0.0   0.15  0.0   0.0   0.0   0.08  0.04  0.0   0.0   0.0   
39    N     0.15  0.02  0.17  0.05  0.0   0.04  0.04  0.0   0.17  0.15  0.01  0.07  0.0   0.0   0.0   0.03  0.05  0.0   0.0   0.04  
40    P     0.15  0.0   0.0   0.1   0.0   0.0   0.04  0.02  0.02  0.0   0.0   0.02  0.0   0.0   0.63  0.01  0.0   0.0   0.02  0.0   
41    S     0.12  0.02  0.15  0.13  0.0   0.13  0.19  0.0   0.0   0.0   0.03  0.09  0.0   0.03  0.02  0.07  0.0   0.0   0.0   0.04  
42    P     0.02  0.0   0.02  0.0   0.0   0.0   0.0   0.0   0.0   0.0   0.0   0.0   0.0   0.0   0.78  0.09  0.08  0.0   0.0   0.0   
43    T     0.0   0.0   0.0   0.0   0.0   0.0   0.0   0.0   0.0   0.0   0.04  0.01  0.0   0.0   0.0   0.4   0.55  0.0   0.0   0.0   
44    E     0.13  0.18  0.0   0.21  0.0   0.02  0.16  0.0   0.0   0.07  0.04  0.02  0.04  0.0   0.03  0.01  0.03  0.0   0.0   0.07  
45    A     0.16  0.01  0.0   0.15  0.0   0.03  0.39  0.0   0.02  0.0   0.02  0.1   0.0   0.0   0.0   0.06  0.04  0.0   0.0   0.03  
46    E     0.04  0.0   0.0   0.17  0.0   0.27  0.49  0.0   0.0   0.0   0.0   0.0   0.0   0.0   0.0   0.04  0.0   0.0   0.0   0.0   
47    I     0.17  0.0   0.0   0.0   0.0   0.0   0.0   0.0   0.0   0.62  0.11  0.0   0.0   0.0   0.0   0.0   0.0   0.0   0.0   0.09  
48    R     0.02  0.3   0.04  0.11  0.0   0.0   0.32  0.0   0.0   0.0   0.02  0.03  0.03  0.0   0.0   0.0   0.09  0.0   0.0   0.04  
49    F     0.06  0.06  0.05  0.26  0.0   0.02  0.32  0.0   0.0   0.01  0.0   0.1   0.03  0.02  0.0   0.02  0.0   0.0   0.0   0.04  
50    G     0.55  0.04  0.02  0.0   0.02  0.04  0.04  0.15  0.0   0.0   0.03  0.02  0.0   0.0   0.0   0.08  0.02  0.0   0.0   0.0   
51    I     0.0   0.0   0.0   0.0   0.0   0.0   0.0   0.0   0.0   0.16  0.42  0.04  0.14  0.14  0.0   0.0   0.0   0.0   0.0   0.1   
52    G     0.16  0.03  0.0   0.12  0.0   0.07  0.0   0.14  0.07  0.0   0.0   0.0   0.0   0.0   0.0   0.4   0.03  0.0   0.0   0.0   
53    G     0.07  0.04  0.0   0.0   0.0   0.0   0.0   0.9   0.0   0.0   0.0   0.0   0.0   0.0   0.0   0.0   0.0   0.0   0.0   0.0   
54    N     0.0   0.0   0.89  0.0   0.0   0.0   0.0   0.0   0.0   0.0   0.11  0.0   0.0   0.0   0.0   0.0   0.0   0.0   0.0   0.0   
55    L     0.04  0.0   0.0   0.0   0.0   0.0   0.0   0.0   0.0   0.11  0.73  0.0   0.02  0.11  0.0   0.0   0.0   0.0   0.0   0.0   
56    C     0.0   0.0   0.0   0.0   0.89  0.0   0.0   0.0   0.0   0.0   0.0   0.0   0.0   0.0   0.0   0.11  0.0   0.0   0.0   0.0   
57    R     0.0   1.0   0.0   0.0   0.0   0.0   0.0   0.0   0.0   0.0   0.0   0.0   0.0   0.0   0.0   0.0   0.0   0.0   0.0   0.0   
58    C     0.0   0.0   0.0   0.11  0.89  0.0   0.0   0.0   0.0   0.0   0.0   0.0   0.0   0.0   0.0   0.0   0.0   0.0   0.0   0.0   
59    T     0.11  0.0   0.0   0.0   0.0   0.0   0.0   0.12  0.0   0.0   0.0   0.0   0.0   0.0   0.0   0.0   0.77  0.0   0.0   0.0   
60    G     0.04  0.0   0.0   0.0   0.0   0.0   0.0   0.88  0.0   0.0   0.0   0.0   0.0   0.0   0.0   0.0   0.08  0.0   0.0   0.0   
61    Y     0.0   0.0   0.0   0.0   0.0   0.0   0.0   0.0   0.04  0.0   0.0   0.0   0.0   0.0   0.0   0.0   0.0   0.11  0.85  0.0   
62    Q     0.04  0.42  0.0   0.0   0.0   0.32  0.0   0.04  0.0   0.03  0.0   0.08  0.0   0.0   0.0   0.0   0.0   0.0   0.0   0.07  
63    N     0.0   0.07  0.15  0.0   0.0   0.14  0.04  0.04  0.0   0.0   0.0   0.03  0.03  0.0   0.5   0.0   0.0   0.0   0.0   0.0   
64    I     0.0   0.0   0.0   0.0   0.0   0.0   0.0   0.0   0.0   0.81  0.05  0.0   0.0   0.0   0.0   0.03  0.0   0.0   0.11  0.0   
65    V     0.02  0.0   0.0   0.0   0.0   0.0   0.0   0.0   0.03  0.1   0.29  0.04  0.04  0.0   0.0   0.03  0.0   0.0   0.11  0.35  
66    K     0.07  0.08  0.09  0.29  0.0   0.14  0.19  0.0   0.0   0.04  0.0   0.11  0.0   0.0   0.0   0.0   0.0   0.0   0.0   0.0   
67    A     0.64  0.0   0.0   0.0   0.0   0.0   0.0   0.07  0.0   0.0   0.0   0.0   0.0   0.0   0.0   0.14  0.04  0.0   0.0   0.11  
68    I     0.13  0.0   0.0   0.0   0.17  0.0   0.0   0.07  0.0   0.25  0.03  0.0   0.0   0.06  0.0   0.0   0.04  0.0   0.05  0.22  
69    Q     0.0   0.2   0.02  0.0   0.04  0.07  0.18  0.0   0.04  0.0   0.06  0.3   0.04  0.0   0.0   0.0   0.0   0.0   0.03  0.04  
70    Y     0.0   0.12  0.0   0.17  0.0   0.0   0.0   0.0   0.0   0.0   0.11  0.0   0.0   0.0   0.0   0.25  0.25  0.0   0.08  0.03  
71    A     0.45  0.0   0.0   0.0   0.0   0.0   0.0   0.0   0.0   0.04  0.0   0.0   0.0   0.47  0.0   0.0   0.0   0.0   0.0   0.04  
72    A     0.48  0.04  0.0   0.0   0.11  0.0   0.0   0.0   0.0   0.03  0.0   0.0   0.0   0.0   0.0   0.15  0.04  0.0   0.0   0.14  
73    A     0.27  0.09  0.02  0.0   0.0   0.01  0.1   0.06  0.0   0.0   0.01  0.19  0.03  0.0   0.07  0.13  0.0   0.0   0.0   0.02  
74    K     0.02  0.2   0.02  0.22  0.0   0.02  0.23  0.0   0.0   0.0   0.0   0.07  0.0   0.0   0.02  0.03  0.12  0.0   0.0   0.04  
75    I     0.0   0.0   0.0   0.04  0.0   0.0   0.0   0.02  0.0   0.17  0.16  0.13  0.0   0.0   0.05  0.21  0.05  0.0   0.0   0.17  
76    N     0.04  0.0   0.35  0.27  0.0   0.0   0.06  0.2   0.0   0.0   0.0   0.0   0.0   0.0   0.0   0.02  0.05  0.0   0.0   0.0   
77    G     0.0   0.0   0.0   0.0   0.22  0.0   0.0   0.35  0.0   0.23  0.0   0.0   0.0   0.0   0.0   0.09  0.0   0.0   0.0   0.07  
78    V     0.1   0.0   0.0   0.0   0.53  0.0   0.0   0.09  0.0   0.0   0.01  0.1   0.0   0.0   0.0   0.0   0.0   0.0   0.0   0.14  
79    P     0.0   0.11  0.0   0.0   0.0   0.22  0.05  0.0   0.0   0.0   0.0   0.25  0.0   0.0   0.37  0.0   0.0   0.0   0.0   0.0   
80    F     0.0   0.12  0.05  0.0   0.0   0.0   0.0   0.0   0.0   0.0   0.0   0.0   0.06  0.11  0.14  0.53  0.0   0.0   0.0   0.0   
81    E     0.0   0.0   0.07  0.11  0.0   0.0   0.51  0.0   0.0   0.0   0.0   0.32  0.0   0.0   0.0   0.0   0.0   0.0   0.0   0.0   
82    E     0.0   0.0   0.0   0.0   0.0   0.0   1.0   0.0   0.0   0.0   0.0   0.0   0.0   0.0   0.0   0.0   0.0   0.0   0.0   0.0   
