             A     R     N     D     C     Q     E     G     H     I     L     K     M     F     P     S     T     W     Y     V
1     T     0.0   0.0   0.0   0.0   0.0   0.0   0.0   0.0   0.0   0.0   0.0   0.0   0.0   0.0   0.0   0.0   1.0   0.0   0.0   0.0   
2     T     0.0   0.0   0.0   0.0   0.0   0.0   0.0   0.0   0.0   0.0   0.0   0.0   0.0   0.0   0.0   0.0   1.0   0.0   0.0   0.0   
3     A     0.72  0.0   0.28  0.0   0.0   0.0   0.0   0.0   0.0   0.0   0.0   0.0   0.0   0.0   0.0   0.0   0.0   0.0   0.0   0.0   
4     N     0.0   0.0   1.0   0.0   0.0   0.0   0.0   0.0   0.0   0.0   0.0   0.0   0.0   0.0   0.0   0.0   0.0   0.0   0.0   0.0   
5     T     0.0   0.0   0.31  0.0   0.0   0.0   0.0   0.0   0.0   0.0   0.0   0.0   0.0   0.0   0.0   0.0   0.69  0.0   0.0   0.0   
6     H     0.32  0.02  0.01  0.02  0.01  0.01  0.02  0.02  0.4   0.02  0.03  0.02  0.01  0.01  0.02  0.02  0.02  0.0   0.01  0.02  
7     C     0.02  0.02  0.31  0.02  0.4   0.01  0.02  0.02  0.01  0.02  0.03  0.02  0.01  0.01  0.02  0.02  0.02  0.0   0.01  0.02  
8     G     0.02  0.02  0.31  0.02  0.01  0.01  0.02  0.42  0.01  0.02  0.03  0.02  0.01  0.01  0.02  0.02  0.02  0.0   0.01  0.02  
9     A     0.4   0.0   0.0   0.0   0.0   0.0   0.0   0.31  0.0   0.0   0.0   0.0   0.0   0.0   0.0   0.29  0.0   0.0   0.0   0.0   
10    D     0.0   0.0   0.37  0.36  0.0   0.27  0.0   0.0   0.0   0.0   0.0   0.0   0.0   0.0   0.0   0.0   0.0   0.0   0.0   0.0   
11    F     0.0   0.0   0.0   0.0   0.0   0.0   0.0   0.0   0.0   0.0   0.64  0.0   0.0   0.36  0.0   0.0   0.0   0.0   0.0   0.0   
12    C     0.0   0.0   0.0   0.0   0.36  0.0   0.0   0.0   0.37  0.0   0.27  0.0   0.0   0.0   0.0   0.0   0.0   0.0   0.0   0.0   
13    T     0.0   0.0   0.0   0.0   0.0   0.0   0.0   0.0   0.0   0.0   0.0   0.0   0.0   0.0   0.0   0.0   1.0   0.0   0.0   0.0   
14    W     0.0   0.0   0.0   0.0   0.0   0.0   0.0   0.0   0.0   0.0   0.0   0.0   0.0   0.0   0.0   0.0   0.0   1.0   0.0   0.0   
15    W     0.0   0.0   0.0   0.0   0.0   0.0   0.0   0.0   0.0   0.0   0.0   0.0   0.0   0.0   0.0   0.0   0.0   1.0   0.0   0.0   
16    H     0.0   0.0   0.0   0.0   0.0   0.0   0.0   0.0   1.0   0.0   0.0   0.0   0.0   0.0   0.0   0.0   0.0   0.0   0.0   0.0   
17    D     0.0   0.0   0.27  0.73  0.0   0.0   0.0   0.0   0.0   0.0   0.0   0.0   0.0   0.0   0.0   0.0   0.0   0.0   0.0   0.0   
18    S     0.0   0.0   0.37  0.0   0.0   0.0   0.0   0.0   0.0   0.0   0.0   0.0   0.0   0.0   0.0   0.36  0.27  0.0   0.0   0.0   
19    G     0.0   0.0   0.0   0.0   0.0   0.0   0.0   1.0   0.0   0.0   0.0   0.0   0.0   0.0   0.0   0.0   0.0   0.0   0.0   0.0   
20    E     0.0   0.0   0.0   0.0   0.0   0.0   0.63  0.0   0.0   0.0   0.0   0.0   0.0   0.0   0.0   0.0   0.0   0.0   0.0   0.37  
21    I     0.0   0.0   0.0   0.0   0.0   0.0   0.0   0.0   0.0   0.63  0.0   0.0   0.0   0.37  0.0   0.0   0.0   0.0   0.0   0.0   
22    N     0.0   0.0   0.63  0.0   0.0   0.0   0.0   0.0   0.0   0.0   0.0   0.0   0.0   0.0   0.0   0.37  0.0   0.0   0.0   0.0   
23    T     0.0   0.0   0.0   0.0   0.0   0.0   0.0   0.0   0.0   0.0   0.0   0.0   0.0   0.0   0.37  0.0   0.63  0.0   0.0   0.0   
24    Q     0.37  0.0   0.0   0.0   0.0   0.63  0.0   0.0   0.0   0.0   0.0   0.0   0.0   0.0   0.0   0.0   0.0   0.0   0.0   0.0   
25    T     0.19  0.0   0.0   0.0   0.0   0.0   0.0   0.0   0.0   0.0   0.0   0.0   0.0   0.0   0.0   0.0   0.81  0.0   0.0   0.0   
26    P     0.0   0.0   0.0   0.0   0.0   0.0   0.0   0.0   0.0   0.0   0.0   0.0   0.0   0.0   1.0   0.0   0.0   0.0   0.0   0.0   
27    V     0.0   0.0   0.0   0.0   0.0   0.0   0.0   0.0   0.0   0.0   0.0   0.0   0.0   0.0   0.0   0.0   0.37  0.0   0.0   0.63  
28    Q     0.27  0.0   0.0   0.0   0.0   0.73  0.0   0.0   0.0   0.0   0.0   0.0   0.0   0.0   0.0   0.0   0.0   0.0   0.0   0.0   
29    P     0.0   0.0   0.0   0.27  0.0   0.0   0.0   0.0   0.0   0.0   0.0   0.0   0.0   0.0   0.36  0.37  0.0   0.0   0.0   0.0   
30    G     0.0   0.0   0.0   0.19  0.0   0.0   0.0   0.63  0.0   0.0   0.0   0.0   0.0   0.0   0.0   0.19  0.0   0.0   0.0   0.0   
31    N     0.0   0.0   0.63  0.0   0.0   0.0   0.37  0.0   0.0   0.0   0.0   0.0   0.0   0.0   0.0   0.0   0.0   0.0   0.0   0.0   
32    V     0.0   0.0   0.0   0.0   0.0   0.0   0.0   0.0   0.0   0.0   0.0   0.0   0.0   0.0   0.0   0.0   0.0   0.0   0.0   1.0   
33    R     0.0   1.0   0.0   0.0   0.0   0.0   0.0   0.0   0.0   0.0   0.0   0.0   0.0   0.0   0.0   0.0   0.0   0.0   0.0   0.0   
34    Q     0.0   0.37  0.0   0.0   0.0   0.63  0.0   0.0   0.0   0.0   0.0   0.0   0.0   0.0   0.0   0.0   0.0   0.0   0.0   0.0   
35    S     0.0   0.0   0.0   0.0   0.0   0.0   0.0   0.0   0.0   0.0   0.0   0.0   0.0   0.0   0.0   1.0   0.0   0.0   0.0   0.0   
36    H     0.0   0.0   0.0   0.0   0.0   0.0   0.0   0.27  0.36  0.0   0.0   0.0   0.0   0.0   0.0   0.37  0.0   0.0   0.0   0.0   
37    K     0.0   0.0   0.0   0.0   0.0   0.0   0.0   0.0   0.0   0.0   0.45  0.36  0.0   0.19  0.0   0.0   0.0   0.0   0.0   0.0   
38    Y     0.0   0.0   0.0   0.0   0.0   0.0   0.0   0.0   0.0   0.0   0.0   0.0   0.0   0.0   0.0   0.0   0.0   0.0   1.0   0.0   
39    S     0.0   0.0   0.0   0.37  0.0   0.0   0.0   0.0   0.0   0.0   0.0   0.0   0.0   0.0   0.0   0.63  0.0   0.0   0.0   0.0   
40    V     0.0   0.0   0.0   0.0   0.0   0.0   0.0   0.0   0.0   0.0   0.0   0.0   0.0   0.0   0.0   0.0   0.0   0.0   0.0   1.0   
41    Q     0.0   0.19  0.0   0.0   0.0   0.55  0.0   0.0   0.0   0.0   0.0   0.27  0.0   0.0   0.0   0.0   0.0   0.0   0.0   0.0   
42    V     0.0   0.0   0.0   0.0   0.0   0.0   0.0   0.0   0.0   0.0   0.0   0.0   0.0   0.0   0.0   0.0   0.0   0.0   0.0   1.0   
43    S     0.37  0.0   0.0   0.0   0.0   0.27  0.0   0.0   0.0   0.0   0.0   0.0   0.0   0.0   0.0   0.36  0.0   0.0   0.0   0.0   
44    L     0.0   0.0   0.0   0.0   0.0   0.37  0.0   0.0   0.0   0.0   0.36  0.0   0.0   0.0   0.0   0.0   0.27  0.0   0.0   0.0   
45    A     1.0   0.0   0.0   0.0   0.0   0.0   0.0   0.0   0.0   0.0   0.0   0.0   0.0   0.0   0.0   0.0   0.0   0.0   0.0   0.0   
46    G     0.0   0.0   0.37  0.0   0.0   0.0   0.0   0.36  0.0   0.0   0.0   0.0   0.0   0.0   0.0   0.27  0.0   0.0   0.0   0.0   
47    T     0.0   0.0   0.0   0.0   0.0   0.37  0.0   0.0   0.0   0.0   0.0   0.0   0.0   0.0   0.0   0.27  0.36  0.0   0.0   0.0   
48    N     0.0   0.0   0.36  0.0   0.0   0.37  0.0   0.0   0.0   0.0   0.0   0.0   0.0   0.0   0.0   0.27  0.0   0.0   0.0   0.0   
49    N     0.0   0.0   0.36  0.0   0.0   0.0   0.0   0.0   0.0   0.0   0.27  0.37  0.0   0.0   0.0   0.0   0.0   0.0   0.0   0.0   
50    F     0.19  0.0   0.0   0.0   0.0   0.0   0.0   0.0   0.0   0.0   0.19  0.0   0.0   0.36  0.0   0.0   0.0   0.0   0.27  0.0   
51    H     0.0   0.0   0.0   0.0   0.0   0.0   0.0   0.0   0.36  0.0   0.0   0.0   0.0   0.0   0.0   0.0   0.0   0.0   0.64  0.0   
52    D     0.0   0.0   0.0   1.0   0.0   0.0   0.0   0.0   0.0   0.0   0.0   0.0   0.0   0.0   0.0   0.0   0.0   0.0   0.0   0.0   
53    S     0.37  0.0   0.0   0.0   0.0   0.0   0.0   0.0   0.0   0.0   0.0   0.0   0.0   0.0   0.0   0.63  0.0   0.0   0.0   0.0   
54    F     0.0   0.0   0.0   0.0   0.0   0.0   0.0   0.0   0.0   0.0   0.0   0.0   0.0   1.0   0.0   0.0   0.0   0.0   0.0   0.0   
55    V     0.0   0.0   0.0   0.0   0.0   0.0   0.0   0.0   0.0   0.0   0.0   0.0   0.0   0.0   0.0   0.19  0.19  0.0   0.0   0.63  
56    Y     0.0   0.0   0.0   0.0   0.0   0.0   0.0   0.0   0.0   0.0   0.0   0.0   0.0   0.0   0.0   0.0   0.0   0.0   1.0   0.0   
57    E     0.0   0.0   0.0   0.0   0.0   0.0   0.36  0.0   0.0   0.0   0.27  0.0   0.37  0.0   0.0   0.0   0.0   0.0   0.0   0.0   
58    S     0.27  0.0   0.0   0.0   0.0   0.0   0.0   0.0   0.0   0.0   0.0   0.0   0.0   0.0   0.0   0.73  0.0   0.0   0.0   0.0   
59    I     0.0   0.0   0.0   0.0   0.0   0.0   0.0   0.0   0.0   1.0   0.0   0.0   0.0   0.0   0.0   0.0   0.0   0.0   0.0   0.0   
60    P     0.0   0.0   0.0   0.0   0.0   0.0   0.0   0.0   0.0   0.0   0.0   0.0   0.0   0.0   1.0   0.0   0.0   0.0   0.0   0.0   
61    R     0.0   0.73  0.0   0.0   0.0   0.0   0.0   0.27  0.0   0.0   0.0   0.0   0.0   0.0   0.0   0.0   0.0   0.0   0.0   0.0   
62    N     0.0   0.0   0.63  0.0   0.0   0.0   0.0   0.0   0.0   0.0   0.0   0.0   0.0   0.0   0.0   0.37  0.0   0.0   0.0   0.0   
63    G     0.0   0.0   0.0   0.0   0.0   0.0   0.0   1.0   0.0   0.0   0.0   0.0   0.0   0.0   0.0   0.0   0.0   0.0   0.0   0.0   
64    N     0.02  0.01  0.37  0.01  0.01  0.01  0.02  0.02  0.01  0.01  0.02  0.39  0.01  0.01  0.01  0.02  0.02  0.0   0.01  0.02  
65    G     0.02  0.01  0.01  0.01  0.01  0.01  0.02  0.75  0.01  0.01  0.02  0.02  0.01  0.01  0.01  0.02  0.02  0.0   0.01  0.02  
66    R     0.02  0.37  0.01  0.01  0.01  0.01  0.02  0.02  0.01  0.01  0.02  0.39  0.01  0.01  0.01  0.02  0.02  0.0   0.01  0.02  
67    I     0.02  0.01  0.01  0.01  0.01  0.01  0.02  0.02  0.01  0.75  0.02  0.02  0.01  0.01  0.01  0.02  0.02  0.0   0.01  0.02  
68    Y     0.05  0.03  0.03  0.03  0.01  0.03  0.04  0.05  0.01  0.03  0.06  0.04  0.01  0.02  0.03  0.05  0.04  0.01  0.38  0.04  
69    A     0.41  0.03  0.03  0.03  0.01  0.03  0.04  0.05  0.01  0.03  0.06  0.04  0.01  0.02  0.03  0.05  0.04  0.01  0.02  0.04  
70    P     0.05  0.03  0.03  0.03  0.01  0.03  0.04  0.05  0.01  0.03  0.06  0.04  0.01  0.02  0.39  0.05  0.04  0.01  0.02  0.04  
71    T     0.05  0.03  0.03  0.03  0.01  0.03  0.04  0.05  0.01  0.03  0.06  0.04  0.01  0.02  0.03  0.05  0.4   0.01  0.02  0.04  
72    D     0.05  0.03  0.03  0.39  0.01  0.03  0.04  0.05  0.01  0.03  0.06  0.04  0.01  0.02  0.03  0.05  0.04  0.01  0.02  0.04  
73    P     0.05  0.03  0.03  0.03  0.01  0.03  0.04  0.05  0.01  0.03  0.06  0.04  0.01  0.02  0.39  0.05  0.04  0.01  0.02  0.04  
74    P     0.05  0.03  0.03  0.03  0.01  0.03  0.04  0.05  0.01  0.03  0.06  0.04  0.01  0.02  0.39  0.05  0.04  0.01  0.02  0.04  
75    N     0.05  0.03  0.39  0.03  0.01  0.03  0.04  0.05  0.01  0.03  0.06  0.04  0.01  0.02  0.03  0.05  0.04  0.01  0.02  0.04  
76    S     0.05  0.03  0.03  0.03  0.01  0.03  0.04  0.05  0.01  0.03  0.06  0.04  0.01  0.02  0.03  0.4   0.04  0.01  0.02  0.04  
77    N     0.05  0.03  0.39  0.03  0.01  0.03  0.04  0.05  0.01  0.03  0.06  0.04  0.01  0.02  0.03  0.05  0.04  0.01  0.02  0.04  
78    T     0.05  0.03  0.03  0.03  0.01  0.03  0.04  0.05  0.01  0.03  0.06  0.04  0.01  0.02  0.03  0.05  0.4   0.01  0.02  0.04  
79    L     0.05  0.03  0.03  0.03  0.01  0.03  0.04  0.05  0.01  0.03  0.42  0.04  0.01  0.02  0.03  0.05  0.04  0.01  0.02  0.04  
80    D     0.02  0.01  0.01  0.37  0.01  0.01  0.02  0.39  0.01  0.01  0.02  0.02  0.01  0.01  0.01  0.02  0.02  0.0   0.01  0.02  
81    S     0.02  0.01  0.01  0.01  0.01  0.01  0.02  0.02  0.01  0.01  0.02  0.02  0.01  0.01  0.01  0.38  0.02  0.0   0.38  0.02  
82    S     0.02  0.01  0.01  0.01  0.01  0.01  0.02  0.02  0.01  0.01  0.02  0.02  0.01  0.01  0.01  0.38  0.39  0.0   0.01  0.02  
83    V     0.0   0.0   0.0   0.0   0.0   0.0   0.37  0.0   0.0   0.0   0.0   0.0   0.27  0.0   0.0   0.0   0.0   0.0   0.0   0.36  
84    D     0.0   0.0   0.0   0.36  0.0   0.0   0.37  0.0   0.0   0.0   0.0   0.0   0.0   0.0   0.0   0.27  0.0   0.0   0.0   0.0   
85    D     0.0   0.0   0.0   1.0   0.0   0.0   0.0   0.0   0.0   0.0   0.0   0.0   0.0   0.0   0.0   0.0   0.0   0.0   0.0   0.0   
86    G     0.0   0.0   0.0   0.0   0.0   0.27  0.0   0.73  0.0   0.0   0.0   0.0   0.0   0.0   0.0   0.0   0.0   0.0   0.0   0.0   
87    I     0.37  0.0   0.0   0.0   0.0   0.0   0.0   0.0   0.0   0.36  0.27  0.0   0.0   0.0   0.0   0.0   0.0   0.0   0.0   0.0   
88    S     0.0   0.0   0.0   0.0   0.0   0.27  0.37  0.0   0.0   0.0   0.0   0.0   0.0   0.0   0.0   0.36  0.0   0.0   0.0   0.0   
89    I     0.0   0.0   0.0   0.0   0.0   0.0   0.0   0.0   0.0   0.36  0.0   0.0   0.0   0.37  0.0   0.0   0.0   0.0   0.27  0.0   
90    E     0.0   0.0   0.0   0.0   0.0   0.0   0.36  0.0   0.0   0.0   0.0   0.0   0.0   0.0   0.0   0.37  0.27  0.0   0.0   0.0   
91    P     0.0   0.0   0.0   0.0   0.0   0.27  0.0   0.0   0.0   0.0   0.0   0.0   0.0   0.0   0.36  0.37  0.0   0.0   0.0   0.0   
92    S     0.0   0.0   0.0   0.19  0.0   0.0   0.19  0.27  0.0   0.0   0.0   0.0   0.0   0.0   0.0   0.36  0.0   0.0   0.0   0.0   
93    I     0.37  0.0   0.0   0.0   0.0   0.0   0.0   0.0   0.0   0.36  0.0   0.0   0.0   0.0   0.0   0.0   0.0   0.0   0.27  0.0   
94    G     0.0   0.19  0.27  0.0   0.0   0.0   0.0   0.55  0.0   0.0   0.0   0.0   0.0   0.0   0.0   0.0   0.0   0.0   0.0   0.0   
95    L     0.0   0.0   0.0   0.0   0.0   0.27  0.0   0.0   0.0   0.0   0.73  0.0   0.0   0.0   0.0   0.0   0.0   0.0   0.0   0.0   
96    N     0.0   0.0   0.36  0.0   0.0   0.0   0.0   0.0   0.0   0.0   0.0   0.0   0.0   0.0   0.0   0.0   0.64  0.0   0.0   0.0   
97    M     0.0   0.0   0.0   0.0   0.0   0.27  0.0   0.0   0.0   0.0   0.0   0.0   0.73  0.0   0.0   0.0   0.0   0.0   0.0   0.0   
98    A     0.63  0.0   0.0   0.0   0.0   0.0   0.0   0.0   0.0   0.0   0.0   0.0   0.0   0.0   0.0   0.37  0.0   0.0   0.0   0.0   
99    W     0.0   0.0   0.0   0.0   0.0   0.0   0.0   0.0   0.0   0.0   0.0   0.0   0.0   0.0   0.0   0.0   0.0   1.0   0.0   0.0   
100   S     0.0   0.0   0.0   0.0   0.0   0.0   0.0   0.0   0.0   0.0   0.0   0.0   0.0   0.0   0.0   0.73  0.27  0.0   0.0   0.0   
101   Q     0.0   0.0   0.0   0.0   0.0   0.36  0.0   0.0   0.0   0.0   0.0   0.0   0.0   0.0   0.0   0.64  0.0   0.0   0.0   0.0   
102   F     0.0   0.0   0.0   0.0   0.0   0.0   0.0   0.0   0.0   0.0   0.0   0.0   0.0   1.0   0.0   0.0   0.0   0.0   0.0   0.0   
103   E     0.0   0.0   0.0   0.0   0.0   0.0   0.73  0.0   0.0   0.0   0.27  0.0   0.0   0.0   0.0   0.0   0.0   0.0   0.0   0.0   
104   Y     0.0   0.0   0.0   0.0   0.0   0.0   0.0   0.0   0.0   0.0   0.0   0.0   0.0   0.0   0.0   0.0   0.0   0.0   1.0   0.0   
105   S     0.37  0.0   0.0   0.0   0.0   0.0   0.0   0.0   0.0   0.0   0.0   0.0   0.0   0.0   0.0   0.63  0.0   0.0   0.0   0.0   
106   H     0.0   0.0   0.0   0.0   0.0   0.0   0.0   0.0   0.63  0.0   0.0   0.37  0.0   0.0   0.0   0.0   0.0   0.0   0.0   0.0   
107   D     0.0   0.0   0.0   1.0   0.0   0.0   0.0   0.0   0.0   0.0   0.0   0.0   0.0   0.0   0.0   0.0   0.0   0.0   0.0   0.0   
108   V     0.27  0.0   0.0   0.0   0.0   0.0   0.0   0.0   0.0   0.0   0.0   0.0   0.0   0.0   0.0   0.0   0.0   0.0   0.0   0.73  
109   D     0.0   0.0   0.0   0.36  0.0   0.0   0.0   0.0   0.0   0.0   0.0   0.0   0.0   0.0   0.0   0.0   0.27  0.37  0.0   0.0   
110   V     0.0   0.0   0.0   0.0   0.0   0.0   0.0   0.0   0.0   0.0   0.0   0.0   0.0   0.0   0.0   0.0   0.0   0.0   0.0   1.0   
111   K     0.0   0.0   0.0   0.0   0.0   0.0   0.37  0.0   0.0   0.0   0.0   0.63  0.0   0.0   0.0   0.0   0.0   0.0   0.0   0.0   
112   I     0.0   0.0   0.0   0.0   0.0   0.0   0.0   0.0   0.0   0.63  0.0   0.0   0.0   0.0   0.0   0.0   0.0   0.0   0.0   0.37  
113   L     0.02  0.01  0.01  0.01  0.01  0.01  0.02  0.02  0.01  0.01  0.38  0.02  0.01  0.01  0.01  0.39  0.02  0.0   0.01  0.02  
114   A     0.36  0.0   0.0   0.0   0.0   0.0   0.0   0.0   0.0   0.0   0.37  0.0   0.0   0.0   0.0   0.27  0.0   0.0   0.0   0.0   
115   T     0.0   0.64  0.0   0.0   0.0   0.0   0.0   0.0   0.0   0.0   0.0   0.0   0.0   0.0   0.0   0.0   0.36  0.0   0.0   0.0   
116   D     0.0   0.0   0.27  0.36  0.0   0.0   0.0   0.0   0.0   0.0   0.0   0.0   0.0   0.0   0.0   0.0   0.37  0.0   0.0   0.0   
117   G     0.0   0.0   0.0   0.0   0.0   0.0   0.0   1.0   0.0   0.0   0.0   0.0   0.0   0.0   0.0   0.0   0.0   0.0   0.0   0.0   
118   S     0.0   0.0   0.0   0.0   0.0   0.37  0.0   0.0   0.0   0.0   0.0   0.0   0.0   0.0   0.0   0.63  0.0   0.0   0.0   0.0   
119   S     0.0   0.0   0.0   0.0   0.0   0.0   0.0   0.0   0.0   0.0   0.0   0.0   0.0   0.0   0.0   0.63  0.37  0.0   0.0   0.0   
120   L     0.02  0.01  0.01  0.01  0.01  0.01  0.02  0.02  0.01  0.39  0.38  0.02  0.01  0.01  0.01  0.02  0.02  0.0   0.01  0.02  
121   G     0.02  0.01  0.01  0.01  0.01  0.01  0.02  0.38  0.01  0.01  0.02  0.02  0.01  0.01  0.01  0.39  0.02  0.0   0.01  0.02  
122   S     0.27  0.0   0.0   0.0   0.0   0.0   0.0   0.0   0.0   0.0   0.0   0.0   0.0   0.0   0.0   0.73  0.0   0.0   0.0   0.0   
123   P     0.37  0.0   0.27  0.0   0.0   0.0   0.0   0.0   0.0   0.0   0.0   0.0   0.0   0.0   0.36  0.0   0.0   0.0   0.0   0.0   
124   S     0.0   0.0   0.0   0.37  0.0   0.0   0.0   0.0   0.0   0.0   0.0   0.0   0.0   0.0   0.0   0.63  0.0   0.0   0.0   0.0   
125   D     0.0   0.0   0.27  0.36  0.0   0.37  0.0   0.0   0.0   0.0   0.0   0.0   0.0   0.0   0.0   0.0   0.0   0.0   0.0   0.0   
126   V     0.0   0.0   0.0   0.0   0.0   0.0   0.0   0.0   0.0   0.0   0.0   0.0   0.0   0.0   0.0   0.0   0.0   0.0   0.0   1.0   
127   V     0.0   0.0   0.0   0.0   0.0   0.37  0.0   0.0   0.0   0.0   0.0   0.0   0.0   0.0   0.0   0.0   0.0   0.0   0.0   0.63  
128   I     0.0   0.0   0.0   0.0   0.0   0.0   0.0   0.0   0.0   1.0   0.0   0.0   0.0   0.0   0.0   0.0   0.0   0.0   0.0   0.0   
129   R     0.0   1.0   0.0   0.0   0.0   0.0   0.0   0.0   0.0   0.0   0.0   0.0   0.0   0.0   0.0   0.0   0.0   0.0   0.0   0.0   
130   P     0.0   0.0   0.0   0.0   0.0   0.0   0.0   0.0   0.0   0.0   0.0   0.0   0.0   0.0   1.0   0.0   0.0   0.0   0.0   0.0   
131   V     0.0   0.0   0.0   0.0   0.0   0.0   0.0   0.0   0.0   0.0   0.0   0.0   0.0   0.0   0.0   0.37  0.27  0.0   0.0   0.36  
132   S     0.0   0.0   0.0   0.0   0.0   0.0   0.0   0.0   0.0   0.0   0.0   0.0   0.0   0.0   0.0   1.0   0.0   0.0   0.0   0.0   
133   I     0.0   0.0   0.0   0.0   0.0   0.0   0.0   0.0   0.0   0.36  0.27  0.0   0.0   0.0   0.0   0.0   0.0   0.0   0.37  0.0   
134   S     0.0   0.0   0.64  0.0   0.0   0.0   0.0   0.0   0.0   0.0   0.0   0.0   0.0   0.0   0.0   0.36  0.0   0.0   0.0   0.0   
135   Y     0.0   0.0   0.0   0.0   0.0   0.0   0.0   0.0   0.0   0.0   0.0   0.0   0.0   0.64  0.0   0.0   0.0   0.0   0.36  0.0   
136   A     0.36  0.0   0.0   0.0   0.0   0.0   0.37  0.0   0.0   0.0   0.0   0.0   0.0   0.0   0.27  0.0   0.0   0.0   0.0   0.0   
137   I     0.0   0.0   0.0   0.0   0.0   0.0   0.0   0.0   0.0   0.36  0.0   0.37  0.0   0.0   0.0   0.0   0.0   0.0   0.0   0.27  
138   S     0.02  0.01  0.01  0.01  0.01  0.39  0.02  0.02  0.01  0.01  0.02  0.02  0.01  0.01  0.01  0.38  0.02  0.0   0.01  0.02  
139   Q     0.0   0.27  0.0   0.0   0.0   0.36  0.0   0.0   0.0   0.0   0.37  0.0   0.0   0.0   0.0   0.0   0.0   0.0   0.0   0.0   
140   S     0.0   0.0   0.0   0.0   0.0   0.0   0.0   0.0   0.0   0.0   0.0   0.0   0.0   0.0   0.0   0.36  0.0   0.0   0.27  0.37  
141   D     0.0   0.0   0.0   1.0   0.0   0.0   0.0   0.0   0.0   0.0   0.0   0.0   0.0   0.0   0.0   0.0   0.0   0.0   0.0   0.0   
142   D     0.37  0.0   0.27  0.36  0.0   0.0   0.0   0.0   0.0   0.0   0.0   0.0   0.0   0.0   0.0   0.0   0.0   0.0   0.0   0.0   
143   G     0.0   0.0   0.0   0.37  0.0   0.27  0.0   0.36  0.0   0.0   0.0   0.0   0.0   0.0   0.0   0.0   0.0   0.0   0.0   0.0   
144   G     0.0   0.0   0.0   0.0   0.0   0.0   0.0   0.36  0.0   0.0   0.0   0.0   0.0   0.0   0.0   0.27  0.37  0.0   0.0   0.0   
145   I     0.0   0.0   0.0   0.0   0.0   0.0   0.0   0.0   0.0   0.36  0.0   0.0   0.0   0.0   0.0   0.0   0.0   0.0   0.0   0.64  
146   V     0.0   0.37  0.0   0.0   0.0   0.0   0.0   0.0   0.0   0.0   0.0   0.0   0.0   0.0   0.0   0.0   0.0   0.0   0.27  0.36  
147   I     0.0   0.0   0.0   0.0   0.0   0.0   0.0   0.0   0.0   1.0   0.0   0.0   0.0   0.0   0.0   0.0   0.0   0.0   0.0   0.0   
148   R     0.0   0.36  0.0   0.0   0.0   0.0   0.0   0.0   0.0   0.0   0.0   0.37  0.0   0.0   0.0   0.0   0.27  0.0   0.0   0.0   
149   V     0.0   0.0   0.0   0.0   0.0   0.0   0.0   0.0   0.0   0.0   0.0   0.0   0.0   0.0   0.0   0.0   0.0   0.0   0.0   1.0   
150   P     0.0   0.0   0.0   0.0   0.0   0.0   0.0   0.0   0.0   0.0   0.0   0.0   0.0   0.0   1.0   0.0   0.0   0.0   0.0   0.0   
151   A     0.36  0.0   0.0   0.0   0.0   0.0   0.0   0.0   0.0   0.0   0.0   0.0   0.0   0.0   0.0   0.0   0.0   0.0   0.64  0.0   
152   D     0.0   0.0   0.0   0.36  0.0   0.0   0.0   0.0   0.0   0.0   0.0   0.0   0.0   0.0   0.0   0.64  0.0   0.0   0.0   0.0   
153   A     0.36  0.0   0.0   0.37  0.0   0.0   0.0   0.0   0.0   0.0   0.0   0.0   0.0   0.0   0.27  0.0   0.0   0.0   0.0   0.0   
154   N     0.37  0.0   0.36  0.0   0.0   0.0   0.0   0.0   0.0   0.0   0.0   0.0   0.0   0.0   0.0   0.0   0.27  0.0   0.0   0.0   
155   G     0.0   0.0   0.0   0.0   0.0   0.0   0.0   1.0   0.0   0.0   0.0   0.0   0.0   0.0   0.0   0.0   0.0   0.0   0.0   0.0   
156   R     0.0   0.36  0.0   0.0   0.0   0.0   0.0   0.0   0.0   0.0   0.0   0.0   0.0   0.0   0.0   0.0   0.0   0.0   0.64  0.0   
157   K     0.0   0.64  0.0   0.0   0.0   0.0   0.0   0.0   0.0   0.0   0.0   0.36  0.0   0.0   0.0   0.0   0.0   0.0   0.0   0.0   
158   F     0.0   0.0   0.0   0.0   0.0   0.0   0.0   0.0   0.0   0.0   0.0   0.0   0.0   1.0   0.0   0.0   0.0   0.0   0.0   0.0   
159   S     0.0   0.0   0.0   0.0   0.0   0.0   0.0   0.0   0.0   0.0   0.0   0.0   0.0   0.0   0.0   1.0   0.0   0.0   0.0   0.0   
160   V     0.0   0.0   0.0   0.0   0.0   0.0   0.0   0.0   0.0   0.0   0.0   0.0   0.0   0.0   0.0   0.0   0.0   0.0   0.0   1.0   
161   E     0.0   0.0   0.0   0.0   0.0   0.0   1.0   0.0   0.0   0.0   0.0   0.0   0.0   0.0   0.0   0.0   0.0   0.0   0.0   0.0   
162   F     0.0   0.0   0.0   0.0   0.0   0.0   0.0   0.0   0.0   0.0   0.0   0.0   0.0   1.0   0.0   0.0   0.0   0.0   0.0   0.0   
163   K     0.0   0.0   0.0   0.27  0.0   0.0   0.37  0.0   0.0   0.0   0.0   0.36  0.0   0.0   0.0   0.0   0.0   0.0   0.0   0.0   
164   T     0.0   0.0   0.0   0.27  0.0   0.0   0.0   0.0   0.0   0.0   0.0   0.0   0.0   0.0   0.37  0.0   0.36  0.0   0.0   0.0   
165   D     0.0   0.0   0.0   0.63  0.0   0.37  0.0   0.0   0.0   0.0   0.0   0.0   0.0   0.0   0.0   0.0   0.0   0.0   0.0   0.0   
166   L     0.0   0.0   0.0   0.0   0.0   0.0   0.0   0.0   0.0   0.0   1.0   0.0   0.0   0.0   0.0   0.0   0.0   0.0   0.0   0.0   
167   Y     0.0   0.0   0.0   0.0   0.0   0.0   0.0   0.0   0.0   0.27  0.0   0.0   0.0   0.0   0.0   0.0   0.0   0.0   0.73  0.0   
168   T     0.0   0.0   0.0   0.0   0.0   0.0   0.0   0.0   0.0   0.0   0.0   0.0   0.0   0.0   0.0   0.27  0.73  0.0   0.0   0.0   
169   F     0.37  0.0   0.0   0.0   0.0   0.0   0.0   0.0   0.0   0.0   0.27  0.0   0.0   0.36  0.0   0.0   0.0   0.0   0.0   0.0   
170   L     0.27  0.0   0.0   0.0   0.0   0.0   0.0   0.0   0.0   0.0   0.36  0.0   0.0   0.0   0.0   0.0   0.0   0.0   0.37  0.0   
171   S     0.0   0.0   0.37  0.0   0.0   0.0   0.0   0.0   0.0   0.0   0.0   0.0   0.0   0.0   0.27  0.36  0.0   0.0   0.0   0.0   
172   D     0.0   0.0   0.0   0.73  0.0   0.0   0.0   0.0   0.0   0.0   0.0   0.0   0.0   0.0   0.0   0.27  0.0   0.0   0.0   0.0   
173   G     0.0   0.0   0.0   0.0   0.0   0.0   0.0   0.63  0.0   0.0   0.0   0.0   0.0   0.0   0.0   0.37  0.0   0.0   0.0   0.0   
174   N     0.27  0.0   0.36  0.0   0.0   0.0   0.0   0.37  0.0   0.0   0.0   0.0   0.0   0.0   0.0   0.0   0.0   0.0   0.0   0.0   
175   E     0.0   0.27  0.0   0.0   0.0   0.0   0.36  0.0   0.0   0.0   0.0   0.37  0.0   0.0   0.0   0.0   0.0   0.0   0.0   0.0   
176   Y     0.02  0.01  0.01  0.01  0.01  0.01  0.02  0.02  0.01  0.01  0.4   0.02  0.01  0.01  0.01  0.02  0.02  0.0   0.37  0.02  
177   V     0.02  0.01  0.01  0.01  0.01  0.01  0.02  0.02  0.01  0.01  0.02  0.02  0.01  0.01  0.01  0.02  0.39  0.0   0.01  0.38  
178   T     0.02  0.01  0.01  0.01  0.01  0.01  0.02  0.02  0.01  0.01  0.02  0.02  0.01  0.01  0.01  0.02  0.75  0.0   0.01  0.02  
179   S     0.21  0.01  0.01  0.01  0.01  0.01  0.2   0.02  0.01  0.01  0.02  0.02  0.01  0.01  0.01  0.38  0.02  0.0   0.01  0.02  
180   G     0.02  0.01  0.01  0.01  0.01  0.01  0.02  0.75  0.01  0.01  0.02  0.02  0.01  0.01  0.01  0.02  0.02  0.0   0.01  0.02  
181   G     0.02  0.01  0.39  0.01  0.01  0.01  0.02  0.38  0.01  0.01  0.02  0.02  0.01  0.01  0.01  0.02  0.02  0.0   0.01  0.02  
182   S     0.02  0.39  0.01  0.01  0.01  0.01  0.02  0.02  0.01  0.01  0.02  0.02  0.01  0.01  0.01  0.38  0.02  0.0   0.01  0.02  
183   V     0.02  0.01  0.01  0.01  0.01  0.01  0.02  0.02  0.01  0.01  0.02  0.02  0.01  0.01  0.39  0.02  0.02  0.0   0.01  0.38  
184   V     0.02  0.01  0.01  0.01  0.01  0.01  0.02  0.02  0.01  0.39  0.02  0.02  0.01  0.01  0.01  0.02  0.02  0.0   0.01  0.38  
185   G     0.02  0.01  0.01  0.01  0.01  0.01  0.02  0.38  0.38  0.01  0.02  0.02  0.01  0.01  0.01  0.02  0.02  0.0   0.01  0.02  
186   V     0.02  0.01  0.01  0.01  0.01  0.01  0.02  0.02  0.01  0.01  0.02  0.02  0.01  0.01  0.01  0.02  0.39  0.0   0.01  0.38  
187   E     0.0   0.0   0.0   0.0   0.0   0.27  0.73  0.0   0.0   0.0   0.0   0.0   0.0   0.0   0.0   0.0   0.0   0.0   0.0   0.0   
188   P     0.0   0.0   0.0   0.0   0.0   0.0   0.0   0.0   0.0   0.0   0.0   0.0   0.0   0.0   1.0   0.0   0.0   0.0   0.0   0.0   
189   T     0.0   0.37  0.0   0.0   0.0   0.0   0.27  0.0   0.0   0.0   0.0   0.0   0.0   0.0   0.0   0.0   0.36  0.0   0.0   0.0   
190   N     0.0   0.0   1.0   0.0   0.0   0.0   0.0   0.0   0.0   0.0   0.0   0.0   0.0   0.0   0.0   0.0   0.0   0.0   0.0   0.0   
191   A     0.63  0.0   0.0   0.0   0.0   0.0   0.0   0.0   0.0   0.0   0.0   0.0   0.0   0.0   0.0   0.37  0.0   0.0   0.0   0.0   
192   L     0.0   0.0   0.0   0.0   0.0   0.0   0.0   0.0   0.0   0.0   0.63  0.0   0.37  0.0   0.0   0.0   0.0   0.0   0.0   0.0   
193   V     0.0   0.0   0.0   0.0   0.0   0.0   0.0   0.0   0.0   0.0   0.27  0.0   0.37  0.0   0.0   0.0   0.0   0.0   0.0   0.36  
194   I     0.0   0.0   0.0   0.0   0.0   0.0   0.0   0.0   0.0   0.63  0.0   0.0   0.0   0.0   0.0   0.0   0.0   0.0   0.0   0.37  
195   F     0.0   0.0   0.0   0.0   0.0   0.0   0.0   0.0   0.0   0.0   0.0   0.0   0.0   1.0   0.0   0.0   0.0   0.0   0.0   0.0   
196   A     1.0   0.0   0.0   0.0   0.0   0.0   0.0   0.0   0.0   0.0   0.0   0.0   0.0   0.0   0.0   0.0   0.0   0.0   0.0   0.0   
197   S     0.0   0.0   0.0   0.0   0.0   0.0   0.37  0.0   0.0   0.0   0.0   0.0   0.0   0.0   0.0   0.63  0.0   0.0   0.0   0.0   
198   P     0.0   0.0   0.0   0.0   0.0   0.0   0.0   0.0   0.0   0.0   0.0   0.0   0.0   0.0   1.0   0.0   0.0   0.0   0.0   0.0   
199   F     0.0   0.0   0.0   0.0   0.0   0.0   0.0   0.0   0.0   0.0   0.0   0.0   0.0   1.0   0.0   0.0   0.0   0.0   0.0   0.0   
