             A     R     N     D     C     Q     E     G     H     I     L     K     M     F     P     S     T     W     Y     V
1     R     0.0   0.35  0.0   0.0   0.0   0.65  0.0   0.0   0.0   0.0   0.0   0.0   0.0   0.0   0.0   0.0   0.0   0.0   0.0   0.0   
2     N     0.33  0.0   0.67  0.0   0.0   0.0   0.0   0.0   0.0   0.0   0.0   0.0   0.0   0.0   0.0   0.0   0.0   0.0   0.0   0.0   
3     I     0.0   0.0   0.0   0.0   0.0   0.0   0.0   0.0   0.0   0.26  0.0   0.0   0.0   0.0   0.48  0.0   0.0   0.0   0.25  0.0   
4     A     0.47  0.0   0.0   0.0   0.0   0.0   0.0   0.0   0.0   0.18  0.0   0.0   0.0   0.0   0.0   0.0   0.0   0.0   0.35  0.0   
5     E     0.0   0.0   0.15  0.13  0.0   0.33  0.14  0.0   0.0   0.0   0.0   0.12  0.0   0.0   0.0   0.0   0.13  0.0   0.0   0.0   
6     A     0.42  0.0   0.0   0.0   0.0   0.0   0.0   0.0   0.0   0.12  0.0   0.0   0.0   0.0   0.0   0.0   0.13  0.0   0.0   0.34  
7     Y     0.0   0.0   0.0   0.0   0.0   0.0   0.0   0.12  0.0   0.0   0.0   0.0   0.0   0.0   0.0   0.34  0.0   0.0   0.54  0.0   
8     F     0.0   0.13  0.0   0.0   0.0   0.13  0.0   0.0   0.0   0.12  0.0   0.0   0.0   0.14  0.0   0.15  0.0   0.0   0.0   0.33  
9     Q     0.0   0.0   0.0   0.12  0.0   0.54  0.33  0.0   0.0   0.0   0.0   0.0   0.0   0.0   0.0   0.0   0.0   0.0   0.0   0.0   
10    N     0.12  0.0   0.42  0.0   0.0   0.0   0.0   0.13  0.0   0.0   0.0   0.0   0.0   0.0   0.0   0.33  0.0   0.0   0.0   0.0   
11    M     0.21  0.0   0.0   0.0   0.0   0.39  0.0   0.0   0.0   0.0   0.0   0.0   0.14  0.0   0.0   0.26  0.0   0.0   0.0   0.0   
12    V     0.27  0.0   0.0   0.0   0.0   0.0   0.0   0.0   0.0   0.0   0.12  0.0   0.0   0.0   0.0   0.0   0.0   0.0   0.0   0.61  
13    E     0.0   0.0   0.13  0.0   0.0   0.13  0.14  0.15  0.0   0.0   0.0   0.0   0.21  0.0   0.0   0.25  0.0   0.0   0.0   0.0   
14    T     0.12  0.0   0.0   0.25  0.0   0.0   0.0   0.0   0.0   0.15  0.0   0.0   0.0   0.0   0.0   0.21  0.27  0.0   0.0   0.0   
15    A     0.73  0.0   0.0   0.0   0.0   0.0   0.15  0.0   0.0   0.0   0.0   0.0   0.0   0.0   0.0   0.0   0.0   0.0   0.0   0.13  
16    T     0.0   0.0   0.12  0.0   0.0   0.0   0.0   0.0   0.0   0.0   0.0   0.0   0.0   0.0   0.13  0.48  0.27  0.0   0.0   0.0   
17    P     0.0   0.0   0.0   0.0   0.0   0.12  0.0   0.0   0.0   0.0   0.0   0.0   0.0   0.0   0.88  0.0   0.0   0.0   0.0   0.0   
18    L     0.0   0.0   0.0   0.0   0.0   0.26  0.0   0.13  0.34  0.0   0.14  0.0   0.0   0.0   0.0   0.0   0.0   0.0   0.13  0.0   
19    E     0.0   0.12  0.0   0.0   0.0   0.34  0.27  0.0   0.0   0.0   0.0   0.27  0.0   0.0   0.0   0.0   0.0   0.0   0.0   0.0   
20    Q     0.0   0.0   0.0   0.0   0.0   0.14  0.0   0.0   0.0   0.12  0.61  0.0   0.0   0.0   0.0   0.0   0.0   0.0   0.0   0.13  
21    I     0.0   0.0   0.0   0.0   0.0   0.0   0.0   0.0   0.0   0.5   0.0   0.0   0.0   0.0   0.0   0.0   0.13  0.0   0.0   0.37  
22    I     0.0   0.0   0.0   0.0   0.0   0.25  0.24  0.0   0.0   0.14  0.13  0.13  0.0   0.0   0.0   0.0   0.12  0.0   0.0   0.0   
23    L     0.0   0.0   0.0   0.0   0.0   0.0   0.0   0.0   0.0   0.0   0.39  0.0   0.61  0.0   0.0   0.0   0.0   0.0   0.0   0.0   
24    L     0.0   0.0   0.0   0.0   0.0   0.0   0.0   0.0   0.0   0.0   1.0   0.0   0.0   0.0   0.0   0.0   0.0   0.0   0.0   0.0   
25    Y     0.0   0.0   0.0   0.0   0.0   0.0   0.0   0.0   0.0   0.0   0.13  0.0   0.25  0.21  0.0   0.0   0.0   0.0   0.42  0.0   
26    D     0.12  0.0   0.13  0.48  0.0   0.12  0.15  0.0   0.0   0.0   0.0   0.0   0.0   0.0   0.0   0.0   0.0   0.0   0.0   0.0   
27    K     0.0   0.0   0.0   0.0   0.0   0.0   0.0   0.86  0.0   0.0   0.0   0.14  0.0   0.0   0.0   0.0   0.0   0.0   0.0   0.0   
28    A     0.48  0.0   0.0   0.0   0.13  0.0   0.0   0.12  0.0   0.15  0.0   0.0   0.0   0.0   0.0   0.0   0.0   0.0   0.0   0.12  
29    I     0.0   0.0   0.09  0.0   0.0   0.0   0.0   0.0   0.0   0.26  0.65  0.0   0.0   0.0   0.0   0.0   0.0   0.0   0.0   0.0   
30    E     0.0   0.15  0.0   0.0   0.0   0.0   0.51  0.0   0.0   0.0   0.0   0.13  0.0   0.0   0.0   0.21  0.0   0.0   0.0   0.0   
31    C     0.21  0.37  0.0   0.0   0.14  0.0   0.0   0.0   0.0   0.0   0.0   0.0   0.0   0.28  0.0   0.0   0.0   0.0   0.0   0.0   
32    L     0.0   0.0   0.0   0.0   0.15  0.0   0.0   0.0   0.0   0.26  0.6   0.0   0.0   0.0   0.0   0.0   0.0   0.0   0.0   0.0   
33    E     0.39  0.13  0.0   0.0   0.0   0.0   0.14  0.0   0.0   0.12  0.0   0.0   0.0   0.0   0.0   0.0   0.0   0.0   0.0   0.21  
34    R     0.0   0.49  0.0   0.0   0.0   0.25  0.0   0.0   0.0   0.0   0.26  0.0   0.0   0.0   0.0   0.0   0.0   0.0   0.0   0.0   
35    A     0.88  0.0   0.0   0.0   0.0   0.0   0.0   0.12  0.0   0.0   0.0   0.0   0.0   0.0   0.0   0.0   0.0   0.0   0.0   0.0   
36    I     0.13  0.34  0.0   0.0   0.0   0.0   0.0   0.0   0.0   0.14  0.0   0.27  0.0   0.0   0.0   0.12  0.0   0.0   0.0   0.0   
37    E     0.12  0.13  0.0   0.0   0.0   0.13  0.14  0.12  0.0   0.0   0.21  0.0   0.0   0.0   0.0   0.0   0.0   0.0   0.0   0.15  
38    I     0.65  0.0   0.0   0.0   0.0   0.0   0.0   0.0   0.0   0.14  0.0   0.0   0.0   0.21  0.0   0.0   0.0   0.0   0.0   0.0   
39    Y     0.01  0.01  0.01  0.01  0.0   0.01  0.01  0.01  0.0   0.28  0.1   0.01  0.37  0.0   0.01  0.01  0.01  0.0   0.14  0.01  
40    D     0.01  0.15  0.01  0.15  0.0   0.25  0.36  0.01  0.0   0.01  0.01  0.01  0.0   0.0   0.01  0.01  0.01  0.0   0.0   0.01  
41    Q     0.01  0.13  0.28  0.12  0.0   0.36  0.01  0.01  0.0   0.01  0.01  0.01  0.0   0.0   0.01  0.01  0.01  0.0   0.0   0.01  
42    V     0.03  0.02  0.14  0.02  0.01  0.02  0.15  0.24  0.01  0.02  0.04  0.02  0.01  0.02  0.02  0.03  0.02  0.01  0.01  0.17  
43    N     0.01  0.01  0.39  0.23  0.0   0.13  0.15  0.01  0.0   0.01  0.01  0.01  0.0   0.0   0.01  0.01  0.01  0.0   0.0   0.01  
44    E     0.0   0.0   0.0   0.28  0.0   0.12  0.14  0.0   0.0   0.25  0.0   0.0   0.0   0.0   0.0   0.0   0.0   0.0   0.0   0.22  
45    L     0.0   0.0   0.0   0.0   0.0   0.12  0.0   0.0   0.0   0.15  0.27  0.0   0.13  0.0   0.25  0.0   0.0   0.0   0.0   0.09  
46    E     0.09  0.0   0.0   0.0   0.0   0.0   0.67  0.12  0.0   0.0   0.0   0.0   0.0   0.0   0.0   0.0   0.0   0.0   0.0   0.12  
47    K     0.0   0.26  0.0   0.0   0.0   0.15  0.0   0.0   0.0   0.0   0.0   0.6   0.0   0.0   0.0   0.0   0.0   0.0   0.0   0.0   
48    R     0.0   0.29  0.13  0.0   0.0   0.0   0.0   0.46  0.0   0.0   0.0   0.13  0.0   0.0   0.0   0.0   0.0   0.0   0.0   0.0   
49    K     0.02  0.01  0.14  0.01  0.0   0.01  0.01  0.02  0.0   0.14  0.02  0.15  0.0   0.01  0.14  0.02  0.01  0.0   0.01  0.28  
50    E     0.16  0.02  0.02  0.02  0.01  0.02  0.17  0.03  0.01  0.02  0.17  0.03  0.01  0.02  0.02  0.03  0.03  0.01  0.16  0.03  
51    F     0.04  0.02  0.02  0.02  0.01  0.02  0.03  0.03  0.01  0.15  0.17  0.03  0.01  0.3   0.02  0.03  0.03  0.01  0.01  0.03  
52    V     0.04  0.02  0.02  0.02  0.01  0.02  0.03  0.28  0.01  0.02  0.04  0.03  0.01  0.02  0.02  0.03  0.03  0.01  0.01  0.32  
53    E     0.01  0.01  0.01  0.01  0.0   0.01  0.62  0.01  0.0   0.01  0.01  0.28  0.0   0.0   0.01  0.01  0.01  0.0   0.0   0.01  
54    N     0.35  0.13  0.28  0.01  0.0   0.01  0.01  0.01  0.0   0.01  0.01  0.01  0.0   0.01  0.01  0.13  0.01  0.0   0.0   0.01  
55    I     0.01  0.01  0.01  0.01  0.0   0.01  0.01  0.01  0.0   0.27  0.48  0.01  0.0   0.01  0.01  0.01  0.01  0.0   0.0   0.14  
56    D     0.01  0.01  0.01  0.15  0.0   0.01  0.01  0.38  0.0   0.14  0.01  0.01  0.0   0.01  0.01  0.22  0.01  0.0   0.0   0.01  
57    R     0.0   0.29  0.0   0.0   0.0   0.0   0.0   0.0   0.0   0.12  0.0   0.47  0.0   0.0   0.0   0.0   0.13  0.0   0.0   0.0   
58    V     0.47  0.0   0.0   0.0   0.0   0.0   0.0   0.0   0.0   0.12  0.0   0.0   0.0   0.0   0.0   0.0   0.27  0.0   0.0   0.14  
59    Y     0.01  0.01  0.01  0.01  0.0   0.14  0.01  0.01  0.0   0.22  0.26  0.01  0.0   0.0   0.01  0.01  0.15  0.0   0.14  0.01  
60    D     0.15  0.01  0.35  0.27  0.0   0.01  0.01  0.01  0.0   0.01  0.01  0.01  0.0   0.0   0.01  0.13  0.01  0.0   0.0   0.01  
61    I     0.01  0.01  0.01  0.01  0.0   0.01  0.01  0.01  0.0   0.88  0.01  0.01  0.0   0.0   0.01  0.01  0.01  0.0   0.0   0.01  
62    I     0.01  0.01  0.01  0.01  0.0   0.01  0.01  0.01  0.0   0.74  0.01  0.01  0.0   0.15  0.01  0.01  0.01  0.0   0.0   0.01  
63    S     0.0   0.0   0.21  0.0   0.0   0.13  0.0   0.25  0.0   0.27  0.0   0.0   0.0   0.0   0.0   0.14  0.0   0.0   0.0   0.0   
64    A     0.27  0.0   0.0   0.0   0.0   0.0   0.28  0.33  0.0   0.0   0.0   0.0   0.0   0.0   0.0   0.12  0.0   0.0   0.0   0.0   
65    L     0.0   0.0   0.0   0.0   0.0   0.0   0.0   0.0   0.0   0.0   1.0   0.0   0.0   0.0   0.0   0.0   0.0   0.0   0.0   0.0   
66    K     0.0   0.36  0.13  0.0   0.0   0.13  0.0   0.0   0.0   0.15  0.0   0.23  0.0   0.0   0.0   0.0   0.0   0.0   0.0   0.0   
67    S     0.22  0.0   0.15  0.0   0.0   0.0   0.12  0.0   0.0   0.0   0.0   0.0   0.0   0.13  0.0   0.26  0.0   0.0   0.0   0.12  
68    F     0.12  0.0   0.0   0.0   0.12  0.0   0.0   0.22  0.0   0.0   0.0   0.0   0.0   0.14  0.0   0.12  0.28  0.0   0.0   0.0   
69    L     0.0   0.0   0.0   0.0   0.0   0.0   0.0   0.0   0.0   0.0   1.0   0.0   0.0   0.0   0.0   0.0   0.0   0.0   0.0   0.0   
70    D     0.0   0.0   0.13  0.74  0.0   0.0   0.0   0.0   0.0   0.0   0.0   0.0   0.0   0.0   0.0   0.12  0.0   0.0   0.0   0.0   
71    H     0.01  0.01  0.01  0.01  0.0   0.1   0.13  0.01  0.27  0.01  0.01  0.01  0.13  0.01  0.01  0.13  0.01  0.0   0.15  0.01  
72    E     0.01  0.01  0.01  0.01  0.0   0.13  0.75  0.01  0.0   0.01  0.01  0.01  0.0   0.01  0.01  0.01  0.01  0.0   0.0   0.01  
73    K     0.0   0.26  0.0   0.12  0.0   0.13  0.0   0.0   0.0   0.0   0.0   0.38  0.0   0.0   0.0   0.12  0.0   0.0   0.0   0.0   
74    G     0.0   0.0   0.13  0.0   0.0   0.0   0.0   0.75  0.0   0.0   0.0   0.12  0.0   0.0   0.0   0.0   0.0   0.0   0.0   0.0   
75    K     0.0   0.0   0.0   0.12  0.0   0.0   0.0   0.61  0.0   0.13  0.0   0.14  0.0   0.0   0.0   0.0   0.0   0.0   0.0   0.0   
76    E     0.0   0.0   0.0   0.12  0.0   0.0   0.88  0.0   0.0   0.0   0.0   0.0   0.0   0.0   0.0   0.0   0.0   0.0   0.0   0.0   
77    I     0.0   0.0   0.0   0.0   0.0   0.0   0.0   0.0   0.0   0.48  0.38  0.0   0.0   0.0   0.0   0.0   0.0   0.0   0.0   0.15  
78    A     0.75  0.0   0.0   0.0   0.0   0.0   0.0   0.0   0.0   0.0   0.0   0.0   0.0   0.0   0.0   0.13  0.12  0.0   0.0   0.0   
79    K     0.13  0.0   0.0   0.0   0.0   0.12  0.0   0.25  0.15  0.0   0.0   0.26  0.0   0.0   0.0   0.0   0.09  0.0   0.0   0.0   
80    N     0.0   0.0   0.72  0.0   0.0   0.0   0.0   0.0   0.0   0.0   0.0   0.0   0.0   0.0   0.0   0.13  0.0   0.0   0.15  0.0   
81    L     0.0   0.0   0.0   0.0   0.0   0.0   0.0   0.0   0.0   0.0   0.87  0.0   0.13  0.0   0.0   0.0   0.0   0.0   0.0   0.0   
82    D     0.0   0.0   0.0   0.51  0.0   0.0   0.0   0.13  0.0   0.12  0.0   0.0   0.0   0.0   0.0   0.24  0.0   0.0   0.0   0.0   
83    T     0.38  0.12  0.0   0.0   0.0   0.12  0.09  0.15  0.0   0.0   0.0   0.0   0.0   0.0   0.0   0.0   0.14  0.0   0.0   0.0   
84    I     0.0   0.0   0.0   0.0   0.0   0.0   0.0   0.0   0.0   0.14  0.73  0.0   0.13  0.0   0.0   0.0   0.0   0.0   0.0   0.0   
85    Y     0.0   0.0   0.0   0.0   0.0   0.0   0.0   0.0   0.0   0.0   0.0   0.0   0.0   0.0   0.0   0.0   0.0   0.0   1.0   0.0   
86    T     0.0   0.0   0.0   0.47  0.0   0.0   0.12  0.0   0.0   0.0   0.0   0.0   0.0   0.0   0.0   0.12  0.29  0.0   0.0   0.0   
87    I     0.0   0.0   0.0   0.0   0.0   0.0   0.0   0.0   0.0   0.29  0.0   0.0   0.0   0.12  0.0   0.0   0.0   0.0   0.59  0.0   
88    I     0.0   0.0   0.0   0.0   0.0   0.15  0.0   0.0   0.0   0.14  0.0   0.0   0.71  0.0   0.0   0.0   0.0   0.0   0.0   0.0   
89    L     0.0   0.0   0.0   0.0   0.0   0.0   0.0   0.0   0.0   0.22  0.29  0.0   0.0   0.0   0.0   0.0   0.13  0.0   0.13  0.24  
90    N     0.12  0.47  0.26  0.0   0.0   0.0   0.0   0.0   0.0   0.0   0.15  0.0   0.0   0.0   0.0   0.0   0.0   0.0   0.0   0.0   
91    T     0.0   0.59  0.0   0.0   0.0   0.12  0.0   0.0   0.0   0.0   0.0   0.0   0.0   0.0   0.0   0.15  0.14  0.0   0.0   0.0   
92    L     0.0   0.0   0.0   0.0   0.0   0.0   0.0   0.0   0.0   0.12  0.88  0.0   0.0   0.0   0.0   0.0   0.0   0.0   0.0   0.0   
93    V     0.27  0.0   0.0   0.0   0.0   0.0   0.0   0.0   0.0   0.0   0.21  0.0   0.0   0.0   0.0   0.0   0.12  0.0   0.0   0.4   
94    K     0.0   0.0   0.15  0.0   0.0   0.47  0.12  0.13  0.0   0.0   0.0   0.14  0.0   0.0   0.0   0.0   0.0   0.0   0.0   0.0   
95    V     0.59  0.0   0.0   0.0   0.0   0.0   0.0   0.0   0.0   0.0   0.15  0.0   0.0   0.0   0.0   0.0   0.0   0.0   0.0   0.27  
96    D     0.0   0.0   0.59  0.27  0.0   0.0   0.15  0.0   0.0   0.0   0.0   0.0   0.0   0.0   0.0   0.0   0.0   0.0   0.0   0.0   
97    K     0.0   0.0   0.35  0.13  0.0   0.0   0.0   0.0   0.12  0.13  0.0   0.14  0.0   0.0   0.0   0.0   0.12  0.0   0.0   0.0   
98    T     0.0   0.0   0.15  0.21  0.0   0.0   0.0   0.0   0.0   0.0   0.0   0.26  0.0   0.0   0.0   0.12  0.27  0.0   0.0   0.0   
99    K     0.09  0.0   0.38  0.0   0.0   0.0   0.15  0.0   0.0   0.0   0.0   0.14  0.0   0.0   0.13  0.0   0.0   0.0   0.0   0.12  
100   E     0.0   0.13  0.0   0.52  0.0   0.09  0.14  0.0   0.0   0.0   0.0   0.0   0.0   0.0   0.0   0.12  0.0   0.0   0.0   0.0   
101   E     0.21  0.15  0.0   0.0   0.0   0.0   0.14  0.0   0.0   0.0   0.0   0.0   0.0   0.0   0.25  0.0   0.26  0.0   0.0   0.0   
102   L     0.0   0.0   0.0   0.0   0.0   0.0   0.0   0.0   0.0   0.24  0.65  0.0   0.0   0.0   0.0   0.0   0.0   0.0   0.0   0.12  
103   Q     0.13  0.0   0.15  0.37  0.0   0.14  0.21  0.0   0.0   0.0   0.0   0.0   0.0   0.0   0.0   0.0   0.0   0.0   0.0   0.0   
104   K     0.0   0.0   0.0   0.12  0.0   0.0   0.74  0.0   0.0   0.0   0.0   0.14  0.0   0.0   0.0   0.0   0.0   0.0   0.0   0.0   
105   I     0.0   0.0   0.0   0.0   0.0   0.0   0.0   0.0   0.0   0.14  0.0   0.0   0.0   0.0   0.0   0.0   0.0   0.0   0.0   0.86  
106   L     0.0   0.0   0.0   0.0   0.0   0.0   0.47  0.0   0.0   0.27  0.14  0.0   0.0   0.0   0.0   0.12  0.0   0.0   0.0   0.0   
107   E     0.37  0.0   0.15  0.0   0.0   0.0   0.26  0.22  0.0   0.0   0.0   0.0   0.0   0.0   0.0   0.0   0.0   0.0   0.0   0.0   
108   I     0.0   0.0   0.0   0.0   0.0   0.0   0.0   0.0   0.0   0.26  0.46  0.0   0.0   0.0   0.0   0.0   0.0   0.0   0.13  0.15  
109   L     0.0   0.0   0.0   0.0   0.0   0.0   0.0   0.0   0.0   0.12  0.48  0.0   0.12  0.0   0.0   0.0   0.15  0.0   0.0   0.13  
110   K     0.0   0.24  0.0   0.0   0.0   0.0   0.0   0.13  0.0   0.0   0.12  0.29  0.0   0.0   0.0   0.09  0.13  0.0   0.0   0.0   
111   D     0.0   0.0   0.21  0.27  0.0   0.13  0.25  0.15  0.0   0.0   0.0   0.0   0.0   0.0   0.0   0.0   0.0   0.0   0.0   0.0   
112   L     0.0   0.0   0.0   0.0   0.0   0.0   0.0   0.0   0.0   0.46  0.29  0.0   0.0   0.13  0.0   0.0   0.0   0.0   0.0   0.12  
113   R     0.21  0.27  0.0   0.0   0.0   0.0   0.0   0.0   0.0   0.0   0.15  0.37  0.0   0.0   0.0   0.0   0.0   0.0   0.0   0.0   
114   E     0.0   0.0   0.0   0.25  0.0   0.13  0.38  0.0   0.0   0.0   0.0   0.0   0.0   0.0   0.0   0.25  0.0   0.0   0.0   0.0   
115   A     0.88  0.0   0.0   0.0   0.0   0.0   0.0   0.12  0.0   0.0   0.0   0.0   0.0   0.0   0.0   0.0   0.0   0.0   0.0   0.0   
116   W     0.0   0.0   0.0   0.0   0.0   0.0   0.0   0.0   0.0   0.0   0.0   0.0   0.0   0.0   0.0   0.0   0.0   1.0   0.0   0.0   
117   E     0.0   0.15  0.0   0.37  0.0   0.0   0.14  0.0   0.0   0.0   0.0   0.34  0.0   0.0   0.0   0.0   0.0   0.0   0.0   0.0   
118   E     0.13  0.0   0.0   0.0   0.0   0.35  0.4   0.12  0.0   0.0   0.0   0.0   0.0   0.0   0.0   0.0   0.0   0.0   0.0   0.0   
119   V     0.15  0.0   0.0   0.0   0.0   0.0   0.0   0.0   0.0   0.54  0.0   0.0   0.0   0.0   0.0   0.0   0.0   0.0   0.0   0.31  
120   K     0.0   0.0   0.0   0.0   0.0   0.0   0.0   0.2   0.0   0.0   0.0   0.23  0.0   0.0   0.19  0.38  0.0   0.0   0.0   0.0   
121   K     0.0   0.0   0.0   0.0   0.0   0.0   0.0   0.0   0.0   0.0   0.0   0.27  0.0   0.0   0.48  0.25  0.0   0.0   0.0   0.0   
122   K     0.0   0.0   0.0   0.0   0.0   0.0   0.32  0.0   0.0   0.0   0.0   0.68  0.0   0.0   0.0   0.0   0.0   0.0   0.0   0.0   
123   V     0.32  0.0   0.0   0.0   0.0   0.0   0.0   0.0   0.0   0.0   0.0   0.0   0.0   0.0   0.0   0.0   0.0   0.0   0.32  0.36  
124   H     0.0   0.0   0.0   0.0   0.0   0.0   0.0   0.0   0.68  0.0   0.0   0.0   0.0   0.0   0.0   0.32  0.0   0.0   0.0   0.0   
125   H     0.0   0.0   0.32  0.0   0.0   0.0   0.0   0.0   0.36  0.0   0.0   0.0   0.0   0.32  0.0   0.0   0.0   0.0   0.0   0.0   
126   H     0.0   0.0   0.0   0.0   0.0   0.5   0.0   0.0   0.5   0.0   0.0   0.0   0.0   0.0   0.0   0.0   0.0   0.0   0.0   0.0   
