             A     R     N     D     C     Q     E     G     H     I     L     K     M     F     P     S     T     W     Y     V
1     P     0.0   0.0   0.0   0.0   0.0   0.0   0.0   0.0   0.0   0.0   0.0   0.0   0.0   0.0   1.0   0.0   0.0   0.0   0.0   0.0   
2     V     0.0   0.0   0.0   0.0   0.15  0.0   0.0   0.0   0.0   0.0   0.08  0.0   0.0   0.63  0.0   0.0   0.0   0.0   0.0   0.14  
3     E     0.03  0.21  0.0   0.08  0.0   0.08  0.18  0.0   0.0   0.0   0.0   0.1   0.0   0.0   0.04  0.14  0.05  0.0   0.0   0.09  
4     P     0.03  0.0   0.0   0.0   0.0   0.0   0.0   0.58  0.0   0.0   0.0   0.0   0.0   0.0   0.28  0.0   0.0   0.0   0.0   0.08  
5     G     0.0   0.0   0.0   0.0   0.0   0.0   0.0   0.93  0.0   0.0   0.0   0.0   0.0   0.0   0.0   0.04  0.0   0.0   0.0   0.0   
6     E     0.03  0.0   0.0   0.0   0.0   0.02  0.75  0.0   0.0   0.0   0.0   0.0   0.0   0.0   0.0   0.04  0.1   0.06  0.0   0.0   
7     T     0.09  0.02  0.04  0.1   0.0   0.02  0.13  0.0   0.02  0.0   0.0   0.04  0.0   0.0   0.0   0.24  0.29  0.02  0.0   0.0   
8     A     0.36  0.02  0.07  0.0   0.0   0.06  0.19  0.05  0.02  0.03  0.0   0.04  0.04  0.0   0.02  0.07  0.03  0.0   0.0   0.0   
9     A     0.74  0.0   0.0   0.0   0.0   0.0   0.0   0.21  0.0   0.0   0.0   0.0   0.0   0.0   0.0   0.0   0.0   0.0   0.0   0.05  
10    I     0.02  0.04  0.0   0.06  0.0   0.02  0.02  0.0   0.02  0.18  0.49  0.02  0.03  0.0   0.0   0.0   0.0   0.07  0.03  0.01  
11    A     0.25  0.04  0.05  0.04  0.0   0.07  0.12  0.03  0.0   0.0   0.02  0.18  0.0   0.0   0.0   0.08  0.11  0.0   0.0   0.0   
12    R     0.07  0.43  0.0   0.0   0.02  0.08  0.0   0.02  0.05  0.03  0.15  0.05  0.05  0.0   0.0   0.0   0.04  0.0   0.0   0.02  
13    L     0.0   0.0   0.0   0.0   0.03  0.0   0.0   0.0   0.0   0.02  0.77  0.0   0.04  0.05  0.0   0.0   0.0   0.0   0.0   0.08  
14    Q     0.02  0.11  0.03  0.18  0.0   0.1   0.19  0.05  0.02  0.0   0.0   0.15  0.0   0.01  0.0   0.03  0.08  0.0   0.02  0.0   
15    E     0.06  0.05  0.04  0.14  0.0   0.03  0.22  0.04  0.12  0.0   0.0   0.06  0.02  0.03  0.0   0.14  0.03  0.02  0.02  0.0   
16    F     0.0   0.1   0.0   0.0   0.0   0.0   0.0   0.0   0.03  0.0   0.04  0.0   0.0   0.59  0.0   0.04  0.0   0.02  0.18  0.0   
17    C     0.0   0.02  0.0   0.0   0.16  0.0   0.0   0.0   0.0   0.22  0.35  0.0   0.0   0.18  0.0   0.02  0.02  0.0   0.0   0.02  
18    D     0.1   0.05  0.05  0.1   0.0   0.07  0.12  0.06  0.02  0.03  0.0   0.21  0.0   0.01  0.0   0.11  0.07  0.0   0.0   0.0   
19    R     0.05  0.1   0.05  0.13  0.0   0.1   0.12  0.11  0.04  0.0   0.0   0.09  0.0   0.0   0.0   0.09  0.03  0.0   0.05  0.04  
20    A     0.15  0.25  0.0   0.0   0.0   0.04  0.11  0.11  0.01  0.0   0.07  0.2   0.0   0.0   0.05  0.0   0.0   0.0   0.0   0.0   
21    I     0.03  0.02  0.0   0.0   0.0   0.02  0.03  0.06  0.0   0.11  0.43  0.0   0.06  0.05  0.0   0.05  0.0   0.0   0.0   0.12  
22    A     0.22  0.1   0.07  0.02  0.0   0.02  0.08  0.06  0.02  0.03  0.03  0.14  0.0   0.0   0.05  0.1   0.02  0.0   0.04  0.0   
23    D     0.08  0.06  0.07  0.13  0.05  0.0   0.16  0.04  0.0   0.0   0.03  0.13  0.0   0.0   0.0   0.08  0.07  0.0   0.05  0.05  
24    Y     0.0   0.0   0.0   0.0   0.0   0.0   0.0   0.03  0.0   0.0   0.0   0.0   0.0   0.24  0.0   0.0   0.0   0.0   0.72  0.0   
25    D     0.12  0.03  0.1   0.03  0.0   0.04  0.28  0.05  0.02  0.0   0.02  0.19  0.0   0.04  0.0   0.05  0.0   0.0   0.05  0.0   
26    P     0.02  0.14  0.03  0.1   0.0   0.11  0.25  0.0   0.0   0.0   0.04  0.12  0.0   0.03  0.05  0.03  0.08  0.0   0.0   0.0   
27    Q     0.05  0.06  0.13  0.09  0.0   0.06  0.05  0.11  0.03  0.0   0.0   0.02  0.0   0.0   0.07  0.06  0.21  0.0   0.05  0.0   
28    R     0.0   0.66  0.03  0.0   0.0   0.04  0.0   0.0   0.02  0.08  0.0   0.07  0.0   0.02  0.0   0.03  0.0   0.0   0.05  0.0   
29    N     0.02  0.03  0.48  0.24  0.0   0.0   0.03  0.03  0.0   0.0   0.0   0.03  0.0   0.0   0.0   0.08  0.0   0.0   0.07  0.0   
30    F     0.05  0.02  0.08  0.12  0.0   0.0   0.0   0.03  0.0   0.05  0.14  0.08  0.13  0.17  0.0   0.05  0.0   0.0   0.06  0.03  
31    P     0.03  0.0   0.03  0.05  0.0   0.0   0.0   0.0   0.0   0.01  0.24  0.0   0.0   0.06  0.53  0.0   0.0   0.0   0.0   0.04  
32    A     0.15  0.0   0.09  0.1   0.0   0.0   0.04  0.23  0.03  0.02  0.0   0.0   0.0   0.02  0.0   0.13  0.05  0.0   0.03  0.08  
33    E     0.08  0.04  0.0   0.0   0.0   0.06  0.05  0.08  0.0   0.02  0.23  0.17  0.05  0.02  0.09  0.03  0.02  0.0   0.03  0.04  
34    A     0.2   0.0   0.15  0.29  0.0   0.02  0.09  0.03  0.0   0.0   0.03  0.0   0.0   0.0   0.12  0.02  0.02  0.0   0.0   0.02  
35    G     0.25  0.0   0.0   0.02  0.05  0.0   0.0   0.21  0.0   0.0   0.0   0.02  0.0   0.1   0.05  0.12  0.03  0.0   0.15  0.0   
36    T     0.0   0.0   0.0   0.0   0.05  0.0   0.0   0.02  0.03  0.0   0.15  0.0   0.0   0.0   0.12  0.24  0.39  0.0   0.0   0.0   
37    S     0.02  0.0   0.0   0.0   0.03  0.0   0.0   0.0   0.0   0.0   0.0   0.04  0.0   0.0   0.0   0.65  0.26  0.0   0.0   0.0   
38    G     0.0   0.15  0.1   0.0   0.0   0.01  0.0   0.14  0.03  0.0   0.07  0.24  0.05  0.03  0.0   0.11  0.0   0.0   0.0   0.07  
39    L     0.0   0.0   0.0   0.0   0.0   0.0   0.0   0.0   0.0   0.07  0.58  0.0   0.2   0.15  0.0   0.0   0.0   0.0   0.0   0.0   
40    S     0.03  0.0   0.0   0.0   0.0   0.0   0.0   0.0   0.0   0.0   0.0   0.0   0.0   0.0   0.0   0.97  0.0   0.0   0.0   0.0   
41    P     0.21  0.0   0.0   0.0   0.0   0.0   0.0   0.0   0.0   0.0   0.0   0.0   0.0   0.0   0.73  0.0   0.0   0.0   0.0   0.06  
42    A     0.11  0.0   0.0   0.0   0.0   0.03  0.0   0.0   0.17  0.0   0.0   0.0   0.0   0.02  0.0   0.03  0.0   0.26  0.37  0.0   
43    L     0.0   0.0   0.0   0.0   0.0   0.0   0.0   0.0   0.0   0.08  0.85  0.0   0.0   0.07  0.0   0.0   0.0   0.0   0.0   0.0   
44    K     0.4   0.12  0.03  0.0   0.0   0.0   0.0   0.0   0.22  0.0   0.0   0.13  0.0   0.0   0.0   0.05  0.03  0.0   0.0   0.0   
45    F     0.06  0.0   0.0   0.0   0.0   0.05  0.0   0.0   0.0   0.04  0.12  0.0   0.06  0.44  0.0   0.08  0.11  0.05  0.0   0.0   
46    G     0.0   0.0   0.0   0.0   0.0   0.0   0.0   1.0   0.0   0.0   0.0   0.0   0.0   0.0   0.0   0.0   0.0   0.0   0.0   0.0   
47    A     0.06  0.03  0.05  0.0   0.31  0.1   0.08  0.03  0.05  0.02  0.03  0.0   0.0   0.0   0.0   0.06  0.08  0.0   0.0   0.1   
48    I     0.0   0.0   0.0   0.0   0.0   0.0   0.0   0.0   0.0   0.44  0.37  0.0   0.0   0.0   0.0   0.0   0.0   0.0   0.0   0.19  
49    G     0.0   0.0   0.0   0.0   0.0   0.0   0.0   0.07  0.0   0.0   0.0   0.0   0.0   0.0   0.0   0.86  0.07  0.0   0.0   0.0   
50    I     0.18  0.0   0.0   0.0   0.03  0.0   0.0   0.0   0.0   0.07  0.05  0.0   0.0   0.0   0.37  0.08  0.03  0.0   0.0   0.19  
51    R     0.04  0.87  0.0   0.0   0.0   0.03  0.0   0.0   0.0   0.0   0.0   0.02  0.0   0.0   0.0   0.0   0.0   0.0   0.0   0.0   
52    Q     0.05  0.07  0.0   0.0   0.04  0.12  0.07  0.01  0.05  0.0   0.09  0.03  0.08  0.03  0.0   0.08  0.1   0.01  0.15  0.0   
53    A     0.12  0.0   0.0   0.0   0.08  0.0   0.0   0.01  0.0   0.26  0.05  0.0   0.08  0.16  0.0   0.0   0.0   0.0   0.0   0.2   
54    W     0.04  0.0   0.0   0.0   0.01  0.0   0.0   0.01  0.08  0.03  0.17  0.0   0.02  0.1   0.0   0.0   0.0   0.08  0.31  0.12  
55    Q     0.09  0.05  0.04  0.09  0.0   0.15  0.16  0.0   0.14  0.0   0.0   0.05  0.0   0.02  0.0   0.02  0.03  0.11  0.04  0.0   
56    A     0.17  0.07  0.0   0.0   0.13  0.09  0.15  0.0   0.04  0.0   0.06  0.05  0.03  0.0   0.0   0.04  0.09  0.0   0.0   0.06  
57    A     0.18  0.03  0.0   0.0   0.0   0.03  0.0   0.0   0.0   0.07  0.3   0.02  0.0   0.0   0.0   0.03  0.04  0.0   0.0   0.29  
58    S     0.02  0.17  0.0   0.0   0.0   0.07  0.06  0.01  0.07  0.04  0.14  0.21  0.0   0.06  0.0   0.03  0.02  0.02  0.0   0.04  
59    A     0.14  0.17  0.04  0.17  0.02  0.07  0.04  0.03  0.03  0.0   0.01  0.17  0.03  0.0   0.0   0.01  0.02  0.0   0.0   0.06  
60    A     0.13  0.12  0.0   0.0   0.0   0.0   0.09  0.0   0.05  0.08  0.19  0.04  0.0   0.02  0.0   0.04  0.06  0.0   0.17  0.0   
61    H     0.0   0.0   0.03  0.0   0.0   0.07  0.21  0.02  0.07  0.0   0.03  0.07  0.0   0.05  0.0   0.09  0.0   0.12  0.21  0.0   
62    A     0.18  0.05  0.11  0.06  0.0   0.03  0.1   0.01  0.02  0.07  0.08  0.07  0.0   0.0   0.04  0.09  0.08  0.0   0.0   0.02  
63    L     0.09  0.05  0.06  0.08  0.0   0.05  0.08  0.03  0.02  0.03  0.06  0.11  0.04  0.01  0.01  0.1   0.07  0.0   0.05  0.07  
64    S     0.13  0.05  0.01  0.03  0.0   0.01  0.06  0.03  0.04  0.01  0.06  0.03  0.03  0.04  0.11  0.21  0.03  0.0   0.0   0.13  
65    R     0.02  0.13  0.01  0.06  0.0   0.1   0.06  0.05  0.0   0.01  0.05  0.3   0.0   0.03  0.04  0.05  0.02  0.0   0.01  0.06  
66    S     0.16  0.04  0.15  0.04  0.0   0.02  0.11  0.03  0.0   0.01  0.11  0.07  0.02  0.01  0.01  0.17  0.04  0.0   0.0   0.01  
67    D     0.03  0.09  0.17  0.07  0.0   0.02  0.12  0.1   0.04  0.01  0.05  0.03  0.0   0.01  0.01  0.09  0.04  0.0   0.0   0.13  
68    E     0.08  0.0   0.04  0.1   0.0   0.02  0.16  0.19  0.0   0.05  0.01  0.13  0.0   0.0   0.04  0.05  0.07  0.0   0.0   0.05  
69    A     0.24  0.0   0.03  0.06  0.05  0.05  0.06  0.16  0.02  0.0   0.1   0.02  0.0   0.05  0.0   0.07  0.07  0.0   0.0   0.01  
70    R     0.01  0.15  0.26  0.04  0.0   0.0   0.06  0.11  0.02  0.0   0.06  0.03  0.0   0.11  0.05  0.04  0.02  0.0   0.0   0.02  
71    N     0.06  0.07  0.08  0.08  0.0   0.05  0.24  0.01  0.0   0.03  0.07  0.01  0.0   0.0   0.1   0.04  0.07  0.0   0.06  0.03  
72    S     0.01  0.0   0.02  0.04  0.07  0.0   0.14  0.23  0.0   0.0   0.01  0.01  0.0   0.0   0.04  0.41  0.01  0.0   0.0   0.01  
73    I     0.09  0.0   0.0   0.0   0.0   0.0   0.1   0.09  0.0   0.11  0.09  0.01  0.0   0.0   0.1   0.02  0.23  0.0   0.0   0.13  
74    R     0.05  0.11  0.07  0.03  0.0   0.12  0.16  0.0   0.04  0.05  0.11  0.0   0.0   0.0   0.0   0.06  0.0   0.0   0.16  0.04  
75    V     0.1   0.05  0.04  0.0   0.0   0.0   0.0   0.06  0.07  0.03  0.06  0.02  0.0   0.05  0.0   0.07  0.08  0.21  0.0   0.15  
76    W     0.0   0.0   0.0   0.0   0.0   0.0   0.0   0.0   0.0   0.11  0.23  0.0   0.02  0.17  0.0   0.0   0.0   0.21  0.03  0.23  
77    Q     0.0   0.15  0.0   0.0   0.0   0.08  0.05  0.0   0.0   0.22  0.17  0.0   0.03  0.04  0.0   0.06  0.09  0.0   0.05  0.05  
78    Q     0.02  0.17  0.06  0.02  0.0   0.06  0.05  0.17  0.0   0.0   0.0   0.1   0.02  0.19  0.0   0.09  0.0   0.0   0.03  0.0   
79    E     0.0   0.05  0.0   0.0   0.0   0.25  0.6   0.03  0.0   0.0   0.05  0.0   0.0   0.0   0.0   0.03  0.0   0.0   0.0   0.0   
80    L     0.0   0.0   0.0   0.0   0.0   0.0   0.0   0.0   0.0   0.15  0.79  0.0   0.0   0.0   0.0   0.0   0.0   0.0   0.0   0.06  
81    A     0.26  0.0   0.0   0.0   0.0   0.0   0.0   0.06  0.05  0.19  0.32  0.0   0.0   0.0   0.0   0.02  0.0   0.0   0.0   0.1   
82    W     0.0   0.05  0.0   0.1   0.0   0.0   0.0   0.0   0.0   0.0   0.06  0.0   0.0   0.0   0.0   0.0   0.0   0.79  0.0   0.0   
83    R     0.0   0.86  0.1   0.0   0.0   0.0   0.0   0.0   0.0   0.0   0.0   0.0   0.0   0.0   0.0   0.0   0.0   0.0   0.0   0.0   
84    E     0.0   0.0   0.0   0.33  0.0   0.0   0.53  0.0   0.0   0.0   0.0   0.0   0.0   0.1   0.0   0.0   0.0   0.0   0.0   0.0   
85    F     0.0   0.0   0.0   0.0   0.1   0.0   0.0   0.0   0.0   0.0   0.06  0.0   0.0   0.46  0.0   0.0   0.0   0.0   0.35  0.0   
86    Y     0.0   0.0   0.0   0.0   0.02  0.0   0.0   0.0   0.06  0.0   0.0   0.0   0.04  0.42  0.0   0.16  0.0   0.0   0.29  0.0   
87    Q     0.02  0.34  0.0   0.0   0.04  0.1   0.0   0.0   0.02  0.0   0.0   0.05  0.05  0.02  0.0   0.0   0.0   0.0   0.35  0.0   
88    H     0.0   0.0   0.11  0.0   0.0   0.1   0.0   0.0   0.29  0.0   0.04  0.0   0.05  0.15  0.0   0.0   0.15  0.03  0.07  0.0   
89    A     0.06  0.02  0.0   0.0   0.09  0.02  0.0   0.02  0.0   0.13  0.2   0.03  0.09  0.11  0.07  0.0   0.02  0.0   0.02  0.14  
90    L     0.17  0.0   0.03  0.0   0.03  0.02  0.0   0.0   0.06  0.06  0.21  0.0   0.05  0.02  0.0   0.19  0.06  0.0   0.03  0.07  
91    Y     0.06  0.05  0.0   0.0   0.03  0.07  0.02  0.0   0.05  0.05  0.06  0.05  0.0   0.17  0.0   0.0   0.06  0.0   0.21  0.11  
92    H     0.0   0.02  0.16  0.12  0.0   0.02  0.0   0.06  0.13  0.02  0.02  0.27  0.0   0.05  0.0   0.02  0.0   0.02  0.12  0.0   
93    F     0.0   0.02  0.17  0.0   0.01  0.0   0.04  0.0   0.11  0.03  0.01  0.03  0.0   0.24  0.0   0.1   0.03  0.06  0.16  0.0   
94    P     0.01  0.07  0.0   0.05  0.0   0.02  0.04  0.17  0.0   0.03  0.07  0.0   0.0   0.0   0.49  0.03  0.0   0.0   0.0   0.0   
95    S     0.06  0.03  0.27  0.05  0.0   0.0   0.05  0.02  0.05  0.0   0.0   0.12  0.0   0.05  0.0   0.2   0.0   0.02  0.09  0.0   
96    L     0.02  0.07  0.0   0.04  0.02  0.0   0.04  0.13  0.0   0.07  0.13  0.03  0.02  0.06  0.0   0.07  0.09  0.0   0.17  0.04  
97    A     0.2   0.02  0.0   0.1   0.09  0.0   0.0   0.08  0.05  0.06  0.09  0.05  0.04  0.02  0.0   0.15  0.03  0.0   0.0   0.02  
98    D     0.0   0.07  0.04  0.05  0.0   0.06  0.16  0.03  0.03  0.02  0.0   0.11  0.04  0.17  0.0   0.08  0.0   0.07  0.06  0.02  
99    G     0.02  0.12  0.04  0.06  0.0   0.07  0.12  0.07  0.04  0.0   0.0   0.13  0.21  0.02  0.0   0.05  0.03  0.0   0.03  0.0   
100   P     0.03  0.01  0.08  0.07  0.0   0.02  0.22  0.0   0.0   0.0   0.06  0.03  0.02  0.02  0.21  0.02  0.01  0.18  0.0   0.0   
101   Y     0.19  0.03  0.02  0.02  0.0   0.0   0.0   0.18  0.0   0.02  0.11  0.02  0.0   0.14  0.02  0.07  0.0   0.02  0.16  0.0   
102   R     0.0   0.18  0.17  0.02  0.0   0.08  0.03  0.17  0.0   0.03  0.12  0.09  0.02  0.04  0.0   0.0   0.03  0.0   0.0   0.02  
103   S     0.04  0.06  0.0   0.1   0.0   0.0   0.06  0.09  0.0   0.02  0.13  0.12  0.0   0.0   0.2   0.07  0.06  0.0   0.02  0.02  
104   L     0.02  0.14  0.04  0.03  0.0   0.05  0.03  0.02  0.07  0.15  0.06  0.0   0.0   0.0   0.02  0.13  0.18  0.05  0.02  0.0   
105   W     0.0   0.0   0.04  0.06  0.15  0.0   0.06  0.09  0.02  0.0   0.25  0.06  0.0   0.07  0.0   0.0   0.08  0.08  0.04  0.0   
106   Q     0.02  0.11  0.04  0.06  0.0   0.09  0.05  0.0   0.02  0.02  0.17  0.19  0.1   0.0   0.0   0.04  0.0   0.0   0.02  0.07  
107   Q     0.04  0.13  0.15  0.19  0.0   0.14  0.1   0.0   0.02  0.0   0.03  0.03  0.0   0.07  0.02  0.04  0.02  0.0   0.0   0.0   
108   F     0.05  0.0   0.0   0.0   0.0   0.04  0.0   0.02  0.16  0.37  0.05  0.0   0.0   0.15  0.03  0.02  0.0   0.0   0.05  0.07  
109   P     0.17  0.0   0.04  0.03  0.0   0.02  0.09  0.03  0.02  0.0   0.0   0.1   0.0   0.0   0.32  0.12  0.0   0.0   0.0   0.03  
110   W     0.06  0.03  0.0   0.0   0.0   0.0   0.01  0.01  0.0   0.0   0.01  0.06  0.0   0.0   0.03  0.07  0.03  0.67  0.0   0.01  
111   E     0.07  0.07  0.04  0.32  0.0   0.07  0.14  0.01  0.0   0.03  0.01  0.07  0.0   0.0   0.0   0.11  0.02  0.02  0.02  0.01  
112   N     0.09  0.05  0.13  0.05  0.0   0.07  0.11  0.01  0.02  0.0   0.01  0.19  0.0   0.03  0.08  0.09  0.02  0.0   0.02  0.03  
113   R     0.01  0.16  0.24  0.36  0.0   0.0   0.01  0.01  0.0   0.0   0.01  0.06  0.0   0.0   0.06  0.01  0.0   0.0   0.03  0.03  
114   E     0.09  0.04  0.02  0.04  0.0   0.12  0.29  0.0   0.02  0.03  0.03  0.0   0.02  0.0   0.19  0.05  0.0   0.01  0.0   0.05  
115   A     0.17  0.0   0.06  0.18  0.0   0.02  0.15  0.0   0.11  0.0   0.0   0.11  0.0   0.0   0.0   0.0   0.02  0.0   0.11  0.04  
116   L     0.08  0.09  0.0   0.02  0.0   0.04  0.08  0.0   0.08  0.09  0.23  0.05  0.07  0.0   0.0   0.07  0.0   0.0   0.07  0.0   
117   F     0.0   0.0   0.0   0.0   0.0   0.0   0.0   0.0   0.0   0.03  0.3   0.0   0.02  0.46  0.0   0.0   0.0   0.0   0.16  0.0   
118   T     0.11  0.02  0.05  0.1   0.0   0.19  0.19  0.0   0.04  0.0   0.02  0.09  0.0   0.0   0.02  0.03  0.14  0.0   0.0   0.0   
119   A     0.39  0.17  0.0   0.0   0.0   0.1   0.0   0.0   0.0   0.04  0.13  0.11  0.0   0.0   0.0   0.06  0.0   0.0   0.0   0.0   
120   W     0.0   0.0   0.0   0.0   0.0   0.0   0.0   0.0   0.0   0.0   0.13  0.0   0.0   0.06  0.0   0.0   0.0   0.82  0.0   0.0   
121   T     0.05  0.18  0.03  0.0   0.09  0.09  0.16  0.0   0.0   0.03  0.0   0.25  0.0   0.0   0.0   0.0   0.07  0.0   0.06  0.0   
122   Q     0.03  0.08  0.07  0.11  0.0   0.12  0.23  0.0   0.02  0.0   0.04  0.04  0.0   0.0   0.0   0.11  0.14  0.0   0.0   0.0   
123   A     0.15  0.0   0.0   0.0   0.0   0.0   0.0   0.85  0.0   0.0   0.0   0.0   0.0   0.0   0.0   0.0   0.0   0.0   0.0   0.0   
124   Q     0.0   0.24  0.14  0.0   0.0   0.1   0.1   0.0   0.04  0.0   0.05  0.17  0.02  0.0   0.0   0.03  0.11  0.0   0.0   0.0   
125   T     0.0   0.0   0.0   0.0   0.0   0.0   0.0   0.0   0.0   0.0   0.0   0.0   0.0   0.0   0.0   0.0   1.0   0.0   0.0   0.0   
126   G     0.03  0.0   0.0   0.0   0.0   0.0   0.0   0.78  0.13  0.0   0.0   0.0   0.0   0.0   0.07  0.0   0.0   0.0   0.0   0.0   
127   Y     0.0   0.0   0.0   0.16  0.0   0.0   0.0   0.0   0.0   0.11  0.0   0.0   0.05  0.22  0.0   0.0   0.0   0.0   0.39  0.07  
128   P     0.0   0.0   0.0   0.0   0.0   0.03  0.04  0.05  0.0   0.0   0.0   0.0   0.0   0.0   0.88  0.0   0.0   0.0   0.0   0.0   
129   I     0.0   0.0   0.0   0.0   0.0   0.0   0.0   0.0   0.0   0.33  0.43  0.0   0.03  0.05  0.04  0.0   0.0   0.06  0.06  0.0   
130   V     0.0   0.0   0.0   0.0   0.0   0.0   0.0   0.0   0.0   0.31  0.0   0.0   0.0   0.0   0.0   0.0   0.0   0.16  0.0   0.53  
131   D     0.0   0.0   0.22  0.78  0.0   0.0   0.0   0.0   0.0   0.0   0.0   0.0   0.0   0.0   0.0   0.0   0.0   0.0   0.0   0.0   
132   A     0.96  0.0   0.0   0.0   0.0   0.0   0.0   0.04  0.0   0.0   0.0   0.0   0.0   0.0   0.0   0.0   0.0   0.0   0.0   0.0   
133   A     0.37  0.0   0.16  0.0   0.11  0.0   0.0   0.16  0.0   0.1   0.0   0.0   0.0   0.0   0.0   0.1   0.0   0.0   0.0   0.0   
134   M     0.0   0.0   0.0   0.0   0.0   0.22  0.0   0.0   0.0   0.0   0.0   0.0   0.78  0.0   0.0   0.0   0.0   0.0   0.0   0.0   
135   R     0.02  0.69  0.0   0.0   0.0   0.03  0.0   0.0   0.02  0.02  0.05  0.09  0.03  0.0   0.0   0.0   0.04  0.0   0.0   0.02  
136   Q     0.0   0.0   0.0   0.0   0.05  0.52  0.4   0.0   0.0   0.0   0.0   0.03  0.0   0.0   0.0   0.0   0.0   0.0   0.0   0.0   
137   L     0.0   0.0   0.0   0.0   0.0   0.0   0.0   0.0   0.0   0.0   0.84  0.0   0.11  0.0   0.0   0.0   0.03  0.0   0.0   0.02  
138   T     0.1   0.09  0.18  0.0   0.0   0.03  0.0   0.0   0.03  0.07  0.17  0.02  0.02  0.0   0.0   0.01  0.03  0.07  0.0   0.17  
139   E     0.29  0.02  0.02  0.0   0.0   0.18  0.05  0.0   0.09  0.06  0.06  0.07  0.02  0.0   0.0   0.07  0.03  0.0   0.05  0.0   
140   T     0.0   0.0   0.0   0.0   0.0   0.03  0.25  0.0   0.04  0.0   0.04  0.0   0.0   0.0   0.0   0.0   0.6   0.04  0.0   0.0   
141   G     0.02  0.0   0.0   0.0   0.0   0.0   0.0   0.98  0.0   0.0   0.0   0.0   0.0   0.0   0.0   0.0   0.0   0.0   0.0   0.0   
142   W     0.0   0.0   0.0   0.0   0.0   0.0   0.0   0.0   0.0   0.0   0.0   0.17  0.0   0.13  0.0   0.0   0.02  0.39  0.28  0.0   
143   M     0.0   0.0   0.0   0.0   0.0   0.0   0.0   0.0   0.0   0.08  0.19  0.0   0.67  0.0   0.0   0.0   0.05  0.0   0.0   0.0   
144   H     0.0   0.0   0.08  0.0   0.0   0.0   0.0   0.0   0.61  0.0   0.0   0.0   0.0   0.0   0.0   0.32  0.0   0.0   0.0   0.0   
145   N     0.0   0.0   0.59  0.03  0.0   0.0   0.0   0.17  0.16  0.0   0.0   0.0   0.0   0.05  0.0   0.0   0.0   0.0   0.0   0.0   
146   R     0.0   0.66  0.0   0.0   0.0   0.0   0.0   0.0   0.0   0.05  0.07  0.0   0.0   0.11  0.0   0.0   0.04  0.0   0.06  0.0   
147   C     0.15  0.0   0.0   0.0   0.05  0.0   0.0   0.22  0.0   0.05  0.28  0.0   0.16  0.0   0.0   0.03  0.02  0.0   0.0   0.04  
148   R     0.0   0.98  0.0   0.0   0.0   0.0   0.0   0.0   0.0   0.0   0.0   0.0   0.0   0.0   0.0   0.0   0.0   0.02  0.0   0.0   
149   M     0.05  0.0   0.09  0.0   0.0   0.27  0.0   0.0   0.07  0.0   0.0   0.0   0.46  0.0   0.0   0.0   0.0   0.0   0.0   0.05  
150   I     0.04  0.0   0.19  0.0   0.02  0.0   0.0   0.0   0.0   0.36  0.08  0.0   0.05  0.0   0.0   0.02  0.04  0.0   0.17  0.03  
151   V     0.05  0.0   0.0   0.0   0.0   0.0   0.0   0.0   0.0   0.0   0.05  0.0   0.0   0.0   0.0   0.0   0.17  0.17  0.0   0.56  
152   A     0.77  0.0   0.0   0.0   0.04  0.0   0.0   0.06  0.0   0.0   0.0   0.0   0.0   0.0   0.0   0.08  0.0   0.0   0.0   0.05  
153   S     0.02  0.0   0.0   0.0   0.07  0.03  0.0   0.0   0.0   0.0   0.0   0.17  0.0   0.0   0.0   0.61  0.09  0.0   0.0   0.0   
154   F     0.01  0.01  0.01  0.01  0.06  0.01  0.01  0.01  0.0   0.01  0.02  0.01  0.0   0.67  0.01  0.01  0.01  0.03  0.03  0.06  
155   L     0.06  0.01  0.01  0.01  0.0   0.01  0.01  0.01  0.0   0.01  0.74  0.01  0.0   0.06  0.01  0.01  0.01  0.0   0.01  0.01  
156   T     0.1   0.01  0.01  0.01  0.02  0.01  0.01  0.01  0.0   0.05  0.02  0.01  0.0   0.01  0.01  0.04  0.42  0.0   0.01  0.26  
157   K     0.01  0.21  0.01  0.01  0.0   0.01  0.01  0.03  0.11  0.01  0.04  0.48  0.0   0.01  0.01  0.01  0.01  0.0   0.01  0.01  
158   D     0.01  0.01  0.12  0.33  0.0   0.01  0.07  0.1   0.12  0.01  0.02  0.01  0.0   0.03  0.01  0.04  0.03  0.0   0.01  0.06  
159   L     0.02  0.0   0.0   0.0   0.0   0.0   0.0   0.0   0.0   0.0   0.71  0.17  0.09  0.0   0.0   0.0   0.0   0.0   0.0   0.0   
160   I     0.0   0.0   0.05  0.0   0.0   0.03  0.02  0.22  0.02  0.22  0.23  0.0   0.0   0.04  0.0   0.02  0.0   0.13  0.02  0.0   
161   I     0.0   0.0   0.0   0.0   0.0   0.04  0.0   0.0   0.0   0.47  0.38  0.0   0.0   0.0   0.0   0.0   0.0   0.0   0.0   0.11  
162   D     0.0   0.0   0.04  0.53  0.0   0.0   0.17  0.0   0.05  0.0   0.0   0.0   0.0   0.0   0.08  0.13  0.0   0.0   0.0   0.0   
163   W     0.0   0.0   0.0   0.0   0.0   0.0   0.0   0.0   0.0   0.0   0.0   0.0   0.0   0.0   0.0   0.0   0.0   1.0   0.0   0.0   
164   R     0.0   0.58  0.0   0.0   0.0   0.02  0.16  0.0   0.01  0.0   0.0   0.05  0.0   0.0   0.0   0.0   0.17  0.0   0.0   0.0   
165   R     0.14  0.08  0.0   0.03  0.0   0.02  0.09  0.0   0.08  0.0   0.08  0.09  0.09  0.0   0.02  0.04  0.0   0.16  0.09  0.0   
166   G     0.0   0.0   0.0   0.0   0.03  0.0   0.0   0.85  0.03  0.0   0.0   0.0   0.0   0.0   0.03  0.06  0.0   0.0   0.0   0.0   
167   E     0.32  0.04  0.0   0.0   0.0   0.0   0.25  0.0   0.0   0.0   0.06  0.0   0.07  0.0   0.14  0.0   0.0   0.0   0.02  0.1   
168   Q     0.08  0.2   0.0   0.09  0.0   0.1   0.36  0.0   0.0   0.0   0.02  0.11  0.0   0.0   0.0   0.0   0.05  0.0   0.0   0.0   
169   F     0.06  0.03  0.0   0.0   0.0   0.0   0.11  0.0   0.13  0.0   0.0   0.0   0.0   0.03  0.0   0.0   0.0   0.23  0.33  0.07  
170   F     0.08  0.0   0.0   0.0   0.0   0.0   0.0   0.0   0.0   0.0   0.05  0.0   0.0   0.76  0.0   0.0   0.0   0.0   0.12  0.0   
171   M     0.08  0.07  0.0   0.08  0.0   0.0   0.34  0.0   0.0   0.02  0.19  0.0   0.16  0.0   0.0   0.0   0.0   0.05  0.0   0.0   
172   Q     0.02  0.09  0.03  0.09  0.0   0.14  0.08  0.0   0.05  0.03  0.0   0.2   0.02  0.0   0.0   0.13  0.08  0.0   0.03  0.0   
173   H     0.0   0.05  0.02  0.03  0.05  0.13  0.0   0.0   0.1   0.0   0.23  0.02  0.02  0.0   0.0   0.03  0.09  0.0   0.23  0.0   
174   L     0.0   0.03  0.0   0.0   0.0   0.0   0.11  0.0   0.0   0.0   0.81  0.0   0.0   0.05  0.0   0.0   0.0   0.0   0.0   0.0   
175   V     0.02  0.0   0.0   0.0   0.0   0.0   0.0   0.0   0.0   0.42  0.38  0.0   0.0   0.0   0.0   0.0   0.0   0.0   0.02  0.16  
176   D     0.0   0.0   0.0   0.97  0.0   0.0   0.0   0.0   0.0   0.0   0.0   0.0   0.0   0.0   0.0   0.03  0.0   0.0   0.0   0.0   
177   G     0.2   0.0   0.0   0.0   0.0   0.0   0.0   0.37  0.04  0.0   0.03  0.0   0.0   0.05  0.0   0.04  0.0   0.0   0.27  0.0   
178   D     0.0   0.11  0.0   0.81  0.0   0.0   0.05  0.0   0.0   0.0   0.0   0.0   0.0   0.0   0.0   0.0   0.0   0.03  0.0   0.0   
179   L     0.0   0.03  0.0   0.14  0.0   0.0   0.0   0.03  0.0   0.0   0.15  0.0   0.0   0.06  0.13  0.03  0.07  0.15  0.02  0.2   
180   A     0.37  0.0   0.0   0.0   0.1   0.0   0.05  0.09  0.03  0.0   0.0   0.0   0.0   0.0   0.14  0.22  0.0   0.0   0.0   0.0   
181   A     0.09  0.0   0.14  0.03  0.03  0.0   0.0   0.0   0.0   0.09  0.02  0.0   0.0   0.0   0.0   0.45  0.0   0.0   0.0   0.15  
182   N     0.0   0.0   0.61  0.08  0.09  0.0   0.0   0.14  0.05  0.0   0.0   0.0   0.0   0.0   0.03  0.0   0.0   0.0   0.0   0.0   
183   N     0.17  0.0   0.25  0.0   0.0   0.02  0.0   0.0   0.0   0.04  0.03  0.0   0.0   0.06  0.0   0.0   0.0   0.18  0.21  0.03  
184   G     0.08  0.0   0.0   0.0   0.0   0.03  0.0   0.67  0.0   0.0   0.08  0.0   0.0   0.0   0.05  0.0   0.03  0.0   0.0   0.08  
185   G     0.0   0.0   0.46  0.0   0.0   0.05  0.0   0.46  0.0   0.0   0.0   0.0   0.0   0.0   0.0   0.04  0.0   0.0   0.0   0.0   
186   W     0.0   0.0   0.0   0.0   0.11  0.0   0.0   0.0   0.0   0.0   0.0   0.0   0.0   0.05  0.0   0.0   0.0   0.78  0.0   0.06  
187   Q     0.08  0.0   0.04  0.0   0.0   0.46  0.0   0.05  0.0   0.0   0.03  0.0   0.27  0.0   0.0   0.0   0.04  0.0   0.0   0.0   
188   W     0.0   0.0   0.0   0.0   0.0   0.0   0.0   0.0   0.0   0.0   0.0   0.0   0.05  0.05  0.0   0.0   0.0   0.58  0.3   0.0   
189   S     0.13  0.0   0.0   0.0   0.13  0.1   0.0   0.04  0.0   0.07  0.13  0.0   0.0   0.0   0.0   0.21  0.03  0.0   0.0   0.16  
190   A     0.56  0.0   0.0   0.0   0.0   0.0   0.0   0.03  0.0   0.11  0.0   0.0   0.0   0.06  0.0   0.22  0.03  0.0   0.0   0.0   
191   S     0.02  0.0   0.0   0.0   0.18  0.0   0.0   0.45  0.0   0.0   0.0   0.0   0.0   0.0   0.0   0.34  0.0   0.0   0.0   0.0   
192   S     0.02  0.0   0.0   0.0   0.03  0.0   0.0   0.11  0.0   0.04  0.03  0.06  0.0   0.0   0.0   0.26  0.15  0.0   0.0   0.3   
193   G     0.17  0.0   0.0   0.0   0.0   0.0   0.0   0.65  0.0   0.06  0.03  0.0   0.0   0.0   0.0   0.06  0.0   0.0   0.0   0.0   
194   M     0.08  0.0   0.19  0.0   0.04  0.0   0.0   0.0   0.03  0.03  0.0   0.0   0.07  0.16  0.05  0.0   0.16  0.14  0.0   0.04  
195   D     0.09  0.0   0.0   0.62  0.0   0.0   0.09  0.05  0.0   0.0   0.0   0.05  0.0   0.07  0.0   0.0   0.02  0.0   0.0   0.0   
196   P     0.19  0.0   0.0   0.0   0.0   0.06  0.14  0.07  0.0   0.0   0.06  0.03  0.0   0.0   0.25  0.09  0.07  0.0   0.04  0.0   
197   K     0.05  0.44  0.05  0.09  0.0   0.16  0.0   0.05  0.03  0.0   0.0   0.05  0.02  0.0   0.0   0.02  0.0   0.0   0.0   0.04  
198   P     0.0   0.02  0.0   0.03  0.0   0.0   0.19  0.11  0.0   0.0   0.0   0.03  0.0   0.05  0.37  0.12  0.05  0.0   0.02  0.0   
199   L     0.03  0.0   0.07  0.04  0.0   0.0   0.0   0.0   0.04  0.27  0.08  0.0   0.0   0.31  0.0   0.13  0.0   0.0   0.0   0.0   
200   R     0.0   0.85  0.02  0.0   0.0   0.0   0.0   0.0   0.04  0.0   0.04  0.02  0.0   0.0   0.0   0.03  0.0   0.0   0.0   0.0   
201   I     0.0   0.02  0.0   0.0   0.09  0.06  0.0   0.0   0.0   0.31  0.03  0.03  0.0   0.06  0.0   0.03  0.0   0.0   0.21  0.16  
202   F     0.0   0.0   0.0   0.05  0.0   0.0   0.0   0.0   0.0   0.0   0.02  0.0   0.17  0.54  0.0   0.0   0.09  0.0   0.12  0.0   
203   N     0.0   0.0   0.78  0.02  0.09  0.0   0.0   0.0   0.0   0.0   0.0   0.0   0.0   0.0   0.0   0.11  0.0   0.0   0.0   0.0   
204   P     0.0   0.0   0.0   0.06  0.0   0.03  0.0   0.0   0.0   0.11  0.06  0.0   0.06  0.0   0.56  0.0   0.0   0.0   0.11  0.02  
205   A     0.19  0.08  0.0   0.03  0.0   0.03  0.06  0.0   0.02  0.1   0.06  0.0   0.04  0.0   0.05  0.0   0.11  0.0   0.0   0.23  
206   S     0.09  0.0   0.0   0.0   0.0   0.0   0.0   0.21  0.02  0.05  0.11  0.3   0.0   0.03  0.0   0.1   0.09  0.0   0.0   0.0   
207   Q     0.0   0.0   0.0   0.0   0.11  0.64  0.03  0.0   0.0   0.0   0.15  0.0   0.0   0.07  0.0   0.0   0.0   0.0   0.0   0.0   
208   A     0.36  0.0   0.0   0.0   0.0   0.0   0.03  0.29  0.0   0.0   0.0   0.14  0.0   0.0   0.0   0.11  0.06  0.0   0.0   0.0   
209   K     0.03  0.29  0.0   0.0   0.0   0.13  0.17  0.0   0.02  0.0   0.03  0.25  0.0   0.05  0.0   0.0   0.0   0.0   0.03  0.0   
210   K     0.0   0.27  0.03  0.14  0.0   0.01  0.05  0.0   0.0   0.0   0.0   0.43  0.02  0.0   0.0   0.0   0.06  0.0   0.0   0.0   
211   F     0.0   0.0   0.0   0.0   0.0   0.0   0.0   0.0   0.08  0.0   0.09  0.0   0.0   0.41  0.0   0.0   0.04  0.0   0.38  0.0   
212   D     0.0   0.06  0.0   0.94  0.0   0.0   0.0   0.0   0.0   0.0   0.0   0.0   0.0   0.0   0.0   0.0   0.0   0.0   0.0   0.0   
213   A     0.05  0.01  0.02  0.0   0.0   0.03  0.04  0.02  0.01  0.08  0.0   0.02  0.0   0.0   0.5   0.12  0.0   0.0   0.0   0.08  
214   T     0.03  0.03  0.16  0.29  0.0   0.06  0.19  0.02  0.0   0.0   0.01  0.08  0.0   0.0   0.0   0.05  0.03  0.0   0.03  0.01  
215   A     0.18  0.0   0.02  0.0   0.0   0.0   0.0   0.7   0.02  0.03  0.0   0.0   0.03  0.0   0.0   0.0   0.0   0.0   0.0   0.0   
216   T     0.01  0.05  0.04  0.18  0.0   0.08  0.38  0.0   0.0   0.03  0.0   0.04  0.0   0.0   0.0   0.05  0.11  0.0   0.0   0.02  
217   Y     0.0   0.0   0.0   0.0   0.0   0.0   0.0   0.0   0.0   0.0   0.0   0.0   0.0   0.33  0.0   0.0   0.0   0.03  0.64  0.0   
218   I     0.02  0.0   0.0   0.0   0.0   0.0   0.06  0.0   0.0   0.47  0.04  0.0   0.0   0.0   0.0   0.0   0.03  0.0   0.0   0.39  
219   K     0.06  0.5   0.0   0.03  0.0   0.0   0.04  0.0   0.05  0.0   0.0   0.28  0.0   0.0   0.0   0.0   0.04  0.0   0.0   0.0   
220   R     0.0   0.36  0.0   0.0   0.0   0.12  0.02  0.02  0.08  0.0   0.02  0.2   0.0   0.01  0.0   0.0   0.13  0.0   0.03  0.0   
221   W     0.01  0.0   0.0   0.0   0.0   0.0   0.0   0.01  0.0   0.04  0.01  0.0   0.0   0.11  0.0   0.01  0.0   0.58  0.21  0.01  
222   L     0.03  0.0   0.0   0.0   0.0   0.0   0.0   0.0   0.0   0.09  0.37  0.0   0.0   0.0   0.0   0.05  0.0   0.0   0.0   0.41  
223   P     0.01  0.0   0.03  0.0   0.0   0.07  0.03  0.0   0.0   0.0   0.01  0.03  0.0   0.0   0.79  0.0   0.0   0.0   0.0   0.0   
224   E     0.02  0.0   0.0   0.0   0.0   0.04  0.79  0.01  0.0   0.0   0.01  0.02  0.0   0.0   0.0   0.01  0.0   0.0   0.0   0.07  
225   L     0.01  0.0   0.0   0.0   0.0   0.0   0.01  0.01  0.0   0.0   0.83  0.0   0.0   0.0   0.0   0.01  0.0   0.0   0.03  0.07  
226   R     0.24  0.24  0.03  0.01  0.0   0.02  0.1   0.01  0.0   0.01  0.01  0.18  0.02  0.0   0.04  0.06  0.01  0.0   0.0   0.01  
227   H     0.05  0.1   0.15  0.15  0.0   0.08  0.12  0.08  0.06  0.01  0.01  0.07  0.0   0.0   0.01  0.1   0.01  0.0   0.0   0.01  
228   V     0.01  0.01  0.01  0.01  0.0   0.01  0.01  0.01  0.0   0.11  0.27  0.01  0.05  0.12  0.01  0.01  0.01  0.0   0.04  0.31  
229   H     0.08  0.02  0.02  0.1   0.01  0.02  0.15  0.03  0.04  0.02  0.04  0.06  0.01  0.02  0.19  0.08  0.03  0.01  0.03  0.03  
230   P     0.15  0.06  0.04  0.01  0.0   0.01  0.01  0.11  0.0   0.01  0.01  0.01  0.0   0.0   0.47  0.03  0.05  0.0   0.0   0.03  
231   K     0.12  0.03  0.03  0.02  0.0   0.01  0.01  0.16  0.0   0.01  0.07  0.21  0.0   0.0   0.05  0.04  0.11  0.04  0.03  0.06  
232   D     0.04  0.02  0.03  0.22  0.0   0.05  0.27  0.01  0.03  0.03  0.01  0.1   0.0   0.0   0.08  0.01  0.01  0.0   0.08  0.01  
233   L     0.12  0.01  0.04  0.01  0.0   0.01  0.03  0.01  0.06  0.19  0.15  0.03  0.03  0.05  0.04  0.05  0.01  0.06  0.07  0.06  
234   I     0.03  0.02  0.0   0.0   0.0   0.0   0.0   0.0   0.23  0.29  0.17  0.0   0.0   0.0   0.0   0.06  0.0   0.0   0.0   0.2   
235   S     0.07  0.0   0.03  0.05  0.0   0.17  0.07  0.03  0.24  0.0   0.0   0.03  0.0   0.12  0.0   0.07  0.06  0.0   0.05  0.0   
236   G     0.0   0.0   0.0   0.0   0.0   0.15  0.25  0.13  0.06  0.0   0.0   0.06  0.0   0.0   0.25  0.08  0.0   0.0   0.0   0.0   
237   E     0.08  0.0   0.05  0.0   0.0   0.09  0.18  0.0   0.0   0.04  0.0   0.09  0.0   0.0   0.35  0.0   0.0   0.08  0.0   0.03  
238   I     0.11  0.0   0.03  0.0   0.06  0.05  0.0   0.0   0.03  0.07  0.1   0.05  0.0   0.0   0.0   0.07  0.02  0.31  0.04  0.02  
239   T     0.03  0.07  0.05  0.07  0.0   0.05  0.03  0.13  0.0   0.0   0.02  0.21  0.0   0.0   0.0   0.03  0.25  0.0   0.02  0.03  
240   P     0.09  0.03  0.03  0.0   0.24  0.0   0.0   0.03  0.0   0.0   0.05  0.12  0.0   0.0   0.21  0.04  0.0   0.07  0.0   0.09  
241   I     0.04  0.1   0.0   0.0   0.0   0.02  0.05  0.02  0.0   0.15  0.16  0.05  0.0   0.0   0.14  0.1   0.02  0.0   0.03  0.12  
242   E     0.0   0.0   0.1   0.06  0.0   0.02  0.28  0.02  0.0   0.18  0.16  0.1   0.0   0.0   0.0   0.02  0.0   0.0   0.0   0.04  
243   R     0.16  0.12  0.02  0.0   0.03  0.09  0.03  0.39  0.03  0.0   0.03  0.06  0.0   0.0   0.0   0.03  0.0   0.0   0.0   0.0   
244   R     0.1   0.19  0.0   0.0   0.0   0.08  0.16  0.0   0.0   0.0   0.0   0.19  0.02  0.0   0.0   0.06  0.03  0.0   0.0   0.16  
245   G     0.0   0.0   0.14  0.37  0.0   0.0   0.13  0.06  0.07  0.0   0.02  0.05  0.08  0.0   0.0   0.0   0.07  0.0   0.0   0.0   
246   Y     0.0   0.0   0.0   0.0   0.0   0.0   0.0   0.0   0.0   0.0   0.0   0.0   0.0   0.0   0.0   0.08  0.0   0.06  0.86  0.0   
247   P     0.03  0.0   0.0   0.0   0.0   0.06  0.0   0.0   0.0   0.0   0.02  0.0   0.0   0.0   0.89  0.0   0.0   0.0   0.0   0.0   
248   A     0.13  0.07  0.16  0.06  0.02  0.06  0.1   0.02  0.02  0.0   0.09  0.16  0.0   0.0   0.0   0.0   0.0   0.0   0.02  0.09  
249   P     0.0   0.13  0.0   0.0   0.0   0.0   0.0   0.0   0.0   0.0   0.0   0.03  0.0   0.0   0.84  0.0   0.0   0.0   0.0   0.0   
250   I     0.0   0.0   0.0   0.0   0.02  0.0   0.0   0.0   0.0   0.48  0.18  0.0   0.13  0.0   0.0   0.0   0.0   0.0   0.0   0.18  
251   V     0.0   0.0   0.0   0.0   0.0   0.0   0.06  0.0   0.0   0.16  0.0   0.0   0.03  0.0   0.0   0.0   0.0   0.0   0.0   0.75  
252   N     0.03  0.0   0.2   0.47  0.0   0.0   0.07  0.04  0.0   0.0   0.03  0.09  0.0   0.0   0.0   0.07  0.0   0.0   0.0   0.0   
253   H     0.0   0.0   0.0   0.0   0.0   0.0   0.0   0.0   0.38  0.04  0.42  0.0   0.0   0.03  0.07  0.0   0.0   0.0   0.06  0.0   
254   N     0.14  0.05  0.07  0.1   0.0   0.0   0.0   0.03  0.03  0.0   0.0   0.15  0.0   0.06  0.0   0.27  0.0   0.0   0.1   0.0   
255   L     0.02  0.0   0.0   0.03  0.0   0.17  0.15  0.03  0.11  0.05  0.16  0.18  0.03  0.0   0.0   0.03  0.04  0.0   0.0   0.0   
256   R     0.36  0.08  0.05  0.0   0.0   0.06  0.03  0.0   0.0   0.0   0.0   0.07  0.0   0.0   0.0   0.3   0.0   0.0   0.0   0.05  
257   Q     0.07  0.38  0.03  0.0   0.0   0.18  0.0   0.0   0.0   0.06  0.0   0.08  0.0   0.0   0.0   0.11  0.0   0.0   0.0   0.1   
258   K     0.13  0.06  0.0   0.04  0.0   0.0   0.31  0.0   0.0   0.03  0.0   0.4   0.0   0.0   0.0   0.0   0.0   0.0   0.0   0.03  
259   Q     0.14  0.38  0.0   0.04  0.03  0.08  0.14  0.0   0.0   0.0   0.05  0.07  0.0   0.0   0.0   0.0   0.04  0.0   0.0   0.03  
260   F     0.2   0.04  0.23  0.0   0.07  0.0   0.0   0.0   0.0   0.0   0.09  0.0   0.06  0.13  0.0   0.04  0.13  0.0   0.0   0.0   
261   K     0.14  0.04  0.0   0.0   0.0   0.0   0.12  0.0   0.05  0.04  0.33  0.22  0.06  0.0   0.0   0.0   0.0   0.0   0.0   0.0   
262   A     0.2   0.15  0.06  0.04  0.0   0.06  0.05  0.0   0.03  0.0   0.07  0.17  0.03  0.0   0.0   0.11  0.04  0.0   0.0   0.0   
263   L     0.34  0.03  0.0   0.0   0.0   0.0   0.0   0.0   0.0   0.18  0.13  0.06  0.08  0.04  0.0   0.0   0.06  0.0   0.0   0.09  
264   Y     0.0   0.0   0.0   0.0   0.0   0.0   0.04  0.0   0.0   0.05  0.05  0.0   0.23  0.16  0.0   0.0   0.0   0.0   0.46  0.0   
265   N     0.07  0.0   0.16  0.0   0.0   0.14  0.1   0.07  0.0   0.0   0.0   0.28  0.04  0.0   0.0   0.1   0.03  0.0   0.0   0.0   
266   Q     0.22  0.19  0.0   0.05  0.0   0.23  0.08  0.0   0.04  0.0   0.04  0.0   0.0   0.0   0.0   0.1   0.04  0.0   0.0   0.0   
267   L     0.49  0.0   0.0   0.0   0.0   0.0   0.0   0.0   0.0   0.07  0.24  0.0   0.06  0.0   0.0   0.0   0.05  0.0   0.0   0.09  
268   K     0.0   0.51  0.0   0.0   0.0   0.0   0.0   0.0   0.0   0.0   0.0   0.38  0.0   0.0   0.0   0.0   0.0   0.0   0.11  0.0   
269   A     0.33  0.0   0.11  0.0   0.08  0.11  0.15  0.15  0.0   0.0   0.08  0.0   0.0   0.0   0.0   0.0   0.0   0.0   0.0   0.0   
270   A     0.38  0.0   0.0   0.0   0.0   0.0   0.0   0.0   0.0   0.0   0.0   0.29  0.0   0.0   0.0   0.33  0.0   0.0   0.0   0.0   
271   I     0.0   0.0   0.0   0.0   0.0   0.0   0.0   0.0   0.0   0.26  0.74  0.0   0.0   0.0   0.0   0.0   0.0   0.0   0.0   0.0   
