             A     R     N     D     C     Q     E     G     H     I     L     K     M     F     P     S     T     W     Y     V
1     A     0.52  0.0   0.0   0.0   0.0   0.0   0.0   0.06  0.0   0.0   0.0   0.0   0.0   0.0   0.0   0.2   0.22  0.0   0.0   0.0   
2     R     0.03  0.2   0.02  0.0   0.0   0.05  0.11  0.0   0.03  0.0   0.0   0.45  0.02  0.0   0.02  0.06  0.0   0.0   0.0   0.0   
3     P     0.05  0.0   0.08  0.02  0.0   0.01  0.23  0.0   0.0   0.0   0.01  0.3   0.0   0.0   0.23  0.03  0.03  0.0   0.0   0.0   
4     L     0.02  0.0   0.03  0.09  0.0   0.02  0.38  0.03  0.0   0.02  0.06  0.19  0.0   0.0   0.09  0.0   0.06  0.0   0.0   0.01  
5     P     0.1   0.0   0.12  0.01  0.0   0.03  0.1   0.03  0.0   0.0   0.0   0.19  0.0   0.0   0.2   0.1   0.13  0.0   0.0   0.0   
6     Q     0.08  0.0   0.02  0.01  0.0   0.07  0.13  0.0   0.0   0.06  0.16  0.1   0.15  0.02  0.07  0.02  0.01  0.07  0.0   0.03  
7     D     0.01  0.04  0.12  0.09  0.0   0.01  0.0   0.07  0.01  0.0   0.0   0.06  0.0   0.0   0.0   0.41  0.19  0.0   0.0   0.0   
8     F     0.0   0.0   0.0   0.0   0.0   0.0   0.0   0.0   0.0   0.03  0.0   0.0   0.0   0.73  0.0   0.0   0.0   0.0   0.24  0.0   
9     E     0.01  0.0   0.02  0.02  0.0   0.0   0.94  0.0   0.0   0.0   0.0   0.02  0.0   0.0   0.0   0.0   0.0   0.0   0.0   0.0   
10    T     0.15  0.02  0.02  0.08  0.0   0.12  0.37  0.0   0.0   0.0   0.02  0.04  0.01  0.0   0.0   0.06  0.11  0.0   0.0   0.0   
11    A     0.5   0.02  0.05  0.01  0.02  0.04  0.01  0.04  0.0   0.02  0.04  0.05  0.05  0.0   0.0   0.11  0.06  0.0   0.0   0.0   
12    L     0.0   0.07  0.0   0.0   0.0   0.0   0.0   0.0   0.0   0.13  0.56  0.0   0.16  0.0   0.0   0.0   0.01  0.0   0.0   0.07  
13    A     0.26  0.02  0.05  0.09  0.01  0.09  0.1   0.03  0.0   0.03  0.02  0.18  0.01  0.0   0.0   0.08  0.03  0.0   0.0   0.01  
14    E     0.02  0.19  0.0   0.05  0.0   0.09  0.46  0.02  0.01  0.0   0.0   0.15  0.0   0.0   0.0   0.01  0.0   0.0   0.0   0.0   
15    L     0.0   0.0   0.0   0.0   0.0   0.0   0.0   0.0   0.0   0.03  0.93  0.0   0.0   0.0   0.0   0.0   0.0   0.0   0.0   0.04  
16    E     0.0   0.0   0.01  0.04  0.0   0.08  0.76  0.0   0.0   0.03  0.0   0.01  0.01  0.0   0.0   0.01  0.01  0.0   0.0   0.03  
17    S     0.09  0.03  0.06  0.06  0.0   0.13  0.32  0.04  0.01  0.0   0.01  0.06  0.0   0.0   0.0   0.06  0.11  0.01  0.0   0.01  
18    L     0.0   0.0   0.0   0.0   0.0   0.0   0.0   0.0   0.0   0.69  0.15  0.0   0.0   0.0   0.0   0.01  0.01  0.0   0.0   0.13  
19    V     0.02  0.0   0.0   0.0   0.0   0.0   0.0   0.0   0.0   0.11  0.03  0.0   0.0   0.0   0.0   0.0   0.04  0.0   0.0   0.79  
20    S     0.1   0.18  0.08  0.06  0.0   0.09  0.14  0.04  0.01  0.0   0.0   0.08  0.0   0.0   0.0   0.11  0.1   0.0   0.0   0.01  
21    A     0.06  0.22  0.06  0.01  0.0   0.15  0.1   0.02  0.02  0.01  0.07  0.2   0.01  0.0   0.0   0.05  0.03  0.0   0.0   0.0   
22    M     0.0   0.0   0.0   0.0   0.0   0.0   0.0   0.0   0.0   0.1   0.69  0.0   0.19  0.0   0.0   0.0   0.02  0.0   0.0   0.0   
23    E     0.0   0.0   0.04  0.05  0.0   0.01  0.88  0.0   0.0   0.0   0.0   0.0   0.0   0.0   0.0   0.0   0.0   0.0   0.0   0.0   
24    N     0.06  0.07  0.13  0.06  0.0   0.17  0.04  0.05  0.0   0.0   0.02  0.04  0.0   0.0   0.0   0.28  0.07  0.0   0.0   0.02  
25    G     0.01  0.01  0.0   0.02  0.0   0.01  0.05  0.78  0.0   0.0   0.0   0.01  0.0   0.0   0.08  0.02  0.01  0.0   0.0   0.0   
26    T     0.03  0.01  0.09  0.31  0.0   0.08  0.28  0.05  0.0   0.0   0.0   0.04  0.0   0.0   0.0   0.04  0.04  0.0   0.0   0.02  
27    L     0.04  0.01  0.0   0.0   0.0   0.01  0.01  0.01  0.0   0.04  0.48  0.0   0.06  0.01  0.01  0.0   0.1   0.0   0.0   0.2   
28    P     0.07  0.02  0.03  0.06  0.0   0.0   0.07  0.05  0.0   0.0   0.0   0.01  0.02  0.0   0.35  0.27  0.07  0.0   0.0   0.0   
29    L     0.0   0.0   0.0   0.0   0.0   0.0   0.0   0.0   0.0   0.02  0.98  0.0   0.0   0.0   0.0   0.0   0.0   0.0   0.0   0.0   
30    E     0.04  0.0   0.01  0.19  0.0   0.01  0.74  0.0   0.0   0.0   0.0   0.0   0.0   0.0   0.0   0.0   0.0   0.0   0.0   0.0   
31    Q     0.07  0.02  0.06  0.23  0.0   0.1   0.37  0.02  0.0   0.0   0.0   0.06  0.01  0.0   0.0   0.02  0.05  0.0   0.0   0.0   
32    S     0.33  0.0   0.01  0.0   0.0   0.0   0.0   0.04  0.0   0.0   0.01  0.0   0.03  0.0   0.0   0.51  0.01  0.0   0.0   0.06  
33    L     0.01  0.0   0.0   0.0   0.0   0.0   0.0   0.0   0.0   0.25  0.53  0.0   0.07  0.04  0.0   0.0   0.0   0.0   0.0   0.1   
34    S     0.26  0.03  0.09  0.05  0.0   0.02  0.14  0.01  0.01  0.0   0.0   0.27  0.0   0.0   0.0   0.05  0.06  0.0   0.0   0.01  
35    A     0.15  0.02  0.02  0.02  0.0   0.09  0.1   0.02  0.01  0.05  0.33  0.03  0.02  0.01  0.0   0.07  0.0   0.0   0.05  0.01  
36    Y     0.0   0.0   0.0   0.0   0.0   0.0   0.0   0.0   0.0   0.0   0.0   0.0   0.0   0.51  0.0   0.0   0.0   0.07  0.39  0.02  
37    R     0.05  0.03  0.01  0.01  0.0   0.19  0.58  0.0   0.0   0.0   0.0   0.1   0.0   0.0   0.0   0.02  0.0   0.0   0.0   0.0   
38    R     0.0   0.35  0.02  0.02  0.0   0.09  0.36  0.0   0.0   0.0   0.0   0.08  0.0   0.0   0.0   0.02  0.02  0.0   0.0   0.01  
39    G     0.12  0.0   0.0   0.0   0.0   0.0   0.0   0.88  0.0   0.0   0.0   0.0   0.0   0.0   0.0   0.0   0.0   0.0   0.0   0.0   
40    V     0.11  0.0   0.03  0.05  0.0   0.01  0.11  0.0   0.0   0.21  0.04  0.01  0.15  0.0   0.0   0.02  0.01  0.0   0.0   0.25  
41    E     0.24  0.03  0.01  0.01  0.0   0.14  0.18  0.06  0.01  0.0   0.03  0.21  0.0   0.0   0.0   0.02  0.05  0.0   0.0   0.03  
42    L     0.0   0.01  0.0   0.0   0.01  0.0   0.0   0.0   0.01  0.05  0.85  0.01  0.01  0.0   0.0   0.0   0.02  0.0   0.03  0.0   
43    A     0.24  0.02  0.0   0.0   0.04  0.0   0.0   0.0   0.03  0.05  0.09  0.09  0.04  0.0   0.0   0.21  0.06  0.0   0.03  0.1   
44    R     0.08  0.33  0.1   0.02  0.0   0.06  0.03  0.01  0.01  0.01  0.01  0.33  0.0   0.0   0.0   0.01  0.0   0.0   0.0   0.0   
45    V     0.05  0.11  0.0   0.05  0.0   0.14  0.08  0.0   0.11  0.08  0.06  0.07  0.01  0.09  0.0   0.04  0.03  0.0   0.05  0.03  
46    C     0.0   0.0   0.01  0.0   0.71  0.0   0.0   0.07  0.0   0.01  0.16  0.0   0.01  0.0   0.0   0.03  0.01  0.0   0.0   0.0   
47    Q     0.04  0.1   0.05  0.09  0.0   0.3   0.19  0.0   0.05  0.0   0.01  0.04  0.0   0.0   0.0   0.05  0.01  0.0   0.07  0.0   
48    D     0.09  0.03  0.03  0.04  0.0   0.1   0.17  0.04  0.0   0.0   0.0   0.26  0.0   0.0   0.0   0.16  0.07  0.0   0.0   0.01  
49    R     0.05  0.16  0.0   0.0   0.01  0.07  0.02  0.0   0.05  0.09  0.05  0.25  0.01  0.06  0.0   0.01  0.1   0.03  0.01  0.04  
50    L     0.0   0.0   0.0   0.0   0.0   0.0   0.0   0.0   0.0   0.05  0.95  0.0   0.0   0.0   0.0   0.0   0.0   0.0   0.0   0.0   
51    A     0.07  0.06  0.14  0.11  0.0   0.19  0.15  0.01  0.02  0.01  0.02  0.13  0.0   0.0   0.0   0.05  0.03  0.0   0.0   0.0   
52    Q     0.08  0.02  0.03  0.11  0.0   0.2   0.25  0.08  0.03  0.0   0.0   0.1   0.0   0.0   0.0   0.04  0.04  0.0   0.01  0.01  
53    A     0.72  0.03  0.0   0.0   0.0   0.01  0.0   0.0   0.0   0.02  0.01  0.03  0.0   0.0   0.0   0.01  0.02  0.0   0.02  0.12  
54    E     0.0   0.17  0.0   0.01  0.0   0.09  0.68  0.0   0.0   0.0   0.0   0.03  0.0   0.0   0.0   0.02  0.0   0.0   0.0   0.0   
55    Q     0.12  0.04  0.03  0.04  0.0   0.3   0.07  0.08  0.01  0.0   0.09  0.18  0.01  0.01  0.0   0.0   0.03  0.0   0.0   0.0   
56    Q     0.0   0.3   0.0   0.01  0.0   0.17  0.04  0.0   0.02  0.01  0.0   0.37  0.0   0.0   0.0   0.0   0.08  0.0   0.0   0.0   
57    V     0.0   0.0   0.0   0.0   0.0   0.0   0.0   0.0   0.0   0.38  0.13  0.0   0.06  0.0   0.0   0.0   0.0   0.0   0.0   0.43  
58    K     0.08  0.08  0.02  0.1   0.0   0.15  0.27  0.01  0.0   0.0   0.0   0.17  0.0   0.01  0.0   0.08  0.05  0.0   0.0   0.01  
59    V     0.06  0.02  0.0   0.01  0.0   0.06  0.04  0.0   0.01  0.26  0.09  0.14  0.03  0.02  0.0   0.02  0.05  0.0   0.01  0.2   
60    L     0.04  0.0   0.0   0.0   0.0   0.0   0.0   0.0   0.0   0.26  0.56  0.0   0.07  0.01  0.0   0.0   0.0   0.01  0.0   0.05  
61    E     0.03  0.03  0.03  0.07  0.0   0.06  0.07  0.01  0.0   0.09  0.24  0.04  0.09  0.0   0.0   0.06  0.14  0.0   0.0   0.05  
62    G     0.12  0.0   0.1   0.13  0.0   0.02  0.12  0.15  0.0   0.0   0.03  0.08  0.0   0.0   0.05  0.13  0.06  0.0   0.0   0.0   
63    D     0.02  0.0   0.12  0.45  0.0   0.0   0.26  0.1   0.0   0.0   0.0   0.0   0.0   0.0   0.0   0.05  0.02  0.0   0.0   0.0   
64    L     0.11  0.0   0.01  0.0   0.0   0.11  0.24  0.16  0.0   0.0   0.11  0.06  0.03  0.0   0.08  0.02  0.06  0.0   0.0   0.02  
65    L     0.23  0.0   0.0   0.05  0.0   0.0   0.16  0.05  0.0   0.0   0.24  0.03  0.02  0.02  0.0   0.04  0.1   0.0   0.0   0.06  
66    R     0.02  0.11  0.03  0.01  0.0   0.08  0.32  0.05  0.0   0.0   0.02  0.31  0.0   0.0   0.0   0.0   0.04  0.0   0.0   0.02  
67    P     0.0   0.0   0.05  0.3   0.0   0.0   0.21  0.0   0.02  0.0   0.0   0.0   0.0   0.0   0.39  0.0   0.03  0.0   0.0   0.0   
68    L     0.0   0.0   0.0   0.0   0.0   0.0   0.0   0.0   0.0   0.05  0.18  0.0   0.04  0.51  0.0   0.0   0.0   0.17  0.0   0.05  
