             A     R     N     D     C     Q     E     G     H     I     L     K     M     F     P     S     T     W     Y     V
1     T     0.0   0.0   0.0   0.0   0.0   0.0   0.0   0.0   0.0   0.0   0.0   0.0   0.0   0.0   0.0   0.0   1.0   0.0   0.0   0.0   
2     V     0.0   0.0   0.0   0.0   0.0   0.0   0.0   0.0   0.0   0.51  0.0   0.08  0.16  0.0   0.0   0.21  0.0   0.0   0.0   0.04  
3     L     0.01  0.0   0.0   0.0   0.0   0.0   0.0   0.0   0.0   0.04  0.12  0.0   0.79  0.01  0.0   0.0   0.0   0.0   0.0   0.04  
4     H     0.0   0.08  0.06  0.05  0.0   0.02  0.02  0.0   0.01  0.01  0.0   0.73  0.0   0.0   0.0   0.01  0.02  0.0   0.01  0.0   
5     V     0.42  0.0   0.02  0.0   0.01  0.01  0.0   0.0   0.0   0.14  0.06  0.02  0.03  0.02  0.06  0.03  0.07  0.0   0.04  0.07  
6     Q     0.12  0.02  0.04  0.05  0.0   0.07  0.07  0.01  0.03  0.02  0.01  0.27  0.0   0.02  0.0   0.17  0.06  0.0   0.03  0.03  
7     E     0.01  0.0   0.02  0.27  0.0   0.01  0.64  0.0   0.0   0.0   0.0   0.02  0.0   0.0   0.0   0.01  0.0   0.0   0.0   0.01  
8     I     0.04  0.0   0.0   0.0   0.0   0.0   0.0   0.0   0.0   0.29  0.52  0.0   0.03  0.04  0.0   0.0   0.01  0.01  0.0   0.07  
9     R     0.02  0.71  0.02  0.0   0.0   0.02  0.01  0.0   0.01  0.01  0.0   0.16  0.0   0.0   0.0   0.02  0.01  0.01  0.0   0.0   
10    D     0.12  0.0   0.1   0.14  0.0   0.08  0.26  0.07  0.0   0.0   0.0   0.11  0.0   0.0   0.0   0.07  0.04  0.0   0.0   0.01  
11    M     0.01  0.01  0.0   0.0   0.0   0.03  0.0   0.0   0.0   0.0   0.33  0.36  0.21  0.01  0.0   0.01  0.0   0.0   0.01  0.0   
12    T     0.03  0.0   0.04  0.11  0.0   0.01  0.01  0.01  0.0   0.0   0.0   0.02  0.0   0.0   0.01  0.51  0.25  0.0   0.0   0.0   
13    P     0.1   0.01  0.07  0.17  0.0   0.02  0.04  0.01  0.0   0.07  0.06  0.07  0.01  0.0   0.06  0.04  0.1   0.0   0.01  0.18  
14    A     0.15  0.0   0.02  0.21  0.0   0.06  0.41  0.01  0.01  0.01  0.01  0.05  0.0   0.0   0.0   0.03  0.03  0.0   0.0   0.01  
15    E     0.03  0.0   0.01  0.11  0.0   0.13  0.68  0.02  0.01  0.0   0.0   0.01  0.0   0.0   0.0   0.0   0.01  0.0   0.0   0.0   
16    R     0.01  0.04  0.0   0.0   0.0   0.0   0.0   0.0   0.0   0.09  0.78  0.01  0.04  0.01  0.0   0.0   0.0   0.0   0.0   0.01  
17    E     0.07  0.08  0.12  0.06  0.0   0.1   0.11  0.01  0.03  0.02  0.07  0.18  0.01  0.0   0.01  0.03  0.05  0.0   0.01  0.06  
18    A     0.16  0.01  0.04  0.1   0.0   0.09  0.26  0.03  0.0   0.01  0.0   0.17  0.0   0.0   0.0   0.03  0.06  0.0   0.0   0.02  
19    E     0.02  0.07  0.01  0.01  0.0   0.09  0.24  0.0   0.02  0.01  0.14  0.3   0.03  0.02  0.0   0.01  0.05  0.0   0.0   0.0   
20    L     0.02  0.03  0.01  0.01  0.0   0.0   0.04  0.0   0.01  0.21  0.56  0.0   0.01  0.0   0.0   0.0   0.0   0.0   0.0   0.1   
21    D     0.12  0.06  0.07  0.1   0.0   0.02  0.05  0.03  0.02  0.07  0.12  0.16  0.01  0.01  0.0   0.03  0.03  0.0   0.01  0.12  
22    D     0.09  0.01  0.09  0.15  0.0   0.05  0.42  0.04  0.0   0.0   0.01  0.08  0.0   0.0   0.0   0.05  0.01  0.0   0.0   0.01  
23    L     0.05  0.01  0.02  0.0   0.01  0.01  0.01  0.0   0.0   0.02  0.66  0.05  0.01  0.02  0.0   0.05  0.04  0.0   0.02  0.02  
24    K     0.02  0.21  0.01  0.01  0.0   0.04  0.06  0.01  0.01  0.0   0.09  0.51  0.0   0.0   0.0   0.01  0.01  0.0   0.01  0.0   
25    T     0.1   0.16  0.03  0.01  0.0   0.05  0.16  0.05  0.0   0.01  0.04  0.27  0.01  0.0   0.0   0.02  0.05  0.0   0.0   0.03  
26    E     0.07  0.03  0.01  0.03  0.0   0.05  0.66  0.01  0.0   0.0   0.02  0.06  0.0   0.0   0.0   0.01  0.04  0.0   0.0   0.01  
27    L     0.02  0.01  0.02  0.0   0.0   0.14  0.0   0.0   0.02  0.0   0.67  0.0   0.01  0.02  0.01  0.01  0.0   0.0   0.05  0.0   
28    L     0.09  0.01  0.0   0.0   0.0   0.0   0.01  0.01  0.01  0.02  0.08  0.0   0.05  0.61  0.0   0.04  0.0   0.01  0.02  0.04  
29    N     0.02  0.08  0.32  0.14  0.0   0.07  0.09  0.03  0.01  0.0   0.02  0.11  0.01  0.0   0.0   0.05  0.03  0.0   0.0   0.01  
30    A     0.03  0.0   0.01  0.0   0.0   0.02  0.06  0.0   0.0   0.02  0.77  0.01  0.02  0.01  0.0   0.01  0.0   0.0   0.03  0.01  
31    R     0.0   0.75  0.04  0.01  0.0   0.0   0.01  0.01  0.02  0.01  0.0   0.08  0.02  0.0   0.0   0.0   0.0   0.0   0.0   0.01  
32    A     0.11  0.03  0.05  0.03  0.01  0.05  0.04  0.06  0.01  0.07  0.08  0.05  0.03  0.03  0.03  0.07  0.07  0.01  0.02  0.14  
33    V     0.06  0.01  0.01  0.0   0.0   0.04  0.03  0.0   0.0   0.02  0.1   0.03  0.15  0.47  0.0   0.02  0.01  0.0   0.02  0.02  
34    Q     0.04  0.03  0.03  0.0   0.0   0.52  0.01  0.0   0.01  0.0   0.02  0.24  0.0   0.01  0.0   0.03  0.01  0.0   0.01  0.03  
35    A     0.16  0.08  0.05  0.0   0.0   0.11  0.0   0.01  0.1   0.03  0.15  0.12  0.03  0.0   0.0   0.08  0.02  0.0   0.0   0.05  
36    A     0.54  0.03  0.02  0.0   0.0   0.01  0.01  0.03  0.01  0.03  0.02  0.07  0.03  0.01  0.0   0.09  0.06  0.0   0.0   0.04  
37    G     0.05  0.04  0.02  0.0   0.0   0.03  0.02  0.11  0.01  0.06  0.02  0.02  0.06  0.0   0.0   0.05  0.45  0.0   0.0   0.07  
38    G     0.03  0.09  0.05  0.02  0.0   0.05  0.02  0.58  0.0   0.0   0.0   0.03  0.02  0.0   0.03  0.07  0.02  0.0   0.0   0.0   
39    A     0.08  0.07  0.01  0.0   0.0   0.48  0.06  0.0   0.02  0.01  0.01  0.06  0.0   0.01  0.06  0.08  0.02  0.0   0.0   0.01  
40    P     0.03  0.01  0.01  0.0   0.01  0.01  0.01  0.01  0.01  0.05  0.63  0.0   0.02  0.02  0.09  0.03  0.02  0.0   0.0   0.04  
41    E     0.05  0.01  0.07  0.12  0.0   0.06  0.37  0.03  0.0   0.0   0.0   0.04  0.0   0.02  0.03  0.09  0.07  0.0   0.0   0.03  
42    N     0.01  0.01  0.52  0.03  0.0   0.09  0.02  0.02  0.01  0.0   0.0   0.25  0.0   0.0   0.0   0.02  0.01  0.0   0.0   0.0   
43    P     0.01  0.0   0.04  0.0   0.0   0.01  0.0   0.0   0.02  0.01  0.07  0.0   0.0   0.01  0.4   0.05  0.34  0.0   0.02  0.02  
44    G     0.16  0.03  0.02  0.01  0.0   0.0   0.0   0.13  0.28  0.01  0.03  0.02  0.07  0.01  0.0   0.18  0.02  0.0   0.0   0.01  
45    R     0.01  0.31  0.01  0.02  0.0   0.11  0.15  0.01  0.0   0.01  0.08  0.19  0.01  0.0   0.0   0.02  0.03  0.0   0.01  0.04  
46    I     0.01  0.02  0.0   0.0   0.01  0.0   0.0   0.0   0.01  0.42  0.2   0.02  0.04  0.16  0.01  0.0   0.0   0.0   0.0   0.08  
47    K     0.01  0.4   0.02  0.01  0.01  0.02  0.0   0.07  0.01  0.0   0.0   0.3   0.0   0.0   0.02  0.1   0.02  0.0   0.0   0.0   
48    E     0.05  0.04  0.09  0.04  0.0   0.16  0.19  0.01  0.07  0.02  0.04  0.11  0.02  0.01  0.0   0.05  0.06  0.0   0.0   0.06  
49    L     0.08  0.0   0.02  0.0   0.0   0.0   0.0   0.0   0.01  0.17  0.14  0.0   0.04  0.0   0.0   0.01  0.14  0.0   0.01  0.37  
50    R     0.0   0.71  0.0   0.0   0.0   0.0   0.0   0.0   0.0   0.0   0.0   0.29  0.0   0.0   0.0   0.0   0.0   0.0   0.0   0.0   
51    K     0.0   0.48  0.01  0.0   0.0   0.02  0.0   0.0   0.07  0.01  0.01  0.39  0.0   0.0   0.0   0.0   0.0   0.0   0.0   0.01  
52    A     0.04  0.06  0.08  0.43  0.0   0.04  0.07  0.01  0.0   0.01  0.03  0.03  0.0   0.0   0.0   0.1   0.1   0.0   0.0   0.0   
53    I     0.01  0.01  0.0   0.0   0.0   0.0   0.0   0.0   0.0   0.77  0.12  0.0   0.01  0.0   0.0   0.0   0.0   0.0   0.0   0.08  
54    A     0.98  0.0   0.0   0.0   0.0   0.0   0.0   0.02  0.0   0.0   0.0   0.0   0.0   0.0   0.0   0.0   0.0   0.0   0.0   0.0   
55    R     0.0   0.76  0.0   0.0   0.01  0.16  0.0   0.0   0.0   0.0   0.01  0.03  0.01  0.0   0.0   0.0   0.01  0.0   0.01  0.01  
56    I     0.04  0.0   0.0   0.0   0.0   0.0   0.0   0.01  0.0   0.33  0.21  0.0   0.08  0.0   0.0   0.01  0.01  0.0   0.01  0.3   
57    K     0.02  0.03  0.07  0.0   0.0   0.02  0.02  0.0   0.01  0.0   0.39  0.36  0.05  0.0   0.0   0.01  0.0   0.0   0.03  0.0   
58    T     0.0   0.0   0.0   0.0   0.0   0.0   0.0   0.0   0.0   0.0   0.01  0.0   0.02  0.0   0.0   0.01  0.95  0.0   0.01  0.0   
59    I     0.09  0.02  0.0   0.0   0.0   0.0   0.04  0.0   0.0   0.32  0.09  0.0   0.01  0.02  0.0   0.0   0.02  0.0   0.0   0.4   
60    Q     0.02  0.01  0.0   0.0   0.0   0.08  0.08  0.0   0.0   0.18  0.49  0.06  0.05  0.01  0.0   0.02  0.0   0.0   0.01  0.01  
61    G     0.05  0.32  0.2   0.0   0.02  0.03  0.01  0.04  0.03  0.0   0.0   0.05  0.0   0.0   0.0   0.1   0.15  0.0   0.0   0.01  
62    E     0.04  0.01  0.0   0.01  0.0   0.2   0.67  0.01  0.0   0.0   0.0   0.03  0.0   0.0   0.0   0.01  0.0   0.0   0.0   0.01  
63    E     0.0   0.43  0.0   0.0   0.0   0.05  0.06  0.0   0.0   0.0   0.0   0.45  0.01  0.0   0.0   0.01  0.0   0.0   0.0   0.0   
64    G     0.29  0.26  0.04  0.0   0.0   0.0   0.01  0.15  0.0   0.0   0.02  0.09  0.0   0.0   0.0   0.15  0.0   0.0   0.0   0.0   
65    D     0.0   0.0   0.31  0.43  0.0   0.0   0.27  0.0   0.0   0.0   0.0   0.0   0.0   0.0   0.0   0.0   0.0   0.0   0.0   0.0   
