             A     R     N     D     C     Q     E     G     H     I     L     K     M     F     P     S     T     W     Y     V
1     K     0.0   0.0   0.0   0.0   0.0   0.0   0.0   0.0   0.0   0.0   0.0   1.0   0.0   0.0   0.0   0.0   0.0   0.0   0.0   0.0   
2     E     0.0   0.0   0.0   0.5   0.0   0.12  0.38  0.0   0.0   0.0   0.0   0.0   0.0   0.0   0.0   0.0   0.0   0.0   0.0   0.0   
3     L     0.0   0.0   0.0   0.0   0.0   0.0   0.0   0.0   0.0   0.0   0.89  0.0   0.0   0.11  0.0   0.0   0.0   0.0   0.0   0.0   
4     T     0.13  0.0   0.0   0.0   0.0   0.0   0.0   0.0   0.0   0.0   0.0   0.0   0.0   0.0   0.0   0.41  0.47  0.0   0.0   0.0   
5     L     0.0   0.0   0.0   0.0   0.0   0.0   0.0   0.0   0.0   0.0   0.27  0.0   0.0   0.0   0.66  0.0   0.0   0.0   0.0   0.07  
6     A     0.13  0.0   0.06  0.41  0.0   0.0   0.0   0.0   0.0   0.0   0.15  0.0   0.0   0.05  0.0   0.05  0.16  0.0   0.0   0.0   
7     Q     0.0   0.0   0.0   0.0   0.0   0.54  0.0   0.0   0.0   0.0   0.0   0.0   0.0   0.0   0.46  0.0   0.0   0.0   0.0   0.0   
8     T     0.0   0.0   0.0   0.0   0.0   0.0   0.0   0.0   0.0   0.0   0.85  0.0   0.05  0.0   0.0   0.0   0.05  0.0   0.0   0.06  
9     E     0.0   0.0   0.0   0.0   0.0   0.0   1.0   0.0   0.0   0.0   0.0   0.0   0.0   0.0   0.0   0.0   0.0   0.0   0.0   0.0   
10    S     0.07  0.0   0.03  0.0   0.0   0.0   0.0   0.0   0.0   0.0   0.0   0.0   0.0   0.0   0.43  0.47  0.0   0.0   0.0   0.0   
11    L     0.0   0.03  0.0   0.0   0.0   0.1   0.0   0.0   0.04  0.0   0.44  0.26  0.0   0.0   0.0   0.0   0.13  0.0   0.0   0.0   
12    R     0.0   0.89  0.0   0.0   0.0   0.0   0.0   0.0   0.0   0.0   0.0   0.06  0.0   0.0   0.0   0.05  0.0   0.0   0.0   0.0   
13    E     0.0   0.0   0.0   0.0   0.0   0.0   1.0   0.0   0.0   0.0   0.0   0.0   0.0   0.0   0.0   0.0   0.0   0.0   0.0   0.0   
14    V     0.0   0.0   0.0   0.0   0.0   0.06  0.0   0.0   0.0   0.04  0.08  0.0   0.0   0.0   0.0   0.0   0.0   0.0   0.0   0.83  
15    C     0.01  0.01  0.01  0.01  0.89  0.0   0.01  0.01  0.0   0.01  0.01  0.01  0.0   0.0   0.01  0.01  0.01  0.0   0.0   0.01  
16    E     0.01  0.01  0.01  0.01  0.0   0.0   0.89  0.01  0.0   0.01  0.01  0.01  0.0   0.0   0.01  0.01  0.01  0.0   0.0   0.01  
17    T     0.12  0.01  0.01  0.01  0.0   0.0   0.01  0.01  0.0   0.01  0.67  0.01  0.0   0.0   0.01  0.01  0.05  0.0   0.0   0.08  
18    N     0.01  0.01  0.78  0.08  0.0   0.0   0.01  0.01  0.0   0.01  0.01  0.01  0.0   0.0   0.01  0.04  0.01  0.0   0.0   0.01  
19    M     0.01  0.01  0.01  0.01  0.0   0.0   0.01  0.01  0.0   0.05  0.29  0.01  0.05  0.0   0.45  0.01  0.01  0.0   0.0   0.08  
20    A     0.54  0.01  0.04  0.28  0.0   0.0   0.01  0.01  0.0   0.01  0.01  0.01  0.0   0.0   0.01  0.05  0.01  0.0   0.0   0.01  
21    C     0.01  0.01  0.01  0.01  0.89  0.0   0.01  0.01  0.0   0.01  0.01  0.01  0.0   0.0   0.01  0.01  0.01  0.0   0.0   0.01  
22    D     0.0   0.0   0.0   0.72  0.0   0.0   0.28  0.0   0.0   0.0   0.0   0.0   0.0   0.0   0.0   0.0   0.0   0.0   0.0   0.0   
23    E     0.0   0.0   0.0   0.09  0.0   0.0   0.72  0.0   0.19  0.0   0.0   0.0   0.0   0.0   0.0   0.0   0.0   0.0   0.0   0.0   
24    M     0.0   0.0   0.0   0.0   0.0   0.0   0.0   0.0   0.0   0.0   0.56  0.0   0.44  0.0   0.0   0.0   0.0   0.0   0.0   0.0   
25    A     0.68  0.0   0.0   0.0   0.0   0.0   0.0   0.0   0.0   0.0   0.0   0.0   0.19  0.0   0.0   0.13  0.0   0.0   0.0   0.0   
26    D     0.0   0.0   0.08  0.83  0.0   0.0   0.1   0.0   0.0   0.0   0.0   0.0   0.0   0.0   0.0   0.0   0.0   0.0   0.0   0.0   
27    A     0.09  0.0   0.0   0.0   0.0   0.35  0.0   0.0   0.21  0.0   0.0   0.0   0.0   0.0   0.0   0.0   0.29  0.0   0.0   0.06  
28    Q     0.17  0.0   0.0   0.0   0.0   0.09  0.04  0.0   0.0   0.25  0.0   0.0   0.14  0.0   0.0   0.1   0.0   0.0   0.13  0.04  
29    G     0.0   0.0   0.0   0.0   0.0   0.0   0.0   1.0   0.0   0.0   0.0   0.0   0.0   0.0   0.0   0.0   0.0   0.0   0.0   0.0   
30    I     0.0   0.0   0.0   0.0   0.0   0.0   0.0   0.0   0.0   0.44  0.17  0.0   0.0   0.39  0.0   0.0   0.0   0.0   0.0   0.0   
31    V     0.0   0.0   0.0   0.0   0.0   0.43  0.0   0.0   0.0   0.19  0.0   0.13  0.0   0.0   0.0   0.0   0.0   0.0   0.0   0.26  
32    A     0.44  0.0   0.0   0.11  0.0   0.0   0.32  0.0   0.0   0.0   0.0   0.0   0.0   0.0   0.0   0.0   0.13  0.0   0.0   0.0   
33    A     1.0   0.0   0.0   0.0   0.0   0.0   0.0   0.0   0.0   0.0   0.0   0.0   0.0   0.0   0.0   0.0   0.0   0.0   0.0   0.0   
34    Y     0.0   0.0   0.0   0.0   0.0   0.0   0.0   0.0   0.0   0.0   0.0   0.0   0.0   0.0   0.0   0.0   0.0   0.0   1.0   0.0   
35    Q     0.0   0.43  0.0   0.0   0.0   0.08  0.0   0.0   0.0   0.04  0.0   0.09  0.0   0.0   0.0   0.0   0.31  0.0   0.0   0.04  
36    A     0.35  0.56  0.0   0.0   0.0   0.0   0.0   0.0   0.0   0.0   0.0   0.0   0.0   0.0   0.0   0.0   0.05  0.0   0.0   0.0   
37    F     0.0   0.0   0.0   0.0   0.0   0.0   0.0   0.0   0.0   0.17  0.0   0.0   0.0   0.47  0.0   0.0   0.0   0.0   0.35  0.0   
38    Y     0.0   0.0   0.0   0.0   0.0   0.0   0.0   0.0   0.0   0.0   0.0   0.0   0.0   0.0   0.0   0.0   0.0   0.0   1.0   0.0   
39    G     0.0   0.0   0.0   0.0   0.0   0.0   0.0   1.0   0.0   0.0   0.0   0.0   0.0   0.0   0.0   0.0   0.0   0.0   0.0   0.0   
40    P     0.0   0.0   0.0   0.0   0.0   0.0   0.0   0.0   0.0   0.0   0.0   0.0   0.0   0.0   0.91  0.0   0.09  0.0   0.0   0.0   
41    I     0.0   0.0   0.0   0.0   0.0   0.0   0.0   0.0   0.0   0.39  0.0   0.0   0.0   0.0   0.08  0.0   0.0   0.0   0.0   0.53  
42    P     0.0   0.0   0.0   0.0   0.0   0.12  0.0   0.0   0.0   0.0   0.0   0.0   0.0   0.0   0.88  0.0   0.0   0.0   0.0   0.0   
43    F     0.0   0.0   0.0   0.0   0.0   0.0   0.0   0.0   0.0   0.0   0.0   0.0   0.0   0.66  0.0   0.0   0.0   0.0   0.34  0.0   
