             A     R     N     D     C     Q     E     G     H     I     L     K     M     F     P     S     T     W     Y     V
1     A     0.0   0.0   0.0   0.0   0.0   0.0   0.0   0.0   0.0   0.0   0.0   0.0   0.0   0.0   0.0   0.0   0.0   0.0   0.0   0.0   
2     V     0.0   0.0   0.0   0.0   0.0   0.0   0.0   0.0   0.0   0.0   0.0   0.0   0.0   0.0   0.0   0.0   0.0   0.0   0.0   0.0   
3     R     0.0   1.0   0.0   0.0   0.0   0.0   0.0   0.0   0.0   0.0   0.0   0.0   0.0   0.0   0.0   0.0   0.0   0.0   0.0   0.0   
4     V     0.0   0.0   0.0   0.0   0.0   0.0   0.0   0.0   0.0   0.0   0.0   0.0   0.0   0.0   0.0   0.0   0.0   0.0   0.0   1.0   
5     A     1.0   0.0   0.0   0.0   0.0   0.0   0.0   0.0   0.0   0.0   0.0   0.0   0.0   0.0   0.0   0.0   0.0   0.0   0.0   0.0   
6     Y     0.0   0.0   0.0   0.0   0.0   0.0   0.0   0.0   0.0   0.5   0.0   0.0   0.0   0.0   0.0   0.0   0.0   0.0   0.5   0.0   
7     A     0.5   0.0   0.0   0.0   0.0   0.0   0.0   0.5   0.0   0.0   0.0   0.0   0.0   0.0   0.0   0.0   0.0   0.0   0.0   0.0   
8     G     0.0   0.0   0.0   0.0   0.0   0.0   0.0   1.0   0.0   0.0   0.0   0.0   0.0   0.0   0.0   0.0   0.0   0.0   0.0   0.0   
9     L     0.0   0.0   0.0   0.0   0.0   0.0   0.0   0.0   0.0   0.0   0.5   0.0   0.0   0.0   0.0   0.5   0.0   0.0   0.0   0.0   
10    R     0.0   1.0   0.0   0.0   0.0   0.0   0.0   0.0   0.0   0.0   0.0   0.0   0.0   0.0   0.0   0.0   0.0   0.0   0.0   0.0   
11    R     0.0   0.76  0.0   0.0   0.0   0.0   0.0   0.0   0.0   0.0   0.0   0.24  0.0   0.0   0.0   0.0   0.0   0.0   0.0   0.0   
12    K     0.28  0.0   0.0   0.0   0.0   0.0   0.0   0.0   0.0   0.0   0.0   0.23  0.0   0.0   0.0   0.25  0.24  0.0   0.0   0.0   
13    E     0.25  0.0   0.0   0.28  0.0   0.0   0.47  0.0   0.0   0.0   0.0   0.0   0.0   0.0   0.0   0.0   0.0   0.0   0.0   0.0   
14    A     0.23  0.0   0.0   0.0   0.0   0.0   0.49  0.0   0.0   0.0   0.0   0.0   0.0   0.0   0.0   0.0   0.0   0.0   0.0   0.28  
15    F     0.25  0.0   0.0   0.0   0.0   0.0   0.0   0.0   0.0   0.24  0.0   0.0   0.0   0.51  0.0   0.0   0.0   0.0   0.0   0.0   
16    K     0.28  0.0   0.0   0.0   0.0   0.0   0.0   0.0   0.0   0.0   0.0   0.23  0.0   0.0   0.0   0.24  0.0   0.0   0.0   0.25  
17    A     0.23  0.0   0.0   0.0   0.0   0.0   0.25  0.0   0.0   0.0   0.0   0.0   0.0   0.0   0.0   0.28  0.24  0.0   0.0   0.0   
18    L     0.0   0.0   0.0   0.0   0.0   0.0   0.0   0.0   0.0   0.24  0.76  0.0   0.0   0.0   0.0   0.0   0.0   0.0   0.0   0.0   
19    A     0.23  0.0   0.0   0.0   0.0   0.0   0.0   0.0   0.0   0.49  0.28  0.0   0.0   0.0   0.0   0.0   0.0   0.0   0.0   0.0   
20    E     0.0   0.0   0.0   0.0   0.0   0.0   0.72  0.0   0.0   0.0   0.0   0.28  0.0   0.0   0.0   0.0   0.0   0.0   0.0   0.0   
21    K     0.0   0.0   0.0   0.0   0.0   0.0   0.0   0.25  0.0   0.0   0.0   0.75  0.0   0.0   0.0   0.0   0.0   0.0   0.0   0.0   
22    L     0.25  0.0   0.0   0.0   0.0   0.24  0.28  0.0   0.0   0.0   0.23  0.0   0.0   0.0   0.0   0.0   0.0   0.0   0.0   0.0   
23    G     0.0   0.0   0.0   0.0   0.0   0.0   0.0   1.0   0.0   0.0   0.0   0.0   0.0   0.0   0.0   0.0   0.0   0.0   0.0   0.0   
24    F     0.0   0.0   0.0   0.0   0.0   0.0   0.0   0.49  0.0   0.0   0.0   0.0   0.0   0.51  0.0   0.0   0.0   0.0   0.0   0.0   
25    T     0.0   0.25  0.0   0.0   0.0   0.0   0.28  0.0   0.0   0.24  0.0   0.0   0.0   0.0   0.0   0.0   0.23  0.0   0.0   0.0   
26    P     0.25  0.0   0.0   0.0   0.0   0.0   0.0   0.0   0.0   0.0   0.0   0.0   0.0   0.0   0.75  0.0   0.0   0.0   0.0   0.0   
27    L     0.0   0.0   0.0   0.0   0.0   0.0   0.0   0.0   0.0   0.28  0.48  0.0   0.0   0.0   0.0   0.0   0.0   0.0   0.0   0.24  
28    L     0.0   0.0   0.0   0.0   0.0   0.0   0.0   0.0   0.0   0.52  0.23  0.0   0.0   0.0   0.0   0.0   0.0   0.0   0.0   0.25  
29    F     0.25  0.24  0.0   0.0   0.0   0.0   0.0   0.0   0.0   0.0   0.0   0.0   0.0   0.51  0.0   0.0   0.0   0.0   0.0   0.0   
30    P     0.0   0.0   0.0   0.0   0.0   0.0   0.0   0.0   0.0   0.0   0.0   0.0   0.0   0.0   1.0   0.0   0.0   0.0   0.0   0.0   
31    V     0.0   0.0   0.0   0.0   0.0   0.0   0.0   0.0   0.0   0.0   0.24  0.0   0.0   0.0   0.0   0.0   0.53  0.0   0.0   0.23  
32    Q     0.0   0.0   0.0   0.0   0.0   0.47  0.0   0.0   0.0   0.0   0.53  0.0   0.0   0.0   0.0   0.0   0.0   0.0   0.0   0.0   
33    A     0.23  0.0   0.0   0.0   0.0   0.0   0.53  0.24  0.0   0.0   0.0   0.0   0.0   0.0   0.0   0.0   0.0   0.0   0.0   0.0   
34    T     0.0   0.0   0.0   0.0   0.0   0.0   0.0   0.0   0.0   0.28  0.25  0.0   0.0   0.0   0.0   0.0   0.47  0.0   0.0   0.0   
35    E     0.0   0.0   0.0   0.0   0.0   0.0   0.23  0.0   0.0   0.0   0.0   0.25  0.0   0.0   0.0   0.0   0.0   0.0   0.0   0.52  
36    K     0.02  0.01  0.01  0.02  0.01  0.01  0.27  0.02  0.01  0.01  0.03  0.25  0.01  0.01  0.01  0.02  0.02  0.0   0.24  0.02  
37    V     0.27  0.01  0.01  0.02  0.01  0.01  0.02  0.02  0.01  0.01  0.26  0.02  0.01  0.01  0.01  0.02  0.02  0.0   0.01  0.25  
38    P     0.26  0.01  0.01  0.02  0.01  0.01  0.02  0.02  0.26  0.01  0.03  0.02  0.01  0.01  0.25  0.02  0.02  0.0   0.01  0.02  
39    V     0.02  0.01  0.01  0.02  0.01  0.01  0.25  0.02  0.01  0.01  0.03  0.02  0.01  0.01  0.01  0.02  0.27  0.0   0.01  0.25  
40    P     0.02  0.01  0.01  0.02  0.01  0.01  0.27  0.02  0.01  0.01  0.03  0.25  0.01  0.01  0.25  0.02  0.02  0.0   0.01  0.02  
41    E     0.02  0.01  0.01  0.02  0.01  0.25  0.25  0.02  0.01  0.01  0.03  0.02  0.01  0.01  0.01  0.27  0.02  0.0   0.01  0.02  
42    Y     0.0   0.0   0.0   0.0   0.0   0.0   0.0   0.0   0.0   0.0   0.25  0.0   0.0   0.0   0.0   0.0   0.0   0.0   0.51  0.24  
43    R     0.0   0.48  0.28  0.0   0.0   0.0   0.24  0.0   0.0   0.0   0.0   0.0   0.0   0.0   0.0   0.0   0.0   0.0   0.0   0.0   
44    D     0.0   0.0   0.0   0.23  0.0   0.0   0.25  0.0   0.0   0.0   0.0   0.28  0.0   0.0   0.24  0.0   0.0   0.0   0.0   0.0   
45    Q     0.0   0.0   0.0   0.52  0.0   0.23  0.0   0.0   0.0   0.0   0.0   0.0   0.0   0.0   0.0   0.0   0.0   0.0   0.0   0.25  
46    V     0.0   0.0   0.0   0.0   0.25  0.0   0.0   0.0   0.0   0.0   0.52  0.0   0.0   0.0   0.0   0.0   0.0   0.0   0.0   0.23  
47    R     0.0   0.72  0.0   0.28  0.0   0.0   0.0   0.0   0.0   0.0   0.0   0.0   0.0   0.0   0.0   0.0   0.0   0.0   0.0   0.0   
48    A     0.23  0.25  0.0   0.0   0.0   0.0   0.0   0.0   0.0   0.0   0.0   0.0   0.0   0.0   0.0   0.0   0.24  0.0   0.0   0.28  
49    L     0.02  0.01  0.29  0.01  0.0   0.01  0.02  0.02  0.01  0.01  0.26  0.01  0.01  0.25  0.01  0.02  0.01  0.0   0.01  0.02  
50    A     0.72  0.0   0.0   0.0   0.0   0.0   0.0   0.0   0.0   0.0   0.28  0.0   0.0   0.0   0.0   0.0   0.0   0.0   0.0   0.0   
51    Q     0.0   0.0   0.0   0.53  0.0   0.23  0.24  0.0   0.0   0.0   0.0   0.0   0.0   0.0   0.0   0.0   0.0   0.0   0.0   0.0   
52    G     0.0   0.0   0.0   0.0   0.0   0.0   0.25  0.23  0.0   0.0   0.0   0.24  0.0   0.0   0.0   0.28  0.0   0.0   0.0   0.0   
53    V     0.24  0.0   0.0   0.0   0.0   0.0   0.0   0.0   0.0   0.0   0.0   0.0   0.0   0.0   0.0   0.0   0.0   0.25  0.28  0.23  
54    D     0.0   0.0   0.0   1.0   0.0   0.0   0.0   0.0   0.0   0.0   0.0   0.0   0.0   0.0   0.0   0.0   0.0   0.0   0.0   0.0   
55    L     0.0   0.0   0.0   0.0   0.0   0.0   0.0   0.0   0.0   0.0   0.48  0.0   0.0   0.0   0.0   0.0   0.0   0.52  0.0   0.0   
56    F     0.0   0.0   0.0   0.0   0.0   0.0   0.0   0.0   0.0   0.28  0.0   0.0   0.0   0.23  0.0   0.0   0.0   0.0   0.0   0.49  
57    L     0.28  0.0   0.0   0.0   0.0   0.0   0.0   0.0   0.0   0.49  0.23  0.0   0.0   0.0   0.0   0.0   0.0   0.0   0.0   0.0   
58    A     0.23  0.0   0.0   0.0   0.0   0.0   0.0   0.0   0.0   0.0   0.0   0.0   0.0   0.77  0.0   0.0   0.0   0.0   0.0   0.0   
59    T     0.0   0.0   0.0   0.0   0.0   0.0   0.0   0.0   0.0   0.0   0.0   0.0   0.0   0.0   0.0   0.0   1.0   0.0   0.0   0.0   
60    T     0.0   0.0   0.0   0.0   0.0   0.0   0.0   0.0   0.0   0.0   0.0   0.0   0.0   0.0   0.0   0.53  0.47  0.0   0.0   0.0   
61    G     0.0   0.0   0.0   0.0   0.0   0.25  0.0   0.47  0.0   0.0   0.0   0.0   0.0   0.0   0.28  0.0   0.0   0.0   0.0   0.0   
62    V     0.25  0.0   0.0   0.0   0.0   0.0   0.0   0.0   0.0   0.52  0.0   0.0   0.0   0.0   0.0   0.0   0.0   0.0   0.0   0.23  
63    G     0.25  0.0   0.0   0.0   0.0   0.0   0.0   0.75  0.0   0.0   0.0   0.0   0.0   0.0   0.0   0.0   0.0   0.0   0.0   0.0   
64    V     0.0   0.0   0.0   0.0   0.0   0.0   0.0   0.0   0.0   0.0   0.52  0.0   0.0   0.0   0.0   0.0   0.0   0.0   0.0   0.48  
65    R     0.0   0.23  0.0   0.0   0.0   0.0   0.49  0.0   0.0   0.0   0.0   0.0   0.0   0.0   0.0   0.0   0.0   0.0   0.28  0.0   
66    D     0.0   0.0   0.28  0.23  0.0   0.0   0.0   0.0   0.0   0.0   0.0   0.0   0.0   0.0   0.0   0.25  0.24  0.0   0.0   0.0   
67    L     0.0   0.0   0.0   0.0   0.0   0.0   0.0   0.0   0.0   0.28  0.72  0.0   0.0   0.0   0.0   0.0   0.0   0.0   0.0   0.0   
68    L     0.0   0.0   0.0   0.0   0.0   0.0   0.0   0.0   0.0   0.0   0.51  0.0   0.0   0.25  0.0   0.0   0.0   0.0   0.0   0.24  
69    E     0.0   0.0   0.0   0.24  0.0   0.25  0.23  0.0   0.0   0.0   0.0   0.0   0.0   0.0   0.0   0.0   0.28  0.0   0.0   0.0   
70    A     0.23  0.0   0.0   0.0   0.0   0.0   0.28  0.0   0.0   0.0   0.25  0.0   0.24  0.0   0.0   0.0   0.0   0.0   0.0   0.0   
71    G     0.24  0.0   0.28  0.0   0.25  0.0   0.0   0.23  0.0   0.0   0.0   0.0   0.0   0.0   0.0   0.0   0.0   0.0   0.0   0.0   
72    K     0.0   0.25  0.0   0.0   0.0   0.0   0.52  0.0   0.0   0.0   0.0   0.23  0.0   0.0   0.0   0.0   0.0   0.0   0.0   0.0   
73    A     0.23  0.28  0.0   0.0   0.0   0.0   0.25  0.0   0.0   0.0   0.0   0.24  0.0   0.0   0.0   0.0   0.0   0.0   0.0   0.0   
74    L     0.0   0.0   0.0   0.0   0.0   0.0   0.28  0.0   0.0   0.24  0.23  0.0   0.0   0.25  0.0   0.0   0.0   0.0   0.0   0.0   
75    G     0.25  0.0   0.28  0.0   0.0   0.0   0.0   0.47  0.0   0.0   0.0   0.0   0.0   0.0   0.0   0.0   0.0   0.0   0.0   0.0   
76    L     0.0   0.0   0.0   0.0   0.0   0.0   0.0   0.25  0.0   0.0   0.47  0.0   0.0   0.0   0.0   0.0   0.0   0.0   0.0   0.28  
77    D     0.0   0.0   0.0   0.23  0.0   0.0   0.0   0.0   0.0   0.0   0.0   0.77  0.0   0.0   0.0   0.0   0.0   0.0   0.0   0.0   
78    L     0.0   0.0   0.28  0.24  0.0   0.0   0.0   0.0   0.0   0.25  0.23  0.0   0.0   0.0   0.0   0.0   0.0   0.0   0.0   0.0   
79    E     0.0   0.25  0.0   0.0   0.0   0.0   0.47  0.0   0.0   0.0   0.0   0.28  0.0   0.0   0.0   0.0   0.0   0.0   0.0   0.0   
80    G     0.02  0.01  0.01  0.01  0.0   0.01  0.01  0.25  0.01  0.01  0.02  0.54  0.01  0.01  0.01  0.02  0.01  0.0   0.01  0.02  
81    P     0.02  0.01  0.01  0.26  0.0   0.01  0.01  0.02  0.01  0.01  0.02  0.29  0.01  0.01  0.25  0.02  0.01  0.0   0.01  0.02  
82    L     0.0   0.0   0.0   0.0   0.25  0.0   0.0   0.0   0.0   0.0   0.23  0.0   0.0   0.24  0.0   0.0   0.28  0.0   0.0   0.0   
83    A     0.51  0.0   0.0   0.0   0.0   0.0   0.0   0.0   0.0   0.0   0.49  0.0   0.0   0.0   0.0   0.0   0.0   0.0   0.0   0.0   
84    K     0.0   0.0   0.0   0.0   0.0   0.24  0.0   0.0   0.0   0.0   0.0   0.51  0.0   0.0   0.0   0.0   0.0   0.0   0.0   0.25  
85    A     0.72  0.0   0.0   0.0   0.0   0.0   0.0   0.0   0.0   0.0   0.0   0.0   0.0   0.0   0.0   0.0   0.28  0.0   0.0   0.0   
86    F     0.0   0.0   0.0   0.0   0.0   0.0   0.0   0.0   0.0   0.24  0.0   0.0   0.0   0.51  0.0   0.0   0.0   0.0   0.0   0.25  
87    R     0.0   0.47  0.0   0.0   0.0   0.0   0.0   0.0   0.0   0.25  0.0   0.28  0.0   0.0   0.0   0.0   0.0   0.0   0.0   0.0   
88    L     0.02  0.01  0.01  0.01  0.0   0.25  0.02  0.02  0.01  0.01  0.26  0.29  0.01  0.01  0.01  0.02  0.01  0.0   0.01  0.02  
89    A     0.49  0.01  0.01  0.01  0.0   0.01  0.02  0.02  0.01  0.01  0.02  0.01  0.01  0.01  0.01  0.02  0.01  0.0   0.29  0.02  
90    R     0.02  0.48  0.01  0.01  0.0   0.01  0.02  0.02  0.01  0.01  0.02  0.01  0.01  0.29  0.01  0.02  0.01  0.0   0.01  0.02  
91    G     0.0   0.0   0.0   0.0   0.0   0.0   0.0   1.0   0.0   0.0   0.0   0.0   0.0   0.0   0.0   0.0   0.0   0.0   0.0   0.0   
92    A     0.23  0.0   0.0   0.0   0.0   0.0   0.0   0.0   0.0   0.0   0.0   0.0   0.0   0.0   0.25  0.0   0.0   0.0   0.52  0.0   
93    K     0.0   0.25  0.0   0.0   0.0   0.0   0.0   0.0   0.0   0.0   0.0   0.47  0.0   0.0   0.0   0.0   0.28  0.0   0.0   0.0   
94    A     0.51  0.0   0.0   0.0   0.0   0.0   0.0   0.0   0.0   0.0   0.0   0.0   0.0   0.0   0.0   0.0   0.49  0.0   0.0   0.0   
95    A     0.48  0.0   0.0   0.0   0.0   0.0   0.28  0.0   0.0   0.0   0.24  0.0   0.0   0.0   0.0   0.0   0.0   0.0   0.0   0.0   
96    R     0.0   0.48  0.0   0.0   0.0   0.0   0.0   0.0   0.0   0.0   0.0   0.0   0.0   0.0   0.0   0.52  0.0   0.0   0.0   0.0   
97    A     0.47  0.0   0.0   0.0   0.0   0.0   0.0   0.0   0.0   0.0   0.28  0.0   0.0   0.0   0.0   0.0   0.0   0.0   0.0   0.25  
98    L     0.25  0.0   0.0   0.0   0.0   0.0   0.0   0.0   0.0   0.0   0.75  0.0   0.0   0.0   0.0   0.0   0.0   0.0   0.0   0.0   
99    K     0.0   0.28  0.0   0.0   0.0   0.0   0.0   0.25  0.0   0.0   0.0   0.47  0.0   0.0   0.0   0.0   0.0   0.0   0.0   0.0   
100   E     0.0   0.0   0.0   0.0   0.0   0.0   0.76  0.0   0.0   0.0   0.0   0.24  0.0   0.0   0.0   0.0   0.0   0.0   0.0   0.0   
101   A     0.23  0.0   0.0   0.0   0.0   0.0   0.0   0.0   0.25  0.28  0.24  0.0   0.0   0.0   0.0   0.0   0.0   0.0   0.0   0.0   
102   G     0.02  0.01  0.01  0.02  0.01  0.01  0.02  0.74  0.01  0.01  0.03  0.02  0.01  0.01  0.01  0.02  0.02  0.0   0.01  0.02  
103   L     0.02  0.01  0.01  0.02  0.01  0.01  0.02  0.02  0.01  0.25  0.51  0.02  0.01  0.01  0.01  0.02  0.02  0.0   0.01  0.02  
104   P     0.02  0.26  0.01  0.02  0.01  0.01  0.02  0.02  0.01  0.01  0.03  0.02  0.01  0.01  0.25  0.02  0.25  0.0   0.01  0.02  
105   P     0.02  0.01  0.01  0.02  0.01  0.01  0.02  0.02  0.01  0.01  0.03  0.02  0.01  0.01  0.49  0.02  0.02  0.0   0.01  0.27  
106   H     0.0   0.0   0.0   0.25  0.0   0.0   0.24  0.0   0.23  0.0   0.0   0.28  0.0   0.0   0.0   0.0   0.0   0.0   0.0   0.0   
107   A     0.47  0.0   0.0   0.0   0.0   0.0   0.0   0.0   0.0   0.25  0.0   0.28  0.0   0.0   0.0   0.0   0.0   0.0   0.0   0.0   
108   V     0.0   0.0   0.0   0.0   0.0   0.0   0.0   0.0   0.0   0.0   0.0   0.0   0.0   0.0   0.0   0.24  0.0   0.0   0.0   0.76  
109   G     0.0   0.0   0.0   0.24  0.0   0.0   0.25  0.23  0.0   0.0   0.0   0.0   0.0   0.0   0.0   0.28  0.0   0.0   0.0   0.0   
110   D     0.0   0.0   0.0   0.72  0.0   0.0   0.0   0.0   0.0   0.0   0.0   0.28  0.0   0.0   0.0   0.0   0.0   0.0   0.0   0.0   
111   G     0.0   0.0   0.0   0.0   0.0   0.0   0.28  0.47  0.0   0.0   0.0   0.0   0.0   0.0   0.0   0.0   0.0   0.0   0.25  0.0   
112   T     0.0   0.0   0.0   0.0   0.0   0.0   0.28  0.0   0.0   0.0   0.0   0.0   0.0   0.0   0.0   0.0   0.72  0.0   0.0   0.0   
113   S     0.25  0.0   0.0   0.0   0.0   0.0   0.28  0.0   0.0   0.0   0.0   0.0   0.0   0.0   0.0   0.23  0.24  0.0   0.0   0.0   
114   K     0.0   0.24  0.0   0.0   0.0   0.0   0.25  0.0   0.0   0.0   0.0   0.51  0.0   0.0   0.0   0.0   0.0   0.0   0.0   0.0   
115   S     0.0   0.0   0.0   0.0   0.0   0.0   0.0   0.49  0.0   0.0   0.0   0.0   0.0   0.28  0.0   0.23  0.0   0.0   0.0   0.0   
116   L     0.0   0.0   0.0   0.0   0.0   0.0   0.0   0.0   0.0   0.0   1.0   0.0   0.0   0.0   0.0   0.0   0.0   0.0   0.0   0.0   
117   L     0.0   0.0   0.0   0.0   0.0   0.0   0.0   0.0   0.0   0.52  0.48  0.0   0.0   0.0   0.0   0.0   0.0   0.0   0.0   0.0   
118   P     0.0   0.24  0.0   0.25  0.0   0.0   0.0   0.0   0.0   0.0   0.0   0.0   0.0   0.0   0.51  0.0   0.0   0.0   0.0   0.0   
119   L     0.25  0.0   0.0   0.0   0.0   0.0   0.0   0.0   0.0   0.0   0.23  0.0   0.0   0.0   0.0   0.24  0.28  0.0   0.0   0.0   
120   L     0.0   0.0   0.0   0.0   0.0   0.0   0.0   0.0   0.0   0.0   0.72  0.0   0.0   0.0   0.0   0.0   0.28  0.0   0.0   0.0   
121   P     0.0   0.0   0.0   0.0   0.0   0.0   0.49  0.0   0.0   0.0   0.0   0.0   0.0   0.0   0.51  0.0   0.0   0.0   0.0   0.0   
122   Q     0.0   0.0   0.0   0.0   0.0   0.23  0.0   0.25  0.0   0.0   0.0   0.0   0.0   0.0   0.0   0.52  0.0   0.0   0.0   0.0   
123   G     0.0   0.0   0.0   0.0   0.0   0.0   0.0   0.47  0.0   0.0   0.0   0.0   0.0   0.0   0.0   0.0   0.28  0.25  0.0   0.0   
124   R     0.0   0.51  0.0   0.0   0.0   0.0   0.0   0.0   0.0   0.0   0.0   0.49  0.0   0.0   0.0   0.0   0.0   0.0   0.0   0.0   
125   G     0.0   0.0   0.0   0.28  0.0   0.0   0.0   0.23  0.0   0.0   0.0   0.0   0.0   0.0   0.0   0.0   0.24  0.0   0.0   0.25  
126   V     0.25  0.0   0.0   0.0   0.0   0.0   0.0   0.0   0.0   0.0   0.0   0.0   0.0   0.0   0.0   0.0   0.0   0.0   0.0   0.75  
127   A     0.23  0.0   0.0   0.0   0.0   0.0   0.0   0.0   0.0   0.0   0.53  0.0   0.24  0.0   0.0   0.0   0.0   0.0   0.0   0.0   
128   A     0.25  0.01  0.01  0.01  0.0   0.01  0.01  0.02  0.01  0.01  0.02  0.29  0.01  0.01  0.26  0.02  0.01  0.0   0.01  0.02  
129   L     0.0   0.25  0.28  0.0   0.0   0.0   0.0   0.0   0.0   0.0   0.23  0.0   0.0   0.0   0.0   0.0   0.0   0.0   0.0   0.24  
130   Q     0.0   0.0   0.28  0.0   0.0   0.47  0.0   0.0   0.0   0.0   0.0   0.0   0.0   0.0   0.0   0.0   0.25  0.0   0.0   0.0   
131   L     0.0   0.0   0.0   0.0   0.0   0.0   0.0   0.0   0.0   0.0   1.0   0.0   0.0   0.0   0.0   0.0   0.0   0.0   0.0   0.0   
132   Y     0.0   0.0   0.28  0.0   0.0   0.0   0.0   0.0   0.24  0.0   0.0   0.0   0.0   0.0   0.0   0.25  0.0   0.0   0.23  0.0   
133   G     0.53  0.0   0.0   0.0   0.0   0.0   0.0   0.47  0.0   0.0   0.0   0.0   0.0   0.0   0.0   0.0   0.0   0.0   0.0   0.0   
134   K     0.0   0.25  0.0   0.28  0.0   0.0   0.24  0.0   0.0   0.0   0.0   0.23  0.0   0.0   0.0   0.0   0.0   0.0   0.0   0.0   
135   P     0.0   0.0   0.0   0.0   0.0   0.0   0.0   0.0   0.0   0.0   0.28  0.49  0.0   0.0   0.23  0.0   0.0   0.0   0.0   0.0   
136   L     0.24  0.0   0.0   0.0   0.0   0.0   0.0   0.0   0.0   0.0   0.51  0.0   0.0   0.0   0.0   0.0   0.0   0.0   0.0   0.25  
137   P     0.02  0.01  0.01  0.01  0.0   0.01  0.02  0.02  0.01  0.01  0.02  0.01  0.01  0.29  0.48  0.02  0.01  0.0   0.01  0.02  
138   L     0.26  0.01  0.01  0.01  0.0   0.01  0.02  0.02  0.01  0.01  0.26  0.01  0.01  0.01  0.01  0.02  0.01  0.0   0.01  0.3   
139   L     0.0   0.0   0.0   0.0   0.0   0.0   0.0   0.0   0.0   0.0   0.72  0.0   0.0   0.0   0.0   0.0   0.0   0.0   0.28  0.0   
140   E     0.0   0.0   0.0   0.0   0.0   0.0   0.23  0.0   0.0   0.0   0.0   0.28  0.24  0.0   0.25  0.0   0.0   0.0   0.0   0.0   
141   N     0.24  0.25  0.23  0.0   0.0   0.0   0.0   0.0   0.0   0.0   0.0   0.0   0.0   0.0   0.0   0.28  0.0   0.0   0.0   0.0   
142   A     0.51  0.0   0.0   0.0   0.0   0.0   0.0   0.25  0.0   0.0   0.0   0.0   0.0   0.24  0.0   0.0   0.0   0.0   0.0   0.0   
143   L     0.0   0.0   0.0   0.0   0.0   0.0   0.28  0.0   0.0   0.0   0.72  0.0   0.0   0.0   0.0   0.0   0.0   0.0   0.0   0.0   
144   A     0.23  0.0   0.0   0.0   0.0   0.0   0.49  0.0   0.0   0.0   0.0   0.0   0.0   0.0   0.28  0.0   0.0   0.0   0.0   0.0   
145   E     0.0   0.0   0.0   0.0   0.0   0.0   0.75  0.0   0.0   0.0   0.0   0.0   0.25  0.0   0.0   0.0   0.0   0.0   0.0   0.0   
146   R     0.0   0.23  0.28  0.0   0.0   0.0   0.0   0.0   0.0   0.0   0.0   0.24  0.25  0.0   0.0   0.0   0.0   0.0   0.0   0.0   
147   G     0.02  0.01  0.01  0.02  0.01  0.01  0.02  0.74  0.01  0.01  0.03  0.02  0.01  0.01  0.01  0.02  0.02  0.0   0.01  0.02  
148   Y     0.51  0.01  0.01  0.02  0.01  0.01  0.02  0.02  0.01  0.01  0.03  0.02  0.01  0.01  0.01  0.02  0.02  0.0   0.24  0.02  
149   R     0.02  0.25  0.01  0.02  0.01  0.01  0.27  0.02  0.01  0.01  0.03  0.02  0.01  0.01  0.01  0.26  0.02  0.0   0.01  0.02  
150   V     0.02  0.01  0.01  0.02  0.01  0.01  0.02  0.02  0.01  0.01  0.03  0.02  0.01  0.01  0.01  0.02  0.02  0.0   0.01  0.74  
151   L     0.02  0.01  0.01  0.02  0.01  0.01  0.02  0.02  0.01  0.01  0.75  0.02  0.01  0.01  0.01  0.02  0.02  0.0   0.01  0.02  
152   P     0.02  0.01  0.01  0.02  0.01  0.01  0.02  0.02  0.01  0.01  0.03  0.02  0.01  0.01  0.49  0.02  0.02  0.0   0.01  0.27  
153   L     0.27  0.01  0.01  0.02  0.01  0.01  0.02  0.02  0.01  0.25  0.26  0.02  0.01  0.01  0.01  0.02  0.02  0.0   0.01  0.02  
154   M     0.02  0.01  0.01  0.02  0.01  0.01  0.27  0.02  0.01  0.01  0.26  0.02  0.24  0.01  0.01  0.02  0.02  0.0   0.01  0.02  
155   P     0.27  0.01  0.01  0.02  0.01  0.01  0.02  0.02  0.01  0.01  0.03  0.02  0.01  0.01  0.49  0.02  0.02  0.0   0.01  0.02  
156   Y     0.02  0.01  0.01  0.02  0.01  0.01  0.02  0.02  0.01  0.01  0.03  0.02  0.01  0.01  0.01  0.02  0.02  0.0   0.73  0.02  
157   R     0.02  0.5   0.01  0.02  0.01  0.25  0.02  0.02  0.01  0.01  0.03  0.02  0.01  0.01  0.01  0.02  0.02  0.0   0.01  0.02  
158   H     0.02  0.01  0.01  0.02  0.01  0.01  0.02  0.02  0.48  0.01  0.03  0.02  0.01  0.01  0.01  0.27  0.02  0.0   0.01  0.02  
159   L     0.02  0.01  0.01  0.02  0.01  0.01  0.02  0.02  0.01  0.25  0.51  0.02  0.01  0.01  0.01  0.02  0.02  0.0   0.01  0.02  
160   P     0.02  0.01  0.01  0.02  0.01  0.01  0.02  0.02  0.01  0.01  0.03  0.02  0.01  0.01  0.73  0.02  0.02  0.0   0.01  0.02  
161   D     0.0   0.0   0.0   0.23  0.0   0.0   0.49  0.0   0.0   0.0   0.28  0.0   0.0   0.0   0.0   0.0   0.0   0.0   0.0   0.0   
162   P     0.0   0.0   0.0   0.25  0.0   0.0   0.24  0.0   0.0   0.0   0.0   0.28  0.0   0.0   0.23  0.0   0.0   0.0   0.0   0.0   
163   E     0.0   0.0   0.0   0.0   0.0   0.0   0.75  0.0   0.0   0.0   0.0   0.0   0.0   0.0   0.0   0.0   0.25  0.0   0.0   0.0   
164   G     0.0   0.0   0.0   0.28  0.0   0.0   0.0   0.48  0.0   0.0   0.0   0.0   0.0   0.0   0.0   0.0   0.24  0.0   0.0   0.0   
165   I     0.25  0.0   0.0   0.0   0.0   0.0   0.0   0.0   0.0   0.51  0.0   0.0   0.0   0.0   0.0   0.0   0.0   0.0   0.0   0.24  
166   L     0.0   0.0   0.0   0.0   0.0   0.0   0.49  0.0   0.0   0.0   0.23  0.28  0.0   0.0   0.0   0.0   0.0   0.0   0.0   0.0   
167   R     0.0   0.47  0.0   0.0   0.0   0.0   0.25  0.0   0.0   0.0   0.0   0.28  0.0   0.0   0.0   0.0   0.0   0.0   0.0   0.0   
168   L     0.0   0.0   0.0   0.0   0.0   0.0   0.0   0.0   0.0   0.0   1.0   0.0   0.0   0.0   0.0   0.0   0.0   0.0   0.0   0.0   
169   E     0.0   0.0   0.0   0.0   0.24  0.0   0.23  0.0   0.0   0.25  0.0   0.28  0.0   0.0   0.0   0.0   0.0   0.0   0.0   0.0   
170   E     0.0   0.24  0.0   0.25  0.0   0.0   0.51  0.0   0.0   0.0   0.0   0.0   0.0   0.0   0.0   0.0   0.0   0.0   0.0   0.0   
171   A     0.23  0.0   0.0   0.0   0.0   0.0   0.24  0.25  0.0   0.0   0.28  0.0   0.0   0.0   0.0   0.0   0.0   0.0   0.0   0.0   
172   L     0.0   0.0   0.0   0.0   0.0   0.0   0.0   0.0   0.0   0.28  0.72  0.0   0.0   0.0   0.0   0.0   0.0   0.0   0.0   0.0   
173   L     0.28  0.0   0.0   0.0   0.0   0.0   0.0   0.0   0.0   0.0   0.48  0.0   0.24  0.0   0.0   0.0   0.0   0.0   0.0   0.0   
174   R     0.0   0.23  0.24  0.25  0.0   0.0   0.0   0.0   0.0   0.0   0.0   0.28  0.0   0.0   0.0   0.0   0.0   0.0   0.0   0.0   
175   G     0.0   0.0   0.0   0.52  0.0   0.0   0.0   0.48  0.0   0.0   0.0   0.0   0.0   0.0   0.0   0.0   0.0   0.0   0.0   0.0   
176   E     0.0   0.0   0.0   0.0   0.0   0.0   0.47  0.0   0.0   0.0   0.0   0.53  0.0   0.0   0.0   0.0   0.0   0.0   0.0   0.0   
177   V     0.0   0.0   0.0   0.0   0.0   0.0   0.0   0.0   0.0   0.0   0.0   0.0   0.0   0.28  0.0   0.0   0.0   0.0   0.0   0.72  
178   D     0.02  0.01  0.01  0.74  0.01  0.01  0.02  0.02  0.01  0.01  0.03  0.02  0.01  0.01  0.01  0.02  0.02  0.0   0.01  0.02  
179   A     0.72  0.0   0.0   0.0   0.0   0.0   0.0   0.0   0.0   0.28  0.0   0.0   0.0   0.0   0.0   0.0   0.0   0.0   0.0   0.0   
180   L     0.0   0.0   0.0   0.0   0.0   0.0   0.0   0.0   0.0   0.0   0.51  0.0   0.0   0.0   0.0   0.0   0.0   0.0   0.0   0.49  
181   A     0.23  0.0   0.0   0.0   0.24  0.0   0.0   0.0   0.0   0.0   0.0   0.0   0.0   0.0   0.0   0.0   0.53  0.0   0.0   0.0   
182   F     0.0   0.0   0.0   0.0   0.0   0.0   0.0   0.0   0.0   0.0   0.0   0.0   0.0   1.0   0.0   0.0   0.0   0.0   0.0   0.0   
183   V     0.0   0.0   0.0   0.0   0.0   0.0   0.0   0.0   0.0   0.0   0.0   0.0   0.0   0.0   0.0   0.0   0.77  0.0   0.0   0.23  
184   A     0.23  0.0   0.0   0.0   0.0   0.0   0.0   0.0   0.0   0.0   0.0   0.0   0.0   0.0   0.0   0.53  0.24  0.0   0.0   0.0   
185   A     0.47  0.0   0.0   0.0   0.0   0.0   0.0   0.28  0.0   0.0   0.0   0.0   0.0   0.0   0.25  0.0   0.0   0.0   0.0   0.0   
186   I     0.0   0.0   0.0   0.0   0.0   0.0   0.0   0.0   0.0   0.47  0.53  0.0   0.0   0.0   0.0   0.0   0.0   0.0   0.0   0.0   
187   Q     0.0   0.0   0.0   0.0   0.0   0.47  0.0   0.0   0.0   0.0   0.0   0.0   0.0   0.0   0.0   0.0   0.53  0.0   0.0   0.0   
188   V     0.28  0.0   0.0   0.0   0.0   0.0   0.0   0.0   0.0   0.0   0.0   0.0   0.0   0.0   0.0   0.0   0.0   0.0   0.0   0.72  
189   E     0.0   0.24  0.0   0.0   0.0   0.0   0.48  0.0   0.0   0.0   0.0   0.28  0.0   0.0   0.0   0.0   0.0   0.0   0.0   0.0   
190   F     0.0   0.0   0.53  0.0   0.0   0.0   0.0   0.0   0.0   0.0   0.0   0.0   0.0   0.23  0.0   0.24  0.0   0.0   0.0   0.0   
191   L     0.0   0.0   0.0   0.0   0.0   0.0   0.0   0.0   0.0   0.0   0.72  0.0   0.0   0.28  0.0   0.0   0.0   0.0   0.0   0.0   
192   F     0.0   0.0   0.0   0.0   0.0   0.0   0.0   0.0   0.0   0.0   0.0   0.0   0.0   1.0   0.0   0.0   0.0   0.0   0.0   0.0   
193   E     0.0   0.0   0.0   0.24  0.0   0.0   0.23  0.0   0.0   0.0   0.0   0.53  0.0   0.0   0.0   0.0   0.0   0.0   0.0   0.0   
194   G     0.0   0.0   0.0   0.0   0.0   0.0   0.0   0.23  0.0   0.25  0.0   0.0   0.0   0.24  0.0   0.0   0.0   0.0   0.28  0.0   
195   A     0.72  0.0   0.0   0.0   0.0   0.0   0.0   0.0   0.0   0.0   0.0   0.0   0.0   0.0   0.0   0.0   0.0   0.0   0.0   0.28  
196   K     0.0   0.0   0.0   0.28  0.0   0.0   0.0   0.25  0.0   0.0   0.0   0.47  0.0   0.0   0.0   0.0   0.0   0.0   0.0   0.0   
197   D     0.0   0.0   0.25  0.51  0.0   0.0   0.0   0.24  0.0   0.0   0.0   0.0   0.0   0.0   0.0   0.0   0.0   0.0   0.0   0.0   
198   P     0.0   0.49  0.0   0.0   0.0   0.0   0.28  0.0   0.0   0.0   0.0   0.0   0.0   0.0   0.23  0.0   0.0   0.0   0.0   0.0   
199   K     0.0   0.0   0.0   0.0   0.0   0.0   0.0   0.24  0.0   0.0   0.0   0.48  0.0   0.28  0.0   0.0   0.0   0.0   0.0   0.0   
200   A     0.51  0.0   0.0   0.0   0.0   0.0   0.25  0.0   0.0   0.0   0.0   0.0   0.0   0.0   0.0   0.0   0.0   0.0   0.24  0.0   
201   L     0.02  0.01  0.01  0.02  0.01  0.01  0.02  0.02  0.01  0.25  0.51  0.02  0.01  0.01  0.01  0.02  0.02  0.0   0.01  0.02  
202   R     0.02  0.25  0.25  0.02  0.01  0.01  0.02  0.02  0.01  0.26  0.03  0.02  0.01  0.01  0.01  0.02  0.02  0.0   0.01  0.02  
203   E     0.0   0.0   0.0   0.0   0.0   0.0   1.0   0.0   0.0   0.0   0.0   0.0   0.0   0.0   0.0   0.0   0.0   0.0   0.0   0.0   
204   A     0.23  0.0   0.0   0.0   0.0   0.0   0.0   0.0   0.0   0.28  0.0   0.0   0.0   0.0   0.0   0.0   0.0   0.0   0.0   0.49  
205   L     0.0   0.0   0.0   0.0   0.0   0.0   0.0   0.0   0.0   0.28  0.48  0.0   0.0   0.24  0.0   0.0   0.0   0.0   0.0   0.0   
206   N     0.0   0.0   0.23  0.0   0.0   0.0   0.24  0.0   0.0   0.0   0.0   0.53  0.0   0.0   0.0   0.0   0.0   0.0   0.0   0.0   
207   T     0.02  0.01  0.01  0.29  0.0   0.01  0.25  0.02  0.01  0.01  0.02  0.01  0.01  0.01  0.01  0.02  0.25  0.0   0.01  0.02  
208   R     0.0   0.72  0.28  0.0   0.0   0.0   0.0   0.0   0.0   0.0   0.0   0.0   0.0   0.0   0.0   0.0   0.0   0.0   0.0   0.0   
209   V     0.24  0.0   0.0   0.0   0.0   0.0   0.0   0.0   0.0   0.0   0.0   0.0   0.0   0.0   0.0   0.0   0.0   0.0   0.28  0.48  
210   K     0.0   0.0   0.0   0.0   0.0   0.0   0.0   0.0   0.0   0.52  0.0   0.48  0.0   0.0   0.0   0.0   0.0   0.0   0.0   0.0   
211   A     0.49  0.01  0.01  0.02  0.01  0.01  0.02  0.02  0.01  0.01  0.03  0.02  0.01  0.01  0.01  0.02  0.02  0.0   0.01  0.27  
212   L     0.49  0.0   0.0   0.0   0.0   0.0   0.0   0.0   0.0   0.0   0.23  0.0   0.0   0.0   0.0   0.0   0.0   0.0   0.0   0.28  
213   A     1.0   0.0   0.0   0.0   0.0   0.0   0.0   0.0   0.0   0.0   0.0   0.0   0.0   0.0   0.0   0.0   0.0   0.0   0.0   0.0   
214   V     0.0   0.0   0.0   0.0   0.0   0.0   0.0   0.0   0.0   0.53  0.0   0.0   0.0   0.0   0.0   0.0   0.0   0.0   0.0   0.47  
215   G     0.0   0.0   0.0   0.0   0.0   0.0   0.0   1.0   0.0   0.0   0.0   0.0   0.0   0.0   0.0   0.0   0.0   0.0   0.0   0.0   
216   R     0.0   0.23  0.0   0.0   0.0   0.0   0.0   0.0   0.0   0.0   0.0   0.24  0.0   0.0   0.53  0.0   0.0   0.0   0.0   0.0   
217   V     0.0   0.0   0.0   0.0   0.0   0.0   0.0   0.0   0.0   0.53  0.0   0.0   0.0   0.0   0.0   0.0   0.0   0.0   0.0   0.47  
218   T     0.0   0.0   0.0   0.0   0.0   0.0   0.0   0.0   0.0   0.0   0.0   0.0   0.0   0.0   0.0   0.0   1.0   0.0   0.0   0.0   
219   A     0.75  0.0   0.0   0.0   0.0   0.0   0.0   0.0   0.0   0.0   0.25  0.0   0.0   0.0   0.0   0.0   0.0   0.0   0.0   0.0   
220   D     0.0   0.25  0.0   0.23  0.0   0.0   0.24  0.0   0.0   0.0   0.0   0.28  0.0   0.0   0.0   0.0   0.0   0.0   0.0   0.0   
221   A     0.47  0.0   0.0   0.0   0.0   0.0   0.0   0.0   0.0   0.0   0.0   0.25  0.0   0.0   0.0   0.0   0.0   0.0   0.0   0.28  
222   L     0.0   0.0   0.0   0.0   0.0   0.0   0.0   0.0   0.0   0.28  0.72  0.0   0.0   0.0   0.0   0.0   0.0   0.0   0.0   0.0   
223   R     0.0   0.47  0.0   0.0   0.0   0.0   0.53  0.0   0.0   0.0   0.0   0.0   0.0   0.0   0.0   0.0   0.0   0.0   0.0   0.0   
224   E     0.0   0.0   0.0   0.0   0.0   0.0   0.72  0.0   0.0   0.0   0.0   0.28  0.0   0.0   0.0   0.0   0.0   0.0   0.0   0.0   
225   W     0.0   0.0   0.0   0.0   0.0   0.0   0.24  0.0   0.25  0.0   0.0   0.0   0.0   0.28  0.0   0.0   0.0   0.23  0.0   0.0   
226   G     0.0   0.0   0.0   0.0   0.0   0.0   0.0   1.0   0.0   0.0   0.0   0.0   0.0   0.0   0.0   0.0   0.0   0.0   0.0   0.0   
227   V     0.0   0.0   0.0   0.0   0.0   0.0   0.0   0.0   0.0   0.49  0.0   0.0   0.0   0.28  0.0   0.0   0.0   0.0   0.0   0.23  
228   K     0.0   0.0   0.0   0.0   0.0   0.0   0.0   0.0   0.0   0.0   0.0   0.51  0.0   0.0   0.0   0.0   0.49  0.0   0.0   0.0   
229   P     0.25  0.24  0.0   0.0   0.0   0.0   0.0   0.0   0.0   0.0   0.0   0.0   0.0   0.0   0.51  0.0   0.0   0.0   0.0   0.0   
230   F     0.0   0.0   0.0   0.0   0.0   0.0   0.0   0.0   0.0   0.0   0.52  0.0   0.0   0.23  0.0   0.0   0.0   0.0   0.0   0.25  
231   Y     0.04  0.03  0.02  0.03  0.01  0.02  0.03  0.04  0.01  0.03  0.28  0.03  0.01  0.02  0.03  0.04  0.03  0.01  0.25  0.03  
232   V     0.24  0.0   0.0   0.0   0.0   0.0   0.0   0.0   0.0   0.28  0.0   0.0   0.0   0.0   0.0   0.0   0.25  0.0   0.0   0.23  
233   D     0.0   0.0   0.0   0.23  0.0   0.0   0.0   0.0   0.0   0.0   0.0   0.0   0.0   0.0   0.77  0.0   0.0   0.0   0.0   0.0   
234   E     0.0   0.0   0.0   0.0   0.0   0.0   0.72  0.0   0.0   0.0   0.0   0.28  0.0   0.0   0.0   0.0   0.0   0.0   0.0   0.0   
235   T     0.0   0.25  0.0   0.0   0.0   0.0   0.0   0.0   0.0   0.24  0.0   0.0   0.0   0.0   0.0   0.0   0.23  0.0   0.0   0.28  
236   E     0.0   0.0   0.0   0.0   0.0   0.0   0.47  0.0   0.0   0.0   0.0   0.0   0.0   0.0   0.0   0.0   0.0   0.0   0.53  0.0   
237   R     0.0   0.47  0.0   0.0   0.0   0.0   0.0   0.0   0.0   0.0   0.0   0.0   0.0   0.0   0.0   0.0   0.53  0.0   0.0   0.0   
238   L     0.0   0.0   0.0   0.0   0.0   0.0   0.0   0.0   0.0   0.28  0.23  0.0   0.24  0.0   0.0   0.0   0.0   0.0   0.0   0.25  
239   G     0.0   0.0   0.0   0.0   0.0   0.0   0.28  0.47  0.0   0.0   0.0   0.25  0.0   0.0   0.0   0.0   0.0   0.0   0.0   0.0   
240   S     0.24  0.0   0.0   0.25  0.0   0.0   0.0   0.28  0.0   0.0   0.0   0.0   0.0   0.0   0.0   0.23  0.0   0.0   0.0   0.0   
241   L     0.0   0.0   0.0   0.0   0.0   0.0   0.0   0.0   0.0   0.0   0.23  0.0   0.77  0.0   0.0   0.0   0.0   0.0   0.0   0.0   
242   L     0.0   0.0   0.0   0.0   0.0   0.0   0.0   0.0   0.0   0.49  0.51  0.0   0.0   0.0   0.0   0.0   0.0   0.0   0.0   0.0   
243   Q     0.33  0.0   0.0   0.0   0.0   0.33  0.35  0.0   0.0   0.0   0.0   0.0   0.0   0.0   0.0   0.0   0.0   0.0   0.0   0.0   
244   G     0.5   0.0   0.0   0.0   0.0   0.0   0.0   0.5   0.0   0.0   0.0   0.0   0.0   0.0   0.0   0.0   0.0   0.0   0.0   0.0   
245   F     0.0   0.0   0.0   0.0   0.0   0.0   0.0   0.0   0.0   0.0   0.5   0.0   0.0   0.5   0.0   0.0   0.0   0.0   0.0   0.0   
246   K     0.5   0.0   0.0   0.0   0.0   0.0   0.0   0.0   0.0   0.0   0.0   0.5   0.0   0.0   0.0   0.0   0.0   0.0   0.0   0.0   
247   R     0.0   0.5   0.0   0.0   0.0   0.0   0.0   0.0   0.0   0.0   0.0   0.0   0.0   0.0   0.0   0.0   0.0   0.0   0.0   0.5   
248   A     0.5   0.0   0.0   0.0   0.0   0.0   0.0   0.0   0.0   0.0   0.0   0.0   0.0   0.0   0.0   0.5   0.0   0.0   0.0   0.0   
249   L     0.0   0.0   0.0   0.0   0.0   0.0   0.0   0.0   0.0   0.0   0.5   0.0   0.5   0.0   0.0   0.0   0.0   0.0   0.0   0.0   
250   Q     0.0   0.0   0.0   0.0   0.0   0.5   0.0   0.5   0.0   0.0   0.0   0.0   0.0   0.0   0.0   0.0   0.0   0.0   0.0   0.0   
251   K     0.0   0.0   0.0   0.0   0.0   0.0   0.5   0.0   0.0   0.0   0.0   0.5   0.0   0.0   0.0   0.0   0.0   0.0   0.0   0.0   
252   E     0.0   0.0   0.0   0.5   0.0   0.0   0.5   0.0   0.0   0.0   0.0   0.0   0.0   0.0   0.0   0.0   0.0   0.0   0.0   0.0   
253   V     0.0   0.0   0.0   0.0   0.0   0.0   0.0   0.0   0.0   0.0   0.0   0.0   0.0   0.0   0.0   0.0   0.0   0.0   0.0   1.0   
254   A     0.0   0.0   0.0   0.0   0.0   0.0   0.0   0.0   0.0   0.0   0.0   0.0   0.0   0.0   0.0   0.0   0.0   0.0   0.0   0.0   
