             A     R     N     D     C     Q     E     G     H     I     L     K     M     F     P     S     T     W     Y     V
1     M     0.0   0.0   0.0   0.0   0.0   0.0   0.0   0.0   0.0   0.0   0.07  0.0   0.41  0.48  0.0   0.0   0.0   0.0   0.0   0.04  
2     R     0.0   0.48  0.0   0.0   0.0   0.0   0.0   0.05  0.0   0.0   0.0   0.47  0.0   0.0   0.0   0.0   0.0   0.0   0.0   0.0   
3     L     0.0   0.28  0.0   0.0   0.0   0.0   0.0   0.0   0.0   0.0   0.22  0.03  0.0   0.0   0.0   0.18  0.23  0.0   0.0   0.06  
4     L     0.0   0.0   0.0   0.0   0.0   0.0   0.0   0.0   0.0   0.39  0.1   0.0   0.12  0.0   0.0   0.0   0.02  0.0   0.0   0.37  
5     A     0.21  0.0   0.0   0.0   0.6   0.12  0.0   0.0   0.0   0.0   0.0   0.0   0.0   0.0   0.0   0.0   0.06  0.0   0.0   0.0   
6     V     0.0   0.0   0.0   0.0   0.0   0.0   0.0   0.0   0.0   0.16  0.0   0.0   0.0   0.0   0.0   0.0   0.0   0.0   0.0   0.84  
7     F     0.0   0.0   0.0   0.0   0.0   0.0   0.0   0.1   0.0   0.0   0.0   0.0   0.0   0.62  0.0   0.0   0.0   0.0   0.17  0.11  
8     V     0.06  0.0   0.0   0.0   0.7   0.0   0.0   0.06  0.0   0.0   0.0   0.0   0.0   0.0   0.0   0.0   0.0   0.0   0.0   0.18  
9     S     0.09  0.0   0.0   0.0   0.0   0.0   0.0   0.62  0.0   0.1   0.0   0.0   0.0   0.0   0.0   0.08  0.0   0.11  0.0   0.0   
10    S     0.18  0.0   0.0   0.0   0.0   0.0   0.0   0.21  0.0   0.0   0.0   0.0   0.0   0.0   0.0   0.61  0.0   0.0   0.0   0.0   
11    R     0.18  0.11  0.1   0.0   0.0   0.0   0.0   0.11  0.03  0.0   0.0   0.0   0.05  0.0   0.0   0.42  0.0   0.0   0.0   0.0   
12    L     0.06  0.03  0.02  0.0   0.0   0.06  0.0   0.1   0.12  0.0   0.08  0.03  0.0   0.05  0.26  0.17  0.0   0.0   0.0   0.0   
13    S     0.0   0.0   0.0   0.0   0.0   0.0   0.1   0.62  0.0   0.0   0.0   0.0   0.0   0.0   0.0   0.19  0.09  0.0   0.0   0.0   
14    P     0.09  0.09  0.19  0.0   0.1   0.0   0.0   0.06  0.11  0.11  0.0   0.17  0.0   0.0   0.08  0.0   0.0   0.0   0.0   0.0   
15    E     0.05  0.15  0.17  0.16  0.0   0.0   0.09  0.06  0.0   0.0   0.0   0.27  0.0   0.0   0.0   0.04  0.0   0.0   0.0   0.0   
16    D     0.14  0.06  0.0   0.08  0.0   0.0   0.36  0.0   0.0   0.0   0.0   0.03  0.0   0.0   0.2   0.02  0.09  0.0   0.0   0.02  
17    P     0.12  0.0   0.11  0.0   0.03  0.0   0.15  0.0   0.0   0.02  0.06  0.06  0.0   0.0   0.09  0.21  0.04  0.0   0.0   0.11  
18    L     0.0   0.0   0.0   0.0   0.0   0.0   0.11  0.0   0.06  0.0   0.17  0.0   0.0   0.1   0.0   0.0   0.1   0.0   0.46  0.0   
19    Y     0.0   0.04  0.0   0.0   0.0   0.18  0.0   0.1   0.04  0.0   0.09  0.07  0.06  0.0   0.0   0.13  0.0   0.0   0.29  0.0   
20    A     0.11  0.16  0.0   0.3   0.0   0.05  0.26  0.0   0.0   0.0   0.11  0.0   0.0   0.0   0.0   0.0   0.0   0.0   0.0   0.02  
21    R     0.46  0.08  0.0   0.0   0.0   0.0   0.0   0.0   0.0   0.1   0.14  0.06  0.0   0.0   0.0   0.05  0.0   0.0   0.11  0.0   
22    W     0.92  0.0   0.0   0.0   0.0   0.0   0.0   0.0   0.0   0.0   0.0   0.0   0.0   0.0   0.0   0.0   0.0   0.08  0.0   0.0   
23    V     0.1   0.11  0.0   0.0   0.0   0.0   0.11  0.04  0.0   0.11  0.1   0.06  0.0   0.0   0.0   0.0   0.03  0.0   0.1   0.25  
24    R     0.08  0.29  0.0   0.14  0.0   0.09  0.28  0.05  0.0   0.0   0.0   0.0   0.0   0.0   0.0   0.06  0.0   0.0   0.0   0.0   
25    Y     0.0   0.0   0.0   0.0   0.0   0.0   0.0   0.0   0.0   0.0   0.57  0.0   0.05  0.0   0.0   0.0   0.0   0.0   0.08  0.3   
26    G     0.09  0.0   0.0   0.0   0.0   0.0   0.0   0.91  0.0   0.0   0.0   0.0   0.0   0.0   0.0   0.0   0.0   0.0   0.0   0.0   
27    E     0.14  0.15  0.18  0.0   0.0   0.07  0.18  0.0   0.05  0.0   0.0   0.15  0.0   0.0   0.0   0.0   0.02  0.0   0.0   0.06  
28    V     0.14  0.0   0.0   0.0   0.0   0.18  0.29  0.0   0.04  0.0   0.15  0.0   0.0   0.0   0.0   0.0   0.0   0.0   0.06  0.14  
29    L     0.0   0.0   0.0   0.0   0.06  0.0   0.0   0.0   0.0   0.24  0.59  0.0   0.06  0.05  0.0   0.0   0.0   0.0   0.0   0.0   
30    A     0.42  0.0   0.0   0.0   0.0   0.0   0.0   0.11  0.11  0.0   0.0   0.0   0.0   0.0   0.0   0.0   0.0   0.0   0.0   0.36  
31    E     0.13  0.08  0.0   0.0   0.0   0.0   0.46  0.04  0.0   0.0   0.11  0.08  0.02  0.0   0.0   0.06  0.03  0.0   0.0   0.0   
32    E     0.0   0.59  0.06  0.0   0.0   0.06  0.08  0.0   0.0   0.0   0.05  0.1   0.0   0.0   0.0   0.05  0.0   0.0   0.0   0.0   
33    G     0.0   0.04  0.08  0.0   0.0   0.0   0.13  0.54  0.0   0.0   0.0   0.13  0.0   0.0   0.0   0.08  0.0   0.0   0.0   0.0   
34    F     0.0   0.0   0.0   0.0   0.0   0.0   0.0   0.0   0.1   0.38  0.25  0.0   0.0   0.08  0.0   0.0   0.0   0.14  0.0   0.05  
35    G     0.0   0.05  0.13  0.31  0.0   0.0   0.02  0.14  0.0   0.0   0.0   0.11  0.0   0.0   0.0   0.0   0.13  0.0   0.0   0.1   
36    L     0.0   0.0   0.0   0.0   0.0   0.0   0.0   0.0   0.0   0.11  0.89  0.0   0.0   0.0   0.0   0.0   0.0   0.0   0.0   0.0   
37    A     0.08  0.0   0.0   0.0   0.11  0.0   0.0   0.0   0.0   0.1   0.0   0.0   0.0   0.0   0.0   0.0   0.0   0.0   0.0   0.71  
38    C     0.0   0.0   0.1   0.0   0.08  0.0   0.0   0.0   0.0   0.0   0.0   0.0   0.0   0.0   0.0   0.0   0.11  0.09  0.62  0.0   
39    G     0.0   0.0   0.0   0.0   0.0   0.0   0.0   1.0   0.0   0.0   0.0   0.0   0.0   0.0   0.0   0.0   0.0   0.0   0.0   0.0   
40    G     0.0   0.0   0.0   0.0   0.11  0.0   0.0   0.89  0.0   0.0   0.0   0.0   0.0   0.0   0.0   0.0   0.0   0.0   0.0   0.0   
41    Y     0.05  0.0   0.0   0.0   0.0   0.0   0.0   0.71  0.0   0.0   0.1   0.0   0.0   0.0   0.0   0.06  0.0   0.0   0.08  0.0   
42    Q     0.04  0.11  0.0   0.0   0.0   0.08  0.0   0.1   0.09  0.0   0.0   0.0   0.0   0.0   0.11  0.36  0.11  0.0   0.0   0.0   
43    G     0.0   0.0   0.0   0.0   0.0   0.0   0.0   0.32  0.0   0.17  0.02  0.0   0.0   0.0   0.0   0.0   0.11  0.0   0.0   0.38  
44    G     0.19  0.0   0.0   0.0   0.0   0.0   0.0   0.7   0.0   0.0   0.0   0.0   0.0   0.0   0.0   0.0   0.0   0.0   0.0   0.1   
45    M     0.0   0.0   0.0   0.0   0.0   0.0   0.0   0.0   0.0   0.0   0.41  0.0   0.59  0.0   0.0   0.0   0.0   0.0   0.0   0.0   
46    E     0.0   0.0   0.0   0.0   0.0   0.0   0.29  0.3   0.0   0.0   0.0   0.0   0.41  0.0   0.0   0.0   0.0   0.0   0.0   0.0   
47    A     0.44  0.0   0.0   0.0   0.0   0.0   0.0   0.41  0.0   0.0   0.0   0.0   0.0   0.0   0.0   0.0   0.15  0.0   0.0   0.0   
48    L     0.0   0.0   0.0   0.0   0.0   0.0   0.0   0.0   0.0   0.12  0.45  0.05  0.0   0.0   0.11  0.1   0.0   0.0   0.0   0.18  
49    A     0.51  0.0   0.0   0.0   0.0   0.0   0.0   0.0   0.0   0.08  0.0   0.0   0.11  0.0   0.0   0.31  0.0   0.0   0.0   0.0   
50    R     0.05  0.13  0.05  0.1   0.0   0.2   0.02  0.0   0.03  0.0   0.0   0.23  0.0   0.0   0.0   0.17  0.0   0.0   0.0   0.0   
51    G     0.5   0.08  0.0   0.0   0.0   0.0   0.0   0.29  0.0   0.0   0.0   0.0   0.0   0.0   0.0   0.0   0.13  0.0   0.0   0.0   
52    V     0.39  0.03  0.0   0.0   0.0   0.0   0.0   0.0   0.0   0.06  0.06  0.0   0.0   0.0   0.0   0.05  0.0   0.0   0.0   0.42  
53    K     0.0   0.22  0.0   0.0   0.0   0.0   0.0   0.0   0.2   0.0   0.14  0.18  0.06  0.03  0.0   0.0   0.05  0.0   0.03  0.09  
54    A     0.23  0.0   0.07  0.23  0.0   0.0   0.14  0.02  0.02  0.0   0.0   0.0   0.05  0.0   0.0   0.1   0.0   0.0   0.13  0.0   
55    K     0.06  0.0   0.06  0.0   0.04  0.0   0.03  0.36  0.04  0.0   0.06  0.29  0.0   0.0   0.0   0.05  0.0   0.0   0.0   0.0   
56    G     0.0   0.0   0.0   0.11  0.0   0.0   0.0   0.78  0.0   0.0   0.0   0.0   0.0   0.0   0.0   0.11  0.0   0.0   0.0   0.0   
57    G     0.0   0.24  0.0   0.0   0.02  0.0   0.0   0.63  0.0   0.0   0.0   0.0   0.0   0.0   0.0   0.11  0.0   0.0   0.0   0.0   
58    L     0.06  0.13  0.0   0.0   0.0   0.05  0.04  0.02  0.31  0.0   0.18  0.0   0.0   0.0   0.0   0.0   0.11  0.09  0.0   0.0   
59    V     0.06  0.0   0.0   0.0   0.0   0.0   0.0   0.0   0.0   0.0   0.0   0.0   0.0   0.11  0.0   0.0   0.09  0.0   0.0   0.75  
60    V     0.0   0.0   0.0   0.0   0.0   0.0   0.0   0.0   0.11  0.38  0.14  0.0   0.0   0.0   0.0   0.0   0.0   0.0   0.0   0.37  
61    G     0.1   0.0   0.0   0.0   0.0   0.0   0.0   0.9   0.0   0.0   0.0   0.0   0.0   0.0   0.0   0.0   0.0   0.0   0.0   0.0   
62    V     0.0   0.0   0.0   0.0   0.0   0.0   0.0   0.0   0.0   0.36  0.0   0.0   0.11  0.0   0.0   0.0   0.0   0.0   0.0   0.54  
63    T     0.0   0.0   0.0   0.0   0.0   0.0   0.0   0.0   0.0   0.63  0.1   0.0   0.06  0.0   0.0   0.0   0.19  0.0   0.0   0.02  
64    A     0.08  0.0   0.0   0.0   0.0   0.0   0.11  0.0   0.0   0.0   0.0   0.0   0.0   0.0   0.81  0.0   0.0   0.0   0.0   0.0   
65    P     0.0   0.15  0.08  0.0   0.0   0.04  0.11  0.0   0.0   0.0   0.0   0.33  0.0   0.0   0.19  0.08  0.02  0.0   0.0   0.0   
66    A     0.3   0.0   0.0   0.0   0.0   0.0   0.01  0.09  0.0   0.0   0.03  0.11  0.0   0.0   0.0   0.26  0.17  0.0   0.0   0.01  
67    F     0.01  0.01  0.0   0.01  0.0   0.0   0.01  0.01  0.0   0.11  0.55  0.01  0.09  0.14  0.01  0.01  0.01  0.0   0.0   0.03  
68    F     0.03  0.0   0.0   0.01  0.0   0.05  0.01  0.01  0.0   0.09  0.19  0.01  0.33  0.14  0.01  0.01  0.06  0.0   0.0   0.05  
69    P     0.17  0.0   0.0   0.03  0.0   0.0   0.05  0.03  0.07  0.01  0.03  0.06  0.0   0.0   0.3   0.11  0.04  0.0   0.0   0.09  
70    E     0.14  0.14  0.0   0.01  0.0   0.02  0.12  0.06  0.05  0.15  0.01  0.1   0.0   0.0   0.04  0.01  0.02  0.0   0.1   0.03  
71    R     0.0   0.17  0.0   0.0   0.0   0.0   0.68  0.0   0.0   0.0   0.0   0.1   0.0   0.0   0.05  0.0   0.0   0.0   0.0   0.0   
72    R     0.0   0.13  0.0   0.1   0.0   0.0   0.19  0.0   0.07  0.24  0.05  0.0   0.0   0.0   0.09  0.0   0.0   0.0   0.0   0.13  
73    G     0.06  0.0   0.0   0.0   0.0   0.0   0.01  0.13  0.0   0.11  0.19  0.01  0.0   0.0   0.0   0.18  0.23  0.0   0.0   0.06  
74    P     0.14  0.0   0.0   0.05  0.1   0.0   0.0   0.38  0.09  0.0   0.0   0.0   0.0   0.0   0.17  0.07  0.0   0.0   0.0   0.0   
75    N     0.02  0.06  0.27  0.08  0.0   0.05  0.36  0.07  0.05  0.0   0.0   0.04  0.0   0.0   0.0   0.0   0.0   0.0   0.0   0.0   
76    P     0.0   0.0   0.05  0.15  0.0   0.0   0.07  0.04  0.19  0.0   0.0   0.0   0.0   0.0   0.2   0.07  0.23  0.0   0.0   0.0   
77    F     0.06  0.0   0.0   0.08  0.0   0.0   0.0   0.05  0.0   0.04  0.23  0.05  0.0   0.18  0.0   0.0   0.07  0.0   0.02  0.22  
78    V     0.18  0.0   0.0   0.0   0.0   0.06  0.05  0.33  0.0   0.0   0.05  0.0   0.0   0.0   0.0   0.0   0.09  0.0   0.0   0.24  
79    D     0.0   0.04  0.09  0.39  0.0   0.0   0.36  0.07  0.0   0.0   0.0   0.0   0.0   0.0   0.0   0.0   0.05  0.0   0.0   0.0   
80    L     0.03  0.0   0.0   0.0   0.0   0.0   0.29  0.0   0.0   0.1   0.18  0.0   0.0   0.0   0.0   0.06  0.0   0.0   0.0   0.35  
81    E     0.01  0.3   0.05  0.01  0.0   0.01  0.14  0.01  0.0   0.01  0.23  0.13  0.0   0.0   0.01  0.01  0.01  0.0   0.0   0.08  
82    L     0.01  0.08  0.01  0.01  0.0   0.01  0.01  0.01  0.06  0.37  0.1   0.06  0.0   0.01  0.01  0.01  0.07  0.0   0.01  0.15  
83    P     0.29  0.01  0.0   0.01  0.0   0.0   0.1   0.01  0.0   0.16  0.01  0.01  0.0   0.0   0.12  0.01  0.03  0.0   0.0   0.22  
84    A     0.08  0.0   0.0   0.0   0.0   0.0   0.0   0.0   0.0   0.0   0.0   0.0   0.09  0.0   0.0   0.0   0.18  0.0   0.0   0.65  
85    A     0.22  0.03  0.05  0.18  0.0   0.02  0.04  0.04  0.05  0.0   0.0   0.06  0.0   0.0   0.14  0.17  0.0   0.0   0.0   0.0   
86    T     0.0   0.0   0.0   0.54  0.0   0.0   0.0   0.12  0.0   0.0   0.0   0.0   0.1   0.0   0.0   0.04  0.19  0.0   0.0   0.0   
87    L     0.0   0.0   0.0   0.0   0.0   0.0   0.0   0.1   0.0   0.09  0.08  0.0   0.73  0.0   0.0   0.0   0.0   0.0   0.0   0.0   
88    P     0.0   0.0   0.0   0.0   0.0   0.0   0.09  0.0   0.74  0.0   0.0   0.0   0.0   0.0   0.08  0.0   0.0   0.08  0.0   0.0   
89    Q     0.14  0.0   0.0   0.0   0.0   0.29  0.37  0.0   0.0   0.0   0.0   0.09  0.0   0.0   0.0   0.0   0.1   0.0   0.0   0.0   
90    R     0.0   1.0   0.0   0.0   0.0   0.0   0.0   0.0   0.0   0.0   0.0   0.0   0.0   0.0   0.0   0.0   0.0   0.0   0.0   0.0   
91    I     0.0   0.0   0.1   0.0   0.0   0.0   0.0   0.0   0.0   0.08  0.09  0.73  0.0   0.0   0.0   0.0   0.0   0.0   0.0   0.0   
92    G     0.51  0.1   0.0   0.0   0.0   0.08  0.09  0.08  0.0   0.0   0.0   0.0   0.0   0.0   0.0   0.03  0.0   0.0   0.0   0.1   
93    R     0.11  0.13  0.0   0.0   0.0   0.0   0.29  0.0   0.0   0.14  0.11  0.05  0.05  0.0   0.0   0.0   0.07  0.0   0.0   0.06  
94    L     0.0   0.0   0.0   0.0   0.0   0.0   0.0   0.0   0.0   0.1   0.08  0.0   0.73  0.09  0.0   0.0   0.0   0.0   0.0   0.0   
95    L     0.52  0.0   0.0   0.0   0.0   0.0   0.08  0.02  0.0   0.06  0.08  0.0   0.0   0.0   0.0   0.05  0.0   0.0   0.0   0.19  
96    D     0.0   0.32  0.05  0.17  0.0   0.15  0.15  0.0   0.1   0.0   0.0   0.08  0.0   0.0   0.0   0.0   0.0   0.0   0.0   0.0   
97    L     0.0   0.13  0.0   0.0   0.0   0.11  0.16  0.0   0.1   0.09  0.28  0.0   0.0   0.03  0.0   0.1   0.0   0.0   0.0   0.0   
98    G     0.41  0.0   0.0   0.0   0.0   0.0   0.0   0.19  0.0   0.0   0.0   0.0   0.0   0.0   0.0   0.4   0.0   0.0   0.0   0.0   
99    A     0.08  0.0   0.04  0.62  0.0   0.0   0.02  0.07  0.09  0.0   0.0   0.02  0.0   0.0   0.0   0.06  0.0   0.0   0.0   0.0   
100   G     0.7   0.0   0.0   0.0   0.02  0.0   0.0   0.28  0.0   0.0   0.0   0.0   0.0   0.0   0.0   0.0   0.0   0.0   0.0   0.0   
101   Y     0.0   0.0   0.0   0.0   0.0   0.0   0.0   0.0   0.0   0.09  0.1   0.0   0.0   0.73  0.0   0.0   0.0   0.0   0.08  0.0   
102   L     0.0   0.0   0.0   0.0   0.0   0.0   0.0   0.0   0.0   0.79  0.08  0.0   0.0   0.0   0.0   0.0   0.0   0.0   0.0   0.13  
103   A     0.6   0.0   0.0   0.0   0.0   0.0   0.0   0.06  0.0   0.09  0.0   0.0   0.0   0.0   0.0   0.15  0.06  0.0   0.0   0.04  
104   L     0.0   0.0   0.0   0.0   0.0   0.0   0.0   0.0   0.0   0.0   0.72  0.0   0.1   0.09  0.0   0.0   0.0   0.0   0.0   0.1   
105   P     0.0   0.0   0.0   0.0   0.0   0.0   0.0   0.1   0.0   0.0   0.07  0.0   0.0   0.0   0.78  0.06  0.0   0.0   0.0   0.0   
106   G     0.0   0.0   0.0   0.0   0.0   0.0   0.0   1.0   0.0   0.0   0.0   0.0   0.0   0.0   0.0   0.0   0.0   0.0   0.0   0.0   
107   G     0.0   0.0   0.0   0.0   0.0   0.0   0.07  0.93  0.0   0.0   0.0   0.0   0.0   0.0   0.0   0.0   0.0   0.0   0.0   0.0   
108   V     0.0   0.0   0.0   0.0   0.0   0.0   0.0   0.0   0.0   0.0   0.04  0.0   0.0   0.05  0.0   0.0   0.0   0.0   0.6   0.31  
109   G     0.0   0.0   0.0   0.0   0.0   0.0   0.07  0.93  0.0   0.0   0.0   0.0   0.0   0.0   0.0   0.0   0.0   0.0   0.0   0.0   
110   T     0.0   0.0   0.0   0.0   0.0   0.0   0.0   0.0   0.0   0.0   0.0   0.0   0.0   0.0   0.0   0.0   1.0   0.0   0.0   0.0   
111   L     0.14  0.0   0.0   0.0   0.0   0.0   0.0   0.0   0.0   0.13  0.48  0.0   0.13  0.07  0.0   0.0   0.0   0.0   0.05  0.0   
112   A     0.08  0.0   0.0   0.08  0.0   0.0   0.73  0.0   0.0   0.0   0.0   0.0   0.0   0.0   0.0   0.1   0.0   0.0   0.0   0.0   
113   E     0.0   0.0   0.0   0.0   0.0   0.0   1.0   0.0   0.0   0.0   0.0   0.0   0.0   0.0   0.0   0.0   0.0   0.0   0.0   0.0   
114   L     0.0   0.0   0.0   0.0   0.0   0.0   0.0   0.0   0.0   0.15  0.78  0.0   0.0   0.05  0.0   0.0   0.0   0.0   0.0   0.03  
115   V     0.1   0.0   0.0   0.0   0.0   0.0   0.0   0.0   0.0   0.03  0.13  0.0   0.18  0.08  0.0   0.0   0.0   0.0   0.0   0.48  
116   L     0.0   0.0   0.0   0.12  0.0   0.0   0.05  0.0   0.0   0.6   0.22  0.0   0.0   0.0   0.0   0.0   0.0   0.0   0.0   0.0   
117   A     0.37  0.0   0.0   0.0   0.06  0.0   0.0   0.0   0.0   0.0   0.0   0.0   0.0   0.0   0.0   0.0   0.45  0.0   0.0   0.12  
118   W     0.0   0.0   0.0   0.0   0.0   0.0   0.0   0.0   0.0   0.0   0.12  0.0   0.0   0.0   0.0   0.0   0.0   0.88  0.0   0.0   
119   N     0.35  0.0   0.1   0.0   0.02  0.0   0.0   0.0   0.06  0.0   0.0   0.12  0.0   0.0   0.0   0.17  0.17  0.0   0.0   0.0   
120   L     0.0   0.0   0.0   0.06  0.0   0.6   0.18  0.0   0.06  0.0   0.1   0.0   0.0   0.0   0.0   0.0   0.0   0.0   0.0   0.0   
121   L     0.0   0.0   0.0   0.0   0.0   0.0   0.0   0.24  0.0   0.06  0.7   0.0   0.0   0.0   0.0   0.0   0.0   0.0   0.0   0.0   
122   Y     0.0   0.02  0.0   0.0   0.0   0.0   0.0   0.64  0.0   0.0   0.0   0.12  0.0   0.0   0.0   0.0   0.0   0.0   0.22  0.0   
123   L     0.0   0.12  0.0   0.0   0.0   0.0   0.0   0.0   0.0   0.54  0.28  0.0   0.0   0.0   0.0   0.0   0.0   0.0   0.05  0.0   
124   R     0.0   0.1   0.0   0.0   0.0   0.0   0.0   0.12  0.66  0.0   0.0   0.0   0.0   0.0   0.0   0.0   0.0   0.0   0.0   0.12  
125   R     0.19  0.12  0.14  0.19  0.0   0.06  0.0   0.0   0.05  0.0   0.0   0.11  0.06  0.0   0.0   0.0   0.08  0.0   0.0   0.0   
126   G     0.0   0.06  0.0   0.0   0.0   0.0   0.0   0.1   0.12  0.0   0.0   0.6   0.0   0.0   0.0   0.12  0.0   0.0   0.0   0.0   
127   V     0.0   0.0   0.0   0.12  0.0   0.0   0.0   0.06  0.0   0.0   0.12  0.0   0.0   0.0   0.52  0.0   0.08  0.0   0.0   0.1   
128   G     0.0   0.0   0.0   0.0   0.06  0.0   0.0   0.1   0.0   0.11  0.05  0.24  0.0   0.0   0.0   0.0   0.0   0.0   0.0   0.44  
129   R     0.0   0.1   0.0   0.0   0.06  0.0   0.0   0.49  0.0   0.05  0.0   0.0   0.0   0.0   0.18  0.06  0.0   0.0   0.0   0.06  
130   P     0.0   0.0   0.0   0.0   0.0   0.0   0.0   0.0   0.0   0.12  0.66  0.0   0.0   0.0   0.22  0.0   0.0   0.0   0.0   0.0   
131   L     0.0   0.0   0.0   0.0   0.0   0.0   0.0   0.0   0.0   0.0   0.65  0.0   0.0   0.05  0.0   0.0   0.0   0.0   0.06  0.24  
132   A     0.1   0.0   0.6   0.0   0.0   0.0   0.05  0.0   0.0   0.0   0.0   0.0   0.06  0.0   0.0   0.0   0.0   0.0   0.0   0.18  
133   V     0.0   0.0   0.0   0.06  0.0   0.0   0.0   0.0   0.0   0.17  0.06  0.0   0.06  0.0   0.0   0.0   0.0   0.0   0.0   0.65  
134   D     0.0   0.0   0.17  0.69  0.0   0.0   0.14  0.0   0.0   0.0   0.0   0.0   0.0   0.0   0.0   0.0   0.0   0.0   0.0   0.0   
135   P     0.0   0.0   0.0   0.0   0.0   0.0   0.06  0.72  0.0   0.0   0.0   0.0   0.0   0.0   0.22  0.0   0.0   0.0   0.0   0.0   
136   Y     0.0   0.0   0.0   0.0   0.0   0.0   0.0   0.0   0.0   0.0   0.0   0.0   0.0   0.25  0.0   0.0   0.0   0.14  0.61  0.0   
137   W     0.0   0.0   0.0   0.0   0.0   0.0   0.0   0.0   0.0   0.0   0.0   0.0   0.0   0.08  0.0   0.0   0.0   0.33  0.6   0.0   
138   L     0.0   0.06  0.26  0.27  0.0   0.0   0.08  0.0   0.0   0.0   0.33  0.0   0.0   0.0   0.0   0.0   0.0   0.0   0.0   0.0   
139   G     0.02  0.0   0.17  0.0   0.0   0.0   0.0   0.18  0.0   0.0   0.0   0.06  0.0   0.03  0.29  0.22  0.0   0.0   0.02  0.0   
140   L     0.0   0.0   0.07  0.0   0.0   0.0   0.07  0.07  0.0   0.0   0.69  0.0   0.08  0.02  0.0   0.0   0.0   0.0   0.0   0.0   
141   L     0.0   0.0   0.0   0.0   0.0   0.0   0.0   0.0   0.0   0.0   0.86  0.0   0.08  0.0   0.0   0.0   0.0   0.0   0.0   0.07  
142   K     0.24  0.0   0.0   0.0   0.0   0.0   0.06  0.0   0.0   0.0   0.09  0.19  0.0   0.0   0.0   0.19  0.15  0.0   0.0   0.07  
143   A     0.19  0.0   0.02  0.27  0.0   0.0   0.23  0.0   0.02  0.0   0.01  0.07  0.08  0.0   0.0   0.02  0.0   0.0   0.0   0.07  
144   H     0.0   0.0   0.0   0.05  0.0   0.0   0.49  0.0   0.12  0.0   0.01  0.07  0.0   0.0   0.0   0.0   0.15  0.0   0.0   0.08  
145   G     0.0   0.06  0.0   0.0   0.0   0.0   0.02  0.8   0.0   0.0   0.01  0.08  0.0   0.0   0.0   0.0   0.0   0.0   0.0   0.0   
146   E     0.0   0.0   0.0   0.0   0.0   0.0   0.12  0.0   0.0   0.0   0.0   0.0   0.0   0.66  0.0   0.0   0.0   0.0   0.22  0.0   
147   I     0.0   0.0   0.0   0.0   0.0   0.0   0.0   0.0   0.0   0.66  0.07  0.0   0.0   0.0   0.0   0.0   0.0   0.0   0.0   0.26  
148   A     0.14  0.08  0.04  0.03  0.0   0.0   0.0   0.08  0.0   0.0   0.02  0.2   0.0   0.0   0.03  0.29  0.09  0.0   0.0   0.0   
149   P     0.12  0.08  0.0   0.0   0.0   0.06  0.04  0.0   0.07  0.0   0.08  0.0   0.0   0.0   0.49  0.05  0.02  0.0   0.0   0.0   
150   E     0.1   0.0   0.0   0.07  0.0   0.08  0.2   0.08  0.0   0.0   0.0   0.0   0.02  0.0   0.03  0.2   0.23  0.0   0.0   0.0   
151   D     0.5   0.0   0.0   0.2   0.05  0.03  0.0   0.0   0.1   0.07  0.0   0.0   0.0   0.0   0.0   0.0   0.07  0.0   0.0   0.0   
152   V     0.08  0.53  0.0   0.0   0.06  0.07  0.0   0.0   0.0   0.0   0.0   0.0   0.15  0.0   0.0   0.0   0.0   0.0   0.0   0.12  
153   G     0.08  0.15  0.11  0.0   0.0   0.05  0.24  0.18  0.13  0.0   0.0   0.0   0.0   0.0   0.0   0.07  0.0   0.0   0.0   0.0   
154   L     0.0   0.28  0.0   0.0   0.0   0.0   0.0   0.0   0.0   0.5   0.15  0.0   0.07  0.0   0.0   0.0   0.0   0.0   0.0   0.0   
155   L     0.0   0.0   0.0   0.0   0.0   0.0   0.0   0.0   0.0   0.26  0.41  0.0   0.0   0.18  0.0   0.0   0.0   0.0   0.0   0.15  
156   R     0.0   0.12  0.0   0.0   0.0   0.07  0.0   0.0   0.0   0.26  0.0   0.0   0.0   0.0   0.0   0.08  0.0   0.0   0.0   0.48  
157   V     0.04  0.06  0.0   0.0   0.0   0.0   0.0   0.0   0.0   0.08  0.08  0.0   0.03  0.0   0.0   0.35  0.0   0.0   0.0   0.35  
158   V     0.51  0.0   0.0   0.0   0.08  0.0   0.0   0.06  0.0   0.0   0.0   0.0   0.0   0.0   0.0   0.0   0.0   0.0   0.0   0.35  
159   A     0.19  0.0   0.0   0.19  0.0   0.0   0.0   0.0   0.0   0.0   0.0   0.15  0.0   0.0   0.38  0.08  0.0   0.0   0.0   0.0   
160   D     0.0   0.0   0.35  0.24  0.0   0.0   0.0   0.0   0.0   0.0   0.0   0.0   0.0   0.0   0.0   0.09  0.32  0.0   0.0   0.0   
161   E     0.46  0.0   0.0   0.0   0.0   0.0   0.13  0.08  0.0   0.08  0.08  0.0   0.0   0.0   0.11  0.0   0.0   0.0   0.0   0.07  
162   E     0.0   0.0   0.0   0.08  0.0   0.0   0.45  0.04  0.03  0.0   0.0   0.29  0.0   0.0   0.07  0.04  0.0   0.0   0.0   0.0   
163   D     0.07  0.0   0.0   0.33  0.0   0.04  0.34  0.18  0.0   0.0   0.0   0.0   0.0   0.0   0.0   0.04  0.0   0.0   0.0   0.0   
164   L     0.24  0.0   0.0   0.0   0.0   0.0   0.0   0.0   0.0   0.0   0.66  0.0   0.0   0.0   0.0   0.0   0.0   0.0   0.0   0.1   
165   R     0.0   0.13  0.0   0.0   0.0   0.0   0.0   0.0   0.0   0.11  0.4   0.0   0.07  0.0   0.0   0.0   0.0   0.0   0.0   0.28  
166   R     0.09  0.31  0.0   0.08  0.0   0.18  0.07  0.0   0.05  0.0   0.0   0.18  0.0   0.0   0.0   0.0   0.05  0.0   0.0   0.0   
167   F     0.35  0.0   0.0   0.0   0.11  0.04  0.0   0.0   0.0   0.0   0.05  0.3   0.0   0.14  0.0   0.0   0.0   0.0   0.0   0.0   
168   L     0.0   0.0   0.0   0.0   0.0   0.0   0.0   0.0   0.0   0.12  0.88  0.0   0.0   0.0   0.0   0.0   0.0   0.0   0.0   0.0   
169   R     0.0   0.58  0.0   0.0   0.0   0.0   0.42  0.0   0.0   0.0   0.0   0.0   0.0   0.0   0.0   0.0   0.0   0.0   0.0   0.0   
170   S     0.42  0.0   0.0   0.0   0.0   0.0   0.0   0.0   0.0   0.0   0.0   0.0   0.0   0.0   0.0   0.58  0.0   0.0   0.0   0.0   
171   L     0.0   0.0   0.0   0.0   0.0   0.0   0.0   0.0   0.0   0.0   0.0   0.0   0.0   0.0   0.0   0.0   0.0   0.0   0.0   0.0   
