             A     R     N     D     C     Q     E     G     H     I     L     K     M     F     P     S     T     W     Y     V
1     A     0.78  0.0   0.0   0.0   0.0   0.0   0.0   0.0   0.0   0.0   0.0   0.0   0.0   0.0   0.0   0.22  0.0   0.0   0.0   0.0   
2     L     0.03  0.07  0.0   0.0   0.0   0.0   0.0   0.0   0.0   0.08  0.36  0.2   0.1   0.03  0.0   0.03  0.04  0.0   0.0   0.06  
3     T     0.04  0.16  0.03  0.0   0.0   0.03  0.04  0.0   0.02  0.0   0.02  0.05  0.0   0.0   0.02  0.26  0.32  0.0   0.0   0.02  
4     L     0.1   0.0   0.0   0.03  0.02  0.0   0.01  0.01  0.0   0.17  0.23  0.01  0.05  0.01  0.0   0.03  0.06  0.0   0.01  0.24  
5     A     0.14  0.12  0.01  0.0   0.0   0.07  0.06  0.0   0.01  0.0   0.0   0.41  0.0   0.0   0.02  0.13  0.04  0.0   0.0   0.0   
6     E     0.08  0.09  0.1   0.17  0.0   0.02  0.15  0.0   0.0   0.0   0.1   0.13  0.0   0.01  0.04  0.03  0.07  0.0   0.0   0.01  
7     R     0.02  0.26  0.02  0.04  0.0   0.04  0.21  0.0   0.01  0.04  0.06  0.06  0.03  0.01  0.01  0.14  0.04  0.01  0.0   0.0   
8     Q     0.02  0.48  0.04  0.01  0.0   0.05  0.03  0.05  0.01  0.02  0.07  0.09  0.02  0.03  0.0   0.03  0.02  0.0   0.0   0.04  
9     R     0.04  0.11  0.0   0.01  0.0   0.04  0.02  0.01  0.01  0.02  0.22  0.07  0.01  0.17  0.0   0.06  0.08  0.0   0.04  0.11  
10    L     0.01  0.05  0.02  0.0   0.0   0.0   0.02  0.01  0.0   0.16  0.38  0.01  0.0   0.0   0.01  0.28  0.03  0.0   0.01  0.01  
11    I     0.09  0.04  0.01  0.0   0.02  0.01  0.02  0.0   0.0   0.1   0.09  0.02  0.02  0.22  0.02  0.03  0.1   0.0   0.13  0.08  
12    V     0.29  0.02  0.0   0.0   0.0   0.0   0.0   0.15  0.0   0.02  0.43  0.0   0.01  0.01  0.0   0.03  0.0   0.0   0.01  0.03  
13    E     0.03  0.01  0.04  0.15  0.0   0.03  0.11  0.0   0.02  0.01  0.48  0.01  0.01  0.01  0.0   0.04  0.05  0.0   0.0   0.01  
14    G     0.02  0.03  0.03  0.09  0.0   0.02  0.09  0.51  0.0   0.01  0.01  0.06  0.0   0.0   0.0   0.1   0.03  0.0   0.0   0.0   
15    L     0.0   0.0   0.0   0.0   0.01  0.0   0.01  0.0   0.0   0.78  0.06  0.0   0.02  0.01  0.0   0.0   0.01  0.0   0.0   0.11  
16    P     0.03  0.34  0.01  0.02  0.0   0.01  0.08  0.0   0.01  0.0   0.01  0.08  0.0   0.01  0.35  0.03  0.01  0.0   0.01  0.0   
17    H     0.0   0.09  0.04  0.02  0.0   0.02  0.05  0.38  0.26  0.0   0.01  0.01  0.01  0.05  0.0   0.01  0.0   0.0   0.04  0.0   
18    V     0.01  0.0   0.0   0.0   0.0   0.01  0.0   0.0   0.0   0.31  0.14  0.01  0.0   0.01  0.0   0.01  0.01  0.0   0.0   0.49  
19    S     0.01  0.0   0.02  0.01  0.0   0.02  0.0   0.84  0.0   0.0   0.0   0.0   0.0   0.0   0.06  0.03  0.01  0.0   0.0   0.0   
20    A     0.07  0.03  0.01  0.01  0.0   0.05  0.36  0.01  0.01  0.01  0.02  0.08  0.01  0.01  0.18  0.06  0.01  0.0   0.01  0.02  
21    T     0.15  0.04  0.03  0.0   0.0   0.03  0.02  0.04  0.02  0.02  0.01  0.23  0.0   0.01  0.02  0.08  0.13  0.0   0.01  0.16  
22    L     0.14  0.22  0.07  0.01  0.0   0.0   0.0   0.01  0.01  0.04  0.04  0.05  0.01  0.0   0.0   0.02  0.31  0.0   0.01  0.06  
23    A     0.56  0.13  0.01  0.0   0.01  0.02  0.01  0.01  0.0   0.04  0.02  0.07  0.01  0.0   0.0   0.08  0.01  0.0   0.0   0.03  
24    R     0.05  0.21  0.02  0.02  0.0   0.13  0.1   0.01  0.01  0.01  0.03  0.33  0.01  0.01  0.01  0.01  0.03  0.0   0.01  0.01  
25    R     0.18  0.09  0.09  0.05  0.0   0.02  0.04  0.01  0.01  0.06  0.16  0.13  0.01  0.0   0.0   0.04  0.07  0.0   0.01  0.04  
26    L     0.01  0.0   0.0   0.0   0.0   0.0   0.0   0.0   0.0   0.08  0.84  0.0   0.02  0.02  0.0   0.0   0.0   0.0   0.0   0.03  
27    L     0.46  0.02  0.0   0.0   0.02  0.0   0.01  0.01  0.0   0.03  0.27  0.01  0.02  0.01  0.0   0.03  0.03  0.01  0.02  0.07  
28    K     0.09  0.18  0.08  0.06  0.0   0.09  0.14  0.03  0.03  0.01  0.02  0.14  0.02  0.01  0.0   0.06  0.04  0.0   0.01  0.01  
29    H     0.16  0.07  0.04  0.01  0.0   0.03  0.05  0.02  0.32  0.01  0.0   0.07  0.01  0.01  0.0   0.05  0.04  0.01  0.1   0.01  
30    F     0.01  0.0   0.0   0.0   0.01  0.0   0.0   0.02  0.0   0.03  0.04  0.0   0.02  0.65  0.0   0.01  0.01  0.0   0.18  0.02  
31    G     0.02  0.05  0.03  0.02  0.01  0.04  0.05  0.49  0.02  0.01  0.02  0.1   0.0   0.01  0.05  0.04  0.02  0.01  0.01  0.01  
32    S     0.03  0.01  0.07  0.08  0.02  0.02  0.02  0.11  0.01  0.0   0.03  0.02  0.0   0.0   0.0   0.38  0.16  0.0   0.02  0.01  
33    V     0.03  0.0   0.0   0.0   0.0   0.0   0.01  0.0   0.0   0.19  0.42  0.01  0.06  0.04  0.01  0.02  0.01  0.03  0.05  0.1   
34    E     0.07  0.06  0.03  0.25  0.0   0.08  0.25  0.01  0.01  0.01  0.01  0.11  0.01  0.0   0.02  0.03  0.03  0.01  0.01  0.01  
35    R     0.23  0.09  0.1   0.07  0.01  0.03  0.07  0.06  0.01  0.01  0.04  0.13  0.01  0.02  0.02  0.05  0.03  0.01  0.02  0.01  
36    V     0.02  0.0   0.0   0.0   0.0   0.0   0.0   0.0   0.0   0.23  0.43  0.01  0.04  0.08  0.0   0.0   0.0   0.04  0.0   0.15  
37    F     0.12  0.13  0.01  0.01  0.01  0.04  0.05  0.01  0.02  0.06  0.09  0.13  0.14  0.04  0.0   0.05  0.03  0.02  0.02  0.02  
38    T     0.14  0.05  0.1   0.11  0.01  0.08  0.14  0.02  0.02  0.01  0.02  0.09  0.01  0.01  0.01  0.09  0.06  0.0   0.0   0.03  
39    A     0.75  0.0   0.01  0.0   0.01  0.01  0.01  0.01  0.01  0.01  0.04  0.02  0.02  0.02  0.0   0.03  0.01  0.01  0.0   0.02  
40    S     0.05  0.02  0.06  0.1   0.0   0.02  0.02  0.06  0.0   0.01  0.01  0.03  0.03  0.01  0.05  0.33  0.2   0.0   0.0   0.01  
41    V     0.06  0.03  0.01  0.02  0.0   0.04  0.11  0.01  0.0   0.11  0.14  0.05  0.02  0.07  0.07  0.01  0.01  0.02  0.04  0.17  
42    A     0.07  0.01  0.02  0.14  0.0   0.06  0.53  0.02  0.01  0.01  0.02  0.03  0.0   0.0   0.02  0.03  0.02  0.0   0.0   0.01  
43    E     0.07  0.02  0.01  0.22  0.0   0.09  0.43  0.01  0.01  0.0   0.03  0.04  0.0   0.01  0.0   0.02  0.04  0.0   0.0   0.01  
44    L     0.01  0.0   0.0   0.0   0.0   0.0   0.0   0.0   0.0   0.18  0.69  0.01  0.02  0.04  0.01  0.0   0.01  0.0   0.02  0.01  
45    M     0.2   0.03  0.04  0.05  0.01  0.07  0.06  0.02  0.0   0.06  0.1   0.06  0.05  0.0   0.0   0.08  0.11  0.0   0.01  0.06  
46    K     0.2   0.04  0.1   0.03  0.01  0.1   0.14  0.04  0.01  0.01  0.01  0.13  0.01  0.0   0.0   0.1   0.04  0.0   0.01  0.01  
47    V     0.05  0.0   0.01  0.0   0.01  0.01  0.01  0.0   0.0   0.31  0.17  0.01  0.0   0.01  0.0   0.01  0.03  0.0   0.0   0.38  
48    E     0.05  0.03  0.05  0.16  0.0   0.03  0.19  0.01  0.03  0.01  0.01  0.06  0.01  0.01  0.25  0.03  0.03  0.0   0.02  0.01  
49    G     0.01  0.01  0.01  0.21  0.0   0.02  0.05  0.6   0.01  0.0   0.01  0.01  0.0   0.01  0.01  0.02  0.01  0.0   0.01  0.0   
50    I     0.01  0.0   0.0   0.0   0.01  0.0   0.0   0.0   0.0   0.56  0.07  0.0   0.03  0.07  0.0   0.0   0.01  0.01  0.0   0.23  
51    G     0.01  0.01  0.04  0.01  0.0   0.0   0.01  0.74  0.0   0.0   0.0   0.01  0.0   0.0   0.04  0.11  0.02  0.0   0.0   0.0   
52    E     0.05  0.04  0.02  0.07  0.0   0.03  0.25  0.03  0.02  0.02  0.05  0.07  0.02  0.0   0.23  0.03  0.03  0.0   0.02  0.03  
53    K     0.13  0.04  0.02  0.01  0.0   0.03  0.12  0.02  0.0   0.09  0.01  0.23  0.0   0.0   0.02  0.04  0.09  0.0   0.0   0.14  
54    I     0.06  0.03  0.0   0.01  0.0   0.01  0.0   0.01  0.0   0.19  0.14  0.06  0.1   0.0   0.0   0.04  0.07  0.01  0.0   0.28  
55    A     0.82  0.01  0.0   0.0   0.01  0.0   0.0   0.02  0.0   0.05  0.02  0.01  0.0   0.0   0.0   0.02  0.01  0.0   0.01  0.03  
56    K     0.07  0.11  0.05  0.06  0.0   0.15  0.26  0.01  0.03  0.01  0.04  0.11  0.0   0.0   0.0   0.03  0.02  0.0   0.01  0.03  
57    E     0.16  0.06  0.04  0.04  0.01  0.03  0.07  0.0   0.04  0.01  0.02  0.11  0.01  0.0   0.0   0.34  0.05  0.0   0.01  0.01  
58    I     0.01  0.0   0.0   0.0   0.0   0.0   0.0   0.0   0.0   0.51  0.25  0.0   0.01  0.02  0.0   0.0   0.01  0.0   0.0   0.19  
59    R     0.07  0.08  0.0   0.0   0.01  0.04  0.02  0.01  0.07  0.08  0.08  0.15  0.01  0.05  0.0   0.01  0.03  0.01  0.13  0.14  
60    R     0.11  0.04  0.12  0.19  0.0   0.08  0.2   0.01  0.03  0.0   0.01  0.06  0.01  0.0   0.0   0.05  0.07  0.0   0.0   0.01  
61    V     0.09  0.01  0.0   0.0   0.0   0.01  0.01  0.03  0.04  0.01  0.01  0.01  0.0   0.45  0.0   0.02  0.03  0.09  0.16  0.02  
62    I     0.01  0.0   0.0   0.0   0.0   0.0   0.01  0.0   0.0   0.04  0.26  0.0   0.01  0.59  0.0   0.0   0.01  0.01  0.03  0.02  
63    T     0.18  0.11  0.08  0.06  0.0   0.09  0.08  0.04  0.07  0.0   0.01  0.08  0.0   0.0   0.0   0.15  0.05  0.0   0.0   0.0   
64    A     0.05  0.01  0.05  0.12  0.0   0.14  0.27  0.01  0.0   0.02  0.01  0.1   0.0   0.0   0.01  0.07  0.03  0.0   0.0   0.1   
65    P     0.07  0.0   0.02  0.15  0.0   0.03  0.15  0.0   0.03  0.0   0.0   0.01  0.0   0.0   0.49  0.03  0.01  0.0   0.0   0.0   
66    Y     0.01  0.01  0.01  0.01  0.0   0.1   0.04  0.0   0.57  0.0   0.01  0.03  0.0   0.03  0.0   0.01  0.03  0.11  0.04  0.0   
67    I     0.04  0.02  0.07  0.0   0.0   0.0   0.0   0.0   0.0   0.16  0.08  0.03  0.06  0.0   0.0   0.02  0.02  0.0   0.0   0.5   
68    E     0.0   0.0   0.0   0.03  0.0   0.25  0.5   0.0   0.0   0.0   0.0   0.22  0.0   0.0   0.0   0.0   0.0   0.0   0.0   0.0   
