             A     R     N     D     C     Q     E     G     H     I     L     K     M     F     P     S     T     W     Y     V
1     Q     0.0   0.0   0.05  0.0   0.0   0.3   0.15  0.0   0.39  0.0   0.0   0.1   0.0   0.0   0.0   0.0   0.0   0.0   0.0   0.0   
2     S     0.04  0.0   0.0   0.0   0.0   0.0   0.03  0.03  0.0   0.0   0.0   0.04  0.0   0.0   0.18  0.56  0.12  0.0   0.0   0.0   
3     F     0.03  0.0   0.0   0.0   0.0   0.0   0.0   0.0   0.03  0.03  0.52  0.0   0.0   0.38  0.0   0.0   0.0   0.0   0.0   0.0   
4     G     0.03  0.0   0.0   0.0   0.0   0.0   0.0   0.86  0.0   0.0   0.08  0.0   0.0   0.0   0.03  0.0   0.0   0.0   0.0   0.0   
5     R     0.09  0.4   0.03  0.0   0.0   0.07  0.0   0.0   0.06  0.0   0.0   0.21  0.01  0.05  0.0   0.0   0.02  0.0   0.07  0.0   
6     V     0.36  0.0   0.0   0.01  0.0   0.0   0.02  0.0   0.0   0.07  0.07  0.0   0.03  0.03  0.03  0.01  0.0   0.0   0.05  0.31  
7     L     0.0   0.07  0.0   0.0   0.0   0.0   0.0   0.0   0.0   0.12  0.66  0.01  0.0   0.03  0.02  0.0   0.0   0.0   0.0   0.09  
8     T     0.3   0.02  0.0   0.02  0.01  0.01  0.0   0.23  0.0   0.05  0.0   0.0   0.05  0.0   0.0   0.12  0.16  0.0   0.0   0.04  
9     I     0.0   0.0   0.0   0.0   0.0   0.34  0.0   0.0   0.01  0.16  0.17  0.0   0.01  0.02  0.0   0.01  0.01  0.0   0.0   0.27  
10    V     0.01  0.0   0.0   0.0   0.02  0.0   0.0   0.0   0.01  0.23  0.31  0.0   0.01  0.11  0.0   0.0   0.0   0.0   0.07  0.23  
11    H     0.12  0.05  0.07  0.06  0.0   0.08  0.06  0.04  0.28  0.0   0.01  0.11  0.0   0.01  0.05  0.02  0.0   0.0   0.0   0.0   
12    S     0.03  0.02  0.15  0.07  0.0   0.08  0.11  0.26  0.0   0.0   0.0   0.17  0.0   0.0   0.08  0.02  0.0   0.0   0.0   0.0   
13    D     0.04  0.1   0.05  0.03  0.05  0.13  0.02  0.02  0.0   0.08  0.0   0.06  0.0   0.03  0.0   0.05  0.24  0.0   0.03  0.06  
14    C     0.06  0.0   0.0   0.0   0.03  0.0   0.0   0.0   0.01  0.0   0.0   0.0   0.01  0.1   0.0   0.0   0.0   0.0   0.77  0.02  
15    A     0.17  0.0   0.0   0.0   0.0   0.0   0.0   0.04  0.0   0.4   0.23  0.0   0.0   0.0   0.0   0.0   0.0   0.1   0.0   0.05  
16    L     0.01  0.0   0.0   0.0   0.0   0.0   0.0   0.0   0.0   0.08  0.69  0.0   0.01  0.0   0.0   0.0   0.0   0.0   0.0   0.21  
17    L     0.3   0.0   0.0   0.0   0.05  0.0   0.0   0.02  0.0   0.15  0.22  0.0   0.04  0.07  0.0   0.05  0.03  0.0   0.02  0.04  
18    E     0.03  0.02  0.01  0.01  0.01  0.25  0.46  0.01  0.01  0.0   0.0   0.03  0.0   0.0   0.01  0.02  0.04  0.0   0.04  0.03  
19    R     0.09  0.08  0.14  0.03  0.02  0.08  0.02  0.05  0.05  0.03  0.01  0.07  0.01  0.02  0.0   0.09  0.15  0.0   0.07  0.0   
20    D     0.11  0.06  0.07  0.2   0.0   0.03  0.23  0.11  0.01  0.0   0.01  0.06  0.0   0.0   0.04  0.03  0.02  0.0   0.0   0.01  
21    G     0.02  0.02  0.07  0.35  0.0   0.11  0.11  0.08  0.02  0.0   0.02  0.07  0.0   0.01  0.01  0.07  0.03  0.0   0.02  0.0   
22    N     0.01  0.01  0.04  0.07  0.01  0.07  0.06  0.48  0.03  0.0   0.0   0.08  0.0   0.0   0.01  0.07  0.06  0.0   0.0   0.0   
23    I     0.0   0.0   0.0   0.0   0.02  0.0   0.0   0.0   0.0   0.08  0.68  0.0   0.05  0.11  0.0   0.0   0.0   0.0   0.01  0.05  
24    S     0.1   0.03  0.0   0.0   0.0   0.03  0.0   0.02  0.01  0.07  0.08  0.0   0.03  0.07  0.0   0.08  0.0   0.01  0.26  0.21  
25    L     0.0   0.0   0.0   0.0   0.0   0.0   0.0   0.0   0.0   0.26  0.61  0.0   0.04  0.0   0.0   0.0   0.0   0.02  0.0   0.08  
26    L     0.0   0.0   0.0   0.0   0.0   0.0   0.0   0.0   0.0   0.29  0.34  0.0   0.03  0.03  0.0   0.02  0.0   0.0   0.0   0.3   
27    S     0.05  0.01  0.03  0.57  0.0   0.0   0.01  0.0   0.01  0.0   0.0   0.0   0.0   0.03  0.07  0.21  0.0   0.0   0.0   0.0   
28    L     0.0   0.01  0.0   0.0   0.0   0.36  0.0   0.0   0.01  0.08  0.31  0.0   0.11  0.08  0.01  0.0   0.0   0.0   0.0   0.01  
29    P     0.05  0.04  0.01  0.01  0.0   0.04  0.06  0.0   0.48  0.0   0.0   0.04  0.0   0.02  0.12  0.03  0.03  0.0   0.01  0.06  
30    V     0.51  0.08  0.03  0.01  0.01  0.01  0.01  0.0   0.02  0.02  0.03  0.07  0.01  0.01  0.0   0.04  0.02  0.0   0.02  0.12  
31    A     0.8   0.0   0.0   0.0   0.0   0.0   0.0   0.0   0.0   0.02  0.05  0.0   0.0   0.0   0.0   0.01  0.0   0.0   0.0   0.11  
32    E     0.1   0.04  0.0   0.03  0.0   0.07  0.44  0.0   0.17  0.01  0.01  0.09  0.0   0.0   0.0   0.02  0.0   0.0   0.02  0.0   
33    R     0.0   0.44  0.0   0.0   0.0   0.02  0.18  0.02  0.01  0.0   0.07  0.11  0.0   0.06  0.0   0.04  0.03  0.0   0.0   0.03  
34    W     0.04  0.2   0.0   0.0   0.01  0.01  0.06  0.0   0.01  0.25  0.15  0.01  0.03  0.01  0.0   0.0   0.0   0.1   0.05  0.06  
35    L     0.01  0.08  0.01  0.0   0.02  0.02  0.0   0.0   0.0   0.18  0.35  0.09  0.02  0.03  0.0   0.0   0.03  0.0   0.02  0.15  
36    R     0.04  0.13  0.0   0.0   0.03  0.01  0.16  0.01  0.01  0.04  0.11  0.08  0.0   0.09  0.0   0.01  0.06  0.02  0.12  0.08  
37    Q     0.01  0.1   0.02  0.02  0.01  0.18  0.21  0.0   0.01  0.0   0.02  0.12  0.0   0.02  0.0   0.03  0.0   0.0   0.25  0.01  
38    A     0.12  0.05  0.02  0.03  0.0   0.07  0.24  0.05  0.02  0.02  0.09  0.06  0.03  0.03  0.0   0.01  0.04  0.04  0.05  0.02  
39    Q     0.02  0.07  0.0   0.01  0.0   0.34  0.07  0.0   0.0   0.04  0.1   0.22  0.03  0.02  0.0   0.01  0.0   0.0   0.05  0.03  
40    L     0.04  0.03  0.01  0.02  0.02  0.01  0.01  0.0   0.0   0.12  0.59  0.03  0.02  0.05  0.0   0.02  0.0   0.0   0.02  0.01  
41    T     0.12  0.09  0.08  0.02  0.0   0.06  0.09  0.02  0.0   0.0   0.04  0.25  0.0   0.02  0.0   0.07  0.13  0.0   0.01  0.0   
42    P     0.13  0.04  0.04  0.02  0.0   0.05  0.03  0.01  0.03  0.06  0.11  0.11  0.03  0.04  0.12  0.07  0.07  0.0   0.01  0.02  
43    G     0.24  0.03  0.05  0.01  0.01  0.06  0.07  0.12  0.01  0.02  0.09  0.1   0.01  0.0   0.03  0.08  0.04  0.01  0.0   0.02  
44    E     0.08  0.04  0.11  0.08  0.0   0.11  0.16  0.03  0.05  0.01  0.04  0.14  0.0   0.0   0.01  0.08  0.03  0.0   0.0   0.03  
45    A     0.06  0.04  0.16  0.08  0.01  0.04  0.16  0.12  0.02  0.01  0.0   0.1   0.0   0.01  0.01  0.07  0.05  0.0   0.0   0.05  
46    P     0.09  0.01  0.08  0.04  0.0   0.05  0.14  0.37  0.0   0.0   0.0   0.04  0.0   0.0   0.1   0.06  0.02  0.0   0.01  0.0   
47    V     0.05  0.0   0.06  0.0   0.0   0.0   0.02  0.0   0.0   0.14  0.4   0.01  0.05  0.03  0.02  0.01  0.02  0.0   0.02  0.18  
48    C     0.08  0.07  0.03  0.03  0.04  0.07  0.11  0.03  0.01  0.12  0.04  0.09  0.0   0.0   0.06  0.04  0.04  0.0   0.03  0.11  
49    A     0.14  0.08  0.0   0.0   0.0   0.1   0.0   0.12  0.0   0.09  0.0   0.04  0.02  0.0   0.07  0.28  0.03  0.0   0.0   0.03  
50    Q     0.0   0.0   0.0   0.01  0.0   0.87  0.04  0.0   0.0   0.01  0.01  0.04  0.0   0.0   0.0   0.0   0.01  0.0   0.0   0.0   
51    P     0.04  0.1   0.01  0.06  0.0   0.05  0.01  0.05  0.01  0.07  0.04  0.05  0.02  0.0   0.42  0.02  0.01  0.0   0.02  0.02  
52    L     0.0   0.0   0.0   0.0   0.0   0.0   0.0   0.0   0.0   0.02  0.94  0.0   0.0   0.04  0.0   0.0   0.0   0.0   0.0   0.0   
53    L     0.0   0.03  0.0   0.0   0.0   0.0   0.0   0.0   0.0   0.04  0.83  0.0   0.03  0.0   0.0   0.04  0.01  0.0   0.0   0.02  
54    I     0.02  0.01  0.0   0.01  0.0   0.02  0.01  0.0   0.0   0.37  0.09  0.03  0.07  0.08  0.02  0.04  0.05  0.0   0.02  0.17  
55    P     0.0   0.0   0.04  0.0   0.0   0.0   0.0   0.0   0.0   0.0   0.0   0.03  0.0   0.0   0.94  0.0   0.0   0.0   0.0   0.0   
56    L     0.02  0.0   0.0   0.02  0.0   0.02  0.11  0.0   0.01  0.18  0.23  0.0   0.01  0.05  0.0   0.01  0.02  0.0   0.01  0.3   
57    R     0.05  0.14  0.03  0.01  0.0   0.01  0.03  0.0   0.01  0.13  0.05  0.05  0.02  0.0   0.02  0.13  0.12  0.0   0.03  0.16  
58    L     0.01  0.0   0.0   0.0   0.0   0.0   0.0   0.0   0.0   0.23  0.33  0.0   0.03  0.14  0.0   0.0   0.0   0.0   0.02  0.23  
59    K     0.1   0.04  0.02  0.14  0.0   0.0   0.22  0.02  0.03  0.01  0.0   0.15  0.01  0.06  0.01  0.07  0.12  0.0   0.01  0.0   
60    V     0.1   0.0   0.0   0.0   0.0   0.0   0.0   0.0   0.0   0.08  0.57  0.03  0.01  0.06  0.0   0.0   0.01  0.0   0.03  0.11  
61    S     0.04  0.02  0.07  0.27  0.0   0.01  0.02  0.06  0.0   0.0   0.0   0.0   0.0   0.0   0.08  0.32  0.1   0.0   0.0   0.0   
62    A     0.12  0.0   0.07  0.04  0.0   0.03  0.21  0.03  0.02  0.01  0.01  0.19  0.01  0.05  0.11  0.06  0.04  0.0   0.01  0.01  
63    E     0.08  0.14  0.04  0.12  0.0   0.09  0.1   0.06  0.01  0.01  0.03  0.06  0.01  0.0   0.01  0.13  0.04  0.01  0.01  0.05  
64    E     0.01  0.02  0.01  0.17  0.0   0.11  0.45  0.01  0.0   0.02  0.06  0.0   0.0   0.02  0.03  0.0   0.02  0.06  0.0   0.0   
65    K     0.2   0.02  0.03  0.0   0.07  0.06  0.01  0.03  0.01  0.04  0.09  0.07  0.02  0.06  0.01  0.02  0.02  0.01  0.11  0.13  
66    S     0.21  0.02  0.04  0.12  0.0   0.1   0.16  0.04  0.03  0.02  0.07  0.04  0.01  0.0   0.02  0.08  0.02  0.0   0.0   0.0   
67    A     0.14  0.07  0.03  0.02  0.04  0.03  0.02  0.0   0.0   0.13  0.12  0.04  0.03  0.05  0.0   0.02  0.1   0.01  0.05  0.11  
68    L     0.1   0.0   0.0   0.0   0.02  0.0   0.0   0.01  0.0   0.11  0.48  0.0   0.01  0.08  0.0   0.04  0.01  0.07  0.02  0.06  
69    E     0.1   0.06  0.03  0.04  0.0   0.14  0.24  0.0   0.01  0.06  0.1   0.07  0.01  0.02  0.0   0.04  0.04  0.0   0.02  0.03  
70    K     0.08  0.09  0.09  0.1   0.01  0.11  0.33  0.01  0.01  0.0   0.01  0.05  0.0   0.0   0.01  0.03  0.05  0.02  0.0   0.01  
71    A     0.05  0.13  0.14  0.0   0.01  0.09  0.04  0.0   0.17  0.03  0.03  0.06  0.0   0.08  0.02  0.01  0.0   0.02  0.13  0.0   
72    Q     0.14  0.07  0.03  0.02  0.0   0.14  0.07  0.04  0.02  0.03  0.11  0.21  0.0   0.0   0.0   0.05  0.02  0.0   0.04  0.01  
73    S     0.08  0.01  0.05  0.19  0.0   0.07  0.18  0.04  0.01  0.04  0.03  0.05  0.0   0.0   0.11  0.07  0.07  0.0   0.01  0.0   
74    A     0.03  0.01  0.03  0.05  0.0   0.1   0.13  0.01  0.02  0.11  0.24  0.02  0.01  0.04  0.01  0.02  0.07  0.07  0.0   0.03  
75    L     0.0   0.0   0.0   0.0   0.0   0.0   0.0   0.0   0.0   0.05  0.69  0.0   0.0   0.23  0.0   0.0   0.0   0.0   0.02  0.01  
76    A     0.17  0.1   0.04  0.02  0.0   0.08  0.11  0.03  0.02  0.01  0.06  0.14  0.01  0.02  0.0   0.09  0.04  0.0   0.01  0.03  
77    E     0.03  0.14  0.02  0.04  0.0   0.21  0.19  0.01  0.03  0.0   0.01  0.18  0.0   0.0   0.01  0.06  0.06  0.0   0.0   0.0   
78    L     0.08  0.0   0.02  0.0   0.02  0.0   0.0   0.0   0.01  0.08  0.4   0.0   0.09  0.17  0.0   0.04  0.02  0.0   0.01  0.06  
79    G     0.0   0.0   0.0   0.0   0.0   0.0   0.0   0.98  0.0   0.0   0.0   0.0   0.0   0.0   0.0   0.02  0.0   0.0   0.0   0.0   
80    I     0.0   0.0   0.0   0.0   0.0   0.0   0.0   0.0   0.0   0.25  0.23  0.0   0.01  0.45  0.0   0.0   0.0   0.0   0.02  0.05  
81    D     0.05  0.02  0.07  0.13  0.0   0.02  0.4   0.02  0.05  0.0   0.02  0.02  0.01  0.04  0.0   0.03  0.03  0.0   0.01  0.08  
82    F     0.02  0.0   0.0   0.0   0.0   0.0   0.0   0.0   0.0   0.25  0.41  0.0   0.03  0.14  0.0   0.0   0.0   0.01  0.04  0.1   
83    Q     0.03  0.02  0.03  0.08  0.0   0.08  0.21  0.0   0.07  0.08  0.01  0.13  0.0   0.01  0.0   0.15  0.1   0.0   0.0   0.01  
84    S     0.01  0.02  0.0   0.02  0.0   0.02  0.09  0.0   0.01  0.18  0.1   0.0   0.02  0.33  0.06  0.04  0.01  0.0   0.0   0.1   
85    D     0.02  0.07  0.07  0.07  0.0   0.04  0.07  0.35  0.0   0.01  0.0   0.1   0.0   0.08  0.0   0.08  0.03  0.0   0.0   0.0   
86    A     0.04  0.02  0.04  0.02  0.0   0.08  0.1   0.29  0.05  0.01  0.06  0.05  0.0   0.01  0.15  0.02  0.04  0.0   0.02  0.0   
87    Q     0.01  0.07  0.16  0.05  0.0   0.11  0.09  0.2   0.04  0.0   0.01  0.17  0.0   0.0   0.01  0.02  0.05  0.02  0.0   0.0   
88    H     0.12  0.09  0.06  0.03  0.0   0.14  0.08  0.0   0.06  0.0   0.0   0.05  0.0   0.01  0.0   0.18  0.12  0.0   0.07  0.0   
89    V     0.11  0.0   0.0   0.0   0.0   0.0   0.0   0.01  0.0   0.19  0.24  0.0   0.01  0.12  0.0   0.01  0.08  0.0   0.06  0.19  
90    T     0.14  0.02  0.0   0.0   0.0   0.03  0.03  0.0   0.01  0.32  0.12  0.01  0.07  0.05  0.0   0.03  0.12  0.0   0.0   0.06  
91    I     0.0   0.0   0.0   0.0   0.0   0.0   0.0   0.0   0.0   0.35  0.27  0.0   0.0   0.0   0.0   0.0   0.0   0.0   0.0   0.38  
92    R     0.0   0.4   0.1   0.0   0.01  0.02  0.06  0.0   0.04  0.01  0.03  0.17  0.05  0.0   0.0   0.07  0.05  0.0   0.0   0.0   
93    A     0.3   0.03  0.0   0.01  0.0   0.08  0.2   0.07  0.0   0.0   0.0   0.1   0.0   0.0   0.0   0.15  0.05  0.0   0.0   0.0   
94    V     0.01  0.0   0.0   0.0   0.0   0.0   0.0   0.0   0.04  0.26  0.04  0.0   0.02  0.01  0.0   0.0   0.06  0.0   0.04  0.53  
95    P     0.0   0.0   0.0   0.0   0.02  0.0   0.0   0.0   0.0   0.0   0.0   0.0   0.0   0.0   0.95  0.03  0.0   0.0   0.0   0.0   
96    L     0.27  0.03  0.03  0.02  0.0   0.05  0.03  0.0   0.0   0.05  0.12  0.0   0.01  0.04  0.07  0.15  0.06  0.0   0.02  0.05  
97    P     0.01  0.01  0.03  0.01  0.05  0.0   0.01  0.02  0.0   0.07  0.25  0.0   0.09  0.09  0.16  0.0   0.0   0.1   0.08  0.02  
98    L     0.01  0.0   0.0   0.0   0.0   0.0   0.0   0.0   0.0   0.12  0.76  0.0   0.04  0.06  0.0   0.0   0.0   0.0   0.0   0.02  
99    R     0.02  0.36  0.01  0.06  0.0   0.02  0.04  0.14  0.01  0.01  0.0   0.22  0.0   0.02  0.05  0.03  0.01  0.0   0.01  0.0   
100   Q     0.05  0.02  0.09  0.09  0.0   0.28  0.16  0.01  0.01  0.01  0.02  0.14  0.0   0.0   0.08  0.0   0.02  0.0   0.0   0.01  
101   Q     0.12  0.02  0.01  0.04  0.04  0.23  0.04  0.09  0.0   0.04  0.03  0.04  0.01  0.0   0.03  0.12  0.1   0.0   0.0   0.03  
102   N     0.01  0.01  0.43  0.27  0.0   0.12  0.08  0.0   0.01  0.0   0.0   0.01  0.0   0.0   0.02  0.04  0.0   0.0   0.0   0.01  
103   L     0.16  0.0   0.01  0.01  0.01  0.0   0.06  0.0   0.01  0.06  0.33  0.0   0.03  0.02  0.05  0.0   0.0   0.0   0.02  0.22  
104   Q     0.12  0.06  0.02  0.03  0.01  0.24  0.13  0.04  0.03  0.01  0.0   0.08  0.0   0.01  0.03  0.05  0.04  0.0   0.01  0.09  
105   I     0.08  0.1   0.13  0.05  0.0   0.07  0.11  0.05  0.0   0.08  0.03  0.12  0.02  0.0   0.01  0.08  0.01  0.0   0.0   0.04  
106   L     0.02  0.0   0.0   0.0   0.03  0.0   0.01  0.02  0.0   0.17  0.53  0.0   0.0   0.06  0.0   0.01  0.06  0.0   0.0   0.1   
107   I     0.03  0.0   0.0   0.0   0.0   0.0   0.0   0.0   0.0   0.49  0.22  0.0   0.0   0.09  0.0   0.0   0.01  0.0   0.0   0.15  
108   P     0.01  0.21  0.02  0.04  0.01  0.04  0.04  0.01  0.01  0.06  0.1   0.03  0.04  0.02  0.2   0.09  0.04  0.0   0.0   0.02  
109   E     0.04  0.01  0.04  0.39  0.0   0.05  0.37  0.0   0.0   0.0   0.02  0.01  0.0   0.0   0.0   0.05  0.0   0.0   0.0   0.01  
110   L     0.0   0.0   0.01  0.0   0.0   0.0   0.0   0.0   0.0   0.1   0.48  0.0   0.11  0.07  0.0   0.0   0.0   0.02  0.04  0.16  
111   I     0.07  0.0   0.0   0.0   0.0   0.0   0.0   0.0   0.0   0.17  0.67  0.0   0.0   0.05  0.0   0.01  0.0   0.0   0.0   0.02  
112   G     0.1   0.07  0.07  0.18  0.0   0.08  0.08  0.13  0.0   0.0   0.0   0.04  0.0   0.0   0.0   0.14  0.04  0.0   0.05  0.0   
113   Y     0.0   0.08  0.06  0.07  0.0   0.07  0.13  0.0   0.05  0.05  0.09  0.0   0.0   0.09  0.0   0.03  0.0   0.07  0.19  0.0   
114   L     0.04  0.02  0.01  0.03  0.0   0.0   0.01  0.0   0.0   0.15  0.48  0.0   0.04  0.1   0.02  0.02  0.03  0.0   0.0   0.04  
115   A     0.24  0.06  0.01  0.02  0.0   0.04  0.17  0.04  0.01  0.02  0.09  0.1   0.02  0.04  0.0   0.07  0.05  0.0   0.01  0.0   
116   K     0.01  0.02  0.09  0.04  0.0   0.19  0.22  0.05  0.03  0.03  0.04  0.06  0.0   0.06  0.0   0.11  0.04  0.0   0.0   0.0   
117   Q     0.05  0.01  0.02  0.09  0.02  0.16  0.1   0.05  0.09  0.0   0.06  0.13  0.02  0.01  0.0   0.05  0.06  0.05  0.02  0.0   
118   S     0.05  0.05  0.02  0.1   0.01  0.07  0.12  0.07  0.0   0.05  0.01  0.15  0.01  0.02  0.06  0.09  0.08  0.0   0.01  0.02  
119   V     0.05  0.03  0.07  0.06  0.0   0.07  0.17  0.04  0.01  0.0   0.04  0.13  0.0   0.0   0.07  0.08  0.1   0.0   0.0   0.07  
120   F     0.22  0.02  0.02  0.0   0.02  0.01  0.02  0.03  0.01  0.11  0.03  0.06  0.05  0.08  0.05  0.1   0.04  0.0   0.0   0.13  
121   E     0.02  0.05  0.02  0.11  0.0   0.04  0.16  0.03  0.02  0.01  0.14  0.07  0.03  0.05  0.02  0.16  0.04  0.0   0.02  0.0   
122   P     0.09  0.03  0.02  0.09  0.0   0.02  0.04  0.0   0.02  0.08  0.12  0.07  0.02  0.01  0.18  0.03  0.1   0.0   0.02  0.04  
123   G     0.13  0.0   0.06  0.12  0.0   0.03  0.12  0.04  0.06  0.02  0.01  0.13  0.0   0.03  0.02  0.13  0.07  0.0   0.0   0.01  
124   N     0.23  0.06  0.07  0.14  0.0   0.18  0.06  0.0   0.0   0.03  0.06  0.06  0.0   0.0   0.0   0.02  0.06  0.0   0.0   0.02  
125   I     0.01  0.0   0.0   0.02  0.01  0.01  0.0   0.0   0.0   0.34  0.42  0.0   0.01  0.01  0.0   0.0   0.02  0.0   0.0   0.14  
126   A     0.55  0.0   0.0   0.0   0.04  0.0   0.02  0.01  0.0   0.13  0.03  0.02  0.0   0.03  0.0   0.01  0.03  0.0   0.02  0.11  
127   Q     0.11  0.02  0.04  0.14  0.0   0.12  0.07  0.04  0.03  0.02  0.02  0.08  0.02  0.01  0.0   0.1   0.2   0.0   0.0   0.01  
128   W     0.01  0.02  0.0   0.0   0.0   0.0   0.03  0.0   0.01  0.02  0.11  0.06  0.1   0.06  0.0   0.03  0.08  0.42  0.0   0.02  
129   I     0.18  0.0   0.0   0.01  0.02  0.0   0.05  0.02  0.0   0.11  0.31  0.0   0.12  0.1   0.0   0.04  0.0   0.0   0.0   0.02  
130   A     0.47  0.0   0.0   0.03  0.23  0.0   0.03  0.0   0.0   0.0   0.02  0.02  0.03  0.0   0.0   0.05  0.05  0.0   0.02  0.03  
131   R     0.04  0.12  0.05  0.0   0.11  0.05  0.09  0.0   0.1   0.02  0.04  0.24  0.01  0.02  0.0   0.01  0.05  0.02  0.0   0.01  
132   N     0.03  0.09  0.09  0.02  0.03  0.18  0.02  0.04  0.21  0.0   0.0   0.06  0.0   0.02  0.03  0.1   0.05  0.0   0.01  0.02  
133   L     0.19  0.01  0.02  0.0   0.0   0.05  0.0   0.08  0.0   0.09  0.2   0.02  0.02  0.04  0.0   0.14  0.02  0.01  0.0   0.12  
134   M     0.14  0.0   0.02  0.0   0.0   0.1   0.02  0.06  0.01  0.08  0.15  0.03  0.02  0.02  0.0   0.11  0.06  0.0   0.0   0.19  
135   S     0.05  0.07  0.0   0.01  0.0   0.0   0.06  0.03  0.06  0.15  0.07  0.14  0.0   0.0   0.02  0.22  0.04  0.0   0.0   0.07  
136   E     0.15  0.12  0.01  0.05  0.0   0.03  0.22  0.05  0.01  0.02  0.07  0.09  0.0   0.05  0.02  0.0   0.05  0.0   0.02  0.02  
137   H     0.09  0.05  0.07  0.01  0.0   0.05  0.09  0.07  0.13  0.04  0.04  0.11  0.05  0.02  0.05  0.02  0.03  0.0   0.01  0.06  
138   A     0.13  0.1   0.11  0.1   0.02  0.02  0.11  0.05  0.0   0.06  0.02  0.07  0.0   0.0   0.04  0.06  0.05  0.0   0.02  0.03  
139   Q     0.07  0.04  0.09  0.06  0.08  0.04  0.02  0.0   0.12  0.04  0.04  0.05  0.03  0.0   0.02  0.12  0.07  0.0   0.03  0.05  
140   W     0.02  0.0   0.0   0.0   0.0   0.03  0.0   0.0   0.04  0.02  0.24  0.02  0.0   0.0   0.08  0.0   0.03  0.25  0.23  0.02  
141   S     0.04  0.0   0.12  0.12  0.0   0.0   0.05  0.02  0.0   0.0   0.05  0.01  0.0   0.0   0.0   0.32  0.2   0.0   0.0   0.06  
142   M     0.06  0.0   0.0   0.02  0.0   0.01  0.04  0.04  0.06  0.14  0.15  0.0   0.13  0.04  0.03  0.02  0.05  0.0   0.09  0.13  
143   A     0.33  0.02  0.02  0.02  0.0   0.04  0.05  0.0   0.0   0.04  0.06  0.0   0.0   0.0   0.07  0.19  0.02  0.05  0.0   0.07  
144   Q     0.04  0.07  0.02  0.1   0.0   0.25  0.42  0.0   0.0   0.0   0.0   0.02  0.0   0.0   0.0   0.02  0.04  0.0   0.0   0.01  
145   A     0.53  0.01  0.0   0.0   0.0   0.0   0.0   0.13  0.0   0.02  0.02  0.03  0.18  0.0   0.0   0.0   0.02  0.0   0.0   0.03  
146   I     0.05  0.05  0.12  0.02  0.0   0.05  0.05  0.02  0.02  0.26  0.08  0.04  0.02  0.02  0.0   0.0   0.05  0.0   0.02  0.11  
147   T     0.16  0.06  0.1   0.06  0.02  0.22  0.07  0.02  0.02  0.0   0.0   0.06  0.0   0.0   0.01  0.1   0.06  0.01  0.0   0.0   
148   L     0.0   0.04  0.0   0.0   0.0   0.05  0.0   0.0   0.0   0.08  0.63  0.0   0.0   0.0   0.0   0.02  0.03  0.06  0.0   0.08  
149   L     0.0   0.0   0.0   0.0   0.0   0.0   0.0   0.0   0.0   0.17  0.71  0.0   0.0   0.0   0.0   0.02  0.0   0.02  0.0   0.07  
150   A     0.24  0.15  0.0   0.0   0.0   0.02  0.09  0.0   0.0   0.0   0.13  0.04  0.03  0.0   0.0   0.14  0.17  0.0   0.0   0.0   
151   D     0.02  0.02  0.02  0.27  0.0   0.0   0.6   0.0   0.0   0.0   0.0   0.02  0.0   0.0   0.02  0.0   0.0   0.02  0.0   0.0   
152   V     0.02  0.0   0.0   0.0   0.03  0.0   0.03  0.0   0.0   0.08  0.35  0.02  0.14  0.0   0.02  0.02  0.1   0.0   0.0   0.18  
153   E     0.0   0.06  0.02  0.0   0.0   0.07  0.75  0.02  0.0   0.0   0.0   0.05  0.0   0.0   0.0   0.0   0.0   0.0   0.0   0.0   
154   R     0.06  0.39  0.0   0.0   0.0   0.2   0.02  0.0   0.0   0.0   0.05  0.09  0.0   0.03  0.0   0.0   0.0   0.0   0.13  0.0   
155   L     0.0   0.04  0.04  0.0   0.0   0.03  0.0   0.0   0.0   0.08  0.61  0.0   0.0   0.04  0.0   0.0   0.04  0.0   0.08  0.0   
156   C     0.0   0.03  0.0   0.0   0.44  0.0   0.04  0.0   0.0   0.0   0.18  0.0   0.0   0.03  0.0   0.04  0.0   0.12  0.06  0.04  
157   P     0.08  0.04  0.03  0.07  0.0   0.04  0.0   0.08  0.02  0.0   0.01  0.07  0.0   0.0   0.49  0.03  0.03  0.0   0.0   0.0   
158   Q     0.0   0.0   0.02  0.04  0.0   0.39  0.06  0.1   0.17  0.0   0.04  0.0   0.0   0.0   0.03  0.09  0.06  0.0   0.0   0.0   
159   L     0.0   0.0   0.02  0.0   0.04  0.14  0.02  0.0   0.0   0.1   0.37  0.07  0.06  0.0   0.0   0.0   0.07  0.07  0.03  0.0   
160   V     0.1   0.0   0.11  0.05  0.0   0.07  0.05  0.0   0.03  0.03  0.23  0.0   0.05  0.05  0.0   0.0   0.03  0.0   0.0   0.22  
161   K     0.03  0.06  0.12  0.0   0.0   0.07  0.06  0.05  0.05  0.04  0.0   0.4   0.0   0.0   0.07  0.03  0.03  0.0   0.0   0.0   
162   T     0.05  0.0   0.17  0.02  0.0   0.06  0.0   0.05  0.0   0.06  0.15  0.05  0.03  0.0   0.0   0.13  0.23  0.0   0.0   0.0   
163   P     0.03  0.08  0.0   0.03  0.0   0.1   0.07  0.0   0.0   0.0   0.0   0.03  0.0   0.05  0.51  0.0   0.0   0.0   0.0   0.06  
164   P     0.0   0.0   0.03  0.07  0.0   0.0   0.05  0.0   0.0   0.06  0.16  0.0   0.0   0.16  0.38  0.03  0.0   0.0   0.03  0.0   
165   G     0.08  0.02  0.05  0.05  0.0   0.03  0.04  0.09  0.0   0.0   0.05  0.06  0.0   0.0   0.05  0.36  0.12  0.0   0.0   0.0   
166   G     0.05  0.0   0.06  0.03  0.0   0.18  0.06  0.22  0.02  0.0   0.0   0.19  0.0   0.0   0.0   0.03  0.03  0.05  0.06  0.0   
167   L     0.0   0.0   0.0   0.0   0.0   0.0   0.0   0.0   0.0   0.07  0.81  0.0   0.0   0.12  0.0   0.0   0.0   0.0   0.0   0.0   
168   L     0.0   0.0   0.0   0.0   0.0   0.0   0.0   0.0   0.0   0.06  0.71  0.08  0.06  0.03  0.0   0.0   0.0   0.0   0.0   0.06  
169   Q     0.0   0.06  0.0   0.0   0.0   0.48  0.0   0.0   0.0   0.1   0.04  0.09  0.0   0.0   0.0   0.03  0.05  0.0   0.03  0.11  
170   S     0.11  0.0   0.05  0.03  0.0   0.0   0.03  0.0   0.0   0.0   0.08  0.17  0.03  0.0   0.29  0.2   0.0   0.0   0.0   0.0   
171   V     0.0   0.0   0.0   0.0   0.0   0.0   0.0   0.0   0.0   0.41  0.15  0.0   0.03  0.0   0.0   0.0   0.0   0.0   0.0   0.4   
172   D     0.0   0.0   0.24  0.68  0.0   0.0   0.07  0.0   0.0   0.0   0.0   0.0   0.0   0.0   0.0   0.0   0.0   0.0   0.0   0.0   
173   L     0.0   0.0   0.0   0.0   0.0   0.0   0.0   0.0   0.0   0.2   0.3   0.0   0.0   0.32  0.0   0.0   0.0   0.12  0.0   0.06  
174   H     0.0   0.0   0.05  0.18  0.0   0.19  0.02  0.0   0.12  0.0   0.0   0.07  0.0   0.0   0.0   0.21  0.16  0.0   0.0   0.0   
175   P     0.33  0.0   0.06  0.04  0.0   0.09  0.06  0.0   0.04  0.0   0.0   0.0   0.05  0.0   0.15  0.17  0.0   0.0   0.0   0.0   
176   A     0.32  0.0   0.0   0.0   0.0   0.0   0.0   0.02  0.0   0.06  0.04  0.0   0.0   0.04  0.0   0.03  0.14  0.0   0.19  0.16  
177   I     0.0   0.0   0.0   0.0   0.0   0.0   0.0   0.0   0.0   0.25  0.49  0.0   0.1   0.0   0.0   0.0   0.0   0.0   0.0   0.15  
178   K     0.2   0.0   0.16  0.11  0.11  0.1   0.11  0.0   0.0   0.0   0.0   0.12  0.0   0.0   0.0   0.0   0.09  0.0   0.0   0.0   
179   A     0.41  0.03  0.0   0.0   0.0   0.04  0.0   0.0   0.0   0.13  0.0   0.17  0.0   0.09  0.0   0.03  0.04  0.0   0.0   0.08  
180   L     0.0   0.0   0.0   0.0   0.0   0.0   0.0   0.0   0.0   0.0   0.7   0.0   0.06  0.23  0.0   0.0   0.0   0.0   0.0   0.0   
181   K     0.0   0.1   0.13  0.0   0.0   0.11  0.0   0.0   0.0   0.0   0.0   0.66  0.0   0.0   0.0   0.0   0.0   0.0   0.0   0.0   
182   D     0.0   0.0   0.61  0.39  0.0   0.0   0.0   0.0   0.0   0.0   0.0   0.0   0.0   0.0   0.0   0.0   0.0   0.0   0.0   0.0   
