             A     R     N     D     C     Q     E     G     H     I     L     K     M     F     P     S     T     W     Y     V
1     M     0.0   0.0   0.0   0.0   0.0   0.0   0.0   0.0   0.0   0.0   0.0   0.0   1.0   0.0   0.0   0.0   0.0   0.0   0.0   0.0   
2     H     0.0   0.0   0.0   0.0   0.0   0.0   0.0   0.0   0.41  0.0   0.0   0.0   0.0   0.0   0.0   0.0   0.1   0.0   0.41  0.08  
3     N     0.08  0.15  0.25  0.0   0.0   0.0   0.0   0.07  0.04  0.0   0.0   0.0   0.0   0.0   0.07  0.21  0.13  0.0   0.0   0.0   
4     Y     0.0   0.0   0.0   0.0   0.0   0.0   0.0   0.0   0.0   0.12  0.08  0.0   0.0   0.41  0.0   0.0   0.0   0.0   0.38  0.0   
5     V     0.06  0.0   0.0   0.1   0.0   0.0   0.0   0.0   0.1   0.0   0.15  0.09  0.0   0.18  0.0   0.0   0.0   0.0   0.22  0.11  
6     I     0.01  0.0   0.0   0.0   0.0   0.19  0.05  0.01  0.06  0.26  0.08  0.0   0.0   0.0   0.0   0.01  0.08  0.0   0.0   0.22  
7     I     0.12  0.0   0.0   0.0   0.0   0.0   0.01  0.01  0.0   0.28  0.1   0.0   0.0   0.0   0.0   0.01  0.0   0.0   0.18  0.27  
8     D     0.05  0.06  0.04  0.71  0.0   0.0   0.08  0.01  0.0   0.0   0.01  0.0   0.0   0.0   0.0   0.01  0.0   0.0   0.0   0.01  
9     A     0.53  0.0   0.0   0.0   0.0   0.0   0.01  0.01  0.0   0.0   0.01  0.0   0.0   0.0   0.0   0.12  0.0   0.0   0.0   0.29  
10    F     0.0   0.0   0.0   0.0   0.0   0.0   0.0   0.0   0.07  0.0   0.0   0.0   0.0   0.93  0.0   0.0   0.0   0.0   0.0   0.0   
11    A     0.18  0.0   0.0   0.0   0.0   0.0   0.0   0.0   0.0   0.06  0.0   0.0   0.0   0.0   0.0   0.11  0.64  0.0   0.0   0.0   
12    S     0.14  0.0   0.07  0.11  0.0   0.0   0.06  0.09  0.0   0.0   0.0   0.15  0.0   0.0   0.0   0.19  0.17  0.0   0.0   0.02  
13    V     0.03  0.06  0.0   0.03  0.0   0.1   0.1   0.04  0.0   0.0   0.01  0.15  0.11  0.0   0.0   0.12  0.11  0.0   0.0   0.13  
14    P     0.15  0.04  0.0   0.06  0.0   0.0   0.0   0.04  0.11  0.0   0.04  0.04  0.0   0.0   0.39  0.07  0.0   0.0   0.03  0.0   
15    L     0.07  0.0   0.0   0.0   0.0   0.0   0.0   0.24  0.0   0.0   0.13  0.0   0.0   0.47  0.0   0.04  0.0   0.0   0.0   0.0   
16    E     0.04  0.21  0.06  0.0   0.0   0.1   0.07  0.07  0.02  0.0   0.12  0.12  0.03  0.07  0.0   0.04  0.04  0.0   0.0   0.0   
17    G     0.0   0.0   0.0   0.0   0.0   0.0   0.0   1.0   0.0   0.0   0.0   0.0   0.0   0.0   0.0   0.0   0.0   0.0   0.0   0.0   
18    N     0.0   0.0   0.93  0.0   0.0   0.0   0.07  0.0   0.0   0.0   0.0   0.0   0.0   0.0   0.0   0.0   0.0   0.0   0.0   0.0   
19    P     0.0   0.04  0.0   0.0   0.0   0.0   0.0   0.0   0.0   0.0   0.0   0.0   0.0   0.0   0.8   0.16  0.0   0.0   0.0   0.0   
20    V     0.46  0.0   0.0   0.0   0.06  0.0   0.0   0.0   0.0   0.05  0.15  0.0   0.0   0.0   0.0   0.0   0.07  0.0   0.05  0.15  
21    A     0.4   0.07  0.0   0.0   0.04  0.0   0.0   0.32  0.0   0.05  0.0   0.0   0.0   0.0   0.0   0.0   0.02  0.0   0.05  0.04  
22    V     0.0   0.0   0.0   0.0   0.0   0.0   0.0   0.0   0.0   0.04  0.0   0.0   0.0   0.0   0.0   0.0   0.0   0.0   0.05  0.91  
23    F     0.0   0.0   0.0   0.05  0.18  0.0   0.0   0.0   0.0   0.12  0.1   0.0   0.0   0.18  0.0   0.0   0.0   0.0   0.04  0.32  
24    F     0.0   0.04  0.06  0.0   0.0   0.0   0.1   0.0   0.0   0.03  0.41  0.0   0.0   0.15  0.09  0.0   0.04  0.0   0.0   0.04  
25    D     0.0   0.0   0.09  0.37  0.0   0.12  0.0   0.0   0.03  0.0   0.28  0.0   0.0   0.05  0.06  0.0   0.0   0.0   0.0   0.0   
26    A     0.35  0.05  0.06  0.07  0.06  0.0   0.14  0.14  0.0   0.0   0.0   0.0   0.0   0.09  0.04  0.0   0.0   0.0   0.0   0.0   
27    D     0.07  0.05  0.07  0.38  0.0   0.0   0.14  0.11  0.0   0.0   0.0   0.07  0.0   0.0   0.0   0.07  0.04  0.0   0.0   0.0   
28    D     0.0   0.0   0.06  0.12  0.0   0.0   0.15  0.17  0.0   0.02  0.07  0.07  0.0   0.0   0.0   0.04  0.13  0.13  0.0   0.04  
29    L     0.07  0.04  0.0   0.0   0.0   0.0   0.0   0.0   0.0   0.0   0.73  0.0   0.0   0.0   0.0   0.0   0.0   0.04  0.03  0.08  
30    P     0.04  0.0   0.0   0.17  0.0   0.09  0.07  0.0   0.0   0.0   0.0   0.0   0.0   0.0   0.19  0.23  0.21  0.0   0.0   0.0   
31    P     0.02  0.0   0.0   0.44  0.0   0.06  0.28  0.07  0.05  0.0   0.0   0.0   0.0   0.0   0.04  0.0   0.03  0.0   0.0   0.0   
32    A     0.13  0.05  0.0   0.14  0.0   0.03  0.27  0.03  0.07  0.07  0.0   0.03  0.0   0.0   0.0   0.1   0.02  0.0   0.04  0.0   
33    Q     0.1   0.05  0.0   0.15  0.0   0.22  0.2   0.0   0.0   0.0   0.06  0.05  0.02  0.0   0.0   0.0   0.0   0.15  0.0   0.0   
34    M     0.0   0.16  0.0   0.0   0.0   0.0   0.0   0.0   0.11  0.0   0.23  0.0   0.5   0.0   0.0   0.0   0.0   0.0   0.0   0.0   
35    Q     0.0   0.0   0.0   0.0   0.0   0.76  0.0   0.0   0.06  0.0   0.0   0.0   0.0   0.0   0.05  0.12  0.0   0.0   0.0   0.0   
36    R     0.25  0.13  0.0   0.03  0.0   0.19  0.05  0.0   0.04  0.03  0.08  0.14  0.04  0.0   0.0   0.0   0.0   0.0   0.0   0.0   
37    I     0.0   0.0   0.0   0.0   0.0   0.0   0.0   0.0   0.0   0.8   0.13  0.0   0.02  0.0   0.0   0.0   0.0   0.0   0.0   0.04  
38    A     0.94  0.0   0.0   0.0   0.0   0.0   0.0   0.0   0.0   0.0   0.0   0.0   0.0   0.0   0.0   0.0   0.06  0.0   0.0   0.0   
39    R     0.16  0.45  0.03  0.0   0.07  0.0   0.06  0.0   0.0   0.05  0.0   0.09  0.0   0.0   0.0   0.04  0.04  0.0   0.0   0.0   
40    E     0.0   0.03  0.0   0.0   0.0   0.14  0.67  0.0   0.0   0.0   0.0   0.0   0.0   0.04  0.0   0.05  0.0   0.06  0.0   0.0   
41    M     0.03  0.0   0.06  0.0   0.0   0.0   0.0   0.0   0.04  0.03  0.13  0.0   0.24  0.06  0.07  0.05  0.06  0.0   0.0   0.21  
42    N     0.05  0.1   0.54  0.0   0.0   0.0   0.04  0.22  0.0   0.0   0.0   0.0   0.0   0.0   0.0   0.05  0.0   0.0   0.0   0.0   
43    L     0.04  0.0   0.04  0.05  0.0   0.1   0.0   0.07  0.05  0.0   0.43  0.0   0.0   0.04  0.0   0.05  0.0   0.0   0.12  0.0   
44    S     0.04  0.0   0.04  0.0   0.0   0.0   0.0   0.0   0.0   0.0   0.0   0.0   0.0   0.0   0.11  0.82  0.0   0.0   0.0   0.0   
45    E     0.0   0.0   0.0   0.18  0.0   0.0   0.76  0.0   0.0   0.0   0.0   0.0   0.0   0.0   0.0   0.0   0.0   0.0   0.0   0.06  
46    S     0.0   0.0   0.0   0.0   0.0   0.0   0.0   0.11  0.0   0.0   0.0   0.0   0.0   0.0   0.0   0.07  0.82  0.0   0.0   0.0   
47    T     0.49  0.0   0.0   0.0   0.0   0.0   0.0   0.0   0.0   0.06  0.04  0.0   0.04  0.0   0.0   0.09  0.14  0.0   0.0   0.13  
48    F     0.0   0.0   0.0   0.0   0.0   0.0   0.0   0.0   0.0   0.08  0.13  0.0   0.0   0.75  0.0   0.0   0.0   0.0   0.03  0.0   
49    V     0.0   0.0   0.0   0.0   0.0   0.0   0.0   0.0   0.0   0.2   0.3   0.0   0.0   0.04  0.03  0.0   0.0   0.0   0.0   0.41  
50    L     0.0   0.14  0.0   0.06  0.0   0.03  0.0   0.0   0.03  0.07  0.41  0.0   0.0   0.07  0.0   0.0   0.09  0.0   0.0   0.11  
51    K     0.0   0.09  0.0   0.0   0.07  0.07  0.0   0.03  0.11  0.0   0.09  0.3   0.0   0.0   0.18  0.04  0.0   0.0   0.0   0.0   
52    P     0.01  0.01  0.01  0.01  0.0   0.01  0.01  0.01  0.0   0.01  0.15  0.01  0.0   0.01  0.55  0.05  0.1   0.0   0.0   0.06  
53    R     0.03  0.14  0.0   0.04  0.0   0.06  0.01  0.01  0.03  0.01  0.01  0.04  0.0   0.0   0.01  0.44  0.11  0.0   0.04  0.01  
54    N     0.0   0.03  0.09  0.28  0.0   0.19  0.21  0.0   0.0   0.0   0.0   0.0   0.0   0.0   0.17  0.0   0.0   0.0   0.0   0.0   
55    G     0.0   0.03  0.0   0.2   0.02  0.06  0.06  0.12  0.0   0.0   0.0   0.09  0.0   0.0   0.13  0.16  0.07  0.0   0.0   0.04  
56    G     0.3   0.04  0.0   0.1   0.0   0.0   0.03  0.25  0.03  0.0   0.0   0.03  0.0   0.0   0.0   0.23  0.0   0.0   0.0   0.0   
57    D     0.07  0.09  0.03  0.49  0.12  0.0   0.0   0.0   0.0   0.0   0.04  0.04  0.0   0.0   0.06  0.0   0.05  0.0   0.0   0.0   
58    A     0.2   0.0   0.03  0.0   0.0   0.0   0.0   0.03  0.0   0.0   0.03  0.0   0.0   0.24  0.0   0.0   0.04  0.03  0.16  0.23  
59    L     0.04  0.32  0.03  0.0   0.0   0.0   0.03  0.21  0.1   0.0   0.06  0.13  0.0   0.0   0.0   0.07  0.0   0.04  0.0   0.0   
60    I     0.05  0.0   0.0   0.0   0.0   0.0   0.0   0.0   0.0   0.27  0.33  0.0   0.13  0.04  0.0   0.0   0.0   0.0   0.0   0.19  
61    R     0.0   0.83  0.0   0.0   0.0   0.0   0.0   0.0   0.0   0.07  0.04  0.0   0.0   0.0   0.0   0.0   0.05  0.0   0.0   0.0   
62    I     0.0   0.0   0.0   0.0   0.0   0.0   0.0   0.0   0.0   0.37  0.0   0.0   0.04  0.1   0.0   0.0   0.0   0.27  0.23  0.0   
63    F     0.0   0.0   0.0   0.0   0.0   0.0   0.0   0.0   0.05  0.04  0.0   0.0   0.0   0.91  0.0   0.0   0.0   0.0   0.0   0.0   
64    T     0.05  0.0   0.13  0.0   0.0   0.0   0.04  0.0   0.0   0.0   0.0   0.0   0.0   0.0   0.0   0.11  0.67  0.0   0.0   0.0   
65    P     0.0   0.0   0.07  0.13  0.0   0.0   0.0   0.0   0.0   0.0   0.05  0.0   0.0   0.0   0.7   0.0   0.0   0.0   0.0   0.04  
66    V     0.02  0.08  0.03  0.14  0.0   0.04  0.07  0.19  0.0   0.0   0.04  0.03  0.0   0.0   0.0   0.08  0.14  0.0   0.0   0.14  
67    N     0.04  0.03  0.09  0.0   0.03  0.07  0.0   0.13  0.06  0.0   0.02  0.0   0.0   0.0   0.0   0.28  0.08  0.0   0.06  0.11  
68    E     0.0   0.0   0.04  0.0   0.04  0.0   0.88  0.0   0.0   0.0   0.0   0.0   0.0   0.0   0.0   0.0   0.0   0.0   0.04  0.0   
69    L     0.13  0.0   0.0   0.0   0.0   0.0   0.0   0.06  0.0   0.12  0.31  0.0   0.06  0.04  0.0   0.0   0.0   0.0   0.0   0.28  
70    P     0.07  0.0   0.1   0.12  0.0   0.0   0.07  0.07  0.0   0.0   0.0   0.06  0.0   0.0   0.47  0.03  0.0   0.0   0.0   0.0   
71    F     0.0   0.0   0.06  0.0   0.0   0.0   0.0   0.0   0.0   0.09  0.32  0.0   0.22  0.31  0.0   0.0   0.0   0.0   0.0   0.0   
72    A     0.27  0.0   0.0   0.0   0.73  0.0   0.0   0.0   0.0   0.0   0.0   0.0   0.0   0.0   0.0   0.0   0.0   0.0   0.0   0.0   
73    G     0.0   0.0   0.0   0.0   0.0   0.0   0.0   1.0   0.0   0.0   0.0   0.0   0.0   0.0   0.0   0.0   0.0   0.0   0.0   0.0   
74    A     0.02  0.0   0.17  0.0   0.0   0.0   0.0   0.0   0.81  0.0   0.0   0.0   0.0   0.0   0.0   0.0   0.0   0.0   0.0   0.0   
75    P     0.5   0.0   0.0   0.0   0.0   0.0   0.0   0.22  0.0   0.0   0.0   0.0   0.0   0.0   0.27  0.0   0.0   0.0   0.0   0.0   
76    L     0.0   0.0   0.0   0.0   0.0   0.0   0.0   0.0   0.0   0.11  0.14  0.0   0.0   0.0   0.0   0.05  0.71  0.0   0.0   0.0   
77    L     0.0   0.09  0.0   0.0   0.04  0.0   0.0   0.0   0.0   0.27  0.36  0.0   0.04  0.0   0.0   0.0   0.0   0.0   0.0   0.2   
78    G     0.36  0.0   0.0   0.0   0.09  0.0   0.0   0.52  0.0   0.0   0.0   0.0   0.0   0.04  0.0   0.0   0.0   0.0   0.0   0.0   
79    T     0.27  0.03  0.0   0.0   0.0   0.0   0.0   0.0   0.0   0.0   0.04  0.04  0.0   0.0   0.0   0.29  0.16  0.0   0.0   0.17  
80    A     0.57  0.04  0.0   0.0   0.06  0.0   0.0   0.05  0.05  0.03  0.03  0.0   0.0   0.04  0.0   0.05  0.03  0.0   0.0   0.07  
81    I     0.15  0.07  0.0   0.0   0.0   0.0   0.0   0.0   0.09  0.11  0.03  0.12  0.0   0.06  0.0   0.0   0.04  0.07  0.17  0.08  
82    A     0.34  0.0   0.0   0.0   0.0   0.0   0.0   0.0   0.0   0.03  0.03  0.0   0.0   0.0   0.0   0.0   0.07  0.05  0.13  0.34  
83    L     0.06  0.05  0.0   0.04  0.0   0.03  0.0   0.0   0.0   0.09  0.64  0.0   0.0   0.03  0.0   0.0   0.0   0.0   0.0   0.07  
84    G     0.19  0.05  0.0   0.0   0.0   0.0   0.07  0.16  0.03  0.03  0.08  0.04  0.0   0.16  0.0   0.0   0.0   0.03  0.09  0.07  
85    A     0.08  0.0   0.04  0.0   0.0   0.07  0.44  0.03  0.13  0.0   0.06  0.06  0.03  0.0   0.0   0.05  0.02  0.0   0.0   0.0   
86    H     0.0   0.19  0.04  0.0   0.0   0.03  0.04  0.04  0.12  0.0   0.15  0.18  0.04  0.03  0.0   0.03  0.0   0.0   0.0   0.13  
87    T     0.04  0.04  0.02  0.0   0.0   0.03  0.08  0.0   0.0   0.12  0.17  0.0   0.0   0.0   0.06  0.04  0.15  0.04  0.12  0.09  
88    D     0.1   0.08  0.03  0.26  0.0   0.05  0.07  0.13  0.0   0.0   0.0   0.17  0.0   0.0   0.07  0.03  0.0   0.0   0.0   0.0   
89    N     0.03  0.03  0.26  0.06  0.0   0.0   0.13  0.1   0.0   0.0   0.08  0.06  0.0   0.0   0.1   0.0   0.09  0.0   0.0   0.07  
90    H     0.05  0.03  0.0   0.08  0.05  0.03  0.12  0.07  0.06  0.0   0.0   0.03  0.0   0.0   0.11  0.2   0.16  0.0   0.0   0.0   
91    R     0.03  0.22  0.09  0.0   0.0   0.04  0.05  0.07  0.0   0.05  0.0   0.03  0.02  0.0   0.06  0.11  0.22  0.0   0.0   0.0   
92    L     0.0   0.0   0.05  0.0   0.0   0.0   0.03  0.0   0.07  0.23  0.32  0.0   0.0   0.09  0.0   0.04  0.03  0.0   0.03  0.11  
93    Y     0.0   0.21  0.0   0.0   0.0   0.0   0.03  0.0   0.0   0.03  0.06  0.04  0.0   0.04  0.0   0.05  0.25  0.05  0.11  0.14  
94    L     0.0   0.0   0.0   0.0   0.0   0.11  0.0   0.0   0.04  0.19  0.37  0.0   0.0   0.23  0.0   0.0   0.0   0.0   0.0   0.07  
95    E     0.03  0.0   0.05  0.04  0.0   0.11  0.55  0.0   0.0   0.0   0.0   0.04  0.0   0.0   0.0   0.0   0.09  0.0   0.03  0.06  
96    T     0.0   0.0   0.0   0.0   0.06  0.0   0.06  0.0   0.0   0.0   0.0   0.0   0.0   0.07  0.0   0.1   0.66  0.0   0.0   0.05  
97    Q     0.0   0.04  0.03  0.0   0.0   0.09  0.0   0.04  0.0   0.03  0.33  0.16  0.03  0.0   0.2   0.0   0.0   0.0   0.0   0.04  
98    M     0.44  0.0   0.0   0.0   0.0   0.0   0.0   0.0   0.0   0.06  0.0   0.0   0.08  0.0   0.0   0.24  0.04  0.0   0.05  0.1   
99    G     0.0   0.03  0.0   0.0   0.0   0.0   0.0   0.93  0.0   0.0   0.0   0.0   0.04  0.0   0.0   0.0   0.0   0.0   0.0   0.0   
100   T     0.03  0.06  0.0   0.0   0.0   0.0   0.14  0.0   0.0   0.29  0.19  0.02  0.0   0.0   0.03  0.07  0.11  0.0   0.0   0.06  
101   I     0.0   0.0   0.0   0.0   0.0   0.0   0.0   0.07  0.05  0.09  0.27  0.04  0.03  0.0   0.0   0.0   0.0   0.0   0.0   0.44  
102   A     0.09  0.1   0.0   0.0   0.0   0.05  0.17  0.04  0.0   0.03  0.0   0.1   0.0   0.0   0.2   0.03  0.06  0.0   0.0   0.13  
103   F     0.17  0.0   0.0   0.0   0.03  0.0   0.0   0.0   0.0   0.1   0.22  0.0   0.0   0.11  0.03  0.0   0.0   0.0   0.0   0.32  
104   E     0.09  0.18  0.0   0.08  0.0   0.0   0.3   0.0   0.03  0.0   0.01  0.07  0.0   0.0   0.0   0.1   0.11  0.0   0.0   0.0   
105   L     0.05  0.05  0.0   0.01  0.0   0.0   0.03  0.01  0.0   0.14  0.28  0.06  0.04  0.0   0.01  0.01  0.01  0.0   0.05  0.25  
106   E     0.15  0.14  0.06  0.03  0.0   0.07  0.1   0.0   0.1   0.04  0.04  0.05  0.0   0.0   0.0   0.09  0.07  0.0   0.0   0.04  
107   R     0.03  0.27  0.0   0.09  0.0   0.0   0.11  0.04  0.0   0.07  0.04  0.1   0.0   0.0   0.01  0.04  0.01  0.0   0.03  0.14  
108   Q     0.07  0.03  0.0   0.19  0.0   0.11  0.42  0.0   0.06  0.0   0.0   0.1   0.0   0.0   0.0   0.0   0.0   0.0   0.0   0.0   
109   N     0.04  0.04  0.3   0.26  0.0   0.12  0.1   0.01  0.03  0.0   0.01  0.04  0.0   0.0   0.0   0.01  0.0   0.0   0.0   0.03  
110   G     0.0   0.0   0.06  0.19  0.0   0.0   0.04  0.6   0.0   0.0   0.0   0.0   0.0   0.0   0.0   0.0   0.04  0.0   0.05  0.0   
111   S     0.08  0.13  0.0   0.17  0.0   0.06  0.1   0.08  0.03  0.03  0.0   0.09  0.0   0.0   0.0   0.11  0.04  0.04  0.0   0.04  
112   V     0.09  0.01  0.01  0.04  0.0   0.01  0.01  0.05  0.0   0.08  0.21  0.01  0.0   0.0   0.01  0.11  0.01  0.07  0.0   0.29  
113   I     0.01  0.04  0.03  0.04  0.0   0.0   0.05  0.0   0.0   0.11  0.07  0.0   0.03  0.04  0.0   0.0   0.17  0.0   0.06  0.33  
114   A     0.26  0.07  0.01  0.05  0.04  0.04  0.01  0.05  0.04  0.01  0.09  0.05  0.04  0.01  0.01  0.04  0.01  0.04  0.01  0.13  
115   A     0.08  0.06  0.01  0.01  0.03  0.01  0.09  0.02  0.0   0.27  0.06  0.01  0.01  0.01  0.01  0.02  0.05  0.0   0.01  0.25  
116   S     0.01  0.05  0.01  0.05  0.0   0.01  0.12  0.01  0.0   0.01  0.02  0.05  0.0   0.01  0.05  0.23  0.23  0.0   0.01  0.14  
117   M     0.01  0.0   0.0   0.0   0.0   0.0   0.0   0.0   0.0   0.14  0.36  0.0   0.29  0.05  0.0   0.0   0.0   0.0   0.0   0.12  
118   D     0.01  0.0   0.0   0.49  0.0   0.03  0.1   0.05  0.05  0.0   0.01  0.08  0.0   0.0   0.0   0.0   0.11  0.0   0.05  0.0   
119   Q     0.01  0.01  0.01  0.05  0.0   0.28  0.01  0.01  0.0   0.01  0.06  0.05  0.15  0.23  0.05  0.01  0.01  0.0   0.0   0.05  
120   P     0.17  0.0   0.11  0.0   0.0   0.0   0.0   0.22  0.0   0.0   0.01  0.0   0.0   0.0   0.46  0.0   0.0   0.0   0.0   0.0   
121   I     0.2   0.0   0.0   0.0   0.0   0.04  0.17  0.0   0.05  0.1   0.19  0.0   0.0   0.0   0.0   0.08  0.04  0.0   0.0   0.13  
122   P     0.0   0.0   0.0   0.0   0.0   0.05  0.05  0.0   0.0   0.0   0.0   0.0   0.0   0.06  0.84  0.0   0.0   0.0   0.0   0.0   
123   T     0.0   0.13  0.0   0.0   0.0   0.29  0.0   0.1   0.0   0.05  0.0   0.0   0.0   0.0   0.0   0.18  0.21  0.0   0.05  0.0   
124   W     0.0   0.0   0.0   0.0   0.0   0.0   0.0   0.0   0.0   0.0   0.25  0.0   0.0   0.35  0.06  0.0   0.07  0.21  0.06  0.0   
125   T     0.0   0.2   0.0   0.0   0.0   0.0   0.13  0.0   0.0   0.0   0.0   0.14  0.0   0.0   0.15  0.15  0.23  0.0   0.0   0.0   
126   A     0.56  0.0   0.0   0.0   0.0   0.24  0.08  0.0   0.05  0.0   0.0   0.0   0.0   0.0   0.07  0.0   0.0   0.0   0.0   0.0   
127   L     0.0   0.0   0.0   0.0   0.0   0.0   0.0   0.0   0.0   0.0   0.35  0.0   0.0   0.36  0.0   0.0   0.0   0.0   0.0   0.3   
128   G     0.0   0.0   0.0   0.0   0.0   0.0   0.0   1.0   0.0   0.0   0.0   0.0   0.0   0.0   0.0   0.0   0.0   0.0   0.0   0.0   
