             A     R     N     D     C     Q     E     G     H     I     L     K     M     F     P     S     T     W     Y     V
1     V     0.0   0.0   0.0   0.0   0.0   0.0   0.0   0.0   0.0   0.08  0.21  0.0   0.54  0.0   0.0   0.0   0.0   0.0   0.0   0.18  
2     K     0.0   0.01  0.08  0.31  0.0   0.07  0.16  0.0   0.0   0.0   0.0   0.28  0.0   0.0   0.0   0.04  0.04  0.0   0.0   0.0   
3     T     0.03  0.01  0.02  0.01  0.0   0.0   0.0   0.04  0.0   0.25  0.03  0.0   0.0   0.01  0.01  0.06  0.33  0.0   0.0   0.2   
4     F     0.0   0.0   0.0   0.0   0.01  0.0   0.0   0.0   0.0   0.12  0.66  0.0   0.01  0.17  0.0   0.0   0.0   0.0   0.0   0.02  
5     E     0.08  0.06  0.05  0.16  0.0   0.07  0.19  0.02  0.06  0.02  0.02  0.05  0.0   0.0   0.06  0.11  0.03  0.0   0.03  0.0   
6     D     0.08  0.23  0.01  0.15  0.0   0.09  0.23  0.0   0.0   0.0   0.02  0.07  0.0   0.0   0.0   0.07  0.04  0.0   0.01  0.0   
7     L     0.0   0.0   0.0   0.0   0.0   0.0   0.01  0.0   0.0   0.02  0.85  0.0   0.01  0.0   0.0   0.0   0.0   0.0   0.0   0.11  
8     F     0.17  0.0   0.0   0.05  0.0   0.03  0.23  0.01  0.0   0.0   0.0   0.0   0.01  0.17  0.0   0.02  0.01  0.04  0.22  0.03  
9     A     0.25  0.08  0.02  0.08  0.01  0.14  0.2   0.03  0.02  0.0   0.01  0.06  0.0   0.0   0.0   0.08  0.03  0.0   0.0   0.0   
10    E     0.02  0.0   0.0   0.0   0.0   0.01  0.16  0.0   0.01  0.16  0.1   0.01  0.02  0.01  0.0   0.0   0.23  0.0   0.0   0.28  
11    L     0.02  0.0   0.0   0.0   0.0   0.0   0.0   0.0   0.0   0.48  0.38  0.0   0.0   0.0   0.0   0.0   0.0   0.0   0.0   0.13  
12    G     0.17  0.06  0.0   0.03  0.02  0.06  0.21  0.02  0.02  0.02  0.1   0.14  0.01  0.0   0.0   0.07  0.03  0.01  0.0   0.01  
13    D     0.14  0.03  0.01  0.2   0.0   0.1   0.27  0.0   0.0   0.01  0.01  0.06  0.0   0.01  0.0   0.11  0.03  0.0   0.0   0.0   
14    R     0.02  0.86  0.0   0.0   0.0   0.0   0.0   0.0   0.0   0.01  0.0   0.1   0.0   0.0   0.0   0.02  0.0   0.0   0.0   0.0   
15    A     0.21  0.1   0.01  0.0   0.0   0.02  0.02  0.0   0.02  0.06  0.05  0.46  0.01  0.0   0.0   0.03  0.01  0.0   0.0   0.01  
16    R     0.15  0.09  0.11  0.05  0.01  0.1   0.12  0.15  0.03  0.01  0.03  0.06  0.0   0.0   0.0   0.06  0.03  0.0   0.0   0.0   
17    T     0.23  0.02  0.14  0.07  0.0   0.02  0.14  0.06  0.04  0.0   0.02  0.02  0.0   0.01  0.0   0.07  0.13  0.0   0.01  0.0   
18    R     0.1   0.14  0.05  0.24  0.0   0.02  0.0   0.05  0.0   0.03  0.03  0.05  0.03  0.01  0.18  0.04  0.01  0.0   0.01  0.0   
19    P     0.03  0.0   0.03  0.03  0.0   0.04  0.02  0.02  0.0   0.04  0.04  0.05  0.0   0.0   0.61  0.01  0.02  0.0   0.0   0.04  
20    A     0.11  0.0   0.01  0.14  0.0   0.05  0.48  0.02  0.01  0.02  0.01  0.02  0.0   0.0   0.05  0.05  0.03  0.0   0.0   0.0   
21    D     0.04  0.01  0.07  0.06  0.0   0.03  0.07  0.37  0.02  0.01  0.01  0.08  0.0   0.0   0.0   0.13  0.08  0.0   0.0   0.02  
22    S     0.02  0.0   0.0   0.0   0.0   0.0   0.0   0.0   0.0   0.0   0.0   0.0   0.0   0.0   0.0   0.96  0.0   0.0   0.0   0.0   
23    T     0.02  0.03  0.0   0.0   0.0   0.0   0.0   0.07  0.02  0.0   0.02  0.01  0.0   0.0   0.0   0.0   0.01  0.07  0.75  0.0   
24    T     0.01  0.0   0.0   0.0   0.0   0.0   0.0   0.0   0.0   0.01  0.0   0.0   0.0   0.03  0.0   0.02  0.74  0.0   0.0   0.19  
25    V     0.44  0.05  0.08  0.02  0.02  0.01  0.0   0.0   0.0   0.0   0.0   0.05  0.0   0.01  0.0   0.12  0.04  0.0   0.02  0.14  
26    A     0.09  0.22  0.01  0.02  0.0   0.02  0.04  0.0   0.01  0.0   0.0   0.26  0.0   0.0   0.0   0.16  0.01  0.0   0.16  0.0   
27    A     0.06  0.0   0.0   0.0   0.0   0.01  0.04  0.0   0.0   0.02  0.85  0.0   0.01  0.0   0.0   0.01  0.0   0.0   0.0   0.01  
28    L     0.01  0.0   0.01  0.0   0.0   0.0   0.0   0.0   0.05  0.02  0.33  0.0   0.04  0.34  0.0   0.0   0.02  0.0   0.13  0.06  
29    D     0.17  0.02  0.08  0.18  0.0   0.05  0.13  0.02  0.08  0.0   0.0   0.07  0.0   0.0   0.0   0.12  0.08  0.0   0.0   0.0   
30    G     0.11  0.09  0.02  0.12  0.0   0.03  0.08  0.06  0.0   0.0   0.0   0.42  0.0   0.0   0.0   0.08  0.0   0.0   0.0   0.0   
31    G     0.02  0.0   0.01  0.03  0.0   0.0   0.06  0.83  0.0   0.0   0.0   0.0   0.0   0.0   0.01  0.02  0.0   0.0   0.0   0.0   
32    V     0.04  0.04  0.0   0.05  0.0   0.04  0.08  0.0   0.0   0.14  0.14  0.05  0.02  0.0   0.09  0.06  0.09  0.0   0.0   0.17  
33    H     0.03  0.01  0.16  0.34  0.0   0.0   0.09  0.05  0.14  0.0   0.02  0.06  0.0   0.0   0.05  0.02  0.01  0.0   0.0   0.0   
34    A     0.17  0.11  0.01  0.0   0.0   0.0   0.01  0.03  0.03  0.0   0.06  0.49  0.0   0.02  0.0   0.01  0.03  0.0   0.02  0.0   
35    L     0.05  0.0   0.0   0.0   0.05  0.02  0.0   0.0   0.0   0.62  0.1   0.0   0.02  0.02  0.01  0.01  0.0   0.0   0.0   0.1   
36    G     0.3   0.01  0.01  0.02  0.02  0.0   0.0   0.15  0.0   0.0   0.43  0.0   0.0   0.01  0.0   0.01  0.02  0.0   0.01  0.01  
37    K     0.05  0.06  0.0   0.0   0.0   0.16  0.15  0.0   0.0   0.0   0.0   0.56  0.0   0.0   0.0   0.01  0.0   0.0   0.0   0.0   
38    K     0.0   0.0   0.0   0.0   0.0   0.0   0.0   0.0   0.0   0.0   0.0   1.0   0.0   0.0   0.0   0.0   0.0   0.0   0.0   0.0   
39    L     0.0   0.0   0.0   0.0   0.0   0.0   0.0   0.0   0.0   0.34  0.15  0.0   0.0   0.1   0.0   0.0   0.0   0.0   0.01  0.39  
40    L     0.06  0.04  0.0   0.0   0.0   0.0   0.0   0.69  0.0   0.05  0.04  0.04  0.02  0.0   0.0   0.01  0.0   0.0   0.0   0.05  
41    E     0.0   0.0   0.0   0.0   0.0   0.0   1.0   0.0   0.0   0.0   0.0   0.0   0.0   0.0   0.0   0.0   0.0   0.0   0.0   0.0   
42    E     0.0   0.0   0.0   0.0   0.0   0.0   0.97  0.0   0.0   0.0   0.0   0.03  0.0   0.0   0.0   0.0   0.0   0.0   0.0   0.0   
43    A     0.71  0.0   0.0   0.0   0.04  0.0   0.0   0.07  0.0   0.0   0.01  0.0   0.0   0.0   0.0   0.14  0.04  0.0   0.0   0.0   
44    G     0.13  0.0   0.0   0.04  0.0   0.0   0.06  0.11  0.0   0.08  0.01  0.0   0.0   0.02  0.0   0.06  0.23  0.0   0.0   0.25  
45    E     0.0   0.0   0.0   0.0   0.0   0.0   1.0   0.0   0.0   0.0   0.0   0.0   0.0   0.0   0.0   0.0   0.0   0.0   0.0   0.0   
46    V     0.08  0.0   0.0   0.0   0.02  0.0   0.0   0.0   0.0   0.0   0.16  0.0   0.01  0.04  0.0   0.01  0.29  0.0   0.0   0.41  
47    W     0.11  0.0   0.0   0.0   0.04  0.0   0.0   0.01  0.0   0.33  0.07  0.01  0.0   0.0   0.0   0.01  0.01  0.13  0.0   0.28  
48    L     0.0   0.02  0.0   0.02  0.0   0.0   0.02  0.0   0.0   0.4   0.24  0.0   0.19  0.01  0.0   0.0   0.02  0.0   0.0   0.07  
49    A     0.83  0.0   0.0   0.02  0.0   0.0   0.06  0.03  0.0   0.0   0.0   0.0   0.0   0.0   0.0   0.02  0.02  0.0   0.0   0.0   
50    A     0.69  0.0   0.0   0.0   0.07  0.0   0.01  0.03  0.0   0.01  0.03  0.0   0.0   0.0   0.0   0.08  0.02  0.0   0.01  0.03  
51    E     0.01  0.01  0.0   0.01  0.0   0.0   0.18  0.0   0.0   0.03  0.07  0.43  0.02  0.0   0.0   0.0   0.04  0.0   0.0   0.17  
52    H     0.11  0.01  0.23  0.23  0.0   0.02  0.03  0.03  0.07  0.0   0.0   0.06  0.0   0.0   0.0   0.07  0.02  0.0   0.06  0.05  
53    E     0.07  0.03  0.1   0.05  0.0   0.08  0.2   0.26  0.02  0.0   0.01  0.1   0.0   0.0   0.02  0.03  0.01  0.0   0.0   0.0   
54    S     0.02  0.01  0.11  0.43  0.0   0.01  0.05  0.11  0.0   0.0   0.0   0.01  0.0   0.0   0.01  0.16  0.03  0.0   0.0   0.02  
55    N     0.03  0.23  0.05  0.12  0.02  0.02  0.05  0.01  0.02  0.0   0.0   0.3   0.0   0.0   0.08  0.03  0.03  0.0   0.0   0.0   
56    D     0.1   0.01  0.01  0.15  0.0   0.07  0.4   0.03  0.01  0.01  0.01  0.08  0.0   0.01  0.01  0.06  0.03  0.0   0.0   0.01  
57    A     0.17  0.12  0.06  0.06  0.0   0.03  0.38  0.03  0.04  0.0   0.0   0.07  0.0   0.0   0.0   0.03  0.0   0.0   0.0   0.01  
58    L     0.04  0.0   0.0   0.0   0.0   0.03  0.0   0.0   0.0   0.22  0.46  0.0   0.01  0.03  0.0   0.0   0.06  0.0   0.0   0.15  
59    A     0.25  0.01  0.0   0.0   0.0   0.01  0.0   0.0   0.0   0.3   0.03  0.02  0.0   0.0   0.01  0.02  0.06  0.0   0.0   0.3   
60    E     0.05  0.02  0.09  0.02  0.02  0.0   0.15  0.08  0.06  0.0   0.01  0.03  0.0   0.01  0.0   0.15  0.01  0.09  0.22  0.0   
61    E     0.0   0.0   0.0   0.0   0.0   0.0   1.0   0.0   0.0   0.0   0.0   0.0   0.0   0.0   0.0   0.0   0.0   0.0   0.0   0.0   
62    I     0.23  0.0   0.0   0.0   0.05  0.0   0.0   0.03  0.0   0.17  0.01  0.0   0.06  0.0   0.0   0.18  0.13  0.0   0.0   0.13  
63    S     0.67  0.0   0.0   0.01  0.02  0.0   0.0   0.01  0.0   0.0   0.0   0.0   0.0   0.0   0.0   0.25  0.02  0.0   0.0   0.03  
64    Q     0.0   0.0   0.0   0.87  0.0   0.13  0.0   0.0   0.0   0.0   0.0   0.0   0.0   0.0   0.0   0.0   0.0   0.0   0.0   0.0   
65    L     0.0   0.0   0.0   0.0   0.0   0.0   0.02  0.0   0.0   0.01  0.82  0.0   0.02  0.0   0.0   0.0   0.01  0.0   0.0   0.12  
66    L     0.0   0.0   0.0   0.0   0.0   0.0   0.0   0.0   0.0   0.21  0.42  0.0   0.07  0.09  0.0   0.0   0.02  0.14  0.0   0.06  
67    Y     0.0   0.0   0.0   0.0   0.0   0.0   0.0   0.0   0.0   0.0   0.0   0.0   0.0   0.29  0.0   0.0   0.0   0.0   0.71  0.0   
68    W     0.0   0.01  0.05  0.0   0.0   0.0   0.0   0.0   0.81  0.0   0.0   0.0   0.0   0.08  0.0   0.0   0.01  0.06  0.0   0.0   
69    T     0.13  0.0   0.0   0.0   0.06  0.0   0.0   0.0   0.0   0.02  0.44  0.0   0.03  0.03  0.0   0.07  0.15  0.02  0.0   0.05  
70    Q     0.03  0.0   0.0   0.0   0.0   0.14  0.0   0.0   0.0   0.05  0.48  0.0   0.19  0.05  0.0   0.01  0.03  0.0   0.0   0.01  
71    V     0.03  0.0   0.0   0.0   0.0   0.0   0.0   0.0   0.0   0.04  0.03  0.0   0.0   0.01  0.0   0.0   0.03  0.0   0.0   0.87  
72    L     0.08  0.04  0.01  0.0   0.0   0.0   0.0   0.02  0.0   0.01  0.57  0.02  0.16  0.0   0.0   0.01  0.01  0.01  0.0   0.06  
73    M     0.02  0.0   0.0   0.0   0.04  0.0   0.0   0.0   0.0   0.0   0.67  0.0   0.22  0.0   0.0   0.0   0.0   0.05  0.0   0.01  
74    I     0.36  0.03  0.03  0.0   0.0   0.04  0.01  0.01  0.05  0.09  0.02  0.05  0.03  0.0   0.0   0.08  0.03  0.0   0.0   0.16  
75    S     0.25  0.02  0.02  0.08  0.0   0.03  0.12  0.03  0.09  0.04  0.03  0.09  0.01  0.02  0.0   0.07  0.01  0.01  0.06  0.01  
76    R     0.12  0.19  0.05  0.0   0.02  0.12  0.03  0.01  0.06  0.0   0.07  0.13  0.0   0.03  0.0   0.06  0.02  0.0   0.06  0.02  
77    G     0.01  0.01  0.13  0.18  0.0   0.01  0.03  0.61  0.01  0.0   0.0   0.01  0.0   0.0   0.0   0.01  0.0   0.0   0.0   0.0   
78    L     0.0   0.0   0.0   0.0   0.0   0.02  0.0   0.0   0.0   0.28  0.29  0.0   0.02  0.0   0.0   0.01  0.01  0.0   0.01  0.35  
79    S     0.04  0.06  0.03  0.11  0.0   0.01  0.07  0.02  0.03  0.0   0.0   0.08  0.0   0.0   0.1   0.26  0.17  0.0   0.0   0.0   
80    L     0.01  0.0   0.0   0.0   0.0   0.0   0.0   0.0   0.0   0.07  0.5   0.0   0.02  0.06  0.23  0.0   0.01  0.04  0.01  0.04  
81    D     0.1   0.03  0.04  0.23  0.0   0.07  0.33  0.04  0.01  0.0   0.01  0.04  0.0   0.0   0.0   0.07  0.02  0.0   0.02  0.0   
82    D     0.08  0.02  0.04  0.56  0.0   0.04  0.18  0.01  0.0   0.0   0.02  0.02  0.0   0.0   0.0   0.01  0.01  0.0   0.0   0.0   
83    V     0.0   0.0   0.0   0.0   0.0   0.0   0.0   0.0   0.0   0.23  0.04  0.0   0.0   0.0   0.0   0.0   0.0   0.0   0.0   0.73  
84    Y     0.07  0.02  0.01  0.0   0.01  0.01  0.12  0.01  0.0   0.11  0.2   0.04  0.09  0.03  0.0   0.02  0.02  0.05  0.17  0.03  
85    R     0.24  0.17  0.09  0.1   0.0   0.05  0.15  0.01  0.0   0.0   0.01  0.11  0.0   0.0   0.0   0.04  0.03  0.0   0.0   0.0   
86    K     0.01  0.01  0.1   0.0   0.0   0.01  0.61  0.0   0.07  0.0   0.0   0.08  0.0   0.0   0.0   0.01  0.01  0.0   0.01  0.07  
87    L     0.0   0.0   0.0   0.0   0.0   0.0   0.0   0.0   0.0   0.0   0.91  0.0   0.03  0.04  0.0   0.0   0.0   0.0   0.0   0.02  
