             A     R     N     D     C     Q     E     G     H     I     L     K     M     F     P     S     T     W     Y     V
1     R     0.0   0.98  0.0   0.0   0.0   0.02  0.0   0.0   0.0   0.0   0.0   0.0   0.0   0.0   0.0   0.0   0.0   0.0   0.0   0.0   
2     E     0.0   0.0   0.03  0.06  0.0   0.06  0.29  0.21  0.0   0.0   0.0   0.0   0.0   0.0   0.25  0.0   0.08  0.0   0.0   0.01  
3     H     0.06  0.0   0.2   0.0   0.0   0.17  0.0   0.04  0.09  0.0   0.01  0.12  0.0   0.06  0.0   0.03  0.22  0.0   0.0   0.0   
4     W     0.0   0.0   0.0   0.0   0.0   0.0   0.0   0.0   0.0   0.0   0.0   0.0   0.0   0.08  0.0   0.0   0.0   0.92  0.0   0.0   
5     A     0.11  0.0   0.09  0.09  0.0   0.0   0.0   0.2   0.0   0.0   0.0   0.01  0.0   0.0   0.0   0.38  0.11  0.0   0.0   0.0   
6     T     0.0   0.04  0.41  0.0   0.0   0.01  0.0   0.11  0.01  0.0   0.0   0.08  0.0   0.0   0.0   0.29  0.04  0.0   0.0   0.0   
7     R     0.0   0.14  0.03  0.0   0.0   0.08  0.0   0.08  0.0   0.0   0.0   0.58  0.0   0.0   0.04  0.06  0.0   0.0   0.0   0.0   
8     L     0.07  0.03  0.0   0.0   0.0   0.0   0.0   0.0   0.0   0.13  0.39  0.0   0.13  0.09  0.0   0.05  0.06  0.0   0.0   0.04  
9     G     0.03  0.0   0.0   0.3   0.0   0.2   0.31  0.12  0.0   0.0   0.0   0.0   0.0   0.0   0.0   0.0   0.04  0.0   0.0   0.0   
10    L     0.0   0.0   0.0   0.0   0.0   0.0   0.0   0.0   0.0   0.0   0.04  0.0   0.0   0.67  0.0   0.0   0.0   0.0   0.29  0.0   
11    I     0.0   0.0   0.0   0.0   0.0   0.0   0.0   0.0   0.0   0.32  0.35  0.0   0.03  0.0   0.0   0.0   0.0   0.0   0.0   0.3   
12    L     0.0   0.0   0.0   0.0   0.0   0.0   0.0   0.0   0.0   0.0   0.73  0.0   0.23  0.04  0.0   0.0   0.0   0.0   0.0   0.0   
13    A     0.38  0.0   0.0   0.0   0.0   0.0   0.0   0.0   0.0   0.0   0.0   0.0   0.0   0.0   0.0   0.45  0.16  0.0   0.0   0.02  
14    M     0.08  0.0   0.0   0.0   0.28  0.12  0.0   0.0   0.0   0.0   0.0   0.0   0.11  0.0   0.0   0.11  0.0   0.0   0.0   0.3   
15    A     0.25  0.0   0.0   0.0   0.0   0.0   0.0   0.0   0.0   0.35  0.06  0.0   0.0   0.0   0.0   0.0   0.01  0.0   0.0   0.33  
16    G     0.03  0.0   0.0   0.0   0.0   0.0   0.0   0.84  0.0   0.0   0.0   0.0   0.0   0.0   0.0   0.13  0.0   0.0   0.0   0.0   
17    N     0.04  0.0   0.04  0.0   0.0   0.0   0.08  0.03  0.0   0.0   0.04  0.0   0.0   0.35  0.0   0.11  0.0   0.0   0.22  0.08  
18    A     0.55  0.0   0.0   0.0   0.05  0.0   0.0   0.0   0.0   0.08  0.0   0.0   0.0   0.03  0.0   0.21  0.08  0.0   0.0   0.0   
19    V     0.04  0.0   0.0   0.0   0.0   0.0   0.0   0.0   0.0   0.17  0.0   0.0   0.06  0.0   0.0   0.0   0.0   0.0   0.0   0.73  
20    G     0.0   0.0   0.0   0.1   0.0   0.0   0.0   0.83  0.0   0.0   0.0   0.06  0.0   0.0   0.0   0.0   0.0   0.0   0.0   0.0   
21    L     0.0   0.0   0.0   0.0   0.0   0.0   0.0   0.0   0.0   0.0   0.86  0.0   0.0   0.04  0.06  0.0   0.0   0.0   0.0   0.04  
22    G     0.05  0.0   0.0   0.0   0.0   0.0   0.0   0.88  0.0   0.0   0.0   0.0   0.0   0.0   0.0   0.07  0.0   0.0   0.0   0.0   
23    N     0.1   0.0   0.8   0.0   0.06  0.0   0.0   0.0   0.0   0.0   0.0   0.0   0.0   0.0   0.0   0.04  0.0   0.0   0.0   0.0   
24    F     0.0   0.0   0.0   0.0   0.0   0.0   0.0   0.0   0.0   0.28  0.06  0.0   0.0   0.08  0.0   0.0   0.04  0.0   0.0   0.53  
25    L     0.0   0.0   0.0   0.0   0.0   0.0   0.0   0.0   0.0   0.0   0.04  0.0   0.0   0.0   0.0   0.0   0.0   0.96  0.0   0.0   
26    R     0.0   0.9   0.0   0.0   0.0   0.0   0.0   0.0   0.0   0.0   0.0   0.1   0.0   0.0   0.0   0.0   0.0   0.0   0.0   0.0   
27    F     0.0   0.0   0.0   0.0   0.0   0.0   0.0   0.0   0.0   0.0   0.0   0.0   0.0   1.0   0.0   0.0   0.0   0.0   0.0   0.0   
28    P     0.06  0.0   0.0   0.0   0.0   0.0   0.0   0.03  0.0   0.0   0.0   0.0   0.0   0.0   0.91  0.0   0.0   0.0   0.0   0.0   
29    V     0.0   0.0   0.0   0.0   0.0   0.0   0.0   0.0   0.0   0.0   0.0   0.0   0.0   0.12  0.0   0.0   0.05  0.0   0.79  0.04  
30    Q     0.0   0.06  0.0   0.0   0.0   0.04  0.0   0.0   0.0   0.03  0.64  0.0   0.04  0.0   0.0   0.0   0.11  0.0   0.0   0.07  
31    A     0.27  0.0   0.0   0.0   0.52  0.0   0.0   0.0   0.0   0.0   0.0   0.0   0.0   0.0   0.0   0.0   0.04  0.06  0.0   0.11  
32    A     0.04  0.0   0.0   0.0   0.0   0.17  0.0   0.12  0.01  0.0   0.06  0.0   0.0   0.09  0.0   0.0   0.0   0.0   0.51  0.0   
33    E     0.0   0.03  0.11  0.0   0.0   0.1   0.2   0.0   0.0   0.0   0.0   0.34  0.05  0.0   0.0   0.05  0.13  0.0   0.0   0.0   
34    N     0.0   0.0   0.74  0.0   0.0   0.0   0.0   0.0   0.09  0.0   0.0   0.0   0.0   0.0   0.0   0.11  0.0   0.0   0.06  0.0   
35    G     0.0   0.0   0.0   0.0   0.0   0.0   0.0   1.0   0.0   0.0   0.0   0.0   0.0   0.0   0.0   0.0   0.0   0.0   0.0   0.0   
36    G     0.0   0.0   0.0   0.0   0.0   0.0   0.0   1.0   0.0   0.0   0.0   0.0   0.0   0.0   0.0   0.0   0.0   0.0   0.0   0.0   
37    G     0.04  0.0   0.0   0.0   0.06  0.0   0.0   0.85  0.0   0.0   0.0   0.0   0.0   0.0   0.0   0.05  0.0   0.0   0.0   0.0   
38    A     0.78  0.0   0.02  0.0   0.0   0.0   0.0   0.0   0.0   0.0   0.0   0.0   0.0   0.0   0.0   0.12  0.0   0.0   0.0   0.08  
39    F     0.0   0.0   0.0   0.0   0.0   0.0   0.0   0.0   0.0   0.0   0.0   0.0   0.0   0.89  0.0   0.0   0.0   0.0   0.11  0.0   
40    M     0.06  0.0   0.0   0.0   0.0   0.0   0.0   0.0   0.0   0.03  0.66  0.0   0.11  0.09  0.0   0.0   0.0   0.0   0.0   0.04  
41    I     0.06  0.0   0.0   0.0   0.0   0.0   0.0   0.0   0.0   0.52  0.17  0.0   0.0   0.03  0.0   0.0   0.0   0.0   0.0   0.21  
42    P     0.0   0.0   0.0   0.0   0.0   0.0   0.0   0.0   0.0   0.12  0.04  0.0   0.0   0.0   0.8   0.0   0.0   0.0   0.0   0.03  
43    Y     0.0   0.0   0.0   0.0   0.0   0.0   0.0   0.0   0.0   0.0   0.0   0.0   0.0   0.14  0.0   0.0   0.0   0.0   0.86  0.0   
44    I     0.01  0.0   0.0   0.0   0.07  0.0   0.0   0.01  0.0   0.29  0.3   0.0   0.03  0.14  0.0   0.02  0.04  0.0   0.0   0.09  
45    I     0.0   0.0   0.0   0.0   0.04  0.0   0.0   0.0   0.0   0.58  0.15  0.0   0.02  0.07  0.0   0.0   0.06  0.0   0.0   0.08  
46    A     0.18  0.0   0.0   0.0   0.05  0.0   0.0   0.0   0.0   0.05  0.1   0.0   0.29  0.23  0.0   0.0   0.01  0.0   0.0   0.09  
47    F     0.12  0.0   0.0   0.0   0.0   0.0   0.0   0.0   0.0   0.0   0.61  0.0   0.06  0.13  0.0   0.0   0.06  0.0   0.0   0.02  
48    L     0.05  0.0   0.0   0.0   0.07  0.0   0.0   0.0   0.0   0.27  0.18  0.0   0.01  0.29  0.0   0.0   0.0   0.0   0.0   0.13  
49    L     0.0   0.0   0.0   0.0   0.04  0.0   0.0   0.03  0.0   0.09  0.44  0.0   0.01  0.14  0.0   0.02  0.06  0.0   0.0   0.17  
50    V     0.18  0.0   0.0   0.0   0.13  0.0   0.11  0.11  0.0   0.21  0.03  0.0   0.0   0.05  0.0   0.02  0.02  0.0   0.0   0.14  
51    G     0.03  0.0   0.0   0.0   0.0   0.0   0.0   0.92  0.0   0.0   0.0   0.0   0.0   0.0   0.0   0.05  0.0   0.0   0.0   0.0   
52    I     0.0   0.0   0.0   0.0   0.0   0.0   0.0   0.0   0.0   0.49  0.19  0.08  0.07  0.0   0.0   0.0   0.0   0.0   0.03  0.14  
53    P     0.0   0.0   0.0   0.0   0.0   0.0   0.0   0.0   0.0   0.0   0.0   0.0   0.0   0.0   1.0   0.0   0.0   0.0   0.0   0.0   
54    L     0.05  0.0   0.0   0.0   0.0   0.0   0.0   0.0   0.0   0.11  0.58  0.0   0.16  0.0   0.0   0.0   0.0   0.0   0.0   0.1   
55    M     0.0   0.0   0.0   0.0   0.0   0.0   0.0   0.0   0.0   0.04  0.25  0.0   0.07  0.51  0.0   0.0   0.0   0.0   0.08  0.05  
56    W     0.0   0.0   0.0   0.0   0.0   0.0   0.0   0.0   0.02  0.03  0.13  0.0   0.0   0.42  0.0   0.0   0.0   0.04  0.33  0.03  
57    I     0.0   0.0   0.0   0.0   0.0   0.0   0.0   0.06  0.0   0.07  0.55  0.0   0.22  0.05  0.0   0.0   0.0   0.0   0.0   0.05  
58    E     0.0   0.0   0.0   0.03  0.0   0.0   0.97  0.0   0.0   0.0   0.0   0.0   0.0   0.0   0.0   0.0   0.0   0.0   0.0   0.0   
59    W     0.0   0.0   0.04  0.0   0.02  0.0   0.0   0.0   0.0   0.05  0.31  0.0   0.18  0.17  0.0   0.0   0.04  0.04  0.03  0.11  
60    A     0.48  0.0   0.0   0.0   0.02  0.0   0.0   0.0   0.0   0.17  0.05  0.0   0.0   0.0   0.0   0.18  0.03  0.0   0.0   0.08  
61    M     0.06  0.0   0.0   0.0   0.0   0.0   0.0   0.0   0.0   0.25  0.32  0.0   0.1   0.07  0.0   0.0   0.05  0.0   0.0   0.16  
62    G     0.0   0.0   0.0   0.0   0.0   0.0   0.0   1.0   0.0   0.0   0.0   0.0   0.0   0.0   0.0   0.0   0.0   0.0   0.0   0.0   
63    R     0.0   0.18  0.0   0.0   0.0   0.76  0.0   0.0   0.06  0.0   0.0   0.0   0.0   0.0   0.0   0.0   0.0   0.0   0.0   0.0   
64    Y     0.01  0.18  0.0   0.0   0.0   0.0   0.0   0.01  0.0   0.0   0.01  0.06  0.0   0.33  0.0   0.07  0.0   0.0   0.31  0.0   
65    G     0.08  0.05  0.04  0.04  0.0   0.06  0.01  0.24  0.02  0.05  0.09  0.01  0.11  0.01  0.01  0.06  0.1   0.0   0.01  0.02  
66    G     0.09  0.21  0.03  0.05  0.0   0.01  0.01  0.18  0.0   0.01  0.02  0.04  0.0   0.01  0.02  0.17  0.11  0.0   0.02  0.01  
67    A     0.09  0.16  0.01  0.01  0.01  0.1   0.07  0.02  0.0   0.06  0.02  0.12  0.0   0.01  0.01  0.18  0.01  0.0   0.0   0.11  
68    Q     0.04  0.04  0.02  0.01  0.0   0.2   0.03  0.32  0.04  0.04  0.01  0.12  0.04  0.01  0.01  0.01  0.05  0.0   0.0   0.01  
69    G     0.04  0.08  0.0   0.0   0.05  0.0   0.01  0.41  0.04  0.08  0.01  0.0   0.0   0.0   0.03  0.15  0.06  0.0   0.0   0.02  
70    H     0.03  0.03  0.07  0.0   0.0   0.04  0.0   0.03  0.06  0.14  0.1   0.07  0.05  0.04  0.03  0.08  0.0   0.16  0.03  0.02  
71    G     0.02  0.0   0.02  0.0   0.0   0.04  0.0   0.49  0.0   0.06  0.01  0.08  0.0   0.0   0.0   0.11  0.04  0.0   0.03  0.08  
72    T     0.06  0.05  0.04  0.01  0.08  0.01  0.01  0.04  0.0   0.14  0.02  0.01  0.0   0.01  0.01  0.14  0.23  0.0   0.01  0.13  
73    T     0.16  0.01  0.05  0.01  0.09  0.01  0.02  0.02  0.01  0.14  0.09  0.01  0.01  0.01  0.05  0.07  0.04  0.11  0.01  0.09  
74    P     0.09  0.04  0.02  0.02  0.06  0.01  0.06  0.08  0.01  0.02  0.03  0.02  0.01  0.01  0.3   0.09  0.03  0.05  0.01  0.04  
75    A     0.11  0.02  0.05  0.02  0.01  0.04  0.03  0.09  0.01  0.1   0.08  0.08  0.01  0.02  0.09  0.1   0.05  0.01  0.01  0.07  
76    I     0.07  0.03  0.02  0.06  0.01  0.02  0.03  0.07  0.01  0.26  0.1   0.04  0.01  0.12  0.03  0.03  0.03  0.01  0.02  0.03  
77    F     0.08  0.03  0.02  0.03  0.1   0.02  0.03  0.04  0.04  0.04  0.09  0.03  0.02  0.12  0.03  0.09  0.06  0.01  0.02  0.1   
78    Y     0.04  0.03  0.03  0.03  0.02  0.02  0.06  0.13  0.01  0.05  0.05  0.06  0.01  0.02  0.17  0.04  0.03  0.01  0.12  0.04  
79    L     0.08  0.03  0.03  0.03  0.01  0.02  0.04  0.04  0.01  0.03  0.21  0.1   0.01  0.02  0.04  0.04  0.06  0.04  0.04  0.13  
80    L     0.02  0.01  0.01  0.01  0.03  0.01  0.02  0.11  0.03  0.06  0.19  0.05  0.01  0.1   0.05  0.02  0.01  0.0   0.01  0.23  
81    W     0.03  0.01  0.01  0.01  0.0   0.01  0.05  0.02  0.01  0.01  0.02  0.01  0.01  0.04  0.01  0.1   0.01  0.5   0.1   0.02  
82    R     0.06  0.22  0.01  0.02  0.01  0.03  0.02  0.18  0.01  0.02  0.03  0.19  0.01  0.01  0.02  0.06  0.05  0.0   0.04  0.02  
83    N     0.06  0.09  0.08  0.02  0.04  0.11  0.02  0.08  0.01  0.09  0.03  0.06  0.01  0.01  0.05  0.12  0.08  0.0   0.01  0.04  
84    R     0.13  0.19  0.01  0.01  0.0   0.01  0.01  0.08  0.01  0.1   0.02  0.1   0.01  0.01  0.18  0.02  0.01  0.03  0.04  0.03  
85    F     0.05  0.01  0.01  0.01  0.04  0.01  0.01  0.03  0.0   0.14  0.07  0.01  0.06  0.2   0.04  0.05  0.01  0.0   0.13  0.09  
86    A     0.27  0.05  0.01  0.01  0.08  0.01  0.01  0.09  0.0   0.01  0.11  0.01  0.0   0.08  0.08  0.1   0.01  0.04  0.01  0.01  
87    K     0.04  0.01  0.0   0.0   0.0   0.06  0.01  0.04  0.0   0.0   0.02  0.29  0.0   0.0   0.19  0.11  0.1   0.08  0.0   0.03  
88    I     0.01  0.0   0.0   0.0   0.0   0.01  0.01  0.34  0.03  0.38  0.03  0.03  0.02  0.05  0.0   0.01  0.0   0.0   0.02  0.05  
89    L     0.03  0.0   0.0   0.0   0.12  0.0   0.02  0.04  0.0   0.13  0.27  0.02  0.0   0.09  0.0   0.03  0.0   0.0   0.0   0.22  
90    G     0.01  0.0   0.0   0.0   0.0   0.0   0.06  0.71  0.0   0.1   0.02  0.04  0.0   0.0   0.0   0.01  0.0   0.0   0.0   0.03  
91    V     0.01  0.0   0.0   0.0   0.04  0.0   0.0   0.12  0.0   0.18  0.1   0.0   0.02  0.04  0.0   0.03  0.0   0.07  0.23  0.13  
92    F     0.25  0.04  0.0   0.01  0.02  0.0   0.01  0.04  0.0   0.16  0.04  0.01  0.07  0.08  0.0   0.13  0.08  0.0   0.0   0.04  
93    G     0.03  0.0   0.0   0.04  0.01  0.0   0.0   0.38  0.0   0.0   0.01  0.0   0.05  0.02  0.0   0.26  0.0   0.0   0.1   0.06  
94    L     0.02  0.0   0.0   0.0   0.04  0.01  0.0   0.01  0.0   0.09  0.17  0.0   0.13  0.07  0.0   0.0   0.04  0.03  0.17  0.19  
95    W     0.16  0.01  0.0   0.01  0.0   0.0   0.01  0.01  0.0   0.07  0.14  0.01  0.05  0.05  0.01  0.12  0.03  0.1   0.03  0.21  
96    I     0.04  0.0   0.0   0.0   0.0   0.0   0.0   0.04  0.0   0.33  0.03  0.0   0.0   0.0   0.0   0.15  0.09  0.0   0.03  0.26  
97    P     0.13  0.0   0.09  0.0   0.22  0.04  0.05  0.0   0.0   0.0   0.1   0.0   0.0   0.0   0.03  0.21  0.0   0.0   0.0   0.1   
98    L     0.04  0.0   0.0   0.0   0.04  0.0   0.0   0.0   0.0   0.04  0.21  0.0   0.02  0.39  0.0   0.08  0.02  0.0   0.0   0.15  
99    V     0.1   0.0   0.0   0.0   0.0   0.0   0.0   0.04  0.0   0.21  0.22  0.0   0.02  0.07  0.0   0.0   0.0   0.01  0.16  0.14  
100   V     0.02  0.0   0.04  0.0   0.04  0.0   0.03  0.0   0.0   0.23  0.29  0.0   0.03  0.0   0.0   0.0   0.0   0.0   0.0   0.32  
101   A     0.2   0.0   0.15  0.03  0.03  0.0   0.0   0.2   0.0   0.0   0.07  0.0   0.04  0.0   0.0   0.16  0.13  0.0   0.0   0.0   
102   I     0.04  0.04  0.0   0.0   0.0   0.0   0.0   0.0   0.0   0.22  0.28  0.0   0.05  0.07  0.0   0.13  0.06  0.0   0.0   0.11  
103   Y     0.03  0.0   0.0   0.0   0.0   0.0   0.0   0.0   0.0   0.0   0.0   0.0   0.0   0.11  0.04  0.0   0.0   0.0   0.83  0.0   
104   Y     0.04  0.0   0.0   0.0   0.0   0.0   0.0   0.0   0.0   0.0   0.0   0.0   0.0   0.08  0.0   0.0   0.0   0.0   0.88  0.0   
105   V     0.03  0.0   0.41  0.0   0.0   0.0   0.04  0.0   0.0   0.21  0.09  0.0   0.04  0.0   0.0   0.09  0.0   0.0   0.03  0.07  
106   Y     0.0   0.0   0.0   0.0   0.0   0.0   0.0   0.0   0.0   0.12  0.01  0.0   0.05  0.09  0.0   0.0   0.11  0.0   0.09  0.53  
107   I     0.0   0.0   0.0   0.0   0.0   0.0   0.0   0.0   0.0   0.65  0.04  0.0   0.0   0.03  0.0   0.0   0.0   0.0   0.0   0.29  
108   E     0.0   0.0   0.09  0.02  0.0   0.0   0.08  0.1   0.0   0.3   0.25  0.0   0.01  0.03  0.0   0.07  0.0   0.0   0.0   0.05  
109   S     0.38  0.0   0.0   0.01  0.05  0.0   0.02  0.21  0.0   0.0   0.02  0.0   0.0   0.03  0.04  0.16  0.07  0.0   0.0   0.0   
110   W     0.0   0.0   0.0   0.0   0.0   0.03  0.0   0.0   0.0   0.02  0.01  0.0   0.0   0.0   0.0   0.0   0.0   0.85  0.05  0.0   
111   T     0.26  0.0   0.0   0.0   0.03  0.02  0.0   0.06  0.0   0.17  0.01  0.0   0.04  0.0   0.0   0.16  0.12  0.0   0.0   0.1   
112   L     0.05  0.0   0.0   0.01  0.0   0.0   0.01  0.01  0.0   0.16  0.41  0.01  0.08  0.05  0.01  0.06  0.03  0.0   0.03  0.07  
113   G     0.01  0.02  0.0   0.01  0.03  0.0   0.03  0.09  0.04  0.07  0.05  0.01  0.0   0.21  0.0   0.11  0.04  0.07  0.2   0.01  
114   F     0.01  0.0   0.04  0.0   0.0   0.0   0.01  0.01  0.0   0.0   0.01  0.01  0.0   0.15  0.0   0.01  0.02  0.03  0.69  0.01  
115   A     0.07  0.0   0.03  0.0   0.07  0.0   0.0   0.04  0.0   0.11  0.33  0.0   0.04  0.08  0.0   0.1   0.07  0.03  0.0   0.0   
116   I     0.01  0.06  0.0   0.01  0.0   0.04  0.02  0.01  0.0   0.21  0.08  0.01  0.0   0.28  0.01  0.07  0.03  0.01  0.06  0.09  
117   K     0.07  0.0   0.12  0.07  0.0   0.08  0.02  0.02  0.01  0.0   0.01  0.16  0.0   0.03  0.03  0.24  0.02  0.03  0.05  0.01  
118   F     0.04  0.0   0.02  0.04  0.03  0.0   0.06  0.03  0.0   0.04  0.07  0.0   0.0   0.14  0.0   0.41  0.0   0.0   0.12  0.0   
119   L     0.01  0.0   0.0   0.0   0.06  0.0   0.0   0.01  0.0   0.05  0.22  0.0   0.02  0.45  0.06  0.01  0.02  0.07  0.0   0.0   
120   V     0.02  0.04  0.0   0.0   0.0   0.11  0.0   0.01  0.0   0.03  0.01  0.0   0.04  0.09  0.0   0.07  0.43  0.02  0.0   0.11  
121   G     0.01  0.04  0.1   0.03  0.0   0.0   0.01  0.23  0.11  0.03  0.01  0.02  0.01  0.02  0.01  0.19  0.09  0.02  0.05  0.0   
122   L     0.09  0.02  0.05  0.03  0.07  0.02  0.11  0.05  0.0   0.01  0.08  0.02  0.0   0.08  0.05  0.11  0.09  0.0   0.0   0.09  
123   V     0.02  0.01  0.0   0.05  0.02  0.0   0.01  0.01  0.0   0.01  0.5   0.03  0.0   0.1   0.01  0.01  0.06  0.03  0.0   0.13  
124   P     0.02  0.01  0.07  0.12  0.0   0.13  0.0   0.03  0.01  0.03  0.0   0.0   0.0   0.0   0.49  0.05  0.03  0.0   0.0   0.0   
125   E     0.0   0.02  0.07  0.09  0.0   0.09  0.18  0.0   0.04  0.03  0.04  0.0   0.0   0.0   0.0   0.14  0.06  0.2   0.03  0.0   
126   P     0.1   0.08  0.0   0.01  0.08  0.02  0.04  0.06  0.0   0.0   0.02  0.02  0.02  0.0   0.33  0.05  0.15  0.0   0.0   0.0   
127   P     0.05  0.02  0.04  0.02  0.0   0.02  0.06  0.01  0.03  0.0   0.13  0.01  0.01  0.0   0.26  0.12  0.09  0.08  0.06  0.01  
128   P     0.02  0.06  0.07  0.01  0.25  0.07  0.02  0.03  0.01  0.01  0.01  0.03  0.0   0.0   0.26  0.07  0.01  0.04  0.0   0.04  
129   T     0.03  0.01  0.07  0.05  0.03  0.0   0.08  0.01  0.0   0.06  0.05  0.04  0.0   0.03  0.0   0.1   0.3   0.11  0.0   0.03  
130   D     0.02  0.02  0.18  0.27  0.06  0.03  0.05  0.01  0.0   0.0   0.07  0.0   0.02  0.0   0.0   0.09  0.13  0.0   0.05  0.0   
131   P     0.11  0.01  0.04  0.01  0.02  0.05  0.06  0.06  0.0   0.01  0.02  0.07  0.0   0.0   0.32  0.15  0.04  0.0   0.0   0.04  
132   D     0.02  0.01  0.08  0.22  0.07  0.02  0.07  0.05  0.04  0.01  0.04  0.02  0.0   0.01  0.03  0.16  0.04  0.07  0.01  0.02  
133   S     0.09  0.02  0.26  0.05  0.02  0.01  0.02  0.07  0.0   0.01  0.01  0.02  0.0   0.01  0.05  0.18  0.15  0.0   0.0   0.03  
134   I     0.05  0.01  0.01  0.01  0.03  0.01  0.07  0.01  0.0   0.18  0.2   0.01  0.05  0.01  0.01  0.09  0.14  0.02  0.0   0.1   
135   L     0.06  0.07  0.06  0.02  0.04  0.0   0.04  0.01  0.02  0.02  0.2   0.04  0.02  0.03  0.01  0.07  0.11  0.0   0.04  0.13  
136   R     0.01  0.15  0.03  0.03  0.08  0.09  0.04  0.01  0.03  0.01  0.02  0.07  0.0   0.04  0.01  0.17  0.13  0.0   0.04  0.03  
137   P     0.02  0.02  0.04  0.01  0.07  0.04  0.01  0.07  0.0   0.01  0.01  0.04  0.0   0.03  0.49  0.05  0.03  0.04  0.0   0.02  
138   F     0.2   0.01  0.01  0.04  0.0   0.02  0.04  0.01  0.0   0.06  0.17  0.01  0.01  0.13  0.01  0.1   0.02  0.02  0.04  0.13  
139   K     0.08  0.02  0.16  0.07  0.04  0.08  0.11  0.02  0.01  0.04  0.01  0.14  0.01  0.0   0.0   0.12  0.04  0.02  0.03  0.0   
140   E     0.05  0.0   0.12  0.03  0.0   0.1   0.36  0.01  0.01  0.0   0.02  0.01  0.0   0.05  0.0   0.09  0.01  0.0   0.03  0.08  
141   F     0.13  0.05  0.09  0.0   0.05  0.0   0.04  0.02  0.0   0.0   0.09  0.0   0.0   0.27  0.0   0.11  0.0   0.0   0.08  0.03  
142   L     0.05  0.03  0.09  0.02  0.0   0.09  0.02  0.02  0.04  0.08  0.14  0.0   0.0   0.09  0.0   0.05  0.05  0.1   0.1   0.02  
143   Y     0.02  0.04  0.03  0.01  0.0   0.0   0.15  0.03  0.1   0.01  0.05  0.07  0.0   0.07  0.0   0.06  0.14  0.03  0.13  0.03  
144   S     0.04  0.19  0.08  0.02  0.02  0.0   0.03  0.15  0.0   0.01  0.06  0.03  0.0   0.02  0.0   0.25  0.07  0.0   0.01  0.01  
145   Y     0.08  0.06  0.02  0.0   0.01  0.0   0.0   0.03  0.14  0.03  0.06  0.06  0.04  0.08  0.0   0.06  0.01  0.01  0.26  0.02  
146   I     0.03  0.04  0.02  0.05  0.0   0.01  0.04  0.01  0.0   0.07  0.27  0.03  0.0   0.03  0.01  0.03  0.08  0.0   0.0   0.28  
147   G     0.09  0.06  0.06  0.08  0.0   0.06  0.06  0.14  0.06  0.01  0.12  0.06  0.0   0.04  0.01  0.09  0.01  0.02  0.0   0.04  
148   V     0.06  0.01  0.02  0.01  0.02  0.08  0.09  0.01  0.03  0.15  0.17  0.04  0.03  0.01  0.01  0.03  0.09  0.0   0.05  0.1   
149   P     0.07  0.03  0.01  0.02  0.04  0.04  0.05  0.08  0.06  0.1   0.1   0.03  0.0   0.0   0.09  0.15  0.07  0.0   0.0   0.05  
150   K     0.06  0.03  0.15  0.12  0.0   0.06  0.11  0.01  0.06  0.09  0.04  0.06  0.0   0.0   0.01  0.17  0.01  0.0   0.0   0.01  
151   G     0.08  0.05  0.05  0.05  0.05  0.02  0.02  0.41  0.0   0.11  0.02  0.02  0.02  0.02  0.0   0.05  0.0   0.0   0.01  0.01  
152   D     0.0   0.0   0.09  0.18  0.0   0.03  0.06  0.1   0.0   0.07  0.02  0.04  0.01  0.03  0.0   0.23  0.09  0.0   0.0   0.03  
153   E     0.02  0.03  0.1   0.08  0.0   0.08  0.23  0.02  0.05  0.01  0.02  0.07  0.02  0.0   0.0   0.23  0.0   0.0   0.02  0.0   
154   P     0.05  0.0   0.03  0.15  0.0   0.01  0.1   0.15  0.0   0.02  0.02  0.03  0.0   0.0   0.32  0.07  0.01  0.0   0.0   0.02  
155   I     0.06  0.0   0.02  0.03  0.07  0.02  0.01  0.01  0.01  0.22  0.13  0.02  0.02  0.05  0.02  0.06  0.04  0.0   0.02  0.19  
156   L     0.08  0.05  0.03  0.01  0.0   0.09  0.08  0.12  0.0   0.06  0.09  0.01  0.06  0.02  0.01  0.08  0.05  0.04  0.07  0.08  
157   K     0.01  0.08  0.03  0.08  0.0   0.03  0.07  0.04  0.02  0.0   0.08  0.19  0.0   0.03  0.03  0.22  0.04  0.0   0.04  0.02  
158   P     0.06  0.01  0.01  0.03  0.02  0.04  0.11  0.05  0.0   0.03  0.12  0.02  0.0   0.0   0.23  0.13  0.04  0.03  0.0   0.07  
159   S     0.05  0.01  0.03  0.07  0.0   0.07  0.03  0.16  0.0   0.05  0.04  0.01  0.0   0.03  0.01  0.27  0.1   0.0   0.03  0.04  
160   L     0.05  0.01  0.03  0.03  0.0   0.04  0.07  0.1   0.0   0.07  0.2   0.02  0.03  0.05  0.0   0.1   0.05  0.04  0.08  0.03  
161   F     0.08  0.01  0.03  0.01  0.02  0.0   0.02  0.09  0.0   0.1   0.16  0.02  0.0   0.12  0.01  0.08  0.1   0.08  0.0   0.04  
162   A     0.12  0.07  0.02  0.03  0.02  0.07  0.08  0.06  0.0   0.07  0.14  0.04  0.03  0.0   0.02  0.11  0.01  0.01  0.07  0.02  
163   Y     0.0   0.06  0.03  0.02  0.06  0.06  0.06  0.04  0.05  0.0   0.1   0.0   0.0   0.06  0.0   0.03  0.05  0.15  0.17  0.07  
164   I     0.01  0.08  0.05  0.0   0.02  0.04  0.04  0.03  0.0   0.11  0.28  0.04  0.0   0.08  0.02  0.03  0.03  0.05  0.01  0.09  
165   V     0.07  0.06  0.05  0.0   0.0   0.04  0.0   0.03  0.0   0.02  0.2   0.04  0.02  0.02  0.04  0.08  0.02  0.08  0.02  0.21  
166   F     0.03  0.0   0.04  0.0   0.05  0.0   0.02  0.0   0.0   0.04  0.22  0.0   0.03  0.18  0.03  0.05  0.09  0.1   0.07  0.04  
167   L     0.03  0.07  0.0   0.03  0.0   0.0   0.02  0.05  0.02  0.04  0.35  0.06  0.0   0.06  0.02  0.06  0.04  0.02  0.02  0.11  
168   I     0.03  0.0   0.0   0.02  0.1   0.0   0.05  0.0   0.0   0.32  0.19  0.05  0.04  0.0   0.0   0.03  0.02  0.01  0.0   0.11  
169   T     0.09  0.0   0.0   0.0   0.16  0.0   0.0   0.01  0.0   0.09  0.11  0.03  0.0   0.05  0.0   0.11  0.2   0.0   0.0   0.12  
170   M     0.07  0.0   0.02  0.01  0.0   0.03  0.05  0.03  0.0   0.0   0.35  0.0   0.13  0.03  0.0   0.05  0.0   0.08  0.04  0.09  
171   F     0.08  0.03  0.07  0.02  0.09  0.0   0.0   0.15  0.0   0.03  0.16  0.03  0.01  0.17  0.0   0.04  0.01  0.04  0.0   0.06  
172   I     0.06  0.0   0.0   0.0   0.06  0.0   0.0   0.0   0.0   0.35  0.22  0.02  0.0   0.01  0.0   0.0   0.05  0.02  0.0   0.18  
173   N     0.11  0.01  0.12  0.06  0.01  0.01  0.09  0.01  0.03  0.02  0.04  0.01  0.0   0.04  0.01  0.15  0.08  0.06  0.02  0.12  
174   V     0.05  0.01  0.04  0.06  0.01  0.01  0.01  0.05  0.01  0.07  0.04  0.02  0.0   0.08  0.08  0.01  0.04  0.14  0.09  0.18  
175   S     0.06  0.01  0.01  0.01  0.0   0.01  0.01  0.04  0.0   0.07  0.2   0.05  0.0   0.01  0.06  0.27  0.1   0.0   0.01  0.09  
176   I     0.01  0.0   0.0   0.02  0.03  0.0   0.01  0.07  0.0   0.27  0.09  0.01  0.04  0.05  0.0   0.02  0.02  0.02  0.03  0.3   
177   L     0.01  0.01  0.0   0.0   0.05  0.04  0.03  0.0   0.0   0.13  0.33  0.02  0.06  0.0   0.0   0.05  0.02  0.02  0.06  0.15  
178   I     0.09  0.01  0.0   0.02  0.02  0.0   0.08  0.03  0.0   0.17  0.06  0.01  0.02  0.09  0.01  0.08  0.01  0.03  0.24  0.04  
179   R     0.04  0.13  0.1   0.02  0.05  0.0   0.01  0.01  0.0   0.01  0.14  0.13  0.09  0.21  0.02  0.03  0.01  0.0   0.0   0.03  
180   G     0.08  0.03  0.0   0.02  0.16  0.0   0.0   0.37  0.0   0.0   0.0   0.04  0.0   0.0   0.0   0.19  0.0   0.0   0.02  0.06  
181   I     0.0   0.0   0.0   0.0   0.0   0.0   0.0   0.0   0.0   0.44  0.25  0.0   0.06  0.02  0.0   0.0   0.04  0.0   0.0   0.17  
182   S     0.04  0.0   0.0   0.01  0.0   0.05  0.0   0.02  0.0   0.14  0.06  0.03  0.05  0.0   0.0   0.23  0.03  0.29  0.0   0.03  
183   K     0.0   0.16  0.03  0.05  0.0   0.03  0.0   0.06  0.0   0.0   0.0   0.53  0.0   0.0   0.0   0.08  0.05  0.0   0.0   0.0   
184   G     0.03  0.0   0.0   0.04  0.0   0.0   0.0   0.9   0.0   0.0   0.0   0.0   0.0   0.0   0.02  0.02  0.0   0.0   0.0   0.0   
185   I     0.0   0.0   0.0   0.0   0.0   0.0   0.0   0.0   0.0   0.44  0.06  0.09  0.0   0.0   0.0   0.0   0.05  0.0   0.0   0.33  
186   E     0.03  0.07  0.0   0.0   0.0   0.07  0.27  0.05  0.02  0.0   0.0   0.36  0.03  0.0   0.0   0.02  0.0   0.0   0.0   0.08  
187   R     0.01  0.11  0.04  0.0   0.0   0.0   0.0   0.0   0.0   0.05  0.0   0.1   0.0   0.0   0.0   0.35  0.26  0.01  0.01  0.06  
188   F     0.07  0.0   0.0   0.0   0.0   0.0   0.0   0.03  0.0   0.0   0.0   0.0   0.0   0.08  0.03  0.42  0.22  0.0   0.09  0.05  
189   A     0.03  0.0   0.03  0.0   0.0   0.0   0.0   0.68  0.0   0.0   0.0   0.0   0.0   0.04  0.0   0.07  0.0   0.0   0.0   0.15  
190   K     0.06  0.0   0.0   0.0   0.0   0.02  0.04  0.0   0.0   0.0   0.06  0.74  0.0   0.0   0.0   0.02  0.03  0.0   0.03  0.0   
191   I     0.11  0.0   0.0   0.0   0.0   0.0   0.0   0.0   0.0   0.09  0.03  0.0   0.0   0.03  0.0   0.03  0.0   0.0   0.04  0.67  
192   A     0.09  0.06  0.03  0.0   0.03  0.0   0.01  0.01  0.0   0.02  0.15  0.01  0.12  0.0   0.0   0.04  0.06  0.0   0.0   0.36  
193   M     0.04  0.01  0.01  0.01  0.0   0.01  0.01  0.04  0.0   0.03  0.1   0.01  0.15  0.16  0.01  0.04  0.05  0.04  0.28  0.01  
194   P     0.03  0.01  0.01  0.01  0.0   0.01  0.04  0.01  0.0   0.06  0.06  0.04  0.0   0.22  0.31  0.09  0.05  0.0   0.0   0.05  
195   T     0.11  0.01  0.01  0.01  0.05  0.01  0.01  0.01  0.0   0.04  0.09  0.01  0.0   0.06  0.03  0.1   0.37  0.0   0.03  0.03  
196   L     0.24  0.01  0.01  0.01  0.0   0.0   0.01  0.01  0.0   0.04  0.35  0.01  0.0   0.05  0.04  0.04  0.07  0.0   0.03  0.09  
197   F     0.0   0.0   0.0   0.0   0.03  0.0   0.0   0.04  0.0   0.05  0.06  0.0   0.0   0.3   0.02  0.03  0.1   0.05  0.26  0.05  
198   I     0.02  0.0   0.0   0.0   0.04  0.0   0.0   0.0   0.0   0.12  0.21  0.0   0.04  0.2   0.09  0.0   0.0   0.0   0.03  0.26  
199   L     0.0   0.0   0.0   0.0   0.0   0.0   0.0   0.0   0.0   0.01  0.37  0.0   0.08  0.09  0.16  0.0   0.09  0.0   0.06  0.13  
200   A     0.34  0.0   0.0   0.0   0.0   0.0   0.0   0.09  0.0   0.07  0.2   0.0   0.0   0.1   0.0   0.0   0.0   0.0   0.16  0.05  
201   V     0.0   0.0   0.0   0.0   0.09  0.0   0.0   0.0   0.0   0.23  0.14  0.0   0.05  0.1   0.02  0.0   0.08  0.0   0.0   0.27  
202   F     0.0   0.0   0.0   0.0   0.04  0.0   0.0   0.04  0.0   0.18  0.17  0.0   0.02  0.28  0.0   0.0   0.0   0.05  0.02  0.18  
203   L     0.01  0.0   0.0   0.0   0.0   0.0   0.0   0.03  0.0   0.04  0.68  0.0   0.04  0.05  0.07  0.0   0.0   0.0   0.0   0.06  
204   V     0.0   0.0   0.0   0.0   0.0   0.0   0.0   0.0   0.0   0.1   0.27  0.0   0.06  0.04  0.0   0.0   0.05  0.0   0.06  0.38  
205   I     0.02  0.0   0.0   0.0   0.0   0.0   0.0   0.0   0.02  0.47  0.29  0.0   0.0   0.0   0.0   0.0   0.0   0.0   0.0   0.18  
206   R     0.0   0.46  0.03  0.0   0.0   0.0   0.0   0.02  0.0   0.04  0.17  0.0   0.0   0.07  0.0   0.04  0.04  0.0   0.09  0.05  
207   V     0.11  0.0   0.04  0.0   0.0   0.0   0.0   0.2   0.0   0.1   0.22  0.0   0.0   0.04  0.0   0.09  0.05  0.0   0.0   0.14  
208   F     0.0   0.09  0.0   0.0   0.05  0.0   0.0   0.0   0.02  0.12  0.31  0.0   0.0   0.13  0.0   0.0   0.02  0.0   0.0   0.26  
209   L     0.02  0.16  0.0   0.0   0.0   0.0   0.0   0.11  0.0   0.02  0.27  0.0   0.0   0.02  0.0   0.0   0.36  0.0   0.0   0.04  
210   L     0.0   0.0   0.0   0.0   0.0   0.0   0.0   0.16  0.0   0.04  0.66  0.0   0.0   0.0   0.0   0.0   0.0   0.03  0.0   0.1   
211   E     0.03  0.11  0.0   0.05  0.0   0.0   0.19  0.01  0.01  0.0   0.15  0.03  0.0   0.0   0.18  0.01  0.14  0.0   0.0   0.07  
212   T     0.03  0.02  0.01  0.02  0.01  0.01  0.02  0.36  0.01  0.02  0.17  0.02  0.01  0.01  0.02  0.02  0.19  0.0   0.01  0.04  
213   P     0.08  0.09  0.02  0.03  0.01  0.02  0.03  0.04  0.01  0.03  0.2   0.03  0.01  0.02  0.21  0.04  0.03  0.01  0.02  0.1   
214   N     0.07  0.02  0.16  0.06  0.01  0.02  0.05  0.19  0.05  0.02  0.03  0.08  0.01  0.01  0.08  0.04  0.06  0.01  0.01  0.02  
215   G     0.09  0.02  0.02  0.03  0.01  0.02  0.03  0.38  0.01  0.02  0.09  0.03  0.01  0.02  0.02  0.07  0.03  0.01  0.02  0.07  
216   T     0.05  0.02  0.02  0.02  0.01  0.02  0.03  0.27  0.01  0.02  0.04  0.02  0.01  0.04  0.07  0.12  0.14  0.01  0.01  0.08  
217   A     0.74  0.0   0.0   0.0   0.0   0.0   0.0   0.06  0.0   0.02  0.06  0.02  0.0   0.05  0.0   0.0   0.0   0.02  0.0   0.0   
218   A     0.17  0.04  0.0   0.0   0.0   0.07  0.0   0.06  0.0   0.04  0.05  0.08  0.13  0.03  0.0   0.07  0.08  0.03  0.04  0.1   
219   D     0.06  0.03  0.12  0.3   0.0   0.06  0.19  0.0   0.0   0.0   0.0   0.08  0.0   0.06  0.0   0.0   0.06  0.0   0.0   0.0   
220   G     0.03  0.0   0.0   0.0   0.0   0.0   0.0   0.93  0.0   0.0   0.0   0.0   0.0   0.0   0.0   0.0   0.0   0.0   0.0   0.04  
221   L     0.0   0.0   0.0   0.0   0.0   0.0   0.0   0.0   0.0   0.64  0.19  0.0   0.0   0.04  0.0   0.05  0.0   0.0   0.0   0.08  
222   N     0.01  0.1   0.04  0.02  0.0   0.11  0.05  0.05  0.0   0.12  0.09  0.12  0.05  0.0   0.0   0.03  0.06  0.03  0.06  0.07  
223   F     0.09  0.0   0.0   0.0   0.0   0.06  0.0   0.0   0.07  0.0   0.0   0.0   0.0   0.42  0.0   0.0   0.0   0.04  0.32  0.0   
224   L     0.0   0.0   0.0   0.0   0.0   0.0   0.0   0.0   0.0   0.0   0.25  0.0   0.11  0.19  0.0   0.0   0.0   0.0   0.45  0.0   
225   W     0.03  0.0   0.0   0.0   0.0   0.0   0.0   0.05  0.0   0.04  0.55  0.0   0.0   0.22  0.0   0.0   0.0   0.01  0.0   0.06  
226   T     0.0   0.03  0.0   0.0   0.0   0.06  0.04  0.0   0.02  0.0   0.0   0.15  0.04  0.0   0.0   0.05  0.44  0.0   0.06  0.1   
227   P     0.06  0.0   0.0   0.0   0.0   0.0   0.0   0.0   0.0   0.02  0.0   0.0   0.0   0.0   0.84  0.03  0.0   0.0   0.0   0.05  
228   D     0.0   0.0   0.27  0.3   0.0   0.12  0.02  0.0   0.04  0.0   0.0   0.25  0.0   0.0   0.0   0.0   0.0   0.0   0.0   0.0   
229   F     0.01  0.0   0.0   0.0   0.0   0.0   0.0   0.0   0.0   0.13  0.16  0.0   0.05  0.28  0.0   0.0   0.0   0.28  0.05  0.03  
230   E     0.0   0.01  0.0   0.07  0.0   0.04  0.19  0.11  0.07  0.0   0.03  0.03  0.0   0.01  0.0   0.23  0.18  0.0   0.04  0.0   
231   K     0.07  0.18  0.0   0.1   0.0   0.04  0.12  0.0   0.02  0.09  0.0   0.34  0.04  0.0   0.0   0.0   0.01  0.0   0.0   0.0   
232   L     0.0   0.0   0.0   0.0   0.0   0.0   0.0   0.0   0.0   0.13  0.73  0.0   0.07  0.0   0.0   0.0   0.0   0.0   0.0   0.06  
233   K     0.08  0.03  0.01  0.01  0.05  0.05  0.03  0.03  0.0   0.01  0.25  0.13  0.06  0.03  0.01  0.06  0.02  0.02  0.13  0.01  
234   D     0.0   0.02  0.3   0.26  0.0   0.01  0.26  0.0   0.01  0.0   0.0   0.02  0.0   0.0   0.0   0.03  0.08  0.0   0.0   0.0   
235   P     0.23  0.0   0.0   0.0   0.0   0.05  0.0   0.0   0.0   0.0   0.04  0.0   0.06  0.0   0.49  0.05  0.05  0.0   0.03  0.0   
236   G     0.01  0.04  0.08  0.07  0.0   0.19  0.09  0.05  0.04  0.02  0.0   0.13  0.01  0.0   0.0   0.15  0.11  0.0   0.0   0.01  
237   V     0.04  0.0   0.0   0.0   0.0   0.0   0.0   0.0   0.0   0.0   0.05  0.0   0.0   0.0   0.0   0.04  0.12  0.0   0.0   0.76  
238   W     0.0   0.0   0.0   0.0   0.0   0.0   0.0   0.0   0.0   0.07  0.0   0.0   0.0   0.05  0.0   0.0   0.0   0.88  0.0   0.0   
239   I     0.0   0.07  0.0   0.0   0.0   0.02  0.0   0.08  0.0   0.29  0.18  0.14  0.05  0.0   0.0   0.06  0.05  0.0   0.0   0.06  
240   A     0.03  0.0   0.07  0.47  0.0   0.0   0.22  0.0   0.0   0.0   0.06  0.0   0.0   0.08  0.0   0.03  0.0   0.0   0.03  0.0   
241   A     0.95  0.0   0.0   0.0   0.0   0.0   0.0   0.0   0.0   0.0   0.0   0.0   0.0   0.0   0.0   0.0   0.0   0.0   0.0   0.05  
242   V     0.48  0.0   0.0   0.0   0.0   0.0   0.0   0.23  0.0   0.0   0.13  0.0   0.03  0.03  0.0   0.0   0.0   0.0   0.02  0.08  
243   G     0.09  0.0   0.0   0.0   0.0   0.0   0.0   0.21  0.0   0.03  0.02  0.05  0.0   0.0   0.0   0.09  0.41  0.0   0.0   0.11  
244   Q     0.0   0.0   0.0   0.0   0.0   1.0   0.0   0.0   0.0   0.0   0.0   0.0   0.0   0.0   0.0   0.0   0.0   0.0   0.0   0.0   
245   I     0.08  0.0   0.01  0.0   0.07  0.0   0.0   0.0   0.0   0.48  0.05  0.0   0.0   0.0   0.0   0.03  0.0   0.0   0.0   0.28  
246   F     0.0   0.0   0.0   0.0   0.1   0.0   0.0   0.0   0.0   0.0   0.06  0.0   0.0   0.84  0.0   0.0   0.0   0.0   0.0   0.0   
247   F     0.0   0.0   0.02  0.0   0.0   0.0   0.0   0.0   0.0   0.0   0.0   0.0   0.0   0.77  0.0   0.05  0.0   0.0   0.16  0.0   
248   T     0.1   0.0   0.05  0.0   0.0   0.0   0.0   0.0   0.0   0.0   0.04  0.0   0.0   0.0   0.0   0.75  0.06  0.0   0.0   0.0   
249   L     0.0   0.0   0.0   0.0   0.0   0.0   0.0   0.0   0.0   0.0   0.69  0.0   0.0   0.11  0.0   0.0   0.05  0.0   0.11  0.04  
250   S     0.22  0.0   0.0   0.0   0.0   0.0   0.0   0.4   0.0   0.0   0.0   0.0   0.0   0.0   0.0   0.35  0.04  0.0   0.0   0.0   
251   L     0.05  0.0   0.0   0.0   0.08  0.0   0.0   0.0   0.0   0.23  0.31  0.0   0.0   0.0   0.07  0.0   0.0   0.0   0.0   0.26  
252   G     0.17  0.0   0.0   0.0   0.15  0.0   0.0   0.65  0.0   0.0   0.0   0.0   0.0   0.0   0.0   0.01  0.02  0.0   0.0   0.0   
253   F     0.0   0.0   0.0   0.0   0.04  0.04  0.0   0.0   0.04  0.0   0.18  0.0   0.0   0.45  0.0   0.09  0.0   0.09  0.0   0.08  
254   G     0.0   0.0   0.0   0.0   0.0   0.0   0.0   0.92  0.0   0.0   0.0   0.0   0.0   0.0   0.0   0.08  0.0   0.0   0.0   0.0   
255   A     0.09  0.0   0.0   0.0   0.07  0.0   0.0   0.36  0.0   0.04  0.0   0.0   0.0   0.0   0.08  0.11  0.02  0.0   0.0   0.23  
256   I     0.0   0.0   0.0   0.0   0.0   0.0   0.0   0.0   0.04  0.1   0.59  0.0   0.16  0.0   0.0   0.0   0.0   0.0   0.0   0.12  
257   I     0.05  0.0   0.0   0.0   0.0   0.0   0.0   0.0   0.0   0.54  0.09  0.0   0.02  0.04  0.0   0.0   0.14  0.0   0.0   0.13  
258   T     0.44  0.0   0.0   0.0   0.0   0.0   0.0   0.0   0.0   0.0   0.0   0.0   0.08  0.0   0.0   0.19  0.29  0.0   0.0   0.0   
259   Y     0.0   0.0   0.0   0.0   0.0   0.0   0.0   0.0   0.0   0.04  0.34  0.0   0.04  0.41  0.0   0.0   0.0   0.0   0.17  0.0   
260   A     0.45  0.0   0.0   0.0   0.0   0.0   0.0   0.17  0.0   0.0   0.0   0.0   0.0   0.0   0.0   0.38  0.0   0.0   0.0   0.0   
261   S     0.04  0.0   0.0   0.0   0.0   0.0   0.0   0.0   0.0   0.0   0.0   0.0   0.0   0.0   0.0   0.96  0.0   0.0   0.0   0.0   
262   Y     0.0   0.0   0.0   0.0   0.0   0.0   0.0   0.0   0.02  0.0   0.0   0.0   0.0   0.0   0.0   0.0   0.0   0.0   0.98  0.0   
263   V     0.0   0.0   0.66  0.0   0.04  0.0   0.0   0.0   0.0   0.0   0.16  0.0   0.05  0.0   0.0   0.07  0.0   0.0   0.0   0.02  
264   R     0.0   0.16  0.05  0.02  0.0   0.02  0.12  0.0   0.0   0.0   0.0   0.41  0.0   0.0   0.16  0.03  0.03  0.0   0.0   0.0   
265   K     0.0   0.06  0.0   0.0   0.0   0.08  0.0   0.0   0.0   0.0   0.01  0.23  0.0   0.4   0.07  0.0   0.0   0.0   0.14  0.01  
266   D     0.0   0.07  0.12  0.22  0.0   0.04  0.06  0.0   0.27  0.0   0.0   0.07  0.0   0.0   0.0   0.09  0.07  0.0   0.0   0.0   
267   Q     0.0   0.0   0.61  0.0   0.0   0.09  0.08  0.0   0.1   0.0   0.0   0.0   0.0   0.0   0.0   0.08  0.0   0.0   0.04  0.0   
268   D     0.0   0.0   0.78  0.1   0.0   0.0   0.0   0.06  0.0   0.0   0.0   0.0   0.0   0.0   0.01  0.01  0.0   0.0   0.0   0.04  
269   I     0.0   0.0   0.0   0.0   0.49  0.0   0.0   0.0   0.0   0.3   0.13  0.0   0.0   0.0   0.0   0.04  0.0   0.0   0.0   0.04  
270   V     0.0   0.0   0.0   0.0   0.0   0.05  0.04  0.0   0.07  0.04  0.07  0.0   0.0   0.07  0.04  0.0   0.04  0.0   0.5   0.1   
271   L     0.0   0.41  0.0   0.0   0.0   0.08  0.0   0.02  0.04  0.06  0.02  0.18  0.01  0.07  0.0   0.07  0.0   0.0   0.0   0.02  
272   S     0.0   0.0   0.06  0.72  0.0   0.0   0.0   0.0   0.04  0.0   0.0   0.0   0.0   0.0   0.0   0.12  0.04  0.0   0.0   0.0   
273   G     0.57  0.0   0.0   0.0   0.07  0.0   0.0   0.14  0.0   0.04  0.0   0.0   0.0   0.0   0.0   0.1   0.05  0.0   0.0   0.0   
274   L     0.04  0.0   0.0   0.0   0.0   0.0   0.0   0.0   0.0   0.2   0.21  0.0   0.12  0.16  0.0   0.0   0.0   0.04  0.0   0.2   
275   T     0.08  0.0   0.0   0.0   0.0   0.0   0.0   0.0   0.0   0.37  0.16  0.07  0.02  0.02  0.0   0.08  0.11  0.0   0.0   0.08  
276   A     0.09  0.0   0.0   0.0   0.0   0.0   0.0   0.0   0.0   0.12  0.14  0.0   0.02  0.0   0.0   0.04  0.16  0.0   0.0   0.42  
277   A     0.08  0.0   0.07  0.0   0.12  0.0   0.0   0.09  0.0   0.04  0.04  0.0   0.0   0.0   0.0   0.28  0.18  0.0   0.0   0.08  
278   T     0.04  0.0   0.0   0.0   0.09  0.0   0.0   0.0   0.0   0.18  0.16  0.0   0.0   0.16  0.0   0.04  0.12  0.0   0.04  0.16  
279   L     0.02  0.0   0.0   0.0   0.0   0.0   0.0   0.04  0.0   0.25  0.23  0.0   0.11  0.0   0.0   0.0   0.11  0.0   0.0   0.22  
280   N     0.04  0.03  0.77  0.12  0.0   0.0   0.0   0.0   0.0   0.0   0.0   0.0   0.0   0.0   0.0   0.0   0.0   0.0   0.0   0.0   
281   E     0.01  0.02  0.0   0.04  0.17  0.0   0.1   0.04  0.0   0.09  0.01  0.0   0.07  0.0   0.0   0.32  0.12  0.0   0.0   0.01  
282   K     0.14  0.0   0.0   0.04  0.03  0.0   0.0   0.1   0.0   0.1   0.15  0.11  0.08  0.02  0.0   0.06  0.09  0.0   0.0   0.07  
283   A     0.08  0.0   0.0   0.0   0.0   0.0   0.0   0.0   0.0   0.06  0.0   0.0   0.04  0.07  0.0   0.05  0.55  0.0   0.0   0.14  
284   E     0.09  0.0   0.0   0.0   0.0   0.0   0.12  0.0   0.0   0.07  0.04  0.0   0.0   0.0   0.0   0.57  0.04  0.0   0.05  0.0   
285   V     0.0   0.0   0.0   0.0   0.0   0.0   0.0   0.0   0.0   0.09  0.15  0.04  0.05  0.27  0.0   0.05  0.06  0.0   0.0   0.26  
286   I     0.01  0.0   0.0   0.0   0.0   0.0   0.01  0.01  0.0   0.19  0.18  0.0   0.05  0.09  0.0   0.12  0.06  0.0   0.04  0.22  
287   L     0.35  0.0   0.0   0.0   0.0   0.0   0.0   0.08  0.0   0.08  0.26  0.0   0.01  0.0   0.0   0.13  0.03  0.0   0.0   0.04  
288   G     0.04  0.0   0.0   0.0   0.0   0.0   0.0   0.73  0.0   0.0   0.04  0.05  0.0   0.03  0.0   0.0   0.02  0.0   0.03  0.04  
289   G     0.05  0.01  0.04  0.01  0.0   0.01  0.02  0.32  0.01  0.05  0.06  0.01  0.01  0.26  0.01  0.06  0.01  0.0   0.03  0.02  
290   S     0.25  0.03  0.12  0.01  0.04  0.01  0.02  0.07  0.01  0.04  0.05  0.01  0.01  0.05  0.01  0.08  0.05  0.0   0.01  0.14  
291   I     0.0   0.0   0.02  0.01  0.0   0.0   0.0   0.0   0.0   0.51  0.05  0.0   0.04  0.18  0.0   0.0   0.0   0.0   0.03  0.14  
292   S     0.15  0.0   0.0   0.0   0.0   0.0   0.0   0.07  0.0   0.04  0.06  0.0   0.0   0.04  0.0   0.35  0.16  0.0   0.0   0.11  
293   I     0.04  0.0   0.0   0.0   0.0   0.05  0.0   0.0   0.0   0.47  0.02  0.0   0.0   0.12  0.0   0.02  0.06  0.0   0.0   0.22  
294   P     0.0   0.0   0.0   0.0   0.0   0.0   0.06  0.0   0.0   0.03  0.28  0.04  0.0   0.34  0.18  0.0   0.04  0.0   0.02  0.0   
295   A     0.23  0.01  0.06  0.0   0.0   0.0   0.0   0.3   0.04  0.0   0.04  0.0   0.0   0.0   0.08  0.25  0.0   0.0   0.0   0.0   
296   A     0.12  0.0   0.06  0.0   0.0   0.0   0.0   0.07  0.11  0.15  0.04  0.0   0.0   0.19  0.0   0.02  0.06  0.0   0.1   0.08  
297   V     0.0   0.0   0.0   0.0   0.0   0.0   0.02  0.0   0.0   0.11  0.28  0.0   0.24  0.15  0.0   0.0   0.0   0.0   0.04  0.15  
298   A     0.33  0.0   0.13  0.02  0.0   0.0   0.02  0.3   0.0   0.0   0.04  0.0   0.0   0.04  0.0   0.08  0.04  0.0   0.0   0.0   
299   F     0.04  0.0   0.09  0.0   0.02  0.03  0.03  0.0   0.12  0.03  0.06  0.0   0.05  0.34  0.0   0.04  0.01  0.0   0.12  0.02  
300   F     0.0   0.0   0.0   0.0   0.0   0.07  0.14  0.04  0.04  0.05  0.09  0.06  0.2   0.13  0.0   0.03  0.05  0.0   0.07  0.02  
301   G     0.26  0.08  0.07  0.03  0.04  0.1   0.0   0.08  0.03  0.0   0.06  0.03  0.0   0.04  0.0   0.17  0.0   0.0   0.0   0.0   
302   V     0.01  0.04  0.05  0.0   0.04  0.17  0.0   0.13  0.01  0.07  0.06  0.05  0.0   0.0   0.0   0.01  0.08  0.02  0.08  0.17  
303   A     0.04  0.0   0.0   0.02  0.09  0.0   0.23  0.04  0.0   0.06  0.1   0.13  0.0   0.0   0.04  0.0   0.07  0.0   0.0   0.15  
304   N     0.01  0.02  0.37  0.13  0.0   0.19  0.04  0.04  0.05  0.0   0.01  0.0   0.03  0.04  0.02  0.03  0.02  0.0   0.0   0.01  
305   A     0.16  0.0   0.02  0.04  0.0   0.0   0.05  0.14  0.0   0.21  0.02  0.11  0.0   0.0   0.0   0.02  0.03  0.0   0.03  0.13  
306   V     0.04  0.11  0.01  0.01  0.02  0.03  0.08  0.01  0.0   0.09  0.02  0.02  0.03  0.0   0.01  0.16  0.06  0.0   0.0   0.29  
307   A     0.06  0.03  0.06  0.19  0.0   0.06  0.1   0.05  0.02  0.05  0.01  0.12  0.02  0.0   0.12  0.1   0.0   0.0   0.0   0.01  
308   I     0.01  0.0   0.0   0.04  0.02  0.0   0.07  0.01  0.0   0.24  0.11  0.0   0.0   0.0   0.07  0.01  0.04  0.0   0.0   0.36  
309   A     0.33  0.02  0.0   0.07  0.0   0.04  0.09  0.02  0.0   0.02  0.05  0.03  0.0   0.0   0.04  0.09  0.0   0.0   0.0   0.18  
310   K     0.07  0.11  0.0   0.16  0.0   0.05  0.16  0.03  0.0   0.02  0.05  0.23  0.0   0.0   0.04  0.0   0.03  0.0   0.0   0.04  
311   A     0.07  0.04  0.04  0.06  0.0   0.07  0.1   0.0   0.04  0.0   0.0   0.06  0.0   0.06  0.02  0.15  0.05  0.0   0.07  0.16  
312   G     0.29  0.0   0.05  0.07  0.0   0.02  0.0   0.42  0.0   0.0   0.0   0.0   0.0   0.0   0.05  0.06  0.0   0.0   0.0   0.02  
313   A     0.11  0.0   0.0   0.0   0.0   0.1   0.1   0.23  0.0   0.0   0.01  0.02  0.0   0.0   0.23  0.07  0.1   0.0   0.0   0.02  
314   F     0.02  0.02  0.01  0.05  0.01  0.01  0.05  0.02  0.01  0.04  0.24  0.02  0.01  0.15  0.13  0.12  0.03  0.0   0.01  0.06  
315   N     0.0   0.0   0.03  0.07  0.0   0.0   0.0   0.53  0.07  0.0   0.04  0.02  0.0   0.0   0.02  0.09  0.08  0.0   0.0   0.05  
316   L     0.0   0.0   0.0   0.0   0.0   0.0   0.0   0.0   0.0   0.05  0.82  0.0   0.02  0.07  0.04  0.0   0.0   0.0   0.0   0.0   
317   G     0.46  0.0   0.03  0.03  0.0   0.07  0.0   0.13  0.0   0.02  0.08  0.02  0.0   0.0   0.0   0.0   0.0   0.0   0.0   0.13  
318   F     0.02  0.0   0.0   0.0   0.0   0.0   0.0   0.0   0.0   0.0   0.0   0.0   0.0   0.85  0.03  0.02  0.09  0.0   0.0   0.0   
319   I     0.0   0.0   0.04  0.0   0.15  0.04  0.0   0.0   0.0   0.39  0.08  0.0   0.0   0.02  0.0   0.0   0.04  0.0   0.0   0.24  
320   T     0.28  0.0   0.0   0.07  0.0   0.02  0.0   0.0   0.02  0.03  0.05  0.02  0.0   0.04  0.0   0.12  0.12  0.0   0.0   0.24  
321   L     0.0   0.0   0.0   0.0   0.0   0.0   0.0   0.0   0.0   0.1   0.23  0.0   0.0   0.12  0.0   0.0   0.0   0.0   0.51  0.04  
322   P     0.07  0.0   0.07  0.0   0.0   0.0   0.09  0.0   0.0   0.0   0.0   0.0   0.0   0.0   0.72  0.0   0.05  0.0   0.0   0.0   
323   A     0.1   0.02  0.03  0.15  0.0   0.05  0.38  0.0   0.0   0.04  0.0   0.12  0.0   0.0   0.0   0.04  0.07  0.0   0.0   0.0   
324   I     0.63  0.0   0.0   0.0   0.0   0.0   0.06  0.0   0.0   0.05  0.0   0.03  0.0   0.08  0.0   0.0   0.0   0.0   0.0   0.15  
325   F     0.02  0.0   0.0   0.0   0.0   0.0   0.0   0.0   0.0   0.2   0.33  0.0   0.13  0.15  0.0   0.0   0.0   0.0   0.03  0.13  
326   S     0.18  0.0   0.1   0.05  0.0   0.0   0.04  0.0   0.0   0.0   0.0   0.0   0.0   0.0   0.0   0.32  0.28  0.0   0.0   0.02  
327   Q     0.0   0.08  0.06  0.0   0.0   0.14  0.1   0.04  0.08  0.0   0.07  0.21  0.13  0.0   0.0   0.0   0.09  0.0   0.0   0.0   
328   T     0.11  0.0   0.01  0.0   0.0   0.07  0.0   0.04  0.0   0.0   0.33  0.01  0.28  0.04  0.0   0.05  0.02  0.0   0.0   0.04  
329   A     0.13  0.0   0.0   0.0   0.0   0.0   0.0   0.0   0.0   0.0   0.0   0.0   0.0   0.0   0.6   0.08  0.0   0.04  0.0   0.15  
330   G     0.17  0.0   0.0   0.0   0.0   0.09  0.06  0.07  0.0   0.05  0.17  0.0   0.02  0.15  0.0   0.02  0.0   0.0   0.04  0.13  
331   G     0.08  0.0   0.0   0.0   0.0   0.0   0.0   0.37  0.0   0.0   0.0   0.02  0.0   0.0   0.12  0.36  0.0   0.0   0.0   0.0   
332   T     0.0   0.03  0.0   0.0   0.0   0.18  0.03  0.0   0.0   0.04  0.0   0.04  0.0   0.0   0.29  0.03  0.32  0.0   0.0   0.02  
333   F     0.02  0.0   0.0   0.0   0.0   0.0   0.0   0.18  0.0   0.04  0.3   0.0   0.0   0.35  0.0   0.0   0.0   0.0   0.0   0.08  
334   L     0.0   0.0   0.0   0.0   0.0   0.0   0.0   0.0   0.0   0.04  0.22  0.0   0.0   0.25  0.0   0.0   0.0   0.39  0.04  0.05  
335   G     0.49  0.0   0.0   0.0   0.0   0.0   0.0   0.11  0.0   0.0   0.04  0.0   0.0   0.0   0.05  0.31  0.0   0.0   0.0   0.0   
336   F     0.03  0.0   0.0   0.0   0.06  0.0   0.0   0.04  0.0   0.22  0.08  0.0   0.02  0.27  0.0   0.0   0.02  0.05  0.0   0.2   
337   L     0.04  0.0   0.0   0.0   0.02  0.0   0.0   0.0   0.0   0.12  0.62  0.0   0.12  0.0   0.0   0.0   0.0   0.0   0.0   0.07  
338   W     0.0   0.0   0.0   0.0   0.0   0.0   0.0   0.0   0.0   0.0   0.0   0.0   0.0   0.85  0.0   0.0   0.0   0.07  0.03  0.04  
339   F     0.04  0.0   0.0   0.0   0.05  0.0   0.0   0.0   0.0   0.0   0.04  0.0   0.0   0.87  0.0   0.0   0.0   0.0   0.0   0.0   
340   F     0.0   0.0   0.0   0.0   0.0   0.0   0.0   0.09  0.0   0.18  0.36  0.0   0.03  0.31  0.0   0.01  0.0   0.0   0.0   0.02  
341   L     0.02  0.0   0.0   0.0   0.0   0.0   0.0   0.0   0.0   0.0   0.15  0.0   0.8   0.0   0.0   0.02  0.0   0.0   0.0   0.0   
342   L     0.0   0.0   0.0   0.0   0.0   0.0   0.0   0.0   0.0   0.07  0.83  0.0   0.0   0.04  0.0   0.0   0.0   0.0   0.0   0.03  
343   F     0.0   0.0   0.0   0.0   0.0   0.0   0.0   0.0   0.0   0.2   0.38  0.0   0.02  0.24  0.0   0.0   0.05  0.0   0.0   0.08  
344   F     0.02  0.0   0.1   0.0   0.09  0.0   0.0   0.0   0.0   0.06  0.18  0.0   0.05  0.21  0.0   0.0   0.21  0.0   0.0   0.09  
345   A     0.2   0.0   0.0   0.0   0.0   0.0   0.0   0.0   0.0   0.0   0.76  0.0   0.0   0.0   0.0   0.0   0.0   0.0   0.0   0.04  
346   G     0.15  0.0   0.0   0.0   0.0   0.0   0.0   0.81  0.0   0.0   0.0   0.0   0.0   0.0   0.0   0.0   0.0   0.0   0.0   0.04  
347   L     0.05  0.0   0.0   0.0   0.0   0.0   0.0   0.0   0.04  0.19  0.72  0.0   0.0   0.0   0.0   0.0   0.0   0.0   0.0   0.0   
348   T     0.04  0.0   0.02  0.34  0.0   0.0   0.0   0.27  0.0   0.0   0.0   0.0   0.0   0.0   0.0   0.15  0.17  0.0   0.0   0.0   
349   S     0.0   0.0   0.0   0.0   0.0   0.0   0.0   0.0   0.0   0.0   0.0   0.0   0.0   0.0   0.0   0.81  0.19  0.0   0.0   0.0   
350   S     0.14  0.0   0.0   0.0   0.0   0.3   0.05  0.0   0.0   0.09  0.0   0.0   0.25  0.02  0.0   0.11  0.05  0.0   0.0   0.0   
351   I     0.0   0.0   0.0   0.0   0.0   0.0   0.0   0.0   0.0   0.18  0.03  0.0   0.09  0.57  0.0   0.0   0.0   0.0   0.0   0.13  
352   A     0.29  0.0   0.0   0.0   0.07  0.0   0.0   0.31  0.0   0.0   0.0   0.0   0.0   0.04  0.0   0.13  0.04  0.0   0.0   0.12  
353   I     0.0   0.0   0.12  0.0   0.08  0.0   0.03  0.14  0.0   0.11  0.17  0.0   0.11  0.02  0.0   0.02  0.14  0.0   0.0   0.07  
354   M     0.0   0.0   0.0   0.0   0.0   0.09  0.0   0.0   0.0   0.13  0.15  0.0   0.24  0.0   0.0   0.03  0.03  0.0   0.04  0.28  
355   Q     0.08  0.0   0.0   0.05  0.0   0.02  0.77  0.0   0.0   0.0   0.0   0.0   0.0   0.0   0.0   0.09  0.0   0.0   0.0   0.0   
356   P     0.12  0.0   0.0   0.0   0.04  0.0   0.0   0.29  0.0   0.09  0.0   0.0   0.0   0.0   0.02  0.07  0.24  0.0   0.0   0.13  
357   M     0.0   0.0   0.0   0.0   0.0   0.03  0.0   0.0   0.0   0.48  0.18  0.0   0.03  0.07  0.0   0.02  0.0   0.0   0.0   0.19  
358   I     0.0   0.0   0.0   0.0   0.05  0.0   0.0   0.0   0.0   0.32  0.03  0.0   0.0   0.02  0.0   0.0   0.07  0.0   0.0   0.51  
359   A     0.11  0.0   0.0   0.0   0.0   0.0   0.0   0.0   0.0   0.0   0.0   0.0   0.0   0.0   0.0   0.14  0.69  0.0   0.0   0.06  
360   F     0.3   0.0   0.0   0.0   0.05  0.0   0.0   0.07  0.0   0.09  0.0   0.0   0.0   0.05  0.22  0.12  0.07  0.0   0.0   0.04  
361   L     0.0   0.0   0.0   0.0   0.0   0.0   0.0   0.0   0.0   0.41  0.41  0.0   0.0   0.01  0.03  0.01  0.0   0.0   0.0   0.13  
362   E     0.04  0.02  0.0   0.0   0.14  0.18  0.04  0.04  0.0   0.07  0.07  0.0   0.01  0.0   0.0   0.1   0.06  0.0   0.05  0.19  
363   D     0.0   0.0   0.0   0.84  0.0   0.03  0.04  0.0   0.0   0.0   0.0   0.09  0.0   0.0   0.0   0.0   0.0   0.0   0.0   0.0   
364   E     0.02  0.0   0.0   0.02  0.0   0.14  0.28  0.11  0.01  0.0   0.13  0.09  0.06  0.0   0.0   0.03  0.1   0.0   0.0   0.0   
365   L     0.0   0.06  0.02  0.05  0.0   0.0   0.0   0.03  0.0   0.04  0.12  0.06  0.0   0.44  0.01  0.0   0.0   0.0   0.12  0.03  
366   K     0.01  0.17  0.0   0.04  0.0   0.05  0.04  0.04  0.01  0.04  0.0   0.33  0.0   0.0   0.13  0.03  0.0   0.0   0.0   0.08  
367   L     0.0   0.11  0.0   0.0   0.0   0.0   0.0   0.06  0.01  0.21  0.19  0.1   0.04  0.0   0.0   0.05  0.03  0.03  0.02  0.14  
368   S     0.0   0.05  0.11  0.0   0.05  0.03  0.0   0.05  0.0   0.05  0.17  0.07  0.02  0.05  0.13  0.13  0.0   0.04  0.04  0.0   
369   R     0.01  0.49  0.01  0.0   0.0   0.0   0.0   0.01  0.03  0.0   0.0   0.3   0.0   0.0   0.07  0.03  0.0   0.02  0.02  0.0   
370   K     0.01  0.28  0.06  0.01  0.0   0.0   0.07  0.06  0.0   0.0   0.0   0.39  0.0   0.0   0.0   0.0   0.03  0.02  0.05  0.0   
371   H     0.0   0.07  0.03  0.01  0.0   0.0   0.18  0.0   0.19  0.02  0.02  0.21  0.06  0.0   0.0   0.0   0.03  0.14  0.03  0.0   
372   A     0.16  0.2   0.0   0.01  0.0   0.03  0.02  0.01  0.0   0.1   0.07  0.09  0.0   0.07  0.09  0.05  0.01  0.0   0.03  0.06  
373   V     0.02  0.01  0.0   0.0   0.0   0.0   0.1   0.02  0.0   0.09  0.22  0.11  0.0   0.06  0.03  0.02  0.05  0.0   0.0   0.26  
374   L     0.09  0.01  0.0   0.0   0.0   0.0   0.1   0.0   0.0   0.11  0.31  0.0   0.0   0.03  0.02  0.08  0.09  0.01  0.03  0.12  
375   W     0.02  0.0   0.0   0.0   0.0   0.0   0.0   0.12  0.02  0.04  0.24  0.0   0.01  0.15  0.0   0.0   0.04  0.16  0.05  0.12  
376   T     0.07  0.0   0.0   0.0   0.09  0.0   0.03  0.06  0.0   0.13  0.17  0.04  0.02  0.03  0.0   0.0   0.29  0.0   0.0   0.07  
377   A     0.1   0.0   0.0   0.0   0.16  0.0   0.0   0.06  0.0   0.09  0.13  0.0   0.0   0.03  0.0   0.09  0.15  0.0   0.0   0.2   
378   A     0.16  0.0   0.0   0.0   0.24  0.0   0.0   0.27  0.0   0.04  0.04  0.0   0.0   0.0   0.0   0.15  0.0   0.0   0.0   0.1   
379   I     0.05  0.0   0.0   0.0   0.02  0.0   0.0   0.04  0.0   0.17  0.38  0.0   0.01  0.06  0.0   0.02  0.01  0.0   0.0   0.23  
380   V     0.16  0.0   0.0   0.0   0.1   0.0   0.0   0.02  0.0   0.25  0.18  0.0   0.01  0.04  0.0   0.01  0.03  0.0   0.0   0.19  
381   F     0.08  0.0   0.04  0.0   0.14  0.0   0.0   0.08  0.0   0.11  0.09  0.0   0.0   0.31  0.0   0.07  0.04  0.0   0.0   0.02  
382   F     0.03  0.0   0.0   0.0   0.03  0.0   0.0   0.02  0.0   0.07  0.15  0.0   0.0   0.52  0.0   0.03  0.0   0.0   0.09  0.05  
383   S     0.11  0.0   0.0   0.0   0.13  0.0   0.0   0.09  0.0   0.06  0.3   0.0   0.02  0.03  0.0   0.11  0.08  0.0   0.0   0.06  
384   A     0.08  0.0   0.0   0.0   0.06  0.0   0.0   0.13  0.0   0.15  0.17  0.0   0.12  0.06  0.0   0.04  0.11  0.0   0.0   0.08  
385   H     0.0   0.05  0.06  0.0   0.0   0.0   0.0   0.41  0.03  0.09  0.14  0.0   0.0   0.07  0.0   0.05  0.0   0.0   0.08  0.0   
386   L     0.05  0.0   0.0   0.0   0.0   0.0   0.0   0.0   0.0   0.18  0.49  0.0   0.04  0.07  0.02  0.06  0.02  0.0   0.0   0.04  
387   V     0.03  0.0   0.0   0.0   0.03  0.0   0.0   0.08  0.0   0.15  0.1   0.0   0.03  0.02  0.22  0.03  0.09  0.0   0.02  0.19  
388   M     0.08  0.0   0.0   0.0   0.04  0.0   0.0   0.09  0.0   0.03  0.25  0.0   0.23  0.1   0.0   0.02  0.0   0.0   0.1   0.04  
389   F     0.0   0.0   0.0   0.0   0.04  0.0   0.0   0.04  0.0   0.09  0.12  0.0   0.0   0.33  0.0   0.0   0.11  0.0   0.08  0.18  
390   L     0.0   0.0   0.0   0.0   0.06  0.0   0.0   0.03  0.0   0.03  0.26  0.0   0.04  0.0   0.02  0.05  0.31  0.05  0.02  0.14  
391   N     0.02  0.0   0.14  0.0   0.0   0.21  0.13  0.11  0.03  0.02  0.05  0.0   0.03  0.05  0.05  0.04  0.05  0.0   0.0   0.07  
392   K     0.05  0.1   0.0   0.06  0.0   0.02  0.05  0.28  0.0   0.03  0.02  0.06  0.0   0.0   0.03  0.15  0.09  0.02  0.04  0.0   
393   S     0.03  0.0   0.12  0.0   0.02  0.02  0.0   0.39  0.0   0.02  0.03  0.02  0.05  0.0   0.02  0.16  0.06  0.04  0.0   0.02  
394   L     0.0   0.0   0.0   0.03  0.0   0.01  0.0   0.0   0.0   0.06  0.49  0.0   0.13  0.12  0.0   0.0   0.02  0.0   0.0   0.14  
395   D     0.0   0.0   0.02  0.15  0.0   0.18  0.06  0.04  0.02  0.03  0.03  0.0   0.0   0.04  0.0   0.12  0.32  0.0   0.0   0.0   
396   E     0.0   0.0   0.0   0.0   0.0   0.03  0.11  0.06  0.0   0.15  0.47  0.0   0.1   0.02  0.0   0.0   0.02  0.04  0.0   0.0   
397   M     0.0   0.0   0.0   0.0   0.0   0.0   0.0   0.0   0.0   0.07  0.17  0.0   0.18  0.39  0.0   0.0   0.0   0.0   0.02  0.13  
398   D     0.02  0.0   0.06  0.8   0.0   0.0   0.06  0.0   0.0   0.0   0.01  0.0   0.0   0.0   0.0   0.0   0.0   0.0   0.0   0.0   
399   F     0.03  0.02  0.06  0.17  0.0   0.0   0.02  0.0   0.11  0.0   0.05  0.0   0.0   0.19  0.0   0.11  0.07  0.0   0.13  0.02  
400   W     0.0   0.0   0.0   0.0   0.0   0.0   0.0   0.02  0.0   0.0   0.05  0.0   0.0   0.15  0.0   0.0   0.0   0.03  0.74  0.0   
401   A     0.57  0.0   0.0   0.06  0.02  0.0   0.0   0.14  0.0   0.0   0.0   0.0   0.0   0.0   0.02  0.15  0.04  0.0   0.0   0.0   
402   G     0.58  0.0   0.0   0.0   0.01  0.04  0.0   0.17  0.0   0.0   0.0   0.0   0.0   0.0   0.02  0.07  0.03  0.0   0.06  0.02  
403   T     0.06  0.0   0.0   0.0   0.0   0.0   0.0   0.22  0.0   0.0   0.0   0.0   0.0   0.0   0.0   0.39  0.31  0.0   0.0   0.02  
404   I     0.0   0.0   0.0   0.0   0.0   0.0   0.0   0.0   0.0   0.14  0.23  0.0   0.06  0.13  0.03  0.06  0.06  0.06  0.18  0.06  
405   G     0.07  0.0   0.02  0.0   0.13  0.0   0.0   0.13  0.0   0.0   0.03  0.0   0.0   0.03  0.21  0.24  0.04  0.0   0.0   0.1   
406   V     0.0   0.0   0.06  0.0   0.0   0.0   0.0   0.0   0.0   0.14  0.55  0.0   0.0   0.0   0.0   0.05  0.0   0.0   0.0   0.21  
407   V     0.0   0.0   0.0   0.0   0.0   0.0   0.0   0.0   0.0   0.08  0.44  0.0   0.05  0.1   0.03  0.0   0.05  0.0   0.0   0.25  
408   F     0.0   0.0   0.0   0.0   0.05  0.0   0.0   0.0   0.0   0.35  0.11  0.0   0.0   0.29  0.0   0.0   0.03  0.03  0.0   0.14  
409   F     0.09  0.0   0.0   0.0   0.0   0.0   0.0   0.03  0.0   0.28  0.19  0.0   0.0   0.14  0.0   0.0   0.05  0.0   0.0   0.22  
410   G     0.46  0.0   0.0   0.0   0.0   0.0   0.0   0.03  0.0   0.0   0.0   0.0   0.06  0.0   0.0   0.09  0.0   0.0   0.0   0.33  
411   L     0.0   0.0   0.0   0.0   0.05  0.0   0.0   0.0   0.0   0.36  0.24  0.0   0.01  0.24  0.0   0.0   0.0   0.0   0.0   0.06  
412   T     0.0   0.0   0.0   0.0   0.14  0.0   0.0   0.0   0.0   0.1   0.2   0.0   0.07  0.29  0.0   0.0   0.12  0.0   0.0   0.06  
413   E     0.06  0.0   0.0   0.0   0.0   0.03  0.84  0.0   0.0   0.0   0.0   0.0   0.05  0.0   0.0   0.0   0.03  0.0   0.0   0.0   
414   L     0.13  0.0   0.1   0.0   0.19  0.0   0.0   0.0   0.0   0.03  0.28  0.0   0.09  0.0   0.0   0.03  0.04  0.0   0.0   0.12  
415   I     0.15  0.0   0.0   0.0   0.0   0.0   0.0   0.0   0.0   0.37  0.1   0.0   0.04  0.1   0.0   0.01  0.0   0.0   0.0   0.22  
416   I     0.35  0.0   0.0   0.0   0.09  0.0   0.0   0.27  0.0   0.12  0.0   0.0   0.0   0.0   0.0   0.09  0.0   0.0   0.0   0.09  
417   F     0.03  0.0   0.0   0.0   0.0   0.0   0.0   0.0   0.0   0.36  0.03  0.0   0.05  0.09  0.0   0.0   0.0   0.0   0.0   0.44  
418   F     0.21  0.0   0.04  0.0   0.05  0.0   0.0   0.04  0.0   0.07  0.0   0.0   0.1   0.06  0.0   0.2   0.03  0.0   0.0   0.2   
419   W     0.0   0.03  0.0   0.0   0.0   0.0   0.0   0.06  0.02  0.0   0.0   0.0   0.0   0.06  0.0   0.0   0.0   0.58  0.25  0.0   
420   I     0.01  0.0   0.0   0.0   0.0   0.0   0.0   0.03  0.0   0.34  0.03  0.0   0.0   0.22  0.0   0.0   0.0   0.0   0.0   0.37  
421   F     0.0   0.0   0.0   0.0   0.0   0.0   0.0   0.0   0.0   0.0   0.0   0.0   0.0   0.09  0.0   0.0   0.0   0.0   0.86  0.06  
422   G     0.0   0.0   0.0   0.0   0.0   0.0   0.0   0.94  0.0   0.0   0.06  0.0   0.0   0.0   0.0   0.0   0.0   0.0   0.0   0.0   
423   A     0.14  0.0   0.0   0.0   0.0   0.0   0.0   0.07  0.05  0.12  0.14  0.06  0.03  0.05  0.0   0.03  0.09  0.0   0.0   0.23  
424   D     0.0   0.1   0.08  0.41  0.0   0.17  0.0   0.05  0.03  0.0   0.0   0.07  0.0   0.0   0.0   0.02  0.04  0.02  0.0   0.0   
425   K     0.0   0.36  0.29  0.0   0.0   0.08  0.06  0.0   0.0   0.0   0.0   0.22  0.0   0.0   0.0   0.0   0.0   0.0   0.0   0.0   
426   A     0.09  0.04  0.0   0.0   0.0   0.0   0.0   0.0   0.0   0.03  0.08  0.0   0.04  0.63  0.0   0.0   0.0   0.0   0.05  0.05  
427   W     0.0   0.11  0.06  0.0   0.23  0.0   0.0   0.0   0.0   0.03  0.06  0.06  0.08  0.08  0.0   0.12  0.0   0.03  0.14  0.0   
428   E     0.0   0.03  0.02  0.39  0.0   0.08  0.22  0.0   0.0   0.0   0.0   0.19  0.0   0.0   0.0   0.07  0.0   0.0   0.0   0.0   
429   E     0.03  0.0   0.14  0.56  0.0   0.0   0.13  0.04  0.03  0.0   0.0   0.0   0.0   0.0   0.0   0.04  0.0   0.0   0.0   0.0   
430   I     0.0   0.0   0.0   0.04  0.0   0.0   0.0   0.0   0.0   0.57  0.19  0.0   0.0   0.0   0.0   0.0   0.0   0.0   0.0   0.16  
431   N     0.01  0.0   0.11  0.0   0.0   0.09  0.31  0.01  0.06  0.0   0.04  0.15  0.0   0.0   0.0   0.06  0.13  0.0   0.0   0.01  
432   R     0.05  0.09  0.0   0.15  0.0   0.11  0.27  0.0   0.0   0.0   0.0   0.03  0.12  0.1   0.0   0.06  0.03  0.0   0.0   0.0   
433   G     0.05  0.0   0.0   0.03  0.0   0.0   0.01  0.07  0.0   0.0   0.05  0.06  0.56  0.08  0.0   0.01  0.07  0.0   0.0   0.01  
434   G     0.0   0.0   0.0   0.0   0.08  0.0   0.0   0.04  0.0   0.17  0.24  0.07  0.25  0.0   0.0   0.07  0.0   0.06  0.0   0.0   
435   I     0.0   0.0   0.12  0.0   0.0   0.0   0.04  0.45  0.0   0.2   0.0   0.0   0.0   0.0   0.0   0.0   0.09  0.0   0.07  0.02  
436   I     0.0   0.07  0.0   0.0   0.0   0.0   0.0   0.22  0.0   0.08  0.0   0.05  0.0   0.28  0.0   0.09  0.0   0.0   0.11  0.1   
437   K     0.05  0.31  0.02  0.0   0.0   0.05  0.0   0.06  0.07  0.0   0.0   0.21  0.0   0.04  0.06  0.02  0.12  0.0   0.0   0.0   
438   V     0.01  0.1   0.0   0.0   0.0   0.02  0.0   0.01  0.0   0.0   0.08  0.08  0.0   0.07  0.36  0.01  0.05  0.0   0.06  0.16  
439   P     0.0   0.0   0.02  0.0   0.0   0.0   0.0   0.1   0.0   0.06  0.05  0.0   0.0   0.0   0.49  0.18  0.0   0.04  0.05  0.0   
440   R     0.0   0.14  0.12  0.0   0.02  0.0   0.0   0.12  0.0   0.0   0.18  0.13  0.02  0.0   0.13  0.09  0.0   0.0   0.0   0.04  
441   I     0.0   0.02  0.0   0.0   0.06  0.0   0.0   0.04  0.0   0.22  0.21  0.0   0.0   0.15  0.0   0.0   0.0   0.11  0.18  0.0   
442   Y     0.0   0.0   0.0   0.0   0.0   0.0   0.0   0.0   0.0   0.11  0.0   0.0   0.03  0.16  0.0   0.0   0.0   0.28  0.42  0.0   
443   Y     0.0   0.14  0.0   0.0   0.0   0.06  0.04  0.0   0.0   0.06  0.0   0.16  0.0   0.15  0.0   0.0   0.0   0.29  0.1   0.0   
444   Y     0.0   0.11  0.06  0.0   0.0   0.13  0.0   0.0   0.0   0.11  0.02  0.09  0.04  0.06  0.0   0.0   0.0   0.03  0.31  0.04  
445   V     0.03  0.0   0.0   0.0   0.29  0.0   0.0   0.0   0.0   0.0   0.19  0.0   0.12  0.0   0.0   0.03  0.0   0.0   0.06  0.27  
446   M     0.04  0.0   0.0   0.0   0.18  0.0   0.0   0.0   0.0   0.0   0.0   0.0   0.08  0.06  0.0   0.0   0.1   0.48  0.0   0.06  
447   R     0.12  0.22  0.0   0.0   0.0   0.0   0.0   0.04  0.0   0.0   0.08  0.37  0.02  0.0   0.0   0.14  0.03  0.0   0.0   0.0   
448   Y     0.0   0.0   0.0   0.0   0.0   0.0   0.0   0.0   0.0   0.02  0.02  0.0   0.0   0.64  0.0   0.0   0.0   0.0   0.13  0.19  
449   I     0.0   0.0   0.0   0.0   0.04  0.0   0.0   0.0   0.0   0.24  0.06  0.0   0.02  0.15  0.0   0.0   0.0   0.0   0.0   0.5   
450   T     0.06  0.0   0.0   0.0   0.06  0.0   0.0   0.0   0.0   0.0   0.0   0.0   0.0   0.0   0.0   0.5   0.32  0.0   0.0   0.06  
451   P     0.0   0.0   0.0   0.0   0.0   0.0   0.0   0.0   0.0   0.0   0.0   0.0   0.0   0.0   1.0   0.0   0.0   0.0   0.0   0.0   
452   A     0.24  0.0   0.0   0.0   0.04  0.0   0.0   0.05  0.0   0.1   0.28  0.0   0.03  0.0   0.0   0.0   0.04  0.0   0.0   0.2   
453   F     0.0   0.0   0.0   0.0   0.05  0.0   0.0   0.0   0.0   0.26  0.16  0.0   0.18  0.16  0.0   0.0   0.07  0.0   0.06  0.04  
454   L     0.0   0.0   0.0   0.0   0.11  0.0   0.0   0.0   0.0   0.17  0.43  0.0   0.22  0.0   0.0   0.04  0.0   0.0   0.0   0.02  
455   A     0.2   0.0   0.0   0.0   0.0   0.0   0.0   0.0   0.0   0.12  0.41  0.0   0.0   0.06  0.0   0.0   0.11  0.0   0.0   0.1   
456   V     0.12  0.0   0.0   0.0   0.0   0.0   0.0   0.13  0.0   0.21  0.0   0.0   0.0   0.18  0.0   0.04  0.06  0.0   0.02  0.24  
457   L     0.0   0.0   0.0   0.0   0.04  0.0   0.0   0.0   0.0   0.42  0.33  0.0   0.03  0.0   0.0   0.0   0.04  0.0   0.0   0.14  
458   L     0.0   0.0   0.0   0.0   0.06  0.0   0.0   0.0   0.0   0.0   0.33  0.0   0.0   0.46  0.0   0.0   0.02  0.0   0.0   0.12  
459   V     0.0   0.0   0.0   0.0   0.03  0.0   0.0   0.02  0.0   0.51  0.08  0.0   0.0   0.06  0.0   0.0   0.0   0.0   0.0   0.3   
460   V     0.0   0.0   0.0   0.0   0.0   0.0   0.0   0.0   0.0   0.04  0.09  0.0   0.0   0.59  0.0   0.0   0.0   0.0   0.09  0.19  
461   W     0.0   0.0   0.0   0.0   0.06  0.0   0.0   0.04  0.0   0.0   0.0   0.0   0.0   0.18  0.0   0.4   0.08  0.16  0.07  0.0   
462   A     0.13  0.0   0.0   0.0   0.0   0.0   0.01  0.01  0.0   0.19  0.36  0.01  0.0   0.05  0.0   0.01  0.01  0.0   0.0   0.21  
463   R     0.01  0.09  0.0   0.0   0.0   0.0   0.01  0.01  0.0   0.36  0.01  0.01  0.06  0.05  0.0   0.08  0.01  0.0   0.05  0.26  
464   E     0.01  0.0   0.08  0.08  0.0   0.22  0.09  0.11  0.0   0.0   0.01  0.25  0.0   0.05  0.0   0.01  0.01  0.0   0.07  0.01  
465   Y     0.0   0.0   0.0   0.0   0.0   0.0   0.0   0.0   0.0   0.0   0.0   0.0   0.04  0.21  0.0   0.0   0.0   0.04  0.7   0.0   
466   I     0.0   0.07  0.0   0.0   0.0   0.12  0.09  0.0   0.07  0.15  0.0   0.19  0.0   0.0   0.0   0.0   0.12  0.0   0.0   0.2   
467   P     0.0   0.0   0.0   0.0   0.0   0.0   0.06  0.0   0.0   0.05  0.0   0.0   0.0   0.0   0.79  0.0   0.0   0.0   0.0   0.1   
468   K     0.0   0.0   0.0   0.0   0.0   0.05  0.11  0.0   0.0   0.14  0.37  0.14  0.13  0.0   0.0   0.07  0.0   0.0   0.0   0.0   
469   I     0.0   0.0   0.0   0.0   0.0   0.0   0.07  0.0   0.0   0.1   0.07  0.0   0.0   0.0   0.0   0.0   0.56  0.0   0.0   0.21  
470   M     0.0   0.0   0.06  0.0   0.0   0.0   0.0   0.07  0.0   0.0   0.0   0.0   0.15  0.0   0.0   0.1   0.0   0.0   0.62  0.0   
471   E     0.06  0.05  0.32  0.09  0.0   0.11  0.17  0.13  0.0   0.0   0.0   0.06  0.0   0.0   0.0   0.0   0.0   0.0   0.0   0.0   
472   E     0.0   0.0   0.0   0.15  0.0   0.06  0.28  0.0   0.09  0.0   0.0   0.18  0.0   0.0   0.0   0.13  0.06  0.0   0.05  0.0   
473   T     0.0   0.0   0.0   0.0   0.0   0.0   0.0   0.0   0.0   0.0   0.17  0.13  0.0   0.0   0.05  0.0   0.15  0.0   0.5   0.0   
474   H     0.0   0.07  0.0   0.05  0.0   0.14  0.0   0.0   0.16  0.05  0.0   0.0   0.06  0.0   0.0   0.0   0.16  0.0   0.25  0.06  
475   W     0.0   0.0   0.0   0.0   0.0   0.0   0.0   0.0   0.0   0.0   0.0   0.04  0.0   0.12  0.0   0.0   0.09  0.17  0.57  0.0   
476   T     0.07  0.0   0.0   0.0   0.0   0.0   0.0   0.0   0.0   0.0   0.0   0.0   0.0   0.0   0.52  0.17  0.1   0.0   0.14  0.0   
477   V     0.07  0.0   0.0   0.07  0.0   0.0   0.0   0.09  0.0   0.24  0.05  0.0   0.0   0.0   0.18  0.18  0.0   0.0   0.0   0.1   
478   W     0.0   0.0   0.0   0.0   0.0   0.0   0.0   0.0   0.0   0.0   0.0   0.0   0.0   0.0   0.0   0.0   0.0   1.0   0.0   0.0   
479   I     0.0   0.33  0.0   0.0   0.0   0.0   0.0   0.0   0.0   0.35  0.0   0.0   0.0   0.0   0.0   0.0   0.0   0.0   0.0   0.32  
480   T     0.0   0.0   0.0   0.0   0.0   0.0   0.0   0.0   0.0   0.0   0.0   0.0   0.0   0.0   0.0   0.0   0.67  0.0   0.0   0.33  
481   R     0.0   0.68  0.0   0.0   0.32  0.0   0.0   0.0   0.0   0.0   0.0   0.0   0.0   0.0   0.0   0.0   0.0   0.0   0.0   0.0   
482   F     0.03  0.02  0.01  0.02  0.01  0.01  0.02  0.02  0.01  0.02  0.03  0.02  0.01  0.36  0.02  0.35  0.02  0.0   0.01  0.02  
483   Y     0.03  0.02  0.01  0.02  0.01  0.01  0.02  0.02  0.01  0.02  0.03  0.02  0.01  0.01  0.02  0.35  0.02  0.0   0.36  0.02  
484   I     0.03  0.02  0.01  0.02  0.01  0.01  0.02  0.02  0.01  0.36  0.03  0.02  0.01  0.01  0.02  0.02  0.02  0.0   0.01  0.35  
485   I     0.0   0.0   0.0   0.0   0.0   0.0   0.0   0.0   0.0   0.68  0.32  0.0   0.0   0.0   0.0   0.0   0.0   0.0   0.0   0.0   
486   G     0.0   0.0   0.0   0.0   0.32  0.0   0.0   0.68  0.0   0.0   0.0   0.0   0.0   0.0   0.0   0.0   0.0   0.0   0.0   0.0   
487   L     0.0   0.0   0.0   0.0   0.0   0.0   0.0   0.0   0.0   0.32  0.35  0.0   0.0   0.33  0.0   0.0   0.0   0.0   0.0   0.0   
488   F     0.0   0.0   0.0   0.0   0.0   0.0   0.0   0.0   0.0   0.0   0.33  0.0   0.0   0.35  0.32  0.0   0.0   0.0   0.0   0.0   
489   L     0.0   0.0   0.0   0.0   0.0   0.0   0.0   0.0   0.0   0.0   0.35  0.0   0.65  0.0   0.0   0.0   0.0   0.0   0.0   0.0   
490   F     0.33  0.0   0.0   0.0   0.0   0.0   0.0   0.0   0.0   0.0   0.0   0.0   0.0   0.35  0.0   0.0   0.0   0.0   0.32  0.0   
491   L     0.0   0.0   0.0   0.0   0.0   0.0   0.0   0.0   0.0   0.32  0.68  0.0   0.0   0.0   0.0   0.0   0.0   0.0   0.0   0.0   
492   T     0.0   0.0   0.0   0.0   0.0   0.0   0.0   0.0   0.0   0.32  0.0   0.0   0.0   0.0   0.0   0.33  0.35  0.0   0.0   0.0   
493   F     0.0   0.0   0.0   0.0   0.0   0.0   0.0   0.0   0.0   0.0   0.0   0.0   0.0   0.35  0.0   0.33  0.0   0.0   0.32  0.0   
494   L     0.0   0.0   0.0   0.0   0.0   0.0   0.0   0.0   0.0   0.0   0.35  0.32  0.0   0.0   0.0   0.0   0.0   0.0   0.0   0.33  
495   V     0.0   0.0   0.0   0.0   0.0   0.0   0.0   0.0   0.0   0.33  0.0   0.0   0.0   0.32  0.0   0.0   0.0   0.0   0.0   0.35  
496   F     0.0   0.0   0.0   0.0   0.33  0.0   0.0   0.0   0.0   0.0   0.0   0.0   0.0   0.67  0.0   0.0   0.0   0.0   0.0   0.0   
497   L     0.0   0.0   0.0   0.0   0.0   0.0   0.0   0.0   0.0   0.33  0.35  0.0   0.0   0.32  0.0   0.0   0.0   0.0   0.0   0.0   
498   A     1.0   0.0   0.0   0.0   0.0   0.0   0.0   0.0   0.0   0.0   0.0   0.0   0.0   0.0   0.0   0.0   0.0   0.0   0.0   0.0   
499   E     0.0   0.0   0.0   0.0   0.0   0.0   0.5   0.0   0.0   0.0   0.0   0.0   0.0   0.0   0.0   0.5   0.0   0.0   0.0   0.0   
500   R     0.0   1.0   0.0   0.0   0.0   0.0   0.0   0.0   0.0   0.0   0.0   0.0   0.0   0.0   0.0   0.0   0.0   0.0   0.0   0.0   
501   R     0.0   0.5   0.0   0.0   0.0   0.5   0.0   0.0   0.0   0.0   0.0   0.0   0.0   0.0   0.0   0.0   0.0   0.0   0.0   0.0   
502   R     0.0   1.0   0.0   0.0   0.0   0.0   0.0   0.0   0.0   0.0   0.0   0.0   0.0   0.0   0.0   0.0   0.0   0.0   0.0   0.0   
503   N     0.0   0.0   0.5   0.0   0.0   0.0   0.0   0.0   0.0   0.0   0.5   0.0   0.0   0.0   0.0   0.0   0.0   0.0   0.0   0.0   
504   H     0.0   0.0   0.0   0.0   0.0   0.5   0.0   0.0   0.5   0.0   0.0   0.0   0.0   0.0   0.0   0.0   0.0   0.0   0.0   0.0   
505   E     0.0   0.0   0.0   0.0   0.0   0.0   1.0   0.0   0.0   0.0   0.0   0.0   0.0   0.0   0.0   0.0   0.0   0.0   0.0   0.0   
506   S     0.0   0.0   0.0   0.0   0.0   0.0   0.0   0.0   0.0   0.0   0.0   0.0   0.0   0.0   0.0   1.0   0.0   0.0   0.0   0.0   
507   A     0.0   0.0   0.0   0.0   0.0   0.0   0.0   0.0   0.0   0.0   0.0   0.0   0.0   0.0   0.0   0.0   0.0   0.0   0.0   0.0   
