             A     R     N     D     C     Q     E     G     H     I     L     K     M     F     P     S     T     W     Y     V
1     M     0.0   0.0   0.0   0.0   0.0   0.0   0.0   0.0   0.0   0.09  0.47  0.0   0.13  0.17  0.0   0.0   0.0   0.06  0.0   0.08  
2     E     0.04  0.21  0.07  0.09  0.0   0.18  0.19  0.0   0.1   0.02  0.0   0.07  0.0   0.0   0.0   0.04  0.0   0.0   0.0   0.0   
3     N     0.0   0.04  0.2   0.53  0.0   0.07  0.02  0.0   0.02  0.0   0.04  0.03  0.0   0.0   0.0   0.03  0.03  0.0   0.0   0.0   
4     V     0.1   0.0   0.0   0.0   0.03  0.02  0.0   0.0   0.01  0.3   0.2   0.0   0.05  0.03  0.0   0.0   0.0   0.0   0.01  0.24  
5     T     0.11  0.03  0.04  0.07  0.0   0.03  0.13  0.0   0.01  0.02  0.04  0.02  0.07  0.0   0.0   0.05  0.39  0.0   0.0   0.01  
6     E     0.01  0.03  0.0   0.07  0.0   0.03  0.46  0.01  0.01  0.03  0.18  0.03  0.0   0.02  0.0   0.01  0.07  0.0   0.0   0.04  
7     S     0.08  0.21  0.04  0.05  0.0   0.12  0.04  0.0   0.0   0.01  0.07  0.02  0.11  0.0   0.0   0.06  0.13  0.01  0.01  0.03  
8     K     0.07  0.33  0.0   0.01  0.0   0.18  0.09  0.01  0.01  0.02  0.03  0.23  0.0   0.0   0.0   0.02  0.02  0.0   0.0   0.0   
9     E     0.21  0.05  0.0   0.14  0.0   0.18  0.23  0.0   0.01  0.01  0.04  0.04  0.04  0.0   0.0   0.03  0.02  0.0   0.0   0.0   
10    L     0.05  0.12  0.0   0.0   0.0   0.01  0.02  0.0   0.0   0.04  0.38  0.1   0.06  0.05  0.0   0.01  0.05  0.0   0.01  0.09  
11    E     0.06  0.13  0.04  0.06  0.0   0.16  0.31  0.02  0.01  0.01  0.02  0.07  0.0   0.0   0.0   0.01  0.09  0.0   0.0   0.0   
12    R     0.11  0.26  0.06  0.02  0.0   0.17  0.15  0.0   0.08  0.0   0.0   0.06  0.02  0.0   0.03  0.03  0.01  0.0   0.0   0.01  
13    L     0.35  0.01  0.02  0.0   0.0   0.02  0.04  0.0   0.01  0.09  0.32  0.01  0.05  0.01  0.0   0.02  0.02  0.0   0.0   0.03  
14    K     0.15  0.07  0.0   0.03  0.0   0.06  0.34  0.02  0.03  0.02  0.08  0.11  0.02  0.0   0.0   0.03  0.01  0.01  0.0   0.03  
15    R     0.08  0.22  0.03  0.03  0.0   0.11  0.28  0.01  0.02  0.01  0.01  0.08  0.04  0.0   0.0   0.03  0.02  0.01  0.0   0.0   
16    I     0.31  0.02  0.01  0.0   0.0   0.05  0.02  0.01  0.02  0.04  0.18  0.05  0.04  0.01  0.0   0.13  0.04  0.0   0.0   0.06  
17    D     0.07  0.03  0.15  0.13  0.0   0.06  0.19  0.01  0.0   0.03  0.08  0.0   0.03  0.05  0.0   0.09  0.04  0.0   0.02  0.03  
18    R     0.11  0.19  0.06  0.05  0.01  0.22  0.11  0.01  0.01  0.01  0.01  0.11  0.02  0.01  0.0   0.02  0.04  0.0   0.0   0.03  
19    M     0.24  0.09  0.03  0.03  0.0   0.05  0.05  0.01  0.01  0.04  0.09  0.04  0.07  0.05  0.0   0.09  0.04  0.0   0.01  0.06  
20    K     0.03  0.25  0.01  0.02  0.0   0.12  0.05  0.03  0.01  0.0   0.05  0.37  0.01  0.01  0.0   0.02  0.01  0.0   0.0   0.03  
21    T     0.11  0.15  0.08  0.06  0.0   0.08  0.04  0.03  0.01  0.02  0.03  0.06  0.01  0.0   0.0   0.19  0.14  0.0   0.0   0.01  
22    E     0.09  0.17  0.06  0.13  0.0   0.19  0.13  0.02  0.03  0.01  0.03  0.04  0.01  0.0   0.0   0.04  0.03  0.0   0.01  0.01  
23    F     0.02  0.0   0.0   0.0   0.01  0.01  0.0   0.0   0.0   0.04  0.21  0.01  0.04  0.58  0.0   0.0   0.0   0.01  0.01  0.04  
24    I     0.14  0.0   0.0   0.0   0.0   0.05  0.02  0.0   0.0   0.12  0.31  0.0   0.03  0.06  0.0   0.03  0.05  0.0   0.0   0.2   
25    A     0.48  0.03  0.01  0.0   0.0   0.07  0.03  0.08  0.0   0.0   0.01  0.02  0.01  0.0   0.0   0.17  0.04  0.0   0.04  0.0   
26    N     0.08  0.01  0.27  0.17  0.0   0.0   0.0   0.1   0.01  0.02  0.01  0.02  0.08  0.0   0.0   0.05  0.1   0.0   0.02  0.07  
27    I     0.16  0.0   0.0   0.0   0.0   0.0   0.0   0.0   0.0   0.2   0.17  0.0   0.21  0.0   0.0   0.01  0.0   0.0   0.0   0.25  
28    S     0.27  0.0   0.03  0.0   0.02  0.0   0.0   0.04  0.0   0.0   0.0   0.0   0.0   0.0   0.0   0.62  0.02  0.0   0.0   0.01  
29    H     0.0   0.0   0.0   0.02  0.0   0.02  0.01  0.0   0.94  0.0   0.0   0.0   0.0   0.0   0.0   0.0   0.0   0.0   0.01  0.0   
30    E     0.03  0.0   0.0   0.23  0.0   0.01  0.7   0.03  0.0   0.0   0.0   0.0   0.0   0.0   0.0   0.0   0.0   0.0   0.0   0.0   
31    L     0.0   0.0   0.0   0.0   0.0   0.0   0.0   0.0   0.0   0.25  0.53  0.0   0.11  0.07  0.0   0.0   0.0   0.0   0.0   0.04  
32    R     0.0   0.73  0.04  0.0   0.0   0.02  0.0   0.0   0.0   0.0   0.01  0.21  0.0   0.0   0.0   0.0   0.0   0.0   0.0   0.0   
33    T     0.0   0.07  0.15  0.0   0.02  0.0   0.03  0.01  0.0   0.01  0.0   0.0   0.0   0.0   0.0   0.11  0.61  0.0   0.0   0.0   
34    P     0.02  0.0   0.0   0.0   0.0   0.0   0.0   0.0   0.0   0.03  0.0   0.0   0.0   0.0   0.94  0.0   0.0   0.0   0.0   0.01  
35    L     0.0   0.0   0.0   0.0   0.01  0.0   0.0   0.0   0.0   0.1   0.69  0.0   0.1   0.04  0.0   0.0   0.0   0.0   0.0   0.07  
36    T     0.15  0.03  0.17  0.02  0.0   0.02  0.0   0.05  0.07  0.01  0.0   0.0   0.01  0.01  0.0   0.12  0.33  0.0   0.01  0.01  
37    A     0.23  0.01  0.05  0.0   0.0   0.02  0.0   0.26  0.03  0.03  0.03  0.0   0.01  0.0   0.0   0.19  0.07  0.0   0.0   0.07  
38    I     0.05  0.0   0.01  0.0   0.0   0.0   0.0   0.03  0.0   0.54  0.18  0.0   0.06  0.01  0.0   0.0   0.01  0.0   0.0   0.11  
39    K     0.05  0.2   0.03  0.0   0.0   0.08  0.01  0.01  0.03  0.12  0.2   0.08  0.03  0.01  0.0   0.08  0.01  0.0   0.02  0.05  
40    A     0.05  0.01  0.04  0.0   0.0   0.02  0.01  0.53  0.01  0.04  0.07  0.0   0.04  0.0   0.0   0.07  0.07  0.0   0.0   0.03  
41    Y     0.16  0.01  0.06  0.0   0.0   0.04  0.01  0.01  0.04  0.01  0.19  0.02  0.1   0.1   0.02  0.03  0.01  0.0   0.17  0.02  
42    A     0.22  0.0   0.01  0.0   0.01  0.0   0.0   0.02  0.0   0.07  0.25  0.0   0.0   0.01  0.0   0.12  0.12  0.0   0.0   0.17  
43    E     0.02  0.01  0.03  0.09  0.0   0.18  0.39  0.05  0.02  0.01  0.0   0.02  0.01  0.0   0.02  0.13  0.01  0.0   0.0   0.0   
44    T     0.06  0.0   0.0   0.0   0.0   0.01  0.0   0.03  0.01  0.1   0.37  0.01  0.11  0.04  0.0   0.03  0.11  0.03  0.02  0.07  
45    I     0.06  0.0   0.0   0.0   0.03  0.0   0.01  0.0   0.02  0.1   0.65  0.0   0.05  0.03  0.0   0.0   0.01  0.0   0.0   0.02  
46    Y     0.08  0.08  0.01  0.01  0.0   0.14  0.12  0.01  0.0   0.01  0.2   0.05  0.08  0.02  0.01  0.09  0.02  0.0   0.02  0.03  
47    N     0.08  0.05  0.04  0.19  0.0   0.07  0.2   0.03  0.01  0.0   0.07  0.05  0.03  0.0   0.01  0.1   0.05  0.0   0.0   0.0   
48    S     0.06  0.1   0.06  0.09  0.0   0.09  0.05  0.08  0.04  0.01  0.03  0.04  0.01  0.01  0.03  0.15  0.12  0.0   0.01  0.01  
49    L     0.07  0.03  0.04  0.04  0.01  0.06  0.09  0.03  0.04  0.06  0.13  0.03  0.05  0.02  0.04  0.06  0.05  0.02  0.05  0.09  
50    G     0.06  0.05  0.06  0.07  0.0   0.08  0.08  0.11  0.01  0.04  0.15  0.04  0.02  0.02  0.06  0.07  0.01  0.02  0.01  0.04  
51    E     0.05  0.03  0.04  0.2   0.0   0.04  0.13  0.09  0.01  0.02  0.04  0.04  0.01  0.01  0.1   0.09  0.05  0.0   0.03  0.01  
52    L     0.06  0.06  0.02  0.06  0.01  0.03  0.09  0.06  0.02  0.04  0.14  0.11  0.02  0.02  0.09  0.06  0.06  0.01  0.01  0.05  
53    D     0.1   0.02  0.02  0.26  0.01  0.02  0.07  0.06  0.01  0.02  0.12  0.04  0.02  0.02  0.04  0.09  0.04  0.0   0.01  0.04  
54    L     0.04  0.04  0.06  0.11  0.02  0.03  0.06  0.04  0.0   0.03  0.04  0.05  0.0   0.01  0.2   0.1   0.1   0.0   0.01  0.04  
55    S     0.11  0.06  0.05  0.08  0.0   0.06  0.2   0.02  0.01  0.01  0.02  0.05  0.01  0.0   0.13  0.12  0.04  0.0   0.0   0.03  
56    T     0.04  0.1   0.05  0.08  0.0   0.06  0.24  0.01  0.02  0.03  0.06  0.04  0.02  0.0   0.03  0.03  0.08  0.01  0.03  0.07  
57    L     0.07  0.09  0.01  0.02  0.0   0.29  0.04  0.03  0.02  0.06  0.09  0.05  0.01  0.02  0.04  0.02  0.05  0.01  0.03  0.06  
58    K     0.09  0.24  0.02  0.01  0.0   0.09  0.09  0.02  0.03  0.0   0.03  0.2   0.01  0.01  0.03  0.03  0.05  0.0   0.02  0.02  
59    E     0.01  0.12  0.03  0.17  0.0   0.12  0.25  0.03  0.04  0.02  0.06  0.06  0.01  0.0   0.01  0.01  0.01  0.0   0.0   0.04  
60    F     0.09  0.01  0.02  0.01  0.02  0.01  0.0   0.02  0.03  0.12  0.18  0.02  0.05  0.11  0.01  0.06  0.01  0.01  0.19  0.04  
61    L     0.09  0.04  0.0   0.0   0.01  0.0   0.01  0.02  0.01  0.14  0.32  0.01  0.02  0.04  0.0   0.02  0.07  0.0   0.01  0.18  
62    E     0.08  0.08  0.1   0.17  0.0   0.08  0.18  0.04  0.04  0.0   0.04  0.05  0.01  0.01  0.0   0.07  0.03  0.0   0.02  0.01  
63    V     0.1   0.04  0.01  0.08  0.02  0.08  0.03  0.01  0.04  0.12  0.08  0.02  0.02  0.02  0.0   0.05  0.16  0.0   0.02  0.12  
64    I     0.1   0.02  0.02  0.0   0.01  0.0   0.0   0.0   0.0   0.36  0.12  0.0   0.12  0.0   0.0   0.06  0.02  0.0   0.0   0.16  
65    I     0.07  0.13  0.06  0.03  0.03  0.09  0.06  0.0   0.05  0.09  0.14  0.06  0.01  0.04  0.0   0.02  0.02  0.0   0.05  0.07  
66    D     0.1   0.13  0.05  0.08  0.01  0.1   0.17  0.02  0.02  0.02  0.01  0.12  0.01  0.0   0.0   0.1   0.03  0.0   0.0   0.02  
67    Q     0.03  0.02  0.03  0.02  0.06  0.12  0.26  0.05  0.01  0.01  0.01  0.05  0.01  0.0   0.0   0.24  0.08  0.0   0.0   0.01  
68    S     0.22  0.0   0.02  0.0   0.01  0.01  0.01  0.12  0.0   0.06  0.08  0.0   0.04  0.01  0.02  0.17  0.15  0.0   0.01  0.07  
69    N     0.03  0.09  0.16  0.16  0.0   0.07  0.14  0.02  0.02  0.01  0.03  0.1   0.02  0.0   0.0   0.05  0.07  0.0   0.01  0.01  
70    H     0.04  0.37  0.03  0.02  0.0   0.05  0.04  0.01  0.07  0.03  0.1   0.06  0.01  0.0   0.0   0.06  0.04  0.01  0.02  0.04  
71    L     0.07  0.0   0.0   0.0   0.0   0.01  0.0   0.0   0.0   0.09  0.54  0.0   0.21  0.01  0.0   0.0   0.02  0.0   0.0   0.04  
72    E     0.06  0.05  0.07  0.05  0.0   0.05  0.1   0.04  0.0   0.05  0.2   0.01  0.01  0.0   0.0   0.17  0.07  0.0   0.01  0.08  
73    N     0.12  0.17  0.04  0.05  0.0   0.09  0.02  0.02  0.03  0.01  0.05  0.12  0.0   0.03  0.0   0.09  0.14  0.0   0.01  0.03  
74    L     0.0   0.0   0.0   0.0   0.0   0.03  0.0   0.0   0.0   0.17  0.62  0.01  0.07  0.0   0.0   0.01  0.02  0.0   0.02  0.05  
75    L     0.0   0.0   0.0   0.0   0.0   0.0   0.0   0.0   0.0   0.42  0.1   0.0   0.02  0.03  0.0   0.01  0.05  0.0   0.0   0.37  
76    N     0.02  0.04  0.32  0.15  0.0   0.02  0.14  0.05  0.01  0.0   0.0   0.06  0.0   0.0   0.0   0.09  0.09  0.0   0.02  0.0   
77    E     0.01  0.03  0.1   0.46  0.0   0.15  0.14  0.01  0.0   0.0   0.0   0.01  0.0   0.0   0.0   0.04  0.03  0.0   0.0   0.0   
78    L     0.0   0.0   0.01  0.0   0.0   0.0   0.0   0.0   0.0   0.26  0.38  0.0   0.08  0.05  0.0   0.01  0.01  0.0   0.01  0.17  
79    L     0.0   0.0   0.02  0.0   0.0   0.0   0.02  0.0   0.01  0.08  0.75  0.0   0.04  0.02  0.0   0.01  0.01  0.0   0.0   0.03  
80    D     0.04  0.01  0.05  0.42  0.0   0.08  0.1   0.01  0.03  0.01  0.07  0.0   0.01  0.04  0.0   0.03  0.07  0.0   0.01  0.04  
81    F     0.04  0.02  0.0   0.0   0.0   0.02  0.0   0.0   0.0   0.06  0.45  0.0   0.09  0.14  0.01  0.01  0.02  0.0   0.07  0.05  
82    S     0.24  0.01  0.01  0.01  0.0   0.01  0.03  0.01  0.0   0.01  0.01  0.01  0.0   0.0   0.0   0.52  0.11  0.0   0.01  0.02  
83    R     0.03  0.4   0.02  0.0   0.0   0.02  0.03  0.0   0.0   0.0   0.0   0.43  0.02  0.0   0.02  0.01  0.03  0.0   0.0   0.0   
84    L     0.02  0.01  0.01  0.02  0.0   0.0   0.01  0.03  0.01  0.22  0.36  0.04  0.04  0.03  0.04  0.03  0.03  0.0   0.01  0.1   
85    E     0.01  0.02  0.03  0.3   0.0   0.12  0.41  0.06  0.0   0.0   0.0   0.02  0.01  0.0   0.01  0.01  0.01  0.0   0.0   0.0   
86    R     0.28  0.06  0.12  0.08  0.0   0.09  0.05  0.02  0.02  0.0   0.0   0.02  0.0   0.0   0.0   0.2   0.07  0.0   0.01  0.0   
87    K     0.05  0.05  0.06  0.05  0.0   0.06  0.09  0.51  0.0   0.0   0.0   0.04  0.0   0.0   0.01  0.05  0.01  0.0   0.0   0.01  
88    S     0.08  0.07  0.07  0.07  0.0   0.14  0.02  0.02  0.0   0.0   0.01  0.29  0.01  0.0   0.0   0.15  0.04  0.0   0.0   0.03  
89    L     0.0   0.0   0.0   0.0   0.0   0.0   0.0   0.0   0.0   0.13  0.43  0.0   0.15  0.16  0.0   0.0   0.0   0.0   0.0   0.13  
