             A     R     N     D     C     Q     E     G     H     I     L     K     M     F     P     S     T     W     Y     V
1     M     0.0   0.0   0.0   0.0   0.0   0.0   0.0   0.0   0.0   0.0   0.0   0.0   1.0   0.0   0.0   0.0   0.0   0.0   0.0   0.0   
2     N     0.0   0.0   1.0   0.0   0.0   0.0   0.0   0.0   0.0   0.0   0.0   0.0   0.0   0.0   0.0   0.0   0.0   0.0   0.0   0.0   
3     R     0.0   0.57  0.24  0.0   0.0   0.0   0.0   0.0   0.0   0.0   0.0   0.19  0.0   0.0   0.0   0.0   0.0   0.0   0.0   0.0   
4     E     0.0   0.0   0.0   0.1   0.0   0.0   0.9   0.0   0.0   0.0   0.0   0.0   0.0   0.0   0.0   0.0   0.0   0.0   0.0   0.0   
5     E     0.0   0.0   0.0   0.0   0.0   0.0   1.0   0.0   0.0   0.0   0.0   0.0   0.0   0.0   0.0   0.0   0.0   0.0   0.0   0.0   
6     M     0.1   0.0   0.0   0.0   0.0   0.0   0.0   0.0   0.0   0.15  0.19  0.0   0.36  0.0   0.0   0.0   0.0   0.0   0.0   0.21  
7     T     0.0   0.0   0.0   0.0   0.0   0.21  0.37  0.0   0.0   0.0   0.0   0.0   0.0   0.0   0.0   0.15  0.27  0.0   0.0   0.0   
8     L     0.0   0.0   0.0   0.0   0.0   0.19  0.19  0.0   0.0   0.0   0.48  0.0   0.15  0.0   0.0   0.0   0.0   0.0   0.0   0.0   
9     L     0.0   0.0   0.0   0.0   0.0   0.0   0.0   0.0   0.0   0.31  0.4   0.0   0.0   0.0   0.0   0.0   0.0   0.0   0.0   0.29  
10    G     0.0   0.0   0.0   0.0   0.0   0.0   0.0   0.53  0.0   0.15  0.0   0.0   0.0   0.0   0.0   0.16  0.0   0.0   0.0   0.16  
11    F     0.0   0.0   0.0   0.0   0.0   0.0   0.0   0.0   0.0   0.0   0.0   0.0   0.15  0.85  0.0   0.0   0.0   0.0   0.0   0.0   
12    E     0.12  0.0   0.0   0.0   0.0   0.36  0.37  0.15  0.0   0.0   0.0   0.0   0.0   0.0   0.0   0.0   0.0   0.0   0.0   0.0   
13    I     0.0   0.0   0.0   0.0   0.0   0.0   0.0   0.0   0.0   0.57  0.43  0.0   0.0   0.0   0.0   0.0   0.0   0.0   0.0   0.0   
14    V     0.0   0.0   0.0   0.0   0.0   0.0   0.0   0.0   0.0   0.57  0.0   0.0   0.0   0.0   0.0   0.0   0.0   0.0   0.0   0.43  
15    A     0.43  0.0   0.0   0.0   0.0   0.0   0.0   0.0   0.0   0.12  0.31  0.0   0.14  0.0   0.0   0.0   0.0   0.0   0.0   0.0   
16    Y     0.0   0.0   0.12  0.0   0.0   0.0   0.0   0.0   0.31  0.0   0.0   0.0   0.0   0.07  0.0   0.14  0.0   0.0   0.36  0.0   
17    A     0.43  0.0   0.0   0.0   0.0   0.0   0.0   0.32  0.0   0.0   0.0   0.0   0.0   0.0   0.0   0.25  0.0   0.0   0.0   0.0   
18    G     0.0   0.0   0.0   0.0   0.0   0.0   0.0   1.0   0.0   0.0   0.0   0.0   0.0   0.0   0.0   0.0   0.0   0.0   0.0   0.0   
19    D     0.0   0.0   0.45  0.43  0.0   0.12  0.0   0.0   0.0   0.0   0.0   0.0   0.0   0.0   0.0   0.0   0.0   0.0   0.0   0.0   
20    A     0.83  0.0   0.0   0.0   0.0   0.0   0.0   0.17  0.0   0.0   0.0   0.0   0.0   0.0   0.0   0.0   0.0   0.0   0.0   0.0   
21    R     0.0   0.86  0.0   0.0   0.0   0.0   0.0   0.0   0.0   0.0   0.0   0.14  0.0   0.0   0.0   0.0   0.0   0.0   0.0   0.0   
22    S     0.0   0.0   0.0   0.0   0.0   0.0   0.0   0.14  0.0   0.0   0.0   0.0   0.0   0.0   0.0   0.76  0.1   0.0   0.0   0.0   
23    K     0.1   0.0   0.0   0.0   0.13  0.0   0.0   0.0   0.0   0.0   0.27  0.33  0.0   0.0   0.0   0.09  0.0   0.0   0.08  0.0   
24    L     0.54  0.0   0.0   0.0   0.0   0.0   0.0   0.0   0.0   0.13  0.26  0.0   0.0   0.07  0.0   0.0   0.0   0.0   0.0   0.0   
25    L     0.0   0.0   0.0   0.0   0.0   0.0   0.0   0.0   0.0   0.13  0.33  0.0   0.17  0.14  0.0   0.0   0.0   0.0   0.12  0.1   
26    E     0.12  0.0   0.0   0.0   0.0   0.28  0.5   0.0   0.1   0.0   0.0   0.0   0.0   0.0   0.0   0.0   0.0   0.0   0.0   0.0   
27    A     0.87  0.0   0.0   0.0   0.0   0.0   0.0   0.0   0.0   0.0   0.0   0.0   0.0   0.0   0.0   0.13  0.0   0.0   0.0   0.0   
28    L     0.0   0.0   0.0   0.0   0.0   0.0   0.0   0.0   0.0   0.32  0.68  0.0   0.0   0.0   0.0   0.0   0.0   0.0   0.0   0.0   
29    K     0.09  0.13  0.14  0.1   0.0   0.14  0.0   0.0   0.0   0.0   0.0   0.24  0.0   0.0   0.0   0.0   0.15  0.0   0.0   0.0   
30    A     0.73  0.0   0.0   0.0   0.0   0.27  0.0   0.0   0.0   0.0   0.0   0.0   0.0   0.0   0.0   0.0   0.0   0.0   0.0   0.0   
31    A     0.87  0.0   0.0   0.0   0.0   0.0   0.0   0.0   0.0   0.0   0.0   0.0   0.0   0.0   0.0   0.0   0.0   0.0   0.13  0.0   
32    E     0.0   0.0   0.0   0.0   0.0   0.14  0.22  0.0   0.0   0.0   0.0   0.65  0.0   0.0   0.0   0.0   0.0   0.0   0.0   0.0   
33    N     0.31  0.0   0.12  0.15  0.0   0.12  0.13  0.0   0.0   0.0   0.0   0.08  0.0   0.0   0.0   0.09  0.0   0.0   0.0   0.0   
34    G     0.0   0.0   0.0   0.0   0.0   0.0   0.0   0.93  0.0   0.0   0.0   0.0   0.0   0.0   0.0   0.07  0.0   0.0   0.0   0.0   
35    D     0.0   0.0   0.0   0.5   0.0   0.0   0.3   0.0   0.0   0.0   0.0   0.2   0.0   0.0   0.0   0.0   0.0   0.0   0.0   0.0   
36    F     0.09  0.0   0.0   0.0   0.0   0.0   0.0   0.0   0.0   0.0   0.0   0.13  0.0   0.7   0.0   0.0   0.0   0.0   0.07  0.0   
37    A     0.53  0.0   0.0   0.37  0.0   0.0   0.09  0.0   0.0   0.0   0.0   0.0   0.0   0.0   0.0   0.0   0.0   0.0   0.0   0.0   
38    K     0.12  0.07  0.0   0.0   0.0   0.0   0.45  0.0   0.0   0.0   0.0   0.35  0.0   0.0   0.0   0.0   0.0   0.0   0.0   0.0   
39    A     1.0   0.0   0.0   0.0   0.0   0.0   0.0   0.0   0.0   0.0   0.0   0.0   0.0   0.0   0.0   0.0   0.0   0.0   0.0   0.0   
40    D     0.0   0.17  0.1   0.32  0.0   0.0   0.29  0.0   0.0   0.0   0.0   0.12  0.0   0.0   0.0   0.0   0.0   0.0   0.0   0.0   
41    S     0.32  0.08  0.0   0.0   0.0   0.07  0.17  0.0   0.0   0.0   0.0   0.09  0.0   0.0   0.0   0.26  0.0   0.0   0.0   0.0   
42    L     0.0   0.0   0.0   0.0   0.0   0.0   0.0   0.0   0.0   0.0   0.64  0.09  0.12  0.0   0.0   0.14  0.0   0.0   0.0   0.0   
43    V     0.0   0.0   0.0   0.0   0.0   0.0   0.0   0.0   0.0   0.2   0.32  0.0   0.12  0.0   0.0   0.0   0.0   0.0   0.0   0.36  
44    V     0.2   0.0   0.14  0.12  0.0   0.09  0.31  0.0   0.0   0.0   0.0   0.0   0.0   0.0   0.0   0.0   0.0   0.0   0.0   0.12  
45    E     0.07  0.0   0.0   0.09  0.0   0.2   0.4   0.0   0.0   0.0   0.0   0.23  0.0   0.0   0.0   0.0   0.0   0.0   0.0   0.0   
46    A     0.81  0.0   0.0   0.0   0.0   0.0   0.0   0.07  0.0   0.0   0.0   0.0   0.0   0.0   0.0   0.12  0.0   0.0   0.0   0.0   
47    G     0.09  0.12  0.14  0.07  0.0   0.1   0.13  0.2   0.0   0.0   0.0   0.0   0.0   0.0   0.0   0.14  0.0   0.0   0.0   0.0   
48    S     0.08  0.0   0.07  0.07  0.0   0.23  0.31  0.0   0.0   0.0   0.0   0.0   0.12  0.0   0.0   0.12  0.0   0.0   0.0   0.0   
49    C     0.12  0.0   0.0   0.23  0.33  0.14  0.17  0.0   0.0   0.0   0.0   0.0   0.0   0.0   0.0   0.0   0.0   0.0   0.0   0.0   
50    I     0.0   0.0   0.0   0.0   0.0   0.0   0.0   0.0   0.0   0.43  0.57  0.0   0.0   0.0   0.0   0.0   0.0   0.0   0.0   0.0   
51    A     0.26  0.14  0.22  0.0   0.0   0.08  0.0   0.0   0.0   0.0   0.0   0.0   0.0   0.0   0.0   0.23  0.0   0.0   0.0   0.07  
52    E     0.21  0.0   0.07  0.07  0.0   0.0   0.55  0.0   0.0   0.0   0.0   0.09  0.0   0.0   0.0   0.0   0.0   0.0   0.0   0.0   
53    A     1.0   0.0   0.0   0.0   0.0   0.0   0.0   0.0   0.0   0.0   0.0   0.0   0.0   0.0   0.0   0.0   0.0   0.0   0.0   0.0   
54    H     0.0   0.0   0.0   0.0   0.0   0.0   0.0   0.0   1.0   0.0   0.0   0.0   0.0   0.0   0.0   0.0   0.0   0.0   0.0   0.0   
55    S     0.0   0.07  0.1   0.28  0.0   0.0   0.0   0.08  0.09  0.0   0.12  0.14  0.0   0.0   0.0   0.12  0.0   0.0   0.0   0.0   
56    S     0.21  0.0   0.0   0.0   0.0   0.1   0.0   0.0   0.0   0.13  0.08  0.0   0.0   0.0   0.0   0.12  0.0   0.0   0.09  0.27  
57    Q     0.0   0.0   0.0   0.0   0.0   0.87  0.0   0.0   0.13  0.0   0.0   0.0   0.0   0.0   0.0   0.0   0.0   0.0   0.0   0.0   
58    T     0.0   0.0   0.0   0.0   0.0   0.0   0.0   0.0   0.0   0.0   0.0   0.0   0.0   0.13  0.0   0.0   0.87  0.0   0.0   0.0   
59    G     0.08  0.0   0.07  0.14  0.0   0.23  0.09  0.12  0.0   0.0   0.0   0.12  0.0   0.0   0.0   0.14  0.0   0.0   0.0   0.0   
60    M     0.0   0.0   0.0   0.0   0.0   0.0   0.0   0.0   0.0   0.0   0.75  0.0   0.25  0.0   0.0   0.0   0.0   0.0   0.0   0.0   
61    L     0.0   0.0   0.0   0.0   0.0   0.0   0.0   0.0   0.0   0.35  0.65  0.0   0.0   0.0   0.0   0.0   0.0   0.0   0.0   0.0   
62    A     0.33  0.0   0.0   0.0   0.0   0.31  0.12  0.0   0.0   0.0   0.0   0.0   0.0   0.0   0.0   0.1   0.14  0.0   0.0   0.0   
63    R     0.0   0.26  0.09  0.0   0.0   0.25  0.0   0.12  0.0   0.0   0.0   0.27  0.0   0.0   0.0   0.0   0.0   0.0   0.0   0.0   
64    E     0.0   0.0   0.0   0.12  0.0   0.0   0.73  0.0   0.0   0.0   0.14  0.0   0.0   0.0   0.0   0.0   0.0   0.0   0.0   0.0   
65    A     0.87  0.0   0.0   0.0   0.0   0.0   0.0   0.0   0.0   0.0   0.0   0.0   0.0   0.0   0.0   0.13  0.0   0.0   0.0   0.0   
66    S     0.0   0.0   0.0   0.0   0.0   0.28  0.0   0.45  0.0   0.0   0.0   0.07  0.0   0.0   0.0   0.2   0.0   0.0   0.0   0.0   
67    G     0.0   0.0   0.0   0.0   0.0   0.0   0.12  0.88  0.0   0.0   0.0   0.0   0.0   0.0   0.0   0.0   0.0   0.0   0.0   0.0   
68    E     0.1   0.0   0.0   0.14  0.0   0.0   0.56  0.2   0.0   0.0   0.0   0.0   0.0   0.0   0.0   0.0   0.0   0.0   0.0   0.0   
69    E     0.13  0.0   0.0   0.21  0.0   0.08  0.22  0.0   0.0   0.0   0.0   0.36  0.0   0.0   0.0   0.0   0.0   0.0   0.0   0.0   
70    L     0.0   0.0   0.0   0.0   0.0   0.0   0.0   0.0   0.0   0.35  0.12  0.0   0.22  0.0   0.08  0.0   0.23  0.0   0.0   0.0   
71    P     0.27  0.0   0.0   0.1   0.0   0.0   0.17  0.14  0.0   0.0   0.0   0.12  0.0   0.0   0.12  0.0   0.0   0.0   0.0   0.08  
72    Y     0.0   0.0   0.0   0.0   0.0   0.0   0.0   0.0   0.0   0.0   0.07  0.0   0.09  0.13  0.0   0.0   0.0   0.14  0.26  0.3   
73    S     0.0   0.0   0.14  0.0   0.0   0.0   0.0   0.0   0.0   0.0   0.0   0.0   0.0   0.0   0.0   0.58  0.27  0.0   0.0   0.0   
74    V     0.0   0.0   0.0   0.0   0.0   0.0   0.0   0.0   0.0   0.07  0.57  0.0   0.0   0.1   0.0   0.0   0.0   0.0   0.0   0.26  
75    T     0.0   0.0   0.0   0.0   0.0   0.0   0.0   0.0   0.0   0.1   0.31  0.0   0.0   0.0   0.0   0.0   0.33  0.0   0.14  0.12  
76    M     0.0   0.0   0.0   0.0   0.0   0.0   0.0   0.0   0.0   0.0   0.33  0.0   0.67  0.0   0.0   0.0   0.0   0.0   0.0   0.0   
77    M     0.0   0.0   0.0   0.0   0.0   0.0   0.0   0.0   0.0   0.07  0.0   0.0   0.39  0.0   0.0   0.0   0.0   0.0   0.0   0.54  
78    H     0.0   0.0   0.0   0.0   0.0   0.0   0.0   0.0   1.0   0.0   0.0   0.0   0.0   0.0   0.0   0.0   0.0   0.0   0.0   0.0   
79    G     0.57  0.0   0.0   0.0   0.0   0.0   0.0   0.43  0.0   0.0   0.0   0.0   0.0   0.0   0.0   0.0   0.0   0.0   0.0   0.0   
80    Q     0.0   0.0   0.0   0.0   0.0   0.87  0.13  0.0   0.0   0.0   0.0   0.0   0.0   0.0   0.0   0.0   0.0   0.0   0.0   0.0   
81    L     0.0   0.0   0.0   0.94  0.0   0.0   0.0   0.0   0.0   0.0   0.06  0.0   0.0   0.0   0.0   0.0   0.0   0.0   0.0   0.0   
82    H     0.0   0.0   0.0   0.0   0.0   0.0   0.0   0.0   0.9   0.0   0.0   0.0   0.0   0.0   0.0   0.0   0.1   0.0   0.0   0.0   
83    L     0.0   0.0   0.0   0.0   0.0   0.0   0.0   0.0   0.0   0.0   1.0   0.0   0.0   0.0   0.0   0.0   0.0   0.0   0.0   0.0   
84    M     0.0   0.0   0.0   0.0   0.0   0.0   0.0   0.0   0.0   0.0   0.0   0.0   1.0   0.0   0.0   0.0   0.0   0.0   0.0   0.0   
85    T     0.0   0.0   0.24  0.0   0.0   0.0   0.0   0.0   0.0   0.0   0.0   0.0   0.0   0.0   0.0   0.13  0.63  0.0   0.0   0.0   
86    T     0.32  0.0   0.0   0.0   0.0   0.0   0.0   0.0   0.0   0.0   0.0   0.0   0.0   0.0   0.0   0.12  0.56  0.0   0.0   0.0   
87    I     0.0   0.0   0.0   0.0   0.0   0.0   0.0   0.0   0.0   0.48  0.2   0.0   0.31  0.0   0.0   0.0   0.0   0.0   0.0   0.0   
88    L     0.0   0.0   0.0   0.0   0.0   0.0   0.0   0.0   0.0   0.0   0.55  0.0   0.0   0.0   0.0   0.13  0.32  0.0   0.0   0.0   
89    L     0.12  0.0   0.0   0.0   0.0   0.0   0.0   0.0   0.0   0.0   0.43  0.0   0.13  0.14  0.0   0.0   0.0   0.0   0.0   0.17  
90    K     0.0   0.12  0.0   0.0   0.0   0.0   0.0   0.0   0.0   0.1   0.0   0.78  0.0   0.0   0.0   0.0   0.0   0.0   0.0   0.0   
91    D     0.0   0.0   0.0   0.75  0.0   0.0   0.25  0.0   0.0   0.0   0.0   0.0   0.0   0.0   0.0   0.0   0.0   0.0   0.0   0.0   
92    V     0.0   0.0   0.0   0.0   0.0   0.0   0.1   0.0   0.0   0.0   0.69  0.0   0.09  0.0   0.0   0.0   0.0   0.0   0.0   0.12  
93    I     0.3   0.0   0.0   0.0   0.0   0.0   0.0   0.0   0.0   0.25  0.0   0.0   0.21  0.0   0.0   0.0   0.11  0.0   0.0   0.13  
94    H     0.18  0.11  0.0   0.0   0.0   0.0   0.0   0.0   0.12  0.0   0.0   0.35  0.0   0.0   0.0   0.0   0.12  0.0   0.0   0.12  
95    H     0.0   0.0   0.0   0.0   0.0   0.0   0.56  0.0   0.34  0.0   0.0   0.0   0.0   0.0   0.0   0.0   0.0   0.0   0.11  0.0   
96    L     0.0   0.0   0.0   0.0   0.0   0.0   0.0   0.0   0.0   0.1   0.46  0.0   0.24  0.09  0.0   0.0   0.0   0.0   0.0   0.12  
97    I     0.0   0.0   0.0   0.0   0.0   0.0   0.0   0.0   0.0   0.59  0.2   0.0   0.0   0.0   0.0   0.0   0.0   0.0   0.0   0.2   
98    E     0.0   0.11  0.0   0.13  0.0   0.0   0.64  0.12  0.0   0.0   0.0   0.0   0.0   0.0   0.0   0.0   0.0   0.0   0.0   0.0   
99    L     0.0   0.0   0.0   0.0   0.0   0.12  0.0   0.0   0.0   0.0   0.71  0.0   0.11  0.07  0.0   0.0   0.0   0.0   0.0   0.0   
100   Y     0.0   0.0   0.0   0.0   0.0   0.0   0.12  0.0   0.12  0.0   0.0   0.0   0.0   0.24  0.0   0.0   0.0   0.0   0.52  0.0   
101   K     0.0   0.12  0.0   0.0   0.0   0.0   0.31  0.0   0.0   0.0   0.0   0.57  0.0   0.0   0.0   0.0   0.0   0.0   0.0   0.0   
102   R     0.0   0.61  0.0   0.0   0.0   0.0   0.0   0.0   0.0   0.0   0.0   0.39  0.0   0.0   0.0   0.0   0.0   0.0   0.0   0.0   
103   G     0.0   0.0   0.0   0.0   0.0   0.0   0.0   1.0   0.0   0.0   0.0   0.0   0.0   0.0   0.0   0.0   0.0   0.0   0.0   0.0   
104   A     0.46  0.0   0.0   0.0   0.0   0.0   0.0   0.0   0.0   0.0   0.0   0.0   0.0   0.0   0.0   0.54  0.0   0.0   0.0   0.0   
