             A     R     N     D     C     Q     E     G     H     I     L     K     M     F     P     S     T     W     Y     V
1     M     0.0   0.0   0.0   0.0   0.0   0.0   0.0   0.0   0.0   0.0   0.0   0.0   1.0   0.0   0.0   0.0   0.0   0.0   0.0   0.0   
2     F     0.0   0.0   0.0   0.0   0.0   0.0   0.0   0.0   0.0   0.0   0.14  0.0   0.0   0.3   0.0   0.0   0.0   0.0   0.56  0.0   
3     C     0.0   0.0   0.0   0.0   0.15  0.0   0.0   0.76  0.0   0.0   0.0   0.0   0.0   0.0   0.0   0.0   0.09  0.0   0.0   0.0   
4     E     0.0   0.0   0.11  0.6   0.0   0.0   0.21  0.0   0.0   0.0   0.0   0.08  0.0   0.0   0.0   0.0   0.0   0.0   0.0   0.0   
5     K     0.0   0.07  0.0   0.0   0.0   0.0   0.0   0.0   0.0   0.0   0.41  0.25  0.0   0.0   0.0   0.0   0.23  0.0   0.0   0.05  
6     A     0.75  0.0   0.0   0.0   0.0   0.0   0.0   0.18  0.0   0.0   0.0   0.0   0.0   0.0   0.0   0.07  0.0   0.0   0.0   0.0   
7     M     0.0   0.0   0.54  0.0   0.0   0.0   0.0   0.0   0.0   0.08  0.25  0.0   0.13  0.0   0.0   0.0   0.0   0.0   0.0   0.0   
8     E     0.0   0.0   0.0   0.0   0.0   0.19  0.21  0.0   0.0   0.0   0.0   0.6   0.0   0.0   0.0   0.0   0.0   0.0   0.0   0.0   
9     L     0.0   0.0   0.0   0.0   0.0   0.0   0.0   0.0   0.0   0.0   1.0   0.0   0.0   0.0   0.0   0.0   0.0   0.0   0.0   0.0   
10    I     0.0   0.0   0.0   0.0   0.0   0.0   0.0   0.0   0.0   0.38  0.0   0.0   0.0   0.0   0.0   0.0   0.0   0.0   0.0   0.62  
11    R     0.0   0.2   0.07  0.0   0.0   0.18  0.0   0.0   0.06  0.0   0.35  0.08  0.06  0.0   0.0   0.0   0.0   0.0   0.0   0.0   
12    E     0.0   0.0   0.04  0.22  0.0   0.0   0.53  0.0   0.14  0.0   0.0   0.0   0.0   0.0   0.0   0.07  0.0   0.0   0.0   0.0   
13    L     0.47  0.0   0.0   0.0   0.0   0.0   0.0   0.0   0.0   0.0   0.21  0.0   0.12  0.0   0.0   0.2   0.0   0.0   0.0   0.0   
14    H     0.01  0.07  0.0   0.0   0.0   0.0   0.0   0.01  0.21  0.0   0.01  0.66  0.0   0.0   0.0   0.01  0.0   0.0   0.0   0.0   
15    R     0.0   1.0   0.0   0.0   0.0   0.0   0.0   0.0   0.0   0.0   0.0   0.0   0.0   0.0   0.0   0.0   0.0   0.0   0.0   0.0   
16    A     0.2   0.0   0.16  0.0   0.0   0.0   0.0   0.08  0.0   0.0   0.0   0.0   0.0   0.0   0.0   0.1   0.47  0.0   0.0   0.0   
17    P     0.16  0.0   0.0   0.0   0.0   0.39  0.0   0.0   0.0   0.0   0.0   0.0   0.0   0.0   0.21  0.1   0.15  0.0   0.0   0.0   
18    E     0.0   0.0   0.0   0.24  0.0   0.05  0.13  0.0   0.0   0.0   0.46  0.0   0.0   0.0   0.0   0.0   0.05  0.0   0.07  0.0   
19    G     0.08  0.01  0.01  0.13  0.0   0.05  0.01  0.14  0.0   0.01  0.06  0.01  0.0   0.0   0.05  0.34  0.04  0.0   0.0   0.06  
20    Q     0.05  0.1   0.05  0.0   0.0   0.19  0.05  0.01  0.18  0.0   0.07  0.0   0.0   0.0   0.0   0.08  0.0   0.0   0.07  0.12  
21    L     0.0   0.0   0.0   0.0   0.0   0.0   0.0   0.0   0.0   0.12  0.83  0.0   0.0   0.0   0.0   0.0   0.05  0.0   0.0   0.0   
22    P     0.0   0.0   0.0   0.0   0.0   0.0   0.0   0.0   0.0   0.0   0.0   0.0   0.0   0.0   1.0   0.0   0.0   0.0   0.0   0.0   
23    A     0.2   0.0   0.0   0.0   0.0   0.0   0.0   0.0   0.08  0.1   0.05  0.07  0.1   0.0   0.36  0.0   0.0   0.0   0.0   0.05  
24    F     0.0   0.0   0.0   0.0   0.0   0.0   0.0   0.0   0.0   0.0   0.0   0.0   0.0   0.19  0.0   0.0   0.0   0.0   0.81  0.0   
25    N     0.11  0.0   0.33  0.0   0.0   0.46  0.0   0.0   0.1   0.0   0.0   0.0   0.0   0.0   0.0   0.0   0.0   0.0   0.0   0.0   
26    E     0.12  0.0   0.0   0.23  0.0   0.0   0.24  0.0   0.0   0.0   0.07  0.0   0.0   0.0   0.0   0.09  0.24  0.0   0.0   0.0   
27    D     0.0   0.0   0.0   0.44  0.0   0.0   0.41  0.0   0.0   0.0   0.0   0.0   0.0   0.0   0.07  0.0   0.08  0.0   0.0   0.0   
28    G     0.0   0.0   0.0   0.0   0.0   0.0   0.0   0.13  0.0   0.08  0.59  0.0   0.05  0.0   0.0   0.08  0.07  0.0   0.0   0.0   
29    L     0.0   0.0   0.0   0.0   0.0   0.0   0.0   0.0   0.0   0.2   0.13  0.0   0.0   0.0   0.0   0.04  0.0   0.0   0.0   0.63  
30    R     0.0   0.69  0.07  0.0   0.0   0.0   0.0   0.0   0.0   0.0   0.07  0.17  0.0   0.0   0.0   0.0   0.0   0.0   0.0   0.0   
31    Q     0.18  0.0   0.1   0.07  0.0   0.25  0.0   0.11  0.0   0.0   0.0   0.0   0.0   0.0   0.0   0.17  0.08  0.0   0.0   0.05  
32    V     0.0   0.0   0.0   0.0   0.12  0.0   0.0   0.0   0.0   0.41  0.0   0.0   0.0   0.0   0.0   0.0   0.08  0.0   0.0   0.4   
33    L     0.07  0.0   0.0   0.0   0.14  0.06  0.0   0.0   0.0   0.13  0.33  0.0   0.0   0.0   0.0   0.0   0.07  0.0   0.06  0.15  
34    E     0.0   0.29  0.12  0.08  0.0   0.06  0.13  0.0   0.0   0.0   0.07  0.26  0.0   0.0   0.0   0.0   0.0   0.0   0.0   0.0   
35    E     0.0   0.0   0.0   0.0   0.0   0.0   0.88  0.0   0.0   0.0   0.0   0.12  0.0   0.0   0.0   0.0   0.0   0.0   0.0   0.0   
36    M     0.0   0.0   0.0   0.0   0.0   0.0   0.0   0.0   0.0   0.28  0.0   0.0   0.21  0.0   0.0   0.0   0.17  0.0   0.0   0.34  
37    K     0.0   0.38  0.05  0.17  0.0   0.0   0.0   0.05  0.0   0.08  0.0   0.13  0.0   0.0   0.0   0.1   0.05  0.0   0.0   0.0   
38    A     0.27  0.0   0.05  0.27  0.0   0.24  0.12  0.0   0.0   0.0   0.0   0.0   0.0   0.0   0.0   0.05  0.0   0.0   0.0   0.0   
39    L     0.07  0.0   0.0   0.0   0.0   0.0   0.0   0.0   0.0   0.0   0.93  0.0   0.0   0.0   0.0   0.0   0.0   0.0   0.0   0.0   
40    Y     0.01  0.06  0.1   0.25  0.0   0.01  0.01  0.09  0.0   0.01  0.01  0.01  0.0   0.17  0.01  0.01  0.01  0.0   0.21  0.01  
41    E     0.01  0.15  0.01  0.01  0.0   0.06  0.22  0.01  0.06  0.01  0.06  0.27  0.0   0.01  0.01  0.01  0.08  0.0   0.0   0.01  
42    Q     0.01  0.06  0.05  0.32  0.0   0.14  0.07  0.01  0.0   0.01  0.01  0.17  0.0   0.01  0.01  0.08  0.01  0.0   0.0   0.01  
43    N     0.11  0.01  0.36  0.01  0.0   0.01  0.01  0.01  0.0   0.08  0.13  0.01  0.0   0.01  0.01  0.08  0.06  0.0   0.0   0.12  
44    Q     0.3   0.0   0.06  0.01  0.0   0.26  0.15  0.01  0.0   0.08  0.01  0.01  0.0   0.0   0.01  0.05  0.01  0.0   0.0   0.05  
45    S     0.16  0.06  0.07  0.05  0.0   0.0   0.0   0.06  0.04  0.0   0.01  0.11  0.0   0.0   0.0   0.28  0.0   0.0   0.15  0.0   
46    D     0.0   0.0   0.1   0.23  0.0   0.0   0.0   0.0   0.0   0.11  0.25  0.0   0.0   0.0   0.0   0.0   0.08  0.0   0.05  0.18  
47    V     0.24  0.0   0.0   0.0   0.0   0.0   0.0   0.05  0.0   0.08  0.19  0.05  0.0   0.0   0.0   0.0   0.07  0.0   0.0   0.33  
48    N     0.08  0.05  0.13  0.0   0.0   0.0   0.5   0.03  0.07  0.0   0.0   0.0   0.0   0.0   0.0   0.06  0.08  0.0   0.0   0.0   
49    E     0.0   0.06  0.0   0.0   0.0   0.05  0.5   0.0   0.0   0.06  0.0   0.06  0.0   0.0   0.14  0.07  0.0   0.0   0.05  0.0   
50    A     0.2   0.0   0.06  0.0   0.0   0.19  0.0   0.0   0.15  0.06  0.09  0.0   0.06  0.15  0.0   0.0   0.0   0.0   0.04  0.0   
51    K     0.05  0.17  0.0   0.0   0.0   0.16  0.08  0.11  0.0   0.0   0.03  0.33  0.0   0.0   0.0   0.07  0.0   0.0   0.0   0.0   
52    S     0.06  0.0   0.06  0.0   0.0   0.19  0.11  0.1   0.05  0.05  0.15  0.0   0.0   0.0   0.0   0.17  0.06  0.0   0.0   0.0   
53    G     0.05  0.0   0.0   0.0   0.0   0.24  0.0   0.21  0.0   0.0   0.1   0.0   0.0   0.0   0.1   0.19  0.12  0.0   0.0   0.0   
54    G     0.0   0.0   0.0   0.16  0.0   0.12  0.1   0.13  0.0   0.0   0.12  0.08  0.05  0.24  0.0   0.0   0.0   0.0   0.0   0.0   
55    R     0.0   0.13  0.08  0.19  0.0   0.15  0.27  0.0   0.0   0.0   0.05  0.08  0.0   0.0   0.06  0.0   0.0   0.0   0.0   0.0   
56    S     0.0   0.07  0.0   0.14  0.0   0.0   0.08  0.12  0.12  0.0   0.0   0.05  0.0   0.0   0.27  0.1   0.05  0.0   0.0   0.0   
57    D     0.0   0.0   0.05  0.3   0.0   0.11  0.0   0.19  0.0   0.05  0.0   0.0   0.0   0.0   0.08  0.23  0.0   0.0   0.0   0.0   
58    L     0.07  0.0   0.0   0.11  0.0   0.04  0.05  0.0   0.0   0.0   0.28  0.15  0.0   0.03  0.06  0.06  0.03  0.0   0.06  0.05  
59    I     0.0   0.0   0.0   0.17  0.0   0.17  0.07  0.0   0.07  0.13  0.05  0.05  0.0   0.0   0.0   0.06  0.06  0.0   0.0   0.17  
60    P     0.1   0.01  0.01  0.01  0.22  0.07  0.01  0.01  0.08  0.01  0.01  0.01  0.0   0.0   0.38  0.06  0.01  0.0   0.0   0.01  
61    T     0.11  0.0   0.07  0.0   0.0   0.26  0.0   0.0   0.0   0.0   0.12  0.1   0.0   0.0   0.0   0.11  0.23  0.0   0.0   0.0   
62    I     0.0   0.0   0.0   0.06  0.15  0.0   0.0   0.0   0.0   0.16  0.53  0.0   0.0   0.0   0.0   0.0   0.0   0.0   0.05  0.05  
63    K     0.0   0.06  0.0   0.0   0.0   0.27  0.0   0.0   0.0   0.0   0.24  0.13  0.0   0.15  0.0   0.0   0.15  0.0   0.0   0.0   
64    F     0.0   0.0   0.0   0.0   0.0   0.0   0.0   0.0   0.0   0.0   0.0   0.0   0.07  0.21  0.12  0.0   0.0   0.0   0.15  0.46  
65    R     0.07  0.25  0.14  0.04  0.0   0.08  0.0   0.01  0.0   0.0   0.01  0.0   0.0   0.17  0.0   0.01  0.15  0.0   0.0   0.05  
66    H     0.0   0.0   0.0   0.0   0.0   0.0   0.0   0.0   0.68  0.0   0.17  0.0   0.0   0.0   0.0   0.0   0.0   0.0   0.0   0.15  
67    C     0.16  0.0   0.08  0.0   0.2   0.0   0.0   0.0   0.0   0.0   0.4   0.0   0.0   0.0   0.0   0.07  0.1   0.0   0.0   0.0   
68    S     0.24  0.0   0.06  0.0   0.18  0.0   0.0   0.0   0.0   0.0   0.05  0.0   0.05  0.0   0.0   0.42  0.0   0.0   0.0   0.0   
69    L     0.07  0.0   0.0   0.0   0.0   0.0   0.0   0.0   0.0   0.11  0.3   0.0   0.45  0.0   0.0   0.07  0.0   0.0   0.0   0.0   
70    L     0.0   0.35  0.08  0.0   0.22  0.0   0.1   0.0   0.0   0.07  0.2   0.0   0.0   0.0   0.0   0.0   0.0   0.0   0.0   0.0   
71    R     0.0   0.82  0.0   0.0   0.0   0.0   0.0   0.0   0.12  0.0   0.0   0.0   0.0   0.0   0.0   0.0   0.0   0.0   0.07  0.0   
72    N     0.0   0.0   0.74  0.14  0.0   0.0   0.0   0.0   0.0   0.12  0.0   0.0   0.0   0.0   0.0   0.0   0.0   0.0   0.0   0.0   
73    R     0.0   0.21  0.0   0.0   0.0   0.04  0.0   0.0   0.0   0.0   0.0   0.75  0.0   0.0   0.0   0.0   0.0   0.0   0.0   0.0   
74    R     0.0   1.0   0.0   0.0   0.0   0.0   0.0   0.0   0.0   0.0   0.0   0.0   0.0   0.0   0.0   0.0   0.0   0.0   0.0   0.0   
75    C     0.0   0.0   0.0   0.0   1.0   0.0   0.0   0.0   0.0   0.0   0.0   0.0   0.0   0.0   0.0   0.0   0.0   0.0   0.0   0.0   
76    T     0.0   0.0   0.0   0.0   0.0   0.0   0.0   0.0   0.0   0.08  0.6   0.0   0.19  0.0   0.0   0.0   0.13  0.0   0.0   0.0   
77    V     0.0   0.0   0.0   0.0   0.0   0.0   0.0   0.0   0.0   0.05  0.69  0.0   0.18  0.0   0.0   0.0   0.0   0.0   0.0   0.09  
78    A     1.0   0.0   0.0   0.0   0.0   0.0   0.0   0.0   0.0   0.0   0.0   0.0   0.0   0.0   0.0   0.0   0.0   0.0   0.0   0.0   
79    Y     0.0   0.0   0.0   0.0   0.0   0.0   0.0   0.0   0.0   0.0   0.0   0.0   0.0   0.0   0.0   0.0   0.0   0.0   1.0   0.0   
80    L     0.0   0.0   0.0   0.0   0.0   0.26  0.1   0.0   0.24  0.0   0.28  0.0   0.0   0.0   0.0   0.0   0.0   0.0   0.0   0.12  
81    Y     0.07  0.18  0.26  0.0   0.0   0.0   0.0   0.0   0.0   0.0   0.0   0.29  0.0   0.06  0.0   0.0   0.0   0.0   0.13  0.0   
82    D     0.0   0.0   0.0   0.13  0.0   0.0   0.19  0.0   0.0   0.03  0.21  0.0   0.05  0.0   0.0   0.05  0.26  0.0   0.0   0.08  
83    R     0.0   1.0   0.0   0.0   0.0   0.0   0.0   0.0   0.0   0.0   0.0   0.0   0.0   0.0   0.0   0.0   0.0   0.0   0.0   0.0   
84    L     0.16  0.0   0.0   0.0   0.0   0.0   0.0   0.0   0.0   0.0   0.27  0.12  0.0   0.0   0.0   0.1   0.28  0.0   0.0   0.07  
85    L     0.0   0.06  0.19  0.29  0.0   0.07  0.18  0.07  0.0   0.0   0.13  0.0   0.0   0.0   0.0   0.0   0.0   0.0   0.0   0.0   
86    R     0.0   0.45  0.0   0.0   0.0   0.0   0.0   0.07  0.0   0.15  0.0   0.27  0.05  0.0   0.0   0.0   0.0   0.0   0.0   0.0   
87    I     0.0   0.0   0.0   0.0   0.0   0.0   0.0   0.0   0.0   0.49  0.44  0.0   0.06  0.0   0.0   0.0   0.0   0.0   0.0   0.0   
88    R     0.0   0.31  0.06  0.25  0.0   0.0   0.18  0.0   0.0   0.0   0.0   0.15  0.0   0.0   0.0   0.0   0.05  0.0   0.0   0.0   
89    A     0.19  0.0   0.05  0.0   0.0   0.07  0.45  0.04  0.0   0.0   0.0   0.0   0.0   0.0   0.0   0.21  0.0   0.0   0.0   0.0   
90    L     0.06  0.07  0.0   0.0   0.0   0.03  0.0   0.0   0.0   0.1   0.24  0.0   0.1   0.21  0.0   0.0   0.0   0.0   0.18  0.0   
91    R     0.22  0.33  0.0   0.0   0.19  0.0   0.0   0.0   0.0   0.0   0.0   0.0   0.0   0.0   0.0   0.05  0.0   0.07  0.0   0.15  
92    W     0.0   0.0   0.0   0.0   0.0   0.0   0.0   0.0   0.0   0.0   0.0   0.0   0.0   0.0   0.0   0.0   0.0   1.0   0.0   0.0   
93    E     0.0   0.06  0.15  0.12  0.05  0.0   0.28  0.0   0.0   0.0   0.0   0.2   0.0   0.0   0.0   0.14  0.0   0.0   0.0   0.0   
94    Y     0.07  0.0   0.2   0.0   0.0   0.06  0.0   0.24  0.0   0.0   0.0   0.0   0.0   0.0   0.0   0.08  0.05  0.0   0.3   0.0   
95    G     0.03  0.0   0.1   0.0   0.0   0.0   0.0   0.63  0.0   0.04  0.05  0.0   0.0   0.0   0.0   0.08  0.06  0.0   0.0   0.0   
96    S     0.03  0.0   0.05  0.1   0.0   0.0   0.06  0.38  0.0   0.0   0.0   0.07  0.05  0.0   0.0   0.26  0.0   0.0   0.0   0.0   
97    V     0.15  0.07  0.05  0.0   0.0   0.0   0.11  0.07  0.0   0.03  0.18  0.0   0.04  0.0   0.0   0.05  0.05  0.0   0.0   0.2   
98    L     0.08  0.0   0.05  0.11  0.0   0.0   0.0   0.0   0.0   0.0   0.48  0.0   0.07  0.1   0.0   0.0   0.0   0.0   0.05  0.04  
99    P     0.0   0.0   0.0   0.03  0.0   0.0   0.15  0.04  0.0   0.0   0.0   0.0   0.0   0.0   0.55  0.13  0.1   0.0   0.0   0.0   
100   N     0.19  0.0   0.2   0.13  0.0   0.05  0.0   0.0   0.04  0.0   0.0   0.07  0.05  0.0   0.0   0.22  0.05  0.0   0.0   0.0   
101   A     0.21  0.0   0.0   0.06  0.07  0.16  0.06  0.1   0.0   0.0   0.01  0.09  0.0   0.0   0.0   0.21  0.0   0.0   0.0   0.0   
102   L     0.07  0.0   0.05  0.05  0.0   0.04  0.04  0.0   0.0   0.05  0.45  0.0   0.0   0.0   0.0   0.0   0.05  0.0   0.0   0.15  
103   R     0.05  0.33  0.01  0.12  0.0   0.0   0.05  0.04  0.0   0.01  0.01  0.13  0.0   0.0   0.01  0.11  0.12  0.0   0.0   0.01  
104   F     0.0   0.0   0.31  0.0   0.0   0.0   0.11  0.06  0.0   0.0   0.01  0.0   0.0   0.18  0.0   0.18  0.11  0.0   0.0   0.0   
105   H     0.23  0.08  0.2   0.0   0.0   0.0   0.0   0.0   0.18  0.0   0.01  0.0   0.0   0.0   0.0   0.26  0.0   0.0   0.0   0.0   
106   M     0.0   0.0   0.0   0.0   0.0   0.0   0.0   0.0   0.0   0.0   0.87  0.0   0.13  0.0   0.0   0.0   0.0   0.0   0.0   0.0   
107   A     0.04  0.0   0.16  0.0   0.12  0.0   0.0   0.0   0.0   0.0   0.0   0.0   0.0   0.0   0.0   0.68  0.0   0.0   0.0   0.0   
108   A     0.13  0.0   0.0   0.06  0.0   0.08  0.06  0.06  0.24  0.0   0.0   0.0   0.0   0.0   0.3   0.0   0.07  0.0   0.0   0.0   
109   E     0.21  0.0   0.14  0.0   0.0   0.22  0.21  0.0   0.05  0.0   0.0   0.0   0.0   0.0   0.0   0.0   0.0   0.0   0.17  0.0   
110   E     0.0   0.0   0.0   0.0   0.0   0.0   1.0   0.0   0.0   0.0   0.0   0.0   0.0   0.0   0.0   0.0   0.0   0.0   0.0   0.0   
111   M     0.0   0.07  0.0   0.0   0.0   0.36  0.18  0.0   0.0   0.19  0.07  0.0   0.09  0.0   0.0   0.0   0.05  0.0   0.0   0.0   
112   E     0.0   0.0   0.0   0.3   0.0   0.19  0.51  0.0   0.0   0.0   0.0   0.0   0.0   0.0   0.0   0.0   0.0   0.0   0.0   0.0   
113   W     0.0   0.0   0.0   0.0   0.0   0.0   0.0   0.0   0.0   0.0   0.0   0.0   0.0   0.31  0.0   0.0   0.0   0.13  0.55  0.0   
114   F     0.0   0.0   0.0   0.0   0.0   0.0   0.0   0.0   0.0   0.0   0.34  0.0   0.06  0.47  0.0   0.0   0.0   0.0   0.05  0.07  
115   N     0.0   0.3   0.25  0.0   0.0   0.0   0.0   0.0   0.0   0.0   0.0   0.31  0.0   0.0   0.0   0.08  0.07  0.0   0.0   0.0   
116   N     0.06  0.11  0.09  0.0   0.0   0.19  0.43  0.07  0.05  0.0   0.0   0.0   0.0   0.0   0.0   0.0   0.0   0.0   0.0   0.0   
117   Y     0.0   0.0   0.0   0.0   0.0   0.0   0.0   0.0   0.0   0.0   0.0   0.0   0.0   0.03  0.0   0.0   0.0   0.0   0.97  0.0   
118   K     0.05  0.0   0.07  0.08  0.05  0.1   0.06  0.12  0.0   0.0   0.0   0.13  0.0   0.0   0.0   0.34  0.0   0.0   0.0   0.0   
119   R     0.0   0.04  0.07  0.33  0.0   0.1   0.12  0.0   0.05  0.0   0.0   0.17  0.0   0.0   0.0   0.12  0.0   0.0   0.0   0.0   
120   S     0.0   0.0   0.0   0.0   0.0   0.0   0.0   0.0   0.0   0.08  0.64  0.0   0.04  0.0   0.0   0.13  0.12  0.0   0.0   0.0   
121   L     0.0   0.0   0.0   0.0   0.0   0.0   0.0   0.0   0.0   0.31  0.69  0.0   0.0   0.0   0.0   0.0   0.0   0.0   0.0   0.0   
122   A     0.46  0.0   0.0   0.0   0.0   0.0   0.0   0.0   0.0   0.0   0.07  0.0   0.05  0.0   0.0   0.09  0.27  0.0   0.0   0.06  
123   T     0.17  0.12  0.05  0.24  0.0   0.0   0.22  0.0   0.0   0.0   0.03  0.0   0.0   0.0   0.0   0.0   0.17  0.0   0.0   0.0   
124   Y     0.0   0.0   0.0   0.0   0.0   0.0   0.0   0.0   0.0   0.06  0.2   0.0   0.0   0.16  0.0   0.0   0.0   0.0   0.57  0.0   
125   M     0.0   0.0   0.08  0.0   0.0   0.12  0.0   0.0   0.0   0.0   0.0   0.62  0.13  0.0   0.0   0.0   0.0   0.0   0.0   0.0   
126   R     0.03  0.15  0.02  0.02  0.01  0.02  0.02  0.03  0.01  0.02  0.03  0.02  0.01  0.01  0.02  0.53  0.02  0.0   0.01  0.02  
127   S     0.03  0.02  0.18  0.1   0.01  0.02  0.08  0.03  0.01  0.02  0.04  0.1   0.01  0.02  0.02  0.21  0.08  0.01  0.01  0.03  
128   L     0.09  0.03  0.02  0.03  0.01  0.02  0.03  0.04  0.01  0.03  0.29  0.03  0.01  0.09  0.03  0.09  0.03  0.01  0.02  0.11  
129   G     0.01  0.01  0.01  0.01  0.0   0.01  0.01  0.72  0.0   0.01  0.09  0.01  0.05  0.01  0.01  0.01  0.01  0.0   0.01  0.01  
130   G     0.14  0.02  0.02  0.07  0.01  0.19  0.12  0.16  0.01  0.02  0.03  0.02  0.01  0.01  0.08  0.03  0.02  0.0   0.01  0.02  
131   D     0.01  0.01  0.01  0.19  0.0   0.01  0.13  0.01  0.0   0.01  0.16  0.01  0.0   0.1   0.01  0.01  0.01  0.24  0.07  0.01  
132   E     0.12  0.01  0.01  0.08  0.0   0.01  0.19  0.07  0.0   0.01  0.01  0.01  0.06  0.0   0.01  0.12  0.25  0.0   0.0   0.06  
133   G     0.0   0.0   0.0   0.44  0.0   0.0   0.12  0.33  0.0   0.0   0.0   0.0   0.0   0.0   0.0   0.0   0.0   0.0   0.0   0.08  
134   L     0.0   0.0   0.0   0.0   0.0   0.0   0.0   0.0   0.0   0.54  0.35  0.0   0.0   0.0   0.0   0.0   0.0   0.0   0.0   0.12  
135   D     0.0   0.0   0.12  0.88  0.0   0.0   0.0   0.0   0.0   0.0   0.0   0.0   0.0   0.0   0.0   0.0   0.0   0.0   0.0   0.0   
136   I     0.0   0.0   0.0   0.0   0.0   0.0   0.0   0.0   0.0   0.13  0.87  0.0   0.0   0.0   0.0   0.0   0.0   0.0   0.0   0.0   
137   T     0.05  0.0   0.0   0.0   0.0   0.0   0.0   0.0   0.0   0.0   0.12  0.0   0.0   0.0   0.0   0.19  0.64  0.0   0.0   0.0   
138   Q     0.07  0.0   0.0   0.0   0.0   0.13  0.0   0.6   0.0   0.08  0.12  0.0   0.0   0.0   0.0   0.0   0.0   0.0   0.0   0.0   
139   D     0.0   0.0   0.0   0.3   0.0   0.0   0.0   0.07  0.12  0.0   0.0   0.0   0.05  0.0   0.0   0.46  0.0   0.0   0.0   0.0   
140   M     0.0   0.0   0.0   0.0   0.0   0.0   0.0   0.0   0.0   0.07  0.6   0.0   0.09  0.0   0.08  0.06  0.06  0.0   0.0   0.05  
141   K     0.12  0.0   0.05  0.05  0.0   0.12  0.36  0.0   0.0   0.0   0.0   0.13  0.0   0.0   0.0   0.0   0.05  0.0   0.0   0.11  
142   P     0.0   0.0   0.0   0.0   0.0   0.0   0.0   0.0   0.0   0.0   0.0   0.07  0.0   0.0   0.93  0.0   0.0   0.0   0.0   0.0   
143   P     0.0   0.0   0.0   0.0   0.0   0.0   0.0   0.0   0.0   0.0   0.0   0.0   0.0   0.0   1.0   0.0   0.0   0.0   0.0   0.0   
144   K     0.0   0.27  0.0   0.0   0.0   0.0   0.0   0.0   0.0   0.0   0.0   0.73  0.0   0.0   0.0   0.0   0.0   0.0   0.0   0.0   
