             A     R     N     D     C     Q     E     G     H     I     L     K     M     F     P     S     T     W     Y     V
1     M     0.0   0.0   0.0   0.0   0.0   0.0   0.0   0.0   0.0   0.0   0.0   0.0   1.0   0.0   0.0   0.0   0.0   0.0   0.0   0.0   
2     H     0.0   0.0   0.0   0.0   0.0   0.0   0.0   0.0   0.81  0.0   0.0   0.0   0.0   0.0   0.0   0.0   0.0   0.0   0.19  0.0   
3     K     0.0   0.0   0.0   0.0   0.0   0.0   0.0   0.0   0.0   0.0   0.0   1.0   0.0   0.0   0.0   0.0   0.0   0.0   0.0   0.0   
4     D     0.0   0.0   0.0   0.58  0.0   0.0   0.42  0.0   0.0   0.0   0.0   0.0   0.0   0.0   0.0   0.0   0.0   0.0   0.0   0.0   
5     E     0.0   0.0   0.0   0.0   0.0   0.21  0.79  0.0   0.0   0.0   0.0   0.0   0.0   0.0   0.0   0.0   0.0   0.0   0.0   0.0   
6     L     0.0   0.0   0.0   0.0   0.0   0.0   0.0   0.0   0.0   0.21  0.6   0.0   0.19  0.0   0.0   0.0   0.0   0.0   0.0   0.0   
7     L     0.0   0.0   0.0   0.0   0.0   0.0   0.0   0.0   0.0   0.58  0.21  0.0   0.21  0.0   0.0   0.0   0.0   0.0   0.0   0.0   
8     E     0.0   0.0   0.0   0.0   0.0   0.38  0.21  0.0   0.0   0.0   0.21  0.21  0.0   0.0   0.0   0.0   0.0   0.0   0.0   0.0   
9     L     0.0   0.0   0.0   0.0   0.0   0.0   0.0   0.0   0.0   0.0   1.0   0.0   0.0   0.0   0.0   0.0   0.0   0.0   0.0   0.0   
10    H     0.0   0.0   0.0   0.0   0.0   0.0   0.0   0.0   1.0   0.0   0.0   0.0   0.0   0.0   0.0   0.0   0.0   0.0   0.0   0.0   
11    E     0.0   0.0   0.0   0.0   0.0   0.59  0.21  0.0   0.0   0.0   0.21  0.0   0.0   0.0   0.0   0.0   0.0   0.0   0.0   0.0   
12    Q     0.0   0.0   0.0   0.0   0.0   0.21  0.0   0.0   0.0   0.0   0.18  0.0   0.0   0.4   0.0   0.0   0.21  0.0   0.0   0.0   
13    M     0.0   0.0   0.0   0.0   0.0   0.0   0.0   0.0   0.0   0.0   0.58  0.0   0.21  0.21  0.0   0.0   0.0   0.0   0.0   0.0   
14    V     0.0   0.0   0.0   0.0   0.0   0.0   0.0   0.0   0.0   0.18  0.0   0.0   0.0   0.0   0.0   0.0   0.0   0.0   0.21  0.61  
15    N     0.0   0.0   0.41  0.0   0.0   0.0   0.0   0.0   0.0   0.0   0.0   0.0   0.0   0.0   0.0   0.0   0.0   0.0   0.59  0.0   
16    I     0.0   0.0   0.0   0.0   0.0   0.0   0.0   0.0   0.0   0.41  0.18  0.0   0.0   0.0   0.0   0.0   0.0   0.0   0.0   0.4   
17    K     0.0   0.18  0.0   0.21  0.0   0.0   0.0   0.0   0.0   0.0   0.19  0.41  0.0   0.0   0.0   0.0   0.0   0.0   0.0   0.0   
18    D     0.01  0.01  0.01  0.43  0.0   0.01  0.01  0.01  0.0   0.01  0.02  0.4   0.0   0.01  0.01  0.01  0.01  0.0   0.01  0.01  
19    Q     0.0   0.0   0.21  0.0   0.0   0.21  0.0   0.0   0.0   0.0   0.21  0.19  0.0   0.0   0.0   0.0   0.0   0.0   0.18  0.0   
20    F     0.0   0.0   0.0   0.0   0.0   0.0   0.0   0.0   0.0   0.18  0.21  0.0   0.0   0.41  0.0   0.0   0.0   0.0   0.19  0.0   
21    L     0.0   0.0   0.0   0.0   0.0   0.0   0.6   0.0   0.0   0.0   0.4   0.0   0.0   0.0   0.0   0.0   0.0   0.0   0.0   0.0   
22    G     0.0   0.0   0.42  0.0   0.0   0.0   0.0   0.4   0.0   0.0   0.0   0.18  0.0   0.0   0.0   0.0   0.0   0.0   0.0   0.0   
23    F     0.21  0.0   0.0   0.0   0.0   0.0   0.0   0.0   0.0   0.0   0.0   0.18  0.0   0.21  0.0   0.0   0.21  0.0   0.19  0.0   
24    D     0.0   0.0   0.0   0.61  0.0   0.0   0.0   0.21  0.0   0.0   0.0   0.0   0.0   0.0   0.0   0.0   0.0   0.0   0.18  0.0   
25    H     0.02  0.01  0.4   0.01  0.0   0.01  0.01  0.02  0.21  0.2   0.02  0.01  0.0   0.01  0.01  0.01  0.01  0.0   0.01  0.01  
26    V     0.0   0.0   0.0   0.0   0.18  0.0   0.21  0.0   0.0   0.21  0.0   0.19  0.0   0.0   0.0   0.0   0.0   0.0   0.0   0.21  
27    D     0.21  0.0   0.0   0.58  0.21  0.0   0.0   0.0   0.0   0.0   0.0   0.0   0.0   0.0   0.0   0.0   0.0   0.0   0.0   0.0   
28    E     0.0   0.0   0.39  0.0   0.0   0.0   0.4   0.0   0.0   0.0   0.0   0.21  0.0   0.0   0.0   0.0   0.0   0.0   0.0   0.0   
29    T     0.0   0.0   0.18  0.0   0.19  0.0   0.0   0.21  0.0   0.0   0.0   0.21  0.0   0.0   0.0   0.0   0.21  0.0   0.0   0.0   
30    A     0.21  0.0   0.0   0.0   0.0   0.0   0.38  0.0   0.21  0.0   0.21  0.0   0.0   0.0   0.0   0.0   0.0   0.0   0.0   0.0   
31    F     0.01  0.01  0.01  0.01  0.0   0.01  0.01  0.01  0.0   0.01  0.02  0.01  0.0   0.82  0.01  0.01  0.01  0.0   0.01  0.01  
32    A     0.22  0.01  0.01  0.01  0.0   0.01  0.01  0.01  0.0   0.01  0.02  0.61  0.0   0.01  0.01  0.01  0.01  0.0   0.01  0.01  
33    A     0.41  0.0   0.0   0.0   0.0   0.0   0.38  0.0   0.0   0.21  0.0   0.0   0.0   0.0   0.0   0.0   0.0   0.0   0.0   0.0   
34    Y     0.0   0.0   0.0   0.0   0.0   0.0   0.0   0.0   0.0   0.0   0.0   0.0   0.0   0.0   0.0   0.0   0.0   0.0   1.0   0.0   
35    E     0.0   0.0   0.0   0.39  0.0   0.0   0.42  0.0   0.0   0.0   0.0   0.0   0.0   0.19  0.0   0.0   0.0   0.0   0.0   0.0   
36    E     0.0   0.0   0.0   0.0   0.0   0.0   0.6   0.0   0.0   0.0   0.0   0.0   0.21  0.0   0.0   0.19  0.0   0.0   0.0   0.0   
37    L     0.0   0.0   0.0   0.0   0.0   0.0   0.0   0.0   0.0   0.0   1.0   0.0   0.0   0.0   0.0   0.0   0.0   0.0   0.0   0.0   
38    D     0.0   0.0   0.38  0.42  0.0   0.0   0.0   0.21  0.0   0.0   0.0   0.0   0.0   0.0   0.0   0.0   0.0   0.0   0.0   0.0   
39    V     0.0   0.0   0.0   0.0   0.0   0.0   0.0   0.0   0.0   0.59  0.0   0.0   0.0   0.0   0.0   0.0   0.0   0.0   0.0   0.41  
40    E     0.0   0.21  0.0   0.0   0.0   0.21  0.21  0.0   0.0   0.0   0.0   0.0   0.0   0.0   0.0   0.19  0.0   0.0   0.18  0.0   
41    P     0.0   0.0   0.0   0.0   0.0   0.0   0.0   0.0   0.0   0.0   0.0   0.0   0.0   0.0   1.0   0.0   0.0   0.0   0.0   0.0   
42    S     0.0   0.0   0.0   0.0   0.0   0.0   0.0   0.0   0.59  0.0   0.0   0.0   0.0   0.0   0.0   0.21  0.0   0.0   0.0   0.21  
43    H     0.0   0.0   0.0   0.0   0.0   0.0   0.0   0.0   1.0   0.0   0.0   0.0   0.0   0.0   0.0   0.0   0.0   0.0   0.0   0.0   
44    V     0.0   0.0   0.0   0.0   0.0   0.0   0.0   0.0   0.0   0.79  0.0   0.0   0.0   0.0   0.0   0.0   0.0   0.0   0.0   0.21  
45    H     0.0   0.0   0.0   0.0   0.0   0.0   0.0   0.0   1.0   0.0   0.0   0.0   0.0   0.0   0.0   0.0   0.0   0.0   0.0   0.0   
46    K     0.0   0.59  0.0   0.0   0.0   0.0   0.0   0.0   0.0   0.0   0.0   0.41  0.0   0.0   0.0   0.0   0.0   0.0   0.0   0.0   
47    S     0.0   0.0   0.0   0.0   0.0   0.0   0.0   0.0   0.0   0.0   0.21  0.0   0.0   0.0   0.0   0.41  0.38  0.0   0.0   0.0   
48    K     0.0   0.0   0.0   0.0   0.0   0.0   0.0   0.0   0.0   0.0   0.0   1.0   0.0   0.0   0.0   0.0   0.0   0.0   0.0   0.0   
49    S     0.38  0.0   0.0   0.0   0.0   0.0   0.0   0.0   0.0   0.0   0.0   0.0   0.0   0.0   0.0   0.42  0.21  0.0   0.0   0.0   
50    E     0.0   0.0   0.0   0.0   0.0   0.0   1.0   0.0   0.0   0.0   0.0   0.0   0.0   0.0   0.0   0.0   0.0   0.0   0.0   0.0   
51    H     0.0   0.0   0.0   0.0   0.0   0.21  0.0   0.0   0.79  0.0   0.0   0.0   0.0   0.0   0.0   0.0   0.0   0.0   0.0   0.0   
52    K     0.0   0.0   0.0   0.0   0.0   0.0   0.0   0.0   0.0   0.18  0.0   0.82  0.0   0.0   0.0   0.0   0.0   0.0   0.0   0.0   
53    H     0.21  0.0   0.0   0.0   0.0   0.0   0.0   0.0   0.21  0.0   0.0   0.21  0.0   0.0   0.0   0.0   0.0   0.0   0.38  0.0   
54    A     0.82  0.0   0.0   0.0   0.0   0.0   0.0   0.0   0.0   0.0   0.0   0.0   0.0   0.0   0.0   0.0   0.18  0.0   0.0   0.0   
55    V     0.0   0.0   0.0   0.0   0.0   0.0   0.0   0.0   0.0   0.79  0.0   0.0   0.0   0.0   0.0   0.0   0.0   0.0   0.0   0.21  
56    F     0.0   0.0   0.0   0.0   0.0   0.0   0.0   0.0   0.0   0.0   0.21  0.0   0.0   0.58  0.0   0.21  0.0   0.0   0.0   0.0   
57    L     0.0   0.0   0.0   0.0   0.0   0.0   0.0   0.0   0.0   0.0   0.81  0.0   0.0   0.0   0.0   0.0   0.0   0.0   0.0   0.19  
58    L     0.0   0.0   0.0   0.0   0.0   0.0   0.0   0.0   0.0   0.0   1.0   0.0   0.0   0.0   0.0   0.0   0.0   0.0   0.0   0.0   
59    G     0.0   0.0   0.0   0.0   0.21  0.0   0.0   0.21  0.0   0.0   0.0   0.0   0.0   0.0   0.0   0.59  0.0   0.0   0.0   0.0   
60    N     0.21  0.0   0.21  0.0   0.0   0.0   0.0   0.0   0.0   0.0   0.0   0.21  0.0   0.0   0.0   0.38  0.0   0.0   0.0   0.0   
61    A     0.4   0.0   0.0   0.0   0.21  0.0   0.0   0.21  0.0   0.18  0.0   0.0   0.0   0.0   0.0   0.0   0.0   0.0   0.0   0.0   
62    L     0.0   0.0   0.0   0.0   0.0   0.0   0.0   0.0   0.0   0.58  0.21  0.0   0.0   0.0   0.0   0.0   0.0   0.0   0.0   0.21  
63    A     0.6   0.0   0.0   0.0   0.0   0.0   0.0   0.0   0.0   0.0   0.0   0.0   0.0   0.0   0.0   0.4   0.0   0.0   0.0   0.0   
64    A     0.21  0.0   0.0   0.0   0.0   0.0   0.4   0.0   0.0   0.0   0.0   0.18  0.0   0.0   0.0   0.21  0.0   0.0   0.0   0.0   
65    A     0.21  0.0   0.0   0.0   0.0   0.0   0.0   0.0   0.0   0.58  0.0   0.0   0.0   0.0   0.0   0.0   0.0   0.0   0.21  0.0   
66    M     0.0   0.0   0.0   0.0   0.0   0.0   0.0   0.0   0.0   0.0   0.59  0.0   0.21  0.21  0.0   0.0   0.0   0.0   0.0   0.0   
67    S     0.4   0.21  0.0   0.0   0.0   0.0   0.0   0.0   0.0   0.0   0.0   0.0   0.0   0.0   0.0   0.39  0.0   0.0   0.0   0.0   
68    E     0.0   0.19  0.21  0.18  0.0   0.0   0.41  0.0   0.0   0.0   0.0   0.0   0.0   0.0   0.0   0.0   0.0   0.0   0.0   0.0   
69    D     0.0   0.0   0.49  0.28  0.0   0.0   0.0   0.0   0.0   0.0   0.0   0.23  0.0   0.0   0.0   0.0   0.0   0.0   0.0   0.0   
70    E     0.02  0.01  0.01  0.01  0.0   0.01  0.52  0.02  0.01  0.01  0.02  0.01  0.26  0.01  0.01  0.02  0.01  0.0   0.01  0.02  
71    F     0.03  0.02  0.01  0.35  0.01  0.01  0.02  0.02  0.01  0.02  0.03  0.02  0.01  0.35  0.02  0.02  0.02  0.0   0.01  0.02  
72    S     0.03  0.02  0.34  0.02  0.01  0.01  0.02  0.02  0.01  0.02  0.03  0.02  0.01  0.01  0.02  0.36  0.02  0.0   0.01  0.02  
73    S     0.03  0.02  0.01  0.02  0.01  0.01  0.02  0.02  0.01  0.02  0.03  0.02  0.01  0.01  0.02  0.36  0.02  0.0   0.01  0.35  
74    A     0.36  0.02  0.01  0.02  0.01  0.01  0.02  0.02  0.01  0.02  0.03  0.02  0.01  0.01  0.35  0.02  0.02  0.0   0.01  0.02  
75    G     0.0   0.0   0.0   0.0   0.0   0.0   0.0   0.67  0.0   0.0   0.0   0.33  0.0   0.0   0.0   0.0   0.0   0.0   0.0   0.0   
76    R     0.0   0.34  0.33  0.0   0.0   0.0   0.0   0.0   0.0   0.0   0.0   0.33  0.0   0.0   0.0   0.0   0.0   0.0   0.0   0.0   
77    I     0.0   0.0   0.0   0.0   0.0   0.0   0.0   0.0   0.0   0.67  0.33  0.0   0.0   0.0   0.0   0.0   0.0   0.0   0.0   0.0   
78    S     0.33  0.0   0.0   0.0   0.0   0.0   0.0   0.0   0.0   0.0   0.0   0.0   0.0   0.0   0.33  0.34  0.0   0.0   0.0   0.0   
79    K     0.0   0.33  0.0   0.0   0.0   0.0   0.0   0.0   0.0   0.0   0.0   0.67  0.0   0.0   0.0   0.0   0.0   0.0   0.0   0.0   
80    R     0.0   0.34  0.0   0.0   0.0   0.0   0.0   0.0   0.0   0.0   0.0   0.33  0.0   0.0   0.0   0.33  0.0   0.0   0.0   0.0   
81    M     0.0   0.0   0.0   0.0   0.0   0.0   0.0   0.0   0.0   0.0   0.33  0.0   0.34  0.0   0.0   0.0   0.0   0.0   0.0   0.33  
82    E     0.0   0.0   0.0   0.0   0.0   0.0   0.67  0.0   0.0   0.0   0.0   0.0   0.0   0.0   0.0   0.33  0.0   0.0   0.0   0.0   
83    E     0.0   0.0   0.33  0.0   0.0   0.0   0.67  0.0   0.0   0.0   0.0   0.0   0.0   0.0   0.0   0.0   0.0   0.0   0.0   0.0   
84    L     0.0   0.0   0.33  0.0   0.0   0.0   0.0   0.0   0.0   0.0   0.67  0.0   0.0   0.0   0.0   0.0   0.0   0.0   0.0   0.0   
85    A     1.0   0.0   0.0   0.0   0.0   0.0   0.0   0.0   0.0   0.0   0.0   0.0   0.0   0.0   0.0   0.0   0.0   0.0   0.0   0.0   
86    D     0.0   0.0   0.0   0.0   0.0   0.0   0.0   0.0   0.0   0.0   0.0   0.0   0.0   0.0   0.0   0.0   0.0   0.0   0.0   0.0   
87    D     0.0   0.0   0.0   0.0   0.0   0.0   0.0   0.0   0.0   0.0   0.0   0.0   0.0   0.0   0.0   0.0   0.0   0.0   0.0   0.0   
88    A     0.0   0.0   0.0   0.0   0.0   0.0   0.0   0.0   0.0   0.0   0.0   0.0   0.0   0.0   0.0   0.0   0.0   0.0   0.0   0.0   
89    S     0.0   0.0   0.0   0.0   0.0   0.0   0.0   0.0   0.0   0.0   0.0   0.0   0.0   0.0   0.0   0.0   0.0   0.0   0.0   0.0   
