             A     R     N     D     C     Q     E     G     H     I     L     K     M     F     P     S     T     W     Y     V
1     N     0.0   0.0   1.0   0.0   0.0   0.0   0.0   0.0   0.0   0.0   0.0   0.0   0.0   0.0   0.0   0.0   0.0   0.0   0.0   0.0   
2     S     0.0   0.0   0.0   0.0   0.0   0.0   0.0   0.0   0.0   0.0   0.0   0.0   0.0   0.0   0.0   1.0   0.0   0.0   0.0   0.0   
3     V     0.15  0.0   0.0   0.0   0.0   0.0   0.0   0.0   0.0   0.0   0.0   0.0   0.0   0.0   0.0   0.0   0.0   0.0   0.0   0.85  
4     S     0.0   0.0   0.0   0.0   0.0   0.0   0.0   0.0   0.0   0.0   0.0   0.0   0.0   0.0   0.0   1.0   0.0   0.0   0.0   0.0   
5     V     0.0   0.0   0.0   0.0   0.0   0.0   0.0   0.0   0.0   0.0   0.0   0.0   0.0   0.0   0.0   0.0   0.0   0.0   0.0   1.0   
6     D     0.0   0.0   0.0   0.69  0.0   0.0   0.0   0.0   0.0   0.0   0.0   0.0   0.0   0.0   0.0   0.31  0.0   0.0   0.0   0.0   
7     L     0.0   0.0   0.0   0.0   0.0   0.0   0.0   0.0   0.0   0.0   0.89  0.0   0.0   0.0   0.0   0.0   0.0   0.0   0.0   0.11  
8     P     0.0   0.0   0.0   0.0   0.0   0.0   0.0   0.0   0.0   0.0   0.0   0.0   0.0   0.31  0.69  0.0   0.0   0.0   0.0   0.0   
9     G     0.0   0.0   0.31  0.0   0.0   0.0   0.0   0.69  0.0   0.0   0.0   0.0   0.0   0.0   0.0   0.0   0.0   0.0   0.0   0.0   
10    S     0.0   0.0   0.0   0.17  0.0   0.0   0.38  0.35  0.0   0.0   0.0   0.0   0.0   0.0   0.0   0.1   0.0   0.0   0.0   0.0   
11    M     0.0   0.0   0.14  0.0   0.0   0.0   0.0   0.0   0.0   0.0   0.0   0.0   0.69  0.0   0.0   0.17  0.0   0.0   0.0   0.0   
12    K     0.0   0.0   0.0   0.0   0.0   0.0   0.17  0.0   0.0   0.0   0.0   0.83  0.0   0.0   0.0   0.0   0.0   0.0   0.0   0.0   
13    V     0.0   0.0   0.0   0.0   0.0   0.0   0.0   0.0   0.0   0.31  0.0   0.0   0.0   0.0   0.0   0.0   0.0   0.0   0.0   0.69  
14    L     0.0   0.0   0.0   0.0   0.0   0.0   0.0   0.0   0.0   0.0   0.69  0.0   0.0   0.31  0.0   0.0   0.0   0.0   0.0   0.0   
15    V     0.0   0.0   0.0   0.0   0.0   0.0   0.0   0.0   0.0   0.0   0.0   0.0   0.0   0.0   0.0   0.0   0.0   0.0   0.0   1.0   
16    S     0.0   0.0   0.0   0.0   0.0   0.0   0.0   0.0   0.0   0.0   0.0   0.0   0.0   0.0   0.0   1.0   0.0   0.0   0.0   0.0   
17    K     0.0   0.0   0.0   0.0   0.0   0.0   0.0   0.0   0.0   0.0   0.0   1.0   0.0   0.0   0.0   0.0   0.0   0.0   0.0   0.0   
18    S     0.0   0.0   0.0   0.0   0.0   0.0   0.9   0.0   0.0   0.0   0.0   0.0   0.0   0.0   0.0   0.1   0.0   0.0   0.0   0.0   
19    S     0.0   0.0   0.0   0.0   0.0   0.0   0.0   0.0   0.0   0.0   0.0   0.9   0.0   0.0   0.0   0.1   0.0   0.0   0.0   0.0   
20    N     0.0   0.0   0.61  0.39  0.0   0.0   0.0   0.0   0.0   0.0   0.0   0.0   0.0   0.0   0.0   0.0   0.0   0.0   0.0   0.0   
21    A     0.1   0.0   0.0   0.0   0.0   0.0   0.0   0.0   0.0   0.0   0.0   0.76  0.0   0.0   0.0   0.14  0.0   0.0   0.0   0.0   
22    D     0.0   0.0   0.0   0.86  0.0   0.0   0.0   0.0   0.0   0.0   0.0   0.0   0.0   0.0   0.0   0.14  0.0   0.0   0.0   0.0   
23    G     0.0   0.0   0.0   0.0   0.0   0.0   0.0   1.0   0.0   0.0   0.0   0.0   0.0   0.0   0.0   0.0   0.0   0.0   0.0   0.0   
24    K     0.0   0.0   0.0   0.0   0.0   0.0   0.0   0.0   0.0   0.0   0.0   1.0   0.0   0.0   0.0   0.0   0.0   0.0   0.0   0.0   
25    Y     0.0   0.0   0.0   0.0   0.0   0.0   0.0   0.0   0.0   0.0   0.0   0.0   0.0   0.0   0.0   0.0   0.0   0.0   1.0   0.0   
26    D     0.0   0.0   0.0   0.44  0.0   0.0   0.0   0.0   0.0   0.0   0.0   0.0   0.0   0.0   0.0   0.39  0.0   0.0   0.0   0.17  
27    L     0.0   0.0   0.0   0.0   0.0   0.0   0.0   0.0   0.0   0.0   1.0   0.0   0.0   0.0   0.0   0.0   0.0   0.0   0.0   0.0   
28    I     0.0   0.31  0.0   0.0   0.0   0.0   0.1   0.0   0.0   0.19  0.0   0.1   0.3   0.0   0.0   0.0   0.0   0.0   0.0   0.0   
29    A     1.0   0.0   0.0   0.0   0.0   0.0   0.0   0.0   0.0   0.0   0.0   0.0   0.0   0.0   0.0   0.0   0.0   0.0   0.0   0.0   
30    T     0.0   0.0   0.0   0.0   0.0   0.0   0.0   0.0   0.0   0.17  0.0   0.0   0.0   0.0   0.0   0.0   0.83  0.0   0.0   0.0   
31    V     0.0   0.0   0.0   0.0   0.0   0.0   0.0   0.0   0.0   0.14  0.0   0.0   0.0   0.0   0.0   0.0   0.0   0.0   0.0   0.86  
32    D     0.0   0.0   0.0   1.0   0.0   0.0   0.0   0.0   0.0   0.0   0.0   0.0   0.0   0.0   0.0   0.0   0.0   0.0   0.0   0.0   
33    A     0.1   0.0   0.11  0.0   0.0   0.14  0.0   0.0   0.0   0.0   0.0   0.48  0.0   0.0   0.0   0.0   0.17  0.0   0.0   0.0   
34    L     0.0   0.0   0.0   0.0   0.0   0.0   0.0   0.0   0.0   0.1   0.48  0.0   0.0   0.0   0.0   0.0   0.0   0.0   0.0   0.42  
35    E     0.0   0.0   0.0   0.11  0.0   0.0   0.89  0.0   0.0   0.0   0.0   0.0   0.0   0.0   0.0   0.0   0.0   0.0   0.0   0.0   
36    L     0.0   0.0   0.0   0.0   0.0   0.0   0.0   0.0   0.0   0.0   1.0   0.0   0.0   0.0   0.0   0.0   0.0   0.0   0.0   0.0   
37    S     0.0   0.0   0.0   0.0   0.0   0.0   0.0   0.0   0.0   0.0   0.0   0.9   0.0   0.0   0.0   0.1   0.0   0.0   0.0   0.0   
38    G     0.0   0.0   0.0   0.0   0.0   0.0   0.0   1.0   0.0   0.0   0.0   0.0   0.0   0.0   0.0   0.0   0.0   0.0   0.0   0.0   
39    T     0.0   0.0   0.0   0.0   0.0   0.0   0.0   0.0   0.0   0.0   0.0   0.0   0.0   0.0   0.0   0.0   0.83  0.0   0.0   0.17  
40    S     0.17  0.0   0.0   0.0   0.0   0.0   0.0   0.0   0.0   0.0   0.0   0.0   0.0   0.0   0.0   0.83  0.0   0.0   0.0   0.0   
41    D     0.0   0.0   0.0   1.0   0.0   0.0   0.0   0.0   0.0   0.0   0.0   0.0   0.0   0.0   0.0   0.0   0.0   0.0   0.0   0.0   
42    K     0.0   0.0   0.0   0.0   0.0   0.0   0.0   0.0   0.0   0.0   0.0   1.0   0.0   0.0   0.0   0.0   0.0   0.0   0.0   0.0   
43    N     0.0   0.0   0.8   0.1   0.0   0.0   0.0   0.0   0.0   0.0   0.0   0.0   0.0   0.0   0.0   0.1   0.0   0.0   0.0   0.0   
44    N     0.0   0.0   0.83  0.17  0.0   0.0   0.0   0.0   0.0   0.0   0.0   0.0   0.0   0.0   0.0   0.0   0.0   0.0   0.0   0.0   
45    G     0.0   0.0   0.0   0.0   0.0   0.0   0.0   1.0   0.0   0.0   0.0   0.0   0.0   0.0   0.0   0.0   0.0   0.0   0.0   0.0   
46    S     0.0   0.0   0.0   0.0   0.0   0.0   0.0   0.0   0.0   0.0   0.0   0.0   0.0   0.0   0.0   1.0   0.0   0.0   0.0   0.0   
47    G     0.0   0.0   0.0   0.0   0.0   0.0   0.0   1.0   0.0   0.0   0.0   0.0   0.0   0.0   0.0   0.0   0.0   0.0   0.0   0.0   
48    V     0.0   0.0   0.0   0.0   0.0   0.0   0.0   0.0   0.0   0.11  0.0   0.17  0.0   0.0   0.0   0.0   0.33  0.0   0.0   0.39  
49    L     0.0   0.0   0.0   0.0   0.0   0.0   0.0   0.0   0.0   0.0   1.0   0.0   0.0   0.0   0.0   0.0   0.0   0.0   0.0   0.0   
50    E     0.0   0.0   0.0   0.0   0.0   0.0   1.0   0.0   0.0   0.0   0.0   0.0   0.0   0.0   0.0   0.0   0.0   0.0   0.0   0.0   
51    G     0.0   0.0   0.0   0.0   0.0   0.0   0.0   1.0   0.0   0.0   0.0   0.0   0.0   0.0   0.0   0.0   0.0   0.0   0.0   0.0   
52    V     0.0   0.0   0.0   0.0   0.0   0.0   0.14  0.0   0.0   0.0   0.14  0.0   0.0   0.0   0.0   0.36  0.08  0.0   0.0   0.29  
53    K     0.0   0.0   0.0   0.0   0.0   0.25  0.0   0.0   0.0   0.0   0.0   0.75  0.0   0.0   0.0   0.0   0.0   0.0   0.0   0.0   
54    A     0.29  0.0   0.0   0.08  0.0   0.0   0.0   0.0   0.0   0.0   0.0   0.0   0.0   0.0   0.5   0.07  0.07  0.0   0.0   0.0   
55    D     0.25  0.0   0.0   0.75  0.0   0.0   0.0   0.0   0.0   0.0   0.0   0.0   0.0   0.0   0.0   0.0   0.0   0.0   0.0   0.0   
56    A     0.07  0.0   0.14  0.0   0.0   0.0   0.0   0.0   0.0   0.0   0.0   0.54  0.0   0.0   0.0   0.25  0.0   0.0   0.0   0.0   
57    S     0.0   0.0   0.0   0.0   0.0   0.0   0.0   0.0   0.0   0.0   0.0   0.0   0.0   0.0   0.0   1.0   0.0   0.0   0.0   0.0   
58    K     0.0   0.0   0.0   0.0   0.0   0.0   0.0   0.0   0.0   0.0   0.0   0.75  0.0   0.0   0.0   0.0   0.25  0.0   0.0   0.0   
59    V     0.15  0.0   0.0   0.0   0.0   0.0   0.25  0.0   0.0   0.0   0.0   0.0   0.0   0.0   0.0   0.0   0.0   0.0   0.0   0.6   
60    K     0.0   0.0   0.0   0.0   0.0   0.0   0.0   0.0   0.0   0.0   0.0   0.61  0.0   0.0   0.0   0.0   0.39  0.0   0.0   0.0   
61    L     0.0   0.0   0.0   0.0   0.0   0.0   0.0   0.0   0.0   0.25  0.61  0.0   0.14  0.0   0.0   0.0   0.0   0.0   0.0   0.0   
62    T     0.0   0.0   0.0   0.0   0.0   0.0   0.0   0.0   0.0   0.0   0.0   0.0   0.0   0.0   0.0   0.14  0.86  0.0   0.0   0.0   
63    I     0.0   0.0   0.0   0.0   0.0   0.0   0.0   0.0   0.0   0.73  0.0   0.0   0.0   0.0   0.0   0.0   0.0   0.0   0.0   0.27  
64    S     0.23  0.0   0.0   0.0   0.0   0.0   0.0   0.25  0.0   0.0   0.0   0.0   0.0   0.0   0.0   0.52  0.0   0.0   0.0   0.0   
65    D     0.11  0.0   0.0   0.36  0.0   0.0   0.14  0.0   0.0   0.0   0.0   0.14  0.0   0.0   0.0   0.25  0.0   0.0   0.0   0.0   
66    D     0.0   0.0   0.25  0.75  0.0   0.0   0.0   0.0   0.0   0.0   0.0   0.0   0.0   0.0   0.0   0.0   0.0   0.0   0.0   0.0   
67    L     0.25  0.0   0.0   0.0   0.0   0.14  0.0   0.0   0.0   0.0   0.61  0.0   0.0   0.0   0.0   0.0   0.0   0.0   0.0   0.0   
68    G     0.0   0.0   0.5   0.0   0.0   0.0   0.0   0.13  0.0   0.0   0.0   0.0   0.0   0.0   0.0   0.38  0.0   0.0   0.0   0.0   
69    Q     0.0   0.0   0.0   0.0   0.0   0.38  0.0   0.0   0.0   0.0   0.0   0.31  0.0   0.0   0.0   0.0   0.32  0.0   0.0   0.0   
70    T     0.0   0.0   0.0   0.0   0.0   0.0   0.0   0.0   0.0   0.14  0.0   0.0   0.0   0.0   0.0   0.25  0.5   0.0   0.0   0.11  
71    T     0.0   0.0   0.0   0.0   0.0   0.0   0.0   0.0   0.0   0.0   0.0   0.0   0.25  0.0   0.0   0.0   0.75  0.0   0.0   0.0   
72    L     0.0   0.0   0.0   0.0   0.0   0.0   0.0   0.0   0.0   0.39  0.39  0.0   0.0   0.22  0.0   0.0   0.0   0.0   0.0   0.0   
73    E     0.0   0.0   0.0   0.0   0.0   0.0   0.75  0.0   0.0   0.0   0.0   0.0   0.0   0.0   0.0   0.25  0.0   0.0   0.0   0.0   
74    V     0.36  0.0   0.0   0.0   0.0   0.0   0.0   0.0   0.0   0.14  0.08  0.0   0.0   0.0   0.0   0.0   0.14  0.0   0.0   0.29  
75    F     0.01  0.01  0.01  0.01  0.0   0.26  0.01  0.01  0.0   0.01  0.17  0.01  0.0   0.46  0.01  0.01  0.01  0.0   0.0   0.01  
76    K     0.0   0.14  0.0   0.11  0.0   0.0   0.0   0.0   0.0   0.0   0.0   0.5   0.0   0.0   0.0   0.0   0.0   0.0   0.0   0.25  
77    S     0.11  0.0   0.0   0.14  0.0   0.0   0.44  0.0   0.0   0.0   0.0   0.0   0.0   0.0   0.25  0.07  0.0   0.0   0.0   0.0   
78    D     0.25  0.0   0.0   0.5   0.0   0.0   0.0   0.0   0.0   0.0   0.0   0.0   0.0   0.0   0.0   0.25  0.0   0.0   0.0   0.0   
79    G     0.0   0.0   0.11  0.0   0.0   0.0   0.0   0.5   0.0   0.0   0.0   0.0   0.0   0.0   0.0   0.39  0.0   0.0   0.0   0.0   
80    S     0.01  0.0   0.14  0.0   0.0   0.11  0.01  0.01  0.0   0.0   0.01  0.35  0.0   0.0   0.0   0.32  0.01  0.0   0.0   0.01  
81    T     0.0   0.0   0.0   0.0   0.0   0.0   0.0   0.0   0.0   0.0   0.0   0.11  0.0   0.0   0.0   0.0   0.89  0.0   0.0   0.0   
82    L     0.01  0.01  0.0   0.01  0.0   0.0   0.01  0.01  0.0   0.01  0.68  0.14  0.0   0.0   0.01  0.01  0.01  0.0   0.0   0.1   
83    V     0.0   0.0   0.0   0.0   0.0   0.0   0.0   0.0   0.0   0.11  0.0   0.0   0.0   0.0   0.0   0.0   0.0   0.0   0.0   0.89  
84    S     0.14  0.0   0.0   0.0   0.0   0.0   0.0   0.0   0.0   0.0   0.0   0.0   0.0   0.0   0.0   0.86  0.0   0.0   0.0   0.0   
85    K     0.25  0.17  0.0   0.0   0.0   0.0   0.0   0.0   0.0   0.0   0.0   0.34  0.0   0.0   0.0   0.25  0.0   0.0   0.0   0.0   
86    K     0.0   0.0   0.0   0.0   0.0   0.0   0.25  0.0   0.0   0.0   0.0   0.75  0.0   0.0   0.0   0.0   0.0   0.0   0.0   0.0   
87    V     0.0   0.07  0.0   0.0   0.0   0.0   0.0   0.0   0.0   0.25  0.0   0.0   0.0   0.0   0.0   0.0   0.0   0.0   0.0   0.68  
88    T     0.0   0.0   0.07  0.0   0.0   0.0   0.0   0.0   0.0   0.0   0.0   0.0   0.0   0.14  0.25  0.08  0.46  0.0   0.0   0.0   
89    S     0.0   0.0   0.0   0.0   0.0   0.0   0.0   0.0   0.0   0.0   0.32  0.25  0.0   0.0   0.0   0.44  0.0   0.0   0.0   0.0   
90    K     0.0   0.0   0.0   0.0   0.0   0.0   0.0   0.0   0.0   0.0   0.0   0.75  0.0   0.0   0.0   0.0   0.25  0.0   0.0   0.0   
91    D     0.25  0.0   0.0   0.64  0.0   0.11  0.0   0.0   0.0   0.0   0.0   0.0   0.0   0.0   0.0   0.0   0.0   0.0   0.0   0.0   
92    K     0.0   0.0   0.0   0.0   0.0   0.0   0.0   0.5   0.0   0.0   0.0   0.5   0.0   0.0   0.0   0.0   0.0   0.0   0.0   0.0   
93    I     0.0   0.0   0.0   0.0   0.0   0.0   0.0   0.0   0.0   0.07  0.0   0.0   0.0   0.0   0.0   0.85  0.08  0.0   0.0   0.0   
94    I     0.0   0.0   0.0   0.0   0.0   0.0   0.0   0.0   0.0   0.18  0.14  0.0   0.0   0.0   0.0   0.6   0.09  0.0   0.0   0.0   
95    I     0.0   0.0   0.25  0.0   0.0   0.0   0.0   0.0   0.0   0.14  0.0   0.0   0.0   0.0   0.0   0.0   0.61  0.0   0.0   0.0   
96    I     0.0   0.0   0.0   0.08  0.0   0.0   0.6   0.0   0.0   0.07  0.0   0.0   0.0   0.0   0.0   0.0   0.25  0.0   0.0   0.0   
97    I     0.09  0.0   0.0   0.0   0.0   0.0   0.59  0.0   0.0   0.32  0.0   0.0   0.0   0.0   0.0   0.0   0.0   0.0   0.0   0.0   
98    K     0.0   0.0   0.0   0.0   0.0   0.0   0.0   0.0   0.0   0.0   0.0   0.43  0.08  0.0   0.0   0.14  0.36  0.0   0.0   0.0   
99    F     0.0   0.0   0.0   0.0   0.0   0.0   0.0   0.0   0.0   0.25  0.11  0.0   0.0   0.5   0.0   0.0   0.0   0.0   0.14  0.0   
100   N     0.02  0.01  0.76  0.01  0.0   0.01  0.02  0.02  0.01  0.01  0.02  0.01  0.01  0.01  0.01  0.02  0.01  0.0   0.01  0.02  
101   E     0.07  0.0   0.0   0.0   0.0   0.0   0.43  0.0   0.0   0.0   0.0   0.25  0.0   0.0   0.0   0.0   0.25  0.0   0.0   0.0   
102   K     0.25  0.0   0.0   0.0   0.0   0.0   0.0   0.0   0.0   0.0   0.0   0.5   0.0   0.0   0.0   0.25  0.0   0.0   0.0   0.0   
103   G     0.0   0.0   0.11  0.0   0.0   0.0   0.0   0.64  0.0   0.25  0.0   0.0   0.0   0.0   0.0   0.0   0.0   0.0   0.0   0.0   
104   E     0.0   0.0   0.0   0.0   0.0   0.14  0.5   0.0   0.0   0.0   0.0   0.11  0.0   0.0   0.25  0.0   0.0   0.0   0.0   0.0   
105   V     0.0   0.0   0.0   0.0   0.0   0.0   0.0   0.0   0.0   0.32  0.55  0.0   0.0   0.0   0.0   0.0   0.0   0.0   0.0   0.13  
106   S     0.0   0.0   0.0   0.5   0.0   0.0   0.0   0.0   0.0   0.0   0.0   0.0   0.0   0.0   0.0   0.43  0.0   0.0   0.0   0.07  
107   E     0.33  0.0   0.0   0.0   0.0   0.0   0.43  0.0   0.0   0.0   0.0   0.0   0.0   0.0   0.0   0.25  0.0   0.0   0.0   0.0   
108   K     0.0   0.0   0.0   0.0   0.0   0.0   0.0   0.0   0.0   0.25  0.0   0.75  0.0   0.0   0.0   0.0   0.0   0.0   0.0   0.0   
109   I     0.0   0.0   0.0   0.0   0.0   0.0   0.0   0.0   0.25  0.2   0.0   0.25  0.0   0.0   0.0   0.0   0.31  0.0   0.0   0.0   
110   I     0.0   0.0   0.0   0.0   0.0   0.0   0.0   0.0   0.0   0.27  0.25  0.0   0.24  0.0   0.0   0.0   0.0   0.0   0.0   0.25  
111   T     0.07  0.0   0.0   0.0   0.0   0.0   0.0   0.0   0.0   0.0   0.07  0.0   0.0   0.0   0.0   0.0   0.79  0.0   0.0   0.07  
112   R     0.0   0.75  0.0   0.0   0.0   0.0   0.0   0.0   0.0   0.0   0.0   0.0   0.0   0.0   0.25  0.0   0.0   0.0   0.0   0.0   
113   A     0.43  0.0   0.0   0.0   0.0   0.0   0.08  0.0   0.0   0.0   0.0   0.0   0.0   0.0   0.25  0.25  0.0   0.0   0.0   0.0   
114   D     0.0   0.0   0.87  0.13  0.0   0.0   0.0   0.0   0.0   0.0   0.0   0.0   0.0   0.0   0.0   0.0   0.0   0.0   0.0   0.0   
115   G     0.0   0.0   0.0   0.0   0.0   0.0   0.0   0.86  0.0   0.0   0.0   0.14  0.0   0.0   0.0   0.0   0.0   0.0   0.0   0.0   
116   T     0.0   0.0   0.0   0.0   0.0   0.0   0.0   0.0   0.0   0.0   0.0   0.0   0.0   0.0   0.0   0.0   1.0   0.0   0.0   0.0   
117   R     0.0   0.27  0.0   0.0   0.0   0.0   0.0   0.0   0.0   0.07  0.0   0.08  0.0   0.0   0.0   0.0   0.33  0.0   0.25  0.0   
118   L     0.0   0.0   0.0   0.0   0.0   0.0   0.0   0.0   0.0   0.0   0.75  0.0   0.0   0.0   0.0   0.0   0.0   0.0   0.25  0.0   
119   E     0.0   0.0   0.0   0.0   0.0   0.0   0.75  0.0   0.0   0.0   0.0   0.0   0.0   0.0   0.25  0.0   0.0   0.0   0.0   0.0   
120   Y     0.0   0.0   0.0   0.0   0.25  0.0   0.0   0.0   0.0   0.0   0.0   0.0   0.0   0.0   0.0   0.0   0.0   0.0   0.75  0.0   
121   T     0.0   0.0   0.0   0.0   0.0   0.0   0.0   0.0   0.0   0.0   0.0   0.0   0.0   0.0   0.0   0.33  0.67  0.0   0.0   0.0   
122   G     0.0   0.0   0.25  0.21  0.0   0.2   0.15  0.2   0.0   0.0   0.0   0.0   0.0   0.0   0.0   0.0   0.0   0.0   0.0   0.0   
123   I     0.0   0.0   0.0   0.0   0.0   0.0   0.0   0.0   0.0   0.45  0.0   0.0   0.3   0.25  0.0   0.0   0.0   0.0   0.0   0.0   
124   K     0.0   0.0   0.23  0.11  0.0   0.0   0.0   0.0   0.0   0.0   0.0   0.42  0.0   0.0   0.0   0.0   0.25  0.0   0.0   0.0   
125   S     0.25  0.0   0.0   0.0   0.0   0.0   0.09  0.0   0.0   0.0   0.25  0.0   0.0   0.0   0.0   0.42  0.0   0.0   0.0   0.0   
126   D     0.25  0.0   0.0   0.61  0.0   0.0   0.14  0.0   0.0   0.0   0.0   0.0   0.0   0.0   0.0   0.0   0.0   0.0   0.0   0.0   
127   G     0.0   0.0   0.33  0.0   0.0   0.0   0.0   0.67  0.0   0.0   0.0   0.0   0.0   0.0   0.0   0.0   0.0   0.0   0.0   0.0   
128   S     0.33  0.0   0.0   0.0   0.0   0.0   0.0   0.0   0.0   0.0   0.0   0.0   0.0   0.0   0.0   0.52  0.15  0.0   0.0   0.0   
129   G     0.09  0.0   0.0   0.0   0.0   0.0   0.0   0.42  0.0   0.0   0.0   0.0   0.0   0.0   0.0   0.0   0.5   0.0   0.0   0.0   
130   K     0.0   0.0   0.0   0.0   0.0   0.0   0.0   0.0   0.0   0.0   0.0   0.61  0.0   0.0   0.0   0.0   0.39  0.0   0.0   0.0   
131   A     0.75  0.0   0.0   0.0   0.0   0.0   0.0   0.0   0.0   0.0   0.25  0.0   0.0   0.0   0.0   0.0   0.0   0.0   0.0   0.0   
132   K     0.0   0.0   0.0   0.0   0.0   0.0   0.0   0.0   0.0   0.14  0.0   0.42  0.0   0.0   0.0   0.0   0.25  0.0   0.0   0.2   
133   E     0.0   0.0   0.0   0.0   0.0   0.0   0.75  0.0   0.0   0.0   0.0   0.0   0.0   0.0   0.0   0.0   0.25  0.0   0.0   0.0   
134   V     0.0   0.0   0.0   0.0   0.25  0.0   0.0   0.0   0.0   0.0   0.0   0.0   0.0   0.0   0.0   0.0   0.4   0.0   0.0   0.35  
135   L     0.0   0.0   0.0   0.0   0.0   0.0   0.0   0.25  0.0   0.0   0.75  0.0   0.0   0.0   0.0   0.0   0.0   0.0   0.0   0.0   
136   K     0.0   0.0   0.0   0.0   0.0   0.0   0.0   0.0   0.0   0.0   0.0   0.75  0.0   0.0   0.0   0.25  0.0   0.0   0.0   0.0   
137   G     0.0   0.0   0.19  0.14  0.0   0.0   0.07  0.6   0.0   0.0   0.0   0.0   0.0   0.0   0.0   0.0   0.0   0.0   0.0   0.0   
138   Y     0.0   0.0   0.0   0.0   0.0   0.0   0.0   0.0   0.0   0.33  0.0   0.0   0.0   0.22  0.0   0.0   0.0   0.0   0.45  0.0   
139   V     0.07  0.0   0.0   0.0   0.25  0.0   0.14  0.0   0.0   0.0   0.0   0.2   0.0   0.0   0.0   0.0   0.15  0.0   0.0   0.2   
140   L     0.02  0.01  0.01  0.01  0.0   0.01  0.02  0.02  0.01  0.01  0.55  0.01  0.01  0.24  0.01  0.02  0.01  0.0   0.01  0.02  
141   E     0.02  0.01  0.01  0.01  0.0   0.01  0.63  0.02  0.01  0.01  0.02  0.15  0.01  0.01  0.01  0.02  0.01  0.0   0.01  0.02  
142   G     0.02  0.01  0.01  0.01  0.0   0.01  0.02  0.77  0.01  0.01  0.02  0.01  0.01  0.01  0.01  0.02  0.01  0.0   0.01  0.02  
143   T     0.0   0.0   0.09  0.0   0.0   0.25  0.0   0.0   0.0   0.0   0.0   0.08  0.0   0.0   0.0   0.25  0.34  0.0   0.0   0.0   
144   L     0.0   0.0   0.0   0.0   0.0   0.0   0.0   0.0   0.0   0.0   0.67  0.0   0.0   0.0   0.25  0.0   0.0   0.0   0.0   0.08  
145   T     0.31  0.0   0.0   0.0   0.0   0.0   0.0   0.0   0.0   0.0   0.0   0.0   0.0   0.0   0.0   0.0   0.2   0.0   0.0   0.5   
146   A     0.34  0.0   0.08  0.0   0.0   0.0   0.0   0.5   0.0   0.0   0.0   0.0   0.0   0.0   0.0   0.09  0.0   0.0   0.0   0.0   
147   E     0.0   0.0   0.0   0.15  0.0   0.0   0.2   0.4   0.0   0.0   0.0   0.0   0.0   0.0   0.0   0.25  0.0   0.0   0.0   0.0   
148   K     0.0   0.0   0.0   0.0   0.0   0.0   0.0   0.0   0.0   0.0   0.0   1.0   0.0   0.0   0.0   0.0   0.0   0.0   0.0   0.0   
149   T     0.21  0.0   0.0   0.0   0.0   0.0   0.0   0.0   0.0   0.0   0.0   0.0   0.0   0.0   0.0   0.0   0.46  0.0   0.0   0.33  
150   T     0.09  0.0   0.0   0.0   0.0   0.0   0.0   0.25  0.0   0.0   0.0   0.0   0.0   0.0   0.0   0.0   0.66  0.0   0.0   0.0   
151   L     0.0   0.0   0.0   0.0   0.0   0.0   0.0   0.0   0.0   0.0   0.55  0.0   0.0   0.0   0.0   0.0   0.0   0.0   0.25  0.2   
152   V     0.0   0.0   0.0   0.0   0.0   0.14  0.27  0.0   0.0   0.25  0.0   0.14  0.0   0.0   0.0   0.0   0.0   0.0   0.0   0.2   
153   V     0.0   0.0   0.0   0.0   0.0   0.0   0.0   0.0   0.0   0.33  0.0   0.0   0.0   0.0   0.0   0.25  0.0   0.0   0.0   0.42  
154   K     0.0   0.0   0.0   0.0   0.0   0.0   0.0   0.0   0.0   0.0   0.0   0.47  0.0   0.0   0.25  0.0   0.14  0.0   0.0   0.14  
155   E     0.0   0.0   0.0   0.0   0.0   0.0   0.75  0.0   0.0   0.0   0.0   0.0   0.0   0.0   0.0   0.25  0.0   0.0   0.0   0.0   
156   G     0.0   0.0   0.0   0.0   0.0   0.0   0.0   0.86  0.0   0.0   0.0   0.0   0.0   0.0   0.0   0.14  0.0   0.0   0.0   0.0   
157   T     0.0   0.0   0.0   0.0   0.0   0.0   0.0   0.0   0.0   0.0   0.0   0.0   0.0   0.0   0.0   0.0   1.0   0.0   0.0   0.0   
158   V     0.25  0.0   0.0   0.0   0.0   0.0   0.0   0.0   0.0   0.0   0.0   0.0   0.0   0.0   0.0   0.0   0.0   0.0   0.0   0.75  
159   T     0.0   0.0   0.0   0.0   0.0   0.0   0.0   0.0   0.0   0.0   0.0   0.25  0.0   0.0   0.0   0.0   0.61  0.0   0.0   0.14  
160   L     0.25  0.0   0.0   0.0   0.0   0.0   0.0   0.0   0.0   0.0   0.75  0.0   0.0   0.0   0.0   0.0   0.0   0.0   0.0   0.0   
161   S     0.0   0.0   0.0   0.0   0.0   0.0   0.0   0.0   0.0   0.0   0.0   0.2   0.0   0.0   0.0   0.42  0.39  0.0   0.0   0.0   
162   K     0.0   0.33  0.0   0.0   0.0   0.0   0.0   0.0   0.0   0.25  0.0   0.42  0.0   0.0   0.0   0.0   0.0   0.0   0.0   0.0   
163   N     0.0   0.0   0.2   0.0   0.0   0.0   0.41  0.0   0.14  0.0   0.0   0.0   0.0   0.0   0.0   0.25  0.0   0.0   0.0   0.0   
164   I     0.25  0.0   0.0   0.0   0.0   0.0   0.0   0.0   0.0   0.75  0.0   0.0   0.0   0.0   0.0   0.0   0.0   0.0   0.0   0.0   
165   S     0.08  0.0   0.0   0.23  0.0   0.0   0.11  0.0   0.0   0.0   0.07  0.0   0.0   0.0   0.07  0.2   0.25  0.0   0.0   0.0   
166   K     0.0   0.0   0.07  0.0   0.0   0.0   0.0   0.0   0.0   0.0   0.0   0.68  0.0   0.0   0.0   0.0   0.25  0.0   0.0   0.0   
167   S     0.0   0.0   0.09  0.25  0.0   0.0   0.0   0.0   0.0   0.0   0.0   0.0   0.0   0.0   0.0   0.67  0.0   0.0   0.0   0.0   
168   G     0.0   0.0   0.0   0.0   0.0   0.0   0.0   1.0   0.0   0.0   0.0   0.0   0.0   0.0   0.0   0.0   0.0   0.0   0.0   0.0   
169   E     0.0   0.0   0.0   0.0   0.0   0.0   0.42  0.0   0.0   0.0   0.0   0.33  0.0   0.0   0.0   0.25  0.0   0.0   0.0   0.0   
170   V     0.0   0.0   0.0   0.0   0.0   0.0   0.0   0.0   0.0   0.14  0.14  0.25  0.0   0.0   0.0   0.0   0.0   0.0   0.0   0.47  
171   S     0.0   0.0   0.0   0.0   0.0   0.0   0.0   0.0   0.0   0.0   0.0   0.25  0.0   0.0   0.0   0.13  0.38  0.0   0.25  0.0   
172   V     0.07  0.0   0.0   0.0   0.0   0.0   0.0   0.0   0.0   0.14  0.25  0.0   0.0   0.0   0.0   0.0   0.0   0.0   0.0   0.54  
173   E     0.15  0.0   0.0   0.0   0.0   0.0   0.52  0.0   0.0   0.0   0.0   0.0   0.0   0.11  0.0   0.09  0.0   0.0   0.14  0.0   
174   L     0.0   0.0   0.0   0.0   0.0   0.0   0.0   0.0   0.0   0.25  0.75  0.0   0.0   0.0   0.0   0.0   0.0   0.0   0.0   0.0   
175   N     0.0   0.0   0.54  0.32  0.0   0.0   0.0   0.0   0.0   0.0   0.0   0.14  0.0   0.0   0.0   0.0   0.0   0.0   0.0   0.0   
176   D     0.0   0.0   0.0   0.75  0.0   0.0   0.0   0.0   0.0   0.0   0.0   0.0   0.0   0.0   0.0   0.0   0.0   0.25  0.0   0.0   
177   T     0.0   0.0   0.0   0.0   0.0   0.0   0.0   0.0   0.0   0.25  0.0   0.0   0.0   0.0   0.0   0.14  0.61  0.0   0.0   0.0   
178   D     0.15  0.01  0.41  0.28  0.0   0.01  0.01  0.01  0.0   0.01  0.02  0.01  0.0   0.01  0.01  0.01  0.01  0.0   0.01  0.01  
179   S     0.02  0.01  0.26  0.01  0.0   0.01  0.01  0.01  0.0   0.01  0.02  0.01  0.0   0.01  0.01  0.42  0.16  0.0   0.01  0.01  
180   S     0.2   0.0   0.0   0.25  0.0   0.0   0.0   0.0   0.0   0.0   0.0   0.0   0.0   0.0   0.0   0.27  0.29  0.0   0.0   0.0   
181   A     0.13  0.0   0.0   0.0   0.0   0.29  0.0   0.11  0.0   0.25  0.0   0.0   0.0   0.0   0.0   0.23  0.0   0.0   0.0   0.0   
182   A     0.68  0.01  0.01  0.01  0.0   0.01  0.01  0.1   0.0   0.01  0.01  0.01  0.0   0.01  0.01  0.12  0.01  0.0   0.0   0.01  
183   T     0.01  0.01  0.11  0.01  0.0   0.01  0.01  0.01  0.0   0.01  0.01  0.01  0.0   0.26  0.01  0.1   0.42  0.0   0.0   0.01  
184   K     0.0   0.0   0.0   0.25  0.0   0.0   0.0   0.0   0.0   0.0   0.0   0.75  0.0   0.0   0.0   0.0   0.0   0.0   0.0   0.0   
185   K     0.0   0.0   0.0   0.0   0.0   0.0   0.0   0.0   0.0   0.0   0.0   0.75  0.0   0.0   0.0   0.25  0.0   0.0   0.0   0.0   
186   T     0.0   0.0   0.0   0.0   0.0   0.0   0.0   0.0   0.0   0.0   0.0   0.0   0.0   0.0   0.0   0.25  0.75  0.0   0.0   0.0   
187   A     0.22  0.0   0.0   0.0   0.0   0.0   0.0   0.4   0.0   0.0   0.0   0.0   0.0   0.0   0.0   0.0   0.0   0.25  0.0   0.14  
188   A     0.21  0.0   0.0   0.0   0.0   0.0   0.0   0.25  0.0   0.0   0.0   0.32  0.0   0.0   0.0   0.23  0.0   0.0   0.0   0.0   
189   W     0.0   0.0   0.0   0.0   0.0   0.0   0.0   0.0   0.0   0.0   0.0   0.0   0.0   0.0   0.0   0.0   0.0   1.0   0.0   0.0   
190   N     0.0   0.0   0.27  0.29  0.0   0.09  0.11  0.25  0.0   0.0   0.0   0.0   0.0   0.0   0.0   0.0   0.0   0.0   0.0   0.0   
191   S     0.07  0.0   0.0   0.25  0.0   0.0   0.09  0.0   0.0   0.0   0.0   0.0   0.0   0.0   0.0   0.6   0.0   0.0   0.0   0.0   
192   G     0.01  0.01  0.33  0.01  0.0   0.01  0.01  0.21  0.0   0.01  0.01  0.15  0.0   0.01  0.01  0.21  0.01  0.0   0.0   0.01  
193   T     0.0   0.0   0.0   0.0   0.0   0.0   0.0   0.0   0.0   0.0   0.0   0.0   0.0   0.0   0.0   0.25  0.75  0.0   0.0   0.0   
194   S     0.0   0.25  0.0   0.14  0.0   0.0   0.0   0.0   0.0   0.0   0.0   0.0   0.0   0.0   0.0   0.61  0.0   0.0   0.0   0.0   
195   T     0.0   0.0   0.25  0.0   0.0   0.0   0.0   0.0   0.0   0.0   0.0   0.0   0.0   0.0   0.0   0.0   0.75  0.0   0.0   0.0   
196   L     0.0   0.0   0.0   0.0   0.0   0.0   0.0   0.0   0.0   0.0   1.0   0.0   0.0   0.0   0.0   0.0   0.0   0.0   0.0   0.0   
197   T     0.0   0.0   0.0   0.0   0.0   0.0   0.0   0.0   0.0   0.0   0.0   0.0   0.0   0.0   0.0   0.0   1.0   0.0   0.0   0.0   
198   I     0.0   0.0   0.0   0.0   0.0   0.0   0.0   0.0   0.0   0.75  0.0   0.0   0.0   0.0   0.0   0.0   0.0   0.0   0.0   0.25  
199   T     0.0   0.0   0.0   0.0   0.0   0.0   0.0   0.0   0.0   0.0   0.0   0.0   0.0   0.0   0.0   0.55  0.45  0.0   0.0   0.0   
200   V     0.33  0.0   0.0   0.0   0.0   0.0   0.0   0.0   0.0   0.0   0.0   0.0   0.0   0.0   0.0   0.0   0.0   0.0   0.0   0.67  
201   N     0.0   0.0   0.75  0.11  0.0   0.0   0.14  0.0   0.0   0.0   0.0   0.0   0.0   0.0   0.0   0.0   0.0   0.0   0.0   0.0   
202   S     0.0   0.0   0.07  0.0   0.0   0.0   0.0   0.14  0.0   0.0   0.0   0.0   0.0   0.0   0.0   0.79  0.0   0.0   0.0   0.0   
203   K     0.0   0.0   0.0   0.0   0.0   0.07  0.25  0.0   0.0   0.0   0.0   0.68  0.0   0.0   0.0   0.0   0.0   0.0   0.0   0.0   
204   K     0.0   0.0   0.0   0.0   0.0   0.0   0.0   0.0   0.0   0.0   0.0   1.0   0.0   0.0   0.0   0.0   0.0   0.0   0.0   0.0   
205   T     0.0   0.0   0.0   0.0   0.0   0.0   0.0   0.0   0.0   0.0   0.0   0.0   0.0   0.0   0.0   0.0   1.0   0.0   0.0   0.0   
206   K     0.0   0.0   0.0   0.0   0.0   0.0   0.0   0.0   0.0   0.0   0.0   0.9   0.0   0.0   0.0   0.0   0.1   0.0   0.0   0.0   
207   D     0.09  0.0   0.19  0.61  0.0   0.1   0.0   0.0   0.0   0.0   0.0   0.0   0.0   0.0   0.0   0.0   0.0   0.0   0.0   0.0   
208   L     0.0   0.0   0.0   0.0   0.0   0.0   0.0   0.0   0.0   0.1   0.9   0.0   0.0   0.0   0.0   0.0   0.0   0.0   0.0   0.0   
209   V     0.0   0.0   0.0   0.0   0.0   0.0   0.0   0.0   0.0   0.0   0.0   0.0   0.0   0.0   0.0   0.0   0.0   0.0   0.0   1.0   
210   F     0.0   0.0   0.0   0.0   0.0   0.0   0.0   0.0   0.0   0.0   0.0   0.0   0.0   1.0   0.0   0.0   0.0   0.0   0.0   0.0   
211   T     0.0   0.0   0.0   0.0   0.0   0.0   0.0   0.0   0.0   0.0   0.42  0.0   0.0   0.0   0.0   0.0   0.58  0.0   0.0   0.0   
212   S     0.0   0.0   0.0   0.0   0.0   0.0   0.0   0.0   0.0   0.0   0.0   0.48  0.0   0.0   0.0   0.1   0.42  0.0   0.0   0.0   
213   S     0.0   0.0   0.11  0.31  0.0   0.2   0.28  0.0   0.0   0.0   0.0   0.0   0.0   0.0   0.0   0.1   0.0   0.0   0.0   0.0   
214   N     0.0   0.0   0.19  0.39  0.0   0.0   0.0   0.42  0.0   0.0   0.0   0.0   0.0   0.0   0.0   0.0   0.0   0.0   0.0   0.0   
215   T     0.0   0.0   0.0   0.0   0.0   0.0   0.0   0.0   0.0   0.0   0.0   0.0   0.0   0.0   0.0   0.0   1.0   0.0   0.0   0.0   
216   I     0.0   0.0   0.0   0.0   0.0   0.0   0.0   0.0   0.0   1.0   0.0   0.0   0.0   0.0   0.0   0.0   0.0   0.0   0.0   0.0   
217   T     0.0   0.0   0.0   0.0   0.0   0.0   0.0   0.0   0.0   0.0   0.0   0.0   0.0   0.0   0.0   0.0   1.0   0.0   0.0   0.0   
218   V     0.0   0.0   0.0   0.0   0.0   0.0   0.0   0.0   0.0   0.0   0.0   0.0   0.0   0.0   0.0   0.09  0.0   0.0   0.0   0.91  
219   Q     0.0   0.0   0.0   0.0   0.0   1.0   0.0   0.0   0.0   0.0   0.0   0.0   0.0   0.0   0.0   0.0   0.0   0.0   0.0   0.0   
220   Q     0.0   0.0   0.28  0.0   0.0   0.33  0.0   0.0   0.0   0.0   0.0   0.39  0.0   0.0   0.0   0.0   0.0   0.0   0.0   0.0   
221   Y     0.0   0.0   0.0   0.0   0.0   0.0   0.0   0.0   0.0   0.0   0.0   0.0   0.0   0.0   0.0   0.0   0.0   0.0   1.0   0.0   
222   D     0.0   0.0   0.14  0.86  0.0   0.0   0.0   0.0   0.0   0.0   0.0   0.0   0.0   0.0   0.0   0.0   0.0   0.0   0.0   0.0   
223   S     0.0   0.0   0.0   0.0   0.0   0.0   0.0   0.0   0.0   0.0   0.0   0.0   0.0   0.0   0.0   0.86  0.14  0.0   0.0   0.0   
224   N     0.81  0.0   0.19  0.0   0.0   0.0   0.0   0.0   0.0   0.0   0.0   0.0   0.0   0.0   0.0   0.0   0.0   0.0   0.0   0.0   
225   G     0.0   0.0   0.0   0.0   0.0   0.0   0.0   1.0   0.0   0.0   0.0   0.0   0.0   0.0   0.0   0.0   0.0   0.0   0.0   0.0   
226   T     0.0   0.0   0.0   0.0   0.0   0.0   0.0   0.0   0.0   0.0   0.0   0.0   0.0   0.0   0.0   0.0   1.0   0.0   0.0   0.0   
227   S     0.0   0.0   0.39  0.0   0.0   0.0   0.0   0.0   0.0   0.0   0.0   0.2   0.0   0.0   0.0   0.24  0.17  0.0   0.0   0.0   
228   L     0.0   0.0   0.0   0.0   0.0   0.0   0.0   0.0   0.0   0.0   1.0   0.0   0.0   0.0   0.0   0.0   0.0   0.0   0.0   0.0   
229   E     0.0   0.0   0.0   0.0   0.0   0.0   1.0   0.0   0.0   0.0   0.0   0.0   0.0   0.0   0.0   0.0   0.0   0.0   0.0   0.0   
230   G     0.0   0.0   0.0   0.0   0.0   0.0   0.0   1.0   0.0   0.0   0.0   0.0   0.0   0.0   0.0   0.0   0.0   0.0   0.0   0.0   
231   S     0.0   0.0   0.1   0.0   0.0   0.0   0.0   0.0   0.0   0.0   0.0   0.1   0.0   0.0   0.0   0.44  0.37  0.0   0.0   0.0   
232   A     1.0   0.0   0.0   0.0   0.0   0.0   0.0   0.0   0.0   0.0   0.0   0.0   0.0   0.0   0.0   0.0   0.0   0.0   0.0   0.0   
233   V     0.11  0.0   0.0   0.0   0.0   0.0   0.0   0.0   0.0   0.0   0.0   0.0   0.0   0.0   0.0   0.14  0.17  0.0   0.0   0.58  
234   E     0.0   0.0   0.0   0.0   0.0   0.0   1.0   0.0   0.0   0.0   0.0   0.0   0.0   0.0   0.0   0.0   0.0   0.0   0.0   0.0   
235   I     0.0   0.0   0.0   0.0   0.0   0.0   0.0   0.0   0.0   1.0   0.0   0.0   0.0   0.0   0.0   0.0   0.0   0.0   0.0   0.0   
236   T     0.0   0.0   0.0   0.0   0.0   0.0   0.0   0.0   0.0   0.0   0.0   0.72  0.0   0.0   0.0   0.0   0.28  0.0   0.0   0.0   
237   K     0.0   0.0   0.31  0.0   0.0   0.0   0.0   0.0   0.0   0.0   0.0   0.3   0.0   0.0   0.0   0.0   0.39  0.0   0.0   0.0   
238   L     0.0   0.0   0.0   0.0   0.0   0.0   0.0   0.0   0.0   0.0   1.0   0.0   0.0   0.0   0.0   0.0   0.0   0.0   0.0   0.0   
239   D     0.0   0.0   0.0   0.59  0.0   0.0   0.17  0.0   0.0   0.0   0.0   0.1   0.0   0.0   0.0   0.14  0.0   0.0   0.0   0.0   
240   E     0.17  0.0   0.0   0.0   0.0   0.0   0.83  0.0   0.0   0.0   0.0   0.0   0.0   0.0   0.0   0.0   0.0   0.0   0.0   0.0   
241   I     0.0   0.0   0.0   0.0   0.0   0.0   0.0   0.0   0.0   0.19  0.81  0.0   0.0   0.0   0.0   0.0   0.0   0.0   0.0   0.0   
242   K     0.0   0.0   0.0   0.0   0.0   0.0   0.0   0.0   0.0   0.0   0.0   1.0   0.0   0.0   0.0   0.0   0.0   0.0   0.0   0.0   
243   N     0.0   0.0   0.73  0.1   0.0   0.0   0.0   0.0   0.0   0.0   0.0   0.0   0.0   0.0   0.0   0.0   0.17  0.0   0.0   0.0   
244   A     1.0   0.0   0.0   0.0   0.0   0.0   0.0   0.0   0.0   0.0   0.0   0.0   0.0   0.0   0.0   0.0   0.0   0.0   0.0   0.0   
245   L     0.0   0.0   0.0   0.0   0.0   0.0   0.0   0.0   0.0   0.0   1.0   0.0   0.0   0.0   0.0   0.0   0.0   0.0   0.0   0.0   
246   K     0.0   0.21  0.0   0.0   0.0   0.0   0.0   0.0   0.0   0.0   0.0   0.79  0.0   0.0   0.0   0.0   0.0   0.0   0.0   0.0   
