             A     R     N     D     C     Q     E     G     H     I     L     K     M     F     P     S     T     W     Y     V
1     S     0.0   0.0   0.0   0.0   0.0   0.0   0.0   0.0   0.0   0.0   0.0   0.0   0.0   0.0   0.0   1.0   0.0   0.0   0.0   0.0   
2     S     0.0   0.0   0.0   0.0   0.0   0.0   0.0   0.0   0.0   0.0   0.0   0.0   0.0   0.0   0.0   1.0   0.0   0.0   0.0   0.0   
3     H     0.0   0.0   0.0   0.0   0.0   0.0   0.0   0.0   1.0   0.0   0.0   0.0   0.0   0.0   0.0   0.0   0.0   0.0   0.0   0.0   
4     T     0.0   0.0   0.0   0.0   0.0   0.0   0.0   0.0   0.0   0.0   0.0   0.0   0.0   0.0   0.0   0.0   1.0   0.0   0.0   0.0   
5     V     0.28  0.0   0.0   0.0   0.0   0.0   0.0   0.0   0.0   0.11  0.0   0.0   0.0   0.0   0.0   0.0   0.0   0.0   0.0   0.61  
6     G     0.0   0.0   0.0   0.0   0.0   0.0   0.0   1.0   0.0   0.0   0.0   0.0   0.0   0.0   0.0   0.0   0.0   0.0   0.0   0.0   
7     P     0.28  0.0   0.0   0.0   0.0   0.0   0.0   0.0   0.0   0.0   0.0   0.0   0.0   0.0   0.72  0.0   0.0   0.0   0.0   0.0   
8     M     0.13  0.0   0.0   0.0   0.15  0.0   0.0   0.0   0.0   0.0   0.0   0.0   0.72  0.0   0.0   0.0   0.0   0.0   0.0   0.0   
9     L     0.0   0.33  0.08  0.0   0.0   0.0   0.11  0.0   0.0   0.0   0.09  0.38  0.0   0.0   0.0   0.0   0.0   0.0   0.0   0.0   
10    A     0.72  0.0   0.0   0.0   0.0   0.0   0.0   0.0   0.0   0.28  0.0   0.0   0.0   0.0   0.0   0.0   0.0   0.0   0.0   0.0   
11    A     0.44  0.0   0.0   0.0   0.0   0.0   0.0   0.56  0.0   0.0   0.0   0.0   0.0   0.0   0.0   0.0   0.0   0.0   0.0   0.0   
12    N     0.11  0.23  0.34  0.0   0.0   0.0   0.0   0.0   0.0   0.0   0.0   0.32  0.0   0.0   0.0   0.0   0.0   0.0   0.0   0.0   
13    A     0.09  0.11  0.0   0.0   0.0   0.34  0.0   0.0   0.0   0.0   0.0   0.0   0.1   0.0   0.0   0.08  0.0   0.0   0.0   0.28  
14    F     0.16  0.01  0.01  0.01  0.0   0.01  0.01  0.01  0.0   0.01  0.01  0.01  0.0   0.73  0.01  0.01  0.01  0.0   0.0   0.01  
15    L     0.11  0.01  0.01  0.01  0.11  0.01  0.01  0.01  0.0   0.18  0.1   0.01  0.0   0.01  0.01  0.01  0.23  0.0   0.0   0.19  
16    Q     0.01  0.1   0.01  0.33  0.0   0.1   0.01  0.12  0.0   0.01  0.01  0.01  0.0   0.01  0.01  0.15  0.01  0.0   0.0   0.11  
17    L     0.11  0.19  0.01  0.25  0.0   0.01  0.01  0.01  0.0   0.15  0.21  0.01  0.0   0.01  0.01  0.01  0.01  0.0   0.0   0.01  
18    L     0.01  0.01  0.01  0.01  0.0   0.01  0.01  0.01  0.0   0.01  0.73  0.01  0.0   0.01  0.01  0.01  0.01  0.0   0.0   0.15  
19    E     0.02  0.21  0.01  0.01  0.0   0.01  0.19  0.02  0.01  0.18  0.02  0.01  0.01  0.01  0.01  0.16  0.01  0.0   0.01  0.09  
20    Q     0.22  0.11  0.25  0.01  0.0   0.09  0.08  0.01  0.0   0.01  0.01  0.09  0.0   0.0   0.01  0.09  0.01  0.0   0.0   0.01  
21    K     0.01  0.41  0.01  0.01  0.0   0.01  0.11  0.01  0.0   0.01  0.01  0.28  0.0   0.01  0.01  0.09  0.01  0.0   0.0   0.01  
22    N     0.01  0.01  0.26  0.01  0.0   0.01  0.11  0.38  0.0   0.01  0.01  0.01  0.0   0.01  0.01  0.14  0.01  0.0   0.0   0.01  
23    L     0.01  0.01  0.01  0.01  0.0   0.09  0.01  0.01  0.11  0.12  0.57  0.01  0.0   0.01  0.01  0.01  0.01  0.0   0.0   0.01  
24    F     0.01  0.01  0.01  0.01  0.0   0.01  0.01  0.01  0.0   0.01  0.56  0.01  0.0   0.31  0.01  0.01  0.01  0.0   0.0   0.01  
25    D     0.01  0.01  0.01  0.37  0.0   0.01  0.2   0.14  0.0   0.01  0.01  0.09  0.0   0.01  0.01  0.01  0.09  0.0   0.0   0.01  
26    K     0.08  0.13  0.15  0.18  0.0   0.2   0.0   0.0   0.0   0.0   0.0   0.09  0.0   0.0   0.0   0.17  0.0   0.0   0.0   0.0   
27    T     0.0   0.0   0.0   0.0   0.0   0.0   0.0   0.0   0.0   0.0   0.1   0.0   0.0   0.0   0.13  0.0   0.26  0.0   0.15  0.36  
28    Q     0.1   0.0   0.15  0.0   0.0   0.09  0.35  0.0   0.0   0.0   0.0   0.0   0.0   0.0   0.0   0.08  0.24  0.0   0.0   0.0   
29    R     0.1   0.48  0.0   0.0   0.0   0.15  0.09  0.0   0.08  0.0   0.0   0.0   0.0   0.0   0.0   0.1   0.0   0.0   0.0   0.0   
30    V     0.0   0.0   0.0   0.0   0.0   0.0   0.0   0.0   0.0   0.3   0.0   0.0   0.1   0.0   0.0   0.0   0.0   0.0   0.0   0.59  
31    K     0.08  0.2   0.0   0.0   0.0   0.11  0.15  0.0   0.09  0.13  0.0   0.09  0.0   0.0   0.0   0.0   0.0   0.0   0.0   0.16  
32    V     0.0   0.0   0.0   0.0   0.0   0.0   0.0   0.0   0.0   0.11  0.0   0.0   0.0   0.15  0.0   0.0   0.0   0.0   0.0   0.75  
33    E     0.0   0.0   0.0   0.43  0.0   0.15  0.19  0.0   0.0   0.0   0.0   0.0   0.0   0.0   0.0   0.13  0.11  0.0   0.0   0.0   
34    L     0.0   0.0   0.0   0.0   0.0   0.0   0.0   0.0   0.0   0.0   0.63  0.0   0.0   0.13  0.0   0.0   0.0   0.0   0.0   0.24  
35    Y     0.0   0.0   0.0   0.0   0.0   0.0   0.0   0.0   0.25  0.0   0.0   0.0   0.0   0.1   0.0   0.0   0.0   0.0   0.64  0.0   
36    G     0.0   0.0   0.0   0.0   0.0   0.0   0.0   1.0   0.0   0.0   0.0   0.0   0.0   0.0   0.0   0.0   0.0   0.0   0.0   0.0   
37    S     0.0   0.0   0.0   0.0   0.0   0.0   0.0   0.0   0.0   0.0   0.0   0.0   0.0   0.0   0.0   1.0   0.0   0.0   0.0   0.0   
38    L     0.0   0.0   0.0   0.0   0.0   0.0   0.0   0.0   0.0   0.0   0.72  0.0   0.0   0.28  0.0   0.0   0.0   0.0   0.0   0.0   
39    A     0.58  0.0   0.0   0.0   0.0   0.0   0.0   0.1   0.0   0.0   0.0   0.0   0.0   0.0   0.0   0.32  0.0   0.0   0.0   0.0   
40    L     0.2   0.0   0.0   0.0   0.0   0.0   0.13  0.0   0.15  0.0   0.43  0.0   0.09  0.0   0.0   0.0   0.0   0.0   0.0   0.0   
41    T     0.0   0.0   0.0   0.0   0.0   0.0   0.0   0.0   0.0   0.0   0.0   0.0   0.0   0.0   0.0   0.0   1.0   0.0   0.0   0.0   
42    G     0.0   0.0   0.0   0.0   0.0   0.0   0.0   0.72  0.0   0.0   0.0   0.0   0.0   0.15  0.0   0.0   0.0   0.0   0.13  0.0   
43    K     0.1   0.09  0.0   0.0   0.0   0.0   0.0   0.0   0.1   0.0   0.0   0.71  0.0   0.0   0.0   0.0   0.0   0.0   0.0   0.0   
44    G     0.0   0.0   0.0   0.0   0.0   0.0   0.0   1.0   0.0   0.0   0.0   0.0   0.0   0.0   0.0   0.0   0.0   0.0   0.0   0.0   
45    H     0.0   0.0   0.0   0.0   0.0   0.0   0.0   0.0   1.0   0.0   0.0   0.0   0.0   0.0   0.0   0.0   0.0   0.0   0.0   0.0   
46    G     0.08  0.0   0.0   0.0   0.0   0.0   0.0   0.57  0.15  0.0   0.11  0.0   0.0   0.0   0.0   0.09  0.0   0.0   0.0   0.0   
47    T     0.0   0.0   0.0   0.0   0.0   0.0   0.0   0.0   0.0   0.0   0.0   0.0   0.0   0.0   0.0   0.11  0.89  0.0   0.0   0.0   
48    D     0.0   0.0   0.0   0.8   0.0   0.0   0.0   0.0   0.0   0.0   0.0   0.0   0.1   0.0   0.1   0.0   0.0   0.0   0.0   0.0   
49    K     0.0   0.15  0.0   0.0   0.0   0.0   0.11  0.0   0.0   0.24  0.0   0.19  0.0   0.0   0.0   0.1   0.0   0.0   0.0   0.22  
50    A     1.0   0.0   0.0   0.0   0.0   0.0   0.0   0.0   0.0   0.0   0.0   0.0   0.0   0.0   0.0   0.0   0.0   0.0   0.0   0.0   
51    I     0.0   0.0   0.0   0.0   0.0   0.0   0.0   0.0   0.0   0.65  0.15  0.0   0.0   0.0   0.0   0.0   0.0   0.0   0.0   0.21  
52    L     0.0   0.0   0.0   0.0   0.0   0.0   0.0   0.0   0.0   0.45  0.4   0.0   0.0   0.0   0.0   0.0   0.0   0.0   0.0   0.15  
53    N     0.0   0.0   0.09  0.0   0.0   0.0   0.0   0.28  0.0   0.11  0.2   0.0   0.32  0.0   0.0   0.0   0.0   0.0   0.0   0.0   
54    G     0.0   0.0   0.0   0.0   0.0   0.0   0.0   1.0   0.0   0.0   0.0   0.0   0.0   0.0   0.0   0.0   0.0   0.0   0.0   0.0   
55    L     0.0   0.0   0.0   0.0   0.0   0.0   0.0   0.0   0.0   0.15  0.85  0.0   0.0   0.0   0.0   0.0   0.0   0.0   0.0   0.0   
56    E     0.33  0.01  0.01  0.01  0.0   0.01  0.3   0.01  0.11  0.01  0.16  0.01  0.0   0.01  0.01  0.01  0.01  0.0   0.0   0.01  
57    N     0.01  0.01  0.1   0.01  0.0   0.01  0.01  0.79  0.0   0.01  0.01  0.01  0.0   0.01  0.01  0.01  0.01  0.0   0.0   0.01  
58    K     0.01  0.01  0.24  0.1   0.11  0.01  0.01  0.01  0.0   0.01  0.01  0.1   0.0   0.15  0.01  0.01  0.01  0.0   0.2   0.01  
59    A     0.21  0.01  0.01  0.01  0.0   0.11  0.23  0.01  0.0   0.01  0.18  0.01  0.0   0.01  0.01  0.19  0.01  0.0   0.0   0.01  
60    P     0.01  0.01  0.11  0.01  0.0   0.01  0.01  0.01  0.0   0.01  0.01  0.01  0.0   0.01  0.77  0.01  0.01  0.0   0.0   0.01  
61    E     0.09  0.01  0.01  0.23  0.0   0.09  0.41  0.01  0.09  0.01  0.01  0.01  0.0   0.01  0.01  0.01  0.01  0.0   0.0   0.01  
62    S     0.01  0.01  0.09  0.23  0.0   0.01  0.01  0.01  0.0   0.01  0.12  0.01  0.0   0.01  0.01  0.2   0.27  0.0   0.0   0.01  
63    M     0.11  0.01  0.01  0.26  0.0   0.01  0.01  0.01  0.0   0.11  0.01  0.01  0.09  0.01  0.01  0.01  0.01  0.0   0.0   0.33  
64    I     0.01  0.15  0.01  0.27  0.0   0.01  0.01  0.01  0.0   0.37  0.01  0.01  0.0   0.01  0.01  0.01  0.11  0.0   0.0   0.01  
65    P     0.01  0.01  0.01  0.1   0.0   0.01  0.01  0.01  0.0   0.31  0.01  0.01  0.0   0.01  0.26  0.01  0.22  0.0   0.0   0.01  
66    R     0.09  0.3   0.01  0.17  0.0   0.01  0.01  0.01  0.0   0.01  0.01  0.15  0.0   0.01  0.01  0.09  0.12  0.0   0.0   0.01  
67    M     0.02  0.01  0.01  0.01  0.01  0.01  0.02  0.02  0.01  0.09  0.24  0.02  0.18  0.17  0.01  0.02  0.02  0.0   0.01  0.11  
68    H     0.13  0.09  0.01  0.01  0.01  0.01  0.2   0.02  0.2   0.17  0.03  0.02  0.01  0.01  0.01  0.02  0.02  0.0   0.01  0.02  
69    E     0.02  0.01  0.01  0.09  0.01  0.09  0.4   0.02  0.01  0.01  0.03  0.1   0.01  0.01  0.01  0.02  0.11  0.0   0.01  0.02  
70    I     0.13  0.01  0.01  0.09  0.01  0.01  0.02  0.02  0.01  0.31  0.11  0.02  0.01  0.01  0.01  0.02  0.02  0.0   0.01  0.18  
71    L     0.1   0.0   0.0   0.0   0.0   0.0   0.08  0.0   0.0   0.0   0.22  0.18  0.0   0.11  0.0   0.0   0.15  0.0   0.0   0.16  
72    D     0.1   0.0   0.08  0.22  0.0   0.09  0.19  0.0   0.0   0.0   0.0   0.0   0.0   0.0   0.0   0.32  0.0   0.0   0.0   0.0   
73    S     0.0   0.08  0.11  0.0   0.0   0.0   0.0   0.08  0.0   0.0   0.0   0.0   0.0   0.28  0.0   0.29  0.16  0.0   0.0   0.0   
74    N     0.09  0.08  0.09  0.13  0.0   0.0   0.22  0.2   0.08  0.0   0.0   0.11  0.0   0.0   0.0   0.0   0.0   0.0   0.0   0.0   
75    L     0.0   0.17  0.0   0.0   0.0   0.0   0.0   0.0   0.0   0.0   0.48  0.0   0.0   0.0   0.0   0.0   0.13  0.0   0.0   0.21  
76    L     0.15  0.0   0.0   0.0   0.0   0.0   0.0   0.0   0.0   0.1   0.36  0.0   0.08  0.13  0.08  0.0   0.1   0.0   0.0   0.0   
77    N     0.0   0.1   0.09  0.13  0.0   0.0   0.0   0.0   0.0   0.0   0.15  0.25  0.0   0.0   0.09  0.1   0.0   0.0   0.0   0.08  
78    L     0.16  0.0   0.0   0.0   0.0   0.15  0.13  0.0   0.0   0.19  0.37  0.0   0.0   0.0   0.0   0.0   0.0   0.0   0.0   0.0   
79    A     0.42  0.13  0.08  0.0   0.0   0.0   0.0   0.1   0.0   0.0   0.1   0.0   0.0   0.0   0.0   0.08  0.0   0.0   0.0   0.09  
80    G     0.0   0.0   0.11  0.0   0.0   0.0   0.0   0.76  0.0   0.13  0.0   0.0   0.0   0.0   0.0   0.0   0.0   0.0   0.0   0.0   
81    K     0.09  0.08  0.01  0.1   0.0   0.28  0.01  0.01  0.0   0.01  0.01  0.23  0.0   0.01  0.01  0.01  0.01  0.0   0.0   0.11  
82    K     0.01  0.01  0.01  0.01  0.0   0.01  0.01  0.01  0.45  0.11  0.01  0.18  0.0   0.01  0.01  0.01  0.14  0.0   0.0   0.01  
83    E     0.14  0.01  0.01  0.01  0.0   0.01  0.35  0.01  0.11  0.18  0.01  0.01  0.0   0.01  0.11  0.01  0.01  0.0   0.0   0.01  
84    I     0.01  0.01  0.01  0.01  0.0   0.01  0.01  0.01  0.0   0.44  0.01  0.01  0.0   0.01  0.01  0.01  0.01  0.0   0.0   0.44  
85    P     0.11  0.01  0.01  0.17  0.0   0.14  0.09  0.01  0.0   0.01  0.01  0.09  0.0   0.01  0.31  0.01  0.01  0.0   0.0   0.01  
86    F     0.01  0.01  0.01  0.01  0.0   0.01  0.01  0.01  0.0   0.14  0.12  0.01  0.0   0.62  0.01  0.01  0.01  0.0   0.0   0.01  
87    H     0.24  0.01  0.01  0.2   0.0   0.01  0.01  0.01  0.09  0.01  0.01  0.01  0.0   0.01  0.24  0.01  0.11  0.0   0.0   0.01  
88    E     0.01  0.08  0.01  0.01  0.0   0.01  0.34  0.01  0.0   0.01  0.01  0.01  0.0   0.09  0.01  0.01  0.01  0.0   0.21  0.17  
89    A     0.43  0.01  0.01  0.26  0.0   0.01  0.1   0.02  0.01  0.01  0.02  0.01  0.01  0.01  0.01  0.02  0.01  0.0   0.01  0.02  
90    T     0.0   0.1   0.16  0.1   0.0   0.08  0.0   0.0   0.0   0.0   0.15  0.32  0.0   0.0   0.0   0.0   0.09  0.0   0.0   0.0   
91    D     0.0   0.0   0.31  0.53  0.08  0.0   0.0   0.08  0.0   0.0   0.0   0.0   0.0   0.0   0.0   0.0   0.0   0.0   0.0   0.0   
92    F     0.0   0.0   0.0   0.0   0.0   0.0   0.0   0.0   0.0   0.32  0.2   0.0   0.25  0.09  0.0   0.0   0.0   0.0   0.15  0.0   
93    L     0.0   0.08  0.08  0.1   0.0   0.0   0.13  0.0   0.0   0.42  0.09  0.0   0.0   0.0   0.0   0.0   0.0   0.0   0.0   0.1   
94    F     0.0   0.0   0.0   0.0   0.0   0.0   0.0   0.0   0.0   0.0   0.2   0.0   0.0   0.8   0.0   0.0   0.0   0.0   0.0   0.0   
95    L     0.0   0.13  0.0   0.11  0.0   0.0   0.0   0.0   0.52  0.0   0.09  0.0   0.0   0.0   0.0   0.0   0.15  0.0   0.0   0.0   
96    Q     0.01  0.11  0.19  0.01  0.0   0.1   0.01  0.01  0.0   0.01  0.01  0.01  0.0   0.01  0.2   0.01  0.15  0.0   0.01  0.14  
97    K     0.08  0.19  0.0   0.11  0.0   0.0   0.14  0.08  0.0   0.0   0.01  0.2   0.0   0.0   0.0   0.01  0.15  0.0   0.0   0.01  
98    E     0.0   0.0   0.22  0.21  0.0   0.0   0.17  0.0   0.0   0.1   0.0   0.1   0.0   0.0   0.11  0.0   0.09  0.0   0.0   0.0   
99    L     0.24  0.01  0.09  0.01  0.0   0.01  0.01  0.01  0.0   0.01  0.25  0.01  0.09  0.09  0.01  0.01  0.01  0.0   0.01  0.12  
100   L     0.0   0.0   0.0   0.15  0.0   0.0   0.0   0.0   0.0   0.0   0.72  0.0   0.0   0.0   0.0   0.0   0.0   0.0   0.0   0.13  
101   P     0.11  0.0   0.15  0.0   0.0   0.0   0.0   0.0   0.0   0.0   0.0   0.09  0.0   0.0   0.58  0.08  0.0   0.0   0.0   0.0   
102   K     0.0   0.19  0.0   0.0   0.0   0.0   0.0   0.0   0.0   0.0   0.24  0.09  0.0   0.0   0.0   0.0   0.1   0.0   0.24  0.13  
103   H     0.0   0.0   0.0   0.0   0.0   0.0   0.0   0.0   1.0   0.0   0.0   0.0   0.0   0.0   0.0   0.0   0.0   0.0   0.0   0.0   
104   S     0.1   0.0   0.0   0.0   0.0   0.11  0.32  0.0   0.0   0.0   0.0   0.0   0.0   0.0   0.38  0.09  0.0   0.0   0.0   0.0   
105   N     0.0   0.0   1.0   0.0   0.0   0.0   0.0   0.0   0.0   0.0   0.0   0.0   0.0   0.0   0.0   0.0   0.0   0.0   0.0   0.0   
106   G     0.11  0.0   0.0   0.0   0.0   0.0   0.0   0.61  0.0   0.0   0.0   0.0   0.0   0.0   0.0   0.15  0.13  0.0   0.0   0.0   
107   M     0.13  0.0   0.0   0.0   0.0   0.0   0.0   0.0   0.0   0.0   0.11  0.0   0.61  0.0   0.0   0.0   0.0   0.0   0.0   0.15  
108   R     0.0   0.25  0.0   0.0   0.0   0.08  0.0   0.0   0.0   0.11  0.0   0.28  0.0   0.0   0.0   0.0   0.29  0.0   0.0   0.0   
109   F     0.0   0.0   0.0   0.0   0.0   0.0   0.0   0.0   0.0   0.6   0.21  0.0   0.0   0.19  0.0   0.0   0.0   0.0   0.0   0.0   
110   S     0.0   0.0   0.0   0.0   0.0   0.0   0.0   0.0   0.08  0.0   0.0   0.11  0.0   0.0   0.0   0.09  0.48  0.1   0.0   0.15  
111   A     0.72  0.0   0.0   0.0   0.0   0.0   0.0   0.0   0.0   0.13  0.0   0.0   0.0   0.15  0.0   0.0   0.0   0.0   0.0   0.0   
112   F     0.1   0.0   0.0   0.0   0.0   0.0   0.0   0.0   0.0   0.0   0.16  0.0   0.0   0.2   0.0   0.28  0.0   0.08  0.17  0.0   
113   D     0.08  0.0   0.19  0.41  0.0   0.0   0.0   0.1   0.0   0.0   0.0   0.08  0.0   0.0   0.0   0.0   0.0   0.0   0.15  0.0   
114   G     0.21  0.0   0.0   0.0   0.0   0.0   0.22  0.33  0.0   0.0   0.0   0.0   0.0   0.0   0.25  0.0   0.0   0.0   0.0   0.0   
115   N     0.0   0.0   0.32  0.15  0.0   0.08  0.1   0.0   0.1   0.0   0.0   0.24  0.0   0.0   0.0   0.0   0.0   0.0   0.0   0.0   
116   A     0.1   0.09  0.12  0.01  0.0   0.01  0.09  0.49  0.0   0.01  0.01  0.01  0.0   0.01  0.01  0.01  0.01  0.0   0.0   0.01  
117   N     0.1   0.1   0.09  0.0   0.0   0.0   0.55  0.0   0.0   0.0   0.0   0.08  0.0   0.0   0.0   0.0   0.09  0.0   0.0   0.0   
118   L     0.0   0.0   0.0   0.0   0.0   0.0   0.33  0.0   0.0   0.0   0.3   0.0   0.0   0.0   0.0   0.0   0.0   0.0   0.0   0.37  
119   L     0.01  0.01  0.01  0.01  0.0   0.01  0.15  0.01  0.0   0.01  0.48  0.01  0.0   0.01  0.01  0.01  0.01  0.0   0.0   0.26  
120   I     0.12  0.01  0.01  0.01  0.0   0.01  0.01  0.02  0.0   0.1   0.12  0.12  0.0   0.01  0.01  0.02  0.01  0.0   0.39  0.01  
121   E     0.01  0.09  0.01  0.01  0.0   0.01  0.34  0.01  0.0   0.01  0.01  0.01  0.0   0.01  0.01  0.25  0.21  0.0   0.0   0.01  
122   Q     0.0   0.0   0.0   0.0   0.0   0.25  0.21  0.0   0.0   0.0   0.13  0.26  0.0   0.0   0.0   0.0   0.0   0.0   0.0   0.15  
123   V     0.0   0.0   0.0   0.0   0.0   0.0   0.0   0.0   0.0   0.15  0.0   0.0   0.0   0.0   0.0   0.0   0.77  0.0   0.0   0.09  
124   Y     0.0   0.0   0.0   0.0   0.0   0.0   0.0   0.28  0.0   0.0   0.0   0.0   0.0   0.0   0.0   0.0   0.0   0.0   0.72  0.0   
125   Y     0.0   0.0   0.0   0.0   0.0   0.0   0.0   0.0   0.0   0.13  0.0   0.0   0.0   0.1   0.0   0.15  0.0   0.0   0.62  0.0   
126   S     0.0   0.0   0.0   0.0   0.0   0.0   0.0   0.0   0.0   0.0   0.0   0.0   0.0   0.0   0.0   1.0   0.0   0.0   0.0   0.0   
127   I     0.0   0.0   0.0   0.0   0.0   0.0   0.0   0.0   0.0   0.61  0.0   0.0   0.0   0.0   0.0   0.0   0.0   0.0   0.0   0.39  
128   G     0.0   0.0   0.0   0.0   0.0   0.0   0.0   1.0   0.0   0.0   0.0   0.0   0.0   0.0   0.0   0.0   0.0   0.0   0.0   0.0   
129   G     0.0   0.0   0.0   0.0   0.0   0.0   0.0   1.0   0.0   0.0   0.0   0.0   0.0   0.0   0.0   0.0   0.0   0.0   0.0   0.0   
130   G     0.0   0.0   0.0   0.0   0.0   0.0   0.0   1.0   0.0   0.0   0.0   0.0   0.0   0.0   0.0   0.0   0.0   0.0   0.0   0.0   
131   F     0.0   0.0   0.0   0.0   0.0   0.0   0.0   0.0   0.0   0.0   0.0   0.17  0.0   0.83  0.0   0.0   0.0   0.0   0.0   0.0   
132   I     0.0   0.0   0.0   0.0   0.0   0.0   0.0   0.0   0.0   0.76  0.0   0.0   0.0   0.0   0.0   0.0   0.0   0.0   0.0   0.24  
133   T     0.0   0.0   0.0   0.0   0.0   0.0   0.17  0.0   0.0   0.0   0.0   0.0   0.0   0.0   0.0   0.0   0.1   0.0   0.13  0.6   
134   T     0.0   0.0   0.0   0.38  0.0   0.0   0.09  0.0   0.0   0.17  0.0   0.0   0.0   0.0   0.0   0.0   0.35  0.0   0.0   0.0   
135   E     0.0   0.0   0.0   0.0   0.0   0.0   0.83  0.0   0.0   0.0   0.0   0.0   0.0   0.0   0.0   0.0   0.17  0.0   0.0   0.0   
136   E     0.1   0.0   0.0   0.11  0.0   0.12  0.55  0.0   0.0   0.0   0.0   0.13  0.0   0.0   0.0   0.0   0.0   0.0   0.0   0.0   
137   D     0.16  0.0   0.0   0.15  0.0   0.0   0.18  0.0   0.51  0.0   0.0   0.0   0.0   0.0   0.0   0.0   0.0   0.0   0.0   0.0   
138   F     0.0   0.0   0.0   0.0   0.0   0.0   0.0   0.0   0.0   0.0   0.18  0.0   0.0   0.66  0.0   0.0   0.0   0.0   0.0   0.16  
139   D     0.0   0.0   0.0   0.33  0.0   0.0   0.0   0.67  0.0   0.0   0.0   0.0   0.0   0.0   0.0   0.0   0.0   0.0   0.0   0.0   
140   K     0.0   0.0   0.0   0.0   0.0   0.45  0.0   0.0   0.0   0.0   0.0   0.55  0.0   0.0   0.0   0.0   0.0   0.0   0.0   0.0   
