             A     R     N     D     C     Q     E     G     H     I     L     K     M     F     P     S     T     W     Y     V
1     T     0.0   0.0   0.0   0.0   0.0   0.0   0.0   0.0   0.0   0.0   0.0   0.0   0.0   0.0   0.0   0.0   1.0   0.0   0.0   0.0   
2     L     0.0   0.0   0.0   0.0   0.0   0.0   0.0   0.0   0.0   0.0   1.0   0.0   0.0   0.0   0.0   0.0   0.0   0.0   0.0   0.0   
3     P     0.0   0.0   0.0   0.0   0.0   0.0   0.0   0.0   0.0   0.0   0.0   0.0   0.0   0.0   1.0   0.0   0.0   0.0   0.0   0.0   
4     G     0.0   0.0   0.0   0.0   0.0   0.0   0.0   1.0   0.0   0.0   0.0   0.0   0.0   0.0   0.0   0.0   0.0   0.0   0.0   0.0   
5     T     0.0   0.0   0.0   0.0   0.0   0.0   0.0   0.0   0.0   0.0   0.0   0.0   0.0   0.0   0.0   0.0   1.0   0.0   0.0   0.0   
6     T     0.0   0.0   0.0   0.0   0.0   0.0   0.0   0.0   0.0   0.0   0.0   0.0   0.0   0.0   0.0   0.0   1.0   0.0   0.0   0.0   
7     P     0.0   0.0   0.0   0.0   0.0   0.0   0.0   0.0   0.0   0.0   0.5   0.0   0.0   0.0   0.5   0.0   0.0   0.0   0.0   0.0   
8     P     0.0   0.0   0.0   0.0   0.0   0.0   0.0   0.0   0.0   0.0   0.0   0.0   0.0   0.0   1.0   0.0   0.0   0.0   0.0   0.0   
9     D     0.0   0.0   0.0   1.0   0.0   0.0   0.0   0.0   0.0   0.0   0.0   0.0   0.0   0.0   0.0   0.0   0.0   0.0   0.0   0.0   
10    D     0.0   0.0   0.0   1.0   0.0   0.0   0.0   0.0   0.0   0.0   0.0   0.0   0.0   0.0   0.0   0.0   0.0   0.0   0.0   0.0   
11    N     0.0   0.0   1.0   0.0   0.0   0.0   0.0   0.0   0.0   0.0   0.0   0.0   0.0   0.0   0.0   0.0   0.0   0.0   0.0   0.0   
12    H     0.0   0.0   0.0   0.0   0.0   0.0   0.0   0.0   1.0   0.0   0.0   0.0   0.0   0.0   0.0   0.0   0.0   0.0   0.0   0.0   
13    D     0.0   0.0   0.0   1.0   0.0   0.0   0.0   0.0   0.0   0.0   0.0   0.0   0.0   0.0   0.0   0.0   0.0   0.0   0.0   0.0   
14    R     0.0   1.0   0.0   0.0   0.0   0.0   0.0   0.0   0.0   0.0   0.0   0.0   0.0   0.0   0.0   0.0   0.0   0.0   0.0   0.0   
15    P     0.0   0.0   0.0   0.0   0.0   0.0   0.0   0.0   0.0   0.0   0.0   0.0   0.0   0.0   1.0   0.0   0.0   0.0   0.0   0.0   
16    W     0.0   0.0   0.0   0.0   0.0   0.0   0.0   0.0   0.0   0.0   0.0   0.0   0.0   0.0   0.0   0.0   0.38  0.62  0.0   0.0   
17    W     0.0   0.21  0.0   0.0   0.0   0.0   0.0   0.0   0.0   0.0   0.0   0.0   0.0   0.0   0.0   0.0   0.0   0.79  0.0   0.0   
18    G     0.0   0.0   0.0   0.0   0.0   0.0   0.0   1.0   0.0   0.0   0.0   0.0   0.0   0.0   0.0   0.0   0.0   0.0   0.0   0.0   
19    L     0.0   0.0   0.0   0.0   0.0   0.0   0.0   0.0   0.0   0.0   1.0   0.0   0.0   0.0   0.0   0.0   0.0   0.0   0.0   0.0   
20    P     0.0   0.0   0.0   0.0   0.0   0.4   0.0   0.0   0.0   0.0   0.0   0.23  0.0   0.0   0.37  0.0   0.0   0.0   0.0   0.0   
21    C     0.0   0.63  0.0   0.0   0.37  0.0   0.0   0.0   0.0   0.0   0.0   0.0   0.0   0.0   0.0   0.0   0.0   0.0   0.0   0.0   
22    T     0.0   0.0   0.0   0.42  0.0   0.0   0.21  0.0   0.0   0.0   0.0   0.0   0.0   0.0   0.0   0.0   0.37  0.0   0.0   0.0   
23    V     0.0   0.0   0.0   0.0   0.0   0.0   0.0   0.0   0.0   0.63  0.0   0.0   0.0   0.0   0.0   0.0   0.0   0.0   0.0   0.37  
24    T     0.0   0.0   0.0   0.0   0.0   0.0   0.0   0.0   0.0   0.0   0.0   0.0   0.0   0.0   0.0   0.0   1.0   0.0   0.0   0.0   
25    P     0.0   0.0   0.0   0.0   0.0   0.0   0.0   0.0   0.0   0.0   0.21  0.0   0.0   0.0   0.79  0.0   0.0   0.0   0.0   0.0   
26    C     0.0   0.4   0.0   0.0   0.6   0.0   0.0   0.0   0.0   0.0   0.0   0.0   0.0   0.0   0.0   0.0   0.0   0.0   0.0   0.0   
27    F     0.0   0.0   0.0   0.0   0.0   0.0   0.0   0.0   0.0   0.0   0.4   0.0   0.0   0.6   0.0   0.0   0.0   0.0   0.0   0.0   
28    G     0.0   0.0   0.0   0.0   0.0   0.0   0.0   1.0   0.0   0.0   0.0   0.0   0.0   0.0   0.0   0.0   0.0   0.0   0.0   0.0   
29    A     1.0   0.0   0.0   0.0   0.0   0.0   0.0   0.0   0.0   0.0   0.0   0.0   0.0   0.0   0.0   0.0   0.0   0.0   0.0   0.0   
30    R     0.0   1.0   0.0   0.0   0.0   0.0   0.0   0.0   0.0   0.0   0.0   0.0   0.0   0.0   0.0   0.0   0.0   0.0   0.0   0.0   
31    L     0.0   0.0   0.0   0.0   0.0   0.0   0.0   0.0   0.0   0.0   1.0   0.0   0.0   0.0   0.0   0.0   0.0   0.0   0.0   0.0   
32    V     0.0   0.0   0.0   0.0   0.0   0.0   0.0   0.0   0.0   0.0   0.0   0.0   0.0   0.0   0.0   0.0   0.0   0.0   0.0   1.0   
33    Q     0.0   0.0   0.0   0.0   0.0   1.0   0.0   0.0   0.0   0.0   0.0   0.0   0.0   0.0   0.0   0.0   0.0   0.0   0.0   0.0   
34    E     0.0   0.0   0.0   0.0   0.0   0.0   1.0   0.0   0.0   0.0   0.0   0.0   0.0   0.0   0.0   0.0   0.0   0.0   0.0   0.0   
35    G     0.0   0.0   0.0   0.0   0.0   0.0   0.0   1.0   0.0   0.0   0.0   0.0   0.0   0.0   0.0   0.0   0.0   0.0   0.0   0.0   
36    N     0.0   0.0   0.77  0.0   0.0   0.0   0.0   0.0   0.23  0.0   0.0   0.0   0.0   0.0   0.0   0.0   0.0   0.0   0.0   0.0   
37    R     0.0   0.8   0.0   0.0   0.0   0.2   0.0   0.0   0.0   0.0   0.0   0.0   0.0   0.0   0.0   0.0   0.0   0.0   0.0   0.0   
38    L     0.0   0.0   0.0   0.0   0.0   0.0   0.0   0.0   0.0   0.0   1.0   0.0   0.0   0.0   0.0   0.0   0.0   0.0   0.0   0.0   
39    H     0.0   0.0   0.0   0.0   0.0   0.0   0.0   0.0   1.0   0.0   0.0   0.0   0.0   0.0   0.0   0.0   0.0   0.0   0.0   0.0   
40    Y     0.0   0.0   0.0   0.0   0.0   0.0   0.0   0.0   0.0   0.0   0.0   0.0   0.0   0.23  0.0   0.0   0.0   0.0   0.77  0.0   
41    L     0.0   0.0   0.0   0.0   0.0   0.0   0.0   0.0   0.0   0.0   1.0   0.0   0.0   0.0   0.0   0.0   0.0   0.0   0.0   0.0   
42    A     1.0   0.0   0.0   0.0   0.0   0.0   0.0   0.0   0.0   0.0   0.0   0.0   0.0   0.0   0.0   0.0   0.0   0.0   0.0   0.0   
43    D     0.0   0.0   0.0   1.0   0.0   0.0   0.0   0.0   0.0   0.0   0.0   0.0   0.0   0.0   0.0   0.0   0.0   0.0   0.0   0.0   
44    R     0.0   1.0   0.0   0.0   0.0   0.0   0.0   0.0   0.0   0.0   0.0   0.0   0.0   0.0   0.0   0.0   0.0   0.0   0.0   0.0   
45    A     1.0   0.0   0.0   0.0   0.0   0.0   0.0   0.0   0.0   0.0   0.0   0.0   0.0   0.0   0.0   0.0   0.0   0.0   0.0   0.0   
46    G     0.0   0.0   0.0   0.0   0.0   0.0   0.0   0.6   0.0   0.0   0.0   0.0   0.0   0.0   0.0   0.4   0.0   0.0   0.0   0.0   
47    I     0.0   0.0   0.0   0.0   0.0   0.0   0.0   0.0   0.0   0.77  0.0   0.0   0.0   0.23  0.0   0.0   0.0   0.0   0.0   0.0   
48    R     0.0   0.37  0.0   0.0   0.0   0.0   0.0   0.0   0.0   0.0   0.0   0.0   0.0   0.0   0.0   0.0   0.63  0.0   0.0   0.0   
49    G     0.0   0.0   0.0   0.0   0.0   0.0   0.0   1.0   0.0   0.0   0.0   0.0   0.0   0.0   0.0   0.0   0.0   0.0   0.0   0.0   
50    R     0.0   0.18  0.0   0.0   0.0   0.0   0.0   0.0   0.0   0.0   0.19  0.4   0.0   0.0   0.0   0.23  0.0   0.0   0.0   0.0   
51    F     0.0   0.0   0.0   0.0   0.0   0.0   0.0   0.0   0.0   0.0   0.0   0.0   0.0   1.0   0.0   0.0   0.0   0.0   0.0   0.0   
52    S     0.0   0.0   0.0   0.0   0.0   0.0   0.0   0.0   0.0   0.0   0.0   0.0   0.0   0.0   0.0   1.0   0.0   0.0   0.0   0.0   
53    D     0.0   0.0   0.0   0.77  0.0   0.0   0.23  0.0   0.0   0.0   0.0   0.0   0.0   0.0   0.0   0.0   0.0   0.0   0.0   0.0   
54    V     0.39  0.0   0.0   0.0   0.0   0.0   0.0   0.0   0.0   0.21  0.0   0.0   0.0   0.0   0.0   0.0   0.0   0.0   0.0   0.41  
55    D     0.0   0.0   0.0   0.37  0.0   0.23  0.4   0.0   0.0   0.0   0.0   0.0   0.0   0.0   0.0   0.0   0.0   0.0   0.0   0.0   
56    A     0.37  0.0   0.0   0.0   0.4   0.0   0.0   0.0   0.0   0.0   0.0   0.0   0.0   0.0   0.0   0.0   0.23  0.0   0.0   0.0   
57    Y     0.0   0.21  0.0   0.0   0.0   0.0   0.0   0.0   0.0   0.0   0.23  0.0   0.0   0.0   0.2   0.0   0.0   0.0   0.37  0.0   
58    H     0.0   0.0   0.0   0.0   0.0   0.23  0.0   0.0   0.37  0.0   0.0   0.4   0.0   0.0   0.0   0.0   0.0   0.0   0.0   0.0   
59    L     0.0   0.0   0.0   0.0   0.0   0.0   0.0   0.0   0.0   0.0   1.0   0.0   0.0   0.0   0.0   0.0   0.0   0.0   0.0   0.0   
60    D     0.0   0.0   0.0   1.0   0.0   0.0   0.0   0.0   0.0   0.0   0.0   0.0   0.0   0.0   0.0   0.0   0.0   0.0   0.0   0.0   
61    Q     0.0   0.0   0.0   0.0   0.0   0.37  0.43  0.0   0.0   0.0   0.0   0.0   0.0   0.0   0.0   0.0   0.0   0.0   0.0   0.2   
62    A     0.6   0.0   0.0   0.0   0.0   0.0   0.0   0.0   0.0   0.0   0.0   0.0   0.0   0.0   0.0   0.0   0.21  0.0   0.0   0.2   
63    F     0.0   0.0   0.0   0.0   0.0   0.0   0.0   0.0   0.0   0.0   0.0   0.0   0.0   1.0   0.0   0.0   0.0   0.0   0.0   0.0   
64    P     0.0   0.0   0.0   0.0   0.0   0.0   0.0   0.0   0.0   0.0   0.0   0.0   0.0   0.0   1.0   0.0   0.0   0.0   0.0   0.0   
65    L     0.0   0.0   0.0   0.0   0.0   0.0   0.0   0.0   0.63  0.0   0.37  0.0   0.0   0.0   0.0   0.0   0.0   0.0   0.0   0.0   
66    L     0.0   0.0   0.0   0.0   0.0   0.0   0.0   0.0   0.0   0.0   0.37  0.0   0.0   0.63  0.0   0.0   0.0   0.0   0.0   0.0   
67    M     0.0   0.0   0.0   0.0   0.0   0.0   0.0   0.0   0.0   0.4   0.0   0.0   0.37  0.0   0.0   0.0   0.0   0.0   0.0   0.23  
68    K     0.23  0.0   0.0   0.0   0.0   0.0   0.0   0.0   0.0   0.0   0.21  0.37  0.0   0.0   0.0   0.2   0.0   0.0   0.0   0.0   
69    Q     0.0   0.0   0.0   0.0   0.0   0.77  0.0   0.0   0.23  0.0   0.0   0.0   0.0   0.0   0.0   0.0   0.0   0.0   0.0   0.0   
70    L     0.0   0.0   0.0   0.0   0.0   0.0   0.0   0.0   0.0   0.2   0.6   0.0   0.21  0.0   0.0   0.0   0.0   0.0   0.0   0.0   
71    E     0.0   0.0   0.0   0.0   0.0   0.0   1.0   0.0   0.0   0.0   0.0   0.0   0.0   0.0   0.0   0.0   0.0   0.0   0.0   0.0   
72    L     0.0   0.0   0.0   0.0   0.0   0.0   0.0   0.0   0.0   0.0   0.6   0.0   0.0   0.0   0.0   0.4   0.0   0.0   0.0   0.0   
73    M     0.0   0.0   0.0   0.0   0.0   0.0   0.0   0.0   0.0   0.0   0.0   0.0   1.0   0.0   0.0   0.0   0.0   0.0   0.0   0.0   
74    L     0.0   0.0   0.0   0.0   0.0   0.0   0.0   0.0   0.0   0.0   1.0   0.0   0.0   0.0   0.0   0.0   0.0   0.0   0.0   0.0   
75    T     0.0   0.0   0.0   0.0   0.0   0.0   0.0   0.0   0.0   0.0   0.23  0.0   0.0   0.0   0.0   0.0   0.77  0.0   0.0   0.0   
76    G     0.0   0.0   0.0   0.0   0.0   0.0   0.0   0.18  0.0   0.0   0.0   0.0   0.0   0.0   0.0   0.42  0.4   0.0   0.0   0.0   
77    G     0.0   0.0   0.0   0.0   0.23  0.0   0.0   0.77  0.0   0.0   0.0   0.0   0.0   0.0   0.0   0.0   0.0   0.0   0.0   0.0   
78    E     0.0   0.0   0.0   0.0   0.0   0.0   1.0   0.0   0.0   0.0   0.0   0.0   0.0   0.0   0.0   0.0   0.0   0.0   0.0   0.0   
79    L     0.0   0.0   0.0   0.0   0.0   0.0   0.0   0.0   0.0   0.0   1.0   0.0   0.0   0.0   0.0   0.0   0.0   0.0   0.0   0.0   
80    N     0.0   0.0   0.79  0.0   0.0   0.0   0.0   0.0   0.0   0.0   0.0   0.0   0.0   0.0   0.0   0.21  0.0   0.0   0.0   0.0   
81    P     0.0   0.0   0.0   0.0   0.0   0.0   0.0   0.0   0.0   0.0   0.0   0.0   0.0   0.0   1.0   0.0   0.0   0.0   0.0   0.0   
82    R     0.0   0.79  0.0   0.0   0.0   0.0   0.0   0.0   0.21  0.0   0.0   0.0   0.0   0.0   0.0   0.0   0.0   0.0   0.0   0.0   
83    H     0.0   0.0   0.0   0.0   0.0   0.0   0.0   0.0   0.77  0.0   0.0   0.0   0.0   0.0   0.0   0.0   0.0   0.0   0.23  0.0   
84    Q     0.63  0.0   0.0   0.0   0.0   0.37  0.0   0.0   0.0   0.0   0.0   0.0   0.0   0.0   0.0   0.0   0.0   0.0   0.0   0.0   
85    H     0.0   0.0   0.0   0.0   0.0   0.2   0.0   0.0   0.8   0.0   0.0   0.0   0.0   0.0   0.0   0.0   0.0   0.0   0.0   0.0   
86    T     0.0   0.0   0.0   0.0   0.63  0.0   0.0   0.0   0.0   0.0   0.0   0.0   0.0   0.0   0.0   0.0   0.37  0.0   0.0   0.0   
87    V     0.0   0.0   0.0   0.0   0.0   0.0   0.0   0.0   0.0   0.0   0.0   0.0   0.0   0.0   0.0   0.0   0.0   0.0   0.0   1.0   
88    T     0.0   0.0   0.0   0.0   0.0   0.0   0.0   0.0   0.0   0.0   0.0   0.0   0.0   0.0   0.0   0.0   1.0   0.0   0.0   0.0   
89    L     0.0   0.0   0.0   0.0   0.0   0.0   0.0   0.0   0.0   0.0   1.0   0.0   0.0   0.0   0.0   0.0   0.0   0.0   0.0   0.0   
90    Y     0.0   0.0   0.0   0.0   0.0   0.0   0.0   0.0   0.0   0.0   0.0   0.0   0.0   0.0   0.0   0.0   0.0   0.0   1.0   0.0   
91    A     0.37  0.23  0.0   0.0   0.0   0.0   0.0   0.0   0.4   0.0   0.0   0.0   0.0   0.0   0.0   0.0   0.0   0.0   0.0   0.0   
92    K     0.0   0.0   0.63  0.0   0.0   0.0   0.0   0.0   0.0   0.0   0.0   0.37  0.0   0.0   0.0   0.0   0.0   0.0   0.0   0.0   
93    G     0.0   0.0   0.0   0.21  0.0   0.0   0.0   0.79  0.0   0.0   0.0   0.0   0.0   0.0   0.0   0.0   0.0   0.0   0.0   0.0   
94    L     0.0   0.0   0.0   0.0   0.0   0.0   0.0   0.0   0.0   0.0   0.8   0.0   0.0   0.2   0.0   0.0   0.0   0.0   0.0   0.0   
95    T     0.0   0.0   0.0   0.0   0.0   0.0   0.0   0.0   0.0   0.0   0.0   0.0   0.0   0.0   0.0   0.0   1.0   0.0   0.0   0.0   
96    C     0.0   0.0   0.0   0.0   0.77  0.0   0.0   0.23  0.0   0.0   0.0   0.0   0.0   0.0   0.0   0.0   0.0   0.0   0.0   0.0   
97    E     0.0   0.0   0.0   0.0   0.0   0.0   0.81  0.0   0.0   0.0   0.0   0.19  0.0   0.0   0.0   0.0   0.0   0.0   0.0   0.0   
98    A     1.0   0.0   0.0   0.0   0.0   0.0   0.0   0.0   0.0   0.0   0.0   0.0   0.0   0.0   0.0   0.0   0.0   0.0   0.0   0.0   
99    D     0.0   0.0   0.0   1.0   0.0   0.0   0.0   0.0   0.0   0.0   0.0   0.0   0.0   0.0   0.0   0.0   0.0   0.0   0.0   0.0   
100   T     0.0   0.0   0.0   0.0   0.0   0.0   0.0   0.0   0.0   0.0   0.0   0.0   0.0   0.0   0.0   0.0   1.0   0.0   0.0   0.0   
101   L     0.0   0.0   0.0   0.0   0.0   0.0   0.0   0.0   0.0   0.0   1.0   0.0   0.0   0.0   0.0   0.0   0.0   0.0   0.0   0.0   
102   G     0.0   0.0   0.0   0.0   0.0   0.0   0.0   0.81  0.0   0.0   0.0   0.0   0.0   0.0   0.0   0.19  0.0   0.0   0.0   0.0   
103   S     0.0   0.0   0.0   0.0   0.0   0.0   0.0   0.0   0.0   0.0   0.0   0.0   0.0   0.0   0.0   1.0   0.0   0.0   0.0   0.0   
104   C     0.0   0.0   0.0   0.0   0.77  0.0   0.0   0.0   0.23  0.0   0.0   0.0   0.0   0.0   0.0   0.0   0.0   0.0   0.0   0.0   
105   G     0.0   0.0   0.0   0.19  0.0   0.0   0.0   0.81  0.0   0.0   0.0   0.0   0.0   0.0   0.0   0.0   0.0   0.0   0.0   0.0   
106   Y     0.0   0.0   0.0   0.0   0.0   0.0   0.0   0.0   0.0   0.0   0.0   0.0   0.0   0.0   0.0   0.0   0.0   0.0   1.0   0.0   
107   V     0.0   0.0   0.0   0.0   0.0   0.0   0.0   0.0   0.0   0.0   0.0   0.0   0.0   0.0   0.0   0.0   0.0   0.0   0.0   1.0   
108   Y     0.0   0.0   0.0   0.0   0.0   0.0   0.0   0.0   0.0   0.0   0.0   0.0   0.0   0.0   0.0   0.0   0.0   0.0   1.0   0.0   
109   L     0.0   0.0   0.0   0.0   0.0   0.0   0.0   0.0   0.0   0.63  0.37  0.0   0.0   0.0   0.0   0.0   0.0   0.0   0.0   0.0   
110   A     1.0   0.0   0.0   0.0   0.0   0.0   0.0   0.0   0.0   0.0   0.0   0.0   0.0   0.0   0.0   0.0   0.0   0.0   0.0   0.0   
111   V     0.0   0.0   0.0   0.0   0.0   0.0   0.0   0.0   0.0   0.43  0.0   0.0   0.0   0.0   0.0   0.0   0.0   0.0   0.0   0.57  
112   Y     0.0   0.0   0.0   0.0   0.0   0.0   0.0   0.0   0.0   0.0   0.0   0.0   0.0   0.0   0.0   0.0   0.0   0.0   1.0   0.0   
113   P     0.0   0.0   0.0   0.0   0.0   0.0   0.0   0.0   0.0   0.0   0.0   0.0   0.0   0.0   1.0   0.0   0.0   0.0   0.0   0.0   
114   T     0.0   0.0   0.0   0.0   0.0   0.0   0.0   0.0   0.0   0.0   0.0   0.0   0.0   0.0   0.0   0.0   1.0   0.0   0.0   0.0   
115   P     0.0   0.0   0.0   0.0   0.0   0.0   0.0   0.0   0.0   0.0   0.0   0.0   0.0   0.0   1.0   0.0   0.0   0.0   0.0   0.0   
116   A     0.0   0.0   0.0   0.0   0.0   0.0   0.0   0.0   0.0   0.0   0.0   0.0   0.0   0.0   0.0   0.0   0.0   0.0   0.0   0.0   
117   A     0.0   0.0   0.0   0.0   0.0   0.0   0.0   0.0   0.0   0.0   0.0   0.0   0.0   0.0   0.0   0.0   0.0   0.0   0.0   0.0   
