             A     R     N     D     C     Q     E     G     H     I     L     K     M     F     P     S     T     W     Y     V
1     M     0.0   0.0   0.0   0.0   0.0   0.0   0.0   0.0   0.0   0.0   0.0   0.0   1.0   0.0   0.0   0.0   0.0   0.0   0.0   0.0   
2     D     0.0   0.0   0.42  0.38  0.0   0.0   0.2   0.0   0.0   0.0   0.0   0.0   0.0   0.0   0.0   0.0   0.0   0.0   0.0   0.0   
3     V     0.41  0.0   0.0   0.0   0.0   0.0   0.0   0.14  0.0   0.33  0.0   0.0   0.0   0.0   0.0   0.0   0.0   0.0   0.0   0.11  
4     E     0.0   0.0   0.1   0.0   0.0   0.24  0.34  0.0   0.0   0.0   0.0   0.21  0.0   0.0   0.0   0.0   0.11  0.0   0.0   0.0   
5     K     0.0   0.0   0.0   0.0   0.0   0.0   0.21  0.0   0.0   0.0   0.0   0.47  0.0   0.0   0.21  0.0   0.11  0.0   0.0   0.0   
6     L     0.13  0.14  0.0   0.0   0.0   0.0   0.0   0.0   0.0   0.23  0.28  0.0   0.0   0.11  0.0   0.0   0.11  0.0   0.0   0.0   
7     R     0.0   0.07  0.0   0.11  0.0   0.0   0.0   0.12  0.0   0.13  0.28  0.2   0.0   0.0   0.0   0.0   0.0   0.0   0.0   0.09  
8     Q     0.08  0.32  0.0   0.0   0.0   0.13  0.29  0.0   0.0   0.0   0.0   0.0   0.0   0.0   0.0   0.08  0.11  0.0   0.0   0.0   
9     L     0.17  0.16  0.09  0.0   0.18  0.0   0.16  0.0   0.0   0.0   0.06  0.11  0.0   0.0   0.0   0.0   0.0   0.0   0.0   0.08  
10    Y     0.0   0.22  0.0   0.0   0.0   0.0   0.0   0.0   0.0   0.0   0.22  0.08  0.0   0.11  0.0   0.0   0.0   0.0   0.37  0.0   
11    A     0.25  0.12  0.0   0.0   0.0   0.0   0.06  0.0   0.09  0.0   0.07  0.0   0.0   0.13  0.0   0.11  0.16  0.0   0.0   0.0   
12    A     0.12  0.06  0.2   0.0   0.06  0.2   0.0   0.0   0.06  0.0   0.08  0.0   0.0   0.0   0.0   0.0   0.13  0.0   0.1   0.0   
13    G     0.06  0.0   0.0   0.07  0.0   0.05  0.0   0.7   0.0   0.0   0.05  0.0   0.0   0.0   0.0   0.07  0.0   0.0   0.0   0.0   
14    E     0.07  0.0   0.0   0.12  0.0   0.15  0.21  0.25  0.0   0.0   0.0   0.08  0.0   0.0   0.0   0.0   0.0   0.0   0.05  0.07  
15    R     0.0   0.24  0.04  0.0   0.14  0.04  0.03  0.0   0.0   0.05  0.04  0.12  0.0   0.0   0.0   0.06  0.13  0.0   0.05  0.04  
16    D     0.0   0.08  0.23  0.56  0.0   0.0   0.0   0.0   0.0   0.0   0.0   0.0   0.0   0.0   0.0   0.04  0.08  0.0   0.0   0.0   
17    F     0.0   0.0   0.0   0.0   0.0   0.0   0.0   0.07  0.0   0.1   0.39  0.0   0.0   0.44  0.0   0.0   0.0   0.0   0.0   0.0   
18    S     0.04  0.0   0.0   0.04  0.07  0.03  0.0   0.0   0.0   0.0   0.0   0.08  0.0   0.03  0.1   0.47  0.14  0.0   0.0   0.0   
19    I     0.0   0.1   0.07  0.1   0.0   0.0   0.1   0.24  0.18  0.02  0.0   0.05  0.0   0.03  0.0   0.07  0.04  0.0   0.0   0.0   
20    V     0.29  0.05  0.0   0.0   0.06  0.04  0.08  0.07  0.0   0.07  0.21  0.08  0.0   0.0   0.0   0.04  0.0   0.0   0.0   0.02  
21    D     0.02  0.05  0.16  0.53  0.0   0.0   0.04  0.0   0.09  0.0   0.0   0.0   0.0   0.0   0.0   0.08  0.05  0.0   0.0   0.0   
22    L     0.0   0.0   0.0   0.0   0.05  0.0   0.0   0.0   0.0   0.05  0.58  0.0   0.04  0.13  0.0   0.0   0.04  0.0   0.09  0.0   
23    R     0.0   0.3   0.04  0.0   0.0   0.08  0.14  0.0   0.0   0.0   0.0   0.05  0.0   0.0   0.0   0.25  0.09  0.0   0.0   0.04  
24    G     0.0   0.12  0.09  0.06  0.05  0.0   0.1   0.4   0.0   0.0   0.0   0.03  0.0   0.0   0.0   0.05  0.0   0.0   0.08  0.0   
25    A     0.3   0.0   0.0   0.0   0.05  0.03  0.0   0.06  0.0   0.17  0.11  0.0   0.0   0.0   0.0   0.11  0.0   0.0   0.0   0.13  
26    V     0.0   0.0   0.15  0.3   0.05  0.0   0.11  0.0   0.05  0.0   0.0   0.06  0.04  0.0   0.0   0.0   0.08  0.0   0.04  0.11  
27    L     0.0   0.0   0.0   0.04  0.0   0.0   0.0   0.06  0.0   0.0   0.62  0.0   0.0   0.22  0.0   0.0   0.0   0.0   0.0   0.05  
28    E     0.11  0.03  0.02  0.0   0.0   0.05  0.12  0.0   0.0   0.13  0.0   0.12  0.0   0.02  0.06  0.27  0.04  0.0   0.0   0.03  
29    N     0.0   0.1   0.06  0.03  0.0   0.02  0.03  0.46  0.03  0.0   0.03  0.12  0.0   0.0   0.04  0.03  0.0   0.0   0.03  0.0   
30    I     0.15  0.06  0.05  0.05  0.03  0.03  0.03  0.0   0.06  0.09  0.04  0.03  0.04  0.0   0.0   0.04  0.13  0.0   0.0   0.15  
31    N     0.0   0.08  0.31  0.35  0.03  0.0   0.03  0.0   0.0   0.0   0.0   0.07  0.0   0.03  0.0   0.0   0.0   0.0   0.0   0.09  
32    L     0.0   0.0   0.0   0.0   0.0   0.0   0.0   0.0   0.0   0.05  0.33  0.0   0.04  0.5   0.0   0.0   0.0   0.0   0.05  0.03  
33    S     0.04  0.23  0.0   0.0   0.0   0.03  0.08  0.0   0.0   0.06  0.04  0.13  0.0   0.0   0.05  0.24  0.05  0.0   0.05  0.0   
34    G     0.0   0.0   0.22  0.09  0.04  0.0   0.0   0.39  0.0   0.0   0.0   0.08  0.03  0.04  0.0   0.0   0.08  0.0   0.03  0.0   
35    A     0.21  0.0   0.0   0.0   0.19  0.0   0.09  0.06  0.0   0.03  0.08  0.03  0.0   0.0   0.0   0.14  0.03  0.0   0.0   0.14  
36    I     0.0   0.04  0.18  0.25  0.03  0.03  0.0   0.0   0.0   0.1   0.0   0.04  0.0   0.0   0.0   0.23  0.0   0.0   0.0   0.11  
37    L     0.04  0.0   0.0   0.0   0.03  0.0   0.0   0.0   0.03  0.0   0.46  0.0   0.0   0.3   0.0   0.05  0.0   0.05  0.04  0.0   
38    H     0.0   0.15  0.0   0.0   0.0   0.17  0.11  0.0   0.02  0.07  0.05  0.0   0.0   0.0   0.0   0.23  0.14  0.0   0.06  0.0   
39    G     0.0   0.19  0.14  0.05  0.0   0.07  0.0   0.21  0.0   0.0   0.0   0.06  0.0   0.03  0.0   0.11  0.05  0.0   0.07  0.0   
40    A     0.38  0.0   0.05  0.0   0.06  0.0   0.04  0.01  0.0   0.11  0.04  0.01  0.0   0.0   0.0   0.17  0.04  0.0   0.0   0.08  
41    M     0.0   0.03  0.32  0.15  0.0   0.1   0.0   0.0   0.03  0.04  0.05  0.0   0.02  0.08  0.0   0.14  0.0   0.0   0.0   0.0   
42    L     0.03  0.0   0.0   0.0   0.0   0.0   0.0   0.0   0.0   0.04  0.44  0.0   0.0   0.4   0.0   0.0   0.06  0.0   0.0   0.0   
43    D     0.05  0.13  0.0   0.1   0.0   0.2   0.06  0.0   0.0   0.03  0.0   0.06  0.0   0.0   0.0   0.2   0.17  0.0   0.0   0.0   
44    E     0.02  0.15  0.14  0.09  0.0   0.04  0.06  0.06  0.18  0.0   0.0   0.03  0.0   0.03  0.0   0.08  0.05  0.0   0.03  0.05  
45    A     0.41  0.06  0.0   0.0   0.04  0.0   0.03  0.0   0.0   0.04  0.13  0.0   0.0   0.05  0.0   0.05  0.07  0.0   0.0   0.12  
46    N     0.0   0.12  0.38  0.21  0.0   0.0   0.04  0.0   0.04  0.0   0.03  0.03  0.03  0.0   0.0   0.03  0.05  0.0   0.0   0.03  
47    L     0.0   0.0   0.0   0.0   0.04  0.0   0.0   0.0   0.0   0.05  0.49  0.0   0.04  0.32  0.0   0.06  0.0   0.0   0.0   0.0   
48    Q     0.0   0.07  0.0   0.04  0.06  0.09  0.08  0.06  0.0   0.03  0.03  0.09  0.0   0.05  0.05  0.09  0.2   0.0   0.04  0.0   
49    Q     0.03  0.0   0.03  0.23  0.15  0.11  0.13  0.14  0.03  0.0   0.0   0.09  0.02  0.0   0.0   0.03  0.0   0.0   0.0   0.0   
50    A     0.41  0.0   0.0   0.0   0.21  0.0   0.0   0.0   0.0   0.0   0.11  0.08  0.0   0.0   0.0   0.03  0.12  0.0   0.0   0.04  
51    N     0.0   0.09  0.24  0.22  0.0   0.03  0.13  0.0   0.0   0.08  0.03  0.03  0.03  0.0   0.0   0.03  0.08  0.0   0.02  0.0   
52    L     0.0   0.0   0.0   0.0   0.0   0.0   0.0   0.0   0.0   0.05  0.43  0.0   0.06  0.41  0.0   0.05  0.0   0.0   0.0   0.0   
53    S     0.03  0.18  0.07  0.0   0.0   0.04  0.17  0.05  0.0   0.0   0.0   0.05  0.0   0.03  0.0   0.2   0.17  0.0   0.0   0.0   
54    R     0.04  0.16  0.06  0.12  0.0   0.0   0.08  0.23  0.0   0.0   0.0   0.09  0.03  0.09  0.0   0.03  0.0   0.03  0.04  0.0   
55    A     0.42  0.06  0.05  0.0   0.19  0.0   0.05  0.0   0.0   0.0   0.0   0.0   0.0   0.0   0.0   0.1   0.0   0.0   0.0   0.13  
56    D     0.0   0.05  0.17  0.51  0.0   0.03  0.0   0.0   0.0   0.04  0.07  0.04  0.0   0.0   0.05  0.0   0.04  0.0   0.0   0.0   
57    L     0.03  0.0   0.0   0.0   0.0   0.0   0.0   0.0   0.0   0.06  0.55  0.0   0.12  0.24  0.0   0.0   0.0   0.0   0.0   0.0   
58    S     0.08  0.06  0.08  0.03  0.0   0.0   0.15  0.03  0.06  0.0   0.04  0.0   0.0   0.0   0.0   0.27  0.11  0.0   0.0   0.08  
59    G     0.0   0.0   0.11  0.04  0.09  0.0   0.06  0.32  0.03  0.0   0.0   0.08  0.06  0.0   0.0   0.09  0.09  0.0   0.03  0.0   
60    A     0.46  0.0   0.0   0.0   0.05  0.0   0.0   0.06  0.0   0.04  0.0   0.03  0.0   0.0   0.05  0.24  0.03  0.0   0.0   0.04  
61    T     0.0   0.04  0.1   0.29  0.0   0.04  0.08  0.0   0.0   0.08  0.05  0.1   0.0   0.0   0.0   0.05  0.08  0.0   0.0   0.1   
62    L     0.05  0.0   0.0   0.0   0.11  0.0   0.0   0.0   0.06  0.05  0.24  0.0   0.0   0.37  0.0   0.0   0.05  0.0   0.0   0.05  
63    N     0.0   0.15  0.14  0.18  0.0   0.08  0.06  0.0   0.06  0.03  0.0   0.11  0.03  0.0   0.0   0.14  0.0   0.0   0.0   0.0   
64    G     0.0   0.0   0.33  0.06  0.03  0.03  0.06  0.45  0.0   0.0   0.0   0.0   0.0   0.0   0.0   0.0   0.0   0.0   0.0   0.0   
65    A     0.44  0.06  0.0   0.0   0.09  0.0   0.03  0.0   0.0   0.03  0.08  0.0   0.0   0.02  0.0   0.09  0.08  0.0   0.0   0.08  
66    D     0.09  0.0   0.11  0.28  0.0   0.0   0.12  0.0   0.0   0.15  0.0   0.08  0.0   0.0   0.0   0.04  0.05  0.0   0.03  0.04  
67    L     0.0   0.0   0.0   0.0   0.0   0.0   0.0   0.06  0.0   0.12  0.56  0.0   0.04  0.21  0.0   0.0   0.0   0.0   0.0   0.0   
68    R     0.03  0.34  0.05  0.04  0.0   0.05  0.1   0.0   0.04  0.03  0.0   0.12  0.0   0.0   0.06  0.1   0.04  0.0   0.0   0.0   
69    G     0.0   0.06  0.15  0.04  0.05  0.0   0.11  0.18  0.06  0.0   0.07  0.09  0.0   0.05  0.06  0.0   0.03  0.05  0.0   0.0   
70    A     0.31  0.05  0.0   0.0   0.2   0.0   0.0   0.0   0.0   0.08  0.0   0.0   0.06  0.05  0.0   0.11  0.04  0.0   0.0   0.11  
71    N     0.05  0.1   0.27  0.27  0.0   0.05  0.06  0.0   0.0   0.0   0.0   0.07  0.0   0.0   0.0   0.0   0.06  0.0   0.0   0.07  
72    L     0.09  0.0   0.0   0.0   0.0   0.0   0.0   0.0   0.0   0.0   0.51  0.0   0.13  0.21  0.0   0.0   0.0   0.0   0.06  0.0   
73    S     0.04  0.09  0.06  0.0   0.0   0.08  0.12  0.0   0.07  0.05  0.03  0.03  0.03  0.0   0.0   0.21  0.09  0.05  0.03  0.03  
74    K     0.0   0.14  0.09  0.12  0.03  0.09  0.07  0.18  0.0   0.0   0.03  0.12  0.0   0.0   0.0   0.03  0.09  0.0   0.0   0.0   
75    A     0.44  0.0   0.0   0.0   0.05  0.0   0.05  0.06  0.0   0.04  0.0   0.0   0.0   0.0   0.04  0.15  0.05  0.0   0.0   0.11  
76    D     0.0   0.0   0.22  0.23  0.03  0.03  0.05  0.0   0.0   0.05  0.0   0.12  0.0   0.04  0.0   0.11  0.06  0.0   0.07  0.0   
77    L     0.1   0.0   0.0   0.0   0.0   0.0   0.0   0.11  0.0   0.06  0.29  0.0   0.04  0.34  0.0   0.0   0.0   0.0   0.0   0.03  
78    S     0.0   0.12  0.0   0.0   0.0   0.07  0.07  0.12  0.04  0.07  0.04  0.05  0.0   0.0   0.0   0.12  0.16  0.06  0.03  0.04  
79    D     0.05  0.0   0.03  0.19  0.0   0.0   0.14  0.22  0.09  0.0   0.0   0.12  0.0   0.0   0.0   0.06  0.0   0.0   0.1   0.0   
80    A     0.55  0.0   0.0   0.0   0.05  0.05  0.0   0.07  0.0   0.0   0.0   0.0   0.06  0.0   0.03  0.14  0.03  0.0   0.0   0.03  
81    I     0.0   0.0   0.26  0.14  0.0   0.0   0.03  0.0   0.0   0.06  0.11  0.03  0.0   0.03  0.0   0.15  0.13  0.0   0.0   0.05  
82    L     0.04  0.0   0.0   0.0   0.0   0.0   0.0   0.05  0.0   0.0   0.52  0.0   0.03  0.18  0.0   0.0   0.09  0.0   0.06  0.0   
83    D     0.1   0.1   0.05  0.02  0.0   0.14  0.14  0.0   0.0   0.0   0.01  0.09  0.03  0.0   0.04  0.08  0.17  0.0   0.0   0.03  
84    N     0.03  0.0   0.26  0.05  0.05  0.08  0.0   0.27  0.0   0.0   0.03  0.07  0.0   0.0   0.0   0.1   0.05  0.0   0.0   0.0   
85    A     0.22  0.1   0.0   0.05  0.13  0.05  0.01  0.01  0.0   0.01  0.01  0.04  0.03  0.0   0.05  0.01  0.07  0.0   0.0   0.21  
86    I     0.01  0.0   0.39  0.14  0.04  0.05  0.06  0.0   0.0   0.05  0.01  0.0   0.0   0.0   0.0   0.11  0.0   0.0   0.0   0.11  
87    L     0.15  0.0   0.0   0.0   0.03  0.0   0.0   0.0   0.0   0.05  0.45  0.0   0.03  0.15  0.0   0.07  0.04  0.0   0.0   0.0   
88    E     0.05  0.09  0.05  0.0   0.0   0.14  0.12  0.0   0.05  0.0   0.06  0.07  0.04  0.0   0.06  0.15  0.07  0.0   0.0   0.03  
89    G     0.0   0.05  0.04  0.14  0.05  0.06  0.0   0.34  0.1   0.0   0.0   0.05  0.04  0.0   0.0   0.03  0.08  0.0   0.0   0.0   
90    A     0.26  0.0   0.05  0.0   0.0   0.0   0.0   0.0   0.05  0.05  0.01  0.0   0.14  0.0   0.07  0.18  0.09  0.0   0.0   0.09  
91    I     0.0   0.0   0.25  0.07  0.0   0.05  0.0   0.0   0.0   0.13  0.1   0.03  0.05  0.03  0.0   0.07  0.04  0.03  0.0   0.14  
92    L     0.0   0.0   0.0   0.0   0.0   0.0   0.0   0.03  0.0   0.04  0.32  0.0   0.14  0.34  0.0   0.0   0.0   0.0   0.06  0.04  
93    D     0.0   0.06  0.04  0.21  0.17  0.03  0.14  0.0   0.0   0.07  0.03  0.0   0.0   0.0   0.02  0.03  0.09  0.0   0.04  0.04  
94    E     0.04  0.09  0.07  0.17  0.03  0.0   0.05  0.21  0.03  0.0   0.01  0.03  0.0   0.0   0.0   0.07  0.19  0.0   0.0   0.0   
95    A     0.41  0.06  0.0   0.0   0.11  0.0   0.0   0.0   0.0   0.0   0.01  0.0   0.03  0.05  0.0   0.09  0.04  0.0   0.0   0.17  
96    V     0.01  0.07  0.25  0.06  0.03  0.05  0.01  0.01  0.0   0.01  0.01  0.04  0.0   0.03  0.01  0.05  0.2   0.0   0.06  0.11  
97    L     0.07  0.01  0.0   0.01  0.0   0.0   0.01  0.01  0.0   0.14  0.55  0.01  0.09  0.08  0.01  0.01  0.01  0.0   0.0   0.01  
98    N     0.04  0.12  0.12  0.04  0.05  0.0   0.08  0.05  0.09  0.01  0.01  0.11  0.0   0.0   0.01  0.03  0.16  0.0   0.0   0.08  
99    Q     0.1   0.09  0.2   0.01  0.0   0.02  0.04  0.26  0.05  0.01  0.01  0.04  0.0   0.0   0.07  0.01  0.05  0.0   0.04  0.01  
100   A     0.3   0.0   0.0   0.0   0.11  0.0   0.05  0.01  0.0   0.05  0.07  0.0   0.05  0.0   0.0   0.09  0.13  0.0   0.0   0.12  
101   N     0.0   0.0   0.59  0.18  0.0   0.0   0.0   0.0   0.0   0.0   0.04  0.0   0.0   0.0   0.0   0.09  0.06  0.0   0.0   0.0   
102   L     0.0   0.0   0.0   0.0   0.0   0.0   0.0   0.0   0.0   0.18  0.56  0.0   0.0   0.22  0.0   0.0   0.0   0.0   0.0   0.0   
103   K     0.02  0.25  0.0   0.04  0.03  0.04  0.09  0.0   0.0   0.0   0.0   0.19  0.03  0.0   0.0   0.06  0.18  0.0   0.0   0.06  
104   A     0.02  0.05  0.03  0.04  0.0   0.05  0.05  0.43  0.06  0.0   0.0   0.0   0.0   0.05  0.0   0.0   0.05  0.0   0.11  0.05  
105   A     0.44  0.06  0.0   0.0   0.11  0.0   0.0   0.0   0.0   0.0   0.05  0.0   0.0   0.0   0.0   0.18  0.02  0.0   0.0   0.11  
106   N     0.0   0.0   0.45  0.4   0.04  0.0   0.0   0.0   0.0   0.0   0.0   0.0   0.0   0.0   0.0   0.0   0.04  0.0   0.0   0.07  
107   L     0.06  0.0   0.0   0.0   0.0   0.0   0.0   0.0   0.0   0.03  0.43  0.0   0.06  0.37  0.0   0.0   0.0   0.0   0.0   0.04  
108   E     0.0   0.1   0.0   0.0   0.0   0.04  0.2   0.0   0.0   0.05  0.0   0.04  0.0   0.0   0.11  0.14  0.22  0.0   0.04  0.03  
109   Q     0.0   0.07  0.14  0.0   0.0   0.1   0.07  0.13  0.04  0.0   0.06  0.11  0.06  0.03  0.06  0.05  0.08  0.0   0.0   0.0   
110   A     0.41  0.0   0.0   0.0   0.0   0.0   0.0   0.0   0.0   0.05  0.05  0.0   0.0   0.0   0.0   0.21  0.16  0.0   0.0   0.1   
111   I     0.02  0.07  0.06  0.12  0.0   0.08  0.0   0.0   0.03  0.06  0.07  0.04  0.0   0.0   0.0   0.09  0.05  0.0   0.06  0.24  
112   L     0.0   0.0   0.0   0.0   0.0   0.0   0.0   0.0   0.0   0.0   0.64  0.0   0.1   0.18  0.0   0.0   0.0   0.0   0.0   0.05  
113   S     0.04  0.1   0.07  0.0   0.0   0.07  0.11  0.11  0.0   0.03  0.03  0.04  0.0   0.0   0.0   0.19  0.2   0.0   0.0   0.0   
114   H     0.03  0.03  0.12  0.03  0.0   0.0   0.15  0.31  0.14  0.0   0.0   0.11  0.0   0.0   0.0   0.07  0.0   0.0   0.0   0.0   
115   A     0.3   0.06  0.03  0.0   0.17  0.0   0.0   0.0   0.0   0.03  0.0   0.0   0.0   0.05  0.04  0.16  0.0   0.0   0.0   0.17  
116   N     0.0   0.0   0.33  0.33  0.0   0.0   0.03  0.06  0.0   0.07  0.0   0.03  0.0   0.0   0.03  0.08  0.04  0.0   0.0   0.0   
117   I     0.0   0.0   0.0   0.0   0.0   0.0   0.0   0.0   0.0   0.02  0.63  0.0   0.07  0.17  0.0   0.0   0.11  0.0   0.0   0.0   
118   R     0.02  0.31  0.0   0.0   0.0   0.0   0.04  0.16  0.0   0.02  0.04  0.0   0.03  0.07  0.0   0.05  0.11  0.03  0.1   0.02  
119   E     0.06  0.06  0.13  0.09  0.03  0.0   0.22  0.17  0.04  0.0   0.0   0.04  0.0   0.0   0.0   0.08  0.0   0.0   0.0   0.08  
120   A     0.46  0.0   0.07  0.0   0.18  0.0   0.0   0.0   0.0   0.04  0.09  0.0   0.0   0.05  0.0   0.0   0.03  0.0   0.0   0.07  
121   D     0.0   0.11  0.31  0.22  0.0   0.05  0.04  0.0   0.0   0.04  0.0   0.11  0.0   0.0   0.0   0.05  0.07  0.0   0.0   0.0   
122   L     0.04  0.0   0.0   0.0   0.04  0.0   0.0   0.05  0.0   0.09  0.46  0.0   0.03  0.13  0.0   0.0   0.05  0.07  0.0   0.03  
123   S     0.04  0.24  0.03  0.03  0.0   0.0   0.11  0.0   0.0   0.0   0.0   0.03  0.03  0.0   0.09  0.25  0.14  0.0   0.0   0.0   
124   E     0.0   0.0   0.1   0.19  0.0   0.0   0.05  0.44  0.0   0.0   0.0   0.06  0.03  0.0   0.03  0.05  0.0   0.0   0.04  0.0   
125   A     0.39  0.06  0.0   0.0   0.11  0.0   0.03  0.0   0.0   0.04  0.0   0.0   0.0   0.0   0.0   0.14  0.1   0.0   0.0   0.12  
126   N     0.0   0.07  0.35  0.22  0.0   0.07  0.0   0.0   0.0   0.04  0.04  0.06  0.0   0.0   0.05  0.0   0.05  0.0   0.0   0.04  
127   L     0.0   0.0   0.0   0.0   0.0   0.0   0.0   0.06  0.0   0.03  0.51  0.0   0.04  0.33  0.0   0.0   0.0   0.0   0.0   0.03  
128   E     0.04  0.07  0.0   0.09  0.0   0.06  0.29  0.0   0.0   0.03  0.04  0.09  0.0   0.04  0.05  0.12  0.07  0.0   0.0   0.0   
129   A     0.06  0.09  0.11  0.14  0.0   0.0   0.2   0.16  0.1   0.0   0.04  0.08  0.0   0.0   0.0   0.0   0.0   0.0   0.0   0.0   
130   A     0.51  0.0   0.0   0.0   0.16  0.0   0.0   0.0   0.0   0.0   0.05  0.0   0.0   0.0   0.0   0.03  0.14  0.0   0.0   0.08  
131   D     0.0   0.0   0.13  0.49  0.0   0.0   0.03  0.0   0.0   0.07  0.0   0.0   0.0   0.02  0.0   0.1   0.07  0.0   0.05  0.0   
132   L     0.0   0.0   0.0   0.0   0.0   0.0   0.0   0.0   0.0   0.04  0.66  0.0   0.03  0.16  0.0   0.0   0.0   0.05  0.0   0.02  
133   S     0.0   0.24  0.0   0.0   0.0   0.05  0.0   0.04  0.0   0.03  0.0   0.06  0.0   0.03  0.0   0.34  0.05  0.0   0.05  0.07  
134   G     0.05  0.0   0.05  0.15  0.0   0.0   0.03  0.41  0.0   0.0   0.04  0.05  0.0   0.04  0.0   0.05  0.0   0.03  0.04  0.05  
135   A     0.51  0.06  0.0   0.0   0.04  0.0   0.0   0.0   0.0   0.04  0.0   0.0   0.0   0.0   0.0   0.29  0.04  0.0   0.0   0.02  
136   D     0.0   0.0   0.05  0.62  0.0   0.0   0.0   0.0   0.05  0.0   0.0   0.07  0.0   0.03  0.0   0.0   0.12  0.0   0.03  0.03  
137   L     0.04  0.0   0.0   0.0   0.0   0.0   0.0   0.0   0.0   0.0   0.68  0.0   0.0   0.27  0.0   0.0   0.0   0.0   0.0   0.0   
138   A     0.08  0.07  0.0   0.08  0.0   0.16  0.0   0.04  0.05  0.04  0.0   0.0   0.0   0.0   0.0   0.28  0.14  0.0   0.0   0.05  
139   I     0.0   0.15  0.07  0.11  0.0   0.0   0.07  0.24  0.0   0.07  0.07  0.04  0.0   0.0   0.0   0.05  0.05  0.0   0.04  0.04  
140   A     0.5   0.0   0.05  0.05  0.07  0.0   0.0   0.04  0.0   0.05  0.06  0.0   0.0   0.0   0.0   0.05  0.06  0.0   0.04  0.03  
141   D     0.0   0.0   0.25  0.31  0.03  0.0   0.19  0.0   0.0   0.0   0.05  0.03  0.0   0.0   0.0   0.0   0.0   0.0   0.0   0.12  
142   L     0.0   0.0   0.0   0.0   0.0   0.0   0.05  0.0   0.0   0.09  0.44  0.0   0.04  0.24  0.0   0.0   0.05  0.0   0.0   0.07  
143   H     0.0   0.17  0.08  0.08  0.0   0.05  0.03  0.0   0.11  0.03  0.0   0.1   0.0   0.0   0.0   0.23  0.11  0.0   0.0   0.0   
144   Q     0.06  0.13  0.1   0.0   0.0   0.07  0.15  0.26  0.0   0.0   0.03  0.11  0.0   0.0   0.04  0.04  0.0   0.0   0.0   0.0   
145   A     0.34  0.11  0.0   0.0   0.03  0.05  0.04  0.0   0.0   0.05  0.0   0.0   0.0   0.04  0.0   0.07  0.14  0.0   0.0   0.13  
146   N     0.05  0.0   0.36  0.16  0.0   0.04  0.1   0.0   0.0   0.03  0.0   0.03  0.0   0.0   0.0   0.14  0.04  0.0   0.0   0.04  
147   L     0.01  0.0   0.0   0.0   0.0   0.06  0.01  0.01  0.0   0.0   0.56  0.0   0.0   0.16  0.0   0.01  0.0   0.07  0.0   0.09  
148   H     0.02  0.18  0.09  0.07  0.04  0.05  0.0   0.07  0.02  0.07  0.0   0.12  0.0   0.0   0.0   0.12  0.14  0.0   0.0   0.0   
149   Q     0.03  0.1   0.09  0.03  0.0   0.15  0.0   0.21  0.04  0.0   0.0   0.24  0.0   0.0   0.0   0.0   0.03  0.07  0.0   0.0   
150   A     0.5   0.0   0.0   0.0   0.03  0.0   0.05  0.0   0.0   0.03  0.0   0.0   0.0   0.03  0.0   0.23  0.08  0.0   0.04  0.0   
151   A     0.1   0.07  0.37  0.21  0.0   0.03  0.0   0.0   0.0   0.04  0.0   0.04  0.0   0.0   0.0   0.0   0.08  0.0   0.03  0.03  
152   L     0.0   0.0   0.0   0.0   0.0   0.0   0.0   0.0   0.0   0.0   0.51  0.0   0.09  0.17  0.0   0.0   0.08  0.0   0.0   0.15  
153   E     0.0   0.12  0.07  0.0   0.0   0.07  0.21  0.05  0.05  0.0   0.0   0.04  0.0   0.0   0.0   0.1   0.17  0.03  0.0   0.08  
154   R     0.18  0.08  0.15  0.0   0.0   0.04  0.1   0.19  0.11  0.0   0.03  0.0   0.0   0.0   0.05  0.0   0.05  0.0   0.0   0.0   
155   A     0.39  0.06  0.05  0.0   0.11  0.0   0.0   0.0   0.0   0.09  0.0   0.0   0.08  0.0   0.0   0.0   0.08  0.0   0.0   0.11  
156   N     0.0   0.0   0.34  0.29  0.0   0.0   0.05  0.0   0.0   0.02  0.0   0.03  0.05  0.0   0.05  0.0   0.03  0.0   0.0   0.12  
157   L     0.0   0.0   0.0   0.0   0.0   0.0   0.0   0.0   0.0   0.0   0.63  0.0   0.0   0.16  0.0   0.0   0.0   0.0   0.0   0.18  
158   T     0.04  0.17  0.0   0.05  0.0   0.0   0.0   0.0   0.0   0.09  0.0   0.06  0.03  0.0   0.0   0.1   0.47  0.0   0.0   0.0   
159   G     0.0   0.07  0.07  0.12  0.0   0.0   0.16  0.39  0.03  0.0   0.05  0.0   0.0   0.0   0.0   0.03  0.0   0.0   0.08  0.0   
160   A     0.38  0.0   0.0   0.0   0.0   0.0   0.0   0.0   0.0   0.0   0.06  0.0   0.0   0.0   0.0   0.3   0.07  0.0   0.0   0.2   
161   N     0.0   0.11  0.26  0.23  0.0   0.0   0.11  0.0   0.03  0.03  0.0   0.04  0.0   0.03  0.0   0.03  0.04  0.0   0.03  0.04  
162   L     0.0   0.0   0.0   0.0   0.0   0.0   0.0   0.0   0.0   0.03  0.48  0.0   0.17  0.13  0.0   0.0   0.04  0.0   0.0   0.15  
163   E     0.0   0.17  0.04  0.08  0.0   0.09  0.07  0.03  0.0   0.0   0.02  0.14  0.04  0.05  0.0   0.12  0.11  0.0   0.0   0.03  
164   D     0.0   0.04  0.09  0.22  0.0   0.0   0.06  0.34  0.02  0.0   0.0   0.09  0.0   0.05  0.0   0.05  0.05  0.0   0.0   0.0   
165   A     0.34  0.0   0.0   0.0   0.0   0.0   0.05  0.05  0.0   0.03  0.07  0.06  0.03  0.0   0.0   0.19  0.13  0.0   0.0   0.05  
166   N     0.0   0.08  0.2   0.29  0.0   0.03  0.07  0.0   0.0   0.11  0.0   0.09  0.0   0.0   0.0   0.09  0.04  0.0   0.0   0.0   
167   L     0.0   0.0   0.0   0.0   0.0   0.0   0.0   0.06  0.04  0.16  0.22  0.0   0.0   0.49  0.0   0.0   0.0   0.0   0.0   0.03  
168   E     0.0   0.17  0.0   0.04  0.0   0.03  0.31  0.03  0.0   0.02  0.0   0.05  0.0   0.0   0.0   0.11  0.21  0.03  0.0   0.0   
169   G     0.06  0.04  0.05  0.09  0.0   0.06  0.24  0.34  0.05  0.0   0.0   0.0   0.0   0.0   0.04  0.02  0.0   0.0   0.0   0.0   
170   T     0.38  0.0   0.0   0.0   0.1   0.0   0.0   0.0   0.0   0.0   0.04  0.0   0.0   0.0   0.0   0.09  0.24  0.0   0.0   0.14  
171   I     0.0   0.0   0.19  0.42  0.0   0.0   0.0   0.0   0.0   0.02  0.0   0.04  0.0   0.05  0.04  0.13  0.1   0.0   0.0   0.0   
172   L     0.0   0.0   0.0   0.0   0.0   0.0   0.0   0.0   0.0   0.04  0.61  0.0   0.12  0.15  0.0   0.0   0.0   0.0   0.0   0.08  
173   E     0.0   0.1   0.0   0.14  0.0   0.09  0.15  0.0   0.04  0.0   0.0   0.08  0.0   0.04  0.1   0.1   0.17  0.0   0.0   0.0   
174   G     0.0   0.0   0.0   0.26  0.0   0.0   0.0   0.74  0.0   0.0   0.0   0.0   0.0   0.0   0.0   0.0   0.0   0.0   0.0   0.0   
175   G     0.0   0.0   0.0   0.0   0.0   0.0   0.0   1.0   0.0   0.0   0.0   0.0   0.0   0.0   0.0   0.0   0.0   0.0   0.0   0.0   
