             A     R     N     D     C     Q     E     G     H     I     L     K     M     F     P     S     T     W     Y     V
1     S     0.86  0.0   0.0   0.04  0.0   0.0   0.04  0.0   0.0   0.0   0.0   0.0   0.0   0.0   0.0   0.07  0.0   0.0   0.0   0.0   
2     P     0.01  0.0   0.03  0.0   0.0   0.02  0.01  0.0   0.0   0.0   0.0   0.0   0.0   0.0   0.93  0.01  0.0   0.0   0.0   0.0   
3     L     0.01  0.0   0.0   0.12  0.0   0.02  0.01  0.0   0.0   0.05  0.48  0.0   0.03  0.2   0.02  0.02  0.01  0.0   0.0   0.02  
4     E     0.09  0.01  0.01  0.26  0.0   0.05  0.43  0.0   0.01  0.0   0.0   0.01  0.0   0.0   0.06  0.04  0.03  0.0   0.0   0.0   
5     K     0.08  0.03  0.01  0.14  0.0   0.14  0.19  0.04  0.02  0.01  0.02  0.16  0.0   0.01  0.0   0.04  0.03  0.0   0.01  0.06  
6     V     0.6   0.0   0.0   0.0   0.0   0.0   0.0   0.09  0.0   0.03  0.04  0.0   0.01  0.0   0.0   0.01  0.02  0.0   0.01  0.19  
7     C     0.56  0.01  0.0   0.0   0.17  0.0   0.01  0.03  0.0   0.01  0.07  0.0   0.0   0.0   0.0   0.08  0.01  0.0   0.0   0.06  
8     L     0.09  0.0   0.01  0.0   0.0   0.0   0.0   0.01  0.0   0.05  0.19  0.0   0.04  0.04  0.26  0.08  0.13  0.0   0.01  0.09  
9     I     0.0   0.0   0.0   0.0   0.01  0.0   0.0   0.0   0.0   0.27  0.55  0.0   0.03  0.01  0.01  0.0   0.0   0.0   0.0   0.12  
10    G     0.06  0.0   0.01  0.0   0.01  0.01  0.03  0.27  0.0   0.0   0.2   0.0   0.02  0.01  0.18  0.15  0.04  0.0   0.0   0.0   
11    C     0.0   0.0   0.0   0.11  0.53  0.0   0.01  0.01  0.0   0.05  0.06  0.0   0.04  0.0   0.01  0.01  0.03  0.0   0.01  0.13  
12    G     0.36  0.0   0.05  0.01  0.01  0.0   0.0   0.22  0.01  0.05  0.01  0.0   0.04  0.0   0.07  0.08  0.01  0.0   0.0   0.09  
13    F     0.02  0.0   0.0   0.0   0.0   0.01  0.0   0.31  0.0   0.1   0.07  0.0   0.02  0.18  0.03  0.01  0.01  0.01  0.11  0.11  
14    S     0.1   0.0   0.0   0.0   0.03  0.02  0.0   0.09  0.0   0.13  0.1   0.0   0.02  0.01  0.06  0.16  0.12  0.0   0.0   0.14  
15    T     0.03  0.0   0.01  0.0   0.0   0.0   0.0   0.0   0.0   0.01  0.01  0.0   0.01  0.0   0.01  0.03  0.85  0.0   0.0   0.02  
16    G     0.28  0.0   0.0   0.0   0.01  0.0   0.0   0.33  0.0   0.01  0.01  0.0   0.0   0.0   0.03  0.03  0.07  0.01  0.0   0.19  
17    Y     0.02  0.01  0.0   0.0   0.0   0.0   0.0   0.0   0.0   0.08  0.14  0.0   0.02  0.13  0.0   0.05  0.0   0.06  0.45  0.03  
18    G     0.05  0.05  0.02  0.03  0.02  0.03  0.03  0.29  0.11  0.05  0.03  0.04  0.02  0.05  0.01  0.08  0.02  0.02  0.05  0.02  
19    S     0.23  0.02  0.09  0.0   0.0   0.02  0.0   0.12  0.12  0.0   0.04  0.05  0.03  0.0   0.11  0.14  0.01  0.0   0.0   0.01  
20    A     0.4   0.0   0.0   0.0   0.01  0.0   0.0   0.03  0.0   0.05  0.21  0.0   0.05  0.03  0.03  0.05  0.06  0.0   0.01  0.06  
21    V     0.03  0.03  0.02  0.02  0.03  0.03  0.02  0.0   0.02  0.06  0.19  0.06  0.05  0.02  0.0   0.02  0.07  0.06  0.03  0.23  
22    K     0.01  0.15  0.12  0.09  0.0   0.03  0.08  0.01  0.17  0.02  0.01  0.2   0.0   0.0   0.01  0.01  0.01  0.0   0.04  0.01  
23    V     0.03  0.13  0.03  0.02  0.01  0.06  0.04  0.01  0.03  0.04  0.13  0.06  0.02  0.05  0.01  0.05  0.18  0.0   0.01  0.09  
24    A     0.49  0.0   0.01  0.0   0.04  0.01  0.01  0.2   0.02  0.01  0.02  0.0   0.01  0.0   0.01  0.09  0.03  0.01  0.0   0.03  
25    K     0.03  0.09  0.14  0.05  0.01  0.07  0.03  0.17  0.03  0.0   0.1   0.18  0.02  0.01  0.01  0.05  0.01  0.0   0.01  0.0   
26    V     0.07  0.0   0.02  0.04  0.01  0.0   0.02  0.01  0.0   0.15  0.21  0.01  0.04  0.02  0.05  0.04  0.02  0.0   0.0   0.31  
27    T     0.04  0.12  0.03  0.01  0.0   0.21  0.07  0.04  0.0   0.01  0.03  0.23  0.0   0.05  0.01  0.06  0.07  0.0   0.0   0.02  
28    Q     0.11  0.04  0.0   0.04  0.0   0.04  0.06  0.02  0.0   0.01  0.04  0.12  0.0   0.02  0.42  0.03  0.01  0.0   0.01  0.01  
29    G     0.04  0.0   0.01  0.03  0.0   0.0   0.03  0.83  0.0   0.0   0.0   0.01  0.0   0.0   0.01  0.02  0.0   0.0   0.0   0.02  
30    S     0.02  0.03  0.02  0.19  0.0   0.17  0.21  0.01  0.01  0.0   0.01  0.11  0.01  0.0   0.0   0.17  0.02  0.0   0.0   0.02  
31    T     0.03  0.07  0.06  0.06  0.0   0.0   0.01  0.0   0.03  0.04  0.01  0.08  0.0   0.0   0.02  0.18  0.28  0.07  0.02  0.03  
32    C     0.06  0.0   0.0   0.0   0.07  0.0   0.0   0.02  0.0   0.13  0.06  0.0   0.01  0.01  0.0   0.0   0.01  0.0   0.0   0.63  
33    A     0.23  0.0   0.0   0.0   0.01  0.0   0.0   0.09  0.0   0.03  0.44  0.0   0.01  0.02  0.0   0.02  0.0   0.01  0.01  0.12  
34    V     0.0   0.02  0.0   0.04  0.01  0.02  0.01  0.0   0.0   0.38  0.02  0.0   0.0   0.02  0.0   0.0   0.01  0.0   0.0   0.48  
35    F     0.06  0.02  0.02  0.01  0.01  0.01  0.01  0.01  0.03  0.09  0.1   0.0   0.04  0.16  0.0   0.13  0.14  0.04  0.05  0.07  
36    G     0.16  0.0   0.0   0.0   0.01  0.0   0.0   0.79  0.0   0.0   0.02  0.0   0.0   0.0   0.0   0.01  0.0   0.01  0.0   0.0   
37    L     0.49  0.0   0.0   0.0   0.11  0.0   0.0   0.05  0.0   0.04  0.21  0.0   0.01  0.0   0.01  0.03  0.02  0.0   0.0   0.03  
38    G     0.05  0.0   0.01  0.0   0.0   0.0   0.0   0.88  0.0   0.0   0.0   0.0   0.0   0.0   0.0   0.03  0.01  0.0   0.0   0.01  
39    G     0.14  0.0   0.0   0.01  0.02  0.0   0.0   0.43  0.0   0.01  0.01  0.0   0.0   0.0   0.24  0.08  0.05  0.0   0.0   0.01  
40    V     0.03  0.01  0.0   0.0   0.01  0.0   0.0   0.04  0.0   0.23  0.13  0.0   0.03  0.01  0.0   0.03  0.03  0.0   0.0   0.45  
41    G     0.02  0.0   0.0   0.02  0.0   0.0   0.0   0.9   0.01  0.0   0.02  0.0   0.0   0.0   0.0   0.01  0.02  0.0   0.0   0.0   
42    L     0.01  0.02  0.01  0.0   0.01  0.1   0.0   0.04  0.08  0.15  0.39  0.0   0.05  0.01  0.0   0.08  0.03  0.0   0.0   0.01  
43    S     0.24  0.0   0.01  0.0   0.03  0.01  0.0   0.04  0.01  0.06  0.2   0.0   0.16  0.04  0.0   0.07  0.01  0.01  0.03  0.07  
44    V     0.54  0.0   0.01  0.0   0.02  0.0   0.0   0.04  0.0   0.04  0.06  0.0   0.02  0.01  0.0   0.04  0.08  0.0   0.0   0.15  
45    I     0.15  0.0   0.01  0.0   0.05  0.01  0.0   0.04  0.0   0.34  0.1   0.0   0.04  0.0   0.0   0.01  0.03  0.0   0.0   0.23  
46    M     0.15  0.02  0.01  0.02  0.0   0.39  0.03  0.0   0.02  0.04  0.09  0.1   0.07  0.02  0.01  0.02  0.01  0.0   0.01  0.01  
47    G     0.09  0.0   0.0   0.0   0.02  0.0   0.0   0.15  0.0   0.15  0.18  0.0   0.02  0.09  0.0   0.05  0.0   0.02  0.07  0.16  
48    C     0.67  0.0   0.0   0.0   0.1   0.0   0.0   0.04  0.0   0.01  0.09  0.0   0.01  0.01  0.0   0.03  0.01  0.0   0.0   0.03  
49    K     0.03  0.25  0.02  0.0   0.01  0.05  0.0   0.0   0.02  0.0   0.05  0.49  0.01  0.01  0.0   0.01  0.02  0.01  0.0   0.03  
50    A     0.34  0.03  0.05  0.0   0.01  0.02  0.02  0.02  0.1   0.04  0.17  0.03  0.05  0.01  0.0   0.03  0.03  0.0   0.02  0.03  
51    A     0.17  0.05  0.02  0.0   0.03  0.01  0.01  0.04  0.01  0.07  0.11  0.04  0.15  0.09  0.0   0.04  0.01  0.01  0.03  0.11  
52    G     0.0   0.01  0.01  0.01  0.0   0.01  0.01  0.85  0.01  0.0   0.01  0.02  0.01  0.02  0.01  0.01  0.0   0.0   0.01  0.01  
53    A     0.57  0.01  0.02  0.01  0.09  0.01  0.01  0.06  0.01  0.03  0.04  0.01  0.0   0.03  0.02  0.01  0.01  0.0   0.01  0.04  
54    A     0.13  0.08  0.03  0.03  0.01  0.01  0.07  0.06  0.02  0.03  0.07  0.08  0.03  0.01  0.02  0.18  0.06  0.0   0.03  0.04  
55    R     0.02  0.23  0.06  0.05  0.01  0.04  0.07  0.01  0.06  0.04  0.01  0.16  0.01  0.01  0.06  0.01  0.06  0.0   0.03  0.08  
56    I     0.02  0.0   0.0   0.0   0.0   0.0   0.0   0.0   0.01  0.3   0.03  0.0   0.01  0.02  0.0   0.0   0.06  0.0   0.01  0.52  
57    I     0.05  0.0   0.01  0.0   0.01  0.0   0.01  0.01  0.0   0.35  0.04  0.0   0.02  0.07  0.01  0.0   0.08  0.0   0.05  0.29  
58    G     0.27  0.0   0.0   0.0   0.01  0.0   0.0   0.23  0.0   0.08  0.03  0.0   0.01  0.02  0.01  0.01  0.1   0.0   0.0   0.22  
59    V     0.09  0.0   0.01  0.0   0.02  0.0   0.0   0.02  0.0   0.18  0.02  0.0   0.01  0.02  0.0   0.06  0.25  0.0   0.0   0.32  
60    D     0.09  0.0   0.0   0.5   0.02  0.0   0.06  0.08  0.0   0.02  0.0   0.0   0.0   0.0   0.0   0.09  0.06  0.0   0.0   0.06  
61    I     0.04  0.05  0.02  0.02  0.02  0.02  0.0   0.13  0.01  0.17  0.08  0.01  0.01  0.01  0.05  0.18  0.09  0.0   0.01  0.1   
62    N     0.03  0.06  0.26  0.1   0.0   0.03  0.03  0.04  0.03  0.01  0.01  0.01  0.0   0.01  0.02  0.26  0.03  0.0   0.0   0.05  
63    K     0.1   0.01  0.02  0.18  0.0   0.03  0.23  0.02  0.0   0.01  0.01  0.11  0.0   0.0   0.22  0.04  0.01  0.0   0.0   0.0   
64    D     0.04  0.02  0.04  0.12  0.0   0.04  0.29  0.04  0.04  0.01  0.01  0.13  0.01  0.01  0.01  0.08  0.02  0.01  0.07  0.01  
65    K     0.04  0.31  0.03  0.01  0.01  0.02  0.01  0.02  0.0   0.01  0.0   0.5   0.0   0.0   0.0   0.03  0.01  0.0   0.0   0.0   
66    F     0.07  0.12  0.0   0.01  0.02  0.03  0.07  0.01  0.02  0.02  0.35  0.05  0.02  0.09  0.0   0.02  0.01  0.01  0.01  0.09  
67    A     0.18  0.02  0.01  0.14  0.0   0.08  0.27  0.01  0.01  0.0   0.03  0.12  0.0   0.02  0.02  0.02  0.01  0.0   0.02  0.03  
68    K     0.06  0.03  0.01  0.02  0.0   0.03  0.05  0.0   0.03  0.09  0.29  0.08  0.04  0.09  0.01  0.02  0.04  0.03  0.03  0.04  
69    A     0.56  0.0   0.01  0.0   0.05  0.01  0.0   0.05  0.0   0.04  0.1   0.01  0.02  0.01  0.0   0.02  0.01  0.0   0.0   0.11  
70    K     0.05  0.16  0.02  0.02  0.0   0.07  0.09  0.01  0.01  0.01  0.06  0.38  0.04  0.0   0.0   0.03  0.03  0.0   0.0   0.01  
71    E     0.05  0.06  0.03  0.07  0.0   0.11  0.28  0.02  0.02  0.0   0.02  0.23  0.0   0.01  0.0   0.07  0.01  0.0   0.0   0.0   
72    V     0.04  0.02  0.04  0.0   0.01  0.01  0.0   0.0   0.02  0.06  0.36  0.0   0.11  0.15  0.0   0.02  0.01  0.01  0.1   0.04  
73    G     0.03  0.01  0.04  0.01  0.01  0.01  0.01  0.82  0.0   0.0   0.01  0.01  0.0   0.0   0.01  0.01  0.0   0.0   0.0   0.01  
74    A     0.57  0.01  0.0   0.01  0.04  0.0   0.01  0.04  0.0   0.06  0.03  0.02  0.01  0.05  0.02  0.01  0.0   0.0   0.0   0.1   
75    T     0.03  0.02  0.01  0.31  0.0   0.03  0.09  0.01  0.02  0.02  0.02  0.02  0.01  0.0   0.02  0.04  0.3   0.01  0.0   0.03  
76    E     0.11  0.07  0.03  0.12  0.0   0.01  0.19  0.02  0.13  0.02  0.03  0.01  0.0   0.02  0.02  0.06  0.02  0.02  0.04  0.07  
77    C     0.12  0.01  0.01  0.01  0.06  0.01  0.01  0.02  0.02  0.13  0.05  0.02  0.0   0.16  0.02  0.02  0.1   0.0   0.07  0.16  
78    V     0.02  0.0   0.01  0.0   0.01  0.0   0.0   0.01  0.01  0.31  0.13  0.0   0.0   0.14  0.01  0.0   0.02  0.0   0.01  0.3   
79    N     0.02  0.01  0.49  0.18  0.0   0.01  0.03  0.02  0.03  0.02  0.02  0.0   0.0   0.02  0.0   0.07  0.02  0.0   0.01  0.05  
80    P     0.04  0.03  0.02  0.02  0.0   0.01  0.02  0.02  0.02  0.03  0.04  0.01  0.01  0.06  0.23  0.19  0.03  0.0   0.15  0.07  
81    Q     0.09  0.13  0.02  0.02  0.0   0.04  0.1   0.02  0.02  0.01  0.03  0.18  0.01  0.02  0.01  0.19  0.08  0.01  0.01  0.02  
82    D     0.04  0.08  0.05  0.3   0.0   0.02  0.14  0.03  0.0   0.01  0.03  0.11  0.0   0.01  0.02  0.05  0.06  0.0   0.01  0.02  
83    Y     0.11  0.03  0.03  0.03  0.02  0.03  0.04  0.02  0.07  0.04  0.11  0.02  0.02  0.04  0.04  0.09  0.14  0.01  0.04  0.06  
84    K     0.09  0.05  0.05  0.15  0.01  0.05  0.12  0.05  0.01  0.0   0.02  0.1   0.0   0.0   0.1   0.11  0.05  0.02  0.0   0.01  
85    K     0.06  0.03  0.03  0.16  0.01  0.06  0.16  0.07  0.02  0.01  0.03  0.17  0.0   0.04  0.03  0.06  0.03  0.0   0.01  0.02  
86    P     0.08  0.03  0.08  0.05  0.0   0.01  0.06  0.05  0.01  0.03  0.08  0.04  0.02  0.11  0.15  0.07  0.04  0.02  0.02  0.07  
87    I     0.1   0.03  0.01  0.02  0.01  0.01  0.02  0.02  0.01  0.18  0.2   0.02  0.03  0.03  0.01  0.03  0.04  0.0   0.03  0.22  
88    Q     0.1   0.03  0.02  0.09  0.0   0.12  0.13  0.06  0.03  0.02  0.02  0.11  0.01  0.01  0.04  0.06  0.03  0.0   0.02  0.09  
89    E     0.1   0.05  0.03  0.17  0.0   0.11  0.27  0.04  0.02  0.01  0.01  0.08  0.01  0.0   0.01  0.06  0.03  0.0   0.01  0.01  
90    V     0.1   0.03  0.02  0.01  0.01  0.04  0.03  0.02  0.02  0.17  0.09  0.05  0.02  0.02  0.0   0.03  0.02  0.01  0.02  0.28  
91    L     0.04  0.06  0.01  0.01  0.0   0.04  0.01  0.01  0.01  0.17  0.29  0.05  0.08  0.03  0.01  0.01  0.02  0.0   0.0   0.13  
92    T     0.13  0.1   0.04  0.03  0.0   0.06  0.06  0.03  0.01  0.03  0.03  0.22  0.05  0.01  0.02  0.06  0.06  0.01  0.01  0.04  
93    E     0.12  0.06  0.03  0.09  0.0   0.03  0.28  0.04  0.02  0.03  0.09  0.07  0.0   0.02  0.01  0.07  0.02  0.01  0.01  0.02  
94    M     0.1   0.02  0.02  0.02  0.02  0.01  0.03  0.02  0.01  0.08  0.22  0.03  0.1   0.02  0.0   0.01  0.21  0.01  0.02  0.04  
95    S     0.07  0.02  0.06  0.05  0.02  0.03  0.03  0.17  0.02  0.01  0.04  0.04  0.01  0.02  0.06  0.03  0.28  0.01  0.02  0.02  
96    N     0.03  0.02  0.08  0.16  0.0   0.02  0.08  0.27  0.02  0.02  0.02  0.08  0.01  0.01  0.07  0.04  0.05  0.0   0.01  0.0   
97    G     0.03  0.08  0.03  0.05  0.0   0.04  0.11  0.39  0.01  0.01  0.02  0.1   0.0   0.0   0.04  0.05  0.0   0.01  0.01  0.01  
98    G     0.02  0.02  0.01  0.02  0.01  0.0   0.05  0.65  0.0   0.01  0.03  0.04  0.01  0.0   0.01  0.03  0.04  0.0   0.02  0.02  
99    V     0.17  0.0   0.0   0.0   0.01  0.0   0.0   0.0   0.0   0.06  0.08  0.0   0.02  0.16  0.09  0.01  0.0   0.0   0.03  0.35  
100   D     0.01  0.01  0.05  0.73  0.0   0.02  0.03  0.01  0.08  0.0   0.0   0.02  0.0   0.01  0.01  0.01  0.01  0.0   0.0   0.0   
101   F     0.09  0.02  0.0   0.01  0.03  0.0   0.0   0.07  0.01  0.08  0.1   0.02  0.01  0.05  0.0   0.01  0.01  0.01  0.11  0.37  
102   S     0.12  0.0   0.0   0.01  0.01  0.0   0.01  0.08  0.0   0.14  0.02  0.0   0.0   0.01  0.0   0.08  0.07  0.0   0.04  0.41  
103   F     0.01  0.0   0.01  0.0   0.01  0.0   0.0   0.0   0.0   0.28  0.27  0.0   0.03  0.24  0.0   0.0   0.0   0.01  0.03  0.12  
104   E     0.0   0.01  0.12  0.34  0.0   0.0   0.4   0.0   0.0   0.06  0.01  0.0   0.01  0.0   0.0   0.01  0.0   0.0   0.0   0.03  
105   V     0.18  0.0   0.05  0.0   0.25  0.0   0.0   0.01  0.01  0.01  0.07  0.0   0.1   0.02  0.01  0.09  0.12  0.0   0.01  0.07  
106   I     0.11  0.0   0.01  0.0   0.0   0.0   0.0   0.01  0.0   0.09  0.09  0.0   0.0   0.01  0.02  0.26  0.15  0.0   0.0   0.25  
107   G     0.06  0.0   0.04  0.0   0.01  0.01  0.0   0.68  0.0   0.0   0.01  0.0   0.0   0.0   0.02  0.06  0.01  0.0   0.01  0.07  
108   R     0.16  0.05  0.15  0.02  0.0   0.01  0.01  0.14  0.04  0.01  0.04  0.02  0.01  0.02  0.03  0.12  0.04  0.0   0.04  0.09  
109   L     0.1   0.02  0.05  0.03  0.01  0.02  0.17  0.06  0.01  0.03  0.08  0.05  0.0   0.0   0.18  0.03  0.05  0.0   0.0   0.11  
110   D     0.1   0.01  0.04  0.13  0.0   0.03  0.09  0.04  0.07  0.01  0.02  0.12  0.01  0.01  0.08  0.13  0.05  0.0   0.0   0.03  
111   T     0.26  0.0   0.0   0.02  0.02  0.01  0.01  0.03  0.0   0.04  0.13  0.02  0.0   0.01  0.06  0.12  0.16  0.0   0.0   0.1   
112   M     0.05  0.01  0.0   0.01  0.0   0.01  0.01  0.0   0.0   0.11  0.21  0.0   0.22  0.16  0.01  0.01  0.01  0.01  0.02  0.13  
113   V     0.11  0.13  0.09  0.04  0.0   0.07  0.11  0.02  0.06  0.02  0.06  0.06  0.02  0.0   0.03  0.06  0.05  0.01  0.01  0.05  
114   T     0.15  0.01  0.03  0.11  0.01  0.17  0.1   0.02  0.01  0.0   0.05  0.02  0.01  0.0   0.06  0.13  0.08  0.01  0.01  0.02  
115   A     0.4   0.0   0.01  0.02  0.02  0.01  0.01  0.08  0.0   0.01  0.05  0.0   0.13  0.0   0.01  0.16  0.02  0.02  0.04  0.01  
116   L     0.03  0.01  0.0   0.0   0.01  0.0   0.0   0.0   0.0   0.16  0.45  0.0   0.01  0.04  0.01  0.06  0.03  0.03  0.04  0.12  
117   S     0.09  0.04  0.08  0.09  0.0   0.05  0.19  0.04  0.02  0.03  0.06  0.08  0.01  0.01  0.01  0.04  0.05  0.04  0.05  0.02  
118   C     0.17  0.02  0.03  0.01  0.11  0.0   0.0   0.03  0.02  0.02  0.16  0.02  0.02  0.02  0.0   0.17  0.05  0.0   0.07  0.1   
119   C     0.07  0.02  0.01  0.0   0.12  0.01  0.0   0.0   0.0   0.08  0.24  0.03  0.09  0.0   0.01  0.02  0.1   0.0   0.0   0.2   
120   Q     0.12  0.2   0.06  0.01  0.0   0.02  0.0   0.02  0.1   0.03  0.07  0.17  0.03  0.0   0.01  0.03  0.04  0.01  0.01  0.07  
121   E     0.07  0.1   0.04  0.05  0.01  0.01  0.02  0.02  0.07  0.03  0.02  0.18  0.02  0.05  0.18  0.06  0.02  0.0   0.02  0.03  
122   A     0.1   0.01  0.07  0.03  0.0   0.01  0.02  0.47  0.0   0.02  0.03  0.02  0.01  0.01  0.08  0.04  0.03  0.01  0.01  0.02  
123   Y     0.04  0.08  0.02  0.07  0.02  0.03  0.03  0.16  0.07  0.03  0.06  0.06  0.01  0.07  0.02  0.04  0.03  0.1   0.04  0.03  
124   G     0.03  0.0   0.0   0.01  0.0   0.0   0.0   0.88  0.01  0.0   0.0   0.01  0.01  0.0   0.0   0.01  0.03  0.0   0.01  0.01  
125   V     0.03  0.26  0.01  0.0   0.0   0.04  0.02  0.02  0.01  0.04  0.02  0.18  0.01  0.0   0.0   0.03  0.22  0.0   0.01  0.12  
126   S     0.05  0.0   0.0   0.01  0.02  0.01  0.01  0.0   0.0   0.19  0.14  0.0   0.08  0.08  0.0   0.08  0.06  0.0   0.05  0.22  
127   V     0.14  0.0   0.0   0.0   0.02  0.0   0.0   0.02  0.01  0.14  0.04  0.0   0.01  0.02  0.0   0.04  0.04  0.0   0.0   0.5   
128   I     0.04  0.0   0.01  0.0   0.03  0.05  0.09  0.0   0.0   0.13  0.29  0.01  0.07  0.04  0.02  0.03  0.03  0.01  0.01  0.15  
129   V     0.02  0.0   0.0   0.0   0.03  0.0   0.0   0.04  0.0   0.22  0.2   0.0   0.01  0.02  0.0   0.04  0.02  0.0   0.04  0.36  
130   G     0.02  0.0   0.01  0.0   0.0   0.0   0.0   0.91  0.0   0.0   0.0   0.0   0.0   0.01  0.0   0.04  0.01  0.0   0.0   0.0   
131   V     0.09  0.0   0.01  0.01  0.01  0.0   0.01  0.02  0.01  0.11  0.19  0.04  0.11  0.05  0.0   0.02  0.03  0.0   0.05  0.24  
132   P     0.14  0.05  0.01  0.01  0.01  0.01  0.01  0.08  0.03  0.02  0.07  0.02  0.01  0.04  0.35  0.03  0.03  0.02  0.04  0.01  
133   P     0.15  0.04  0.01  0.05  0.0   0.01  0.1   0.16  0.05  0.03  0.01  0.07  0.01  0.01  0.15  0.08  0.02  0.0   0.0   0.06  
134   D     0.11  0.06  0.07  0.11  0.0   0.04  0.11  0.12  0.03  0.01  0.02  0.1   0.0   0.01  0.04  0.11  0.03  0.0   0.01  0.01  
135   S     0.11  0.02  0.06  0.08  0.0   0.06  0.14  0.12  0.0   0.01  0.03  0.04  0.03  0.01  0.18  0.04  0.04  0.0   0.01  0.01  
136   Q     0.14  0.01  0.0   0.02  0.01  0.08  0.04  0.03  0.02  0.08  0.1   0.08  0.1   0.05  0.02  0.05  0.04  0.0   0.02  0.09  
137   N     0.07  0.06  0.06  0.04  0.02  0.06  0.19  0.04  0.02  0.01  0.02  0.05  0.01  0.0   0.11  0.06  0.11  0.0   0.0   0.06  
138   L     0.02  0.01  0.01  0.0   0.01  0.02  0.0   0.01  0.02  0.27  0.22  0.02  0.01  0.13  0.02  0.04  0.01  0.0   0.03  0.16  
139   S     0.06  0.02  0.02  0.22  0.0   0.01  0.05  0.0   0.01  0.02  0.03  0.05  0.02  0.01  0.23  0.17  0.06  0.0   0.0   0.02  
140   M     0.07  0.01  0.05  0.02  0.0   0.01  0.02  0.02  0.0   0.16  0.14  0.0   0.06  0.04  0.06  0.03  0.1   0.1   0.01  0.11  
141   N     0.05  0.11  0.12  0.08  0.0   0.01  0.01  0.04  0.06  0.02  0.06  0.03  0.03  0.07  0.05  0.1   0.08  0.0   0.01  0.08  
142   P     0.07  0.01  0.05  0.02  0.0   0.05  0.01  0.04  0.02  0.01  0.02  0.03  0.02  0.07  0.43  0.07  0.05  0.0   0.01  0.01  
143   M     0.05  0.09  0.04  0.05  0.0   0.02  0.03  0.02  0.03  0.06  0.14  0.02  0.13  0.16  0.01  0.02  0.03  0.01  0.02  0.09  
144   L     0.07  0.02  0.05  0.06  0.02  0.09  0.04  0.02  0.01  0.19  0.2   0.01  0.04  0.02  0.01  0.05  0.02  0.0   0.0   0.08  
145   L     0.03  0.02  0.02  0.01  0.0   0.0   0.01  0.01  0.02  0.08  0.3   0.01  0.02  0.17  0.01  0.0   0.08  0.03  0.01  0.17  
146   L     0.02  0.02  0.02  0.01  0.0   0.01  0.01  0.02  0.01  0.07  0.32  0.02  0.09  0.12  0.01  0.02  0.02  0.0   0.0   0.21  
147   S     0.02  0.08  0.07  0.04  0.02  0.03  0.01  0.05  0.05  0.01  0.04  0.31  0.03  0.02  0.0   0.09  0.12  0.0   0.0   0.0   
148   G     0.08  0.05  0.11  0.02  0.0   0.02  0.14  0.37  0.0   0.0   0.02  0.01  0.04  0.02  0.0   0.06  0.01  0.01  0.01  0.02  
149   R     0.05  0.29  0.0   0.0   0.01  0.01  0.0   0.01  0.01  0.14  0.19  0.16  0.01  0.01  0.0   0.03  0.02  0.01  0.0   0.06  
150   T     0.03  0.03  0.06  0.01  0.0   0.04  0.06  0.01  0.0   0.03  0.01  0.09  0.01  0.01  0.0   0.16  0.33  0.01  0.0   0.1   
151   W     0.03  0.04  0.0   0.0   0.0   0.0   0.0   0.0   0.0   0.36  0.22  0.01  0.02  0.07  0.0   0.0   0.0   0.09  0.01  0.15  
152   K     0.05  0.1   0.01  0.0   0.02  0.07  0.05  0.0   0.03  0.07  0.03  0.32  0.03  0.01  0.0   0.03  0.05  0.0   0.0   0.12  
153   G     0.03  0.0   0.0   0.0   0.0   0.0   0.0   0.85  0.0   0.01  0.0   0.0   0.0   0.0   0.01  0.02  0.0   0.0   0.01  0.05  
154   A     0.05  0.0   0.01  0.06  0.03  0.0   0.01  0.03  0.01  0.06  0.02  0.0   0.0   0.04  0.0   0.48  0.14  0.0   0.01  0.04  
155   I     0.09  0.0   0.02  0.0   0.01  0.01  0.0   0.01  0.03  0.21  0.18  0.0   0.07  0.12  0.0   0.02  0.04  0.04  0.08  0.08  
156   F     0.01  0.01  0.03  0.0   0.01  0.03  0.01  0.05  0.0   0.09  0.03  0.02  0.0   0.28  0.0   0.01  0.05  0.02  0.14  0.19  
157   G     0.07  0.0   0.01  0.0   0.0   0.0   0.01  0.72  0.0   0.0   0.02  0.0   0.0   0.01  0.06  0.04  0.01  0.01  0.02  0.0   
158   G     0.0   0.03  0.17  0.02  0.0   0.05  0.0   0.45  0.01  0.02  0.0   0.02  0.0   0.01  0.0   0.16  0.05  0.0   0.0   0.02  
159   F     0.03  0.2   0.01  0.01  0.02  0.0   0.0   0.07  0.02  0.07  0.07  0.02  0.04  0.08  0.01  0.01  0.04  0.11  0.12  0.08  
160   K     0.02  0.24  0.03  0.04  0.0   0.06  0.03  0.0   0.01  0.01  0.05  0.45  0.01  0.0   0.01  0.02  0.01  0.0   0.0   0.0   
161   S     0.01  0.0   0.01  0.14  0.0   0.03  0.17  0.06  0.02  0.01  0.03  0.0   0.04  0.03  0.12  0.14  0.03  0.0   0.14  0.02  
162   K     0.05  0.13  0.01  0.01  0.06  0.08  0.04  0.01  0.03  0.02  0.03  0.15  0.01  0.04  0.0   0.04  0.16  0.01  0.05  0.06  
163   D     0.03  0.05  0.12  0.11  0.0   0.16  0.17  0.02  0.01  0.02  0.05  0.01  0.0   0.0   0.0   0.1   0.06  0.01  0.06  0.01  
164   S     0.1   0.0   0.01  0.16  0.0   0.09  0.35  0.01  0.03  0.01  0.0   0.01  0.0   0.02  0.0   0.06  0.15  0.0   0.0   0.0   
165   V     0.09  0.0   0.0   0.0   0.0   0.0   0.0   0.0   0.0   0.13  0.13  0.0   0.2   0.08  0.0   0.0   0.02  0.12  0.03  0.19  
166   P     0.0   0.0   0.03  0.01  0.0   0.03  0.05  0.01  0.0   0.03  0.19  0.0   0.02  0.02  0.51  0.01  0.0   0.0   0.05  0.05  
167   K     0.04  0.16  0.04  0.12  0.0   0.08  0.12  0.04  0.0   0.04  0.05  0.22  0.02  0.01  0.0   0.02  0.01  0.01  0.0   0.04  
168   L     0.13  0.0   0.02  0.0   0.01  0.0   0.0   0.01  0.0   0.04  0.39  0.0   0.07  0.22  0.0   0.0   0.01  0.0   0.01  0.09  
169   V     0.18  0.01  0.0   0.01  0.09  0.02  0.0   0.0   0.0   0.21  0.16  0.0   0.0   0.0   0.0   0.0   0.02  0.0   0.0   0.3   
170   A     0.27  0.09  0.01  0.15  0.0   0.04  0.13  0.01  0.0   0.0   0.0   0.06  0.0   0.0   0.0   0.18  0.04  0.0   0.0   0.02  
171   D     0.0   0.04  0.02  0.16  0.0   0.02  0.22  0.0   0.01  0.0   0.18  0.16  0.11  0.04  0.0   0.01  0.0   0.04  0.0   0.0   
172   F     0.01  0.0   0.0   0.0   0.09  0.0   0.0   0.03  0.04  0.01  0.21  0.0   0.03  0.08  0.0   0.03  0.0   0.0   0.4   0.07  
173   M     0.19  0.07  0.0   0.04  0.0   0.11  0.0   0.0   0.0   0.01  0.19  0.07  0.24  0.0   0.0   0.02  0.02  0.0   0.0   0.04  
174   A     0.16  0.06  0.21  0.12  0.0   0.05  0.06  0.0   0.0   0.02  0.0   0.11  0.0   0.0   0.0   0.16  0.02  0.0   0.0   0.03  
175   K     0.0   0.02  0.04  0.0   0.0   0.0   0.01  0.48  0.01  0.0   0.0   0.44  0.0   0.0   0.0   0.0   0.0   0.0   0.0   0.0   
176   K     0.0   0.08  0.0   0.0   0.0   0.04  0.25  0.0   0.0   0.0   0.0   0.63  0.0   0.0   0.0   0.0   0.0   0.0   0.0   0.0   
