             A     R     N     D     C     Q     E     G     H     I     L     K     M     F     P     S     T     W     Y     V
1     Q     0.0   0.0   0.0   0.0   0.0   0.55  0.45  0.0   0.0   0.0   0.0   0.0   0.0   0.0   0.0   0.0   0.0   0.0   0.0   0.0   
2     G     0.34  0.0   0.0   0.0   0.0   0.0   0.0   0.37  0.0   0.0   0.0   0.0   0.0   0.0   0.0   0.28  0.0   0.0   0.0   0.0   
3     L     0.0   0.0   0.0   0.0   0.0   0.0   0.0   0.0   0.0   0.19  0.18  0.0   0.0   0.0   0.0   0.0   0.0   0.0   0.0   0.63  
4     Y     0.0   0.0   0.0   0.0   0.0   0.0   0.0   0.0   0.0   0.0   0.0   0.0   0.0   0.25  0.0   0.0   0.0   0.07  0.68  0.0   
5     V     0.0   0.0   0.0   0.0   0.0   0.0   0.0   0.0   0.0   0.0   0.05  0.0   0.0   0.07  0.0   0.0   0.0   0.0   0.0   0.88  
6     G     0.45  0.0   0.0   0.0   0.06  0.0   0.0   0.45  0.0   0.0   0.0   0.0   0.0   0.0   0.0   0.04  0.0   0.0   0.0   0.0   
7     G     0.0   0.0   0.0   0.0   0.0   0.0   0.0   1.0   0.0   0.0   0.0   0.0   0.0   0.0   0.0   0.0   0.0   0.0   0.0   0.0   
8     F     0.0   0.0   0.0   0.0   0.0   0.0   0.0   0.0   0.0   0.0   0.0   0.0   0.0   0.67  0.0   0.0   0.0   0.0   0.33  0.0   
9     V     0.0   0.0   0.0   0.0   0.0   0.0   0.0   0.0   0.0   0.04  0.61  0.0   0.0   0.0   0.0   0.0   0.0   0.0   0.0   0.35  
10    D     0.36  0.0   0.0   0.23  0.12  0.0   0.06  0.0   0.0   0.0   0.01  0.0   0.0   0.0   0.0   0.0   0.0   0.0   0.0   0.18  
11    V     0.0   0.17  0.0   0.0   0.0   0.0   0.0   0.0   0.0   0.12  0.3   0.0   0.0   0.0   0.0   0.0   0.0   0.0   0.0   0.41  
12    V     0.0   0.0   0.0   0.0   0.0   0.0   0.0   0.0   0.0   0.0   0.0   0.0   0.0   0.05  0.06  0.06  0.0   0.0   0.65  0.18  
13    S     0.11  0.0   0.0   0.46  0.0   0.0   0.0   0.15  0.07  0.0   0.0   0.0   0.0   0.0   0.0   0.16  0.06  0.0   0.0   0.0   
14    C     0.11  0.0   0.0   0.13  0.12  0.06  0.12  0.01  0.06  0.0   0.01  0.01  0.08  0.0   0.0   0.15  0.01  0.0   0.11  0.01  
15    P     0.08  0.01  0.07  0.06  0.0   0.12  0.07  0.09  0.0   0.01  0.02  0.01  0.0   0.01  0.35  0.06  0.01  0.0   0.01  0.01  
16    K     0.0   0.04  0.0   0.27  0.0   0.0   0.11  0.09  0.0   0.0   0.0   0.27  0.0   0.0   0.23  0.0   0.0   0.0   0.0   0.0   
17    L     0.06  0.0   0.0   0.28  0.0   0.0   0.06  0.13  0.0   0.07  0.07  0.06  0.0   0.0   0.0   0.11  0.07  0.0   0.0   0.06  
18    E     0.06  0.0   0.06  0.28  0.0   0.0   0.32  0.13  0.0   0.0   0.0   0.0   0.0   0.0   0.04  0.1   0.0   0.0   0.0   0.0   
19    Q     0.18  0.11  0.0   0.07  0.0   0.07  0.12  0.32  0.0   0.0   0.0   0.0   0.0   0.0   0.11  0.0   0.0   0.0   0.0   0.0   
20    E     0.05  0.0   0.06  0.0   0.11  0.0   0.6   0.0   0.0   0.0   0.0   0.0   0.0   0.0   0.0   0.06  0.07  0.0   0.0   0.05  
21    L     0.0   0.0   0.0   0.0   0.0   0.0   0.06  0.0   0.0   0.0   0.82  0.0   0.0   0.06  0.0   0.0   0.0   0.0   0.06  0.0   
22    Y     0.18  0.0   0.16  0.0   0.0   0.0   0.06  0.0   0.06  0.0   0.05  0.0   0.0   0.06  0.0   0.0   0.04  0.0   0.29  0.11  
23    L     0.0   0.06  0.0   0.0   0.0   0.0   0.0   0.0   0.0   0.16  0.78  0.0   0.0   0.0   0.0   0.0   0.0   0.0   0.0   0.0   
24    D     0.0   0.0   0.1   0.38  0.0   0.0   0.0   0.0   0.0   0.0   0.06  0.0   0.0   0.0   0.23  0.0   0.22  0.0   0.0   0.0   
25    P     0.06  0.4   0.0   0.0   0.0   0.0   0.0   0.0   0.0   0.0   0.05  0.07  0.0   0.0   0.37  0.06  0.0   0.0   0.0   0.0   
26    D     0.05  0.06  0.0   0.38  0.0   0.06  0.22  0.06  0.0   0.0   0.06  0.11  0.0   0.0   0.0   0.0   0.0   0.0   0.0   0.0   
27    Q     0.01  0.0   0.0   0.16  0.0   0.16  0.06  0.0   0.0   0.09  0.01  0.0   0.0   0.0   0.0   0.0   0.36  0.0   0.0   0.12  
28    V     0.0   0.0   0.0   0.0   0.0   0.0   0.0   0.0   0.0   0.11  0.0   0.0   0.0   0.0   0.0   0.06  0.0   0.06  0.0   0.77  
29    T     0.18  0.19  0.0   0.06  0.0   0.12  0.05  0.05  0.0   0.0   0.0   0.11  0.0   0.0   0.0   0.11  0.06  0.0   0.0   0.07  
30    D     0.26  0.22  0.0   0.13  0.0   0.0   0.06  0.0   0.05  0.0   0.0   0.11  0.0   0.0   0.0   0.16  0.0   0.0   0.0   0.0   
31    Y     0.42  0.0   0.0   0.0   0.05  0.06  0.12  0.0   0.05  0.0   0.0   0.0   0.0   0.0   0.0   0.0   0.0   0.11  0.19  0.0   
32    L     0.0   0.0   0.0   0.0   0.0   0.0   0.0   0.0   0.0   0.11  0.82  0.0   0.0   0.0   0.0   0.0   0.0   0.0   0.0   0.07  
33    P     0.0   0.05  0.06  0.06  0.0   0.0   0.0   0.0   0.0   0.0   0.0   0.0   0.0   0.07  0.7   0.05  0.0   0.0   0.0   0.0   
34    V     0.0   0.0   0.0   0.0   0.06  0.0   0.0   0.0   0.0   0.0   0.27  0.0   0.0   0.0   0.25  0.18  0.05  0.0   0.0   0.18  
35    T     0.12  0.07  0.07  0.05  0.0   0.0   0.04  0.12  0.0   0.0   0.06  0.06  0.0   0.0   0.1   0.11  0.17  0.0   0.0   0.0   
36    E     0.09  0.0   0.2   0.0   0.0   0.0   0.19  0.15  0.0   0.0   0.0   0.11  0.0   0.0   0.06  0.09  0.06  0.0   0.0   0.05  
37    P     0.05  0.04  0.07  0.0   0.0   0.0   0.0   0.06  0.0   0.0   0.0   0.05  0.0   0.0   0.62  0.06  0.06  0.0   0.0   0.0   
38    L     0.0   0.0   0.0   0.0   0.0   0.0   0.0   0.0   0.0   0.27  0.61  0.0   0.0   0.0   0.0   0.0   0.07  0.0   0.0   0.06  
39    P     0.0   0.0   0.0   0.0   0.0   0.0   0.0   0.0   0.0   0.0   0.0   0.0   0.0   0.0   1.0   0.0   0.0   0.0   0.0   0.0   
40    I     0.0   0.0   0.0   0.0   0.0   0.0   0.0   0.0   0.0   0.42  0.52  0.0   0.0   0.0   0.0   0.0   0.0   0.0   0.0   0.06  
41    T     0.0   0.0   0.82  0.0   0.0   0.0   0.0   0.0   0.0   0.0   0.0   0.0   0.0   0.0   0.0   0.0   0.18  0.0   0.0   0.0   
42    I     0.0   0.0   0.0   0.0   0.0   0.0   0.0   0.0   0.0   0.69  0.0   0.0   0.0   0.0   0.0   0.0   0.0   0.0   0.0   0.31  
43    E     0.0   0.0   0.36  0.36  0.0   0.0   0.28  0.0   0.0   0.0   0.0   0.0   0.0   0.0   0.0   0.0   0.0   0.0   0.0   0.0   
44    H     0.0   0.0   0.0   0.0   0.0   0.0   0.0   0.0   1.0   0.0   0.0   0.0   0.0   0.0   0.0   0.0   0.0   0.0   0.0   0.0   
45    L     0.04  0.33  0.12  0.17  0.0   0.0   0.06  0.0   0.0   0.0   0.22  0.0   0.0   0.06  0.0   0.0   0.0   0.0   0.0   0.0   
46    P     0.15  0.05  0.04  0.05  0.0   0.05  0.25  0.0   0.0   0.0   0.0   0.05  0.0   0.0   0.21  0.15  0.0   0.0   0.0   0.0   
47    E     0.04  0.08  0.06  0.22  0.0   0.0   0.22  0.09  0.0   0.0   0.0   0.05  0.0   0.0   0.0   0.18  0.05  0.0   0.0   0.0   
48    T     0.46  0.0   0.0   0.0   0.42  0.0   0.0   0.0   0.0   0.0   0.0   0.0   0.0   0.0   0.0   0.05  0.06  0.0   0.0   0.0   
49    E     0.0   0.06  0.0   0.04  0.0   0.06  0.19  0.0   0.05  0.0   0.0   0.0   0.0   0.0   0.06  0.0   0.22  0.0   0.0   0.33  
50    V     0.0   0.0   0.0   0.0   0.0   0.0   0.0   0.0   0.0   0.21  0.0   0.0   0.0   0.0   0.0   0.0   0.0   0.0   0.0   0.79  
51    G     0.0   0.0   0.0   0.0   0.0   0.0   0.0   1.0   0.0   0.0   0.0   0.0   0.0   0.0   0.0   0.0   0.0   0.0   0.0   0.0   
52    W     0.13  0.09  0.07  0.0   0.0   0.0   0.09  0.0   0.11  0.0   0.01  0.0   0.06  0.0   0.0   0.12  0.06  0.17  0.06  0.0   
53    T     0.0   0.0   0.0   0.0   0.0   0.0   0.0   0.0   0.0   0.0   0.0   0.0   0.0   0.0   0.0   0.0   0.23  0.0   0.0   0.77  
54    L     0.11  0.05  0.0   0.0   0.0   0.0   0.0   0.0   0.0   0.16  0.43  0.0   0.0   0.12  0.0   0.0   0.06  0.0   0.0   0.06  
55    G     0.32  0.0   0.0   0.0   0.0   0.0   0.0   0.4   0.0   0.0   0.0   0.07  0.0   0.0   0.0   0.16  0.06  0.0   0.0   0.0   
56    L     0.0   0.0   0.0   0.0   0.0   0.0   0.0   0.0   0.0   0.2   0.49  0.0   0.05  0.07  0.0   0.06  0.0   0.0   0.0   0.13  
57    F     0.04  0.0   0.0   0.0   0.0   0.11  0.0   0.0   0.05  0.1   0.12  0.0   0.0   0.24  0.0   0.0   0.0   0.0   0.11  0.22  
58    Q     0.05  0.0   0.1   0.39  0.0   0.12  0.05  0.0   0.0   0.0   0.05  0.0   0.0   0.0   0.0   0.24  0.0   0.0   0.0   0.0   
59    V     0.0   0.0   0.0   0.3   0.0   0.0   0.0   0.0   0.0   0.0   0.11  0.0   0.0   0.0   0.0   0.06  0.05  0.0   0.0   0.48  
60    S     0.1   0.22  0.0   0.15  0.0   0.0   0.16  0.0   0.0   0.05  0.0   0.0   0.0   0.0   0.14  0.06  0.05  0.0   0.06  0.0   
61    H     0.16  0.34  0.0   0.05  0.0   0.06  0.0   0.0   0.22  0.0   0.0   0.06  0.0   0.0   0.0   0.06  0.0   0.0   0.05  0.0   
62    G     0.0   0.0   0.0   0.0   0.0   0.0   0.0   0.94  0.0   0.0   0.0   0.0   0.0   0.0   0.0   0.0   0.06  0.0   0.0   0.0   
63    I     0.0   0.0   0.0   0.0   0.0   0.0   0.0   0.0   0.0   0.13  0.54  0.0   0.0   0.0   0.21  0.0   0.0   0.0   0.0   0.12  
64    F     0.0   0.0   0.0   0.0   0.06  0.0   0.0   0.0   0.0   0.0   0.0   0.0   0.0   0.94  0.0   0.0   0.0   0.0   0.0   0.0   
65    C     0.0   0.0   0.0   0.0   0.52  0.0   0.0   0.0   0.0   0.0   0.0   0.0   0.0   0.43  0.0   0.06  0.0   0.0   0.0   0.0   
66    T     0.06  0.0   0.0   0.0   0.0   0.0   0.0   0.0   0.0   0.07  0.41  0.0   0.0   0.0   0.0   0.0   0.12  0.0   0.0   0.35  
67    G     0.28  0.0   0.0   0.0   0.0   0.0   0.0   0.72  0.0   0.0   0.0   0.0   0.0   0.0   0.0   0.0   0.0   0.0   0.0   0.0   
68    A     0.06  0.12  0.0   0.0   0.05  0.05  0.07  0.0   0.0   0.09  0.09  0.05  0.0   0.0   0.0   0.06  0.0   0.0   0.0   0.36  
69    I     0.0   0.0   0.0   0.0   0.0   0.0   0.0   0.0   0.0   0.62  0.0   0.0   0.0   0.0   0.0   0.0   0.0   0.0   0.0   0.38  
70    T     0.01  0.05  0.17  0.0   0.0   0.12  0.01  0.01  0.06  0.0   0.01  0.0   0.0   0.0   0.0   0.12  0.41  0.0   0.0   0.01  
71    S     0.11  0.0   0.0   0.0   0.22  0.0   0.01  0.07  0.0   0.0   0.01  0.0   0.0   0.0   0.0   0.48  0.06  0.0   0.0   0.01  
72    P     0.01  0.0   0.0   0.0   0.0   0.06  0.11  0.12  0.0   0.0   0.01  0.13  0.0   0.0   0.46  0.07  0.01  0.0   0.0   0.01  
73    A     0.15  0.12  0.0   0.0   0.0   0.13  0.17  0.0   0.0   0.06  0.06  0.12  0.0   0.0   0.0   0.0   0.06  0.0   0.0   0.11  
74    F     0.06  0.0   0.0   0.0   0.09  0.0   0.0   0.0   0.0   0.0   0.13  0.0   0.05  0.64  0.0   0.0   0.0   0.0   0.0   0.0   
75    L     0.0   0.0   0.0   0.0   0.0   0.0   0.0   0.08  0.05  0.0   0.59  0.0   0.06  0.05  0.0   0.0   0.0   0.0   0.0   0.14  
76    E     0.19  0.05  0.0   0.12  0.0   0.13  0.18  0.0   0.05  0.0   0.01  0.07  0.0   0.0   0.0   0.06  0.12  0.0   0.0   0.0   
77    L     0.0   0.0   0.0   0.0   0.0   0.0   0.0   0.0   0.0   0.3   0.41  0.0   0.06  0.0   0.0   0.0   0.05  0.0   0.0   0.13  
78    A     0.11  0.0   0.0   0.0   0.0   0.0   0.09  0.0   0.0   0.19  0.35  0.0   0.0   0.06  0.0   0.0   0.06  0.0   0.0   0.12  
79    S     0.08  0.19  0.0   0.21  0.0   0.06  0.1   0.0   0.0   0.0   0.0   0.19  0.0   0.05  0.0   0.12  0.0   0.0   0.0   0.0   
80    R     0.0   0.2   0.17  0.0   0.0   0.0   0.05  0.0   0.0   0.0   0.0   0.12  0.0   0.0   0.0   0.11  0.13  0.0   0.12  0.09  
81    L     0.36  0.0   0.0   0.0   0.0   0.0   0.0   0.0   0.0   0.17  0.35  0.0   0.0   0.0   0.0   0.0   0.0   0.0   0.0   0.12  
82    A     0.42  0.0   0.0   0.0   0.05  0.06  0.09  0.0   0.0   0.0   0.0   0.0   0.0   0.05  0.0   0.18  0.0   0.0   0.11  0.04  
83    D     0.12  0.0   0.0   0.19  0.0   0.0   0.18  0.12  0.11  0.0   0.06  0.0   0.0   0.0   0.0   0.11  0.09  0.0   0.0   0.0   
84    T     0.14  0.0   0.06  0.12  0.0   0.0   0.06  0.0   0.0   0.0   0.0   0.23  0.0   0.0   0.08  0.12  0.13  0.0   0.0   0.04  
85    S     0.18  0.06  0.05  0.08  0.18  0.0   0.0   0.0   0.0   0.0   0.0   0.0   0.0   0.0   0.0   0.45  0.0   0.0   0.0   0.0   
86    H     0.0   0.0   0.0   0.06  0.05  0.05  0.11  0.0   0.1   0.0   0.06  0.12  0.0   0.13  0.0   0.2   0.06  0.0   0.0   0.07  
87    V     0.09  0.0   0.0   0.06  0.0   0.0   0.05  0.0   0.0   0.12  0.05  0.0   0.0   0.18  0.04  0.0   0.0   0.0   0.0   0.4   
88    A     0.52  0.0   0.0   0.0   0.0   0.0   0.06  0.19  0.0   0.05  0.0   0.0   0.0   0.0   0.0   0.11  0.06  0.0   0.0   0.0   
89    R     0.06  0.27  0.17  0.04  0.0   0.17  0.04  0.1   0.0   0.05  0.07  0.0   0.0   0.05  0.0   0.0   0.0   0.0   0.0   0.0   
90    A     0.21  0.05  0.0   0.0   0.0   0.0   0.0   0.22  0.0   0.0   0.1   0.0   0.04  0.05  0.0   0.22  0.11  0.0   0.0   0.0   
91    P     0.0   0.09  0.0   0.09  0.0   0.06  0.22  0.0   0.0   0.0   0.0   0.0   0.0   0.0   0.4   0.04  0.05  0.0   0.0   0.05  
92    V     0.19  0.1   0.0   0.0   0.0   0.0   0.16  0.0   0.0   0.05  0.09  0.06  0.0   0.0   0.06  0.1   0.07  0.0   0.0   0.12  
93    K     0.12  0.05  0.06  0.1   0.0   0.0   0.05  0.1   0.0   0.0   0.1   0.18  0.0   0.0   0.04  0.15  0.0   0.0   0.0   0.05  
94    N     0.0   0.0   0.11  0.1   0.0   0.0   0.06  0.05  0.05  0.0   0.09  0.0   0.06  0.05  0.23  0.08  0.12  0.0   0.0   0.0   
95    L     0.0   0.04  0.0   0.0   0.0   0.0   0.0   0.0   0.0   0.0   0.61  0.0   0.0   0.0   0.05  0.15  0.0   0.0   0.0   0.12  
96    P     0.01  0.0   0.0   0.0   0.0   0.06  0.1   0.01  0.0   0.0   0.01  0.0   0.0   0.0   0.66  0.13  0.0   0.0   0.0   0.01  
97    K     0.0   0.21  0.0   0.05  0.0   0.04  0.13  0.0   0.0   0.0   0.11  0.13  0.0   0.0   0.22  0.0   0.06  0.0   0.05  0.0   
98    E     0.0   0.06  0.11  0.29  0.0   0.05  0.49  0.0   0.0   0.0   0.0   0.0   0.0   0.0   0.0   0.0   0.0   0.0   0.0   0.0   
99    P     0.0   0.25  0.0   0.0   0.0   0.0   0.0   0.0   0.0   0.0   0.0   0.22  0.0   0.0   0.46  0.07  0.0   0.0   0.0   0.0   
100   L     0.05  0.06  0.0   0.06  0.0   0.0   0.12  0.0   0.0   0.07  0.33  0.06  0.0   0.16  0.0   0.0   0.05  0.0   0.0   0.05  
101   L     0.06  0.0   0.0   0.0   0.0   0.0   0.0   0.06  0.0   0.12  0.71  0.0   0.0   0.0   0.0   0.0   0.0   0.0   0.0   0.05  
102   E     0.0   0.0   0.0   0.0   0.0   0.0   0.52  0.0   0.0   0.0   0.0   0.0   0.0   0.0   0.0   0.0   0.0   0.0   0.42  0.06  
103   I     0.06  0.0   0.0   0.0   0.12  0.0   0.0   0.0   0.0   0.11  0.43  0.0   0.1   0.05  0.0   0.0   0.0   0.0   0.07  0.06  
104   L     0.0   0.0   0.0   0.0   0.0   0.0   0.06  0.0   0.0   0.14  0.67  0.0   0.0   0.0   0.0   0.0   0.0   0.0   0.0   0.13  
105   H     0.0   0.0   0.06  0.0   0.0   0.0   0.0   0.0   0.28  0.0   0.0   0.0   0.0   0.06  0.0   0.41  0.19  0.0   0.0   0.0   
106   T     0.12  0.0   0.42  0.0   0.0   0.0   0.0   0.05  0.0   0.0   0.06  0.0   0.0   0.0   0.0   0.17  0.17  0.0   0.0   0.0   
107   W     0.0   0.0   0.0   0.0   0.0   0.0   0.0   0.0   0.0   0.12  0.0   0.0   0.0   0.0   0.0   0.17  0.0   0.28  0.37  0.06  
108   L     0.0   0.0   0.0   0.0   0.0   0.0   0.0   0.06  0.0   0.0   0.77  0.0   0.0   0.12  0.0   0.0   0.0   0.0   0.05  0.0   
109   P     0.05  0.0   0.0   0.0   0.0   0.0   0.0   0.0   0.0   0.0   0.0   0.0   0.0   0.0   0.89  0.06  0.0   0.0   0.0   0.0   
110   G     0.12  0.0   0.0   0.0   0.0   0.0   0.11  0.23  0.0   0.0   0.0   0.0   0.0   0.0   0.0   0.48  0.0   0.0   0.06  0.0   
111   L     0.08  0.0   0.0   0.0   0.0   0.0   0.0   0.0   0.0   0.0   0.63  0.0   0.0   0.0   0.0   0.06  0.0   0.0   0.0   0.23  
112   S     0.0   0.0   0.0   0.0   0.0   0.0   0.0   0.06  0.0   0.0   0.0   0.0   0.0   0.0   0.0   0.94  0.0   0.0   0.0   0.0   
113   L     0.0   0.0   0.0   0.0   0.0   0.0   0.0   0.0   0.0   0.0   1.0   0.0   0.0   0.0   0.0   0.0   0.0   0.0   0.0   0.0   
114   S     0.1   0.0   0.0   0.0   0.0   0.0   0.0   0.0   0.0   0.0   0.0   0.0   0.0   0.0   0.0   0.9   0.0   0.0   0.0   0.0   
115   S     0.0   0.0   0.13  0.0   0.0   0.0   0.0   0.0   0.0   0.0   0.06  0.0   0.0   0.0   0.0   0.72  0.09  0.0   0.0   0.0   
116   I     0.08  0.12  0.01  0.01  0.01  0.01  0.02  0.02  0.01  0.13  0.18  0.11  0.01  0.08  0.01  0.08  0.02  0.0   0.01  0.07  
117   H     0.03  0.23  0.02  0.02  0.06  0.01  0.02  0.03  0.24  0.02  0.03  0.02  0.01  0.01  0.02  0.14  0.02  0.0   0.01  0.08  
118   P     0.03  0.08  0.02  0.02  0.06  0.02  0.03  0.03  0.01  0.02  0.15  0.03  0.01  0.02  0.35  0.03  0.03  0.01  0.01  0.03  
119   R     0.07  0.34  0.05  0.22  0.0   0.06  0.01  0.01  0.0   0.01  0.07  0.05  0.0   0.0   0.01  0.01  0.06  0.0   0.0   0.01  
120   E     0.11  0.28  0.0   0.23  0.0   0.0   0.17  0.05  0.0   0.06  0.06  0.0   0.0   0.0   0.0   0.0   0.0   0.0   0.0   0.0   
121   L     0.01  0.01  0.01  0.05  0.0   0.06  0.01  0.01  0.0   0.12  0.45  0.06  0.0   0.0   0.06  0.01  0.01  0.0   0.0   0.14  
122   S     0.13  0.0   0.17  0.0   0.0   0.06  0.1   0.21  0.0   0.0   0.0   0.0   0.0   0.0   0.05  0.19  0.06  0.0   0.0   0.0   
123   Q     0.12  0.0   0.06  0.0   0.0   0.07  0.23  0.22  0.0   0.0   0.0   0.06  0.0   0.0   0.07  0.0   0.06  0.0   0.06  0.04  
124   T     0.21  0.0   0.06  0.06  0.0   0.0   0.13  0.0   0.0   0.0   0.06  0.0   0.0   0.0   0.04  0.18  0.17  0.0   0.0   0.06  
125   P     0.15  0.0   0.05  0.12  0.0   0.0   0.24  0.0   0.0   0.0   0.0   0.05  0.0   0.0   0.39  0.0   0.0   0.0   0.0   0.0   
126   S     0.06  0.06  0.0   0.36  0.0   0.0   0.0   0.22  0.0   0.0   0.0   0.0   0.0   0.0   0.06  0.06  0.17  0.0   0.0   0.0   
127   G     0.06  0.15  0.05  0.12  0.0   0.0   0.13  0.32  0.0   0.0   0.0   0.11  0.0   0.0   0.0   0.0   0.05  0.0   0.0   0.0   
128   P     0.07  0.0   0.05  0.12  0.0   0.06  0.0   0.0   0.0   0.0   0.0   0.0   0.0   0.0   0.35  0.06  0.26  0.0   0.0   0.0   
129   V     0.0   0.0   0.0   0.0   0.06  0.0   0.0   0.0   0.0   0.05  0.21  0.0   0.05  0.46  0.0   0.0   0.0   0.0   0.0   0.12  
130   F     0.0   0.0   0.0   0.0   0.0   0.0   0.0   0.0   0.0   0.0   0.05  0.0   0.0   0.95  0.0   0.0   0.0   0.0   0.0   0.0   
131   Q     0.37  0.07  0.0   0.06  0.0   0.17  0.0   0.0   0.11  0.0   0.0   0.18  0.0   0.0   0.0   0.0   0.05  0.0   0.0   0.0   
132   H     0.0   0.0   0.0   0.0   0.0   0.0   0.0   0.0   1.0   0.0   0.0   0.0   0.0   0.0   0.0   0.0   0.0   0.0   0.0   0.0   
133   V     0.0   0.0   0.0   0.0   0.0   0.0   0.0   0.0   0.0   0.06  0.0   0.0   0.0   0.0   0.0   0.0   0.0   0.0   0.0   0.94  
134   S     0.55  0.0   0.0   0.0   0.0   0.0   0.0   0.0   0.0   0.0   0.0   0.0   0.0   0.0   0.0   0.45  0.0   0.0   0.0   0.0   
135   L     0.0   0.0   0.0   0.0   0.0   0.0   0.0   0.0   0.0   0.12  0.83  0.0   0.0   0.0   0.0   0.0   0.0   0.0   0.0   0.05  
136   C     0.0   0.0   0.0   0.0   1.0   0.0   0.0   0.0   0.0   0.0   0.0   0.0   0.0   0.0   0.0   0.0   0.0   0.0   0.0   0.0   
137   A     0.37  0.0   0.0   0.0   0.0   0.0   0.12  0.18  0.0   0.0   0.05  0.0   0.0   0.0   0.0   0.11  0.0   0.0   0.0   0.17  
138   L     0.0   0.0   0.0   0.0   0.0   0.0   0.0   0.0   0.0   0.16  0.5   0.0   0.05  0.0   0.0   0.0   0.0   0.0   0.0   0.28  
139   G     0.0   0.0   0.0   0.0   0.0   0.0   0.0   1.0   0.0   0.0   0.0   0.0   0.0   0.0   0.0   0.0   0.0   0.0   0.0   0.0   
140   R     0.0   0.84  0.0   0.0   0.0   0.05  0.0   0.0   0.0   0.0   0.0   0.11  0.0   0.0   0.0   0.0   0.0   0.0   0.0   0.0   
141   R     0.0   1.0   0.0   0.0   0.0   0.0   0.0   0.0   0.0   0.0   0.0   0.0   0.0   0.0   0.0   0.0   0.0   0.0   0.0   0.0   
142   R     0.0   0.46  0.0   0.06  0.0   0.0   0.06  0.0   0.0   0.05  0.09  0.0   0.0   0.0   0.12  0.0   0.0   0.0   0.0   0.17  
143   G     0.0   0.0   0.0   0.0   0.0   0.0   0.0   1.0   0.0   0.0   0.0   0.0   0.0   0.0   0.0   0.0   0.0   0.0   0.0   0.0   
144   T     0.0   0.0   0.0   0.0   0.0   0.0   0.0   0.0   0.0   0.0   0.0   0.0   0.0   0.0   0.0   0.0   1.0   0.0   0.0   0.0   
145   V     0.0   0.0   0.0   0.0   0.0   0.0   0.0   0.0   0.0   0.43  0.18  0.0   0.0   0.0   0.0   0.0   0.06  0.0   0.0   0.33  
146   A     0.63  0.0   0.0   0.0   0.0   0.0   0.0   0.0   0.0   0.0   0.0   0.0   0.0   0.0   0.0   0.0   0.0   0.0   0.0   0.37  
147   V     0.07  0.0   0.05  0.0   0.0   0.0   0.0   0.0   0.0   0.23  0.0   0.0   0.0   0.0   0.0   0.0   0.22  0.0   0.0   0.43  
148   Y     0.0   0.0   0.0   0.0   0.0   0.0   0.0   0.0   0.0   0.0   0.0   0.0   0.0   0.12  0.0   0.0   0.0   0.0   0.88  0.0   
149   G     0.0   0.0   0.0   0.26  0.0   0.0   0.0   0.69  0.0   0.0   0.0   0.0   0.0   0.0   0.0   0.05  0.0   0.0   0.0   0.0   
150   H     0.18  0.3   0.0   0.06  0.05  0.0   0.05  0.0   0.06  0.0   0.1   0.0   0.05  0.0   0.0   0.06  0.1   0.0   0.0   0.0   
151   D     0.0   0.0   0.12  0.22  0.0   0.06  0.05  0.0   0.0   0.0   0.0   0.0   0.0   0.0   0.0   0.31  0.24  0.0   0.0   0.0   
152   A     0.17  0.0   0.0   0.0   0.0   0.0   0.0   0.0   0.0   0.12  0.32  0.0   0.0   0.0   0.39  0.0   0.0   0.0   0.0   0.0   
153   E     0.16  0.0   0.06  0.19  0.0   0.0   0.35  0.0   0.0   0.0   0.0   0.0   0.0   0.0   0.13  0.11  0.0   0.0   0.0   0.0   
154   W     0.12  0.0   0.04  0.05  0.0   0.0   0.17  0.0   0.0   0.05  0.0   0.0   0.0   0.0   0.0   0.05  0.0   0.53  0.0   0.0   
155   V     0.32  0.0   0.0   0.0   0.04  0.0   0.0   0.0   0.0   0.23  0.0   0.0   0.0   0.0   0.0   0.05  0.0   0.0   0.0   0.35  
156   V     0.0   0.0   0.0   0.0   0.0   0.0   0.0   0.0   0.0   0.31  0.34  0.0   0.06  0.0   0.05  0.0   0.05  0.0   0.0   0.18  
157   S     0.16  0.0   0.0   0.18  0.0   0.05  0.16  0.06  0.0   0.0   0.0   0.06  0.0   0.05  0.0   0.29  0.0   0.0   0.0   0.0   
158   R     0.12  0.4   0.0   0.0   0.0   0.05  0.0   0.0   0.06  0.0   0.0   0.12  0.0   0.0   0.26  0.0   0.0   0.0   0.0   0.0   
159   F     0.0   0.0   0.0   0.0   0.0   0.0   0.0   0.0   0.05  0.0   0.0   0.0   0.0   0.95  0.0   0.0   0.0   0.0   0.0   0.0   
160   S     0.0   0.22  0.0   0.06  0.05  0.06  0.0   0.0   0.0   0.0   0.05  0.11  0.0   0.0   0.11  0.3   0.05  0.0   0.0   0.0   
161   S     0.0   0.08  0.0   0.23  0.12  0.04  0.0   0.06  0.04  0.0   0.0   0.05  0.0   0.0   0.0   0.33  0.0   0.0   0.0   0.05  
162   V     0.0   0.0   0.0   0.0   0.0   0.0   0.0   0.0   0.0   0.17  0.72  0.0   0.0   0.0   0.05  0.0   0.0   0.0   0.0   0.06  
163   S     0.05  0.0   0.0   0.1   0.0   0.0   0.06  0.0   0.0   0.0   0.0   0.0   0.0   0.0   0.0   0.62  0.18  0.0   0.0   0.0   
164   K     0.15  0.06  0.0   0.06  0.0   0.05  0.18  0.0   0.0   0.0   0.0   0.13  0.05  0.0   0.28  0.05  0.0   0.0   0.0   0.0   
165   S     0.33  0.19  0.05  0.06  0.0   0.0   0.1   0.0   0.0   0.0   0.0   0.0   0.0   0.0   0.06  0.22  0.0   0.0   0.0   0.0   
166   E     0.14  0.0   0.0   0.24  0.0   0.0   0.33  0.0   0.0   0.11  0.0   0.0   0.0   0.0   0.0   0.14  0.04  0.0   0.0   0.0   
167   R     0.06  0.39  0.0   0.0   0.0   0.0   0.0   0.05  0.0   0.0   0.0   0.33  0.0   0.0   0.0   0.0   0.0   0.0   0.0   0.18  
168   A     0.36  0.11  0.0   0.05  0.0   0.0   0.31  0.05  0.0   0.0   0.0   0.07  0.0   0.0   0.0   0.04  0.0   0.0   0.0   0.0   
169   H     0.15  0.16  0.05  0.0   0.0   0.17  0.14  0.09  0.06  0.0   0.0   0.06  0.06  0.0   0.0   0.0   0.05  0.0   0.0   0.0   
170   I     0.0   0.05  0.0   0.0   0.0   0.0   0.0   0.0   0.0   0.41  0.45  0.0   0.0   0.0   0.0   0.0   0.0   0.0   0.0   0.1   
171   L     0.11  0.16  0.0   0.0   0.0   0.0   0.06  0.0   0.0   0.0   0.52  0.0   0.0   0.0   0.0   0.0   0.0   0.0   0.11  0.0   
172   Q     0.22  0.1   0.19  0.0   0.0   0.17  0.17  0.0   0.0   0.0   0.01  0.0   0.0   0.0   0.0   0.12  0.0   0.0   0.0   0.0   
173   H     0.05  0.08  0.04  0.11  0.0   0.12  0.04  0.16  0.06  0.06  0.05  0.0   0.0   0.07  0.0   0.06  0.07  0.0   0.0   0.0   
174   V     0.35  0.0   0.0   0.06  0.0   0.0   0.09  0.0   0.0   0.0   0.06  0.12  0.0   0.0   0.0   0.05  0.0   0.05  0.05  0.17  
175   S     0.22  0.01  0.06  0.01  0.0   0.12  0.1   0.01  0.0   0.07  0.01  0.06  0.0   0.0   0.01  0.13  0.18  0.0   0.0   0.01  
176   S     0.1   0.11  0.17  0.0   0.0   0.04  0.13  0.07  0.0   0.0   0.0   0.0   0.0   0.0   0.07  0.24  0.05  0.0   0.0   0.0   
177   C     0.2   0.0   0.0   0.0   0.18  0.0   0.11  0.07  0.0   0.0   0.05  0.0   0.0   0.0   0.05  0.2   0.0   0.0   0.0   0.11  
178   R     0.11  0.3   0.01  0.06  0.0   0.0   0.11  0.06  0.0   0.01  0.07  0.12  0.0   0.0   0.07  0.01  0.01  0.0   0.06  0.01  
179   L     0.04  0.12  0.0   0.0   0.06  0.0   0.0   0.0   0.0   0.06  0.24  0.0   0.0   0.0   0.05  0.17  0.06  0.0   0.0   0.17  
180   E     0.14  0.06  0.05  0.0   0.0   0.12  0.28  0.04  0.0   0.0   0.0   0.05  0.0   0.0   0.06  0.11  0.05  0.04  0.0   0.0   
181   D     0.0   0.0   0.0   0.25  0.0   0.0   0.18  0.1   0.04  0.0   0.04  0.0   0.05  0.06  0.12  0.16  0.0   0.0   0.0   0.0   
182   L     0.13  0.09  0.0   0.0   0.0   0.0   0.0   0.06  0.0   0.0   0.22  0.0   0.04  0.18  0.06  0.12  0.0   0.0   0.05  0.05  
183   S     0.19  0.0   0.07  0.05  0.06  0.06  0.0   0.04  0.0   0.0   0.0   0.0   0.0   0.0   0.1   0.27  0.05  0.05  0.0   0.06  
184   T     0.21  0.06  0.0   0.06  0.0   0.07  0.21  0.1   0.0   0.0   0.0   0.05  0.0   0.0   0.06  0.0   0.1   0.04  0.05  0.0   
185   P     0.06  0.0   0.05  0.05  0.0   0.0   0.28  0.0   0.0   0.0   0.05  0.0   0.0   0.0   0.46  0.0   0.0   0.04  0.0   0.0   
186   N     0.16  0.0   0.11  0.06  0.0   0.06  0.11  0.09  0.09  0.0   0.05  0.0   0.0   0.0   0.05  0.05  0.07  0.0   0.0   0.09  
187   F     0.06  0.0   0.0   0.0   0.0   0.0   0.0   0.0   0.06  0.06  0.08  0.1   0.06  0.46  0.04  0.0   0.0   0.0   0.0   0.09  
188   V     0.0   0.09  0.1   0.0   0.0   0.0   0.09  0.0   0.0   0.0   0.07  0.06  0.0   0.0   0.06  0.09  0.2   0.0   0.0   0.23  
189   S     0.2   0.0   0.0   0.07  0.05  0.0   0.09  0.01  0.0   0.06  0.13  0.01  0.0   0.0   0.0   0.18  0.01  0.05  0.0   0.13  
190   P     0.05  0.01  0.01  0.34  0.0   0.01  0.01  0.01  0.0   0.06  0.1   0.12  0.0   0.01  0.19  0.06  0.01  0.0   0.0   0.01  
191   L     0.01  0.01  0.06  0.01  0.0   0.01  0.01  0.01  0.0   0.01  0.35  0.01  0.0   0.07  0.13  0.06  0.19  0.0   0.0   0.06  
192   E     0.0   0.1   0.0   0.0   0.0   0.1   0.24  0.06  0.14  0.0   0.04  0.1   0.0   0.0   0.0   0.0   0.06  0.0   0.17  0.0   
193   T     0.09  0.0   0.0   0.12  0.06  0.0   0.0   0.05  0.0   0.1   0.06  0.06  0.0   0.07  0.0   0.06  0.23  0.0   0.0   0.11  
194   L     0.0   0.0   0.0   0.0   0.0   0.0   0.0   0.0   0.0   0.0   1.0   0.0   0.0   0.0   0.0   0.0   0.0   0.0   0.0   0.0   
195   M     0.0   0.0   0.0   0.0   0.0   0.0   0.0   0.0   0.0   0.06  0.66  0.0   0.22  0.06  0.0   0.0   0.0   0.0   0.0   0.0   
196   A     0.46  0.06  0.0   0.0   0.0   0.0   0.0   0.16  0.0   0.0   0.0   0.06  0.0   0.0   0.0   0.25  0.0   0.0   0.0   0.0   
197   K     0.0   0.0   0.11  0.12  0.0   0.0   0.0   0.0   0.0   0.0   0.0   0.4   0.0   0.0   0.0   0.0   0.37  0.0   0.0   0.0   
198   A     0.59  0.0   0.0   0.0   0.0   0.0   0.0   0.0   0.0   0.0   0.0   0.0   0.0   0.12  0.0   0.3   0.0   0.0   0.0   0.0   
199   I     0.0   0.0   0.0   0.0   0.0   0.0   0.0   0.0   0.0   0.34  0.12  0.0   0.06  0.0   0.0   0.0   0.07  0.0   0.0   0.42  
200   D     0.0   0.0   0.36  0.58  0.0   0.0   0.0   0.0   0.06  0.0   0.0   0.0   0.0   0.0   0.0   0.0   0.0   0.0   0.0   0.0   
201   A     0.4   0.0   0.36  0.0   0.0   0.0   0.0   0.06  0.0   0.07  0.0   0.0   0.0   0.0   0.0   0.0   0.12  0.0   0.0   0.0   
202   G     0.12  0.0   0.0   0.0   0.0   0.0   0.0   0.25  0.0   0.0   0.11  0.0   0.3   0.0   0.0   0.15  0.07  0.0   0.0   0.0   
203   F     0.0   0.0   0.0   0.0   0.07  0.0   0.0   0.0   0.0   0.0   0.22  0.0   0.09  0.4   0.0   0.0   0.0   0.0   0.23  0.0   
204   I     0.0   0.0   0.0   0.0   0.0   0.0   0.0   0.0   0.0   0.52  0.44  0.0   0.0   0.0   0.0   0.0   0.0   0.0   0.0   0.04  
205   R     0.0   0.53  0.0   0.07  0.0   0.06  0.0   0.0   0.0   0.0   0.0   0.17  0.12  0.0   0.0   0.06  0.0   0.0   0.0   0.0   
206   D     0.0   0.07  0.2   0.5   0.0   0.0   0.11  0.0   0.0   0.0   0.0   0.05  0.0   0.0   0.0   0.0   0.0   0.0   0.0   0.06  
207   R     0.0   0.96  0.0   0.0   0.0   0.0   0.0   0.0   0.0   0.0   0.0   0.04  0.0   0.0   0.0   0.0   0.0   0.0   0.0   0.0   
208   L     0.0   0.0   0.0   0.0   0.0   0.0   0.0   0.12  0.0   0.06  0.28  0.07  0.0   0.12  0.0   0.0   0.0   0.3   0.0   0.06  
209   D     0.0   0.0   0.11  0.15  0.0   0.1   0.21  0.0   0.0   0.0   0.0   0.0   0.0   0.0   0.23  0.14  0.06  0.0   0.0   0.0   
210   L     0.0   0.0   0.0   0.0   0.06  0.0   0.0   0.0   0.0   0.1   0.28  0.23  0.0   0.0   0.0   0.0   0.22  0.0   0.06  0.05  
211   L     0.0   0.0   0.0   0.0   0.0   0.0   0.0   0.0   0.0   0.05  0.7   0.0   0.0   0.0   0.0   0.0   0.0   0.0   0.0   0.25  
212   K     0.21  0.23  0.0   0.0   0.0   0.12  0.0   0.0   0.0   0.0   0.0   0.28  0.0   0.0   0.0   0.16  0.0   0.0   0.0   0.0   
213   T     0.1   0.08  0.0   0.0   0.0   0.06  0.14  0.0   0.0   0.0   0.11  0.05  0.0   0.0   0.0   0.06  0.22  0.0   0.18  0.0   
214   D     0.0   0.42  0.0   0.58  0.0   0.0   0.0   0.0   0.0   0.0   0.0   0.0   0.0   0.0   0.0   0.0   0.0   0.0   0.0   0.0   
215   R     0.0   0.6   0.0   0.0   0.0   0.0   0.0   0.0   0.0   0.0   0.0   0.4   0.0   0.0   0.0   0.0   0.0   0.0   0.0   0.0   
216   G     0.0   0.37  0.0   0.0   0.0   0.23  0.06  0.22  0.06  0.0   0.0   0.07  0.0   0.0   0.0   0.0   0.0   0.0   0.0   0.0   
217   V     0.06  0.0   0.0   0.0   0.0   0.09  0.17  0.0   0.0   0.0   0.36  0.0   0.11  0.0   0.0   0.0   0.0   0.0   0.0   0.22  
218   A     0.77  0.0   0.0   0.0   0.05  0.0   0.0   0.0   0.0   0.0   0.0   0.0   0.0   0.0   0.0   0.06  0.0   0.0   0.0   0.11  
219   S     0.06  0.0   0.06  0.06  0.07  0.0   0.05  0.59  0.0   0.0   0.0   0.05  0.0   0.0   0.0   0.06  0.0   0.0   0.0   0.0   
220   I     0.0   0.0   0.0   0.0   0.0   0.0   0.0   0.0   0.0   0.56  0.12  0.0   0.0   0.0   0.0   0.0   0.0   0.0   0.0   0.32  
221   L     0.13  0.1   0.0   0.07  0.0   0.0   0.04  0.0   0.0   0.0   0.06  0.1   0.05  0.0   0.06  0.17  0.16  0.0   0.06  0.0   
222   S     0.17  0.06  0.12  0.0   0.0   0.0   0.05  0.3   0.0   0.0   0.0   0.17  0.0   0.0   0.06  0.06  0.0   0.0   0.0   0.0   
223   P     0.06  0.0   0.0   0.0   0.05  0.05  0.24  0.0   0.25  0.0   0.05  0.0   0.0   0.0   0.23  0.06  0.0   0.0   0.0   0.0   
224   V     0.03  0.0   0.0   0.0   0.0   0.0   0.0   0.0   0.0   0.0   0.0   0.17  0.0   0.0   0.0   0.24  0.48  0.0   0.0   0.08  
225   Y     0.0   0.0   0.0   0.0   0.0   0.0   0.0   0.0   0.0   0.0   0.0   0.0   0.0   0.0   0.0   0.0   0.0   0.0   1.0   0.0   
226   L     0.0   0.0   0.0   0.0   0.0   0.0   0.0   0.0   0.0   0.12  0.7   0.0   0.0   0.0   0.0   0.0   0.0   0.0   0.0   0.18  
227   K     0.0   0.07  0.0   0.0   0.0   0.42  0.0   0.0   0.0   0.0   0.0   0.51  0.0   0.0   0.0   0.0   0.0   0.0   0.0   0.0   
228   A     1.0   0.0   0.0   0.0   0.0   0.0   0.0   0.0   0.0   0.0   0.0   0.0   0.0   0.0   0.0   0.0   0.0   0.0   0.0   0.0   
