             A     R     N     D     C     Q     E     G     H     I     L     K     M     F     P     S     T     W     Y     V
1     K     0.0   0.0   0.0   0.0   0.0   0.0   0.0   0.0   0.0   0.0   0.0   1.0   0.0   0.0   0.0   0.0   0.0   0.0   0.0   0.0   
2     P     0.0   0.0   0.0   0.0   0.0   0.0   0.0   0.0   0.0   0.0   0.0   0.0   0.0   0.0   1.0   0.0   0.0   0.0   0.0   0.0   
3     V     0.0   0.0   0.0   0.0   0.0   0.0   0.0   0.0   0.0   0.0   0.0   0.0   0.0   0.0   0.0   0.0   0.0   0.0   0.0   1.0   
4     I     0.0   0.0   0.0   0.0   0.0   0.0   0.0   0.0   0.0   1.0   0.0   0.0   0.0   0.0   0.0   0.0   0.0   0.0   0.0   0.0   
5     W     0.0   0.0   0.0   0.0   0.0   0.0   0.0   0.0   0.0   0.0   0.0   0.0   0.0   0.0   0.0   0.0   0.0   1.0   0.0   0.0   
6     T     0.0   0.0   0.0   0.0   0.0   0.0   0.0   0.0   0.0   0.0   0.0   0.0   0.0   0.0   0.0   0.0   1.0   0.0   0.0   0.0   
7     V     0.0   0.0   0.0   0.0   0.0   0.0   0.0   0.0   0.0   0.0   0.0   0.0   0.0   0.0   0.0   0.0   0.0   0.0   0.0   1.0   
8     S     0.0   0.0   0.0   0.0   0.0   0.0   0.0   0.0   0.0   0.0   0.0   0.0   0.0   0.0   0.0   1.0   0.0   0.0   0.0   0.0   
9     V     0.0   0.0   0.0   0.0   0.0   0.0   0.0   0.0   0.0   0.0   0.0   0.0   0.0   0.0   0.0   0.0   0.0   0.0   0.0   1.0   
10    T     0.0   0.0   0.0   0.0   0.0   0.0   0.0   0.0   0.0   0.0   0.0   0.0   0.0   0.0   0.0   0.0   1.0   0.0   0.0   0.0   
11    R     0.0   1.0   0.0   0.0   0.0   0.0   0.0   0.0   0.0   0.0   0.0   0.0   0.0   0.0   0.0   0.0   0.0   0.0   0.0   0.0   
12    L     0.0   0.0   0.0   0.0   0.0   0.0   0.0   0.0   0.0   0.0   1.0   0.0   0.0   0.0   0.0   0.0   0.0   0.0   0.0   0.0   
13    F     0.0   0.0   0.0   0.0   0.0   0.0   0.0   0.0   0.0   0.0   0.0   0.0   0.0   1.0   0.0   0.0   0.0   0.0   0.0   0.0   
14    E     0.0   0.0   0.0   0.0   0.0   0.0   1.0   0.0   0.0   0.0   0.0   0.0   0.0   0.0   0.0   0.0   0.0   0.0   0.0   0.0   
15    L     0.0   0.0   0.0   0.0   0.0   0.0   0.0   0.0   0.0   0.0   1.0   0.0   0.0   0.0   0.0   0.0   0.0   0.0   0.0   0.0   
16    F     0.0   0.0   0.0   0.0   0.0   0.0   0.0   0.0   0.0   0.0   0.0   0.0   0.0   1.0   0.0   0.0   0.0   0.0   0.0   0.0   
17    R     0.0   1.0   0.0   0.0   0.0   0.0   0.0   0.0   0.0   0.0   0.0   0.0   0.0   0.0   0.0   0.0   0.0   0.0   0.0   0.0   
18    D     0.0   0.0   0.0   1.0   0.0   0.0   0.0   0.0   0.0   0.0   0.0   0.0   0.0   0.0   0.0   0.0   0.0   0.0   0.0   0.0   
19    I     0.0   0.0   0.0   0.0   0.0   0.0   0.0   0.0   0.0   1.0   0.0   0.0   0.0   0.0   0.0   0.0   0.0   0.0   0.0   0.0   
20    S     0.0   0.0   0.0   0.0   0.0   0.0   0.0   0.0   0.0   0.0   0.0   0.0   0.0   0.0   0.0   1.0   0.0   0.0   0.0   0.0   
21    L     0.0   0.0   0.0   0.0   0.0   0.0   0.0   0.0   0.0   0.0   1.0   0.0   0.0   0.0   0.0   0.0   0.0   0.0   0.0   0.0   
22    E     0.0   0.0   0.0   0.0   0.0   0.0   1.0   0.0   0.0   0.0   0.0   0.0   0.0   0.0   0.0   0.0   0.0   0.0   0.0   0.0   
23    F     0.0   0.0   0.0   0.0   0.0   0.0   0.0   0.0   0.0   0.0   0.0   0.0   0.0   1.0   0.0   0.0   0.0   0.0   0.0   0.0   
24    D     0.0   0.0   0.0   1.0   0.0   0.0   0.0   0.0   0.0   0.0   0.0   0.0   0.0   0.0   0.0   0.0   0.0   0.0   0.0   0.0   
25    H     0.0   0.0   0.0   0.0   0.0   0.0   0.0   0.0   1.0   0.0   0.0   0.0   0.0   0.0   0.0   0.0   0.0   0.0   0.0   0.0   
26    L     0.0   0.0   0.0   0.0   0.0   0.0   0.0   0.0   0.0   0.0   1.0   0.0   0.0   0.0   0.0   0.0   0.0   0.0   0.0   0.0   
27    A     1.0   0.0   0.0   0.0   0.0   0.0   0.0   0.0   0.0   0.0   0.0   0.0   0.0   0.0   0.0   0.0   0.0   0.0   0.0   0.0   
28    N     0.0   0.0   0.65  0.0   0.0   0.0   0.0   0.0   0.0   0.0   0.0   0.0   0.0   0.0   0.0   0.0   0.35  0.0   0.0   0.0   
29    I     0.0   0.0   0.0   0.0   0.0   0.0   0.0   0.0   0.0   1.0   0.0   0.0   0.0   0.0   0.0   0.0   0.0   0.0   0.0   0.0   
30    T     0.0   0.0   0.0   0.0   0.0   0.0   0.0   0.0   0.0   0.0   0.0   0.0   0.0   0.0   0.0   0.0   1.0   0.0   0.0   0.0   
31    P     0.0   0.0   0.0   0.0   0.0   0.0   0.0   0.0   0.0   0.0   0.0   0.0   0.0   0.0   1.0   0.0   0.0   0.0   0.0   0.0   
32    I     0.0   0.0   0.0   0.0   0.0   0.0   0.0   0.0   0.0   1.0   0.0   0.0   0.0   0.0   0.0   0.0   0.0   0.0   0.0   0.0   
33    Q     0.0   0.0   0.0   0.0   0.0   1.0   0.0   0.0   0.0   0.0   0.0   0.0   0.0   0.0   0.0   0.0   0.0   0.0   0.0   0.0   
34    L     0.0   0.0   0.0   0.0   0.0   0.0   0.0   0.0   0.0   0.0   1.0   0.0   0.0   0.0   0.0   0.0   0.0   0.0   0.0   0.0   
35    G     0.0   0.0   0.0   0.0   0.0   0.0   0.0   1.0   0.0   0.0   0.0   0.0   0.0   0.0   0.0   0.0   0.0   0.0   0.0   0.0   
36    F     0.0   0.0   0.0   0.0   0.0   0.0   0.0   0.0   0.0   0.0   0.0   0.0   0.0   1.0   0.0   0.0   0.0   0.0   0.0   0.0   
37    E     0.0   0.0   0.0   0.0   0.0   0.0   1.0   0.0   0.0   0.0   0.0   0.0   0.0   0.0   0.0   0.0   0.0   0.0   0.0   0.0   
38    K     0.0   0.0   0.0   0.0   0.0   0.0   0.0   0.0   0.0   0.0   0.0   1.0   0.0   0.0   0.0   0.0   0.0   0.0   0.0   0.0   
39    A     1.0   0.0   0.0   0.0   0.0   0.0   0.0   0.0   0.0   0.0   0.0   0.0   0.0   0.0   0.0   0.0   0.0   0.0   0.0   0.0   
40    V     0.0   0.0   0.0   0.0   0.0   0.0   0.0   0.0   0.0   0.0   0.0   0.0   0.0   0.0   0.0   0.0   0.0   0.0   0.0   1.0   
41    T     0.0   0.0   0.0   0.0   0.0   0.0   0.0   0.0   0.0   0.0   0.0   0.0   0.0   0.0   0.0   0.0   1.0   0.0   0.0   0.0   
42    Y     0.0   0.0   0.0   0.0   0.0   0.0   0.0   0.0   0.0   0.0   0.0   0.0   0.0   0.0   0.0   0.0   0.0   0.0   1.0   0.0   
43    I     0.0   0.0   0.0   0.0   0.0   0.0   0.0   0.0   0.0   1.0   0.0   0.0   0.0   0.0   0.0   0.0   0.0   0.0   0.0   0.0   
44    R     0.0   1.0   0.0   0.0   0.0   0.0   0.0   0.0   0.0   0.0   0.0   0.0   0.0   0.0   0.0   0.0   0.0   0.0   0.0   0.0   
45    K     0.0   0.0   0.0   0.0   0.0   0.0   0.0   0.0   0.0   0.0   0.0   1.0   0.0   0.0   0.0   0.0   0.0   0.0   0.0   0.0   
46    K     0.0   0.0   0.0   0.0   0.0   0.0   0.0   0.0   0.0   0.0   0.0   1.0   0.0   0.0   0.0   0.0   0.0   0.0   0.0   0.0   
47    L     0.0   0.0   0.0   0.0   0.0   0.0   0.0   0.0   0.0   0.0   1.0   0.0   0.0   0.0   0.0   0.0   0.0   0.0   0.0   0.0   
48    A     1.0   0.0   0.0   0.0   0.0   0.0   0.0   0.0   0.0   0.0   0.0   0.0   0.0   0.0   0.0   0.0   0.0   0.0   0.0   0.0   
49    N     0.0   0.0   0.65  0.0   0.0   0.0   0.0   0.0   0.0   0.0   0.0   0.0   0.0   0.0   0.0   0.0   0.35  0.0   0.0   0.0   
50    E     0.0   0.0   0.0   0.0   0.0   0.0   1.0   0.0   0.0   0.0   0.0   0.0   0.0   0.0   0.0   0.0   0.0   0.0   0.0   0.0   
51    R     0.0   1.0   0.0   0.0   0.0   0.0   0.0   0.0   0.0   0.0   0.0   0.0   0.0   0.0   0.0   0.0   0.0   0.0   0.0   0.0   
52    C     0.0   0.0   0.0   0.0   1.0   0.0   0.0   0.0   0.0   0.0   0.0   0.0   0.0   0.0   0.0   0.0   0.0   0.0   0.0   0.0   
53    D     0.0   0.0   0.0   1.0   0.0   0.0   0.0   0.0   0.0   0.0   0.0   0.0   0.0   0.0   0.0   0.0   0.0   0.0   0.0   0.0   
54    A     1.0   0.0   0.0   0.0   0.0   0.0   0.0   0.0   0.0   0.0   0.0   0.0   0.0   0.0   0.0   0.0   0.0   0.0   0.0   0.0   
55    I     0.0   0.0   0.0   0.0   0.0   0.0   0.0   0.0   0.0   1.0   0.0   0.0   0.0   0.0   0.0   0.0   0.0   0.0   0.0   0.0   
56    I     0.0   0.0   0.0   0.0   0.0   0.0   0.0   0.0   0.0   1.0   0.0   0.0   0.0   0.0   0.0   0.0   0.0   0.0   0.0   0.0   
57    A     1.0   0.0   0.0   0.0   0.0   0.0   0.0   0.0   0.0   0.0   0.0   0.0   0.0   0.0   0.0   0.0   0.0   0.0   0.0   0.0   
58    A     1.0   0.0   0.0   0.0   0.0   0.0   0.0   0.0   0.0   0.0   0.0   0.0   0.0   0.0   0.0   0.0   0.0   0.0   0.0   0.0   
59    G     0.0   0.0   0.0   0.0   0.0   0.0   0.0   1.0   0.0   0.0   0.0   0.0   0.0   0.0   0.0   0.0   0.0   0.0   0.0   0.0   
60    S     0.0   0.0   0.0   0.0   0.0   0.0   0.0   0.0   0.0   0.0   0.0   0.0   0.0   0.0   0.0   1.0   0.0   0.0   0.0   0.0   
61    N     0.0   0.0   1.0   0.0   0.0   0.0   0.0   0.0   0.0   0.0   0.0   0.0   0.0   0.0   0.0   0.0   0.0   0.0   0.0   0.0   
62    G     0.0   0.0   0.0   0.0   0.0   0.0   0.0   1.0   0.0   0.0   0.0   0.0   0.0   0.0   0.0   0.0   0.0   0.0   0.0   0.0   
63    A     1.0   0.0   0.0   0.0   0.0   0.0   0.0   0.0   0.0   0.0   0.0   0.0   0.0   0.0   0.0   0.0   0.0   0.0   0.0   0.0   
64    Y     0.0   0.0   0.0   0.0   0.0   0.0   0.0   0.0   0.0   0.0   0.0   0.0   0.0   0.0   0.0   0.0   0.0   0.0   1.0   0.0   
65    L     0.0   0.0   0.0   0.0   0.0   0.0   0.0   0.0   0.0   0.0   1.0   0.0   0.0   0.0   0.0   0.0   0.0   0.0   0.0   0.0   
66    K     0.0   0.0   0.0   0.0   0.0   0.0   0.0   0.0   0.0   0.0   0.0   1.0   0.0   0.0   0.0   0.0   0.0   0.0   0.0   0.0   
67    S     0.0   0.0   0.0   0.0   0.0   0.0   0.0   0.0   0.0   0.0   0.0   0.0   0.0   0.0   0.0   1.0   0.0   0.0   0.0   0.0   
68    R     0.0   1.0   0.0   0.0   0.0   0.0   0.0   0.0   0.0   0.0   0.0   0.0   0.0   0.0   0.0   0.0   0.0   0.0   0.0   0.0   
69    L     0.0   0.0   0.0   0.0   0.0   0.0   0.0   0.0   0.0   0.0   1.0   0.0   0.0   0.0   0.0   0.0   0.0   0.0   0.0   0.0   
70    S     0.0   0.0   0.0   0.0   0.0   0.0   0.0   0.0   0.0   0.0   0.0   0.0   0.0   0.0   0.0   1.0   0.0   0.0   0.0   0.0   
71    V     0.0   0.0   0.0   0.0   0.0   0.0   0.0   0.0   0.0   0.35  0.0   0.0   0.0   0.0   0.0   0.0   0.0   0.0   0.0   0.65  
72    P     0.0   0.0   0.0   0.0   0.0   0.0   0.0   0.0   0.0   0.0   0.0   0.0   0.0   0.0   1.0   0.0   0.0   0.0   0.0   0.0   
73    V     0.0   0.0   0.0   0.0   0.0   0.0   0.0   0.0   0.0   0.0   0.0   0.0   0.0   0.0   0.0   0.0   0.0   0.0   0.0   1.0   
74    I     0.0   0.0   0.0   0.0   0.0   0.0   0.0   0.0   0.0   1.0   0.0   0.0   0.0   0.0   0.0   0.0   0.0   0.0   0.0   0.0   
75    L     0.0   0.0   0.0   0.0   0.0   0.0   0.0   0.0   0.0   0.0   1.0   0.0   0.0   0.0   0.0   0.0   0.0   0.0   0.0   0.0   
76    I     0.0   0.0   0.0   0.0   0.0   0.0   0.0   0.0   0.0   1.0   0.0   0.0   0.0   0.0   0.0   0.0   0.0   0.0   0.0   0.0   
77    K     0.0   0.0   0.0   0.0   0.0   0.0   0.0   0.0   0.0   0.0   0.0   1.0   0.0   0.0   0.0   0.0   0.0   0.0   0.0   0.0   
78    P     0.0   0.0   0.0   0.0   0.0   0.0   0.0   0.0   0.0   0.0   0.0   0.0   0.0   0.0   1.0   0.0   0.0   0.0   0.0   0.0   
79    S     0.0   0.0   0.0   0.0   0.0   0.0   0.0   0.0   0.0   0.0   0.0   0.0   0.0   0.0   0.0   1.0   0.0   0.0   0.0   0.0   
80    G     0.0   0.0   0.0   0.0   0.0   0.0   0.0   1.0   0.0   0.0   0.0   0.0   0.0   0.0   0.0   0.0   0.0   0.0   0.0   0.0   
81    Y     0.0   0.0   0.0   0.0   0.0   0.0   0.0   0.0   0.0   0.0   0.0   0.0   0.0   0.35  0.0   0.0   0.0   0.0   0.65  0.0   
82    D     0.0   0.0   0.0   1.0   0.0   0.0   0.0   0.0   0.0   0.0   0.0   0.0   0.0   0.0   0.0   0.0   0.0   0.0   0.0   0.0   
83    V     0.0   0.0   0.0   0.0   0.0   0.0   0.0   0.0   0.0   0.0   0.0   0.0   0.0   0.0   0.0   0.0   0.0   0.0   0.0   1.0   
84    L     0.0   0.0   0.0   0.0   0.0   0.0   0.0   0.0   0.0   0.0   1.0   0.0   0.0   0.0   0.0   0.0   0.0   0.0   0.0   0.0   
85    Q     0.0   0.0   0.0   0.0   0.0   1.0   0.0   0.0   0.0   0.0   0.0   0.0   0.0   0.0   0.0   0.0   0.0   0.0   0.0   0.0   
86    F     0.67  0.0   0.0   0.0   0.0   0.0   0.0   0.0   0.0   0.0   0.0   0.0   0.0   0.33  0.0   0.0   0.0   0.0   0.0   0.0   
87    L     0.0   0.0   0.0   0.0   0.0   0.0   0.0   0.0   0.0   0.0   1.0   0.0   0.0   0.0   0.0   0.0   0.0   0.0   0.0   0.0   
88    A     1.0   0.0   0.0   0.0   0.0   0.0   0.0   0.0   0.0   0.0   0.0   0.0   0.0   0.0   0.0   0.0   0.0   0.0   0.0   0.0   
89    K     0.0   0.0   0.0   0.0   0.0   0.0   0.0   0.0   0.0   0.0   0.0   1.0   0.0   0.0   0.0   0.0   0.0   0.0   0.0   0.0   
90    A     1.0   0.0   0.0   0.0   0.0   0.0   0.0   0.0   0.0   0.0   0.0   0.0   0.0   0.0   0.0   0.0   0.0   0.0   0.0   0.0   
91    G     0.0   0.0   0.0   0.0   0.0   0.0   0.0   1.0   0.0   0.0   0.0   0.0   0.0   0.0   0.0   0.0   0.0   0.0   0.0   0.0   
92    K     0.0   0.0   0.0   0.0   0.0   0.0   0.0   0.0   0.0   0.0   0.0   1.0   0.0   0.0   0.0   0.0   0.0   0.0   0.0   0.0   
93    L     0.0   0.0   0.0   0.0   0.0   0.0   0.0   0.0   0.0   0.0   1.0   0.0   0.0   0.0   0.0   0.0   0.0   0.0   0.0   0.0   
94    T     0.0   0.0   0.0   0.0   0.0   0.0   0.0   0.0   0.0   0.0   0.0   0.0   0.0   0.0   0.0   0.0   1.0   0.0   0.0   0.0   
95    S     0.0   0.0   0.0   0.0   0.0   0.0   0.0   0.0   0.0   0.0   0.0   0.0   0.0   0.0   0.0   1.0   0.0   0.0   0.0   0.0   
96    S     0.0   0.0   0.0   0.0   0.0   0.0   0.0   0.0   0.0   0.0   0.0   0.0   0.0   0.0   0.0   1.0   0.0   0.0   0.0   0.0   
97    I     0.0   0.0   0.0   0.0   0.0   0.0   0.0   0.0   0.0   1.0   0.0   0.0   0.0   0.0   0.0   0.0   0.0   0.0   0.0   0.0   
98    G     0.0   0.0   0.0   0.0   0.0   0.0   0.0   1.0   0.0   0.0   0.0   0.0   0.0   0.0   0.0   0.0   0.0   0.0   0.0   0.0   
99    V     0.0   0.0   0.0   0.0   0.0   0.0   0.0   0.0   0.0   0.35  0.0   0.0   0.0   0.0   0.0   0.0   0.0   0.0   0.0   0.65  
100   V     0.0   0.0   0.0   0.0   0.0   0.0   0.0   0.0   0.0   0.0   0.0   0.0   0.0   0.0   0.0   0.0   0.0   0.0   0.0   1.0   
101   T     0.0   0.0   0.0   0.0   0.0   0.0   0.0   0.0   0.0   0.0   0.0   0.0   0.0   0.0   0.0   0.0   1.0   0.0   0.0   0.0   
102   Y     0.0   0.0   0.0   0.0   0.0   0.0   0.0   0.0   0.0   0.0   0.0   0.0   0.0   0.0   0.0   0.0   0.0   0.0   1.0   0.0   
103   Q     0.0   0.0   0.0   0.0   0.0   1.0   0.0   0.0   0.0   0.0   0.0   0.0   0.0   0.0   0.0   0.0   0.0   0.0   0.0   0.0   
104   E     0.0   0.0   0.0   0.0   0.0   0.0   1.0   0.0   0.0   0.0   0.0   0.0   0.0   0.0   0.0   0.0   0.0   0.0   0.0   0.0   
105   T     0.0   0.0   0.0   0.0   0.0   0.0   0.0   0.0   0.0   0.0   0.0   0.0   0.0   0.0   0.0   0.0   1.0   0.0   0.0   0.0   
106   I     0.0   0.0   0.0   0.0   0.0   0.0   0.0   0.0   0.0   1.0   0.0   0.0   0.0   0.0   0.0   0.0   0.0   0.0   0.0   0.0   
107   P     0.0   0.0   0.0   0.0   0.0   0.0   0.0   0.0   0.0   0.0   0.0   0.0   0.0   0.0   1.0   0.0   0.0   0.0   0.0   0.0   
108   A     1.0   0.0   0.0   0.0   0.0   0.0   0.0   0.0   0.0   0.0   0.0   0.0   0.0   0.0   0.0   0.0   0.0   0.0   0.0   0.0   
109   L     0.0   0.0   0.0   0.0   0.0   0.0   0.0   0.0   0.0   0.0   1.0   0.0   0.0   0.0   0.0   0.0   0.0   0.0   0.0   0.0   
110   V     0.0   0.0   0.0   0.0   0.0   0.0   0.0   0.0   0.0   0.0   0.35  0.0   0.0   0.0   0.0   0.0   0.0   0.0   0.0   0.65  
111   A     1.0   0.0   0.0   0.0   0.0   0.0   0.0   0.0   0.0   0.0   0.0   0.0   0.0   0.0   0.0   0.0   0.0   0.0   0.0   0.0   
112   F     0.0   0.0   0.0   0.0   0.0   0.0   0.0   0.0   0.0   0.0   0.0   0.0   0.0   1.0   0.0   0.0   0.0   0.0   0.0   0.0   
113   Q     0.0   0.0   0.0   0.0   0.0   1.0   0.0   0.0   0.0   0.0   0.0   0.0   0.0   0.0   0.0   0.0   0.0   0.0   0.0   0.0   
114   K     0.0   0.0   0.0   0.0   0.0   0.0   0.0   0.0   0.0   0.0   0.0   1.0   0.0   0.0   0.0   0.0   0.0   0.0   0.0   0.0   
115   T     0.0   0.0   0.0   0.0   0.0   0.0   0.0   0.0   0.0   0.0   0.0   0.0   0.0   0.0   0.0   0.0   1.0   0.0   0.0   0.0   
116   F     0.0   0.0   0.0   0.0   0.0   0.0   0.0   0.0   0.0   0.0   0.0   0.0   0.0   1.0   0.0   0.0   0.0   0.0   0.0   0.0   
117   N     0.0   0.0   0.65  0.0   0.0   0.0   0.0   0.0   0.35  0.0   0.0   0.0   0.0   0.0   0.0   0.0   0.0   0.0   0.0   0.0   
118   L     0.0   0.0   0.0   0.0   0.0   0.0   0.0   0.0   0.0   0.0   1.0   0.0   0.0   0.0   0.0   0.0   0.0   0.0   0.0   0.0   
119   R     0.0   1.0   0.0   0.0   0.0   0.0   0.0   0.0   0.0   0.0   0.0   0.0   0.0   0.0   0.0   0.0   0.0   0.0   0.0   0.0   
120   L     0.0   0.0   0.0   0.0   0.0   0.0   0.0   0.0   0.0   0.0   1.0   0.0   0.0   0.0   0.0   0.0   0.0   0.0   0.0   0.0   
121   D     0.0   0.0   0.0   0.65  0.0   0.0   0.35  0.0   0.0   0.0   0.0   0.0   0.0   0.0   0.0   0.0   0.0   0.0   0.0   0.0   
122   Q     0.0   0.0   0.0   0.0   0.0   1.0   0.0   0.0   0.0   0.0   0.0   0.0   0.0   0.0   0.0   0.0   0.0   0.0   0.0   0.0   
123   R     0.0   1.0   0.0   0.0   0.0   0.0   0.0   0.0   0.0   0.0   0.0   0.0   0.0   0.0   0.0   0.0   0.0   0.0   0.0   0.0   
124   S     0.0   0.0   0.0   0.0   0.0   0.0   0.0   0.0   0.0   0.0   0.0   0.0   0.0   0.0   0.0   1.0   0.0   0.0   0.0   0.0   
125   Y     0.0   0.0   0.0   0.0   0.0   0.0   0.0   0.0   0.0   0.0   0.0   0.0   0.0   0.0   0.0   0.0   0.0   0.0   1.0   0.0   
126   I     0.0   0.0   0.0   0.0   0.0   0.0   0.0   0.0   0.0   0.65  0.0   0.0   0.0   0.0   0.0   0.0   0.0   0.0   0.0   0.35  
127   T     0.0   0.0   0.0   0.0   0.0   0.0   0.0   0.0   0.0   0.0   0.0   0.0   0.0   0.0   0.0   0.0   1.0   0.0   0.0   0.0   
128   E     0.0   0.0   0.0   0.0   0.0   0.0   1.0   0.0   0.0   0.0   0.0   0.0   0.0   0.0   0.0   0.0   0.0   0.0   0.0   0.0   
129   E     0.0   0.0   0.0   0.0   0.0   0.0   1.0   0.0   0.0   0.0   0.0   0.0   0.0   0.0   0.0   0.0   0.0   0.0   0.0   0.0   
130   D     0.0   0.0   0.0   1.0   0.0   0.0   0.0   0.0   0.0   0.0   0.0   0.0   0.0   0.0   0.0   0.0   0.0   0.0   0.0   0.0   
131   A     1.0   0.0   0.0   0.0   0.0   0.0   0.0   0.0   0.0   0.0   0.0   0.0   0.0   0.0   0.0   0.0   0.0   0.0   0.0   0.0   
132   R     0.0   1.0   0.0   0.0   0.0   0.0   0.0   0.0   0.0   0.0   0.0   0.0   0.0   0.0   0.0   0.0   0.0   0.0   0.0   0.0   
133   G     0.0   0.0   0.0   0.0   0.0   0.0   0.0   1.0   0.0   0.0   0.0   0.0   0.0   0.0   0.0   0.0   0.0   0.0   0.0   0.0   
134   Q     0.0   0.0   0.0   0.0   0.0   1.0   0.0   0.0   0.0   0.0   0.0   0.0   0.0   0.0   0.0   0.0   0.0   0.0   0.0   0.0   
135   I     0.0   0.0   0.0   0.0   0.0   0.0   0.0   0.0   0.0   1.0   0.0   0.0   0.0   0.0   0.0   0.0   0.0   0.0   0.0   0.0   
136   N     0.0   0.0   1.0   0.0   0.0   0.0   0.0   0.0   0.0   0.0   0.0   0.0   0.0   0.0   0.0   0.0   0.0   0.0   0.0   0.0   
137   E     0.0   0.0   0.0   0.0   0.0   0.0   1.0   0.0   0.0   0.0   0.0   0.0   0.0   0.0   0.0   0.0   0.0   0.0   0.0   0.0   
138   L     0.0   0.0   0.0   0.0   0.0   0.0   0.0   0.0   0.0   0.0   1.0   0.0   0.0   0.0   0.0   0.0   0.0   0.0   0.0   0.0   
139   K     0.0   0.0   0.0   0.0   0.0   0.0   0.0   0.0   0.0   0.0   0.0   1.0   0.0   0.0   0.0   0.0   0.0   0.0   0.0   0.0   
140   A     1.0   0.0   0.0   0.0   0.0   0.0   0.0   0.0   0.0   0.0   0.0   0.0   0.0   0.0   0.0   0.0   0.0   0.0   0.0   0.0   
141   N     0.0   0.0   1.0   0.0   0.0   0.0   0.0   0.0   0.0   0.0   0.0   0.0   0.0   0.0   0.0   0.0   0.0   0.0   0.0   0.0   
142   G     0.0   0.0   0.0   0.0   0.0   0.0   0.0   1.0   0.0   0.0   0.0   0.0   0.0   0.0   0.0   0.0   0.0   0.0   0.0   0.0   
143   T     0.0   0.0   0.0   0.0   0.0   0.0   0.0   0.0   0.0   0.35  0.0   0.0   0.0   0.0   0.0   0.0   0.65  0.0   0.0   0.0   
144   E     0.0   0.0   0.0   0.0   0.0   0.0   1.0   0.0   0.0   0.0   0.0   0.0   0.0   0.0   0.0   0.0   0.0   0.0   0.0   0.0   
145   A     1.0   0.0   0.0   0.0   0.0   0.0   0.0   0.0   0.0   0.0   0.0   0.0   0.0   0.0   0.0   0.0   0.0   0.0   0.0   0.0   
146   V     0.0   0.0   0.0   0.0   0.0   0.0   0.0   0.0   0.0   0.0   0.0   0.0   0.0   0.0   0.0   0.0   0.0   0.0   0.0   1.0   
147   V     0.0   0.0   0.0   0.0   0.0   0.0   0.0   0.0   0.0   0.0   0.0   0.0   0.0   0.0   0.0   0.0   0.0   0.0   0.0   1.0   
148   G     0.0   0.0   0.0   0.0   0.0   0.0   0.0   1.0   0.0   0.0   0.0   0.0   0.0   0.0   0.0   0.0   0.0   0.0   0.0   0.0   
149   A     1.0   0.0   0.0   0.0   0.0   0.0   0.0   0.0   0.0   0.0   0.0   0.0   0.0   0.0   0.0   0.0   0.0   0.0   0.0   0.0   
150   G     0.0   0.0   0.0   0.0   0.0   0.0   0.0   1.0   0.0   0.0   0.0   0.0   0.0   0.0   0.0   0.0   0.0   0.0   0.0   0.0   
151   L     0.0   0.0   0.0   0.0   0.0   0.0   0.0   0.0   0.0   0.0   1.0   0.0   0.0   0.0   0.0   0.0   0.0   0.0   0.0   0.0   
152   I     0.0   0.0   0.0   0.0   0.0   0.0   0.0   0.0   0.0   1.0   0.0   0.0   0.0   0.0   0.0   0.0   0.0   0.0   0.0   0.0   
153   T     0.0   0.0   0.0   0.0   0.0   0.0   0.0   0.0   0.0   0.0   0.0   0.0   0.0   0.0   0.0   0.0   1.0   0.0   0.0   0.0   
154   D     0.0   0.0   0.0   1.0   0.0   0.0   0.0   0.0   0.0   0.0   0.0   0.0   0.0   0.0   0.0   0.0   0.0   0.0   0.0   0.0   
155   L     0.0   0.0   0.0   0.0   0.0   0.0   0.0   0.0   0.0   0.0   1.0   0.0   0.0   0.0   0.0   0.0   0.0   0.0   0.0   0.0   
156   A     1.0   0.0   0.0   0.0   0.0   0.0   0.0   0.0   0.0   0.0   0.0   0.0   0.0   0.0   0.0   0.0   0.0   0.0   0.0   0.0   
157   E     0.0   0.0   0.0   0.0   0.0   0.0   1.0   0.0   0.0   0.0   0.0   0.0   0.0   0.0   0.0   0.0   0.0   0.0   0.0   0.0   
158   E     0.0   0.0   0.0   0.0   0.0   0.0   1.0   0.0   0.0   0.0   0.0   0.0   0.0   0.0   0.0   0.0   0.0   0.0   0.0   0.0   
159   A     1.0   0.0   0.0   0.0   0.0   0.0   0.0   0.0   0.0   0.0   0.0   0.0   0.0   0.0   0.0   0.0   0.0   0.0   0.0   0.0   
160   G     0.0   0.0   0.0   0.0   0.0   0.0   0.0   1.0   0.0   0.0   0.0   0.0   0.0   0.0   0.0   0.0   0.0   0.0   0.0   0.0   
161   M     0.0   0.0   0.0   0.0   0.0   0.0   0.0   0.0   0.0   0.0   0.0   0.0   1.0   0.0   0.0   0.0   0.0   0.0   0.0   0.0   
162   T     0.0   0.0   0.0   0.0   0.0   0.0   0.0   0.0   0.0   0.0   0.0   0.0   0.0   0.0   0.0   0.0   1.0   0.0   0.0   0.0   
163   G     0.35  0.0   0.0   0.0   0.0   0.0   0.0   0.65  0.0   0.0   0.0   0.0   0.0   0.0   0.0   0.0   0.0   0.0   0.0   0.0   
164   I     0.0   0.0   0.0   0.0   0.0   0.0   0.0   0.0   0.0   1.0   0.0   0.0   0.0   0.0   0.0   0.0   0.0   0.0   0.0   0.0   
165   F     0.0   0.0   0.0   0.0   0.0   0.0   0.0   0.0   0.0   0.0   0.0   0.0   0.0   1.0   0.0   0.0   0.0   0.0   0.0   0.0   
166   I     0.0   0.0   0.0   0.0   0.0   0.0   0.0   0.0   0.0   1.0   0.0   0.0   0.0   0.0   0.0   0.0   0.0   0.0   0.0   0.0   
167   Y     0.0   0.0   0.0   0.0   0.0   0.0   0.0   0.0   0.0   0.0   0.0   0.0   0.0   0.0   0.0   0.0   0.0   0.0   1.0   0.0   
168   S     0.0   0.0   0.0   0.0   0.0   0.0   0.0   0.0   0.0   0.0   0.0   0.0   0.0   0.0   0.0   1.0   0.0   0.0   0.0   0.0   
169   A     1.0   0.0   0.0   0.0   0.0   0.0   0.0   0.0   0.0   0.0   0.0   0.0   0.0   0.0   0.0   0.0   0.0   0.0   0.0   0.0   
170   A     1.0   0.0   0.0   0.0   0.0   0.0   0.0   0.0   0.0   0.0   0.0   0.0   0.0   0.0   0.0   0.0   0.0   0.0   0.0   0.0   
171   T     0.0   0.0   0.0   0.0   0.0   0.0   0.0   0.0   0.0   0.0   0.0   0.0   0.0   0.0   0.0   0.0   1.0   0.0   0.0   0.0   
172   V     0.0   0.0   0.0   0.0   0.0   0.0   0.0   0.0   0.0   0.0   0.0   0.0   0.0   0.0   0.0   0.0   0.0   0.0   0.0   1.0   
173   R     0.0   1.0   0.0   0.0   0.0   0.0   0.0   0.0   0.0   0.0   0.0   0.0   0.0   0.0   0.0   0.0   0.0   0.0   0.0   0.0   
174   Q     0.0   0.0   0.0   0.0   0.0   1.0   0.0   0.0   0.0   0.0   0.0   0.0   0.0   0.0   0.0   0.0   0.0   0.0   0.0   0.0   
175   A     1.0   0.0   0.0   0.0   0.0   0.0   0.0   0.0   0.0   0.0   0.0   0.0   0.0   0.0   0.0   0.0   0.0   0.0   0.0   0.0   
176   F     0.0   0.0   0.0   0.0   0.0   0.0   0.0   0.0   0.0   0.0   0.0   0.0   0.0   1.0   0.0   0.0   0.0   0.0   0.0   0.0   
177   S     0.0   0.0   0.0   0.0   0.0   0.0   0.0   0.0   0.35  0.0   0.0   0.0   0.0   0.0   0.0   0.65  0.0   0.0   0.0   0.0   
178   D     0.0   0.0   0.0   1.0   0.0   0.0   0.0   0.0   0.0   0.0   0.0   0.0   0.0   0.0   0.0   0.0   0.0   0.0   0.0   0.0   
179   A     1.0   0.0   0.0   0.0   0.0   0.0   0.0   0.0   0.0   0.0   0.0   0.0   0.0   0.0   0.0   0.0   0.0   0.0   0.0   0.0   
180   L     0.0   0.0   0.0   0.0   0.0   0.0   0.0   0.0   0.0   0.0   1.0   0.0   0.0   0.0   0.0   0.0   0.0   0.0   0.0   0.0   
181   D     0.0   0.0   0.0   1.0   0.0   0.0   0.0   0.0   0.0   0.0   0.0   0.0   0.0   0.0   0.0   0.0   0.0   0.0   0.0   0.0   
182   M     0.0   0.0   0.0   0.0   0.0   0.0   0.0   0.0   0.0   0.0   0.0   0.0   1.0   0.0   0.0   0.0   0.0   0.0   0.0   0.0   
183   T     0.0   0.0   0.0   0.0   0.0   0.0   0.0   0.0   0.0   0.0   0.0   0.0   0.0   0.0   0.0   0.0   1.0   0.0   0.0   0.0   
184   R     0.0   1.0   0.0   0.0   0.0   0.0   0.0   0.0   0.0   0.0   0.0   0.0   0.0   0.0   0.0   0.0   0.0   0.0   0.0   0.0   
185   M     0.0   0.0   0.0   0.0   0.0   0.0   0.0   0.0   0.0   0.0   0.35  0.0   0.65  0.0   0.0   0.0   0.0   0.0   0.0   0.0   
186   S     0.0   0.0   0.0   0.0   0.0   0.0   0.0   0.0   0.0   0.0   0.0   0.0   0.0   0.0   0.0   0.65  0.35  0.0   0.0   0.0   
