             A     R     N     D     C     Q     E     G     H     I     L     K     M     F     P     S     T     W     Y     V
1     M     0.0   0.0   0.0   0.0   0.0   0.0   0.0   0.0   0.0   0.13  0.42  0.0   0.32  0.04  0.0   0.0   0.0   0.0   0.0   0.09  
2     L     0.0   0.0   0.0   0.0   0.0   0.0   0.0   0.0   0.0   0.06  0.24  0.0   0.13  0.56  0.0   0.0   0.0   0.0   0.01  0.01  
3     R     0.0   0.73  0.0   0.0   0.0   0.02  0.0   0.0   0.0   0.0   0.0   0.12  0.0   0.0   0.0   0.06  0.06  0.0   0.0   0.0   
4     W     0.0   0.0   0.0   0.0   0.0   0.0   0.0   0.0   0.0   0.15  0.13  0.0   0.02  0.11  0.0   0.0   0.0   0.08  0.18  0.34  
5     I     0.0   0.0   0.01  0.0   0.0   0.01  0.01  0.0   0.0   0.04  0.2   0.0   0.01  0.03  0.0   0.1   0.59  0.0   0.0   0.01  
6     T     0.0   0.0   0.0   0.01  0.0   0.0   0.0   0.0   0.0   0.03  0.02  0.0   0.0   0.0   0.0   0.05  0.86  0.0   0.0   0.02  
7     A     0.31  0.0   0.0   0.0   0.02  0.0   0.0   0.0   0.0   0.0   0.0   0.0   0.0   0.43  0.0   0.03  0.0   0.16  0.05  0.0   
8     G     0.0   0.0   0.0   0.0   0.0   0.0   0.0   1.0   0.0   0.0   0.0   0.0   0.0   0.0   0.0   0.0   0.0   0.0   0.0   0.0   
9     E     0.0   0.0   0.0   0.01  0.0   0.0   0.96  0.0   0.0   0.0   0.01  0.0   0.0   0.0   0.0   0.02  0.0   0.0   0.0   0.0   
10    S     0.0   0.0   0.0   0.0   0.0   0.0   0.0   0.0   0.0   0.0   0.0   0.0   0.0   0.0   0.0   0.99  0.01  0.0   0.0   0.0   
11    H     0.0   0.01  0.0   0.0   0.0   0.0   0.0   0.0   0.98  0.0   0.0   0.0   0.0   0.0   0.0   0.0   0.0   0.0   0.01  0.0   
12    G     0.02  0.0   0.0   0.0   0.01  0.0   0.0   0.96  0.0   0.0   0.0   0.0   0.0   0.0   0.0   0.01  0.0   0.0   0.0   0.0   
13    R     0.05  0.04  0.0   0.02  0.0   0.02  0.08  0.07  0.0   0.02  0.03  0.16  0.0   0.0   0.44  0.01  0.03  0.0   0.0   0.04  
14    A     0.57  0.01  0.0   0.0   0.02  0.06  0.02  0.17  0.0   0.01  0.0   0.02  0.02  0.0   0.0   0.08  0.0   0.0   0.01  0.01  
15    L     0.0   0.0   0.0   0.0   0.0   0.0   0.01  0.0   0.0   0.23  0.49  0.0   0.04  0.0   0.0   0.0   0.0   0.0   0.0   0.22  
16    V     0.01  0.0   0.0   0.0   0.0   0.0   0.0   0.65  0.0   0.07  0.01  0.0   0.01  0.0   0.0   0.03  0.12  0.0   0.0   0.11  
17    A     0.34  0.0   0.0   0.0   0.23  0.0   0.0   0.12  0.0   0.01  0.0   0.0   0.0   0.0   0.0   0.02  0.04  0.0   0.0   0.23  
18    V     0.0   0.0   0.01  0.0   0.0   0.0   0.0   0.0   0.0   0.42  0.04  0.0   0.01  0.0   0.0   0.0   0.07  0.0   0.0   0.44  
19    V     0.01  0.0   0.0   0.0   0.0   0.0   0.0   0.0   0.0   0.53  0.1   0.0   0.01  0.0   0.0   0.0   0.0   0.0   0.0   0.35  
20    E     0.0   0.0   0.0   0.61  0.0   0.0   0.32  0.01  0.02  0.0   0.0   0.0   0.0   0.0   0.0   0.02  0.02  0.0   0.0   0.0   
21    G     0.0   0.0   0.0   0.0   0.0   0.0   0.0   0.98  0.01  0.0   0.0   0.0   0.0   0.0   0.0   0.0   0.0   0.0   0.0   0.0   
22    M     0.01  0.0   0.0   0.0   0.41  0.0   0.0   0.0   0.0   0.09  0.12  0.0   0.07  0.07  0.0   0.02  0.0   0.0   0.0   0.21  
23    V     0.0   0.0   0.0   0.0   0.0   0.0   0.0   0.0   0.0   0.0   0.01  0.0   0.0   0.01  0.96  0.0   0.0   0.0   0.0   0.02  
24    A     0.54  0.0   0.0   0.0   0.0   0.0   0.0   0.0   0.0   0.01  0.0   0.0   0.0   0.0   0.35  0.1   0.0   0.0   0.0   0.01  
25    G     0.0   0.06  0.1   0.01  0.0   0.02  0.0   0.77  0.01  0.0   0.02  0.01  0.0   0.0   0.0   0.0   0.0   0.0   0.0   0.0   
26    V     0.0   0.0   0.0   0.0   0.0   0.0   0.0   0.0   0.0   0.22  0.51  0.0   0.06  0.04  0.0   0.0   0.0   0.0   0.01  0.16  
27    H     0.11  0.06  0.03  0.01  0.0   0.02  0.21  0.01  0.01  0.01  0.01  0.13  0.0   0.01  0.27  0.04  0.04  0.0   0.02  0.01  
28    V     0.0   0.0   0.0   0.0   0.0   0.0   0.0   0.0   0.0   0.29  0.53  0.0   0.01  0.05  0.0   0.0   0.0   0.0   0.0   0.13  
29    T     0.02  0.02  0.04  0.24  0.02  0.0   0.02  0.02  0.01  0.0   0.02  0.02  0.0   0.0   0.02  0.28  0.27  0.0   0.0   0.01  
30    S     0.12  0.02  0.02  0.01  0.0   0.03  0.41  0.0   0.01  0.04  0.09  0.02  0.01  0.02  0.05  0.04  0.04  0.0   0.01  0.05  
31    A     0.2   0.0   0.02  0.17  0.02  0.03  0.41  0.02  0.01  0.01  0.0   0.04  0.0   0.0   0.0   0.04  0.02  0.0   0.0   0.01  
32    D     0.05  0.01  0.01  0.52  0.0   0.02  0.13  0.01  0.02  0.01  0.03  0.01  0.02  0.09  0.0   0.01  0.01  0.0   0.05  0.01  
33    I     0.0   0.0   0.0   0.0   0.0   0.0   0.0   0.0   0.0   0.67  0.14  0.0   0.02  0.04  0.0   0.0   0.0   0.0   0.0   0.14  
34    A     0.03  0.03  0.19  0.05  0.0   0.55  0.03  0.01  0.0   0.01  0.02  0.05  0.0   0.0   0.0   0.02  0.0   0.0   0.0   0.02  
35    D     0.12  0.15  0.05  0.04  0.0   0.03  0.05  0.03  0.05  0.04  0.03  0.12  0.0   0.03  0.1   0.03  0.04  0.0   0.02  0.05  
36    Q     0.06  0.0   0.01  0.23  0.0   0.08  0.46  0.0   0.01  0.0   0.01  0.0   0.01  0.05  0.0   0.0   0.0   0.03  0.02  0.01  
37    L     0.0   0.0   0.0   0.0   0.0   0.0   0.0   0.0   0.0   0.0   0.89  0.0   0.1   0.0   0.0   0.0   0.0   0.0   0.0   0.01  
38    A     0.15  0.03  0.11  0.4   0.0   0.04  0.09  0.01  0.0   0.0   0.01  0.06  0.0   0.02  0.0   0.04  0.02  0.01  0.01  0.0   
39    R     0.01  0.8   0.0   0.0   0.0   0.0   0.0   0.0   0.0   0.0   0.04  0.11  0.0   0.02  0.0   0.0   0.0   0.0   0.01  0.0   
40    R     0.0   1.0   0.0   0.0   0.0   0.0   0.0   0.0   0.0   0.0   0.0   0.0   0.0   0.0   0.0   0.0   0.0   0.0   0.0   0.0   
41    R     0.01  0.45  0.0   0.0   0.01  0.22  0.0   0.0   0.0   0.0   0.0   0.26  0.03  0.0   0.0   0.02  0.0   0.01  0.0   0.0   
42    L     0.01  0.02  0.01  0.0   0.01  0.04  0.0   0.08  0.0   0.0   0.09  0.05  0.0   0.02  0.61  0.02  0.01  0.0   0.0   0.02  
43    G     0.01  0.0   0.0   0.0   0.04  0.0   0.0   0.91  0.0   0.01  0.0   0.0   0.0   0.01  0.0   0.01  0.0   0.0   0.0   0.0   
44    Y     0.01  0.04  0.01  0.0   0.0   0.28  0.0   0.03  0.07  0.02  0.0   0.03  0.0   0.04  0.01  0.03  0.15  0.0   0.27  0.01  
45    G     0.01  0.01  0.07  0.0   0.0   0.0   0.01  0.37  0.01  0.02  0.01  0.01  0.0   0.0   0.01  0.43  0.02  0.0   0.0   0.02  
46    R     0.03  0.51  0.02  0.02  0.0   0.01  0.02  0.02  0.03  0.03  0.04  0.13  0.02  0.0   0.07  0.03  0.01  0.01  0.0   0.01  
47    G     0.02  0.0   0.0   0.01  0.0   0.0   0.0   0.35  0.09  0.11  0.08  0.0   0.01  0.15  0.0   0.03  0.01  0.01  0.11  0.03  
48    A     0.13  0.06  0.01  0.02  0.0   0.0   0.01  0.15  0.0   0.01  0.02  0.03  0.0   0.0   0.01  0.1   0.35  0.0   0.0   0.09  
49    R     0.01  0.34  0.02  0.0   0.0   0.01  0.0   0.0   0.0   0.0   0.0   0.0   0.0   0.0   0.02  0.08  0.52  0.0   0.0   0.0   
50    M     0.05  0.03  0.01  0.0   0.0   0.27  0.0   0.0   0.0   0.01  0.01  0.02  0.27  0.01  0.23  0.06  0.01  0.0   0.01  0.0   
51    T     0.03  0.63  0.01  0.0   0.0   0.05  0.01  0.0   0.0   0.0   0.01  0.18  0.0   0.0   0.0   0.03  0.02  0.0   0.0   0.02  
52    F     0.01  0.17  0.06  0.04  0.03  0.07  0.0   0.02  0.01  0.22  0.01  0.21  0.01  0.08  0.0   0.03  0.01  0.0   0.0   0.0   
53    E     0.0   0.0   0.0   0.0   0.0   0.0   0.99  0.0   0.0   0.0   0.0   0.0   0.0   0.0   0.01  0.0   0.0   0.0   0.0   0.0   
54    R     0.16  0.07  0.03  0.08  0.0   0.06  0.08  0.01  0.01  0.01  0.02  0.15  0.0   0.0   0.16  0.08  0.09  0.0   0.0   0.0   
55    D     0.0   0.0   0.0   0.98  0.0   0.0   0.02  0.0   0.0   0.0   0.0   0.0   0.0   0.0   0.0   0.0   0.0   0.0   0.0   0.0   
56    A     0.08  0.14  0.02  0.01  0.0   0.16  0.2   0.0   0.0   0.03  0.03  0.2   0.01  0.0   0.0   0.01  0.09  0.0   0.0   0.02  
57    V     0.1   0.0   0.0   0.0   0.03  0.0   0.0   0.0   0.0   0.05  0.02  0.0   0.0   0.03  0.06  0.0   0.0   0.0   0.0   0.7   
58    T     0.0   0.07  0.01  0.01  0.0   0.11  0.44  0.0   0.05  0.01  0.0   0.14  0.0   0.01  0.0   0.02  0.08  0.0   0.01  0.03  
59    V     0.0   0.0   0.0   0.0   0.0   0.0   0.0   0.0   0.0   0.73  0.04  0.0   0.02  0.11  0.0   0.0   0.0   0.0   0.0   0.1   
60    L     0.0   0.02  0.01  0.0   0.0   0.01  0.0   0.0   0.0   0.04  0.71  0.01  0.01  0.05  0.0   0.02  0.03  0.0   0.01  0.07  
61    S     0.05  0.0   0.0   0.0   0.0   0.0   0.0   0.07  0.0   0.0   0.0   0.0   0.0   0.0   0.0   0.85  0.03  0.0   0.0   0.0   
62    G     0.0   0.0   0.0   0.0   0.0   0.0   0.0   1.0   0.0   0.0   0.0   0.0   0.0   0.0   0.0   0.0   0.0   0.0   0.0   0.0   
63    I     0.0   0.0   0.0   0.0   0.0   0.0   0.0   0.0   0.0   0.22  0.09  0.0   0.02  0.0   0.0   0.0   0.03  0.0   0.0   0.64  
64    R     0.01  0.29  0.0   0.0   0.0   0.02  0.03  0.0   0.02  0.0   0.03  0.03  0.03  0.42  0.0   0.02  0.0   0.01  0.09  0.01  
65    H     0.02  0.04  0.13  0.1   0.0   0.04  0.36  0.05  0.16  0.0   0.01  0.03  0.0   0.05  0.0   0.0   0.01  0.02  0.0   0.0   
66    G     0.0   0.0   0.04  0.05  0.0   0.02  0.0   0.84  0.0   0.0   0.0   0.02  0.0   0.0   0.01  0.01  0.01  0.0   0.0   0.0   
67    S     0.01  0.12  0.0   0.03  0.0   0.03  0.04  0.01  0.02  0.03  0.08  0.34  0.03  0.05  0.0   0.01  0.02  0.0   0.08  0.09  
68    T     0.01  0.0   0.0   0.0   0.0   0.0   0.0   0.0   0.0   0.01  0.0   0.0   0.0   0.0   0.0   0.07  0.91  0.0   0.0   0.0   
69    L     0.0   0.0   0.0   0.03  0.0   0.03  0.0   0.0   0.0   0.08  0.24  0.0   0.02  0.0   0.0   0.0   0.59  0.0   0.0   0.0   
70    G     0.01  0.0   0.0   0.01  0.0   0.0   0.0   0.98  0.0   0.0   0.0   0.0   0.0   0.0   0.0   0.0   0.0   0.0   0.0   0.0   
71    G     0.17  0.0   0.0   0.0   0.01  0.0   0.0   0.05  0.0   0.0   0.0   0.0   0.0   0.0   0.0   0.23  0.51  0.0   0.0   0.0   
72    P     0.0   0.0   0.0   0.0   0.0   0.0   0.0   0.0   0.0   0.0   0.0   0.02  0.0   0.0   0.91  0.07  0.0   0.0   0.0   0.0   
73    I     0.0   0.0   0.0   0.0   0.0   0.0   0.0   0.0   0.0   0.78  0.07  0.0   0.01  0.0   0.0   0.0   0.0   0.0   0.0   0.14  
74    A     0.38  0.0   0.0   0.0   0.02  0.01  0.0   0.19  0.01  0.0   0.03  0.0   0.01  0.0   0.0   0.16  0.2   0.0   0.0   0.0   
75    I     0.02  0.0   0.0   0.0   0.0   0.0   0.0   0.02  0.0   0.18  0.41  0.0   0.2   0.09  0.0   0.0   0.0   0.0   0.0   0.08  
76    E     0.02  0.03  0.01  0.02  0.01  0.04  0.07  0.0   0.02  0.17  0.29  0.01  0.09  0.03  0.0   0.01  0.02  0.01  0.0   0.16  
77    I     0.0   0.0   0.01  0.0   0.0   0.0   0.0   0.0   0.0   0.62  0.02  0.0   0.0   0.01  0.0   0.0   0.0   0.0   0.0   0.34  
78    G     0.04  0.23  0.02  0.03  0.0   0.04  0.22  0.05  0.02  0.02  0.02  0.1   0.01  0.06  0.04  0.0   0.03  0.04  0.03  0.01  
79    N     0.0   0.0   0.93  0.02  0.0   0.0   0.0   0.0   0.0   0.0   0.01  0.0   0.0   0.0   0.0   0.0   0.0   0.0   0.0   0.0   
80    T     0.03  0.15  0.06  0.02  0.01  0.07  0.04  0.01  0.0   0.01  0.02  0.21  0.0   0.0   0.0   0.04  0.3   0.0   0.0   0.04  
81    E     0.01  0.03  0.08  0.7   0.0   0.0   0.09  0.01  0.0   0.0   0.01  0.01  0.0   0.0   0.01  0.03  0.01  0.0   0.0   0.01  
82    W     0.04  0.02  0.02  0.02  0.01  0.24  0.02  0.03  0.07  0.03  0.03  0.02  0.01  0.07  0.02  0.05  0.03  0.19  0.05  0.03  
83    P     0.06  0.18  0.05  0.03  0.01  0.05  0.11  0.04  0.03  0.02  0.04  0.13  0.01  0.02  0.09  0.04  0.05  0.01  0.01  0.03  
84    K     0.04  0.02  0.17  0.04  0.01  0.02  0.03  0.04  0.05  0.02  0.04  0.14  0.01  0.02  0.02  0.24  0.04  0.01  0.01  0.03  
85    W     0.04  0.03  0.04  0.03  0.01  0.05  0.05  0.04  0.01  0.02  0.04  0.1   0.01  0.02  0.03  0.04  0.03  0.32  0.03  0.03  
86    E     0.06  0.05  0.05  0.07  0.01  0.07  0.14  0.05  0.02  0.03  0.07  0.06  0.01  0.02  0.04  0.06  0.13  0.01  0.02  0.04  
87    T     0.05  0.05  0.05  0.07  0.01  0.04  0.1   0.06  0.02  0.03  0.05  0.12  0.01  0.02  0.03  0.06  0.1   0.01  0.06  0.05  
88    V     0.05  0.04  0.03  0.03  0.01  0.04  0.04  0.04  0.02  0.17  0.07  0.07  0.01  0.05  0.04  0.06  0.05  0.01  0.03  0.13  
89    M     0.06  0.08  0.03  0.03  0.01  0.04  0.03  0.04  0.02  0.04  0.07  0.04  0.28  0.02  0.03  0.04  0.05  0.01  0.02  0.04  
90    A     0.16  0.04  0.04  0.04  0.01  0.05  0.04  0.08  0.02  0.06  0.05  0.04  0.02  0.03  0.03  0.19  0.05  0.01  0.02  0.04  
91    A     0.17  0.03  0.02  0.02  0.01  0.12  0.04  0.06  0.01  0.04  0.04  0.07  0.01  0.02  0.07  0.1   0.05  0.01  0.02  0.06  
92    D     0.06  0.14  0.05  0.2   0.01  0.03  0.12  0.05  0.02  0.02  0.04  0.05  0.01  0.03  0.02  0.06  0.04  0.01  0.01  0.03  
93    P     0.05  0.02  0.03  0.05  0.01  0.03  0.04  0.04  0.01  0.02  0.06  0.04  0.01  0.02  0.27  0.16  0.03  0.01  0.06  0.03  
94    V     0.04  0.04  0.04  0.03  0.02  0.05  0.05  0.06  0.01  0.09  0.07  0.12  0.01  0.03  0.03  0.05  0.04  0.01  0.04  0.19  
95    D     0.07  0.04  0.03  0.44  0.01  0.04  0.07  0.02  0.01  0.04  0.03  0.04  0.01  0.01  0.03  0.06  0.03  0.0   0.01  0.02  
96    P     0.05  0.04  0.01  0.04  0.01  0.01  0.06  0.03  0.01  0.04  0.03  0.03  0.01  0.01  0.16  0.1   0.02  0.0   0.3   0.03  
97    A     0.1   0.02  0.02  0.06  0.0   0.05  0.1   0.1   0.03  0.04  0.03  0.09  0.01  0.02  0.02  0.25  0.02  0.0   0.01  0.03  
98    E     0.04  0.02  0.11  0.17  0.0   0.03  0.26  0.02  0.01  0.01  0.03  0.07  0.0   0.02  0.02  0.06  0.03  0.01  0.04  0.04  
99    L     0.04  0.02  0.02  0.04  0.0   0.02  0.04  0.02  0.01  0.22  0.19  0.02  0.06  0.02  0.02  0.03  0.03  0.0   0.16  0.03  
100   A     0.15  0.03  0.03  0.02  0.01  0.02  0.13  0.09  0.01  0.02  0.02  0.2   0.02  0.03  0.02  0.09  0.02  0.0   0.06  0.02  
101   D     0.02  0.05  0.13  0.34  0.0   0.04  0.13  0.04  0.03  0.02  0.02  0.04  0.0   0.01  0.01  0.05  0.03  0.0   0.01  0.01  
102   V     0.06  0.02  0.02  0.01  0.01  0.02  0.06  0.03  0.01  0.18  0.13  0.02  0.04  0.02  0.01  0.09  0.09  0.01  0.04  0.15  
103   A     0.17  0.05  0.02  0.02  0.01  0.02  0.05  0.06  0.01  0.05  0.05  0.11  0.01  0.14  0.02  0.05  0.02  0.0   0.09  0.04  
104   R     0.03  0.3   0.03  0.03  0.01  0.05  0.06  0.04  0.01  0.02  0.05  0.14  0.01  0.03  0.03  0.04  0.03  0.01  0.04  0.04  
105   N     0.06  0.05  0.14  0.04  0.02  0.05  0.05  0.07  0.03  0.03  0.05  0.08  0.01  0.02  0.03  0.07  0.1   0.01  0.04  0.04  
106   A     0.14  0.07  0.03  0.03  0.01  0.03  0.08  0.07  0.01  0.04  0.06  0.09  0.02  0.06  0.04  0.06  0.06  0.01  0.04  0.04  
107   P     0.09  0.05  0.04  0.05  0.01  0.04  0.05  0.05  0.02  0.04  0.07  0.09  0.02  0.03  0.15  0.06  0.05  0.01  0.02  0.05  
108   L     0.05  0.04  0.03  0.04  0.01  0.03  0.04  0.05  0.02  0.12  0.17  0.05  0.02  0.04  0.03  0.04  0.04  0.03  0.05  0.13  
109   T     0.05  0.03  0.03  0.04  0.01  0.03  0.04  0.04  0.02  0.03  0.07  0.05  0.04  0.02  0.03  0.08  0.31  0.01  0.04  0.05  
110   R     0.06  0.23  0.03  0.02  0.01  0.06  0.04  0.03  0.02  0.04  0.05  0.16  0.01  0.02  0.02  0.04  0.04  0.01  0.02  0.07  
111   P     0.03  0.02  0.01  0.02  0.01  0.01  0.02  0.02  0.01  0.02  0.04  0.02  0.01  0.1   0.47  0.03  0.02  0.01  0.07  0.06  
112   R     0.01  0.91  0.0   0.01  0.0   0.0   0.01  0.01  0.0   0.01  0.01  0.01  0.0   0.0   0.01  0.01  0.01  0.0   0.0   0.01  
113   P     0.01  0.0   0.0   0.0   0.0   0.0   0.0   0.0   0.0   0.0   0.0   0.0   0.0   0.0   0.98  0.0   0.0   0.0   0.0   0.0   
114   G     0.02  0.0   0.0   0.0   0.0   0.0   0.0   0.84  0.0   0.0   0.0   0.0   0.0   0.0   0.0   0.14  0.0   0.0   0.0   0.0   
115   H     0.0   0.0   0.0   0.0   0.0   0.01  0.0   0.0   0.99  0.0   0.0   0.0   0.0   0.0   0.0   0.0   0.0   0.0   0.0   0.0   
116   A     0.87  0.0   0.0   0.0   0.0   0.0   0.0   0.09  0.0   0.01  0.0   0.0   0.0   0.0   0.0   0.02  0.02  0.0   0.0   0.0   
117   D     0.0   0.0   0.0   0.96  0.0   0.03  0.0   0.01  0.0   0.0   0.0   0.0   0.0   0.0   0.0   0.0   0.0   0.0   0.0   0.0   
118   Y     0.04  0.01  0.0   0.01  0.0   0.0   0.0   0.01  0.0   0.02  0.34  0.0   0.0   0.17  0.0   0.0   0.0   0.01  0.39  0.01  
119   A     0.21  0.0   0.03  0.0   0.02  0.0   0.0   0.01  0.0   0.01  0.0   0.0   0.01  0.0   0.06  0.05  0.5   0.0   0.0   0.11  
120   G     0.05  0.0   0.0   0.0   0.0   0.0   0.0   0.31  0.0   0.0   0.01  0.02  0.01  0.03  0.0   0.0   0.0   0.04  0.54  0.0   
121   M     0.07  0.05  0.0   0.11  0.01  0.07  0.07  0.08  0.05  0.03  0.01  0.02  0.1   0.13  0.0   0.04  0.02  0.08  0.06  0.0   
122   L     0.13  0.01  0.02  0.0   0.0   0.14  0.04  0.01  0.07  0.08  0.17  0.09  0.1   0.01  0.0   0.01  0.0   0.01  0.01  0.07  
123   K     0.0   0.02  0.0   0.0   0.0   0.02  0.0   0.0   0.0   0.0   0.0   0.96  0.0   0.0   0.0   0.0   0.0   0.0   0.0   0.0   
124   Y     0.0   0.0   0.0   0.0   0.0   0.0   0.0   0.0   0.0   0.0   0.0   0.02  0.0   0.09  0.0   0.0   0.0   0.01  0.89  0.0   
125   G     0.01  0.04  0.04  0.03  0.0   0.0   0.01  0.81  0.02  0.0   0.0   0.03  0.0   0.0   0.0   0.0   0.0   0.0   0.0   0.0   
126   F     0.0   0.01  0.06  0.0   0.0   0.04  0.01  0.0   0.14  0.26  0.09  0.0   0.01  0.25  0.0   0.0   0.03  0.0   0.04  0.05  
127   D     0.03  0.48  0.05  0.1   0.0   0.04  0.04  0.01  0.01  0.01  0.0   0.02  0.0   0.02  0.02  0.04  0.02  0.0   0.05  0.04  
128   D     0.02  0.01  0.05  0.81  0.0   0.0   0.05  0.0   0.01  0.0   0.0   0.01  0.0   0.0   0.0   0.0   0.0   0.0   0.02  0.0   
129   A     0.15  0.0   0.02  0.03  0.0   0.0   0.0   0.0   0.07  0.05  0.1   0.01  0.03  0.04  0.05  0.01  0.0   0.05  0.34  0.05  
130   R     0.0   0.84  0.03  0.0   0.0   0.03  0.0   0.02  0.02  0.0   0.0   0.01  0.0   0.0   0.0   0.02  0.0   0.0   0.01  0.0   
131   P     0.01  0.01  0.15  0.04  0.0   0.0   0.01  0.55  0.0   0.02  0.01  0.0   0.0   0.0   0.11  0.05  0.01  0.0   0.01  0.02  
132   V     0.01  0.0   0.0   0.0   0.0   0.0   0.0   0.65  0.0   0.08  0.02  0.0   0.0   0.0   0.0   0.01  0.0   0.0   0.02  0.21  
133   L     0.05  0.03  0.02  0.03  0.01  0.03  0.04  0.18  0.01  0.07  0.3   0.03  0.01  0.03  0.03  0.04  0.03  0.01  0.02  0.05  
134   E     0.0   0.01  0.0   0.01  0.0   0.0   0.29  0.68  0.0   0.0   0.0   0.0   0.0   0.0   0.0   0.0   0.0   0.0   0.0   0.0   
135   R     0.0   0.93  0.0   0.0   0.0   0.0   0.0   0.01  0.04  0.0   0.0   0.0   0.0   0.01  0.0   0.0   0.0   0.0   0.0   0.0   
136   A     0.27  0.0   0.0   0.0   0.0   0.0   0.0   0.01  0.0   0.0   0.01  0.0   0.0   0.05  0.0   0.64  0.01  0.0   0.0   0.0   
137   S     0.0   0.0   0.0   0.0   0.0   0.0   0.0   0.01  0.0   0.0   0.0   0.0   0.0   0.0   0.0   0.99  0.0   0.0   0.0   0.0   
138   A     0.79  0.01  0.0   0.0   0.0   0.0   0.0   0.18  0.0   0.0   0.0   0.0   0.0   0.0   0.0   0.0   0.0   0.0   0.02  0.01  
139   R     0.0   0.99  0.0   0.0   0.0   0.0   0.0   0.0   0.0   0.0   0.0   0.0   0.0   0.0   0.0   0.0   0.0   0.0   0.0   0.01  
140   E     0.0   0.01  0.0   0.0   0.0   0.0   0.8   0.0   0.0   0.01  0.08  0.0   0.01  0.0   0.0   0.02  0.03  0.01  0.0   0.01  
141   T     0.0   0.0   0.0   0.0   0.0   0.0   0.0   0.0   0.0   0.0   0.0   0.0   0.0   0.0   0.0   0.02  0.98  0.0   0.0   0.0   
142   A     0.62  0.0   0.0   0.0   0.0   0.0   0.0   0.0   0.0   0.17  0.02  0.0   0.0   0.0   0.0   0.0   0.06  0.0   0.0   0.11  
143   A     0.31  0.0   0.03  0.0   0.04  0.0   0.0   0.18  0.0   0.04  0.0   0.0   0.14  0.0   0.06  0.07  0.04  0.0   0.0   0.09  
144   R     0.0   0.78  0.01  0.02  0.0   0.0   0.0   0.0   0.03  0.03  0.06  0.0   0.01  0.0   0.0   0.0   0.02  0.02  0.0   0.02  
145   V     0.0   0.0   0.0   0.0   0.02  0.0   0.0   0.0   0.0   0.0   0.01  0.0   0.0   0.0   0.0   0.0   0.03  0.0   0.0   0.94  
146   A     0.82  0.0   0.0   0.0   0.0   0.0   0.0   0.01  0.0   0.08  0.0   0.0   0.02  0.01  0.0   0.01  0.02  0.0   0.0   0.03  
147   A     0.67  0.0   0.0   0.0   0.01  0.0   0.0   0.1   0.0   0.02  0.04  0.0   0.01  0.0   0.0   0.02  0.0   0.0   0.0   0.11  
148   G     0.03  0.0   0.0   0.0   0.01  0.0   0.0   0.94  0.0   0.0   0.0   0.0   0.0   0.0   0.0   0.01  0.0   0.0   0.0   0.0   
149   T     0.68  0.0   0.01  0.0   0.01  0.0   0.01  0.06  0.0   0.01  0.0   0.0   0.0   0.0   0.0   0.11  0.05  0.0   0.01  0.05  
150   V     0.02  0.0   0.0   0.01  0.0   0.0   0.0   0.0   0.0   0.36  0.1   0.0   0.01  0.04  0.0   0.0   0.0   0.0   0.0   0.45  
151   A     0.86  0.0   0.0   0.0   0.04  0.0   0.0   0.01  0.0   0.0   0.02  0.0   0.0   0.02  0.0   0.02  0.01  0.0   0.0   0.03  
152   R     0.05  0.21  0.0   0.0   0.0   0.04  0.03  0.0   0.0   0.01  0.02  0.6   0.01  0.0   0.0   0.01  0.0   0.0   0.0   0.01  
153   A     0.12  0.04  0.02  0.0   0.0   0.13  0.02  0.01  0.0   0.03  0.07  0.45  0.04  0.0   0.0   0.04  0.01  0.0   0.0   0.02  
154   F     0.03  0.0   0.0   0.0   0.0   0.0   0.0   0.0   0.0   0.16  0.36  0.0   0.04  0.14  0.0   0.0   0.0   0.05  0.12  0.09  
155   L     0.0   0.0   0.0   0.0   0.0   0.0   0.0   0.0   0.0   0.07  0.88  0.0   0.01  0.0   0.0   0.0   0.0   0.0   0.0   0.04  
156   R     0.14  0.18  0.03  0.02  0.01  0.05  0.06  0.04  0.02  0.01  0.04  0.2   0.01  0.02  0.05  0.05  0.04  0.0   0.02  0.01  
157   Q     0.06  0.04  0.04  0.04  0.0   0.22  0.35  0.02  0.06  0.01  0.03  0.03  0.02  0.01  0.0   0.05  0.02  0.0   0.01  0.0   
158   A     0.16  0.06  0.03  0.03  0.03  0.05  0.04  0.05  0.04  0.05  0.08  0.09  0.01  0.03  0.02  0.08  0.07  0.0   0.02  0.07  
159   L     0.06  0.01  0.01  0.01  0.02  0.03  0.01  0.01  0.06  0.05  0.27  0.01  0.01  0.19  0.02  0.03  0.01  0.0   0.14  0.05  
160   G     0.03  0.0   0.1   0.1   0.0   0.0   0.02  0.7   0.0   0.01  0.0   0.01  0.0   0.0   0.0   0.01  0.0   0.0   0.0   0.0   
161   V     0.02  0.0   0.01  0.0   0.0   0.0   0.0   0.0   0.0   0.55  0.02  0.0   0.02  0.0   0.0   0.0   0.09  0.0   0.0   0.28  
162   E     0.01  0.11  0.01  0.05  0.01  0.05  0.34  0.0   0.02  0.02  0.01  0.15  0.0   0.02  0.0   0.06  0.08  0.01  0.02  0.04  
163   V     0.02  0.0   0.0   0.01  0.03  0.0   0.0   0.01  0.0   0.38  0.05  0.0   0.01  0.05  0.0   0.0   0.05  0.0   0.0   0.4   
164   L     0.09  0.19  0.01  0.0   0.01  0.05  0.01  0.06  0.02  0.06  0.16  0.07  0.01  0.02  0.0   0.02  0.06  0.0   0.04  0.13  
165   S     0.28  0.0   0.03  0.0   0.0   0.0   0.01  0.36  0.0   0.0   0.0   0.01  0.0   0.0   0.0   0.29  0.01  0.0   0.0   0.0   
166   H     0.06  0.03  0.01  0.0   0.02  0.02  0.0   0.04  0.27  0.0   0.0   0.02  0.0   0.09  0.01  0.02  0.0   0.05  0.34  0.0   
167   V     0.02  0.0   0.0   0.0   0.01  0.0   0.0   0.01  0.0   0.1   0.17  0.0   0.08  0.0   0.0   0.01  0.1   0.0   0.0   0.5   
168   I     0.05  0.03  0.01  0.01  0.04  0.01  0.0   0.01  0.0   0.11  0.08  0.11  0.0   0.02  0.0   0.19  0.11  0.0   0.01  0.2   
169   S     0.09  0.1   0.02  0.01  0.0   0.28  0.17  0.02  0.0   0.0   0.0   0.06  0.0   0.0   0.0   0.2   0.01  0.0   0.01  0.02  
170   I     0.0   0.0   0.0   0.0   0.0   0.0   0.01  0.0   0.0   0.53  0.22  0.0   0.06  0.03  0.0   0.0   0.0   0.0   0.0   0.14  
171   G     0.03  0.0   0.01  0.01  0.0   0.01  0.01  0.83  0.03  0.0   0.0   0.02  0.01  0.0   0.01  0.01  0.0   0.0   0.0   0.0   
172   A     0.09  0.03  0.04  0.09  0.01  0.03  0.09  0.18  0.02  0.03  0.03  0.05  0.01  0.02  0.08  0.1   0.05  0.0   0.01  0.06  
173   S     0.07  0.04  0.03  0.05  0.02  0.01  0.07  0.02  0.03  0.11  0.08  0.06  0.02  0.02  0.01  0.11  0.05  0.0   0.01  0.2   
174   A     0.15  0.05  0.03  0.02  0.02  0.02  0.1   0.05  0.02  0.06  0.05  0.14  0.01  0.02  0.02  0.07  0.07  0.0   0.01  0.09  
175   P     0.13  0.04  0.04  0.07  0.02  0.03  0.05  0.03  0.01  0.09  0.06  0.05  0.02  0.01  0.18  0.07  0.04  0.0   0.02  0.04  
176   Y     0.03  0.05  0.03  0.07  0.01  0.02  0.08  0.03  0.05  0.07  0.05  0.06  0.01  0.08  0.04  0.05  0.05  0.03  0.11  0.07  
177   E     0.05  0.06  0.04  0.1   0.01  0.04  0.24  0.03  0.02  0.03  0.05  0.07  0.01  0.01  0.03  0.05  0.07  0.0   0.01  0.07  
178   G     0.12  0.03  0.05  0.05  0.01  0.02  0.06  0.17  0.01  0.08  0.06  0.05  0.01  0.02  0.03  0.08  0.04  0.01  0.03  0.05  
179   P     0.06  0.02  0.06  0.1   0.01  0.03  0.06  0.04  0.01  0.07  0.08  0.04  0.01  0.02  0.21  0.05  0.04  0.01  0.02  0.06  
180   P     0.05  0.05  0.03  0.07  0.01  0.04  0.08  0.03  0.01  0.05  0.09  0.05  0.01  0.03  0.16  0.06  0.07  0.01  0.04  0.05  
181   P     0.06  0.02  0.03  0.09  0.02  0.02  0.08  0.02  0.02  0.08  0.07  0.03  0.0   0.04  0.2   0.07  0.04  0.01  0.03  0.06  
182   R     0.04  0.13  0.08  0.07  0.01  0.04  0.09  0.03  0.02  0.02  0.04  0.1   0.0   0.04  0.01  0.09  0.12  0.02  0.01  0.04  
183   A     0.19  0.03  0.04  0.03  0.02  0.03  0.09  0.02  0.01  0.07  0.04  0.03  0.01  0.1   0.08  0.05  0.05  0.04  0.02  0.05  
184   E     0.06  0.02  0.05  0.08  0.01  0.04  0.35  0.01  0.01  0.03  0.04  0.09  0.0   0.04  0.02  0.03  0.02  0.03  0.02  0.04  
185   D     0.02  0.01  0.1   0.41  0.0   0.03  0.12  0.02  0.01  0.03  0.05  0.02  0.0   0.04  0.0   0.06  0.05  0.0   0.01  0.01  
186   L     0.05  0.05  0.01  0.01  0.01  0.01  0.02  0.01  0.01  0.1   0.3   0.04  0.01  0.09  0.01  0.01  0.01  0.15  0.03  0.1   
187   P     0.12  0.05  0.06  0.12  0.0   0.07  0.15  0.02  0.02  0.02  0.04  0.1   0.0   0.02  0.07  0.09  0.02  0.0   0.0   0.02  
188   A     0.18  0.06  0.06  0.03  0.03  0.09  0.16  0.03  0.04  0.02  0.04  0.09  0.01  0.03  0.01  0.04  0.02  0.0   0.03  0.03  
189   I     0.12  0.02  0.0   0.02  0.0   0.0   0.0   0.01  0.0   0.32  0.09  0.0   0.01  0.02  0.01  0.06  0.03  0.01  0.0   0.26  
190   D     0.03  0.02  0.06  0.29  0.0   0.02  0.3   0.03  0.01  0.0   0.02  0.05  0.0   0.01  0.02  0.06  0.04  0.02  0.02  0.01  
191   A     0.16  0.06  0.11  0.07  0.0   0.1   0.1   0.02  0.0   0.01  0.02  0.11  0.0   0.0   0.01  0.12  0.05  0.01  0.03  0.02  
192   S     0.01  0.01  0.4   0.05  0.0   0.01  0.01  0.01  0.01  0.01  0.0   0.02  0.0   0.02  0.01  0.37  0.05  0.0   0.0   0.01  
193   P     0.05  0.01  0.03  0.07  0.01  0.02  0.12  0.0   0.01  0.07  0.05  0.02  0.01  0.0   0.49  0.02  0.01  0.0   0.0   0.01  
194   V     0.02  0.0   0.02  0.0   0.0   0.0   0.0   0.0   0.0   0.07  0.19  0.0   0.01  0.24  0.02  0.01  0.03  0.01  0.01  0.35  
195   R     0.03  0.47  0.02  0.01  0.01  0.01  0.02  0.02  0.01  0.0   0.02  0.03  0.01  0.24  0.02  0.03  0.0   0.02  0.03  0.0   
196   A     0.12  0.0   0.0   0.01  0.47  0.01  0.01  0.0   0.0   0.05  0.03  0.02  0.06  0.03  0.0   0.07  0.04  0.01  0.0   0.06  
197   Y     0.1   0.0   0.0   0.01  0.01  0.01  0.02  0.02  0.01  0.05  0.12  0.01  0.0   0.09  0.41  0.03  0.01  0.0   0.04  0.07  
198   D     0.01  0.0   0.1   0.69  0.01  0.0   0.02  0.02  0.02  0.0   0.02  0.02  0.0   0.01  0.03  0.04  0.0   0.0   0.01  0.0   
199   K     0.18  0.02  0.03  0.04  0.01  0.04  0.11  0.01  0.02  0.01  0.05  0.14  0.0   0.0   0.23  0.07  0.01  0.0   0.0   0.02  
200   A     0.17  0.02  0.03  0.1   0.0   0.04  0.3   0.03  0.01  0.0   0.04  0.06  0.0   0.0   0.01  0.1   0.04  0.01  0.0   0.02  
201   A     0.32  0.03  0.02  0.0   0.02  0.04  0.01  0.01  0.01  0.05  0.07  0.1   0.04  0.02  0.02  0.04  0.08  0.0   0.02  0.1   
202   E     0.26  0.0   0.03  0.05  0.0   0.0   0.26  0.02  0.0   0.02  0.06  0.01  0.0   0.04  0.01  0.09  0.03  0.0   0.01  0.1   
203   A     0.18  0.03  0.05  0.04  0.0   0.07  0.27  0.02  0.01  0.02  0.02  0.1   0.01  0.0   0.08  0.04  0.03  0.0   0.01  0.02  
204   D     0.14  0.13  0.03  0.05  0.0   0.07  0.21  0.01  0.01  0.01  0.08  0.13  0.0   0.02  0.02  0.04  0.02  0.0   0.0   0.03  
205   M     0.08  0.01  0.0   0.0   0.01  0.02  0.02  0.0   0.0   0.09  0.1   0.02  0.47  0.06  0.0   0.01  0.0   0.06  0.02  0.03  
206   I     0.06  0.07  0.01  0.04  0.0   0.01  0.19  0.02  0.01  0.18  0.07  0.13  0.04  0.01  0.0   0.02  0.03  0.0   0.01  0.11  
207   A     0.24  0.04  0.03  0.14  0.0   0.04  0.27  0.02  0.0   0.01  0.01  0.07  0.0   0.01  0.02  0.05  0.05  0.0   0.01  0.01  
208   Q     0.1   0.08  0.0   0.02  0.0   0.05  0.17  0.01  0.01  0.01  0.23  0.05  0.0   0.03  0.0   0.0   0.01  0.0   0.19  0.05  
209   I     0.01  0.0   0.0   0.0   0.0   0.0   0.01  0.0   0.0   0.58  0.19  0.0   0.09  0.0   0.0   0.0   0.0   0.01  0.0   0.11  
210   E     0.01  0.07  0.04  0.42  0.0   0.04  0.16  0.0   0.01  0.0   0.06  0.11  0.02  0.0   0.0   0.01  0.04  0.0   0.0   0.01  
211   A     0.19  0.08  0.04  0.08  0.0   0.14  0.16  0.05  0.01  0.02  0.01  0.13  0.0   0.0   0.0   0.05  0.02  0.0   0.01  0.0   
212   A     0.41  0.0   0.01  0.0   0.03  0.01  0.01  0.0   0.0   0.14  0.21  0.01  0.01  0.01  0.0   0.0   0.05  0.0   0.02  0.09  
213   K     0.03  0.36  0.02  0.0   0.0   0.06  0.0   0.02  0.03  0.02  0.02  0.37  0.03  0.0   0.0   0.01  0.02  0.0   0.01  0.01  
214   K     0.05  0.12  0.05  0.05  0.0   0.03  0.14  0.02  0.01  0.0   0.01  0.41  0.01  0.0   0.0   0.07  0.01  0.0   0.0   0.01  
215   D     0.14  0.08  0.09  0.15  0.01  0.05  0.25  0.01  0.0   0.01  0.01  0.04  0.0   0.0   0.01  0.11  0.03  0.0   0.0   0.0   
216   G     0.02  0.02  0.0   0.0   0.01  0.02  0.0   0.78  0.05  0.0   0.02  0.06  0.0   0.0   0.0   0.01  0.0   0.0   0.0   0.0   
217   D     0.0   0.0   0.1   0.77  0.0   0.0   0.04  0.01  0.0   0.0   0.0   0.0   0.0   0.0   0.0   0.07  0.01  0.0   0.01  0.0   
218   T     0.0   0.0   0.0   0.0   0.0   0.0   0.0   0.0   0.0   0.0   0.0   0.0   0.0   0.0   0.0   0.73  0.27  0.0   0.0   0.0   
219   L     0.01  0.0   0.0   0.0   0.06  0.0   0.0   0.0   0.01  0.28  0.3   0.0   0.0   0.01  0.0   0.01  0.02  0.01  0.01  0.28  
220   G     0.0   0.0   0.0   0.0   0.0   0.0   0.0   0.99  0.0   0.0   0.0   0.0   0.0   0.0   0.0   0.01  0.0   0.0   0.0   0.0   
221   G     0.26  0.0   0.0   0.0   0.01  0.0   0.0   0.71  0.0   0.0   0.0   0.0   0.0   0.0   0.0   0.02  0.0   0.0   0.0   0.0   
222   V     0.05  0.08  0.01  0.0   0.01  0.01  0.03  0.02  0.0   0.22  0.0   0.1   0.0   0.0   0.0   0.02  0.03  0.0   0.0   0.41  
223   V     0.04  0.0   0.0   0.0   0.0   0.0   0.0   0.0   0.0   0.31  0.05  0.0   0.0   0.06  0.0   0.0   0.0   0.0   0.01  0.52  
224   E     0.0   0.03  0.02  0.04  0.0   0.04  0.6   0.0   0.0   0.0   0.02  0.03  0.0   0.01  0.0   0.06  0.1   0.0   0.02  0.03  
225   A     0.03  0.0   0.0   0.0   0.16  0.0   0.0   0.0   0.0   0.17  0.03  0.0   0.0   0.05  0.0   0.01  0.06  0.0   0.0   0.5   
226   V     0.02  0.06  0.01  0.0   0.01  0.02  0.04  0.0   0.01  0.26  0.07  0.0   0.02  0.02  0.0   0.02  0.01  0.02  0.02  0.38  
227   A     0.52  0.0   0.0   0.0   0.02  0.0   0.0   0.01  0.0   0.14  0.0   0.0   0.0   0.01  0.0   0.02  0.02  0.0   0.0   0.25  
228   L     0.01  0.18  0.02  0.03  0.0   0.03  0.18  0.02  0.02  0.01  0.06  0.09  0.0   0.02  0.0   0.07  0.13  0.0   0.07  0.05  
229   G     0.0   0.01  0.3   0.01  0.0   0.01  0.0   0.63  0.01  0.0   0.0   0.01  0.0   0.0   0.01  0.0   0.0   0.0   0.0   0.0   
230   L     0.03  0.0   0.0   0.0   0.03  0.0   0.02  0.0   0.0   0.03  0.19  0.0   0.05  0.01  0.04  0.0   0.0   0.0   0.0   0.6   
231   P     0.0   0.0   0.0   0.0   0.0   0.0   0.01  0.0   0.0   0.0   0.01  0.0   0.01  0.0   0.94  0.01  0.0   0.0   0.0   0.01  
232   V     0.26  0.03  0.0   0.0   0.01  0.01  0.01  0.01  0.0   0.14  0.01  0.02  0.01  0.0   0.22  0.01  0.02  0.0   0.0   0.24  
233   G     0.0   0.0   0.0   0.0   0.0   0.0   0.0   0.94  0.01  0.0   0.02  0.0   0.0   0.01  0.0   0.01  0.0   0.0   0.0   0.0   
234   L     0.0   0.0   0.0   0.0   0.0   0.0   0.0   0.0   0.0   0.09  0.77  0.0   0.0   0.01  0.0   0.0   0.0   0.06  0.0   0.05  
235   G     0.0   0.0   0.0   0.0   0.0   0.0   0.0   0.98  0.0   0.0   0.0   0.0   0.0   0.0   0.0   0.0   0.0   0.0   0.0   0.0   
236   S     0.1   0.0   0.03  0.05  0.01  0.05  0.37  0.02  0.0   0.0   0.0   0.0   0.02  0.0   0.0   0.31  0.02  0.0   0.0   0.0   
237   F     0.01  0.0   0.0   0.0   0.0   0.0   0.0   0.02  0.1   0.0   0.01  0.0   0.0   0.1   0.53  0.0   0.0   0.0   0.18  0.01  
238   T     0.02  0.0   0.01  0.06  0.01  0.0   0.0   0.01  0.02  0.1   0.1   0.0   0.0   0.0   0.01  0.04  0.04  0.0   0.01  0.56  
239   S     0.0   0.0   0.01  0.02  0.0   0.12  0.02  0.0   0.11  0.0   0.01  0.0   0.0   0.36  0.05  0.08  0.02  0.0   0.18  0.0   
240   G     0.09  0.02  0.02  0.04  0.01  0.02  0.04  0.18  0.05  0.02  0.07  0.03  0.01  0.02  0.03  0.04  0.03  0.17  0.06  0.04  
241   D     0.05  0.04  0.03  0.31  0.01  0.03  0.06  0.05  0.01  0.03  0.06  0.05  0.01  0.07  0.03  0.04  0.04  0.01  0.03  0.04  
242   H     0.02  0.22  0.04  0.36  0.0   0.04  0.04  0.02  0.02  0.02  0.03  0.05  0.01  0.01  0.02  0.03  0.03  0.0   0.02  0.02  
243   R     0.01  0.31  0.0   0.01  0.0   0.0   0.0   0.02  0.0   0.0   0.01  0.61  0.0   0.0   0.0   0.02  0.0   0.0   0.0   0.0   
244   L     0.01  0.0   0.0   0.0   0.0   0.0   0.0   0.0   0.0   0.07  0.84  0.0   0.01  0.02  0.0   0.0   0.0   0.0   0.0   0.06  
245   D     0.0   0.0   0.03  0.67  0.0   0.03  0.15  0.0   0.03  0.0   0.0   0.06  0.0   0.0   0.02  0.0   0.0   0.0   0.0   0.0   
246   S     0.62  0.0   0.01  0.0   0.0   0.02  0.0   0.15  0.0   0.0   0.0   0.0   0.0   0.0   0.0   0.16  0.01  0.0   0.0   0.02  
247   Q     0.04  0.18  0.01  0.34  0.0   0.06  0.1   0.0   0.0   0.0   0.05  0.1   0.02  0.0   0.0   0.01  0.05  0.0   0.0   0.03  
248   L     0.0   0.0   0.0   0.0   0.0   0.0   0.0   0.0   0.0   0.29  0.69  0.0   0.0   0.01  0.0   0.0   0.0   0.0   0.0   0.0   
249   A     0.81  0.0   0.0   0.0   0.01  0.0   0.0   0.09  0.0   0.0   0.0   0.0   0.02  0.0   0.0   0.07  0.0   0.0   0.0   0.01  
250   A     0.18  0.03  0.03  0.0   0.0   0.11  0.01  0.09  0.17  0.0   0.0   0.19  0.03  0.0   0.0   0.09  0.0   0.0   0.06  0.0   
251   A     0.84  0.0   0.01  0.0   0.0   0.0   0.01  0.05  0.01  0.0   0.03  0.0   0.01  0.0   0.0   0.02  0.0   0.0   0.02  0.01  
252   V     0.03  0.0   0.0   0.0   0.02  0.0   0.0   0.0   0.0   0.1   0.41  0.0   0.24  0.03  0.0   0.0   0.0   0.0   0.0   0.18  
253   M     0.0   0.0   0.0   0.0   0.01  0.0   0.0   0.02  0.0   0.02  0.12  0.0   0.66  0.11  0.0   0.0   0.0   0.0   0.01  0.05  
254   G     0.04  0.01  0.03  0.0   0.0   0.0   0.0   0.23  0.0   0.0   0.0   0.0   0.0   0.0   0.0   0.68  0.01  0.0   0.0   0.0   
255   I     0.0   0.0   0.0   0.0   0.0   0.0   0.0   0.0   0.0   0.78  0.12  0.0   0.0   0.0   0.0   0.0   0.0   0.0   0.0   0.1   
256   Q     0.0   0.0   0.42  0.0   0.0   0.19  0.0   0.08  0.01  0.0   0.0   0.0   0.0   0.0   0.29  0.0   0.0   0.0   0.0   0.0   
257   A     0.93  0.0   0.0   0.0   0.0   0.0   0.0   0.04  0.0   0.0   0.0   0.0   0.0   0.0   0.0   0.02  0.01  0.0   0.0   0.0   
258   I     0.07  0.0   0.0   0.0   0.01  0.01  0.0   0.0   0.0   0.17  0.0   0.0   0.02  0.07  0.0   0.03  0.1   0.0   0.0   0.53  
259   K     0.0   0.01  0.01  0.0   0.0   0.02  0.0   0.0   0.0   0.01  0.0   0.9   0.01  0.0   0.0   0.0   0.03  0.0   0.0   0.02  
260   G     0.19  0.0   0.0   0.01  0.0   0.0   0.0   0.75  0.0   0.0   0.0   0.0   0.0   0.0   0.0   0.04  0.0   0.0   0.0   0.0   
261   V     0.02  0.0   0.0   0.0   0.02  0.0   0.0   0.0   0.0   0.1   0.02  0.0   0.0   0.21  0.0   0.0   0.0   0.0   0.0   0.63  
262   E     0.01  0.0   0.01  0.02  0.01  0.01  0.9   0.0   0.0   0.0   0.0   0.0   0.0   0.0   0.0   0.02  0.0   0.0   0.0   0.01  
263   I     0.0   0.0   0.0   0.0   0.0   0.0   0.0   0.0   0.0   0.6   0.02  0.0   0.0   0.2   0.0   0.0   0.0   0.02  0.05  0.11  
264   G     0.0   0.0   0.0   0.0   0.0   0.0   0.0   1.0   0.0   0.0   0.0   0.0   0.0   0.0   0.0   0.0   0.0   0.0   0.0   0.0   
265   D     0.16  0.02  0.03  0.26  0.01  0.01  0.1   0.01  0.01  0.04  0.11  0.01  0.03  0.02  0.01  0.14  0.01  0.0   0.0   0.01  
266   G     0.05  0.0   0.01  0.0   0.0   0.0   0.0   0.93  0.0   0.0   0.0   0.0   0.0   0.0   0.0   0.0   0.0   0.0   0.0   0.0   
267   F     0.01  0.03  0.0   0.0   0.0   0.0   0.0   0.0   0.0   0.05  0.01  0.0   0.04  0.78  0.0   0.0   0.02  0.0   0.0   0.04  
268   Q     0.27  0.04  0.05  0.1   0.0   0.03  0.24  0.05  0.01  0.01  0.02  0.08  0.0   0.01  0.0   0.06  0.02  0.0   0.01  0.0   
269   T     0.3   0.0   0.07  0.01  0.01  0.01  0.03  0.12  0.01  0.01  0.08  0.0   0.02  0.01  0.0   0.15  0.05  0.0   0.0   0.15  
270   A     0.52  0.01  0.0   0.0   0.01  0.0   0.01  0.04  0.0   0.05  0.01  0.0   0.0   0.0   0.0   0.12  0.09  0.0   0.0   0.11  
271   R     0.11  0.23  0.05  0.02  0.01  0.03  0.12  0.02  0.03  0.0   0.04  0.1   0.02  0.03  0.02  0.06  0.07  0.0   0.03  0.01  
272   R     0.02  0.15  0.0   0.0   0.0   0.16  0.01  0.0   0.02  0.03  0.26  0.1   0.15  0.0   0.0   0.03  0.01  0.02  0.01  0.03  
273   R     0.0   0.27  0.02  0.0   0.0   0.0   0.0   0.0   0.01  0.0   0.06  0.2   0.01  0.04  0.12  0.03  0.16  0.01  0.06  0.0   
274   G     0.02  0.0   0.0   0.0   0.0   0.0   0.0   0.96  0.0   0.0   0.0   0.0   0.0   0.0   0.0   0.02  0.0   0.0   0.0   0.0   
275   S     0.01  0.01  0.0   0.01  0.0   0.0   0.07  0.0   0.02  0.0   0.01  0.0   0.0   0.03  0.0   0.76  0.06  0.0   0.01  0.01  
276   R     0.04  0.02  0.01  0.05  0.0   0.18  0.54  0.01  0.0   0.01  0.01  0.04  0.02  0.0   0.0   0.01  0.03  0.0   0.01  0.03  
277   A     0.16  0.01  0.2   0.0   0.0   0.01  0.0   0.01  0.22  0.02  0.0   0.0   0.04  0.04  0.0   0.03  0.0   0.0   0.06  0.2   
278   H     0.08  0.11  0.38  0.0   0.0   0.04  0.0   0.04  0.24  0.02  0.02  0.01  0.04  0.0   0.0   0.01  0.01  0.0   0.0   0.0   
279   D     0.0   0.0   0.03  0.95  0.0   0.01  0.01  0.0   0.0   0.0   0.0   0.0   0.0   0.0   0.0   0.0   0.0   0.0   0.0   0.0   
280   E     0.09  0.01  0.01  0.03  0.0   0.03  0.53  0.01  0.0   0.01  0.03  0.01  0.0   0.01  0.18  0.03  0.01  0.0   0.0   0.01  
281   M     0.01  0.01  0.0   0.01  0.0   0.0   0.0   0.0   0.0   0.37  0.12  0.0   0.17  0.2   0.02  0.0   0.0   0.01  0.05  0.01  
282   Y     0.02  0.09  0.01  0.01  0.0   0.01  0.06  0.02  0.03  0.09  0.05  0.01  0.01  0.07  0.01  0.03  0.14  0.06  0.2   0.09  
283   P     0.06  0.05  0.04  0.07  0.01  0.02  0.04  0.02  0.02  0.09  0.08  0.03  0.06  0.04  0.12  0.06  0.05  0.02  0.05  0.05  
284   G     0.07  0.05  0.05  0.13  0.0   0.03  0.14  0.18  0.0   0.02  0.02  0.08  0.01  0.01  0.01  0.09  0.06  0.01  0.01  0.04  
285   P     0.09  0.03  0.12  0.13  0.0   0.03  0.17  0.09  0.01  0.01  0.02  0.06  0.0   0.01  0.16  0.06  0.03  0.0   0.0   0.01  
286   D     0.02  0.03  0.09  0.27  0.0   0.07  0.13  0.19  0.02  0.01  0.01  0.05  0.0   0.0   0.0   0.06  0.02  0.0   0.0   0.0   
287   G     0.02  0.07  0.02  0.01  0.0   0.01  0.05  0.63  0.02  0.01  0.01  0.1   0.0   0.0   0.01  0.02  0.01  0.0   0.0   0.01  
288   V     0.04  0.05  0.02  0.01  0.0   0.01  0.02  0.01  0.01  0.15  0.06  0.04  0.0   0.26  0.06  0.02  0.03  0.01  0.09  0.11  
289   V     0.04  0.07  0.01  0.01  0.01  0.03  0.03  0.06  0.02  0.1   0.12  0.04  0.01  0.03  0.03  0.06  0.11  0.01  0.08  0.14  
290   R     0.03  0.4   0.01  0.01  0.01  0.01  0.02  0.02  0.03  0.02  0.06  0.03  0.02  0.12  0.04  0.02  0.11  0.02  0.01  0.02  
291   S     0.09  0.07  0.01  0.03  0.01  0.04  0.06  0.04  0.01  0.01  0.1   0.2   0.01  0.01  0.03  0.11  0.13  0.0   0.01  0.03  
292   T     0.04  0.01  0.0   0.01  0.0   0.0   0.06  0.05  0.0   0.0   0.0   0.03  0.0   0.01  0.0   0.39  0.38  0.0   0.01  0.01  
293   N     0.0   0.0   0.95  0.04  0.0   0.0   0.0   0.01  0.0   0.0   0.0   0.0   0.0   0.0   0.0   0.0   0.0   0.0   0.0   0.0   
294   R     0.07  0.19  0.25  0.03  0.0   0.01  0.0   0.0   0.33  0.0   0.01  0.03  0.0   0.03  0.0   0.01  0.01  0.0   0.02  0.0   
295   A     0.49  0.0   0.02  0.0   0.05  0.0   0.0   0.0   0.05  0.01  0.07  0.0   0.0   0.0   0.0   0.29  0.01  0.0   0.01  0.01  
296   G     0.0   0.0   0.0   0.0   0.0   0.0   0.0   1.0   0.0   0.0   0.0   0.0   0.0   0.0   0.0   0.0   0.0   0.0   0.0   0.0   
297   G     0.0   0.0   0.0   0.05  0.0   0.0   0.0   0.95  0.0   0.0   0.0   0.0   0.0   0.0   0.0   0.0   0.0   0.0   0.0   0.0   
298   L     0.01  0.0   0.0   0.0   0.0   0.0   0.05  0.0   0.0   0.52  0.1   0.0   0.01  0.04  0.0   0.01  0.07  0.0   0.0   0.18  
299   E     0.01  0.01  0.0   0.0   0.0   0.13  0.25  0.0   0.0   0.02  0.51  0.0   0.0   0.0   0.05  0.0   0.0   0.0   0.0   0.01  
300   G     0.04  0.05  0.0   0.0   0.0   0.0   0.0   0.9   0.0   0.0   0.0   0.0   0.0   0.0   0.0   0.01  0.0   0.0   0.0   0.0   
301   G     0.05  0.0   0.0   0.0   0.0   0.0   0.0   0.92  0.0   0.0   0.0   0.0   0.0   0.0   0.0   0.02  0.0   0.0   0.0   0.0   
302   M     0.0   0.05  0.0   0.0   0.0   0.0   0.0   0.0   0.0   0.68  0.04  0.0   0.19  0.0   0.0   0.0   0.01  0.0   0.0   0.03  
303   T     0.02  0.0   0.0   0.0   0.0   0.0   0.0   0.05  0.0   0.0   0.0   0.0   0.0   0.0   0.0   0.65  0.27  0.0   0.0   0.0   
304   N     0.0   0.0   0.37  0.07  0.01  0.0   0.0   0.0   0.01  0.03  0.0   0.0   0.01  0.0   0.0   0.15  0.34  0.0   0.0   0.02  
305   G     0.01  0.0   0.0   0.0   0.0   0.0   0.0   0.91  0.0   0.0   0.0   0.0   0.0   0.0   0.05  0.01  0.02  0.0   0.0   0.0   
306   Q     0.03  0.0   0.01  0.02  0.02  0.36  0.3   0.02  0.0   0.0   0.01  0.05  0.14  0.0   0.0   0.02  0.01  0.0   0.0   0.0   
307   P     0.02  0.01  0.05  0.21  0.0   0.03  0.05  0.0   0.01  0.01  0.01  0.0   0.0   0.0   0.49  0.02  0.04  0.0   0.0   0.03  
308   L     0.0   0.0   0.0   0.0   0.0   0.0   0.0   0.0   0.0   0.59  0.22  0.0   0.01  0.0   0.0   0.0   0.0   0.0   0.0   0.19  
309   R     0.0   0.11  0.03  0.02  0.0   0.0   0.04  0.05  0.03  0.16  0.06  0.01  0.0   0.01  0.0   0.0   0.03  0.01  0.09  0.34  
310   V     0.16  0.0   0.0   0.0   0.03  0.0   0.0   0.11  0.0   0.09  0.1   0.0   0.03  0.13  0.0   0.01  0.0   0.0   0.0   0.34  
311   R     0.01  0.59  0.03  0.0   0.0   0.0   0.03  0.0   0.06  0.05  0.0   0.09  0.0   0.0   0.0   0.1   0.02  0.0   0.0   0.0   
312   A     0.21  0.0   0.0   0.0   0.03  0.0   0.0   0.07  0.0   0.19  0.04  0.0   0.03  0.07  0.0   0.01  0.07  0.0   0.0   0.27  
313   A     0.63  0.0   0.0   0.0   0.0   0.0   0.0   0.03  0.03  0.0   0.0   0.0   0.0   0.01  0.01  0.07  0.08  0.02  0.05  0.06  
314   M     0.01  0.0   0.0   0.0   0.0   0.0   0.0   0.05  0.0   0.09  0.14  0.0   0.21  0.28  0.0   0.0   0.0   0.03  0.0   0.18  
315   K     0.0   0.0   0.0   0.05  0.0   0.0   0.0   0.0   0.03  0.0   0.0   0.91  0.0   0.0   0.0   0.0   0.0   0.0   0.0   0.0   
316   P     0.04  0.0   0.0   0.0   0.0   0.0   0.0   0.0   0.0   0.0   0.0   0.0   0.0   0.0   0.94  0.02  0.0   0.0   0.0   0.0   
317   I     0.01  0.0   0.0   0.0   0.0   0.0   0.0   0.0   0.0   0.33  0.0   0.0   0.0   0.0   0.05  0.0   0.54  0.0   0.0   0.06  
318   S     0.15  0.0   0.0   0.0   0.0   0.0   0.0   0.0   0.0   0.0   0.0   0.0   0.0   0.0   0.33  0.44  0.02  0.0   0.05  0.01  
319   T     0.0   0.0   0.0   0.0   0.0   0.0   0.0   0.0   0.0   0.0   0.0   0.01  0.0   0.0   0.0   0.67  0.32  0.0   0.0   0.0   
320   V     0.0   0.0   0.0   0.0   0.0   0.0   0.0   0.0   0.0   0.62  0.19  0.0   0.01  0.05  0.0   0.0   0.02  0.0   0.0   0.1   
321   P     0.06  0.13  0.01  0.0   0.0   0.02  0.01  0.06  0.01  0.02  0.09  0.06  0.05  0.04  0.2   0.09  0.04  0.0   0.08  0.02  
322   R     0.02  0.16  0.02  0.0   0.0   0.07  0.0   0.02  0.01  0.07  0.06  0.35  0.04  0.0   0.0   0.04  0.08  0.0   0.0   0.07  
323   A     0.11  0.02  0.03  0.02  0.01  0.02  0.11  0.01  0.0   0.02  0.01  0.04  0.0   0.0   0.47  0.03  0.11  0.0   0.0   0.02  
324   L     0.01  0.09  0.0   0.0   0.02  0.41  0.01  0.1   0.0   0.03  0.25  0.01  0.01  0.0   0.0   0.04  0.01  0.0   0.0   0.02  
325   A     0.08  0.17  0.05  0.03  0.0   0.15  0.14  0.01  0.04  0.02  0.02  0.17  0.03  0.0   0.04  0.03  0.02  0.0   0.0   0.01  
326   T     0.0   0.01  0.0   0.0   0.0   0.0   0.0   0.01  0.0   0.0   0.0   0.01  0.0   0.0   0.01  0.35  0.61  0.0   0.0   0.0   
327   V     0.02  0.01  0.01  0.0   0.0   0.02  0.0   0.0   0.0   0.26  0.04  0.02  0.01  0.04  0.0   0.01  0.01  0.0   0.01  0.55  
328   D     0.0   0.01  0.23  0.61  0.0   0.01  0.02  0.02  0.0   0.0   0.0   0.0   0.0   0.0   0.0   0.01  0.06  0.0   0.0   0.0   
329   L     0.01  0.09  0.02  0.01  0.01  0.02  0.03  0.02  0.0   0.16  0.2   0.09  0.05  0.02  0.0   0.03  0.05  0.09  0.02  0.09  
330   A     0.14  0.07  0.07  0.11  0.0   0.05  0.21  0.02  0.03  0.01  0.02  0.1   0.0   0.01  0.0   0.06  0.04  0.0   0.01  0.04  
331   T     0.01  0.01  0.06  0.01  0.0   0.01  0.01  0.34  0.0   0.01  0.02  0.05  0.0   0.01  0.01  0.06  0.39  0.0   0.0   0.0   
332   G     0.02  0.05  0.09  0.02  0.01  0.03  0.18  0.25  0.05  0.01  0.04  0.12  0.05  0.01  0.0   0.04  0.01  0.0   0.0   0.01  
333   D     0.06  0.01  0.04  0.11  0.0   0.03  0.51  0.02  0.0   0.0   0.0   0.05  0.0   0.0   0.09  0.02  0.04  0.0   0.0   0.01  
334   E     0.11  0.01  0.03  0.02  0.03  0.02  0.18  0.02  0.0   0.05  0.01  0.07  0.0   0.0   0.14  0.02  0.12  0.0   0.01  0.15  
335   A     0.15  0.01  0.03  0.05  0.0   0.02  0.23  0.0   0.01  0.04  0.01  0.04  0.03  0.05  0.01  0.04  0.16  0.0   0.02  0.09  
336   V     0.01  0.02  0.01  0.01  0.01  0.02  0.04  0.0   0.0   0.26  0.18  0.07  0.04  0.02  0.03  0.01  0.03  0.0   0.0   0.24  
337   A     0.27  0.03  0.01  0.0   0.0   0.04  0.12  0.01  0.0   0.09  0.03  0.03  0.02  0.01  0.01  0.11  0.12  0.0   0.01  0.1   
338   I     0.11  0.03  0.01  0.01  0.0   0.01  0.02  0.02  0.04  0.13  0.04  0.02  0.01  0.03  0.01  0.04  0.27  0.0   0.0   0.19  
339   H     0.02  0.08  0.02  0.0   0.0   0.02  0.02  0.06  0.08  0.06  0.01  0.35  0.0   0.04  0.01  0.01  0.12  0.0   0.05  0.07  
340   Q     0.0   0.0   0.0   0.0   0.0   0.09  0.17  0.68  0.0   0.01  0.0   0.02  0.0   0.0   0.0   0.01  0.02  0.0   0.0   0.01  
341   R     0.0   0.98  0.02  0.0   0.0   0.0   0.0   0.0   0.0   0.0   0.0   0.0   0.0   0.0   0.0   0.0   0.0   0.0   0.0   0.0   
342   S     0.0   0.0   0.01  0.0   0.0   0.0   0.0   0.0   0.72  0.0   0.0   0.0   0.0   0.01  0.0   0.24  0.0   0.0   0.02  0.0   
343   D     0.0   0.0   0.0   1.0   0.0   0.0   0.0   0.0   0.0   0.0   0.0   0.0   0.0   0.0   0.0   0.0   0.0   0.0   0.0   0.0   
344   V     0.01  0.0   0.01  0.0   0.0   0.0   0.0   0.0   0.0   0.07  0.01  0.0   0.0   0.0   0.67  0.04  0.06  0.0   0.0   0.13  
345   C     0.02  0.0   0.0   0.0   0.69  0.0   0.0   0.0   0.0   0.02  0.0   0.0   0.0   0.0   0.01  0.06  0.1   0.0   0.0   0.09  
346   A     0.26  0.0   0.0   0.0   0.0   0.0   0.0   0.0   0.0   0.14  0.11  0.0   0.0   0.0   0.0   0.01  0.01  0.0   0.0   0.48  
347   V     0.08  0.0   0.0   0.0   0.02  0.0   0.0   0.3   0.0   0.02  0.09  0.0   0.0   0.02  0.1   0.0   0.01  0.0   0.0   0.36  
348   P     0.02  0.0   0.0   0.0   0.0   0.0   0.01  0.0   0.0   0.31  0.03  0.0   0.0   0.0   0.57  0.01  0.02  0.0   0.0   0.04  
349   A     0.24  0.69  0.0   0.0   0.0   0.0   0.0   0.0   0.0   0.02  0.0   0.03  0.0   0.0   0.02  0.01  0.0   0.0   0.0   0.0   
350   A     0.8   0.02  0.0   0.0   0.01  0.0   0.0   0.06  0.0   0.05  0.01  0.0   0.02  0.0   0.0   0.0   0.0   0.0   0.0   0.04  
351   G     0.08  0.0   0.01  0.0   0.01  0.0   0.0   0.14  0.0   0.05  0.03  0.0   0.0   0.0   0.01  0.11  0.09  0.0   0.01  0.46  
352   V     0.01  0.0   0.0   0.0   0.01  0.0   0.0   0.01  0.0   0.05  0.01  0.0   0.0   0.0   0.57  0.01  0.02  0.0   0.0   0.3   
353   V     0.03  0.0   0.0   0.0   0.0   0.0   0.0   0.0   0.0   0.28  0.01  0.0   0.04  0.0   0.0   0.0   0.01  0.0   0.0   0.64  
354   V     0.41  0.0   0.0   0.0   0.05  0.0   0.0   0.08  0.0   0.02  0.09  0.0   0.03  0.0   0.0   0.0   0.01  0.0   0.0   0.31  
355   E     0.0   0.0   0.01  0.01  0.0   0.01  0.94  0.0   0.0   0.0   0.0   0.01  0.0   0.0   0.0   0.0   0.01  0.0   0.0   0.0   
356   T     0.8   0.0   0.02  0.0   0.01  0.0   0.0   0.01  0.01  0.0   0.0   0.0   0.0   0.0   0.0   0.13  0.01  0.0   0.0   0.0   
357   M     0.03  0.01  0.0   0.0   0.0   0.0   0.0   0.0   0.0   0.02  0.03  0.0   0.74  0.0   0.0   0.01  0.01  0.0   0.0   0.15  
358   V     0.09  0.0   0.0   0.0   0.03  0.0   0.0   0.0   0.0   0.04  0.23  0.0   0.13  0.01  0.0   0.01  0.09  0.0   0.0   0.37  
359   A     0.76  0.03  0.04  0.0   0.01  0.0   0.0   0.01  0.0   0.0   0.0   0.0   0.0   0.0   0.0   0.03  0.0   0.02  0.08  0.0   
360   L     0.0   0.0   0.0   0.0   0.13  0.0   0.0   0.0   0.0   0.22  0.42  0.0   0.02  0.06  0.02  0.0   0.03  0.05  0.01  0.03  
361   V     0.05  0.0   0.0   0.0   0.01  0.0   0.09  0.0   0.0   0.03  0.0   0.0   0.0   0.0   0.0   0.0   0.19  0.0   0.0   0.65  
362   L     0.0   0.0   0.0   0.0   0.0   0.0   0.0   0.0   0.0   0.18  0.67  0.0   0.02  0.01  0.0   0.0   0.0   0.0   0.0   0.12  
363   A     0.64  0.0   0.0   0.0   0.03  0.0   0.0   0.01  0.0   0.04  0.06  0.0   0.11  0.0   0.0   0.02  0.01  0.0   0.01  0.07  
364   R     0.01  0.05  0.08  0.68  0.0   0.04  0.04  0.01  0.0   0.0   0.0   0.05  0.0   0.0   0.0   0.0   0.01  0.0   0.0   0.0   
365   A     0.33  0.0   0.01  0.0   0.02  0.03  0.06  0.0   0.35  0.0   0.04  0.01  0.06  0.05  0.0   0.02  0.0   0.0   0.02  0.0   
366   A     0.17  0.0   0.0   0.0   0.02  0.0   0.0   0.0   0.0   0.09  0.3   0.02  0.06  0.09  0.0   0.01  0.0   0.0   0.09  0.14  
367   L     0.01  0.0   0.0   0.0   0.01  0.01  0.0   0.0   0.0   0.02  0.86  0.01  0.03  0.0   0.0   0.0   0.02  0.0   0.0   0.02  
368   E     0.02  0.38  0.04  0.05  0.0   0.05  0.35  0.0   0.0   0.0   0.04  0.03  0.01  0.0   0.0   0.01  0.0   0.0   0.01  0.01  
369   K     0.0   0.03  0.06  0.01  0.0   0.25  0.03  0.0   0.18  0.0   0.0   0.41  0.01  0.0   0.0   0.01  0.01  0.0   0.0   0.0   
370   F     0.01  0.25  0.0   0.0   0.0   0.04  0.0   0.0   0.01  0.0   0.11  0.0   0.03  0.5   0.0   0.0   0.01  0.0   0.04  0.0   
371   G     0.02  0.01  0.01  0.03  0.0   0.03  0.0   0.82  0.0   0.0   0.0   0.0   0.0   0.0   0.03  0.05  0.0   0.0   0.0   0.0   
372   G     0.05  0.0   0.0   0.03  0.01  0.17  0.0   0.54  0.02  0.0   0.01  0.0   0.0   0.0   0.0   0.16  0.01  0.0   0.0   0.0   
373   D     0.0   0.0   0.15  0.68  0.07  0.01  0.03  0.04  0.0   0.0   0.0   0.0   0.0   0.0   0.0   0.02  0.01  0.0   0.0   0.0   
374   S     0.08  0.03  0.1   0.0   0.01  0.03  0.02  0.03  0.09  0.0   0.01  0.01  0.0   0.02  0.0   0.45  0.08  0.0   0.01  0.02  
375   L     0.01  0.01  0.0   0.03  0.0   0.0   0.0   0.02  0.01  0.14  0.4   0.0   0.13  0.02  0.0   0.0   0.01  0.02  0.02  0.17  
376   A     0.16  0.02  0.02  0.14  0.02  0.01  0.24  0.07  0.0   0.01  0.01  0.02  0.0   0.0   0.07  0.02  0.05  0.0   0.03  0.12  
377   E     0.03  0.06  0.0   0.1   0.0   0.08  0.67  0.0   0.0   0.0   0.02  0.01  0.0   0.0   0.0   0.01  0.01  0.0   0.0   0.01  
378   T     0.01  0.0   0.0   0.0   0.0   0.01  0.0   0.0   0.0   0.23  0.27  0.0   0.06  0.01  0.0   0.01  0.35  0.0   0.0   0.07  
379   Q     0.03  0.25  0.0   0.01  0.0   0.15  0.08  0.0   0.01  0.0   0.05  0.35  0.0   0.01  0.02  0.0   0.02  0.0   0.0   0.01  
380   R     0.05  0.42  0.01  0.03  0.03  0.06  0.16  0.02  0.01  0.0   0.01  0.14  0.0   0.02  0.0   0.02  0.02  0.01  0.0   0.0   
381   N     0.13  0.18  0.49  0.0   0.0   0.06  0.0   0.0   0.04  0.0   0.0   0.03  0.0   0.0   0.0   0.02  0.05  0.0   0.0   0.0   
382   I     0.02  0.01  0.0   0.0   0.01  0.0   0.0   0.0   0.01  0.25  0.18  0.0   0.0   0.1   0.0   0.0   0.0   0.03  0.15  0.24  
383   A     0.13  0.07  0.05  0.17  0.0   0.08  0.29  0.0   0.02  0.0   0.0   0.05  0.0   0.01  0.0   0.06  0.06  0.0   0.0   0.01  
384   A     0.24  0.07  0.04  0.06  0.01  0.02  0.05  0.17  0.06  0.02  0.03  0.04  0.0   0.0   0.0   0.13  0.04  0.0   0.0   0.02  
385   Y     0.01  0.01  0.0   0.0   0.0   0.0   0.0   0.0   0.07  0.0   0.0   0.0   0.02  0.02  0.0   0.0   0.0   0.01  0.87  0.0   
386   Q     0.01  0.39  0.04  0.0   0.02  0.07  0.01  0.01  0.0   0.0   0.29  0.09  0.04  0.0   0.0   0.0   0.02  0.0   0.0   0.02  
387   R     0.08  0.14  0.07  0.11  0.0   0.12  0.33  0.04  0.0   0.0   0.0   0.11  0.0   0.0   0.0   0.01  0.0   0.0   0.0   0.0   
388   S     0.12  0.1   0.03  0.03  0.0   0.07  0.12  0.02  0.02  0.01  0.0   0.01  0.0   0.05  0.0   0.14  0.05  0.01  0.21  0.0   
389   V     0.0   0.02  0.0   0.0   0.0   0.0   0.0   0.0   0.0   0.35  0.25  0.0   0.0   0.0   0.0   0.0   0.0   0.0   0.0   0.39  
390   A     0.36  0.06  0.0   0.02  0.0   0.03  0.02  0.02  0.0   0.02  0.03  0.18  0.0   0.0   0.04  0.13  0.0   0.0   0.06  0.04  
391   D     0.06  0.03  0.28  0.03  0.0   0.02  0.27  0.02  0.0   0.02  0.06  0.05  0.0   0.0   0.0   0.04  0.07  0.0   0.0   0.06  
392   R     0.0   0.91  0.0   0.0   0.0   0.09  0.0   0.0   0.0   0.0   0.0   0.0   0.0   0.0   0.0   0.0   0.0   0.0   0.0   0.0   
