             A     R     N     D     C     Q     E     G     H     I     L     K     M     F     P     S     T     W     Y     V
1     S     0.0   0.0   0.0   0.0   0.0   0.0   0.0   0.0   0.0   0.0   0.0   0.0   0.0   0.0   0.0   0.0   0.0   0.0   0.0   0.0   
2     P     0.0   0.0   0.0   0.0   0.0   0.0   0.0   0.0   0.0   0.0   0.0   0.0   0.0   0.0   0.0   0.0   0.0   0.0   0.0   0.0   
3     E     0.0   0.0   0.0   0.0   0.0   0.0   0.0   0.0   0.0   0.0   0.0   0.0   0.0   0.0   0.0   0.0   0.0   0.0   0.0   0.0   
4     F     0.0   0.0   0.0   0.0   0.0   0.0   0.0   0.0   0.0   0.0   0.0   0.0   0.0   0.0   0.0   0.0   0.0   0.0   0.0   0.0   
5     G     0.0   0.0   0.0   0.0   0.0   0.0   0.0   1.0   0.0   0.0   0.0   0.0   0.0   0.0   0.0   0.0   0.0   0.0   0.0   0.0   
6     Y     0.0   0.0   0.0   0.0   0.0   0.0   0.0   0.0   0.0   0.0   0.0   0.0   0.0   0.0   0.0   0.0   0.0   0.0   1.0   0.0   
7     W     0.0   0.0   0.0   0.0   0.0   0.0   0.0   0.0   0.0   0.0   0.0   0.0   0.0   0.0   0.0   0.0   0.0   1.0   0.0   0.0   
8     I     0.0   0.0   0.0   0.0   0.0   0.0   0.0   0.0   0.0   0.83  0.0   0.0   0.0   0.0   0.0   0.0   0.0   0.0   0.0   0.17  
9     T     0.0   0.0   0.0   0.0   0.0   0.0   0.0   0.0   0.0   0.17  0.0   0.53  0.0   0.0   0.0   0.0   0.3   0.0   0.0   0.0   
10    C     0.0   0.0   0.0   0.0   1.0   0.0   0.0   0.0   0.0   0.0   0.0   0.0   0.0   0.0   0.0   0.0   0.0   0.0   0.0   0.0   
11    C     0.0   0.0   0.0   0.0   1.0   0.0   0.0   0.0   0.0   0.0   0.0   0.0   0.0   0.0   0.0   0.0   0.0   0.0   0.0   0.0   
12    P     0.17  0.0   0.0   0.0   0.0   0.0   0.0   0.0   0.0   0.0   0.35  0.0   0.0   0.0   0.48  0.0   0.0   0.0   0.0   0.0   
13    T     0.0   0.0   0.0   0.18  0.0   0.0   0.0   0.17  0.0   0.0   0.0   0.0   0.0   0.0   0.0   0.34  0.3   0.0   0.0   0.0   
14    C     0.0   0.0   0.0   0.0   1.0   0.0   0.0   0.0   0.0   0.0   0.0   0.0   0.0   0.0   0.0   0.0   0.0   0.0   0.0   0.0   
15    D     0.0   0.0   0.17  0.48  0.0   0.35  0.0   0.0   0.0   0.0   0.0   0.0   0.0   0.0   0.0   0.0   0.0   0.0   0.0   0.0   
16    V     0.0   0.0   0.0   0.0   0.0   0.0   0.0   0.0   0.0   0.17  0.0   0.0   0.18  0.0   0.0   0.0   0.0   0.0   0.0   0.65  
17    D     0.0   0.0   0.0   1.0   0.0   0.0   0.0   0.0   0.0   0.0   0.0   0.0   0.0   0.0   0.0   0.0   0.0   0.0   0.0   0.0   
18    I     0.0   0.18  0.0   0.0   0.0   0.0   0.0   0.0   0.0   0.47  0.0   0.0   0.0   0.0   0.35  0.0   0.0   0.0   0.0   0.0   
19    N     0.0   0.0   1.0   0.0   0.0   0.0   0.0   0.0   0.0   0.0   0.0   0.0   0.0   0.0   0.0   0.0   0.0   0.0   0.0   0.0   
20    T     0.0   0.0   0.0   0.0   0.0   0.0   0.0   0.0   0.0   0.17  0.0   0.0   0.0   0.0   0.0   0.0   0.83  0.0   0.0   0.0   
21    W     0.0   0.0   0.0   0.0   0.0   0.0   0.0   0.0   0.0   0.0   0.0   0.0   0.0   0.0   0.0   0.0   0.0   1.0   0.0   0.0   
22    V     0.0   0.0   0.0   0.0   0.0   0.0   0.53  0.0   0.0   0.0   0.0   0.0   0.0   0.0   0.0   0.0   0.0   0.0   0.0   0.47  
23    P     0.0   0.0   0.0   0.0   0.0   0.0   0.0   0.0   0.0   0.0   0.0   0.0   0.0   0.0   1.0   0.0   0.0   0.0   0.0   0.0   
24    F     0.0   0.0   0.0   0.0   0.0   0.0   0.0   0.0   0.0   0.0   0.0   0.0   0.0   0.65  0.0   0.0   0.0   0.0   0.35  0.0   
25    Y     0.0   0.0   0.0   0.0   0.0   0.0   0.0   0.0   0.0   0.0   0.0   0.0   0.0   0.0   0.0   0.0   0.0   0.0   1.0   0.0   
26    S     0.0   0.0   0.0   0.0   0.0   0.0   0.0   0.0   0.0   0.0   0.0   0.0   0.0   0.0   0.0   1.0   0.0   0.0   0.0   0.0   
27    T     0.0   0.0   0.0   0.0   0.0   0.0   0.0   0.0   0.0   0.0   0.0   0.0   0.0   0.0   0.0   0.0   1.0   0.0   0.0   0.0   
28    E     0.0   0.0   0.0   0.0   0.0   0.0   1.0   0.0   0.0   0.0   0.0   0.0   0.0   0.0   0.0   0.0   0.0   0.0   0.0   0.0   
29    L     0.0   0.0   0.0   0.0   0.0   0.0   0.0   0.0   0.0   0.0   1.0   0.0   0.0   0.0   0.0   0.0   0.0   0.0   0.0   0.0   
30    N     0.0   0.0   0.65  0.0   0.0   0.0   0.0   0.0   0.0   0.0   0.17  0.0   0.0   0.0   0.0   0.0   0.17  0.0   0.0   0.0   
31    K     0.0   0.35  0.0   0.0   0.0   0.0   0.0   0.0   0.0   0.0   0.0   0.65  0.0   0.0   0.0   0.0   0.0   0.0   0.0   0.0   
32    P     0.0   0.0   0.0   0.0   0.0   0.0   0.0   0.0   0.0   0.0   0.0   0.0   0.0   0.0   1.0   0.0   0.0   0.0   0.0   0.0   
33    A     0.82  0.0   0.0   0.0   0.0   0.0   0.0   0.0   0.0   0.0   0.0   0.0   0.0   0.0   0.0   0.18  0.0   0.0   0.0   0.0   
34    M     0.0   0.0   0.0   0.0   0.0   0.0   0.0   0.0   0.0   0.0   0.0   0.0   1.0   0.0   0.0   0.0   0.0   0.0   0.0   0.0   
35    I     0.0   0.0   0.0   0.0   0.0   0.0   0.0   0.0   0.0   1.0   0.0   0.0   0.0   0.0   0.0   0.0   0.0   0.0   0.0   0.0   
36    Y     0.0   0.0   0.0   0.0   0.0   0.0   0.0   0.0   0.0   0.0   0.17  0.0   0.0   0.35  0.0   0.0   0.0   0.0   0.48  0.0   
37    C     0.0   0.0   0.0   0.0   1.0   0.0   0.0   0.0   0.0   0.0   0.0   0.0   0.0   0.0   0.0   0.0   0.0   0.0   0.0   0.0   
38    S     0.0   0.0   0.0   0.0   0.0   0.0   0.0   0.0   0.0   0.0   0.0   0.0   0.0   0.0   0.0   1.0   0.0   0.0   0.0   0.0   
39    H     0.0   0.17  0.0   0.0   0.0   0.0   0.0   0.0   0.3   0.0   0.0   0.35  0.0   0.0   0.0   0.17  0.0   0.0   0.0   0.0   
40    G     0.0   0.0   0.0   0.18  0.0   0.0   0.0   0.82  0.0   0.0   0.0   0.0   0.0   0.0   0.0   0.0   0.0   0.0   0.0   0.0   
41    D     0.0   0.0   0.0   0.3   0.0   0.0   0.35  0.18  0.0   0.0   0.0   0.0   0.0   0.0   0.0   0.17  0.0   0.0   0.0   0.0   
42    G     0.0   0.0   0.0   0.0   0.0   0.0   0.0   1.0   0.0   0.0   0.0   0.0   0.0   0.0   0.0   0.0   0.0   0.0   0.0   0.0   
43    H     0.0   0.0   0.0   0.0   0.0   0.0   0.0   0.0   1.0   0.0   0.0   0.0   0.0   0.0   0.0   0.0   0.0   0.0   0.0   0.0   
44    W     0.0   0.0   0.0   0.0   0.0   0.0   0.0   0.0   0.0   0.0   0.0   0.0   0.0   0.0   0.0   0.0   0.0   1.0   0.0   0.0   
45    V     0.0   0.0   0.0   0.0   0.0   0.0   0.0   0.0   0.0   0.0   0.0   0.0   0.0   0.0   0.0   0.0   0.0   0.0   0.0   1.0   
46    H     0.0   0.0   0.0   0.0   0.0   0.0   0.0   0.0   1.0   0.0   0.0   0.0   0.0   0.0   0.0   0.0   0.0   0.0   0.0   0.0   
47    A     0.82  0.0   0.0   0.0   0.0   0.0   0.0   0.0   0.0   0.0   0.0   0.0   0.0   0.0   0.0   0.18  0.0   0.0   0.0   0.0   
48    Q     0.0   0.0   0.0   0.0   0.0   0.85  0.0   0.0   0.0   0.0   0.0   0.15  0.0   0.0   0.0   0.0   0.0   0.0   0.0   0.0   
49    C     0.0   0.0   0.0   0.0   1.0   0.0   0.0   0.0   0.0   0.0   0.0   0.0   0.0   0.0   0.0   0.0   0.0   0.0   0.0   0.0   
50    M     0.0   0.0   0.0   0.0   0.0   0.0   0.0   0.0   0.0   0.0   0.0   0.0   1.0   0.0   0.0   0.0   0.0   0.0   0.0   0.0   
51    D     0.0   0.0   0.0   0.65  0.0   0.0   0.35  0.0   0.0   0.0   0.0   0.0   0.0   0.0   0.0   0.0   0.0   0.0   0.0   0.0   
52    L     0.0   0.0   0.0   0.0   0.0   0.0   0.0   0.0   0.0   0.0   1.0   0.0   0.0   0.0   0.0   0.0   0.0   0.0   0.0   0.0   
53    E     0.15  0.0   0.0   0.0   0.0   0.0   0.15  0.0   0.0   0.0   0.0   0.0   0.0   0.0   0.17  0.35  0.17  0.0   0.0   0.0   
54    E     0.0   0.0   0.0   0.0   0.0   0.0   1.0   0.0   0.0   0.0   0.0   0.0   0.0   0.0   0.0   0.0   0.0   0.0   0.0   0.0   
55    R     0.0   0.3   0.0   0.0   0.0   0.0   0.0   0.17  0.0   0.0   0.0   0.0   0.0   0.0   0.0   0.34  0.18  0.0   0.0   0.0   
56    T     0.0   0.0   0.0   0.0   0.0   0.0   0.0   0.0   0.0   0.0   0.35  0.0   0.35  0.0   0.0   0.0   0.3   0.0   0.0   0.0   
57    L     0.0   0.0   0.0   0.0   0.0   0.0   0.0   0.0   0.0   0.0   1.0   0.0   0.0   0.0   0.0   0.0   0.0   0.0   0.0   0.0   
58    I     0.0   0.0   0.0   0.0   0.0   0.0   0.0   0.0   0.0   0.3   0.34  0.18  0.0   0.0   0.0   0.0   0.0   0.0   0.0   0.17  
59    H     0.0   0.17  0.0   0.0   0.0   0.34  0.0   0.0   0.3   0.0   0.0   0.0   0.0   0.0   0.0   0.0   0.0   0.0   0.18  0.0   
60    L     0.0   0.0   0.0   0.0   0.0   0.0   0.0   0.0   0.0   0.0   1.0   0.0   0.0   0.0   0.0   0.0   0.0   0.0   0.0   0.0   
61    S     0.0   0.0   0.0   0.0   0.0   0.0   0.0   0.0   0.0   0.0   0.0   0.0   0.0   0.0   0.0   1.0   0.0   0.0   0.0   0.0   
62    E     0.0   0.0   0.0   0.0   0.0   0.53  0.47  0.0   0.0   0.0   0.0   0.0   0.0   0.0   0.0   0.0   0.0   0.0   0.0   0.0   
63    G     0.17  0.0   0.18  0.17  0.0   0.0   0.0   0.48  0.0   0.0   0.0   0.0   0.0   0.0   0.0   0.0   0.0   0.0   0.0   0.0   
64    S     0.0   0.0   0.7   0.0   0.0   0.0   0.0   0.0   0.0   0.0   0.0   0.0   0.0   0.0   0.0   0.3   0.0   0.0   0.0   0.0   
65    N     0.0   0.0   0.3   0.0   0.0   0.0   0.0   0.17  0.0   0.18  0.0   0.0   0.0   0.0   0.0   0.17  0.0   0.0   0.0   0.17  
66    K     0.0   0.0   0.0   0.0   0.0   0.0   0.0   0.0   0.0   0.0   0.0   1.0   0.0   0.0   0.0   0.0   0.0   0.0   0.0   0.0   
67    Y     0.0   0.0   0.0   0.0   0.0   0.0   0.0   0.0   0.0   0.0   0.0   0.0   0.0   0.0   0.0   0.0   0.0   0.0   1.0   0.0   
68    Y     0.0   0.0   0.0   0.0   0.0   0.0   0.0   0.0   0.0   0.0   0.0   0.0   0.0   0.7   0.0   0.0   0.0   0.0   0.3   0.0   
69    C     0.0   0.0   0.0   0.0   1.0   0.0   0.0   0.0   0.0   0.0   0.0   0.0   0.0   0.0   0.0   0.0   0.0   0.0   0.0   0.0   
70    N     0.0   0.0   0.65  0.0   0.0   0.0   0.0   0.0   0.0   0.0   0.35  0.0   0.0   0.0   0.0   0.0   0.0   0.0   0.0   0.0   
71    E     0.0   0.0   0.0   0.35  0.0   0.0   0.65  0.0   0.0   0.0   0.0   0.0   0.0   0.0   0.0   0.0   0.0   0.0   0.0   0.0   
72    H     0.0   0.0   0.0   0.0   0.0   0.0   0.0   0.0   1.0   0.0   0.0   0.0   0.0   0.0   0.0   0.0   0.0   0.0   0.0   0.0   
73    V     0.0   0.0   0.0   0.0   0.0   0.0   0.0   0.35  0.0   0.0   0.0   0.0   0.0   0.0   0.0   0.0   0.0   0.0   0.0   0.65  
74    Q     0.0   0.0   0.0   0.0   0.0   0.15  0.33  0.35  0.17  0.0   0.0   0.0   0.0   0.0   0.0   0.0   0.0   0.0   0.0   0.0   
75    I     0.0   0.0   0.0   0.0   0.0   0.0   0.0   0.0   0.0   0.3   0.52  0.0   0.0   0.0   0.0   0.0   0.0   0.0   0.0   0.18  
76    A     0.48  0.0   0.17  0.0   0.0   0.0   0.0   0.0   0.0   0.0   0.0   0.0   0.0   0.0   0.35  0.0   0.0   0.0   0.0   0.0   
77    R     0.0   0.66  0.0   0.0   0.0   0.0   0.0   0.0   0.0   0.0   0.0   0.34  0.0   0.0   0.0   0.0   0.0   0.0   0.0   0.0   
78    A     0.45  0.0   0.0   0.0   0.0   0.0   0.0   0.55  0.0   0.0   0.0   0.0   0.0   0.0   0.0   0.0   0.0   0.0   0.0   0.0   
