             A     R     N     D     C     Q     E     G     H     I     L     K     M     F     P     S     T     W     Y     V
1     M     0.0   0.0   0.0   0.0   0.0   0.0   0.0   0.0   0.0   0.0   0.0   0.0   1.0   0.0   0.0   0.0   0.0   0.0   0.0   0.0   
2     Q     0.0   0.0   0.0   0.0   0.0   0.54  0.0   0.0   0.0   0.0   0.0   0.26  0.0   0.0   0.0   0.0   0.11  0.0   0.1   0.0   
3     N     0.11  0.05  0.25  0.24  0.0   0.0   0.0   0.0   0.0   0.0   0.0   0.0   0.0   0.0   0.0   0.26  0.09  0.0   0.0   0.0   
4     I     0.0   0.0   0.0   0.0   0.0   0.0   0.0   0.0   0.0   0.75  0.0   0.0   0.0   0.1   0.0   0.0   0.0   0.0   0.0   0.15  
5     T     0.0   0.0   0.0   0.0   0.0   0.0   0.0   0.0   0.0   0.2   0.48  0.0   0.06  0.0   0.0   0.0   0.16  0.0   0.09  0.0   
6     Y     0.0   0.0   0.1   0.29  0.0   0.11  0.26  0.0   0.04  0.0   0.0   0.0   0.0   0.0   0.0   0.16  0.0   0.0   0.04  0.0   
7     S     0.57  0.0   0.0   0.0   0.0   0.0   0.0   0.0   0.0   0.0   0.0   0.0   0.0   0.0   0.0   0.43  0.0   0.0   0.0   0.0   
8     W     0.0   0.0   0.0   0.0   0.0   0.0   0.0   0.0   0.0   0.0   0.0   0.14  0.0   0.0   0.28  0.0   0.0   0.53  0.0   0.05  
9     F     0.0   0.0   0.0   0.0   0.0   0.0   0.14  0.0   0.0   0.0   0.0   0.0   0.19  0.59  0.0   0.0   0.0   0.0   0.08  0.0   
10    V     0.0   0.0   0.0   0.0   0.0   0.0   0.0   0.0   0.0   0.1   0.19  0.0   0.14  0.0   0.0   0.0   0.0   0.0   0.0   0.58  
11    Q     0.0   0.07  0.27  0.0   0.0   0.31  0.2   0.0   0.0   0.0   0.0   0.16  0.0   0.0   0.0   0.0   0.0   0.0   0.0   0.0   
12    G     0.0   0.0   0.0   0.06  0.0   0.0   0.4   0.29  0.13  0.0   0.0   0.11  0.0   0.0   0.0   0.0   0.0   0.0   0.0   0.0   
13    M     0.0   0.0   0.0   0.0   0.0   0.0   0.0   0.0   0.0   0.0   0.0   0.0   0.9   0.0   0.0   0.0   0.0   0.0   0.0   0.1   
14    I     0.33  0.0   0.0   0.0   0.06  0.0   0.0   0.0   0.0   0.24  0.0   0.0   0.05  0.0   0.0   0.0   0.08  0.0   0.0   0.24  
15    K     0.13  0.08  0.05  0.0   0.0   0.15  0.16  0.0   0.0   0.0   0.0   0.44  0.0   0.0   0.0   0.0   0.0   0.0   0.0   0.0   
16    A     0.4   0.0   0.0   0.0   0.0   0.0   0.0   0.0   0.0   0.08  0.16  0.0   0.06  0.0   0.0   0.0   0.19  0.0   0.0   0.1   
17    T     0.18  0.0   0.0   0.0   0.0   0.0   0.0   0.16  0.0   0.0   0.0   0.0   0.0   0.13  0.0   0.0   0.53  0.0   0.0   0.0   
18    T     0.08  0.21  0.0   0.0   0.0   0.06  0.06  0.1   0.0   0.0   0.0   0.05  0.0   0.0   0.0   0.28  0.08  0.0   0.09  0.0   
19    D     0.0   0.0   0.2   0.33  0.0   0.0   0.0   0.0   0.0   0.0   0.0   0.0   0.13  0.0   0.0   0.24  0.0   0.0   0.1   0.0   
20    A     0.14  0.0   0.0   0.0   0.0   0.0   0.0   0.0   0.0   0.0   0.3   0.0   0.19  0.37  0.0   0.0   0.0   0.0   0.0   0.0   
21    W     0.0   0.0   0.0   0.0   0.0   0.0   0.0   0.13  0.0   0.0   0.0   0.0   0.0   0.16  0.0   0.0   0.0   0.48  0.23  0.0   
22    L     0.0   0.33  0.0   0.0   0.0   0.26  0.09  0.0   0.04  0.0   0.24  0.05  0.0   0.0   0.0   0.0   0.0   0.0   0.0   0.0   
23    K     0.0   0.24  0.18  0.0   0.0   0.0   0.0   0.0   0.06  0.0   0.13  0.38  0.0   0.0   0.0   0.0   0.0   0.0   0.0   0.0   
24    G     0.0   0.0   0.0   0.0   0.0   0.0   0.0   1.0   0.0   0.0   0.0   0.0   0.0   0.0   0.0   0.0   0.0   0.0   0.0   0.0   
25    W     0.0   0.0   0.0   0.0   0.0   0.0   0.0   0.0   0.0   0.0   0.0   0.0   0.0   0.0   0.0   0.0   0.0   0.63  0.37  0.0   
26    D     0.31  0.0   0.13  0.47  0.0   0.0   0.0   0.0   0.0   0.0   0.0   0.0   0.0   0.0   0.0   0.0   0.09  0.0   0.0   0.0   
27    E     0.0   0.0   0.0   0.0   0.0   0.0   0.76  0.0   0.0   0.0   0.0   0.0   0.0   0.0   0.0   0.0   0.16  0.0   0.0   0.09  
28    R     0.0   0.53  0.0   0.0   0.0   0.0   0.0   0.37  0.0   0.0   0.05  0.06  0.0   0.0   0.0   0.0   0.0   0.0   0.0   0.0   
29    N     0.0   0.0   0.63  0.0   0.0   0.0   0.0   0.09  0.0   0.0   0.0   0.0   0.0   0.0   0.0   0.16  0.13  0.0   0.0   0.0   
30    G     0.37  0.0   0.0   0.0   0.0   0.0   0.0   0.63  0.0   0.0   0.0   0.0   0.0   0.0   0.0   0.0   0.0   0.0   0.0   0.0   
31    G     0.0   0.0   0.0   0.0   0.0   0.0   0.0   1.0   0.0   0.0   0.0   0.0   0.0   0.0   0.0   0.0   0.0   0.0   0.0   0.0   
32    N     0.0   0.0   0.87  0.0   0.0   0.0   0.0   0.0   0.13  0.0   0.0   0.0   0.0   0.0   0.0   0.0   0.0   0.0   0.0   0.0   
33    L     0.0   0.0   0.0   0.0   0.0   0.0   0.0   0.0   0.0   0.33  0.38  0.0   0.0   0.0   0.0   0.0   0.0   0.0   0.0   0.29  
34    T     0.0   0.0   0.0   0.0   0.0   0.0   0.0   0.0   0.0   0.0   0.0   0.0   0.0   0.0   0.0   0.59  0.41  0.0   0.0   0.0   
35    L     0.0   0.0   0.0   0.0   0.0   0.06  0.0   0.0   0.0   0.0   0.49  0.0   0.0   0.0   0.0   0.0   0.0   0.0   0.13  0.32  
36    R     0.01  0.56  0.0   0.01  0.0   0.0   0.01  0.01  0.0   0.01  0.36  0.01  0.0   0.0   0.01  0.01  0.01  0.0   0.0   0.01  
37    L     0.01  0.01  0.0   0.13  0.0   0.0   0.01  0.01  0.0   0.01  0.78  0.01  0.0   0.0   0.01  0.01  0.01  0.0   0.0   0.01  
38    D     0.01  0.01  0.0   0.38  0.0   0.0   0.06  0.01  0.0   0.01  0.08  0.1   0.0   0.0   0.21  0.01  0.1   0.0   0.0   0.01  
39    D     0.17  0.01  0.04  0.27  0.0   0.01  0.2   0.01  0.0   0.14  0.02  0.07  0.0   0.01  0.01  0.01  0.01  0.0   0.01  0.01  
40    A     0.18  0.01  0.1   0.17  0.0   0.01  0.23  0.09  0.0   0.01  0.02  0.05  0.0   0.01  0.01  0.07  0.01  0.0   0.01  0.01  
41    D     0.01  0.09  0.19  0.25  0.0   0.0   0.42  0.01  0.0   0.0   0.01  0.0   0.0   0.0   0.0   0.01  0.0   0.0   0.0   0.0   
42    I     0.01  0.0   0.13  0.0   0.0   0.0   0.0   0.01  0.0   0.34  0.09  0.0   0.0   0.0   0.0   0.01  0.0   0.0   0.0   0.38  
43    A     0.17  0.06  0.01  0.01  0.0   0.01  0.17  0.02  0.01  0.01  0.07  0.07  0.01  0.01  0.01  0.02  0.28  0.0   0.01  0.05  
44    P     0.08  0.01  0.01  0.01  0.0   0.01  0.16  0.02  0.06  0.01  0.02  0.01  0.01  0.14  0.3   0.1   0.01  0.0   0.01  0.02  
45    Y     0.02  0.01  0.01  0.01  0.0   0.01  0.02  0.02  0.01  0.01  0.02  0.01  0.01  0.21  0.01  0.02  0.01  0.13  0.44  0.02  
46    H     0.11  0.08  0.01  0.01  0.0   0.01  0.08  0.02  0.06  0.14  0.17  0.05  0.01  0.06  0.01  0.02  0.04  0.0   0.01  0.12  
47    D     0.08  0.05  0.14  0.41  0.01  0.01  0.02  0.08  0.01  0.01  0.03  0.02  0.01  0.01  0.02  0.05  0.02  0.0   0.01  0.02  
48    N     0.04  0.02  0.12  0.28  0.01  0.02  0.1   0.03  0.01  0.02  0.04  0.03  0.01  0.02  0.02  0.03  0.14  0.01  0.01  0.03  
49    F     0.05  0.03  0.03  0.03  0.01  0.03  0.04  0.04  0.01  0.03  0.1   0.03  0.01  0.3   0.08  0.04  0.03  0.01  0.02  0.08  
50    H     0.04  0.02  0.07  0.14  0.01  0.02  0.03  0.03  0.15  0.02  0.04  0.07  0.01  0.02  0.02  0.07  0.07  0.01  0.12  0.03  
51    Q     0.06  0.08  0.02  0.02  0.01  0.33  0.13  0.03  0.01  0.02  0.03  0.08  0.01  0.01  0.09  0.03  0.02  0.0   0.01  0.02  
52    Q     0.06  0.02  0.05  0.02  0.01  0.14  0.05  0.03  0.01  0.16  0.03  0.08  0.01  0.01  0.02  0.03  0.02  0.0   0.07  0.18  
53    P     0.03  0.12  0.02  0.02  0.01  0.02  0.02  0.03  0.01  0.06  0.19  0.07  0.01  0.01  0.3   0.03  0.02  0.0   0.01  0.02  
54    R     0.03  0.59  0.02  0.02  0.01  0.02  0.02  0.03  0.01  0.02  0.03  0.02  0.01  0.01  0.02  0.03  0.02  0.06  0.01  0.02  
55    Y     0.03  0.02  0.02  0.02  0.04  0.08  0.02  0.03  0.08  0.02  0.03  0.1   0.11  0.01  0.02  0.03  0.17  0.0   0.15  0.02  
56    I     0.03  0.02  0.02  0.02  0.01  0.02  0.22  0.03  0.01  0.35  0.03  0.02  0.01  0.01  0.02  0.03  0.02  0.0   0.01  0.13  
57    P     0.14  0.01  0.01  0.01  0.0   0.01  0.12  0.02  0.01  0.01  0.02  0.01  0.01  0.01  0.49  0.07  0.01  0.0   0.01  0.02  
58    L     0.02  0.01  0.01  0.01  0.0   0.01  0.02  0.02  0.01  0.21  0.49  0.01  0.09  0.01  0.01  0.02  0.01  0.0   0.01  0.02  
59    S     0.02  0.01  0.01  0.1   0.0   0.01  0.14  0.07  0.01  0.01  0.02  0.12  0.01  0.01  0.01  0.32  0.09  0.0   0.01  0.02  
60    Q     0.02  0.01  0.01  0.01  0.0   0.29  0.12  0.02  0.01  0.01  0.02  0.01  0.01  0.26  0.01  0.02  0.01  0.0   0.01  0.14  
61    P     0.01  0.01  0.05  0.29  0.0   0.01  0.01  0.01  0.0   0.01  0.02  0.01  0.0   0.01  0.42  0.01  0.11  0.0   0.01  0.01  
62    M     0.21  0.04  0.01  0.01  0.0   0.01  0.01  0.13  0.0   0.05  0.12  0.01  0.17  0.13  0.01  0.01  0.01  0.0   0.01  0.06  
63    P     0.01  0.01  0.01  0.01  0.0   0.01  0.01  0.01  0.0   0.06  0.02  0.05  0.0   0.01  0.32  0.25  0.2   0.0   0.01  0.01  
64    L     0.05  0.01  0.01  0.01  0.0   0.01  0.22  0.01  0.0   0.04  0.32  0.1   0.0   0.01  0.07  0.01  0.01  0.0   0.11  0.01  
65    L     0.01  0.01  0.01  0.01  0.0   0.01  0.01  0.01  0.0   0.01  0.72  0.01  0.13  0.01  0.01  0.01  0.01  0.0   0.01  0.01  
66    A     0.62  0.01  0.01  0.01  0.0   0.01  0.01  0.01  0.0   0.01  0.02  0.24  0.0   0.01  0.01  0.01  0.01  0.0   0.01  0.01  
67    N     0.02  0.02  0.27  0.05  0.01  0.01  0.02  0.36  0.01  0.02  0.03  0.02  0.01  0.01  0.02  0.02  0.09  0.0   0.01  0.02  
68    T     0.02  0.02  0.07  0.02  0.17  0.13  0.02  0.02  0.01  0.02  0.03  0.16  0.01  0.01  0.09  0.06  0.12  0.0   0.01  0.02  
69    P     0.06  0.02  0.02  0.02  0.01  0.02  0.02  0.03  0.01  0.02  0.03  0.02  0.01  0.01  0.13  0.03  0.02  0.11  0.35  0.08  
70    F     0.03  0.02  0.02  0.02  0.01  0.02  0.02  0.03  0.01  0.02  0.03  0.02  0.01  0.58  0.02  0.03  0.02  0.0   0.07  0.02  
71    I     0.01  0.01  0.01  0.01  0.0   0.01  0.01  0.01  0.0   0.23  0.4   0.01  0.0   0.01  0.01  0.01  0.01  0.0   0.21  0.01  
72    V     0.09  0.01  0.01  0.01  0.1   0.01  0.01  0.01  0.0   0.01  0.02  0.01  0.0   0.01  0.01  0.01  0.01  0.0   0.01  0.66  
73    T     0.01  0.01  0.01  0.01  0.0   0.01  0.01  0.01  0.0   0.01  0.01  0.1   0.0   0.0   0.01  0.05  0.64  0.0   0.0   0.12  
74    G     0.01  0.01  0.01  0.01  0.0   0.01  0.01  0.74  0.0   0.01  0.01  0.01  0.0   0.0   0.16  0.01  0.01  0.0   0.0   0.01  
75    S     0.01  0.01  0.01  0.01  0.0   0.01  0.01  0.01  0.0   0.01  0.01  0.01  0.0   0.0   0.01  0.59  0.31  0.0   0.0   0.01  
76    G     0.01  0.01  0.1   0.01  0.0   0.01  0.01  0.73  0.0   0.01  0.02  0.01  0.0   0.01  0.01  0.01  0.01  0.0   0.01  0.01  
77    K     0.01  0.06  0.01  0.01  0.0   0.01  0.01  0.01  0.0   0.01  0.02  0.62  0.0   0.01  0.01  0.17  0.01  0.0   0.01  0.01  
78    F     0.02  0.11  0.01  0.01  0.08  0.01  0.02  0.02  0.01  0.01  0.02  0.12  0.01  0.29  0.01  0.02  0.02  0.0   0.18  0.02  
79    F     0.02  0.01  0.01  0.12  0.01  0.01  0.02  0.02  0.01  0.01  0.1   0.02  0.1   0.47  0.01  0.02  0.02  0.0   0.01  0.02  
80    R     0.02  0.39  0.12  0.01  0.01  0.01  0.02  0.09  0.01  0.01  0.02  0.19  0.01  0.01  0.01  0.02  0.02  0.0   0.01  0.02  
81    N     0.01  0.01  0.5   0.1   0.0   0.01  0.01  0.01  0.0   0.01  0.13  0.05  0.0   0.01  0.01  0.09  0.01  0.0   0.01  0.01  
82    V     0.01  0.01  0.01  0.01  0.0   0.01  0.01  0.01  0.0   0.16  0.26  0.01  0.06  0.01  0.01  0.01  0.01  0.0   0.01  0.38  
83    Q     0.11  0.01  0.01  0.01  0.12  0.23  0.08  0.09  0.0   0.08  0.02  0.01  0.0   0.01  0.01  0.01  0.01  0.0   0.11  0.07  
84    L     0.01  0.18  0.01  0.05  0.0   0.01  0.14  0.01  0.0   0.04  0.3   0.06  0.0   0.01  0.01  0.01  0.01  0.0   0.01  0.12  
85    D     0.09  0.01  0.12  0.29  0.0   0.01  0.01  0.08  0.0   0.01  0.09  0.01  0.0   0.06  0.01  0.01  0.12  0.09  0.0   0.01  
86    P     0.0   0.0   0.0   0.0   0.0   0.0   0.07  0.0   0.0   0.0   0.0   0.0   0.0   0.0   0.81  0.12  0.0   0.0   0.0   0.0   
87    A     0.3   0.0   0.0   0.0   0.0   0.07  0.09  0.0   0.0   0.0   0.07  0.0   0.09  0.0   0.0   0.16  0.13  0.0   0.0   0.08  
88    A     0.12  0.13  0.0   0.43  0.0   0.0   0.29  0.0   0.0   0.0   0.0   0.0   0.0   0.0   0.0   0.0   0.0   0.0   0.0   0.03  
89    N     0.09  0.09  0.37  0.06  0.04  0.01  0.01  0.01  0.0   0.01  0.02  0.01  0.0   0.01  0.01  0.15  0.07  0.0   0.01  0.01  
90    L     0.01  0.01  0.01  0.01  0.0   0.01  0.08  0.11  0.0   0.01  0.61  0.01  0.06  0.01  0.01  0.01  0.01  0.0   0.01  0.01  
91    G     0.09  0.09  0.01  0.02  0.05  0.01  0.02  0.27  0.01  0.02  0.03  0.02  0.01  0.01  0.02  0.19  0.02  0.0   0.01  0.11  
92    I     0.0   0.0   0.0   0.0   0.0   0.0   0.0   0.0   0.0   0.13  0.49  0.0   0.0   0.0   0.0   0.0   0.0   0.0   0.0   0.38  
93    V     0.0   0.0   0.0   0.0   0.0   0.0   0.0   0.11  0.0   0.26  0.25  0.0   0.0   0.0   0.0   0.14  0.0   0.0   0.0   0.24  
94    K     0.0   0.23  0.0   0.08  0.0   0.13  0.0   0.0   0.12  0.0   0.0   0.34  0.0   0.11  0.0   0.0   0.0   0.0   0.0   0.0   
95    V     0.0   0.0   0.0   0.0   0.0   0.0   0.0   0.0   0.0   0.4   0.0   0.0   0.08  0.0   0.0   0.0   0.0   0.0   0.0   0.52  
96    D     0.07  0.0   0.23  0.18  0.0   0.0   0.08  0.0   0.0   0.0   0.09  0.0   0.0   0.0   0.0   0.28  0.07  0.0   0.0   0.0   
97    S     0.07  0.0   0.03  0.12  0.0   0.0   0.27  0.08  0.0   0.0   0.07  0.0   0.0   0.0   0.0   0.35  0.0   0.0   0.0   0.0   
98    D     0.0   0.0   0.1   0.68  0.0   0.03  0.09  0.0   0.0   0.0   0.0   0.0   0.0   0.0   0.0   0.05  0.0   0.0   0.0   0.04  
99    G     0.01  0.0   0.0   0.1   0.08  0.0   0.0   0.77  0.0   0.0   0.01  0.0   0.0   0.0   0.0   0.0   0.0   0.0   0.0   0.0   
100   A     0.23  0.0   0.2   0.0   0.0   0.04  0.25  0.0   0.0   0.1   0.01  0.09  0.06  0.0   0.0   0.0   0.0   0.0   0.0   0.0   
101   G     0.2   0.01  0.01  0.01  0.01  0.01  0.05  0.34  0.01  0.01  0.02  0.02  0.01  0.01  0.01  0.21  0.02  0.0   0.01  0.02  
102   Y     0.02  0.01  0.01  0.01  0.01  0.01  0.02  0.02  0.01  0.01  0.06  0.17  0.01  0.01  0.01  0.02  0.02  0.0   0.34  0.22  
103   H     0.02  0.04  0.01  0.06  0.01  0.01  0.09  0.02  0.4   0.01  0.02  0.02  0.01  0.01  0.01  0.02  0.02  0.0   0.04  0.19  
104   I     0.03  0.02  0.02  0.12  0.01  0.02  0.03  0.03  0.01  0.32  0.22  0.02  0.01  0.02  0.02  0.03  0.02  0.01  0.01  0.03  
105   L     0.03  0.02  0.01  0.02  0.01  0.01  0.02  0.02  0.06  0.19  0.28  0.02  0.17  0.04  0.02  0.02  0.02  0.0   0.01  0.02  
106   W     0.02  0.02  0.01  0.11  0.01  0.01  0.02  0.02  0.01  0.11  0.03  0.02  0.01  0.01  0.02  0.02  0.02  0.52  0.01  0.02  
107   G     0.03  0.02  0.02  0.02  0.01  0.02  0.03  0.62  0.01  0.02  0.04  0.02  0.01  0.02  0.02  0.03  0.02  0.01  0.01  0.03  
108   L     0.02  0.02  0.09  0.02  0.01  0.01  0.02  0.12  0.01  0.11  0.38  0.02  0.01  0.05  0.02  0.02  0.02  0.0   0.04  0.02  
109   T     0.07  0.0   0.06  0.0   0.0   0.0   0.3   0.0   0.0   0.13  0.11  0.0   0.0   0.0   0.0   0.15  0.16  0.0   0.0   0.02  
110   N     0.0   0.0   0.16  0.2   0.0   0.03  0.17  0.15  0.02  0.08  0.0   0.09  0.0   0.0   0.0   0.1   0.0   0.0   0.0   0.0   
111   E     0.0   0.0   0.06  0.02  0.0   0.0   0.26  0.49  0.0   0.0   0.0   0.08  0.09  0.0   0.0   0.0   0.0   0.0   0.0   0.0   
112   A     0.18  0.09  0.0   0.14  0.0   0.0   0.0   0.33  0.0   0.0   0.0   0.26  0.0   0.0   0.0   0.0   0.0   0.0   0.0   0.0   
113   V     0.06  0.06  0.0   0.0   0.0   0.0   0.03  0.0   0.0   0.06  0.21  0.29  0.0   0.0   0.0   0.0   0.0   0.0   0.08  0.21  
114   P     0.0   0.0   0.08  0.0   0.0   0.0   0.0   0.0   0.0   0.0   0.0   0.0   0.0   0.0   0.92  0.0   0.0   0.0   0.0   0.0   
115   T     0.0   0.0   0.0   0.0   0.0   0.0   0.0   0.0   0.0   0.0   0.0   0.0   0.0   0.0   0.0   0.41  0.59  0.0   0.0   0.0   
116   S     0.0   0.0   0.0   0.0   0.0   0.0   0.0   0.0   0.0   0.0   0.0   0.14  0.0   0.0   0.0   0.86  0.0   0.0   0.0   0.0   
117   E     0.0   0.0   0.0   0.0   0.0   0.0   0.92  0.08  0.0   0.0   0.0   0.0   0.0   0.0   0.0   0.0   0.0   0.0   0.0   0.0   
118   L     0.05  0.0   0.0   0.0   0.0   0.0   0.0   0.0   0.0   0.0   0.56  0.0   0.0   0.12  0.0   0.0   0.0   0.18  0.0   0.09  
119   P     0.21  0.06  0.06  0.09  0.0   0.06  0.0   0.0   0.0   0.0   0.11  0.0   0.0   0.0   0.26  0.05  0.0   0.0   0.06  0.05  
120   A     0.16  0.0   0.0   0.0   0.0   0.0   0.0   0.0   0.0   0.14  0.0   0.0   0.2   0.26  0.0   0.23  0.0   0.0   0.0   0.0   
121   H     0.0   0.0   0.0   0.0   0.0   0.0   0.0   0.0   1.0   0.0   0.0   0.0   0.0   0.0   0.0   0.0   0.0   0.0   0.0   0.0   
122   F     0.0   0.0   0.0   0.0   0.0   0.0   0.0   0.0   0.0   0.0   0.62  0.0   0.06  0.24  0.0   0.0   0.0   0.0   0.08  0.0   
123   L     0.22  0.0   0.06  0.0   0.0   0.09  0.14  0.0   0.0   0.09  0.09  0.03  0.11  0.0   0.0   0.17  0.0   0.0   0.0   0.0   
124   S     0.07  0.01  0.01  0.01  0.1   0.01  0.01  0.01  0.0   0.07  0.02  0.01  0.09  0.01  0.01  0.31  0.01  0.0   0.09  0.14  
125   H     0.02  0.01  0.01  0.01  0.0   0.01  0.01  0.01  0.48  0.01  0.02  0.01  0.0   0.01  0.01  0.01  0.01  0.0   0.33  0.01  
126   C     0.04  0.1   0.07  0.01  0.08  0.07  0.01  0.01  0.06  0.23  0.02  0.21  0.0   0.01  0.01  0.03  0.01  0.0   0.01  0.01  
127   E     0.16  0.01  0.01  0.07  0.0   0.01  0.11  0.01  0.0   0.01  0.02  0.16  0.0   0.01  0.01  0.07  0.07  0.0   0.01  0.25  
128   R     0.02  0.75  0.01  0.01  0.0   0.01  0.01  0.01  0.0   0.01  0.08  0.01  0.0   0.01  0.01  0.01  0.01  0.0   0.01  0.01  
129   I     0.03  0.02  0.08  0.02  0.01  0.01  0.02  0.03  0.01  0.21  0.29  0.04  0.13  0.01  0.02  0.02  0.02  0.0   0.01  0.02  
130   K     0.06  0.03  0.04  0.03  0.01  0.05  0.03  0.12  0.01  0.03  0.04  0.19  0.01  0.02  0.03  0.04  0.03  0.01  0.22  0.03  
131   A     0.13  0.17  0.02  0.02  0.01  0.02  0.02  0.03  0.04  0.02  0.05  0.07  0.01  0.01  0.02  0.15  0.02  0.01  0.01  0.18  
132   T     0.03  0.02  0.22  0.02  0.01  0.08  0.02  0.03  0.01  0.02  0.03  0.14  0.01  0.01  0.02  0.1   0.14  0.0   0.01  0.08  
133   N     0.03  0.02  0.22  0.25  0.01  0.02  0.03  0.12  0.03  0.02  0.04  0.08  0.01  0.02  0.02  0.03  0.02  0.01  0.01  0.03  
134   G     0.01  0.01  0.01  0.01  0.0   0.01  0.01  0.19  0.0   0.01  0.01  0.01  0.0   0.01  0.61  0.07  0.01  0.0   0.0   0.01  
135   K     0.01  0.08  0.04  0.13  0.0   0.01  0.36  0.01  0.06  0.01  0.01  0.15  0.0   0.01  0.07  0.01  0.03  0.0   0.0   0.01  
136   D     0.13  0.01  0.08  0.17  0.15  0.04  0.01  0.01  0.07  0.01  0.07  0.01  0.0   0.01  0.01  0.01  0.01  0.0   0.07  0.15  
137   R     0.01  0.34  0.24  0.01  0.0   0.01  0.01  0.01  0.0   0.09  0.01  0.22  0.0   0.01  0.01  0.01  0.01  0.0   0.0   0.01  
138   V     0.51  0.0   0.0   0.0   0.08  0.0   0.01  0.01  0.0   0.03  0.01  0.0   0.0   0.0   0.0   0.01  0.01  0.0   0.0   0.31  
139   I     0.01  0.0   0.0   0.0   0.0   0.0   0.01  0.01  0.0   0.44  0.01  0.0   0.0   0.0   0.0   0.07  0.01  0.0   0.0   0.42  
140   M     0.01  0.0   0.0   0.0   0.08  0.0   0.01  0.01  0.0   0.06  0.04  0.0   0.3   0.0   0.0   0.01  0.01  0.0   0.0   0.45  
141   H     0.01  0.0   0.0   0.0   0.0   0.0   0.01  0.01  0.92  0.0   0.01  0.0   0.0   0.0   0.0   0.01  0.01  0.0   0.0   0.01  
142   C     0.01  0.0   0.15  0.0   0.24  0.0   0.01  0.01  0.0   0.0   0.15  0.0   0.0   0.0   0.0   0.01  0.31  0.0   0.0   0.09  
143   H     0.01  0.0   0.0   0.0   0.0   0.0   0.01  0.01  0.92  0.0   0.01  0.0   0.0   0.0   0.0   0.01  0.01  0.0   0.0   0.01  
144   A     0.42  0.0   0.0   0.0   0.0   0.0   0.01  0.01  0.0   0.0   0.01  0.0   0.0   0.0   0.1   0.41  0.01  0.0   0.0   0.01  
145   T     0.0   0.0   0.0   0.0   0.0   0.0   0.09  0.0   0.0   0.21  0.06  0.0   0.06  0.0   0.0   0.03  0.45  0.0   0.0   0.12  
146   N     0.03  0.0   0.31  0.09  0.0   0.0   0.06  0.0   0.17  0.0   0.0   0.0   0.0   0.0   0.0   0.0   0.0   0.05  0.3   0.0   
147   L     0.0   0.0   0.0   0.0   0.17  0.0   0.0   0.08  0.0   0.09  0.46  0.0   0.0   0.0   0.0   0.17  0.0   0.0   0.0   0.03  
148   I     0.06  0.0   0.09  0.0   0.0   0.0   0.0   0.0   0.0   0.28  0.05  0.08  0.0   0.0   0.0   0.03  0.38  0.0   0.0   0.03  
149   A     0.94  0.0   0.0   0.0   0.0   0.0   0.0   0.06  0.0   0.0   0.0   0.0   0.0   0.0   0.0   0.0   0.0   0.0   0.0   0.0   
150   L     0.0   0.0   0.0   0.0   0.0   0.0   0.0   0.0   0.0   0.0   0.54  0.0   0.21  0.14  0.0   0.0   0.0   0.0   0.0   0.06  
151   T     0.0   0.0   0.0   0.0   0.0   0.0   0.0   0.0   0.0   0.0   0.01  0.0   0.0   0.0   0.06  0.5   0.3   0.0   0.0   0.09  
152   Y     0.02  0.02  0.01  0.02  0.15  0.01  0.02  0.02  0.16  0.02  0.03  0.02  0.07  0.18  0.02  0.02  0.02  0.0   0.17  0.02  
153   V     0.08  0.01  0.01  0.01  0.07  0.01  0.01  0.01  0.0   0.07  0.16  0.01  0.0   0.01  0.01  0.01  0.21  0.0   0.01  0.28  
154   L     0.02  0.01  0.01  0.07  0.01  0.08  0.06  0.02  0.21  0.05  0.36  0.01  0.01  0.01  0.01  0.02  0.02  0.0   0.01  0.02  
155   E     0.02  0.01  0.06  0.16  0.0   0.07  0.31  0.11  0.0   0.01  0.02  0.04  0.0   0.01  0.04  0.1   0.01  0.0   0.01  0.01  
156   N     0.02  0.01  0.1   0.01  0.0   0.01  0.01  0.01  0.0   0.01  0.4   0.25  0.0   0.01  0.1   0.01  0.01  0.0   0.01  0.01  
157   D     0.02  0.01  0.05  0.41  0.0   0.01  0.1   0.01  0.02  0.01  0.02  0.07  0.0   0.01  0.07  0.05  0.04  0.0   0.09  0.01  
158   T     0.1   0.01  0.03  0.01  0.0   0.01  0.15  0.01  0.0   0.13  0.07  0.01  0.0   0.01  0.08  0.13  0.13  0.0   0.0   0.13  
159   A     0.29  0.03  0.01  0.03  0.0   0.05  0.07  0.01  0.0   0.01  0.02  0.24  0.0   0.01  0.09  0.06  0.01  0.0   0.01  0.04  
160   V     0.18  0.06  0.05  0.05  0.0   0.03  0.01  0.01  0.0   0.12  0.17  0.04  0.0   0.02  0.01  0.03  0.11  0.0   0.0   0.09  
161   F     0.05  0.01  0.01  0.01  0.0   0.0   0.01  0.01  0.06  0.19  0.21  0.01  0.0   0.3   0.01  0.01  0.01  0.0   0.06  0.05  
162   T     0.09  0.0   0.12  0.0   0.0   0.0   0.0   0.09  0.06  0.09  0.0   0.0   0.0   0.0   0.0   0.04  0.48  0.0   0.0   0.0   
163   R     0.01  0.44  0.12  0.01  0.0   0.0   0.01  0.01  0.06  0.01  0.01  0.13  0.0   0.0   0.01  0.09  0.01  0.0   0.06  0.01  
164   Q     0.01  0.01  0.06  0.01  0.0   0.04  0.05  0.01  0.0   0.01  0.21  0.06  0.06  0.0   0.18  0.12  0.16  0.0   0.0   0.01  
165   L     0.06  0.01  0.01  0.01  0.0   0.0   0.01  0.09  0.0   0.12  0.49  0.01  0.0   0.1   0.01  0.01  0.01  0.0   0.0   0.07  
166   W     0.08  0.01  0.01  0.09  0.0   0.01  0.01  0.02  0.0   0.06  0.02  0.01  0.0   0.01  0.13  0.01  0.01  0.48  0.01  0.01  
167   E     0.13  0.01  0.01  0.01  0.0   0.12  0.34  0.02  0.0   0.01  0.02  0.05  0.09  0.01  0.01  0.08  0.01  0.0   0.01  0.07  
168   G     0.02  0.01  0.01  0.01  0.0   0.01  0.01  0.18  0.0   0.13  0.19  0.01  0.24  0.01  0.06  0.07  0.01  0.0   0.01  0.01  
169   S     0.02  0.01  0.09  0.01  0.09  0.01  0.01  0.07  0.15  0.11  0.02  0.01  0.0   0.06  0.01  0.2   0.01  0.0   0.01  0.1   
170   T     0.0   0.0   0.0   0.0   0.0   0.0   0.0   0.0   0.0   0.0   0.0   0.0   0.0   0.0   0.21  0.09  0.58  0.0   0.12  0.0   
171   E     0.0   0.0   0.0   0.09  0.0   0.0   0.51  0.0   0.0   0.0   0.01  0.0   0.12  0.0   0.15  0.0   0.0   0.0   0.09  0.0   
172   C     0.06  0.0   0.0   0.0   0.38  0.0   0.0   0.0   0.0   0.06  0.09  0.0   0.0   0.0   0.0   0.1   0.07  0.0   0.15  0.06  
173   L     0.12  0.06  0.0   0.0   0.08  0.0   0.06  0.0   0.0   0.12  0.3   0.07  0.0   0.0   0.0   0.0   0.0   0.0   0.05  0.1   
174   V     0.22  0.01  0.01  0.01  0.0   0.01  0.01  0.01  0.0   0.01  0.02  0.01  0.0   0.01  0.01  0.01  0.01  0.0   0.01  0.63  
175   V     0.06  0.0   0.0   0.0   0.0   0.0   0.0   0.0   0.0   0.12  0.01  0.0   0.15  0.23  0.0   0.06  0.0   0.0   0.0   0.34  
176   F     0.09  0.15  0.0   0.0   0.06  0.0   0.0   0.12  0.0   0.0   0.01  0.0   0.0   0.45  0.0   0.0   0.0   0.0   0.08  0.0   
177   P     0.01  0.01  0.01  0.01  0.0   0.01  0.01  0.15  0.0   0.01  0.13  0.01  0.05  0.01  0.4   0.01  0.07  0.0   0.0   0.11  
178   D     0.0   0.06  0.14  0.36  0.0   0.0   0.09  0.14  0.0   0.0   0.0   0.12  0.0   0.0   0.09  0.0   0.0   0.0   0.0   0.0   
179   G     0.0   0.0   0.22  0.0   0.0   0.0   0.0   0.39  0.12  0.0   0.0   0.21  0.0   0.0   0.0   0.06  0.0   0.0   0.0   0.0   
180   V     0.0   0.0   0.0   0.0   0.0   0.0   0.0   0.0   0.08  0.34  0.06  0.0   0.05  0.0   0.0   0.0   0.0   0.0   0.0   0.46  
181   G     0.03  0.09  0.0   0.0   0.0   0.05  0.0   0.56  0.0   0.0   0.0   0.0   0.0   0.0   0.27  0.0   0.0   0.0   0.0   0.0   
182   I     0.0   0.0   0.0   0.0   0.26  0.0   0.0   0.0   0.0   0.39  0.05  0.0   0.0   0.0   0.0   0.0   0.0   0.0   0.12  0.19  
183   L     0.14  0.0   0.0   0.0   0.0   0.0   0.0   0.0   0.0   0.26  0.14  0.0   0.0   0.0   0.0   0.0   0.0   0.0   0.08  0.37  
184   P     0.0   0.0   0.0   0.12  0.0   0.0   0.0   0.0   0.0   0.0   0.0   0.0   0.0   0.08  0.8   0.0   0.0   0.0   0.0   0.0   
185   W     0.0   0.0   0.0   0.08  0.0   0.0   0.0   0.0   0.0   0.0   0.0   0.0   0.0   0.0   0.0   0.0   0.0   0.3   0.62  0.0   
186   M     0.12  0.0   0.0   0.0   0.06  0.0   0.09  0.0   0.0   0.0   0.05  0.06  0.36  0.06  0.0   0.0   0.0   0.0   0.2   0.0   
187   V     0.0   0.14  0.0   0.0   0.03  0.0   0.06  0.0   0.0   0.0   0.06  0.0   0.0   0.0   0.06  0.0   0.28  0.0   0.0   0.36  
188   P     0.09  0.0   0.0   0.0   0.06  0.0   0.0   0.0   0.0   0.08  0.0   0.0   0.0   0.26  0.51  0.0   0.0   0.0   0.0   0.0   
189   G     0.0   0.06  0.0   0.0   0.0   0.0   0.0   0.79  0.0   0.0   0.0   0.0   0.0   0.0   0.0   0.15  0.0   0.0   0.0   0.0   
190   T     0.0   0.0   0.0   0.09  0.0   0.0   0.0   0.0   0.0   0.0   0.0   0.02  0.08  0.0   0.0   0.3   0.51  0.0   0.0   0.0   
191   D     0.05  0.06  0.12  0.18  0.0   0.0   0.0   0.0   0.06  0.0   0.06  0.13  0.06  0.0   0.19  0.03  0.0   0.0   0.0   0.06  
192   A     0.02  0.09  0.0   0.0   0.0   0.09  0.62  0.05  0.0   0.0   0.0   0.11  0.0   0.0   0.0   0.02  0.0   0.0   0.0   0.0   
193   I     0.0   0.0   0.0   0.0   0.0   0.0   0.08  0.0   0.0   0.4   0.52  0.0   0.0   0.0   0.0   0.0   0.0   0.0   0.0   0.0   
194   G     0.48  0.0   0.0   0.0   0.0   0.0   0.0   0.46  0.0   0.0   0.0   0.0   0.0   0.0   0.0   0.06  0.0   0.0   0.0   0.0   
195   Q     0.0   0.08  0.06  0.17  0.0   0.14  0.37  0.0   0.0   0.0   0.0   0.03  0.0   0.0   0.0   0.08  0.02  0.0   0.02  0.03  
196   A     0.42  0.08  0.0   0.09  0.06  0.02  0.11  0.06  0.06  0.0   0.0   0.03  0.0   0.0   0.0   0.0   0.0   0.0   0.06  0.0   
197   T     0.09  0.0   0.0   0.0   0.0   0.0   0.0   0.0   0.0   0.0   0.14  0.0   0.0   0.0   0.0   0.03  0.44  0.0   0.0   0.29  
198   A     0.55  0.0   0.0   0.0   0.0   0.0   0.0   0.0   0.0   0.06  0.0   0.0   0.0   0.09  0.0   0.3   0.0   0.0   0.0   0.0   
199   Q     0.07  0.0   0.05  0.0   0.0   0.09  0.3   0.0   0.0   0.0   0.06  0.31  0.0   0.0   0.0   0.06  0.06  0.0   0.0   0.0   
200   E     0.06  0.06  0.0   0.02  0.0   0.07  0.14  0.29  0.0   0.0   0.1   0.21  0.0   0.0   0.0   0.0   0.02  0.0   0.0   0.0   
201   M     0.15  0.01  0.01  0.01  0.0   0.0   0.01  0.01  0.0   0.12  0.21  0.01  0.42  0.0   0.01  0.01  0.01  0.0   0.0   0.01  
202   Q     0.19  0.09  0.07  0.0   0.06  0.16  0.0   0.0   0.0   0.09  0.06  0.22  0.0   0.0   0.0   0.05  0.0   0.0   0.0   0.0   
203   K     0.0   0.07  0.11  0.41  0.0   0.02  0.22  0.0   0.0   0.0   0.0   0.09  0.0   0.0   0.0   0.0   0.08  0.0   0.0   0.0   
204   H     0.0   0.14  0.07  0.0   0.0   0.0   0.12  0.05  0.18  0.0   0.0   0.0   0.0   0.0   0.0   0.18  0.0   0.0   0.25  0.0   
205   S     0.0   0.23  0.0   0.18  0.0   0.05  0.0   0.0   0.0   0.0   0.0   0.36  0.0   0.0   0.02  0.14  0.02  0.0   0.0   0.0   
206   L     0.43  0.0   0.0   0.0   0.0   0.0   0.0   0.0   0.0   0.03  0.26  0.0   0.0   0.0   0.0   0.06  0.0   0.0   0.0   0.21  
207   V     0.03  0.0   0.0   0.0   0.0   0.0   0.0   0.0   0.0   0.14  0.11  0.0   0.0   0.14  0.0   0.0   0.06  0.0   0.0   0.51  
208   L     0.0   0.0   0.0   0.0   0.0   0.0   0.0   0.0   0.0   0.08  0.7   0.0   0.06  0.0   0.0   0.0   0.0   0.0   0.0   0.15  
209   W     0.0   0.0   0.0   0.0   0.0   0.0   0.0   0.0   0.0   0.0   0.46  0.0   0.06  0.0   0.0   0.0   0.0   0.39  0.0   0.08  
210   P     0.35  0.0   0.0   0.0   0.0   0.2   0.06  0.0   0.0   0.0   0.0   0.12  0.0   0.0   0.25  0.03  0.0   0.0   0.0   0.0   
211   F     0.0   0.0   0.37  0.0   0.0   0.03  0.0   0.0   0.32  0.0   0.0   0.12  0.0   0.16  0.0   0.0   0.0   0.0   0.0   0.0   
212   H     0.0   0.0   0.0   0.0   0.0   0.0   0.0   0.0   1.0   0.0   0.0   0.0   0.0   0.0   0.0   0.0   0.0   0.0   0.0   0.0   
213   G     0.0   0.0   0.0   0.0   0.0   0.0   0.0   1.0   0.0   0.0   0.0   0.0   0.0   0.0   0.0   0.0   0.0   0.0   0.0   0.0   
214   V     0.0   0.0   0.0   0.0   0.0   0.0   0.0   0.0   0.0   0.38  0.2   0.0   0.06  0.0   0.09  0.0   0.0   0.0   0.0   0.27  
215   F     0.0   0.0   0.0   0.0   0.0   0.0   0.0   0.0   0.0   0.2   0.06  0.0   0.12  0.31  0.0   0.0   0.0   0.0   0.05  0.26  
216   G     0.3   0.0   0.0   0.0   0.06  0.0   0.0   0.3   0.0   0.0   0.0   0.0   0.0   0.0   0.0   0.0   0.2   0.0   0.0   0.14  
217   S     0.12  0.0   0.0   0.0   0.16  0.0   0.0   0.09  0.0   0.0   0.06  0.0   0.06  0.0   0.0   0.12  0.19  0.0   0.0   0.21  
218   G     0.09  0.0   0.0   0.12  0.0   0.0   0.06  0.73  0.0   0.0   0.0   0.0   0.0   0.0   0.0   0.0   0.0   0.0   0.0   0.0   
219   P     0.0   0.03  0.09  0.03  0.06  0.02  0.13  0.0   0.0   0.0   0.0   0.11  0.0   0.0   0.18  0.11  0.12  0.0   0.0   0.12  
220   T     0.0   0.0   0.31  0.14  0.0   0.0   0.0   0.0   0.0   0.0   0.0   0.0   0.0   0.0   0.0   0.13  0.41  0.0   0.0   0.0   
221   L     0.06  0.0   0.0   0.0   0.0   0.0   0.0   0.0   0.0   0.12  0.65  0.0   0.09  0.0   0.0   0.0   0.0   0.0   0.0   0.08  
222   D     0.0   0.05  0.0   0.47  0.0   0.05  0.12  0.0   0.0   0.0   0.05  0.09  0.12  0.0   0.0   0.0   0.06  0.0   0.0   0.0   
223   E     0.05  0.0   0.0   0.19  0.0   0.09  0.41  0.0   0.0   0.0   0.0   0.18  0.09  0.0   0.0   0.0   0.0   0.0   0.0   0.0   
224   T     0.75  0.0   0.0   0.0   0.0   0.0   0.0   0.0   0.0   0.0   0.0   0.0   0.0   0.0   0.0   0.0   0.19  0.0   0.0   0.06  
225   F     0.23  0.0   0.0   0.0   0.0   0.0   0.0   0.0   0.0   0.0   0.18  0.0   0.0   0.45  0.0   0.0   0.0   0.0   0.15  0.0   
226   G     0.0   0.0   0.05  0.16  0.0   0.0   0.0   0.33  0.0   0.06  0.06  0.0   0.0   0.0   0.0   0.0   0.09  0.18  0.08  0.0   
227   L     0.0   0.0   0.14  0.0   0.0   0.06  0.0   0.0   0.0   0.0   0.59  0.12  0.0   0.0   0.0   0.0   0.0   0.0   0.0   0.09  
228   I     0.26  0.0   0.0   0.0   0.0   0.0   0.0   0.0   0.0   0.33  0.08  0.0   0.09  0.0   0.0   0.0   0.17  0.0   0.0   0.07  
229   D     0.0   0.0   0.0   0.25  0.0   0.06  0.5   0.06  0.06  0.0   0.0   0.0   0.0   0.0   0.0   0.08  0.0   0.0   0.0   0.0   
230   T     0.0   0.0   0.0   0.0   0.0   0.0   0.41  0.0   0.0   0.0   0.08  0.0   0.0   0.0   0.0   0.0   0.33  0.0   0.0   0.18  
231   A     0.23  0.0   0.0   0.0   0.0   0.0   0.0   0.0   0.0   0.09  0.26  0.0   0.14  0.0   0.0   0.0   0.06  0.0   0.0   0.21  
232   E     0.0   0.0   0.06  0.0   0.0   0.0   0.94  0.0   0.0   0.0   0.0   0.0   0.0   0.0   0.0   0.0   0.0   0.0   0.0   0.0   
233   K     0.0   0.08  0.0   0.0   0.0   0.0   0.26  0.0   0.0   0.0   0.0   0.39  0.0   0.09  0.0   0.0   0.06  0.0   0.0   0.12  
234   S     0.11  0.0   0.0   0.0   0.09  0.0   0.0   0.0   0.0   0.12  0.18  0.0   0.0   0.0   0.0   0.36  0.14  0.0   0.0   0.0   
235   A     0.86  0.0   0.0   0.0   0.08  0.0   0.0   0.0   0.0   0.0   0.0   0.0   0.0   0.0   0.0   0.06  0.0   0.0   0.0   0.0   
236   Q     0.0   0.0   0.0   0.06  0.0   0.32  0.2   0.0   0.0   0.0   0.1   0.26  0.0   0.0   0.0   0.06  0.0   0.0   0.0   0.0   
237   V     0.0   0.0   0.0   0.0   0.0   0.0   0.0   0.0   0.0   0.37  0.34  0.0   0.0   0.0   0.0   0.0   0.0   0.06  0.0   0.2   
238   L     0.01  0.0   0.12  0.0   0.0   0.0   0.01  0.01  0.0   0.05  0.19  0.0   0.05  0.06  0.0   0.01  0.0   0.0   0.48  0.01  
239   V     0.01  0.0   0.0   0.0   0.0   0.0   0.01  0.01  0.06  0.19  0.13  0.0   0.04  0.06  0.0   0.01  0.1   0.0   0.15  0.22  
240   K     0.07  0.0   0.04  0.0   0.0   0.13  0.01  0.01  0.0   0.15  0.01  0.31  0.0   0.06  0.0   0.01  0.16  0.0   0.03  0.01  
241   V     0.1   0.0   0.0   0.0   0.06  0.0   0.01  0.01  0.0   0.22  0.13  0.0   0.0   0.0   0.0   0.01  0.15  0.0   0.0   0.29  
242   Y     0.05  0.06  0.01  0.01  0.03  0.07  0.01  0.01  0.1   0.01  0.28  0.16  0.09  0.01  0.01  0.01  0.01  0.0   0.08  0.01  
243   S     0.1   0.01  0.07  0.01  0.0   0.01  0.04  0.13  0.04  0.01  0.01  0.01  0.0   0.01  0.04  0.49  0.01  0.0   0.0   0.01  
244   M     0.01  0.01  0.01  0.1   0.0   0.16  0.01  0.01  0.0   0.15  0.08  0.01  0.25  0.1   0.01  0.01  0.07  0.0   0.0   0.01  
245   G     0.01  0.08  0.0   0.01  0.0   0.0   0.01  0.66  0.0   0.0   0.01  0.08  0.0   0.0   0.01  0.01  0.11  0.0   0.0   0.01  
246   G     0.05  0.01  0.01  0.07  0.0   0.01  0.11  0.5   0.0   0.01  0.08  0.08  0.0   0.01  0.01  0.01  0.01  0.0   0.01  0.01  
247   M     0.01  0.0   0.0   0.01  0.0   0.0   0.08  0.01  0.0   0.22  0.12  0.12  0.2   0.0   0.17  0.01  0.01  0.0   0.0   0.04  
248   K     0.01  0.2   0.0   0.01  0.0   0.09  0.01  0.01  0.07  0.07  0.01  0.35  0.0   0.0   0.01  0.08  0.01  0.0   0.0   0.07  
249   Q     0.0   0.0   0.0   0.0   0.0   0.48  0.0   0.0   0.07  0.0   0.1   0.0   0.0   0.0   0.14  0.04  0.0   0.0   0.14  0.04  
250   T     0.07  0.0   0.0   0.07  0.0   0.0   0.07  0.0   0.0   0.04  0.45  0.0   0.0   0.0   0.0   0.0   0.23  0.0   0.0   0.07  
251   I     0.0   0.0   0.0   0.0   0.0   0.07  0.0   0.0   0.0   0.3   0.23  0.0   0.0   0.0   0.1   0.0   0.22  0.0   0.0   0.07  
252   S     0.07  0.0   0.0   0.15  0.0   0.0   0.17  0.0   0.0   0.1   0.0   0.0   0.07  0.0   0.0   0.23  0.21  0.0   0.0   0.0   
253   R     0.07  0.13  0.0   0.41  0.0   0.06  0.07  0.0   0.0   0.0   0.0   0.19  0.0   0.0   0.0   0.0   0.07  0.0   0.0   0.0   
254   E     0.0   0.0   0.0   0.15  0.0   0.04  0.72  0.0   0.0   0.0   0.0   0.0   0.0   0.0   0.0   0.1   0.0   0.0   0.0   0.0   
255   L     0.1   0.0   0.0   0.0   0.0   0.0   0.08  0.0   0.0   0.08  0.34  0.0   0.26  0.07  0.0   0.0   0.0   0.0   0.0   0.08  
256   I     0.08  0.05  0.0   0.0   0.0   0.0   0.11  0.0   0.0   0.31  0.0   0.15  0.0   0.0   0.0   0.0   0.2   0.04  0.0   0.07  
257   A     0.36  0.04  0.11  0.18  0.0   0.0   0.08  0.0   0.0   0.09  0.03  0.11  0.0   0.0   0.0   0.0   0.0   0.0   0.0   0.0   
258   L     0.0   0.0   0.0   0.0   0.0   0.0   0.0   0.0   0.0   0.0   0.72  0.0   0.0   0.0   0.0   0.0   0.0   0.0   0.0   0.28  
259   G     0.3   0.0   0.0   0.0   0.0   0.0   0.08  0.32  0.0   0.05  0.09  0.0   0.0   0.0   0.0   0.08  0.0   0.0   0.0   0.08  
260   K     0.03  0.0   0.12  0.0   0.0   0.0   0.53  0.0   0.0   0.0   0.0   0.32  0.0   0.0   0.0   0.0   0.0   0.0   0.0   0.0   
261   R     0.09  0.62  0.0   0.0   0.0   0.0   0.0   0.0   0.0   0.0   0.0   0.29  0.0   0.0   0.0   0.0   0.0   0.0   0.0   0.0   
262   F     0.0   0.0   0.0   0.0   0.0   0.0   0.0   0.0   0.0   0.0   0.0   0.13  0.0   0.87  0.0   0.0   0.0   0.0   0.0   0.0   
263   G     0.0   0.0   0.13  0.15  0.0   0.0   0.0   0.43  0.29  0.0   0.0   0.0   0.0   0.0   0.0   0.0   0.0   0.0   0.0   0.0   
264   V     0.0   0.0   0.0   0.0   0.0   0.0   0.0   0.0   0.0   0.0   0.1   0.0   0.0   0.0   0.0   0.0   0.0   0.0   0.0   0.9   
265   T     0.0   0.0   0.08  0.0   0.0   0.04  0.06  0.0   0.22  0.0   0.0   0.1   0.0   0.0   0.0   0.0   0.42  0.0   0.0   0.08  
266   P     0.16  0.0   0.0   0.0   0.0   0.0   0.0   0.0   0.0   0.0   0.0   0.0   0.0   0.0   0.84  0.0   0.0   0.0   0.0   0.0   
267   L     0.0   0.0   0.14  0.0   0.0   0.0   0.0   0.0   0.07  0.0   0.28  0.31  0.2   0.0   0.0   0.0   0.0   0.0   0.0   0.0   
268   A     0.51  0.0   0.0   0.08  0.0   0.06  0.21  0.0   0.0   0.0   0.0   0.06  0.0   0.0   0.0   0.0   0.0   0.0   0.0   0.1   
269   S     0.13  0.0   0.0   0.14  0.0   0.0   0.0   0.45  0.0   0.0   0.0   0.0   0.0   0.0   0.0   0.27  0.0   0.0   0.0   0.0   
270   A     0.47  0.0   0.0   0.0   0.0   0.0   0.0   0.0   0.0   0.12  0.0   0.0   0.0   0.14  0.0   0.0   0.0   0.0   0.19  0.08  
271   L     0.0   0.0   0.0   0.0   0.0   0.0   0.0   0.0   0.0   0.07  0.93  0.0   0.0   0.0   0.0   0.0   0.0   0.0   0.0   0.0   
272   A     0.43  0.0   0.0   0.25  0.0   0.0   0.33  0.0   0.0   0.0   0.0   0.0   0.0   0.0   0.0   0.0   0.0   0.0   0.0   0.0   
273   L     0.0   0.0   0.0   0.0   0.0   0.0   0.0   0.0   0.0   0.0   1.0   0.0   0.0   0.0   0.0   0.0   0.0   0.0   0.0   0.0   
