             A     R     N     D     C     Q     E     G     H     I     L     K     M     F     P     S     T     W     Y     V
1     G     0.0   0.0   0.1   0.0   0.0   0.0   0.0   0.9   0.0   0.0   0.0   0.0   0.0   0.0   0.0   0.0   0.0   0.0   0.0   0.0   
2     K     0.04  0.18  0.0   0.01  0.0   0.08  0.06  0.0   0.0   0.0   0.0   0.59  0.0   0.0   0.0   0.02  0.01  0.0   0.0   0.0   
3     K     0.0   0.19  0.0   0.0   0.0   0.0   0.0   0.0   0.0   0.08  0.02  0.11  0.0   0.01  0.04  0.0   0.5   0.0   0.0   0.04  
4     M     0.0   0.0   0.0   0.0   0.0   0.0   0.0   0.0   0.0   0.43  0.11  0.0   0.06  0.14  0.0   0.0   0.01  0.01  0.0   0.23  
5     V     0.0   0.0   0.0   0.0   0.0   0.0   0.0   0.0   0.0   0.05  0.03  0.0   0.0   0.0   0.0   0.0   0.0   0.0   0.0   0.91  
6     V     0.0   0.0   0.0   0.0   0.0   0.0   0.0   0.0   0.0   0.58  0.06  0.0   0.0   0.02  0.0   0.0   0.0   0.0   0.0   0.34  
7     A     0.09  0.0   0.0   0.0   0.0   0.0   0.0   0.01  0.0   0.0   0.0   0.85  0.05  0.0   0.0   0.0   0.0   0.0   0.0   0.0   
8     L     0.01  0.0   0.0   0.0   0.03  0.0   0.0   0.0   0.0   0.13  0.29  0.0   0.01  0.04  0.0   0.0   0.0   0.0   0.38  0.1   
9     G     0.0   0.0   0.0   0.01  0.0   0.0   0.0   0.96  0.0   0.0   0.0   0.0   0.0   0.0   0.01  0.02  0.0   0.0   0.0   0.0   
10    G     0.0   0.0   0.0   0.0   0.0   0.0   0.0   0.9   0.0   0.0   0.0   0.0   0.0   0.0   0.0   0.03  0.04  0.0   0.0   0.0   
11    N     0.1   0.02  0.3   0.01  0.0   0.01  0.06  0.01  0.13  0.01  0.01  0.01  0.0   0.01  0.01  0.24  0.02  0.0   0.0   0.04  
12    A     0.71  0.0   0.0   0.01  0.0   0.0   0.01  0.0   0.0   0.03  0.04  0.0   0.0   0.01  0.0   0.06  0.04  0.0   0.0   0.09  
13    I     0.01  0.0   0.0   0.0   0.0   0.02  0.0   0.01  0.0   0.13  0.3   0.0   0.43  0.0   0.0   0.01  0.0   0.0   0.0   0.05  
14    L     0.06  0.02  0.01  0.04  0.02  0.03  0.07  0.09  0.01  0.09  0.17  0.06  0.01  0.01  0.01  0.03  0.14  0.0   0.01  0.13  
15    S     0.03  0.04  0.13  0.27  0.01  0.08  0.06  0.04  0.02  0.01  0.03  0.04  0.0   0.01  0.01  0.12  0.06  0.0   0.02  0.02  
16    N     0.05  0.07  0.08  0.16  0.02  0.02  0.19  0.04  0.01  0.01  0.05  0.06  0.0   0.01  0.11  0.04  0.04  0.0   0.01  0.02  
17    D     0.07  0.03  0.09  0.15  0.0   0.03  0.24  0.1   0.02  0.01  0.02  0.07  0.01  0.01  0.03  0.06  0.03  0.0   0.01  0.02  
18    A     0.11  0.02  0.01  0.05  0.01  0.03  0.06  0.09  0.01  0.02  0.36  0.04  0.02  0.03  0.04  0.03  0.05  0.0   0.01  0.03  
19    S     0.11  0.07  0.02  0.02  0.01  0.04  0.05  0.07  0.01  0.02  0.04  0.25  0.02  0.01  0.04  0.12  0.07  0.0   0.01  0.03  
20    A     0.1   0.06  0.04  0.06  0.02  0.04  0.13  0.05  0.02  0.05  0.07  0.06  0.04  0.04  0.04  0.07  0.04  0.0   0.03  0.03  
21    H     0.16  0.02  0.05  0.06  0.01  0.04  0.09  0.1   0.01  0.03  0.03  0.05  0.01  0.02  0.02  0.14  0.07  0.01  0.03  0.04  
22    A     0.09  0.03  0.02  0.04  0.01  0.02  0.08  0.04  0.01  0.06  0.08  0.02  0.01  0.3   0.02  0.03  0.03  0.0   0.01  0.09  
23    Q     0.29  0.03  0.04  0.05  0.01  0.09  0.06  0.03  0.01  0.06  0.05  0.03  0.05  0.07  0.01  0.03  0.06  0.0   0.01  0.03  
24    Q     0.04  0.16  0.02  0.08  0.01  0.13  0.1   0.02  0.04  0.03  0.13  0.06  0.02  0.03  0.03  0.04  0.03  0.0   0.01  0.02  
25    Q     0.05  0.07  0.03  0.39  0.0   0.06  0.1   0.03  0.0   0.03  0.03  0.05  0.01  0.01  0.04  0.04  0.04  0.0   0.01  0.02  
26    A     0.14  0.05  0.08  0.02  0.01  0.03  0.03  0.02  0.01  0.19  0.09  0.04  0.02  0.01  0.01  0.02  0.05  0.01  0.02  0.15  
27    L     0.04  0.01  0.04  0.01  0.02  0.01  0.01  0.01  0.02  0.12  0.25  0.01  0.03  0.04  0.01  0.03  0.03  0.01  0.01  0.28  
28    V     0.08  0.05  0.06  0.04  0.0   0.05  0.07  0.02  0.02  0.03  0.28  0.11  0.03  0.03  0.02  0.03  0.01  0.0   0.01  0.05  
29    Q     0.06  0.07  0.11  0.06  0.0   0.05  0.08  0.02  0.04  0.02  0.21  0.05  0.08  0.01  0.01  0.05  0.02  0.02  0.02  0.02  
30    T     0.08  0.04  0.01  0.01  0.01  0.03  0.01  0.01  0.02  0.16  0.13  0.19  0.01  0.03  0.02  0.08  0.07  0.02  0.02  0.05  
31    S     0.23  0.02  0.01  0.01  0.03  0.03  0.02  0.02  0.0   0.07  0.11  0.01  0.04  0.12  0.01  0.06  0.05  0.0   0.06  0.11  
32    A     0.16  0.06  0.04  0.04  0.01  0.04  0.05  0.03  0.03  0.04  0.02  0.09  0.01  0.04  0.01  0.07  0.04  0.0   0.01  0.2   
33    Y     0.11  0.04  0.05  0.2   0.02  0.11  0.05  0.04  0.02  0.02  0.05  0.04  0.01  0.01  0.03  0.08  0.04  0.0   0.02  0.05  
34    L     0.07  0.02  0.03  0.07  0.01  0.03  0.04  0.02  0.01  0.24  0.17  0.03  0.05  0.03  0.02  0.03  0.02  0.0   0.01  0.09  
35    V     0.22  0.04  0.02  0.02  0.01  0.03  0.03  0.03  0.01  0.1   0.06  0.06  0.01  0.01  0.02  0.08  0.02  0.0   0.01  0.22  
36    H     0.13  0.04  0.03  0.06  0.01  0.02  0.06  0.04  0.02  0.02  0.15  0.06  0.01  0.1   0.03  0.05  0.06  0.0   0.04  0.05  
37    L     0.02  0.03  0.02  0.03  0.01  0.02  0.02  0.02  0.01  0.06  0.5   0.04  0.03  0.04  0.03  0.02  0.02  0.02  0.03  0.03  
38    I     0.05  0.11  0.03  0.02  0.01  0.05  0.04  0.02  0.1   0.11  0.15  0.07  0.02  0.01  0.03  0.05  0.02  0.01  0.04  0.06  
39    K     0.11  0.05  0.06  0.04  0.02  0.12  0.06  0.02  0.04  0.02  0.03  0.14  0.01  0.01  0.01  0.12  0.07  0.01  0.03  0.03  
40    Q     0.09  0.05  0.04  0.03  0.01  0.08  0.08  0.03  0.01  0.03  0.17  0.07  0.01  0.01  0.02  0.08  0.04  0.0   0.03  0.12  
41    G     0.03  0.01  0.03  0.03  0.0   0.02  0.01  0.78  0.03  0.0   0.01  0.02  0.0   0.0   0.02  0.01  0.01  0.0   0.0   0.0   
42    H     0.03  0.04  0.03  0.03  0.0   0.03  0.03  0.02  0.07  0.29  0.11  0.02  0.09  0.02  0.0   0.02  0.01  0.01  0.07  0.1   
43    R     0.0   0.16  0.23  0.02  0.01  0.08  0.14  0.01  0.07  0.0   0.01  0.19  0.0   0.0   0.02  0.02  0.01  0.0   0.02  0.0   
44    L     0.03  0.0   0.0   0.0   0.0   0.0   0.0   0.0   0.0   0.12  0.17  0.01  0.02  0.0   0.45  0.0   0.01  0.0   0.0   0.19  
45    I     0.04  0.0   0.0   0.0   0.0   0.0   0.0   0.0   0.0   0.27  0.03  0.0   0.02  0.0   0.0   0.0   0.01  0.0   0.0   0.62  
46    V     0.0   0.0   0.0   0.0   0.0   0.0   0.0   0.0   0.0   0.31  0.26  0.0   0.01  0.01  0.0   0.0   0.0   0.0   0.0   0.39  
47    S     0.01  0.0   0.0   0.0   0.0   0.0   0.0   0.01  0.0   0.05  0.02  0.0   0.0   0.0   0.0   0.02  0.05  0.0   0.0   0.84  
48    H     0.0   0.0   0.0   0.0   0.0   0.0   0.0   0.0   0.85  0.0   0.0   0.0   0.0   0.01  0.0   0.08  0.02  0.0   0.02  0.01  
49    G     0.0   0.0   0.0   0.0   0.0   0.0   0.0   0.9   0.0   0.0   0.0   0.0   0.0   0.0   0.0   0.09  0.0   0.0   0.0   0.0   
50    N     0.06  0.0   0.09  0.0   0.0   0.0   0.0   0.77  0.0   0.0   0.0   0.0   0.0   0.0   0.0   0.04  0.01  0.0   0.0   0.0   
51    G     0.07  0.07  0.0   0.0   0.01  0.0   0.0   0.81  0.0   0.0   0.0   0.0   0.0   0.0   0.0   0.01  0.0   0.0   0.0   0.0   
52    P     0.02  0.02  0.01  0.04  0.07  0.01  0.0   0.01  0.01  0.01  0.01  0.06  0.01  0.01  0.62  0.02  0.0   0.0   0.02  0.06  
53    Q     0.09  0.02  0.0   0.02  0.0   0.45  0.18  0.01  0.0   0.02  0.06  0.02  0.02  0.02  0.0   0.02  0.02  0.0   0.01  0.03  
54    V     0.04  0.0   0.0   0.0   0.01  0.0   0.02  0.01  0.0   0.6   0.04  0.0   0.01  0.02  0.0   0.01  0.01  0.0   0.0   0.22  
55    G     0.04  0.01  0.23  0.09  0.0   0.01  0.05  0.26  0.0   0.01  0.01  0.01  0.0   0.01  0.01  0.12  0.13  0.0   0.0   0.01  
56    N     0.13  0.08  0.07  0.13  0.0   0.06  0.17  0.01  0.01  0.0   0.03  0.09  0.03  0.01  0.0   0.1   0.05  0.0   0.0   0.01  
57    L     0.05  0.04  0.01  0.01  0.0   0.04  0.04  0.01  0.01  0.09  0.28  0.02  0.2   0.01  0.0   0.01  0.05  0.06  0.03  0.04  
58    L     0.14  0.04  0.01  0.0   0.01  0.03  0.01  0.02  0.0   0.01  0.48  0.02  0.12  0.02  0.01  0.02  0.03  0.0   0.01  0.02  
59    L     0.12  0.02  0.04  0.07  0.01  0.03  0.1   0.03  0.0   0.01  0.25  0.17  0.04  0.01  0.0   0.04  0.04  0.0   0.0   0.02  
60    Q     0.07  0.16  0.01  0.03  0.0   0.13  0.1   0.06  0.02  0.0   0.01  0.3   0.0   0.0   0.0   0.05  0.01  0.0   0.0   0.01  
61    Q     0.06  0.15  0.06  0.01  0.0   0.05  0.01  0.02  0.02  0.01  0.37  0.05  0.09  0.02  0.01  0.02  0.01  0.01  0.01  0.01  
62    Q     0.09  0.01  0.13  0.03  0.01  0.07  0.05  0.28  0.03  0.03  0.08  0.03  0.03  0.0   0.01  0.05  0.01  0.0   0.02  0.03  
63    A     0.08  0.01  0.02  0.0   0.01  0.02  0.02  0.24  0.0   0.31  0.09  0.05  0.02  0.02  0.0   0.03  0.01  0.0   0.0   0.06  
64    A     0.05  0.04  0.01  0.01  0.0   0.04  0.19  0.03  0.03  0.08  0.06  0.2   0.01  0.01  0.08  0.03  0.05  0.01  0.02  0.05  
65    D     0.03  0.02  0.01  0.03  0.0   0.06  0.12  0.04  0.03  0.01  0.0   0.09  0.0   0.0   0.14  0.23  0.1   0.0   0.0   0.06  
66    S     0.03  0.07  0.02  0.02  0.0   0.07  0.12  0.07  0.04  0.02  0.02  0.12  0.0   0.01  0.08  0.16  0.1   0.0   0.0   0.05  
67    E     0.02  0.06  0.01  0.03  0.0   0.04  0.15  0.02  0.02  0.01  0.04  0.09  0.02  0.34  0.02  0.01  0.04  0.0   0.05  0.01  
68    K     0.03  0.07  0.01  0.0   0.0   0.02  0.04  0.04  0.05  0.06  0.03  0.15  0.01  0.2   0.01  0.02  0.01  0.0   0.05  0.21  
69    N     0.03  0.05  0.19  0.04  0.0   0.01  0.04  0.1   0.03  0.11  0.03  0.06  0.0   0.0   0.01  0.03  0.16  0.0   0.01  0.1   
70    P     0.02  0.02  0.03  0.22  0.0   0.08  0.02  0.38  0.02  0.0   0.01  0.01  0.0   0.0   0.11  0.05  0.01  0.0   0.01  0.0   
71    A     0.13  0.03  0.0   0.01  0.0   0.02  0.03  0.26  0.0   0.04  0.27  0.03  0.02  0.0   0.05  0.01  0.03  0.0   0.01  0.03  
72    M     0.04  0.37  0.0   0.01  0.0   0.06  0.07  0.01  0.0   0.03  0.14  0.04  0.12  0.02  0.01  0.01  0.02  0.0   0.03  0.01  
73    P     0.04  0.25  0.0   0.01  0.0   0.01  0.01  0.03  0.0   0.05  0.01  0.01  0.01  0.01  0.14  0.01  0.17  0.0   0.01  0.23  
74    L     0.04  0.01  0.0   0.0   0.01  0.0   0.0   0.01  0.0   0.09  0.19  0.01  0.12  0.03  0.0   0.01  0.25  0.0   0.01  0.23  
75    D     0.05  0.03  0.01  0.43  0.0   0.01  0.11  0.0   0.02  0.0   0.01  0.02  0.0   0.0   0.03  0.02  0.26  0.0   0.0   0.0   
76    T     0.05  0.02  0.02  0.19  0.0   0.04  0.1   0.01  0.0   0.11  0.02  0.03  0.0   0.01  0.02  0.04  0.08  0.0   0.0   0.25  
77    C     0.15  0.03  0.01  0.03  0.06  0.03  0.05  0.02  0.01  0.06  0.07  0.08  0.01  0.03  0.05  0.05  0.04  0.0   0.02  0.23  
78    V     0.07  0.06  0.01  0.02  0.0   0.04  0.28  0.13  0.01  0.01  0.03  0.04  0.01  0.01  0.03  0.03  0.09  0.0   0.02  0.12  
79    A     0.28  0.01  0.01  0.01  0.01  0.04  0.03  0.01  0.0   0.04  0.04  0.05  0.29  0.01  0.01  0.04  0.08  0.0   0.01  0.04  
80    M     0.05  0.01  0.0   0.07  0.0   0.04  0.21  0.01  0.0   0.03  0.05  0.01  0.18  0.01  0.01  0.01  0.03  0.0   0.0   0.27  
81    T     0.13  0.01  0.01  0.01  0.0   0.02  0.04  0.02  0.01  0.01  0.29  0.02  0.01  0.01  0.01  0.11  0.23  0.0   0.03  0.02  
82    Q     0.15  0.02  0.01  0.02  0.03  0.09  0.05  0.08  0.01  0.05  0.07  0.02  0.15  0.03  0.01  0.09  0.03  0.0   0.01  0.11  
83    G     0.12  0.01  0.01  0.11  0.0   0.01  0.11  0.52  0.0   0.01  0.01  0.02  0.01  0.01  0.01  0.01  0.02  0.0   0.0   0.01  
84    S     0.06  0.04  0.01  0.01  0.0   0.14  0.03  0.03  0.01  0.11  0.09  0.08  0.05  0.01  0.01  0.08  0.03  0.02  0.04  0.16  
85    I     0.05  0.01  0.01  0.01  0.0   0.01  0.01  0.01  0.0   0.28  0.1   0.02  0.01  0.0   0.01  0.01  0.01  0.0   0.0   0.45  
86    G     0.03  0.07  0.28  0.01  0.0   0.06  0.16  0.21  0.01  0.01  0.02  0.03  0.0   0.0   0.01  0.02  0.02  0.0   0.0   0.02  
87    Y     0.02  0.05  0.01  0.01  0.0   0.05  0.02  0.03  0.01  0.03  0.07  0.25  0.24  0.02  0.01  0.01  0.03  0.02  0.11  0.01  
88    W     0.06  0.05  0.02  0.09  0.0   0.08  0.11  0.01  0.01  0.03  0.07  0.01  0.05  0.01  0.0   0.04  0.02  0.02  0.01  0.29  
89    L     0.01  0.0   0.01  0.0   0.0   0.01  0.01  0.01  0.0   0.31  0.48  0.0   0.04  0.02  0.0   0.01  0.01  0.0   0.01  0.05  
90    S     0.13  0.0   0.01  0.01  0.03  0.08  0.06  0.09  0.0   0.02  0.04  0.01  0.02  0.01  0.01  0.04  0.07  0.0   0.0   0.36  
91    N     0.13  0.02  0.09  0.01  0.0   0.12  0.04  0.36  0.01  0.0   0.02  0.03  0.05  0.0   0.0   0.09  0.03  0.01  0.0   0.01  
92    A     0.19  0.06  0.02  0.01  0.0   0.07  0.07  0.03  0.0   0.02  0.2   0.12  0.03  0.0   0.0   0.11  0.04  0.01  0.01  0.01  
93    L     0.04  0.0   0.02  0.0   0.0   0.0   0.01  0.01  0.01  0.27  0.34  0.0   0.02  0.01  0.0   0.01  0.03  0.01  0.03  0.2   
94    N     0.05  0.05  0.43  0.03  0.0   0.08  0.03  0.04  0.01  0.01  0.03  0.02  0.0   0.0   0.0   0.11  0.05  0.0   0.03  0.03  
95    Q     0.09  0.09  0.1   0.04  0.0   0.11  0.06  0.05  0.02  0.01  0.02  0.25  0.05  0.01  0.01  0.06  0.03  0.0   0.0   0.01  
96    E     0.12  0.05  0.02  0.08  0.01  0.1   0.21  0.03  0.1   0.03  0.05  0.03  0.0   0.01  0.0   0.04  0.03  0.0   0.02  0.05  
97    L     0.02  0.02  0.01  0.01  0.01  0.01  0.02  0.27  0.01  0.13  0.27  0.01  0.03  0.06  0.01  0.02  0.01  0.0   0.01  0.06  
98    N     0.14  0.03  0.08  0.02  0.02  0.03  0.06  0.16  0.02  0.02  0.05  0.02  0.01  0.03  0.08  0.06  0.05  0.01  0.01  0.1   
99    K     0.17  0.07  0.06  0.02  0.01  0.02  0.05  0.04  0.03  0.01  0.06  0.2   0.03  0.01  0.02  0.11  0.03  0.01  0.02  0.04  
100   A     0.24  0.05  0.03  0.02  0.01  0.04  0.02  0.02  0.03  0.05  0.12  0.03  0.05  0.01  0.02  0.07  0.07  0.01  0.04  0.06  
101   G     0.07  0.02  0.05  0.02  0.01  0.03  0.02  0.29  0.01  0.06  0.1   0.05  0.01  0.01  0.09  0.05  0.03  0.01  0.03  0.04  
102   I     0.03  0.03  0.04  0.02  0.01  0.04  0.05  0.05  0.01  0.14  0.26  0.04  0.07  0.03  0.03  0.05  0.03  0.01  0.02  0.06  
103   K     0.07  0.05  0.06  0.05  0.05  0.08  0.09  0.04  0.02  0.03  0.06  0.07  0.01  0.02  0.03  0.14  0.07  0.01  0.01  0.03  
104   K     0.07  0.05  0.02  0.02  0.01  0.03  0.03  0.27  0.04  0.02  0.07  0.14  0.01  0.02  0.03  0.05  0.07  0.01  0.02  0.04  
105   Q     0.13  0.05  0.03  0.04  0.01  0.07  0.07  0.07  0.04  0.03  0.06  0.1   0.01  0.02  0.06  0.08  0.04  0.01  0.02  0.06  
106   V     0.07  0.07  0.03  0.17  0.02  0.02  0.04  0.06  0.02  0.09  0.06  0.03  0.02  0.03  0.03  0.05  0.03  0.01  0.02  0.13  
107   A     0.19  0.02  0.04  0.03  0.01  0.05  0.02  0.12  0.01  0.06  0.08  0.04  0.02  0.03  0.02  0.07  0.03  0.01  0.01  0.13  
108   T     0.09  0.05  0.12  0.04  0.01  0.04  0.03  0.09  0.02  0.05  0.07  0.04  0.01  0.03  0.03  0.08  0.15  0.01  0.02  0.04  
109   V     0.1   0.03  0.02  0.02  0.03  0.02  0.03  0.09  0.01  0.08  0.24  0.02  0.04  0.03  0.02  0.05  0.04  0.01  0.01  0.13  
110   L     0.06  0.02  0.02  0.02  0.02  0.02  0.02  0.04  0.01  0.21  0.17  0.03  0.02  0.04  0.02  0.03  0.04  0.0   0.02  0.22  
111   T     0.07  0.04  0.04  0.02  0.01  0.03  0.05  0.08  0.02  0.03  0.06  0.04  0.01  0.02  0.03  0.1   0.27  0.01  0.02  0.06  
112   Q     0.13  0.06  0.02  0.03  0.04  0.22  0.03  0.11  0.01  0.03  0.06  0.04  0.03  0.01  0.02  0.06  0.03  0.0   0.01  0.05  
113   V     0.05  0.03  0.07  0.04  0.02  0.02  0.04  0.05  0.01  0.08  0.09  0.03  0.01  0.01  0.03  0.06  0.09  0.01  0.01  0.24  
114   V     0.05  0.04  0.03  0.02  0.01  0.05  0.08  0.22  0.01  0.08  0.13  0.03  0.02  0.07  0.04  0.04  0.02  0.01  0.01  0.04  
115   V     0.07  0.03  0.03  0.02  0.01  0.02  0.02  0.03  0.01  0.09  0.18  0.03  0.04  0.02  0.02  0.04  0.04  0.0   0.02  0.27  
116   D     0.06  0.04  0.04  0.22  0.02  0.03  0.04  0.04  0.03  0.04  0.03  0.04  0.01  0.02  0.03  0.14  0.12  0.0   0.01  0.03  
117   P     0.15  0.05  0.03  0.02  0.01  0.03  0.04  0.2   0.02  0.05  0.09  0.07  0.03  0.02  0.07  0.05  0.02  0.0   0.02  0.03  
118   A     0.06  0.03  0.1   0.12  0.01  0.03  0.07  0.1   0.01  0.05  0.06  0.11  0.01  0.02  0.02  0.04  0.03  0.01  0.02  0.09  
119   D     0.04  0.03  0.07  0.33  0.01  0.02  0.03  0.08  0.02  0.04  0.09  0.03  0.02  0.02  0.02  0.05  0.04  0.01  0.02  0.04  
120   E     0.08  0.06  0.03  0.03  0.01  0.05  0.05  0.18  0.01  0.03  0.11  0.03  0.01  0.02  0.1   0.07  0.03  0.01  0.02  0.06  
121   A     0.2   0.04  0.06  0.03  0.01  0.03  0.03  0.15  0.03  0.08  0.05  0.04  0.02  0.04  0.02  0.08  0.04  0.01  0.01  0.03  
122   F     0.04  0.03  0.11  0.03  0.01  0.02  0.02  0.04  0.01  0.04  0.18  0.03  0.03  0.18  0.02  0.03  0.02  0.01  0.02  0.12  
123   K     0.06  0.08  0.04  0.03  0.02  0.1   0.04  0.13  0.02  0.12  0.1   0.07  0.02  0.03  0.02  0.05  0.04  0.0   0.01  0.05  
124   N     0.04  0.09  0.16  0.06  0.01  0.06  0.03  0.04  0.08  0.03  0.11  0.07  0.01  0.02  0.03  0.05  0.06  0.01  0.03  0.03  
125   P     0.22  0.02  0.03  0.03  0.01  0.03  0.04  0.16  0.01  0.03  0.03  0.03  0.01  0.01  0.18  0.04  0.04  0.0   0.02  0.05  
126   T     0.06  0.06  0.03  0.03  0.01  0.03  0.08  0.17  0.04  0.04  0.05  0.05  0.01  0.02  0.02  0.07  0.12  0.01  0.02  0.09  
127   K     0.04  0.13  0.02  0.02  0.01  0.07  0.04  0.08  0.01  0.02  0.03  0.36  0.01  0.01  0.02  0.05  0.03  0.01  0.01  0.02  
128   P     0.19  0.05  0.03  0.06  0.01  0.02  0.03  0.05  0.01  0.03  0.07  0.04  0.02  0.03  0.24  0.04  0.02  0.0   0.01  0.04  
129   I     0.04  0.03  0.02  0.02  0.01  0.02  0.03  0.04  0.01  0.27  0.12  0.03  0.01  0.02  0.02  0.03  0.05  0.0   0.01  0.22  
130   G     0.07  0.04  0.03  0.02  0.01  0.02  0.02  0.55  0.01  0.02  0.04  0.03  0.01  0.01  0.02  0.03  0.03  0.01  0.01  0.03  
131   P     0.05  0.04  0.02  0.02  0.01  0.02  0.03  0.02  0.01  0.07  0.3   0.05  0.02  0.02  0.1   0.03  0.03  0.01  0.02  0.14  
132   F     0.03  0.02  0.03  0.06  0.07  0.01  0.02  0.06  0.02  0.06  0.07  0.03  0.02  0.11  0.02  0.11  0.09  0.0   0.03  0.11  
133   L     0.04  0.04  0.02  0.02  0.01  0.03  0.03  0.33  0.01  0.03  0.11  0.02  0.02  0.03  0.02  0.03  0.03  0.01  0.11  0.06  
134   T     0.08  0.03  0.04  0.09  0.01  0.03  0.05  0.05  0.01  0.04  0.06  0.19  0.02  0.02  0.02  0.11  0.08  0.0   0.02  0.03  
135   E     0.04  0.04  0.02  0.29  0.01  0.04  0.13  0.07  0.02  0.03  0.06  0.07  0.01  0.02  0.03  0.04  0.04  0.0   0.01  0.03  
136   A     0.14  0.04  0.02  0.04  0.01  0.05  0.16  0.2   0.01  0.04  0.04  0.04  0.01  0.01  0.04  0.07  0.03  0.0   0.01  0.04  
137   E     0.04  0.08  0.09  0.1   0.01  0.06  0.21  0.08  0.02  0.02  0.04  0.05  0.02  0.02  0.02  0.04  0.03  0.0   0.01  0.03  
138   A     0.22  0.05  0.01  0.02  0.0   0.02  0.02  0.09  0.01  0.05  0.21  0.03  0.03  0.03  0.03  0.03  0.05  0.0   0.02  0.08  
139   K     0.06  0.04  0.03  0.08  0.01  0.03  0.08  0.05  0.02  0.19  0.08  0.09  0.01  0.02  0.02  0.02  0.04  0.0   0.01  0.12  
140   E     0.03  0.14  0.02  0.12  0.0   0.07  0.12  0.03  0.01  0.03  0.09  0.1   0.01  0.04  0.04  0.03  0.04  0.0   0.03  0.05  
141   A     0.29  0.02  0.01  0.03  0.02  0.02  0.03  0.05  0.01  0.07  0.15  0.03  0.02  0.04  0.01  0.05  0.04  0.0   0.04  0.05  
142   M     0.06  0.14  0.04  0.05  0.01  0.08  0.07  0.07  0.03  0.04  0.06  0.13  0.03  0.01  0.02  0.04  0.05  0.0   0.01  0.04  
143   Q     0.06  0.08  0.04  0.07  0.01  0.09  0.1   0.03  0.05  0.03  0.03  0.21  0.01  0.02  0.04  0.04  0.02  0.0   0.03  0.03  
144   A     0.07  0.05  0.03  0.05  0.01  0.03  0.06  0.04  0.01  0.04  0.16  0.12  0.02  0.02  0.07  0.04  0.06  0.01  0.02  0.09  
145   G     0.03  0.05  0.04  0.07  0.01  0.03  0.06  0.3   0.01  0.02  0.07  0.08  0.01  0.02  0.04  0.04  0.05  0.0   0.02  0.03  
146   A     0.06  0.04  0.04  0.04  0.01  0.03  0.07  0.05  0.02  0.05  0.08  0.05  0.04  0.04  0.04  0.07  0.03  0.04  0.12  0.07  
147   I     0.04  0.04  0.04  0.02  0.01  0.04  0.06  0.09  0.02  0.07  0.06  0.04  0.02  0.02  0.03  0.04  0.12  0.02  0.02  0.19  
148   F     0.06  0.06  0.04  0.05  0.01  0.02  0.04  0.09  0.01  0.07  0.11  0.05  0.04  0.09  0.03  0.05  0.05  0.0   0.04  0.1   
149   K     0.03  0.06  0.03  0.05  0.01  0.04  0.06  0.06  0.02  0.08  0.05  0.17  0.02  0.01  0.02  0.04  0.03  0.01  0.04  0.18  
150   E     0.07  0.04  0.04  0.06  0.01  0.04  0.16  0.14  0.02  0.07  0.05  0.06  0.01  0.02  0.03  0.03  0.06  0.01  0.01  0.09  
151   D     0.04  0.02  0.04  0.39  0.01  0.03  0.08  0.03  0.02  0.03  0.05  0.05  0.01  0.04  0.07  0.03  0.03  0.0   0.02  0.04  
152   A     0.15  0.03  0.03  0.1   0.01  0.04  0.09  0.09  0.01  0.04  0.08  0.03  0.01  0.02  0.04  0.05  0.05  0.01  0.02  0.09  
153   G     0.06  0.02  0.04  0.06  0.01  0.04  0.05  0.34  0.01  0.02  0.05  0.03  0.01  0.04  0.02  0.09  0.03  0.01  0.02  0.04  
154   R     0.05  0.16  0.06  0.04  0.01  0.05  0.07  0.05  0.05  0.05  0.09  0.06  0.01  0.03  0.03  0.04  0.04  0.01  0.03  0.08  
155   G     0.05  0.04  0.04  0.08  0.01  0.02  0.06  0.22  0.02  0.06  0.06  0.07  0.02  0.02  0.03  0.06  0.04  0.01  0.02  0.08  
156   W     0.06  0.05  0.03  0.05  0.01  0.03  0.06  0.08  0.02  0.04  0.08  0.03  0.01  0.05  0.04  0.05  0.04  0.05  0.17  0.06  
157   R     0.05  0.24  0.03  0.04  0.05  0.05  0.07  0.07  0.01  0.03  0.06  0.05  0.02  0.02  0.03  0.04  0.04  0.01  0.02  0.07  
158   K     0.06  0.2   0.04  0.06  0.01  0.02  0.04  0.09  0.05  0.05  0.06  0.07  0.02  0.02  0.04  0.05  0.04  0.01  0.03  0.06  
159   V     0.06  0.03  0.03  0.05  0.01  0.05  0.06  0.04  0.01  0.05  0.09  0.04  0.01  0.03  0.04  0.05  0.04  0.01  0.03  0.28  
160   V     0.05  0.03  0.03  0.06  0.01  0.02  0.04  0.05  0.02  0.07  0.08  0.03  0.03  0.03  0.04  0.04  0.06  0.01  0.02  0.28  
161   P     0.13  0.03  0.04  0.06  0.01  0.04  0.05  0.11  0.01  0.04  0.07  0.03  0.01  0.04  0.13  0.04  0.05  0.01  0.02  0.07  
162   S     0.05  0.04  0.03  0.06  0.01  0.04  0.08  0.06  0.01  0.02  0.05  0.04  0.02  0.04  0.04  0.27  0.06  0.01  0.03  0.06  
163   P     0.05  0.03  0.02  0.05  0.01  0.03  0.04  0.15  0.01  0.05  0.06  0.03  0.01  0.02  0.27  0.05  0.03  0.01  0.02  0.05  
164   K     0.06  0.08  0.05  0.06  0.01  0.05  0.19  0.04  0.01  0.03  0.07  0.1   0.02  0.02  0.02  0.04  0.04  0.01  0.04  0.06  
165   P     0.06  0.03  0.02  0.03  0.01  0.03  0.06  0.04  0.02  0.16  0.07  0.04  0.01  0.02  0.21  0.07  0.04  0.01  0.02  0.06  
166   I     0.03  0.11  0.02  0.02  0.01  0.03  0.03  0.06  0.01  0.21  0.07  0.07  0.01  0.02  0.02  0.03  0.05  0.0   0.01  0.18  
167   D     0.04  0.14  0.04  0.22  0.01  0.03  0.09  0.04  0.02  0.02  0.04  0.08  0.01  0.01  0.02  0.08  0.06  0.0   0.03  0.03  
168   I     0.05  0.02  0.03  0.03  0.01  0.03  0.05  0.04  0.05  0.28  0.1   0.05  0.01  0.02  0.03  0.05  0.03  0.0   0.02  0.09  
169   H     0.04  0.02  0.11  0.04  0.01  0.02  0.02  0.15  0.02  0.06  0.08  0.02  0.02  0.06  0.02  0.03  0.03  0.0   0.01  0.22  
170   E     0.04  0.04  0.14  0.15  0.01  0.04  0.17  0.03  0.04  0.04  0.06  0.04  0.01  0.03  0.01  0.02  0.02  0.01  0.02  0.1   
171   A     0.1   0.06  0.01  0.02  0.01  0.02  0.03  0.08  0.01  0.08  0.08  0.06  0.01  0.01  0.05  0.07  0.12  0.0   0.02  0.18  
172   E     0.06  0.07  0.07  0.13  0.0   0.05  0.21  0.15  0.01  0.01  0.02  0.07  0.01  0.01  0.03  0.06  0.02  0.0   0.01  0.01  
173   T     0.16  0.02  0.01  0.03  0.0   0.01  0.07  0.05  0.01  0.05  0.15  0.01  0.01  0.02  0.04  0.05  0.15  0.0   0.01  0.14  
174   I     0.01  0.0   0.0   0.01  0.0   0.0   0.0   0.01  0.0   0.42  0.26  0.01  0.01  0.04  0.0   0.0   0.02  0.0   0.0   0.19  
175   N     0.04  0.13  0.14  0.06  0.0   0.07  0.18  0.03  0.03  0.01  0.02  0.12  0.01  0.01  0.01  0.07  0.03  0.01  0.01  0.02  
176   T     0.11  0.1   0.03  0.04  0.02  0.05  0.06  0.02  0.06  0.01  0.02  0.04  0.01  0.02  0.02  0.09  0.2   0.02  0.05  0.02  
177   L     0.03  0.02  0.01  0.01  0.01  0.05  0.02  0.03  0.01  0.03  0.62  0.01  0.03  0.02  0.01  0.04  0.01  0.0   0.02  0.02  
178   I     0.02  0.01  0.05  0.01  0.01  0.02  0.01  0.0   0.0   0.17  0.43  0.0   0.02  0.02  0.0   0.01  0.02  0.01  0.01  0.18  
179   K     0.08  0.04  0.16  0.24  0.0   0.04  0.19  0.02  0.02  0.0   0.0   0.09  0.01  0.0   0.01  0.08  0.02  0.0   0.0   0.0   
180   N     0.12  0.11  0.08  0.03  0.0   0.06  0.08  0.03  0.03  0.01  0.08  0.09  0.02  0.0   0.07  0.06  0.07  0.03  0.02  0.01  
181   D     0.06  0.07  0.08  0.12  0.0   0.02  0.05  0.45  0.01  0.0   0.01  0.05  0.0   0.01  0.01  0.05  0.02  0.0   0.01  0.0   
182   I     0.11  0.03  0.02  0.01  0.01  0.01  0.0   0.0   0.02  0.14  0.12  0.02  0.02  0.07  0.0   0.06  0.07  0.01  0.11  0.18  
183   I     0.01  0.0   0.0   0.0   0.0   0.0   0.0   0.0   0.0   0.46  0.24  0.01  0.01  0.0   0.02  0.0   0.03  0.0   0.0   0.22  
184   T     0.01  0.02  0.02  0.05  0.0   0.01  0.04  0.0   0.01  0.01  0.04  0.01  0.01  0.01  0.5   0.01  0.03  0.0   0.0   0.21  
185   I     0.03  0.01  0.01  0.02  0.0   0.01  0.0   0.01  0.0   0.38  0.13  0.0   0.02  0.01  0.01  0.01  0.06  0.0   0.0   0.29  
186   S     0.07  0.01  0.01  0.01  0.04  0.01  0.02  0.02  0.01  0.16  0.31  0.01  0.02  0.04  0.01  0.04  0.03  0.0   0.01  0.15  
187   C     0.13  0.02  0.22  0.02  0.02  0.02  0.03  0.06  0.01  0.06  0.11  0.02  0.01  0.01  0.02  0.13  0.05  0.01  0.02  0.04  
188   G     0.07  0.03  0.04  0.06  0.01  0.03  0.24  0.17  0.01  0.02  0.03  0.05  0.01  0.01  0.06  0.09  0.02  0.0   0.01  0.03  
189   G     0.07  0.03  0.24  0.05  0.01  0.02  0.03  0.15  0.01  0.03  0.1   0.03  0.01  0.02  0.02  0.07  0.02  0.01  0.01  0.04  
190   G     0.03  0.03  0.03  0.23  0.01  0.02  0.03  0.37  0.01  0.02  0.03  0.03  0.01  0.01  0.02  0.03  0.04  0.01  0.01  0.03  
191   G     0.11  0.04  0.02  0.03  0.01  0.02  0.03  0.12  0.01  0.03  0.06  0.04  0.01  0.08  0.03  0.05  0.11  0.02  0.08  0.11  
192   I     0.02  0.01  0.02  0.01  0.0   0.01  0.01  0.01  0.01  0.45  0.05  0.01  0.0   0.01  0.01  0.04  0.02  0.0   0.01  0.28  
193   P     0.22  0.01  0.01  0.01  0.01  0.01  0.01  0.02  0.01  0.01  0.01  0.01  0.01  0.01  0.47  0.13  0.02  0.0   0.01  0.02  
194   V     0.01  0.0   0.01  0.0   0.01  0.0   0.0   0.0   0.0   0.11  0.02  0.0   0.0   0.0   0.22  0.07  0.11  0.0   0.01  0.4   
195   V     0.05  0.01  0.01  0.02  0.01  0.01  0.04  0.01  0.0   0.38  0.12  0.02  0.05  0.02  0.01  0.01  0.02  0.0   0.01  0.2   
196   G     0.2   0.04  0.15  0.02  0.01  0.01  0.09  0.29  0.0   0.01  0.02  0.02  0.0   0.0   0.0   0.06  0.04  0.0   0.02  0.01  
197   Q     0.03  0.01  0.03  0.07  0.01  0.02  0.25  0.04  0.04  0.09  0.08  0.01  0.01  0.02  0.04  0.06  0.05  0.0   0.01  0.11  
198   E     0.01  0.03  0.18  0.18  0.0   0.01  0.08  0.13  0.01  0.03  0.02  0.05  0.01  0.0   0.03  0.12  0.09  0.0   0.0   0.02  
199   L     0.09  0.05  0.01  0.19  0.0   0.01  0.1   0.05  0.03  0.06  0.06  0.04  0.03  0.06  0.04  0.03  0.03  0.0   0.05  0.07  
200   K     0.06  0.03  0.05  0.17  0.0   0.06  0.12  0.08  0.01  0.01  0.02  0.06  0.0   0.02  0.03  0.07  0.18  0.0   0.01  0.01  
201   G     0.03  0.02  0.03  0.02  0.01  0.01  0.02  0.58  0.04  0.01  0.03  0.01  0.0   0.01  0.01  0.03  0.03  0.0   0.01  0.11  
202   V     0.09  0.02  0.06  0.04  0.01  0.13  0.18  0.02  0.05  0.05  0.04  0.04  0.01  0.01  0.01  0.04  0.05  0.0   0.01  0.16  
203   E     0.07  0.02  0.01  0.07  0.01  0.01  0.07  0.01  0.01  0.05  0.09  0.01  0.04  0.03  0.04  0.12  0.25  0.01  0.01  0.06  
204   A     0.11  0.01  0.02  0.06  0.01  0.01  0.04  0.04  0.04  0.02  0.18  0.03  0.02  0.11  0.02  0.03  0.01  0.0   0.22  0.02  
205   V     0.02  0.01  0.54  0.01  0.0   0.01  0.13  0.01  0.01  0.03  0.02  0.01  0.0   0.03  0.01  0.01  0.01  0.0   0.02  0.11  
206   I     0.01  0.01  0.01  0.01  0.0   0.01  0.01  0.07  0.01  0.44  0.13  0.01  0.0   0.01  0.01  0.01  0.04  0.0   0.0   0.2   
207   D     0.03  0.0   0.42  0.44  0.0   0.0   0.0   0.0   0.0   0.0   0.02  0.0   0.0   0.0   0.02  0.03  0.02  0.0   0.0   0.0   
208   K     0.4   0.0   0.32  0.0   0.03  0.0   0.0   0.06  0.0   0.0   0.0   0.07  0.02  0.01  0.0   0.04  0.03  0.0   0.0   0.0   
209   D     0.0   0.0   0.0   0.9   0.0   0.0   0.08  0.0   0.0   0.0   0.01  0.0   0.0   0.0   0.0   0.0   0.0   0.0   0.0   0.0   
210   F     0.03  0.1   0.04  0.06  0.0   0.08  0.06  0.0   0.01  0.02  0.1   0.03  0.03  0.03  0.0   0.03  0.34  0.0   0.01  0.04  
211   A     0.25  0.0   0.0   0.0   0.02  0.0   0.0   0.0   0.0   0.05  0.36  0.0   0.02  0.02  0.0   0.01  0.04  0.0   0.0   0.22  
212   S     0.71  0.0   0.0   0.0   0.0   0.0   0.0   0.05  0.0   0.01  0.0   0.0   0.0   0.0   0.0   0.21  0.01  0.0   0.0   0.01  
213   E     0.48  0.01  0.02  0.0   0.01  0.0   0.02  0.22  0.0   0.0   0.0   0.0   0.0   0.01  0.01  0.08  0.1   0.0   0.02  0.01  
214   K     0.18  0.1   0.01  0.02  0.0   0.06  0.13  0.01  0.02  0.03  0.25  0.08  0.03  0.01  0.0   0.03  0.01  0.0   0.01  0.02  
215   L     0.05  0.01  0.0   0.0   0.01  0.0   0.0   0.0   0.0   0.21  0.27  0.0   0.01  0.01  0.0   0.0   0.02  0.0   0.0   0.4   
216   A     0.87  0.0   0.0   0.0   0.01  0.0   0.0   0.01  0.0   0.0   0.01  0.0   0.0   0.0   0.0   0.06  0.02  0.0   0.0   0.01  
217   E     0.15  0.04  0.09  0.0   0.01  0.05  0.12  0.11  0.03  0.11  0.02  0.08  0.01  0.0   0.0   0.07  0.06  0.0   0.0   0.07  
218   L     0.34  0.02  0.01  0.04  0.0   0.01  0.07  0.02  0.01  0.04  0.21  0.05  0.04  0.02  0.0   0.03  0.03  0.0   0.02  0.05  
219   V     0.03  0.0   0.0   0.0   0.01  0.0   0.0   0.0   0.0   0.17  0.49  0.0   0.03  0.03  0.0   0.01  0.02  0.01  0.0   0.19  
220   D     0.03  0.04  0.1   0.08  0.0   0.07  0.16  0.18  0.05  0.0   0.0   0.2   0.0   0.01  0.0   0.07  0.0   0.0   0.0   0.01  
221   A     0.88  0.0   0.0   0.01  0.0   0.0   0.0   0.02  0.0   0.0   0.0   0.01  0.0   0.0   0.03  0.03  0.01  0.0   0.01  0.01  
222   D     0.02  0.01  0.01  0.51  0.0   0.02  0.24  0.01  0.02  0.0   0.03  0.05  0.0   0.01  0.01  0.02  0.01  0.0   0.01  0.02  
223   A     0.09  0.07  0.01  0.0   0.0   0.04  0.04  0.02  0.0   0.04  0.19  0.35  0.02  0.01  0.0   0.01  0.03  0.02  0.02  0.03  
224   L     0.01  0.0   0.0   0.0   0.01  0.0   0.0   0.0   0.0   0.04  0.85  0.0   0.01  0.03  0.0   0.0   0.0   0.0   0.01  0.03  
225   V     0.01  0.0   0.0   0.0   0.01  0.0   0.0   0.0   0.0   0.4   0.14  0.0   0.05  0.03  0.0   0.0   0.0   0.0   0.02  0.32  
226   I     0.0   0.0   0.02  0.0   0.01  0.0   0.0   0.03  0.0   0.22  0.4   0.0   0.09  0.09  0.0   0.01  0.01  0.0   0.07  0.05  
227   L     0.05  0.0   0.0   0.0   0.02  0.0   0.0   0.01  0.0   0.03  0.72  0.0   0.03  0.08  0.0   0.0   0.01  0.0   0.0   0.05  
228   T     0.0   0.0   0.01  0.0   0.02  0.0   0.0   0.02  0.0   0.0   0.0   0.01  0.0   0.02  0.0   0.26  0.62  0.0   0.0   0.01  
229   G     0.05  0.01  0.12  0.7   0.0   0.01  0.03  0.02  0.0   0.0   0.01  0.0   0.0   0.0   0.0   0.04  0.01  0.0   0.0   0.0   
230   V     0.02  0.01  0.0   0.01  0.0   0.07  0.03  0.0   0.0   0.18  0.01  0.03  0.0   0.0   0.0   0.01  0.1   0.0   0.0   0.52  
231   D     0.06  0.02  0.04  0.36  0.0   0.06  0.12  0.02  0.0   0.0   0.01  0.05  0.0   0.0   0.16  0.06  0.02  0.0   0.0   0.0   
232   Y     0.05  0.03  0.02  0.0   0.0   0.0   0.0   0.85  0.01  0.0   0.01  0.01  0.0   0.01  0.0   0.0   0.0   0.0   0.01  0.0   
233   V     0.03  0.0   0.0   0.0   0.0   0.0   0.0   0.01  0.0   0.13  0.41  0.0   0.02  0.04  0.0   0.0   0.0   0.0   0.01  0.34  
234   C     0.02  0.01  0.0   0.01  0.04  0.01  0.0   0.0   0.0   0.04  0.26  0.02  0.06  0.11  0.0   0.0   0.01  0.0   0.39  0.0   
235   I     0.02  0.05  0.04  0.45  0.01  0.01  0.03  0.02  0.01  0.06  0.04  0.03  0.01  0.0   0.01  0.07  0.1   0.0   0.01  0.04  
236   N     0.13  0.03  0.14  0.14  0.0   0.02  0.05  0.09  0.01  0.01  0.01  0.15  0.0   0.01  0.09  0.08  0.01  0.0   0.01  0.01  
237   Y     0.04  0.12  0.12  0.08  0.0   0.07  0.06  0.04  0.03  0.02  0.04  0.05  0.01  0.04  0.06  0.03  0.02  0.06  0.05  0.04  
238   G     0.03  0.04  0.09  0.05  0.0   0.02  0.02  0.27  0.02  0.02  0.03  0.1   0.0   0.01  0.16  0.09  0.02  0.0   0.01  0.01  
239   K     0.05  0.05  0.11  0.2   0.0   0.03  0.04  0.02  0.03  0.03  0.03  0.18  0.01  0.01  0.03  0.05  0.08  0.0   0.02  0.03  
240   P     0.03  0.02  0.03  0.07  0.01  0.02  0.1   0.04  0.01  0.05  0.04  0.06  0.01  0.01  0.37  0.04  0.05  0.0   0.01  0.03  
241   D     0.03  0.04  0.18  0.27  0.0   0.04  0.07  0.04  0.03  0.04  0.03  0.05  0.01  0.01  0.02  0.06  0.04  0.0   0.02  0.02  
242   E     0.24  0.04  0.02  0.06  0.0   0.06  0.12  0.08  0.0   0.02  0.03  0.09  0.01  0.01  0.06  0.09  0.04  0.0   0.01  0.01  
243   K     0.03  0.11  0.06  0.08  0.0   0.11  0.11  0.01  0.02  0.01  0.01  0.2   0.0   0.0   0.01  0.13  0.09  0.0   0.0   0.02  
244   Q     0.17  0.05  0.0   0.01  0.0   0.0   0.01  0.01  0.0   0.05  0.35  0.06  0.01  0.05  0.04  0.04  0.01  0.01  0.0   0.13  
245   L     0.02  0.01  0.0   0.01  0.0   0.01  0.0   0.0   0.01  0.4   0.27  0.01  0.02  0.04  0.0   0.01  0.01  0.0   0.01  0.17  
246   T     0.08  0.1   0.02  0.07  0.0   0.02  0.07  0.02  0.04  0.01  0.03  0.08  0.01  0.01  0.14  0.16  0.1   0.0   0.01  0.01  
247   N     0.03  0.11  0.04  0.04  0.01  0.06  0.3   0.03  0.02  0.04  0.03  0.08  0.0   0.01  0.01  0.07  0.07  0.0   0.01  0.04  
248   V     0.07  0.0   0.01  0.01  0.0   0.0   0.02  0.01  0.0   0.24  0.34  0.0   0.04  0.01  0.02  0.02  0.03  0.0   0.01  0.18  
249   T     0.04  0.08  0.13  0.08  0.01  0.01  0.04  0.02  0.04  0.02  0.01  0.05  0.0   0.03  0.03  0.13  0.23  0.0   0.02  0.03  
250   V     0.16  0.03  0.01  0.01  0.0   0.01  0.03  0.01  0.01  0.09  0.11  0.03  0.01  0.0   0.2   0.05  0.09  0.01  0.01  0.14  
251   A     0.12  0.03  0.05  0.14  0.0   0.09  0.2   0.03  0.02  0.02  0.01  0.08  0.01  0.0   0.03  0.11  0.04  0.0   0.01  0.01  
252   E     0.02  0.04  0.03  0.18  0.0   0.14  0.41  0.01  0.01  0.03  0.02  0.03  0.01  0.0   0.0   0.01  0.04  0.0   0.01  0.01  
253   L     0.21  0.01  0.0   0.01  0.01  0.0   0.02  0.0   0.0   0.22  0.22  0.01  0.04  0.03  0.02  0.01  0.01  0.0   0.03  0.15  
254   E     0.09  0.08  0.05  0.12  0.0   0.04  0.28  0.02  0.01  0.01  0.05  0.09  0.02  0.0   0.04  0.03  0.04  0.0   0.01  0.03  
255   E     0.17  0.08  0.03  0.1   0.01  0.09  0.22  0.05  0.01  0.01  0.02  0.09  0.01  0.0   0.01  0.05  0.04  0.0   0.01  0.01  
256   Y     0.05  0.0   0.0   0.01  0.0   0.0   0.03  0.03  0.06  0.05  0.4   0.02  0.1   0.06  0.0   0.01  0.01  0.01  0.11  0.03  
257   K     0.12  0.01  0.0   0.01  0.0   0.02  0.03  0.06  0.0   0.35  0.14  0.03  0.04  0.02  0.0   0.04  0.03  0.0   0.01  0.08  
258   Q     0.22  0.02  0.02  0.04  0.0   0.09  0.19  0.08  0.01  0.01  0.02  0.1   0.03  0.0   0.05  0.07  0.02  0.0   0.0   0.02  
259   A     0.1   0.05  0.04  0.18  0.0   0.08  0.14  0.11  0.01  0.01  0.01  0.07  0.0   0.01  0.01  0.09  0.05  0.0   0.0   0.03  
260   G     0.04  0.01  0.04  0.02  0.0   0.02  0.02  0.5   0.0   0.01  0.04  0.04  0.01  0.0   0.03  0.18  0.02  0.0   0.0   0.01  
261   H     0.07  0.05  0.04  0.03  0.0   0.06  0.09  0.07  0.05  0.03  0.02  0.07  0.01  0.0   0.02  0.1   0.13  0.02  0.0   0.11  
262   F     0.02  0.03  0.02  0.01  0.01  0.01  0.01  0.01  0.01  0.33  0.13  0.01  0.01  0.13  0.0   0.02  0.01  0.05  0.05  0.13  
263   A     0.15  0.01  0.01  0.02  0.0   0.02  0.02  0.32  0.03  0.07  0.05  0.05  0.0   0.01  0.03  0.07  0.04  0.0   0.04  0.06  
264   P     0.09  0.08  0.02  0.05  0.01  0.04  0.04  0.03  0.01  0.0   0.02  0.1   0.01  0.01  0.03  0.15  0.28  0.0   0.02  0.01  
265   G     0.03  0.0   0.02  0.02  0.0   0.0   0.03  0.86  0.0   0.0   0.0   0.0   0.0   0.0   0.0   0.03  0.0   0.0   0.01  0.0   
266   S     0.01  0.01  0.0   0.01  0.0   0.0   0.03  0.72  0.0   0.0   0.02  0.0   0.0   0.0   0.0   0.12  0.04  0.0   0.01  0.02  
267   M     0.01  0.0   0.01  0.0   0.0   0.02  0.0   0.0   0.0   0.03  0.02  0.02  0.81  0.0   0.0   0.02  0.04  0.0   0.01  0.0   
268   L     0.11  0.07  0.01  0.01  0.0   0.02  0.02  0.04  0.01  0.29  0.16  0.08  0.02  0.01  0.0   0.01  0.03  0.0   0.01  0.09  
269   P     0.03  0.07  0.0   0.0   0.0   0.0   0.03  0.01  0.0   0.02  0.01  0.02  0.0   0.01  0.4   0.08  0.25  0.0   0.01  0.05  
270   K     0.02  0.0   0.0   0.02  0.0   0.0   0.0   0.0   0.0   0.01  0.03  0.83  0.0   0.05  0.0   0.0   0.0   0.0   0.01  0.02  
271   I     0.03  0.0   0.0   0.03  0.0   0.0   0.0   0.0   0.0   0.25  0.31  0.0   0.04  0.0   0.01  0.0   0.02  0.0   0.01  0.29  
272   E     0.05  0.11  0.04  0.1   0.0   0.1   0.23  0.01  0.01  0.02  0.11  0.1   0.03  0.0   0.01  0.05  0.03  0.0   0.0   0.01  
273   A     0.57  0.0   0.02  0.01  0.09  0.01  0.03  0.05  0.01  0.0   0.03  0.01  0.02  0.0   0.01  0.11  0.04  0.0   0.0   0.0   
274   A     0.66  0.0   0.0   0.0   0.2   0.0   0.0   0.02  0.0   0.04  0.01  0.0   0.01  0.0   0.0   0.04  0.01  0.0   0.0   0.01  
275   I     0.09  0.11  0.01  0.02  0.01  0.03  0.03  0.01  0.01  0.16  0.2   0.16  0.01  0.03  0.0   0.03  0.02  0.0   0.01  0.07  
276   Q     0.05  0.14  0.04  0.1   0.0   0.05  0.14  0.01  0.03  0.12  0.05  0.11  0.03  0.01  0.0   0.04  0.04  0.0   0.02  0.02  
277   F     0.62  0.0   0.0   0.0   0.02  0.0   0.0   0.01  0.0   0.04  0.05  0.01  0.02  0.09  0.0   0.06  0.02  0.0   0.01  0.04  
278   V     0.16  0.01  0.0   0.0   0.08  0.0   0.01  0.01  0.0   0.16  0.24  0.0   0.02  0.01  0.0   0.02  0.09  0.0   0.0   0.17  
279   E     0.11  0.23  0.05  0.1   0.02  0.06  0.17  0.0   0.02  0.0   0.01  0.11  0.01  0.01  0.0   0.05  0.02  0.0   0.0   0.02  
280   S     0.18  0.06  0.11  0.02  0.01  0.05  0.04  0.16  0.03  0.0   0.02  0.03  0.02  0.01  0.0   0.2   0.03  0.0   0.01  0.0   
281   Q     0.02  0.04  0.02  0.02  0.0   0.02  0.0   0.75  0.0   0.01  0.03  0.01  0.01  0.0   0.0   0.04  0.03  0.0   0.0   0.0   
282   P     0.09  0.01  0.02  0.01  0.03  0.0   0.01  0.03  0.01  0.09  0.04  0.03  0.0   0.0   0.04  0.04  0.05  0.0   0.01  0.49  
283   N     0.05  0.09  0.1   0.04  0.01  0.04  0.07  0.2   0.06  0.03  0.03  0.11  0.0   0.01  0.08  0.03  0.02  0.0   0.0   0.02  
284   K     0.1   0.18  0.01  0.01  0.02  0.05  0.04  0.04  0.01  0.04  0.01  0.17  0.04  0.01  0.01  0.13  0.1   0.0   0.01  0.02  
285   Q     0.21  0.03  0.0   0.02  0.01  0.02  0.03  0.01  0.0   0.04  0.02  0.03  0.01  0.0   0.08  0.13  0.12  0.0   0.02  0.21  
286   A     0.11  0.01  0.0   0.0   0.01  0.01  0.01  0.0   0.3   0.09  0.06  0.0   0.06  0.0   0.0   0.02  0.05  0.0   0.02  0.24  
287   I     0.05  0.0   0.0   0.02  0.01  0.01  0.0   0.0   0.0   0.5   0.12  0.0   0.01  0.03  0.0   0.01  0.01  0.0   0.0   0.21  
288   I     0.06  0.0   0.03  0.01  0.01  0.0   0.0   0.02  0.0   0.49  0.14  0.01  0.01  0.0   0.01  0.04  0.02  0.01  0.0   0.15  
289   T     0.15  0.01  0.08  0.26  0.01  0.0   0.01  0.17  0.0   0.01  0.0   0.01  0.0   0.01  0.01  0.13  0.15  0.0   0.0   0.01  
290   S     0.07  0.03  0.1   0.02  0.01  0.02  0.01  0.37  0.02  0.0   0.0   0.05  0.0   0.0   0.01  0.16  0.03  0.0   0.09  0.01  
291   L     0.09  0.15  0.01  0.0   0.0   0.02  0.03  0.04  0.16  0.03  0.14  0.06  0.0   0.0   0.16  0.02  0.02  0.01  0.01  0.04  
292   E     0.15  0.04  0.05  0.15  0.0   0.02  0.26  0.02  0.01  0.03  0.01  0.04  0.0   0.0   0.02  0.11  0.02  0.0   0.0   0.07  
293   N     0.03  0.04  0.14  0.16  0.02  0.05  0.08  0.05  0.02  0.04  0.09  0.07  0.02  0.0   0.03  0.03  0.04  0.0   0.0   0.09  
294   L     0.04  0.01  0.0   0.01  0.0   0.02  0.01  0.0   0.01  0.22  0.56  0.01  0.01  0.02  0.03  0.01  0.0   0.0   0.0   0.05  
295   G     0.08  0.03  0.01  0.01  0.0   0.06  0.03  0.04  0.0   0.05  0.35  0.05  0.01  0.04  0.07  0.02  0.08  0.0   0.01  0.05  
296   S     0.09  0.12  0.03  0.11  0.0   0.03  0.42  0.01  0.0   0.02  0.01  0.07  0.0   0.0   0.01  0.03  0.02  0.0   0.0   0.02  
297   M     0.12  0.01  0.01  0.01  0.0   0.01  0.01  0.0   0.0   0.27  0.34  0.02  0.01  0.02  0.0   0.02  0.01  0.0   0.0   0.13  
298   S     0.1   0.01  0.01  0.0   0.01  0.0   0.01  0.0   0.0   0.09  0.24  0.01  0.03  0.36  0.0   0.02  0.01  0.0   0.01  0.08  
299   G     0.13  0.05  0.06  0.04  0.0   0.04  0.05  0.03  0.01  0.01  0.08  0.06  0.01  0.0   0.0   0.08  0.33  0.0   0.01  0.0   
300   D     0.01  0.08  0.07  0.16  0.0   0.01  0.07  0.42  0.03  0.01  0.03  0.02  0.0   0.02  0.01  0.03  0.02  0.0   0.0   0.0   
301   E     0.05  0.02  0.04  0.12  0.0   0.06  0.34  0.08  0.04  0.01  0.0   0.13  0.0   0.0   0.01  0.05  0.02  0.0   0.0   0.02  
302   I     0.09  0.02  0.03  0.02  0.01  0.02  0.08  0.42  0.02  0.03  0.02  0.07  0.01  0.01  0.06  0.03  0.02  0.0   0.0   0.02  
303   V     0.1   0.03  0.03  0.02  0.01  0.01  0.02  0.04  0.0   0.32  0.06  0.02  0.0   0.01  0.02  0.04  0.04  0.0   0.0   0.22  
304   G     0.01  0.0   0.0   0.0   0.01  0.0   0.0   0.96  0.0   0.0   0.0   0.01  0.0   0.0   0.0   0.0   0.01  0.0   0.0   0.0   
305   T     0.0   0.0   0.0   0.0   0.0   0.01  0.0   0.0   0.0   0.0   0.0   0.0   0.01  0.0   0.0   0.03  0.96  0.0   0.0   0.0   
306   V     0.01  0.06  0.0   0.0   0.01  0.08  0.04  0.0   0.02  0.07  0.3   0.04  0.16  0.01  0.0   0.01  0.04  0.01  0.02  0.13  
307   V     0.0   0.0   0.0   0.0   0.01  0.0   0.0   0.0   0.0   0.53  0.11  0.0   0.0   0.1   0.0   0.0   0.0   0.0   0.0   0.25  
308   T     0.06  0.05  0.0   0.0   0.0   0.01  0.0   0.01  0.04  0.03  0.01  0.08  0.0   0.0   0.0   0.14  0.22  0.0   0.01  0.33  
309   K     0.0   0.35  0.0   0.0   0.0   0.12  0.07  0.0   0.0   0.0   0.0   0.45  0.0   0.0   0.0   0.0   0.0   0.0   0.0   0.0   
