             A     R     N     D     C     Q     E     G     H     I     L     K     M     F     P     S     T     W     Y     V
1     P     0.0   0.0   0.0   0.0   0.0   0.0   0.0   0.0   0.0   0.0   0.0   0.0   0.0   0.0   1.0   0.0   0.0   0.0   0.0   0.0   
2     V     0.03  0.0   0.0   0.0   0.0   0.0   0.0   0.0   0.0   0.32  0.0   0.0   0.0   0.0   0.0   0.0   0.0   0.0   0.0   0.65  
3     Q     0.02  0.0   0.0   0.0   0.0   0.57  0.0   0.0   0.0   0.0   0.0   0.0   0.0   0.0   0.0   0.02  0.21  0.0   0.0   0.18  
4     H     0.0   0.05  0.29  0.03  0.0   0.3   0.0   0.0   0.02  0.0   0.0   0.0   0.0   0.0   0.0   0.0   0.31  0.0   0.0   0.0   
5     V     0.44  0.0   0.0   0.0   0.0   0.22  0.0   0.0   0.0   0.08  0.06  0.0   0.02  0.0   0.0   0.0   0.02  0.0   0.0   0.17  
6     G     0.33  0.0   0.14  0.14  0.0   0.28  0.0   0.11  0.0   0.0   0.0   0.0   0.0   0.0   0.0   0.0   0.0   0.0   0.0   0.0   
7     G     0.0   0.0   0.05  0.0   0.0   0.0   0.0   0.95  0.0   0.0   0.0   0.0   0.0   0.0   0.0   0.0   0.0   0.0   0.0   0.0   
8     T     0.05  0.0   0.21  0.0   0.0   0.3   0.0   0.14  0.0   0.0   0.0   0.0   0.0   0.0   0.0   0.0   0.27  0.0   0.0   0.03  
9     Y     0.03  0.25  0.0   0.0   0.0   0.0   0.0   0.0   0.0   0.0   0.0   0.0   0.23  0.0   0.17  0.0   0.11  0.05  0.16  0.0   
10    T     0.0   0.17  0.11  0.0   0.0   0.15  0.0   0.0   0.0   0.05  0.0   0.0   0.0   0.0   0.0   0.17  0.02  0.0   0.0   0.33  
11    H     0.0   0.0   0.0   0.0   0.0   0.0   0.0   0.0   0.46  0.0   0.0   0.0   0.0   0.25  0.0   0.0   0.0   0.14  0.15  0.0   
12    I     0.0   0.11  0.0   0.14  0.0   0.31  0.0   0.0   0.0   0.02  0.07  0.14  0.0   0.0   0.0   0.0   0.04  0.0   0.0   0.17  
13    P     0.42  0.0   0.0   0.0   0.0   0.0   0.0   0.0   0.0   0.0   0.0   0.0   0.0   0.0   0.57  0.02  0.0   0.0   0.0   0.0   
14    L     0.0   0.0   0.0   0.14  0.0   0.0   0.0   0.0   0.0   0.22  0.5   0.0   0.0   0.0   0.0   0.0   0.0   0.0   0.0   0.14  
15    S     0.0   0.0   0.0   0.25  0.0   0.0   0.0   0.0   0.0   0.0   0.14  0.0   0.0   0.0   0.0   0.45  0.16  0.0   0.0   0.0   
16    P     0.01  0.0   0.0   0.0   0.0   0.0   0.0   0.0   0.0   0.0   0.0   0.0   0.14  0.0   0.7   0.14  0.0   0.0   0.0   0.0   
17    R     0.0   0.59  0.0   0.0   0.0   0.0   0.0   0.0   0.0   0.0   0.0   0.25  0.0   0.0   0.0   0.0   0.0   0.02  0.0   0.14  
18    T     0.0   0.0   0.0   0.0   0.0   0.14  0.0   0.11  0.0   0.04  0.0   0.0   0.25  0.0   0.0   0.0   0.46  0.0   0.0   0.0   
19    L     0.0   0.0   0.0   0.0   0.0   0.0   0.0   0.0   0.0   0.04  0.6   0.0   0.0   0.14  0.0   0.0   0.0   0.0   0.11  0.11  
20    N     0.0   0.0   0.46  0.0   0.0   0.18  0.0   0.0   0.0   0.0   0.0   0.14  0.0   0.0   0.0   0.11  0.11  0.0   0.0   0.0   
21    A     0.46  0.0   0.0   0.0   0.0   0.14  0.0   0.0   0.0   0.25  0.0   0.0   0.0   0.0   0.0   0.0   0.15  0.0   0.0   0.0   
22    W     0.0   0.0   0.0   0.0   0.0   0.0   0.0   0.0   0.0   0.0   0.14  0.0   0.0   0.11  0.0   0.0   0.0   0.75  0.0   0.0   
23    V     0.0   0.0   0.0   0.0   0.0   0.14  0.0   0.0   0.0   0.0   0.0   0.0   0.11  0.0   0.0   0.14  0.0   0.0   0.0   0.61  
24    K     0.0   0.03  0.11  0.14  0.0   0.0   0.11  0.0   0.0   0.0   0.0   0.47  0.0   0.0   0.0   0.0   0.14  0.0   0.0   0.0   
25    L     0.2   0.0   0.0   0.0   0.03  0.0   0.0   0.0   0.0   0.0   0.12  0.11  0.0   0.0   0.0   0.0   0.15  0.0   0.0   0.39  
26    V     0.25  0.0   0.0   0.0   0.0   0.0   0.0   0.0   0.0   0.25  0.0   0.0   0.0   0.0   0.0   0.0   0.14  0.0   0.0   0.36  
27    E     0.0   0.11  0.0   0.0   0.0   0.25  0.64  0.0   0.0   0.0   0.0   0.0   0.0   0.0   0.0   0.0   0.0   0.0   0.0   0.0   
28    E     0.0   0.14  0.0   0.03  0.0   0.0   0.58  0.0   0.14  0.0   0.0   0.0   0.0   0.0   0.0   0.0   0.11  0.0   0.0   0.0   
29    K     0.0   0.0   0.25  0.0   0.0   0.0   0.0   0.25  0.0   0.0   0.0   0.5   0.0   0.0   0.0   0.0   0.0   0.0   0.0   0.0   
30    K     0.26  0.03  0.0   0.0   0.0   0.0   0.0   0.28  0.0   0.0   0.25  0.19  0.0   0.0   0.0   0.0   0.0   0.0   0.0   0.0   
31    F     0.0   0.0   0.0   0.0   0.0   0.0   0.0   0.11  0.0   0.0   0.11  0.0   0.0   0.43  0.0   0.0   0.0   0.07  0.0   0.28  
32    G     0.0   0.0   0.09  0.14  0.0   0.0   0.0   0.28  0.0   0.0   0.11  0.04  0.0   0.0   0.0   0.33  0.0   0.0   0.0   0.0   
33    A     0.17  0.0   0.11  0.0   0.0   0.0   0.25  0.0   0.0   0.0   0.14  0.0   0.0   0.0   0.33  0.0   0.0   0.0   0.0   0.0   
34    E     0.0   0.0   0.0   0.14  0.0   0.0   0.72  0.0   0.14  0.0   0.0   0.0   0.0   0.0   0.0   0.0   0.0   0.0   0.0   0.0   
35    V     0.25  0.0   0.0   0.0   0.0   0.0   0.0   0.0   0.0   0.08  0.0   0.0   0.0   0.14  0.0   0.0   0.0   0.0   0.0   0.53  
36    V     0.0   0.0   0.0   0.0   0.0   0.11  0.14  0.0   0.0   0.33  0.0   0.0   0.0   0.0   0.0   0.11  0.0   0.0   0.0   0.31  
37    P     0.0   0.14  0.14  0.0   0.0   0.11  0.0   0.0   0.0   0.0   0.11  0.0   0.0   0.0   0.5   0.0   0.0   0.0   0.0   0.0   
38    G     0.0   0.0   0.11  0.0   0.0   0.14  0.0   0.12  0.0   0.14  0.04  0.0   0.34  0.0   0.0   0.0   0.0   0.11  0.0   0.0   
39    F     0.0   0.0   0.0   0.0   0.0   0.0   0.0   0.0   0.0   0.0   0.28  0.0   0.0   0.72  0.0   0.0   0.0   0.0   0.0   0.0   
40    Q     0.14  0.0   0.0   0.0   0.0   0.17  0.0   0.25  0.0   0.0   0.0   0.0   0.1   0.0   0.0   0.2   0.14  0.0   0.0   0.0   
41    A     0.61  0.0   0.0   0.0   0.0   0.0   0.0   0.0   0.0   0.11  0.0   0.0   0.0   0.0   0.0   0.0   0.0   0.0   0.14  0.14  
42    L     0.0   0.0   0.0   0.0   0.0   0.0   0.0   0.0   0.0   0.14  0.61  0.0   0.0   0.11  0.0   0.0   0.0   0.0   0.14  0.0   
43    S     0.14  0.0   0.0   0.0   0.0   0.0   0.0   0.0   0.0   0.0   0.0   0.0   0.0   0.0   0.0   0.68  0.18  0.0   0.0   0.0   
44    E     0.25  0.0   0.0   0.0   0.0   0.0   0.5   0.0   0.0   0.0   0.0   0.0   0.0   0.0   0.0   0.0   0.14  0.0   0.0   0.11  
45    G     0.0   0.0   0.25  0.11  0.0   0.0   0.0   0.5   0.0   0.0   0.0   0.0   0.0   0.0   0.0   0.0   0.14  0.0   0.0   0.0   
46    C     0.33  0.0   0.0   0.0   0.28  0.0   0.0   0.0   0.0   0.0   0.25  0.0   0.0   0.0   0.0   0.0   0.0   0.14  0.0   0.0   
47    T     0.0   0.0   0.0   0.0   0.0   0.0   0.0   0.0   0.0   0.06  0.04  0.0   0.0   0.0   0.0   0.0   0.75  0.0   0.0   0.15  
48    P     0.0   0.0   0.0   0.0   0.0   0.13  0.0   0.0   0.0   0.0   0.0   0.0   0.0   0.0   0.52  0.35  0.0   0.0   0.0   0.0   
49    Y     0.0   0.0   0.0   0.0   0.0   0.18  0.23  0.0   0.04  0.0   0.0   0.17  0.0   0.0   0.0   0.04  0.11  0.0   0.24  0.0   
50    D     0.0   0.0   0.0   0.77  0.0   0.0   0.23  0.0   0.0   0.0   0.0   0.0   0.0   0.0   0.0   0.0   0.0   0.0   0.0   0.0   
51    I     0.0   0.0   0.0   0.0   0.0   0.0   0.0   0.0   0.0   0.48  0.27  0.0   0.2   0.0   0.0   0.0   0.0   0.0   0.0   0.04  
52    N     0.1   0.0   0.61  0.0   0.0   0.0   0.0   0.0   0.0   0.0   0.17  0.13  0.0   0.0   0.0   0.0   0.0   0.0   0.0   0.0   
53    Q     0.12  0.0   0.0   0.0   0.0   0.17  0.17  0.0   0.0   0.04  0.14  0.0   0.03  0.0   0.0   0.04  0.3   0.0   0.0   0.0   
54    M     0.0   0.0   0.0   0.0   0.0   0.0   0.0   0.0   0.0   0.0   0.22  0.0   0.5   0.1   0.0   0.0   0.0   0.0   0.0   0.17  
55    L     0.0   0.0   0.0   0.0   0.0   0.0   0.0   0.0   0.0   0.1   0.9   0.0   0.0   0.0   0.0   0.0   0.0   0.0   0.0   0.0   
56    N     0.17  0.0   0.63  0.1   0.0   0.0   0.0   0.0   0.0   0.0   0.0   0.0   0.1   0.0   0.0   0.0   0.0   0.0   0.0   0.0   
57    C     0.22  0.0   0.0   0.0   0.12  0.0   0.0   0.0   0.0   0.02  0.0   0.0   0.17  0.0   0.0   0.13  0.18  0.0   0.0   0.17  
58    V     0.0   0.1   0.0   0.0   0.0   0.0   0.0   0.0   0.0   0.08  0.03  0.0   0.17  0.0   0.0   0.0   0.13  0.0   0.0   0.5   
59    G     0.0   0.0   0.0   0.0   0.0   0.0   0.0   0.5   0.0   0.0   0.0   0.0   0.0   0.0   0.5   0.0   0.0   0.0   0.0   0.0   
60    D     0.0   0.0   0.0   0.17  0.0   0.0   0.06  0.64  0.0   0.0   0.0   0.13  0.0   0.0   0.0   0.0   0.0   0.0   0.0   0.0   
61    H     0.0   0.0   0.17  0.0   0.1   0.1   0.0   0.0   0.5   0.0   0.0   0.0   0.0   0.0   0.0   0.0   0.0   0.13  0.0   0.0   
62    Q     0.2   0.29  0.0   0.0   0.0   0.5   0.0   0.0   0.0   0.0   0.0   0.0   0.0   0.0   0.0   0.0   0.0   0.0   0.0   0.0   
63    A     0.62  0.0   0.0   0.0   0.0   0.0   0.0   0.25  0.0   0.0   0.13  0.0   0.0   0.0   0.0   0.0   0.0   0.0   0.0   0.0   
64    A     0.5   0.0   0.0   0.22  0.0   0.27  0.0   0.0   0.0   0.0   0.0   0.0   0.0   0.0   0.0   0.0   0.0   0.0   0.0   0.0   
65    M     0.0   0.0   0.0   0.0   0.0   0.0   0.0   0.0   0.0   0.0   0.09  0.37  0.41  0.0   0.0   0.0   0.0   0.0   0.0   0.13  
66    Q     0.0   0.0   0.0   0.0   0.0   0.73  0.27  0.0   0.0   0.0   0.0   0.0   0.0   0.0   0.0   0.0   0.0   0.0   0.0   0.0   
67    I     0.0   0.0   0.0   0.0   0.0   0.0   0.0   0.0   0.0   0.37  0.29  0.0   0.24  0.0   0.0   0.0   0.0   0.0   0.0   0.1   
68    I     0.0   0.0   0.0   0.0   0.0   0.0   0.0   0.0   0.0   0.41  0.56  0.0   0.0   0.0   0.0   0.0   0.0   0.0   0.0   0.03  
69    R     0.0   0.12  0.0   0.1   0.0   0.17  0.13  0.0   0.0   0.0   0.1   0.39  0.0   0.0   0.0   0.0   0.0   0.0   0.0   0.0   
70    E     0.0   0.0   0.0   0.29  0.0   0.0   0.41  0.17  0.0   0.0   0.0   0.0   0.0   0.0   0.0   0.13  0.0   0.0   0.0   0.0   
71    I     0.1   0.0   0.0   0.0   0.0   0.0   0.0   0.0   0.0   0.15  0.0   0.29  0.0   0.0   0.0   0.1   0.14  0.0   0.0   0.22  
72    I     0.0   0.0   0.0   0.0   0.0   0.0   0.0   0.0   0.0   0.61  0.27  0.0   0.0   0.0   0.0   0.0   0.0   0.0   0.0   0.13  
73    N     0.0   0.13  0.67  0.1   0.0   0.0   0.0   0.0   0.0   0.0   0.0   0.1   0.0   0.0   0.0   0.0   0.0   0.0   0.0   0.0   
74    E     0.0   0.0   0.0   0.05  0.0   0.1   0.75  0.0   0.0   0.0   0.0   0.1   0.0   0.0   0.0   0.0   0.0   0.0   0.0   0.0   
75    E     0.0   0.0   0.0   0.0   0.0   0.04  0.63  0.0   0.0   0.1   0.1   0.13  0.0   0.0   0.0   0.0   0.0   0.0   0.0   0.0   
76    A     0.78  0.0   0.0   0.0   0.0   0.0   0.13  0.0   0.0   0.0   0.0   0.0   0.0   0.0   0.0   0.0   0.1   0.0   0.0   0.0   
77    A     0.58  0.0   0.13  0.1   0.0   0.0   0.17  0.0   0.0   0.0   0.0   0.0   0.0   0.0   0.0   0.0   0.0   0.0   0.0   0.02  
78    E     0.0   0.17  0.0   0.24  0.0   0.03  0.43  0.0   0.0   0.0   0.0   0.0   0.0   0.0   0.0   0.0   0.13  0.0   0.0   0.0   
79    W     0.0   0.0   0.0   0.0   0.0   0.0   0.0   0.0   0.0   0.0   0.0   0.0   0.0   0.0   0.0   0.0   0.0   0.9   0.1   0.0   
80    D     0.0   0.06  0.0   0.71  0.0   0.0   0.0   0.0   0.0   0.0   0.0   0.13  0.0   0.0   0.0   0.0   0.0   0.0   0.0   0.11  
81    V     0.02  0.58  0.1   0.0   0.0   0.14  0.0   0.0   0.0   0.0   0.08  0.0   0.0   0.0   0.0   0.0   0.0   0.0   0.0   0.07  
82    Q     0.02  0.1   0.06  0.0   0.0   0.23  0.0   0.02  0.13  0.02  0.11  0.0   0.02  0.0   0.0   0.0   0.27  0.0   0.0   0.03  
83    H     0.0   0.0   0.17  0.0   0.0   0.0   0.0   0.0   0.83  0.0   0.0   0.0   0.0   0.0   0.0   0.0   0.0   0.0   0.0   0.0   
84    P     0.0   0.0   0.0   0.0   0.0   0.0   0.0   0.0   0.0   0.0   0.0   0.0   0.0   0.0   0.98  0.0   0.0   0.0   0.0   0.02  
85    I     0.05  0.01  0.0   0.01  0.0   0.12  0.13  0.01  0.0   0.07  0.11  0.01  0.0   0.0   0.28  0.03  0.03  0.0   0.0   0.15  
86    P     0.4   0.0   0.0   0.1   0.0   0.04  0.0   0.0   0.02  0.0   0.01  0.0   0.0   0.0   0.35  0.0   0.0   0.0   0.0   0.05  
87    G     0.14  0.01  0.01  0.01  0.0   0.05  0.01  0.66  0.0   0.01  0.02  0.01  0.0   0.01  0.01  0.01  0.01  0.0   0.01  0.01  
88    P     0.01  0.01  0.01  0.01  0.0   0.01  0.01  0.01  0.0   0.01  0.01  0.01  0.0   0.0   0.88  0.01  0.01  0.0   0.0   0.01  
89    L     0.06  0.11  0.11  0.01  0.0   0.03  0.01  0.01  0.0   0.14  0.32  0.01  0.02  0.02  0.07  0.01  0.01  0.0   0.0   0.04  
90    P     0.13  0.01  0.01  0.01  0.0   0.05  0.01  0.01  0.0   0.01  0.01  0.01  0.0   0.0   0.5   0.01  0.01  0.0   0.0   0.22  
91    A     0.19  0.01  0.01  0.01  0.0   0.03  0.01  0.12  0.0   0.01  0.13  0.01  0.01  0.01  0.39  0.02  0.01  0.0   0.01  0.01  
92    G     0.03  0.02  0.01  0.02  0.01  0.01  0.02  0.59  0.01  0.02  0.03  0.02  0.01  0.01  0.12  0.02  0.02  0.0   0.01  0.02  
93    Q     0.03  0.02  0.01  0.02  0.01  0.56  0.02  0.12  0.01  0.02  0.03  0.02  0.03  0.01  0.02  0.02  0.02  0.0   0.01  0.02  
94    L     0.02  0.01  0.01  0.01  0.0   0.01  0.01  0.12  0.01  0.09  0.45  0.01  0.13  0.01  0.01  0.02  0.01  0.0   0.01  0.05  
95    R     0.02  0.52  0.01  0.02  0.01  0.01  0.02  0.02  0.01  0.02  0.03  0.02  0.01  0.01  0.22  0.02  0.02  0.0   0.01  0.02  
96    E     0.02  0.02  0.01  0.15  0.01  0.01  0.35  0.02  0.01  0.12  0.03  0.02  0.01  0.01  0.02  0.02  0.06  0.0   0.11  0.02  
97    P     0.01  0.01  0.01  0.01  0.0   0.01  0.01  0.01  0.0   0.01  0.02  0.01  0.0   0.1   0.74  0.01  0.01  0.0   0.01  0.01  
98    R     0.0   0.34  0.0   0.0   0.0   0.0   0.0   0.0   0.0   0.0   0.0   0.13  0.0   0.0   0.0   0.08  0.46  0.0   0.0   0.0   
99    G     0.2   0.0   0.0   0.0   0.0   0.0   0.0   0.5   0.0   0.0   0.0   0.0   0.0   0.0   0.0   0.0   0.13  0.0   0.0   0.17  
100   S     0.12  0.1   0.0   0.29  0.0   0.0   0.0   0.0   0.0   0.0   0.0   0.0   0.0   0.0   0.0   0.48  0.0   0.0   0.0   0.0   
101   D     0.0   0.0   0.0   0.5   0.0   0.17  0.22  0.0   0.0   0.0   0.0   0.0   0.0   0.1   0.0   0.0   0.0   0.0   0.0   0.0   
102   I     0.0   0.0   0.0   0.0   0.0   0.0   0.0   0.0   0.0   1.0   0.0   0.0   0.0   0.0   0.0   0.0   0.0   0.0   0.0   0.0   
103   A     0.5   0.1   0.0   0.0   0.0   0.0   0.0   0.0   0.0   0.13  0.0   0.0   0.27  0.0   0.0   0.0   0.0   0.0   0.0   0.0   
104   G     0.0   0.0   0.0   0.0   0.0   0.0   0.0   1.0   0.0   0.0   0.0   0.0   0.0   0.0   0.0   0.0   0.0   0.0   0.0   0.0   
105   T     0.0   0.0   0.0   0.0   0.0   0.0   0.0   0.0   0.0   0.1   0.1   0.13  0.0   0.0   0.0   0.0   0.5   0.0   0.0   0.17  
106   T     0.0   0.0   0.0   0.0   0.0   0.0   0.0   0.5   0.0   0.0   0.0   0.0   0.0   0.0   0.0   0.0   0.5   0.0   0.0   0.0   
107   S     0.0   0.0   0.0   0.0   0.0   0.17  0.0   0.0   0.0   0.0   0.22  0.0   0.0   0.0   0.0   0.5   0.0   0.0   0.0   0.1   
108   T     0.0   0.0   0.0   0.0   0.0   0.0   0.0   0.0   0.0   0.0   0.0   0.0   0.0   0.0   0.1   0.22  0.68  0.0   0.0   0.0   
109   V     0.0   0.1   0.17  0.0   0.0   0.14  0.0   0.0   0.0   0.04  0.23  0.0   0.0   0.0   0.0   0.13  0.0   0.0   0.0   0.2   
110   E     0.18  0.0   0.0   0.04  0.0   0.46  0.32  0.0   0.0   0.0   0.0   0.0   0.0   0.0   0.0   0.0   0.0   0.0   0.0   0.0   
111   E     0.06  0.1   0.0   0.0   0.0   0.2   0.63  0.0   0.0   0.0   0.0   0.0   0.0   0.0   0.0   0.0   0.0   0.0   0.0   0.0   
112   Q     0.17  0.0   0.0   0.0   0.0   0.83  0.0   0.0   0.0   0.0   0.0   0.0   0.0   0.0   0.0   0.0   0.0   0.0   0.0   0.0   
113   I     0.29  0.0   0.0   0.0   0.0   0.0   0.0   0.0   0.0   0.33  0.07  0.0   0.1   0.0   0.0   0.11  0.0   0.0   0.0   0.11  
114   Q     0.13  0.02  0.0   0.0   0.0   0.28  0.27  0.09  0.02  0.02  0.02  0.0   0.0   0.0   0.0   0.0   0.14  0.0   0.0   0.0   
115   W     0.27  0.0   0.0   0.0   0.0   0.0   0.0   0.0   0.0   0.0   0.13  0.0   0.0   0.0   0.1   0.0   0.0   0.5   0.0   0.0   
116   M     0.11  0.1   0.17  0.0   0.0   0.0   0.0   0.0   0.0   0.16  0.0   0.0   0.39  0.0   0.0   0.0   0.07  0.0   0.0   0.0   
117   F     0.01  0.01  0.04  0.01  0.0   0.01  0.01  0.01  0.0   0.01  0.01  0.01  0.17  0.26  0.01  0.01  0.31  0.0   0.12  0.01  
118   R     0.15  0.17  0.04  0.28  0.0   0.01  0.01  0.02  0.0   0.01  0.02  0.01  0.04  0.01  0.01  0.09  0.09  0.0   0.01  0.01  
119   P     0.1   0.01  0.01  0.01  0.0   0.37  0.02  0.12  0.01  0.01  0.02  0.01  0.01  0.01  0.21  0.02  0.01  0.0   0.01  0.02  
120   Q     0.24  0.01  0.34  0.01  0.0   0.19  0.03  0.02  0.01  0.01  0.02  0.01  0.01  0.01  0.01  0.02  0.01  0.0   0.01  0.02  
121   N     0.02  0.21  0.21  0.01  0.0   0.04  0.02  0.05  0.01  0.01  0.02  0.01  0.01  0.01  0.32  0.02  0.01  0.0   0.01  0.02  
122   P     0.06  0.07  0.01  0.01  0.0   0.14  0.01  0.04  0.0   0.01  0.02  0.01  0.0   0.01  0.41  0.17  0.01  0.0   0.01  0.01  
123   V     0.01  0.01  0.01  0.01  0.0   0.01  0.01  0.01  0.0   0.48  0.02  0.01  0.0   0.01  0.01  0.01  0.01  0.0   0.01  0.36  
124   P     0.01  0.01  0.05  0.07  0.13  0.01  0.15  0.01  0.0   0.01  0.02  0.01  0.0   0.01  0.46  0.01  0.01  0.0   0.01  0.01  
125   V     0.01  0.0   0.0   0.0   0.14  0.0   0.0   0.0   0.0   0.0   0.14  0.0   0.0   0.12  0.0   0.0   0.0   0.0   0.0   0.56  
126   G     0.02  0.26  0.01  0.01  0.0   0.01  0.01  0.57  0.0   0.01  0.02  0.01  0.0   0.01  0.01  0.01  0.01  0.0   0.01  0.01  
127   N     0.07  0.01  0.13  0.25  0.0   0.18  0.23  0.01  0.0   0.01  0.01  0.01  0.0   0.01  0.01  0.01  0.05  0.0   0.0   0.01  
128   I     0.01  0.01  0.01  0.01  0.0   0.03  0.01  0.01  0.0   0.57  0.01  0.01  0.0   0.01  0.01  0.01  0.26  0.0   0.0   0.03  
129   Y     0.01  0.01  0.01  0.01  0.07  0.01  0.01  0.01  0.0   0.01  0.01  0.01  0.0   0.14  0.01  0.01  0.01  0.0   0.67  0.01  
130   R     0.01  0.65  0.01  0.01  0.0   0.01  0.01  0.01  0.0   0.01  0.01  0.23  0.0   0.01  0.01  0.01  0.01  0.0   0.0   0.01  
131   R     0.0   0.43  0.0   0.0   0.0   0.45  0.0   0.0   0.0   0.0   0.0   0.08  0.0   0.0   0.0   0.04  0.0   0.0   0.0   0.0   
132   W     0.0   0.0   0.0   0.0   0.0   0.0   0.0   0.0   0.0   0.0   0.0   0.0   0.0   0.0   0.0   0.0   0.0   1.0   0.0   0.0   
133   I     0.0   0.0   0.0   0.0   0.0   0.0   0.0   0.0   0.0   0.61  0.0   0.0   0.0   0.0   0.0   0.0   0.0   0.0   0.0   0.39  
134   Q     0.0   0.0   0.0   0.0   0.0   0.13  0.0   0.0   0.0   0.63  0.14  0.0   0.0   0.0   0.0   0.0   0.0   0.0   0.0   0.1   
135   I     0.0   0.0   0.08  0.0   0.0   0.0   0.14  0.0   0.0   0.08  0.54  0.0   0.0   0.0   0.0   0.0   0.15  0.0   0.0   0.0   
136   G     0.38  0.03  0.0   0.0   0.0   0.0   0.0   0.59  0.0   0.0   0.0   0.0   0.0   0.0   0.0   0.0   0.0   0.0   0.0   0.0   
137   L     0.0   0.0   0.0   0.0   0.0   0.0   0.0   0.0   0.0   0.0   0.8   0.0   0.2   0.0   0.0   0.0   0.0   0.0   0.0   0.0   
138   Q     0.0   0.23  0.41  0.0   0.0   0.21  0.0   0.0   0.0   0.0   0.0   0.0   0.0   0.0   0.0   0.14  0.0   0.0   0.0   0.0   
139   K     0.08  0.09  0.0   0.0   0.0   0.0   0.14  0.0   0.0   0.0   0.0   0.53  0.0   0.0   0.0   0.15  0.0   0.0   0.0   0.0   
140   C     0.0   0.0   0.0   0.0   0.18  0.0   0.0   0.14  0.0   0.25  0.08  0.0   0.06  0.0   0.0   0.0   0.0   0.0   0.0   0.29  
141   V     0.0   0.23  0.0   0.0   0.0   0.0   0.0   0.0   0.0   0.14  0.0   0.0   0.0   0.0   0.0   0.0   0.0   0.0   0.0   0.62  
142   R     0.0   0.43  0.0   0.0   0.0   0.03  0.0   0.0   0.23  0.0   0.0   0.3   0.0   0.0   0.0   0.0   0.0   0.0   0.0   0.0   
143   M     0.0   0.0   0.0   0.0   0.0   0.0   0.0   0.0   0.0   0.0   0.0   0.0   0.8   0.0   0.0   0.05  0.0   0.0   0.0   0.14  
144   Y     0.0   0.0   0.0   0.0   0.0   0.0   0.0   0.0   0.1   0.0   0.0   0.0   0.0   0.0   0.0   0.0   0.0   0.0   0.9   0.0   
