             A     R     N     D     C     Q     E     G     H     I     L     K     M     F     P     S     T     W     Y     V
1     G     0.0   0.0   0.0   0.0   0.0   0.0   0.0   1.0   0.0   0.0   0.0   0.0   0.0   0.0   0.0   0.0   0.0   0.0   0.0   0.0   
2     P     0.0   0.0   0.0   0.0   0.0   0.0   0.0   0.52  0.0   0.0   0.0   0.0   0.0   0.0   0.48  0.0   0.0   0.0   0.0   0.0   
3     S     0.19  0.0   0.0   0.0   0.0   0.0   0.0   0.37  0.0   0.0   0.0   0.0   0.0   0.0   0.0   0.44  0.0   0.0   0.0   0.0   
4     V     0.0   0.0   0.0   0.0   0.0   0.0   0.0   0.0   0.0   0.13  0.21  0.0   0.37  0.0   0.0   0.0   0.0   0.0   0.0   0.29  
5     H     0.0   0.1   0.0   0.0   0.0   0.0   0.21  0.0   0.12  0.12  0.11  0.29  0.06  0.0   0.0   0.0   0.0   0.0   0.0   0.0   
6     D     0.0   0.0   0.0   0.37  0.0   0.0   0.49  0.0   0.0   0.0   0.07  0.0   0.0   0.0   0.0   0.07  0.0   0.0   0.0   0.0   
7     R     0.0   0.58  0.05  0.0   0.0   0.03  0.0   0.0   0.0   0.0   0.0   0.34  0.0   0.0   0.0   0.0   0.0   0.0   0.0   0.0   
8     A     0.33  0.0   0.0   0.0   0.0   0.0   0.0   0.0   0.0   0.15  0.0   0.0   0.0   0.39  0.0   0.0   0.0   0.0   0.09  0.03  
9     L     0.0   0.3   0.0   0.0   0.0   0.1   0.0   0.0   0.0   0.0   0.16  0.34  0.0   0.0   0.0   0.0   0.0   0.0   0.0   0.09  
10    G     0.38  0.0   0.11  0.0   0.0   0.0   0.0   0.46  0.0   0.0   0.0   0.0   0.0   0.0   0.05  0.0   0.0   0.0   0.0   0.0   
11    A     0.78  0.0   0.0   0.0   0.14  0.0   0.0   0.0   0.0   0.0   0.0   0.0   0.0   0.0   0.0   0.08  0.0   0.0   0.0   0.0   
12    F     0.0   0.0   0.0   0.0   0.0   0.0   0.0   0.0   0.0   0.21  0.39  0.0   0.31  0.05  0.0   0.0   0.0   0.0   0.0   0.05  
13    L     0.09  0.0   0.0   0.0   0.03  0.0   0.0   0.0   0.0   0.0   0.43  0.0   0.0   0.05  0.0   0.0   0.0   0.0   0.1   0.3   
14    G     0.0   0.0   0.0   0.0   0.0   0.0   0.0   0.64  0.0   0.0   0.31  0.0   0.0   0.0   0.0   0.0   0.0   0.0   0.05  0.0   
15    L     0.28  0.0   0.0   0.0   0.0   0.1   0.0   0.14  0.0   0.0   0.2   0.0   0.0   0.0   0.0   0.28  0.0   0.0   0.0   0.0   
16    A     0.45  0.0   0.0   0.0   0.0   0.0   0.0   0.03  0.0   0.0   0.25  0.0   0.05  0.0   0.0   0.1   0.03  0.0   0.0   0.08  
17    V     0.09  0.0   0.0   0.0   0.0   0.0   0.0   0.0   0.0   0.15  0.23  0.0   0.0   0.1   0.0   0.0   0.03  0.0   0.0   0.4   
18    G     0.11  0.0   0.0   0.0   0.0   0.0   0.0   0.89  0.0   0.0   0.0   0.0   0.0   0.0   0.0   0.0   0.0   0.0   0.0   0.0   
19    D     0.0   0.0   0.0   1.0   0.0   0.0   0.0   0.0   0.0   0.0   0.0   0.0   0.0   0.0   0.0   0.0   0.0   0.0   0.0   0.0   
20    A     0.66  0.0   0.0   0.0   0.18  0.0   0.0   0.0   0.0   0.0   0.0   0.0   0.0   0.0   0.0   0.05  0.1   0.0   0.0   0.0   
21    L     0.11  0.0   0.0   0.0   0.05  0.0   0.0   0.0   0.0   0.11  0.54  0.0   0.08  0.0   0.0   0.0   0.0   0.0   0.0   0.13  
22    G     0.0   0.0   0.0   0.0   0.0   0.0   0.0   0.89  0.0   0.0   0.0   0.0   0.0   0.0   0.0   0.0   0.11  0.0   0.0   0.0   
23    A     0.19  0.0   0.0   0.0   0.0   0.11  0.0   0.23  0.0   0.0   0.01  0.0   0.14  0.03  0.0   0.12  0.11  0.0   0.05  0.0   
24    T     0.0   0.04  0.06  0.0   0.0   0.0   0.07  0.08  0.0   0.05  0.01  0.09  0.0   0.02  0.25  0.0   0.21  0.0   0.0   0.1   
25    V     0.0   0.0   0.05  0.0   0.0   0.0   0.0   0.0   0.03  0.0   0.1   0.0   0.0   0.18  0.0   0.05  0.05  0.22  0.12  0.2   
26    E     0.03  0.03  0.0   0.0   0.0   0.04  0.77  0.0   0.05  0.02  0.0   0.03  0.0   0.0   0.0   0.0   0.0   0.0   0.0   0.03  
27    F     0.09  0.0   0.11  0.05  0.05  0.0   0.0   0.17  0.0   0.0   0.05  0.0   0.0   0.4   0.0   0.0   0.04  0.05  0.0   0.0   
28    M     0.0   0.16  0.05  0.0   0.04  0.0   0.05  0.0   0.07  0.02  0.22  0.0   0.05  0.03  0.05  0.03  0.05  0.05  0.0   0.12  
29    T     0.0   0.13  0.05  0.14  0.03  0.04  0.08  0.0   0.0   0.0   0.0   0.1   0.0   0.0   0.15  0.14  0.13  0.0   0.0   0.0   
30    K     0.03  0.21  0.1   0.07  0.0   0.06  0.0   0.0   0.05  0.05  0.04  0.13  0.0   0.0   0.06  0.07  0.06  0.03  0.0   0.03  
31    G     0.0   0.0   0.11  0.2   0.0   0.0   0.12  0.18  0.0   0.0   0.06  0.0   0.0   0.0   0.0   0.13  0.0   0.0   0.0   0.18  
32    E     0.03  0.17  0.12  0.04  0.0   0.03  0.21  0.0   0.0   0.0   0.0   0.12  0.0   0.03  0.0   0.13  0.03  0.0   0.05  0.02  
33    I     0.01  0.01  0.01  0.01  0.04  0.01  0.09  0.01  0.0   0.17  0.27  0.04  0.0   0.06  0.05  0.06  0.01  0.0   0.0   0.15  
34    A     0.17  0.05  0.06  0.01  0.0   0.06  0.04  0.09  0.1   0.01  0.05  0.1   0.0   0.01  0.06  0.05  0.07  0.0   0.06  0.01  
35    Q     0.08  0.05  0.0   0.11  0.0   0.25  0.06  0.01  0.0   0.01  0.06  0.05  0.0   0.04  0.01  0.15  0.01  0.0   0.0   0.1   
36    Q     0.01  0.06  0.13  0.01  0.0   0.08  0.01  0.07  0.09  0.14  0.22  0.01  0.0   0.0   0.01  0.01  0.01  0.0   0.06  0.1   
37    Y     0.02  0.01  0.12  0.01  0.0   0.09  0.01  0.01  0.0   0.06  0.19  0.01  0.03  0.14  0.01  0.01  0.01  0.0   0.19  0.05  
38    G     0.03  0.12  0.0   0.04  0.0   0.04  0.13  0.23  0.0   0.0   0.01  0.18  0.0   0.0   0.0   0.14  0.0   0.0   0.06  0.0   
39    I     0.04  0.0   0.06  0.0   0.0   0.08  0.19  0.01  0.09  0.23  0.06  0.0   0.0   0.1   0.0   0.06  0.0   0.0   0.04  0.03  
40    H     0.01  0.0   0.0   0.1   0.0   0.09  0.06  0.01  0.12  0.0   0.16  0.06  0.06  0.06  0.0   0.06  0.0   0.0   0.05  0.17  
41    R     0.01  0.31  0.0   0.06  0.0   0.09  0.19  0.03  0.0   0.06  0.01  0.04  0.0   0.0   0.06  0.14  0.0   0.0   0.0   0.0   
42    K     0.04  0.0   0.0   0.23  0.0   0.06  0.19  0.08  0.05  0.0   0.03  0.1   0.0   0.05  0.0   0.07  0.0   0.0   0.09  0.0   
43    M     0.0   0.0   0.0   0.04  0.0   0.0   0.0   0.0   0.0   0.0   0.54  0.0   0.18  0.1   0.05  0.0   0.05  0.0   0.0   0.05  
44    T     0.06  0.03  0.0   0.03  0.0   0.03  0.24  0.19  0.0   0.05  0.04  0.03  0.0   0.0   0.05  0.05  0.09  0.0   0.0   0.1   
45    G     0.0   0.06  0.0   0.0   0.0   0.1   0.0   0.45  0.0   0.0   0.06  0.09  0.0   0.0   0.18  0.05  0.0   0.0   0.0   0.0   
46    G     0.0   0.0   0.16  0.0   0.0   0.0   0.03  0.25  0.0   0.05  0.16  0.1   0.02  0.0   0.09  0.07  0.0   0.0   0.05  0.0   
47    G     0.09  0.0   0.1   0.09  0.0   0.0   0.03  0.45  0.0   0.0   0.0   0.07  0.0   0.0   0.15  0.0   0.0   0.0   0.0   0.0   
48    W     0.13  0.05  0.05  0.05  0.0   0.0   0.0   0.17  0.0   0.0   0.0   0.03  0.0   0.0   0.16  0.14  0.0   0.05  0.15  0.0   
49    L     0.1   0.0   0.0   0.0   0.05  0.0   0.02  0.05  0.0   0.14  0.36  0.0   0.0   0.16  0.0   0.0   0.0   0.0   0.11  0.0   
50    R     0.0   0.38  0.0   0.19  0.0   0.0   0.04  0.09  0.0   0.0   0.0   0.13  0.0   0.0   0.0   0.06  0.0   0.0   0.05  0.05  
51    L     0.01  0.03  0.0   0.0   0.0   0.0   0.0   0.0   0.03  0.08  0.45  0.0   0.05  0.05  0.0   0.0   0.06  0.0   0.11  0.09  
52    K     0.12  0.0   0.19  0.18  0.0   0.04  0.14  0.03  0.0   0.0   0.01  0.14  0.0   0.0   0.0   0.08  0.0   0.0   0.0   0.06  
53    P     0.16  0.15  0.16  0.0   0.0   0.02  0.0   0.04  0.0   0.0   0.0   0.09  0.0   0.0   0.25  0.0   0.11  0.0   0.0   0.0   
54    G     0.05  0.0   0.0   0.0   0.0   0.0   0.04  0.48  0.0   0.0   0.18  0.0   0.0   0.0   0.0   0.0   0.0   0.25  0.0   0.0   
55    Q     0.0   0.16  0.0   0.0   0.02  0.14  0.27  0.0   0.04  0.0   0.05  0.03  0.0   0.03  0.06  0.03  0.14  0.0   0.04  0.0   
56    I     0.05  0.0   0.0   0.0   0.0   0.0   0.0   0.0   0.0   0.05  0.05  0.0   0.0   0.21  0.0   0.0   0.0   0.31  0.18  0.15  
57    T     0.0   0.0   0.0   0.0   0.0   0.0   0.0   0.0   0.0   0.0   0.0   0.0   0.0   0.0   0.0   0.5   0.5   0.0   0.0   0.0   
58    D     0.0   0.0   0.03  0.86  0.0   0.0   0.0   0.0   0.0   0.11  0.0   0.0   0.0   0.0   0.0   0.0   0.0   0.0   0.0   0.0   
59    D     0.0   0.0   0.14  0.72  0.0   0.0   0.0   0.04  0.0   0.0   0.0   0.0   0.0   0.0   0.0   0.0   0.0   0.0   0.11  0.0   
60    T     0.04  0.0   0.0   0.0   0.0   0.0   0.0   0.11  0.0   0.0   0.0   0.0   0.0   0.0   0.0   0.0   0.86  0.0   0.0   0.0   
61    E     0.18  0.0   0.0   0.0   0.0   0.0   0.3   0.0   0.0   0.22  0.07  0.0   0.0   0.0   0.0   0.15  0.0   0.0   0.0   0.07  
62    M     0.0   0.0   0.0   0.0   0.0   0.2   0.0   0.0   0.0   0.05  0.05  0.0   0.7   0.0   0.0   0.0   0.0   0.0   0.0   0.0   
63    S     0.33  0.0   0.11  0.0   0.0   0.0   0.0   0.0   0.31  0.0   0.0   0.0   0.08  0.0   0.0   0.08  0.05  0.0   0.05  0.0   
64    L     0.0   0.18  0.0   0.0   0.0   0.0   0.0   0.0   0.0   0.15  0.4   0.0   0.11  0.0   0.0   0.0   0.0   0.0   0.11  0.04  
65    A     0.43  0.0   0.0   0.0   0.26  0.0   0.0   0.0   0.0   0.05  0.0   0.0   0.0   0.0   0.0   0.06  0.04  0.0   0.0   0.15  
66    L     0.0   0.0   0.0   0.0   0.0   0.0   0.0   0.0   0.0   0.09  0.46  0.0   0.0   0.0   0.0   0.0   0.36  0.0   0.0   0.09  
67    G     0.59  0.0   0.0   0.0   0.0   0.0   0.0   0.05  0.0   0.07  0.11  0.0   0.05  0.0   0.0   0.0   0.0   0.0   0.0   0.12  
68    R     0.0   0.11  0.0   0.15  0.0   0.15  0.31  0.03  0.0   0.05  0.0   0.15  0.0   0.0   0.0   0.05  0.0   0.0   0.0   0.0   
69    S     0.32  0.0   0.0   0.0   0.0   0.0   0.0   0.0   0.11  0.0   0.0   0.0   0.0   0.0   0.0   0.4   0.07  0.0   0.0   0.11  
70    L     0.0   0.0   0.0   0.0   0.0   0.0   0.0   0.0   0.0   0.14  0.67  0.0   0.0   0.0   0.0   0.0   0.0   0.0   0.1   0.09  
71    A     0.09  0.0   0.0   0.0   0.0   0.0   0.0   0.0   0.05  0.13  0.32  0.0   0.05  0.0   0.0   0.0   0.17  0.0   0.0   0.19  
72    A     0.17  0.05  0.0   0.08  0.0   0.0   0.43  0.0   0.0   0.0   0.0   0.05  0.0   0.0   0.0   0.14  0.07  0.0   0.0   0.0   
73    K     0.13  0.09  0.14  0.06  0.0   0.07  0.05  0.0   0.0   0.0   0.0   0.17  0.0   0.0   0.05  0.0   0.09  0.0   0.13  0.0   
74    G     0.01  0.03  0.0   0.04  0.0   0.0   0.06  0.4   0.0   0.0   0.01  0.11  0.04  0.03  0.03  0.01  0.05  0.08  0.04  0.05  
75    T     0.06  0.04  0.05  0.03  0.08  0.03  0.06  0.11  0.0   0.0   0.0   0.16  0.0   0.0   0.0   0.03  0.09  0.03  0.22  0.0   
76    L     0.01  0.0   0.0   0.0   0.0   0.0   0.01  0.01  0.0   0.1   0.2   0.01  0.0   0.46  0.0   0.01  0.05  0.07  0.06  0.01  
77    D     0.01  0.0   0.14  0.65  0.04  0.0   0.01  0.01  0.0   0.0   0.01  0.01  0.0   0.06  0.0   0.04  0.01  0.0   0.0   0.01  
78    V     0.02  0.0   0.05  0.0   0.0   0.11  0.15  0.0   0.0   0.2   0.14  0.0   0.0   0.03  0.04  0.05  0.0   0.0   0.13  0.07  
79    A     0.12  0.14  0.0   0.0   0.0   0.0   0.19  0.1   0.0   0.0   0.0   0.15  0.0   0.0   0.07  0.02  0.04  0.0   0.05  0.12  
80    D     0.0   0.1   0.04  0.43  0.0   0.0   0.1   0.0   0.0   0.0   0.04  0.17  0.0   0.0   0.0   0.05  0.07  0.0   0.0   0.0   
81    I     0.0   0.0   0.1   0.0   0.0   0.0   0.0   0.0   0.0   0.1   0.19  0.0   0.25  0.16  0.0   0.0   0.0   0.0   0.14  0.05  
82    C     0.45  0.04  0.0   0.0   0.1   0.0   0.0   0.0   0.0   0.05  0.0   0.0   0.11  0.0   0.05  0.0   0.04  0.0   0.07  0.1   
83    E     0.0   0.15  0.11  0.14  0.0   0.08  0.24  0.0   0.08  0.0   0.05  0.15  0.0   0.0   0.0   0.0   0.0   0.0   0.0   0.0   
84    E     0.17  0.36  0.0   0.08  0.07  0.0   0.13  0.0   0.0   0.0   0.09  0.09  0.0   0.0   0.0   0.0   0.0   0.0   0.0   0.0   
85    F     0.0   0.0   0.0   0.0   0.0   0.0   0.0   0.0   0.0   0.0   0.3   0.0   0.07  0.24  0.0   0.0   0.0   0.05  0.35  0.0   
86    A     0.31  0.06  0.0   0.01  0.0   0.0   0.01  0.01  0.06  0.05  0.01  0.05  0.0   0.0   0.01  0.07  0.04  0.0   0.03  0.28  
87    L     0.05  0.19  0.0   0.03  0.0   0.12  0.19  0.01  0.0   0.01  0.2   0.12  0.0   0.0   0.01  0.01  0.04  0.0   0.0   0.01  
88    W     0.05  0.09  0.0   0.01  0.0   0.0   0.29  0.01  0.0   0.03  0.13  0.01  0.0   0.0   0.01  0.01  0.01  0.3   0.0   0.03  
89    L     0.09  0.0   0.0   0.0   0.0   0.0   0.0   0.0   0.05  0.0   0.08  0.05  0.0   0.09  0.0   0.0   0.0   0.0   0.62  0.03  
90    K     0.0   0.29  0.13  0.05  0.0   0.0   0.1   0.0   0.0   0.05  0.05  0.26  0.0   0.0   0.0   0.04  0.0   0.0   0.0   0.04  
91    S     0.05  0.03  0.0   0.0   0.0   0.0   0.0   0.03  0.34  0.0   0.0   0.27  0.0   0.0   0.08  0.14  0.04  0.0   0.0   0.0   
92    R     0.05  0.16  0.15  0.17  0.0   0.0   0.06  0.0   0.0   0.0   0.09  0.0   0.0   0.16  0.0   0.08  0.0   0.0   0.09  0.0   
93    P     0.0   0.05  0.05  0.0   0.1   0.08  0.0   0.11  0.0   0.0   0.0   0.05  0.05  0.0   0.47  0.04  0.0   0.0   0.0   0.0   
94    V     0.03  0.04  0.0   0.18  0.0   0.0   0.1   0.04  0.0   0.0   0.0   0.05  0.0   0.16  0.21  0.05  0.03  0.0   0.0   0.12  
95    N     0.0   0.23  0.1   0.28  0.09  0.06  0.0   0.11  0.0   0.0   0.05  0.0   0.0   0.0   0.0   0.0   0.08  0.0   0.0   0.0   
96    V     0.0   0.05  0.0   0.0   0.0   0.0   0.0   0.0   0.0   0.38  0.0   0.0   0.13  0.0   0.0   0.0   0.11  0.0   0.0   0.32  
97    G     0.03  0.0   0.11  0.0   0.0   0.0   0.1   0.47  0.0   0.0   0.09  0.0   0.0   0.15  0.06  0.0   0.0   0.0   0.0   0.0   
98    N     0.0   0.06  0.21  0.14  0.0   0.05  0.07  0.13  0.0   0.05  0.05  0.1   0.0   0.0   0.04  0.0   0.0   0.0   0.11  0.0   
99    T     0.03  0.0   0.0   0.11  0.08  0.05  0.0   0.0   0.0   0.0   0.0   0.18  0.09  0.0   0.14  0.04  0.24  0.0   0.0   0.03  
100   C     0.09  0.0   0.0   0.09  0.05  0.11  0.0   0.0   0.02  0.0   0.17  0.0   0.0   0.0   0.0   0.18  0.31  0.0   0.0   0.0   
101   R     0.04  0.16  0.0   0.0   0.0   0.05  0.0   0.12  0.03  0.05  0.16  0.05  0.05  0.0   0.11  0.05  0.14  0.0   0.0   0.0   
102   R     0.0   0.17  0.21  0.05  0.0   0.11  0.0   0.0   0.0   0.03  0.11  0.09  0.05  0.0   0.0   0.15  0.0   0.0   0.0   0.04  
103   G     0.28  0.0   0.0   0.0   0.0   0.0   0.09  0.09  0.0   0.05  0.0   0.08  0.0   0.0   0.15  0.26  0.0   0.0   0.0   0.0   
104   I     0.05  0.13  0.0   0.0   0.0   0.03  0.03  0.09  0.04  0.14  0.21  0.07  0.05  0.0   0.1   0.0   0.0   0.0   0.0   0.07  
105   R     0.0   0.05  0.0   0.29  0.18  0.07  0.1   0.02  0.0   0.0   0.09  0.0   0.0   0.0   0.0   0.14  0.0   0.0   0.06  0.0   
106   R     0.06  0.22  0.24  0.0   0.0   0.09  0.0   0.09  0.0   0.05  0.05  0.12  0.0   0.0   0.0   0.08  0.0   0.0   0.0   0.0   
107   Y     0.14  0.0   0.09  0.15  0.0   0.05  0.0   0.0   0.03  0.0   0.2   0.0   0.1   0.0   0.0   0.0   0.0   0.07  0.17  0.0   
108   M     0.0   0.0   0.0   0.0   0.0   0.0   0.08  0.0   0.0   0.05  0.24  0.0   0.16  0.0   0.11  0.13  0.05  0.0   0.0   0.18  
109   H     0.03  0.13  0.1   0.0   0.05  0.07  0.0   0.0   0.05  0.0   0.13  0.23  0.0   0.17  0.0   0.0   0.0   0.0   0.02  0.02  
110   E     0.01  0.0   0.05  0.05  0.0   0.21  0.18  0.01  0.11  0.06  0.07  0.0   0.0   0.0   0.1   0.09  0.05  0.0   0.0   0.01  
111   G     0.01  0.0   0.05  0.15  0.0   0.03  0.08  0.36  0.04  0.0   0.01  0.0   0.0   0.0   0.19  0.01  0.0   0.05  0.0   0.01  
112   T     0.42  0.0   0.0   0.0   0.0   0.0   0.0   0.0   0.0   0.03  0.03  0.05  0.1   0.0   0.17  0.0   0.1   0.05  0.05  0.0   
113   T     0.03  0.24  0.02  0.09  0.0   0.04  0.0   0.03  0.0   0.05  0.0   0.0   0.0   0.0   0.05  0.08  0.05  0.3   0.0   0.0   
114   T     0.17  0.17  0.0   0.0   0.0   0.0   0.06  0.05  0.17  0.0   0.0   0.13  0.0   0.0   0.0   0.05  0.05  0.1   0.0   0.05  
115   A     0.22  0.0   0.11  0.0   0.0   0.22  0.0   0.04  0.0   0.02  0.05  0.05  0.03  0.04  0.0   0.0   0.17  0.0   0.0   0.05  
116   P     0.0   0.0   0.0   0.05  0.0   0.0   0.16  0.1   0.0   0.0   0.0   0.0   0.0   0.18  0.37  0.05  0.0   0.0   0.0   0.09  
117   Y     0.0   0.0   0.16  0.06  0.0   0.0   0.0   0.04  0.11  0.0   0.05  0.0   0.0   0.31  0.0   0.0   0.0   0.0   0.24  0.0   
118   S     0.0   0.0   0.32  0.03  0.0   0.11  0.05  0.19  0.0   0.0   0.04  0.0   0.0   0.0   0.0   0.19  0.04  0.0   0.0   0.0   
119   E     0.0   0.04  0.05  0.09  0.0   0.0   0.3   0.0   0.0   0.0   0.0   0.15  0.0   0.06  0.03  0.25  0.0   0.0   0.0   0.0   
120   G     0.04  0.1   0.05  0.0   0.0   0.0   0.01  0.4   0.09  0.0   0.01  0.18  0.0   0.0   0.04  0.04  0.01  0.0   0.0   0.01  
121   D     0.1   0.0   0.0   0.16  0.0   0.0   0.13  0.23  0.0   0.0   0.0   0.0   0.0   0.0   0.0   0.32  0.03  0.0   0.0   0.0   
122   A     0.16  0.0   0.0   0.0   0.0   0.11  0.0   0.14  0.0   0.06  0.0   0.0   0.06  0.04  0.0   0.22  0.0   0.0   0.15  0.05  
123   G     0.0   0.11  0.0   0.0   0.0   0.0   0.0   0.7   0.0   0.0   0.0   0.0   0.0   0.0   0.0   0.1   0.09  0.0   0.0   0.0   
124   N     0.05  0.0   0.44  0.0   0.22  0.0   0.0   0.0   0.04  0.0   0.0   0.0   0.0   0.14  0.0   0.11  0.0   0.0   0.0   0.0   
125   G     0.04  0.0   0.0   0.0   0.0   0.0   0.0   0.96  0.0   0.0   0.0   0.0   0.0   0.0   0.0   0.0   0.0   0.0   0.0   0.0   
126   A     0.58  0.0   0.0   0.0   0.0   0.0   0.0   0.2   0.0   0.0   0.0   0.0   0.0   0.0   0.0   0.12  0.11  0.0   0.0   0.0   
127   A     0.8   0.0   0.0   0.0   0.0   0.0   0.0   0.0   0.0   0.07  0.09  0.0   0.0   0.0   0.0   0.05  0.0   0.0   0.0   0.0   
128   M     0.0   0.0   0.0   0.0   0.0   0.0   0.0   0.0   0.0   0.1   0.0   0.0   0.72  0.0   0.0   0.0   0.17  0.0   0.0   0.0   
129   R     0.01  0.73  0.0   0.01  0.0   0.0   0.01  0.01  0.0   0.01  0.01  0.18  0.0   0.0   0.01  0.01  0.01  0.0   0.0   0.01  
130   C     0.3   0.0   0.0   0.0   0.05  0.04  0.0   0.0   0.0   0.15  0.12  0.0   0.0   0.0   0.0   0.1   0.0   0.0   0.0   0.24  
131   L     0.26  0.0   0.0   0.0   0.0   0.0   0.0   0.05  0.0   0.0   0.05  0.0   0.31  0.05  0.0   0.05  0.11  0.0   0.05  0.07  
132   P     0.0   0.0   0.0   0.0   0.31  0.0   0.0   0.12  0.0   0.0   0.0   0.0   0.0   0.0   0.44  0.08  0.0   0.0   0.0   0.0   
133   A     0.06  0.01  0.0   0.01  0.0   0.0   0.01  0.01  0.0   0.53  0.16  0.01  0.0   0.04  0.01  0.01  0.11  0.0   0.0   0.03  
134   A     0.2   0.01  0.01  0.01  0.0   0.01  0.01  0.52  0.0   0.01  0.01  0.01  0.0   0.01  0.04  0.14  0.01  0.0   0.0   0.01  
135   L     0.0   0.0   0.0   0.0   0.0   0.0   0.0   0.0   0.0   0.2   0.5   0.0   0.15  0.05  0.0   0.0   0.0   0.0   0.0   0.11  
136   A     0.33  0.08  0.01  0.01  0.0   0.01  0.01  0.07  0.0   0.01  0.02  0.06  0.0   0.17  0.01  0.02  0.01  0.0   0.01  0.16  
137   T     0.01  0.3   0.01  0.01  0.05  0.01  0.01  0.01  0.0   0.01  0.01  0.01  0.11  0.09  0.06  0.01  0.09  0.0   0.22  0.01  
138   L     0.0   0.19  0.0   0.0   0.0   0.0   0.0   0.0   0.09  0.0   0.1   0.0   0.05  0.09  0.0   0.0   0.0   0.12  0.36  0.0   
139   G     0.11  0.0   0.05  0.0   0.0   0.09  0.0   0.05  0.07  0.0   0.05  0.07  0.0   0.1   0.15  0.17  0.0   0.1   0.0   0.0   
140   H     0.0   0.07  0.13  0.07  0.0   0.03  0.0   0.11  0.14  0.0   0.0   0.07  0.0   0.0   0.12  0.21  0.0   0.0   0.05  0.0   
141   P     0.09  0.05  0.0   0.0   0.0   0.0   0.05  0.0   0.02  0.06  0.27  0.0   0.0   0.0   0.25  0.13  0.0   0.0   0.0   0.09  
142   A     0.06  0.05  0.05  0.0   0.0   0.2   0.14  0.11  0.04  0.0   0.0   0.1   0.0   0.0   0.03  0.21  0.0   0.0   0.0   0.0   
143   D     0.07  0.14  0.0   0.29  0.0   0.19  0.0   0.0   0.0   0.0   0.04  0.1   0.0   0.0   0.0   0.05  0.12  0.0   0.0   0.0   
144   L     0.0   0.05  0.0   0.0   0.0   0.0   0.0   0.0   0.0   0.03  0.56  0.0   0.0   0.0   0.0   0.03  0.07  0.0   0.0   0.25  
145   E     0.0   0.04  0.0   0.24  0.0   0.06  0.2   0.0   0.0   0.14  0.0   0.07  0.0   0.04  0.0   0.0   0.05  0.07  0.0   0.09  
146   P     0.09  0.04  0.0   0.0   0.0   0.02  0.2   0.0   0.0   0.0   0.0   0.15  0.0   0.0   0.05  0.18  0.2   0.07  0.0   0.0   
147   W     0.0   0.0   0.0   0.04  0.0   0.0   0.11  0.0   0.0   0.0   0.26  0.05  0.0   0.16  0.0   0.0   0.0   0.05  0.22  0.09  
148   V     0.25  0.0   0.0   0.0   0.0   0.0   0.0   0.0   0.0   0.07  0.0   0.0   0.0   0.05  0.0   0.34  0.0   0.0   0.0   0.28  
149   L     0.05  0.16  0.0   0.09  0.0   0.0   0.2   0.0   0.0   0.3   0.05  0.03  0.0   0.0   0.0   0.0   0.0   0.0   0.0   0.12  
150   A     0.05  0.03  0.0   0.0   0.0   0.05  0.26  0.0   0.05  0.04  0.14  0.05  0.05  0.04  0.0   0.04  0.1   0.0   0.0   0.1   
151   Q     0.13  0.0   0.0   0.0   0.05  0.16  0.0   0.04  0.0   0.0   0.0   0.05  0.0   0.0   0.0   0.46  0.0   0.0   0.0   0.11  
152   A     0.3   0.0   0.0   0.0   0.0   0.0   0.0   0.34  0.0   0.0   0.0   0.0   0.0   0.0   0.0   0.25  0.0   0.0   0.0   0.11  
153   R     0.0   0.56  0.0   0.0   0.0   0.09  0.03  0.0   0.0   0.05  0.0   0.05  0.11  0.0   0.0   0.12  0.0   0.0   0.0   0.0   
154   I     0.04  0.0   0.0   0.0   0.0   0.0   0.0   0.0   0.0   0.2   0.24  0.0   0.26  0.0   0.05  0.0   0.0   0.0   0.0   0.22  
155   T     0.0   0.0   0.0   0.0   0.0   0.0   0.0   0.0   0.0   0.0   0.0   0.0   0.0   0.0   0.0   0.0   1.0   0.0   0.0   0.0   
156   H     0.0   0.0   0.0   0.0   0.0   0.0   0.0   0.0   0.89  0.0   0.11  0.0   0.0   0.0   0.0   0.0   0.0   0.0   0.0   0.0   
157   N     0.15  0.03  0.51  0.0   0.04  0.0   0.0   0.0   0.09  0.0   0.0   0.05  0.0   0.0   0.0   0.09  0.04  0.0   0.0   0.0   
158   H     0.1   0.0   0.28  0.0   0.04  0.0   0.0   0.04  0.31  0.0   0.0   0.0   0.0   0.0   0.0   0.22  0.0   0.0   0.0   0.0   
159   P     0.05  0.0   0.0   0.19  0.0   0.0   0.0   0.0   0.0   0.03  0.0   0.05  0.0   0.0   0.48  0.16  0.04  0.0   0.0   0.0   
160   L     0.04  0.11  0.0   0.0   0.0   0.0   0.16  0.0   0.0   0.04  0.29  0.0   0.0   0.0   0.0   0.0   0.32  0.0   0.0   0.05  
161   S     0.23  0.0   0.0   0.0   0.0   0.0   0.0   0.49  0.0   0.0   0.0   0.0   0.05  0.0   0.0   0.2   0.0   0.0   0.0   0.03  
162   D     0.0   0.0   0.0   0.05  0.0   0.0   0.0   0.05  0.0   0.14  0.0   0.0   0.04  0.22  0.0   0.03  0.0   0.0   0.27  0.19  
163   A     0.18  0.11  0.22  0.0   0.0   0.0   0.03  0.04  0.0   0.0   0.36  0.0   0.0   0.0   0.05  0.0   0.0   0.0   0.0   0.0   
164   A     0.05  0.0   0.0   0.0   0.07  0.0   0.0   0.68  0.0   0.05  0.0   0.0   0.0   0.0   0.0   0.04  0.11  0.0   0.0   0.0   
165   C     0.57  0.0   0.0   0.0   0.16  0.0   0.0   0.0   0.0   0.0   0.0   0.0   0.0   0.0   0.0   0.27  0.0   0.0   0.0   0.0   
166   L     0.04  0.0   0.0   0.0   0.0   0.17  0.0   0.0   0.0   0.2   0.4   0.03  0.0   0.0   0.0   0.0   0.0   0.0   0.0   0.15  
167   T     0.16  0.0   0.0   0.0   0.17  0.0   0.0   0.0   0.0   0.05  0.25  0.0   0.0   0.14  0.0   0.0   0.11  0.0   0.0   0.11  
168   L     0.0   0.0   0.0   0.0   0.0   0.18  0.0   0.0   0.0   0.1   0.12  0.0   0.0   0.14  0.0   0.19  0.17  0.0   0.05  0.04  
169   G     0.82  0.0   0.0   0.0   0.0   0.0   0.0   0.18  0.0   0.0   0.0   0.0   0.0   0.0   0.0   0.0   0.0   0.0   0.0   0.0   
170   R     0.07  0.05  0.0   0.0   0.0   0.0   0.0   0.0   0.0   0.0   0.6   0.11  0.0   0.08  0.0   0.0   0.0   0.05  0.0   0.04  
171   M     0.28  0.0   0.0   0.0   0.0   0.07  0.0   0.0   0.0   0.04  0.11  0.0   0.11  0.4   0.0   0.0   0.0   0.0   0.0   0.0   
172   V     0.16  0.0   0.0   0.0   0.0   0.0   0.0   0.0   0.0   0.09  0.26  0.0   0.0   0.0   0.0   0.0   0.17  0.0   0.0   0.31  
173   H     0.19  0.0   0.04  0.0   0.0   0.0   0.0   0.0   0.41  0.0   0.0   0.0   0.0   0.0   0.0   0.31  0.0   0.05  0.0   0.0   
174   H     0.0   0.05  0.0   0.0   0.04  0.0   0.0   0.0   0.11  0.0   0.19  0.0   0.0   0.14  0.0   0.05  0.0   0.0   0.42  0.0   
175   L     0.67  0.0   0.04  0.0   0.0   0.0   0.0   0.0   0.0   0.11  0.09  0.0   0.0   0.0   0.0   0.09  0.0   0.0   0.0   0.0   
176   I     0.03  0.0   0.0   0.0   0.0   0.0   0.0   0.0   0.0   0.3   0.48  0.0   0.0   0.0   0.0   0.0   0.0   0.0   0.0   0.2   
177   G     0.0   0.05  0.19  0.05  0.0   0.41  0.05  0.05  0.11  0.0   0.04  0.05  0.0   0.0   0.0   0.0   0.0   0.0   0.0   0.0   
178   G     0.0   0.0   0.0   0.09  0.0   0.0   0.0   0.81  0.0   0.0   0.0   0.05  0.0   0.0   0.0   0.05  0.0   0.0   0.0   0.0   
179   R     0.1   0.35  0.0   0.0   0.0   0.0   0.15  0.0   0.05  0.05  0.0   0.19  0.0   0.04  0.0   0.04  0.0   0.0   0.0   0.02  
180   G     0.03  0.06  0.05  0.17  0.0   0.0   0.09  0.09  0.03  0.0   0.05  0.05  0.0   0.0   0.06  0.31  0.0   0.0   0.0   0.0   
181   M     0.05  0.04  0.0   0.04  0.0   0.0   0.0   0.03  0.0   0.05  0.23  0.07  0.28  0.0   0.11  0.0   0.0   0.05  0.0   0.05  
182   K     0.0   0.0   0.0   0.0   0.0   0.0   0.41  0.0   0.0   0.0   0.06  0.16  0.09  0.0   0.0   0.16  0.05  0.0   0.0   0.09  
183   A     0.16  0.0   0.11  0.07  0.0   0.08  0.36  0.0   0.03  0.0   0.0   0.12  0.0   0.0   0.0   0.04  0.0   0.0   0.0   0.0   
184   C     0.13  0.0   0.0   0.03  0.05  0.0   0.0   0.0   0.0   0.18  0.16  0.0   0.05  0.06  0.0   0.0   0.04  0.06  0.0   0.22  
185   R     0.0   0.14  0.0   0.05  0.0   0.0   0.19  0.07  0.0   0.06  0.3   0.03  0.05  0.0   0.0   0.0   0.0   0.0   0.06  0.05  
186   E     0.03  0.06  0.0   0.1   0.0   0.0   0.22  0.09  0.0   0.0   0.0   0.14  0.0   0.0   0.25  0.05  0.03  0.0   0.0   0.0   
187   E     0.0   0.0   0.03  0.15  0.0   0.0   0.32  0.0   0.0   0.0   0.02  0.05  0.03  0.08  0.07  0.05  0.0   0.0   0.11  0.09  
188   A     0.33  0.04  0.0   0.0   0.05  0.0   0.03  0.05  0.05  0.0   0.2   0.07  0.03  0.05  0.0   0.0   0.0   0.0   0.05  0.04  
189   N     0.05  0.07  0.11  0.0   0.0   0.06  0.08  0.0   0.0   0.05  0.11  0.26  0.0   0.0   0.05  0.04  0.0   0.0   0.0   0.13  
190   R     0.02  0.16  0.05  0.0   0.0   0.0   0.19  0.0   0.0   0.0   0.12  0.26  0.0   0.0   0.0   0.14  0.0   0.0   0.0   0.05  
191   L     0.0   0.08  0.0   0.0   0.0   0.05  0.0   0.0   0.0   0.12  0.22  0.05  0.0   0.09  0.0   0.03  0.09  0.0   0.19  0.08  
192   V     0.1   0.0   0.0   0.0   0.06  0.0   0.0   0.0   0.0   0.22  0.21  0.0   0.0   0.0   0.12  0.17  0.0   0.0   0.0   0.12  
193   H     0.0   0.18  0.1   0.15  0.0   0.0   0.14  0.0   0.1   0.0   0.05  0.0   0.03  0.03  0.06  0.0   0.05  0.0   0.04  0.07  
194   Q     0.3   0.0   0.0   0.05  0.06  0.14  0.05  0.0   0.1   0.0   0.03  0.14  0.0   0.05  0.08  0.0   0.0   0.0   0.0   0.0   
195   H     0.11  0.04  0.09  0.0   0.0   0.05  0.06  0.1   0.11  0.05  0.03  0.05  0.0   0.0   0.05  0.15  0.07  0.0   0.04  0.0   
196   R     0.05  0.16  0.05  0.0   0.0   0.05  0.31  0.09  0.0   0.0   0.0   0.08  0.0   0.0   0.0   0.1   0.0   0.0   0.11  0.0   
197   D     0.0   0.0   0.09  0.23  0.0   0.11  0.12  0.06  0.0   0.0   0.1   0.05  0.0   0.02  0.0   0.0   0.0   0.0   0.22  0.0   
198   F     0.0   0.03  0.0   0.0   0.0   0.05  0.06  0.0   0.04  0.0   0.05  0.23  0.06  0.24  0.0   0.05  0.0   0.0   0.12  0.07  
199   H     0.0   0.09  0.05  0.0   0.0   0.03  0.19  0.05  0.31  0.0   0.08  0.06  0.0   0.0   0.0   0.0   0.04  0.0   0.11  0.0   
200   F     0.0   0.0   0.05  0.0   0.0   0.0   0.06  0.0   0.0   0.11  0.05  0.16  0.0   0.13  0.0   0.0   0.0   0.36  0.04  0.04  
201   E     0.04  0.11  0.05  0.0   0.0   0.05  0.08  0.0   0.0   0.0   0.05  0.13  0.0   0.17  0.0   0.23  0.08  0.0   0.0   0.0   
202   P     0.03  0.1   0.0   0.1   0.0   0.0   0.06  0.0   0.0   0.11  0.03  0.05  0.0   0.0   0.11  0.0   0.05  0.0   0.31  0.04  
203   Y     0.05  0.0   0.0   0.07  0.0   0.0   0.08  0.03  0.0   0.0   0.04  0.0   0.0   0.47  0.0   0.0   0.0   0.05  0.21  0.0   
204   K     0.0   0.0   0.03  0.0   0.0   0.21  0.26  0.0   0.0   0.05  0.12  0.1   0.04  0.0   0.0   0.11  0.0   0.05  0.05  0.0   
205   G     0.28  0.0   0.05  0.06  0.0   0.0   0.0   0.13  0.0   0.1   0.04  0.05  0.0   0.0   0.0   0.11  0.07  0.0   0.1   0.0   
206   Q     0.05  0.2   0.0   0.1   0.0   0.13  0.05  0.04  0.0   0.03  0.0   0.23  0.0   0.0   0.0   0.12  0.0   0.0   0.0   0.05  
207   S     0.03  0.05  0.14  0.05  0.0   0.0   0.0   0.0   0.0   0.0   0.05  0.0   0.0   0.0   0.0   0.18  0.04  0.36  0.1   0.0   
208   S     0.08  0.0   0.03  0.05  0.0   0.17  0.19  0.09  0.0   0.0   0.0   0.05  0.0   0.05  0.0   0.29  0.0   0.0   0.0   0.0   
209   A     0.1   0.0   0.02  0.0   0.0   0.0   0.11  0.15  0.0   0.17  0.08  0.12  0.0   0.17  0.0   0.05  0.0   0.0   0.0   0.04  
210   Y     0.09  0.13  0.0   0.0   0.0   0.03  0.0   0.0   0.0   0.0   0.0   0.0   0.0   0.0   0.0   0.13  0.05  0.0   0.57  0.0   
211   I     0.12  0.0   0.05  0.0   0.0   0.0   0.0   0.05  0.0   0.09  0.36  0.0   0.0   0.06  0.0   0.1   0.0   0.0   0.0   0.16  
212   V     0.0   0.0   0.05  0.0   0.0   0.0   0.19  0.0   0.0   0.04  0.08  0.0   0.0   0.24  0.0   0.06  0.0   0.0   0.12  0.22  
213   D     0.0   0.0   0.0   0.45  0.0   0.0   0.26  0.07  0.0   0.05  0.0   0.05  0.0   0.0   0.05  0.06  0.0   0.0   0.0   0.0   
214   T     0.23  0.1   0.0   0.0   0.0   0.0   0.0   0.0   0.0   0.0   0.0   0.0   0.0   0.0   0.0   0.18  0.2   0.0   0.05  0.23  
215   M     0.0   0.0   0.11  0.04  0.0   0.0   0.03  0.0   0.0   0.0   0.15  0.19  0.05  0.05  0.0   0.0   0.0   0.0   0.0   0.38  
216   Q     0.0   0.05  0.0   0.05  0.0   0.11  0.26  0.0   0.0   0.0   0.0   0.05  0.0   0.0   0.48  0.0   0.0   0.0   0.0   0.0   
217   T     0.1   0.17  0.0   0.0   0.0   0.0   0.0   0.05  0.0   0.05  0.0   0.1   0.15  0.0   0.0   0.05  0.33  0.0   0.0   0.0   
218   V     0.43  0.05  0.0   0.26  0.0   0.0   0.0   0.0   0.0   0.1   0.0   0.0   0.0   0.0   0.0   0.0   0.0   0.0   0.05  0.1   
219   L     0.1   0.09  0.0   0.0   0.0   0.09  0.0   0.05  0.0   0.23  0.23  0.03  0.04  0.04  0.0   0.0   0.0   0.0   0.1   0.0   
220   H     0.08  0.05  0.05  0.0   0.0   0.0   0.0   0.0   0.16  0.0   0.0   0.0   0.04  0.12  0.0   0.05  0.0   0.1   0.35  0.0   
221   Y     0.15  0.0   0.0   0.15  0.1   0.0   0.0   0.05  0.0   0.0   0.0   0.0   0.0   0.05  0.0   0.13  0.05  0.05  0.26  0.0   
222   Y     0.1   0.0   0.0   0.0   0.0   0.0   0.05  0.05  0.0   0.05  0.04  0.03  0.05  0.15  0.0   0.07  0.02  0.0   0.19  0.19  
223   F     0.04  0.0   0.0   0.02  0.0   0.0   0.02  0.0   0.05  0.0   0.38  0.05  0.0   0.15  0.0   0.09  0.03  0.1   0.05  0.0   
224   V     0.19  0.09  0.1   0.0   0.0   0.0   0.0   0.0   0.03  0.04  0.32  0.0   0.0   0.0   0.0   0.0   0.0   0.03  0.0   0.2   
225   T     0.0   0.05  0.05  0.0   0.03  0.05  0.0   0.27  0.05  0.0   0.0   0.0   0.0   0.02  0.13  0.07  0.22  0.0   0.06  0.0   
226   D     0.03  0.0   0.13  0.26  0.0   0.0   0.19  0.05  0.0   0.0   0.0   0.04  0.0   0.0   0.0   0.21  0.08  0.0   0.0   0.0   
227   T     0.0   0.04  0.41  0.27  0.0   0.0   0.0   0.0   0.0   0.0   0.0   0.0   0.0   0.0   0.0   0.19  0.09  0.0   0.0   0.0   
228   F     0.0   0.0   0.0   0.0   0.0   0.0   0.0   0.0   0.0   0.0   0.11  0.0   0.0   0.47  0.05  0.0   0.0   0.26  0.11  0.0   
229   K     0.0   0.09  0.09  0.0   0.0   0.16  0.22  0.0   0.07  0.0   0.0   0.22  0.0   0.0   0.0   0.0   0.1   0.0   0.0   0.05  
230   S     0.0   0.19  0.05  0.1   0.0   0.0   0.4   0.0   0.0   0.0   0.0   0.05  0.0   0.0   0.0   0.2   0.0   0.0   0.0   0.0   
231   C     0.16  0.0   0.0   0.0   0.1   0.0   0.0   0.05  0.0   0.0   0.26  0.0   0.05  0.0   0.0   0.15  0.18  0.0   0.0   0.05  
232   L     0.14  0.0   0.0   0.0   0.17  0.0   0.0   0.0   0.0   0.33  0.16  0.0   0.05  0.0   0.0   0.0   0.0   0.0   0.0   0.16  
233   I     0.07  0.17  0.03  0.0   0.0   0.05  0.0   0.0   0.11  0.25  0.15  0.05  0.0   0.0   0.0   0.0   0.0   0.0   0.0   0.12  
234   Q     0.0   0.31  0.0   0.0   0.0   0.05  0.05  0.0   0.0   0.0   0.15  0.09  0.0   0.03  0.0   0.0   0.11  0.0   0.2   0.0   
235   T     0.41  0.0   0.0   0.0   0.16  0.0   0.0   0.0   0.0   0.05  0.0   0.0   0.0   0.0   0.0   0.22  0.16  0.0   0.0   0.0   
236   V     0.15  0.0   0.0   0.0   0.0   0.0   0.0   0.0   0.0   0.34  0.04  0.0   0.19  0.09  0.0   0.0   0.0   0.0   0.0   0.2   
237   N     0.04  0.11  0.3   0.0   0.0   0.0   0.0   0.0   0.0   0.0   0.17  0.0   0.0   0.22  0.0   0.17  0.0   0.0   0.0   0.0   
238   Q     0.09  0.0   0.0   0.0   0.0   0.05  0.0   0.0   0.41  0.0   0.34  0.0   0.0   0.0   0.0   0.11  0.0   0.0   0.0   0.0   
239   G     0.07  0.03  0.0   0.0   0.0   0.0   0.0   0.86  0.0   0.0   0.0   0.0   0.0   0.0   0.05  0.0   0.0   0.0   0.0   0.0   
240   G     0.0   0.0   0.0   0.1   0.0   0.0   0.0   0.9   0.0   0.0   0.0   0.0   0.0   0.0   0.0   0.0   0.0   0.0   0.0   0.0   
241   D     0.0   0.0   0.0   0.72  0.11  0.0   0.17  0.0   0.0   0.0   0.0   0.0   0.0   0.0   0.0   0.0   0.0   0.0   0.0   0.0   
242   A     0.2   0.0   0.1   0.0   0.0   0.0   0.0   0.03  0.0   0.0   0.0   0.0   0.0   0.0   0.0   0.33  0.33  0.0   0.0   0.0   
243   D     0.08  0.0   0.03  0.69  0.05  0.0   0.0   0.11  0.0   0.0   0.0   0.0   0.0   0.0   0.0   0.04  0.0   0.0   0.0   0.0   
244   T     0.23  0.0   0.0   0.0   0.0   0.0   0.0   0.0   0.0   0.0   0.0   0.0   0.0   0.0   0.05  0.33  0.39  0.0   0.0   0.0   
245   T     0.0   0.11  0.05  0.0   0.0   0.0   0.0   0.0   0.0   0.28  0.05  0.0   0.0   0.0   0.0   0.0   0.36  0.0   0.0   0.16  
246   G     0.58  0.0   0.0   0.0   0.0   0.0   0.0   0.37  0.0   0.0   0.0   0.0   0.0   0.0   0.0   0.05  0.0   0.0   0.0   0.0   
247   A     0.39  0.0   0.0   0.0   0.2   0.0   0.0   0.0   0.0   0.0   0.04  0.0   0.0   0.0   0.0   0.13  0.24  0.0   0.0   0.0   
248   L     0.0   0.0   0.0   0.0   0.0   0.0   0.0   0.11  0.0   0.4   0.05  0.0   0.28  0.0   0.0   0.0   0.1   0.0   0.0   0.05  
249   A     0.63  0.0   0.0   0.0   0.04  0.0   0.0   0.05  0.0   0.0   0.0   0.0   0.0   0.0   0.0   0.04  0.09  0.0   0.05  0.11  
250   G     0.03  0.0   0.0   0.0   0.05  0.0   0.0   0.82  0.0   0.0   0.05  0.0   0.0   0.0   0.0   0.0   0.05  0.0   0.0   0.0   
251   M     0.49  0.0   0.0   0.0   0.31  0.1   0.0   0.0   0.0   0.0   0.0   0.0   0.05  0.0   0.0   0.05  0.0   0.0   0.0   0.0   
252   L     0.0   0.0   0.0   0.0   0.0   0.0   0.0   0.0   0.0   0.35  0.31  0.0   0.05  0.0   0.0   0.0   0.0   0.29  0.0   0.0   
253   A     0.39  0.0   0.0   0.0   0.05  0.0   0.0   0.0   0.0   0.0   0.0   0.04  0.0   0.25  0.0   0.0   0.0   0.13  0.03  0.11  
254   G     0.11  0.0   0.0   0.0   0.0   0.0   0.0   0.89  0.0   0.0   0.0   0.0   0.0   0.0   0.0   0.0   0.0   0.0   0.0   0.0   
255   A     0.74  0.0   0.0   0.0   0.0   0.0   0.0   0.0   0.0   0.0   0.17  0.0   0.0   0.0   0.0   0.0   0.0   0.0   0.0   0.09  
256   T     0.0   0.0   0.0   0.0   0.0   0.11  0.0   0.0   0.04  0.0   0.43  0.04  0.09  0.0   0.0   0.0   0.05  0.0   0.25  0.0   
257   Y     0.0   0.0   0.0   0.0   0.0   0.0   0.0   0.04  0.22  0.0   0.0   0.0   0.0   0.0   0.0   0.0   0.0   0.0   0.74  0.0   
258   G     0.0   0.0   0.0   0.0   0.0   0.0   0.0   0.85  0.0   0.0   0.0   0.0   0.0   0.05  0.0   0.06  0.0   0.0   0.0   0.0   
259   V     0.0   0.0   0.0   0.0   0.0   0.0   0.06  0.0   0.0   0.07  0.14  0.0   0.09  0.18  0.0   0.11  0.06  0.0   0.09  0.17  
260   D     0.05  0.0   0.15  0.19  0.0   0.11  0.1   0.0   0.0   0.0   0.0   0.19  0.0   0.0   0.0   0.18  0.0   0.0   0.0   0.0   
261   D     0.16  0.0   0.08  0.11  0.11  0.15  0.0   0.2   0.0   0.0   0.03  0.03  0.0   0.0   0.0   0.04  0.1   0.0   0.0   0.0   
262   I     0.04  0.0   0.0   0.0   0.0   0.0   0.0   0.0   0.0   0.51  0.0   0.0   0.07  0.0   0.0   0.0   0.0   0.0   0.0   0.38  
263   P     0.0   0.0   0.05  0.05  0.0   0.0   0.0   0.0   0.0   0.0   0.05  0.0   0.0   0.0   0.78  0.04  0.03  0.0   0.0   0.0   
264   S     0.03  0.02  0.0   0.0   0.0   0.0   0.15  0.0   0.0   0.0   0.07  0.14  0.0   0.0   0.28  0.27  0.04  0.0   0.0   0.0   
265   G     0.07  0.04  0.14  0.0   0.05  0.0   0.11  0.19  0.0   0.0   0.0   0.0   0.0   0.0   0.09  0.25  0.0   0.0   0.0   0.05  
266   W     0.0   0.05  0.13  0.0   0.0   0.0   0.0   0.0   0.0   0.0   0.22  0.0   0.0   0.0   0.0   0.0   0.0   0.59  0.0   0.0   
267   L     0.0   0.0   0.0   0.0   0.0   0.1   0.03  0.0   0.04  0.21  0.13  0.11  0.0   0.05  0.0   0.0   0.0   0.0   0.27  0.07  
268   S     0.08  0.06  0.0   0.19  0.0   0.23  0.21  0.0   0.0   0.0   0.03  0.0   0.0   0.0   0.0   0.16  0.0   0.0   0.0   0.04  
269   K     0.0   0.11  0.0   0.06  0.0   0.03  0.18  0.09  0.0   0.0   0.0   0.29  0.0   0.0   0.0   0.24  0.0   0.0   0.0   0.0   
270   L     0.03  0.0   0.0   0.0   0.15  0.0   0.0   0.0   0.0   0.05  0.6   0.0   0.0   0.0   0.0   0.0   0.05  0.0   0.0   0.12  
271   D     0.05  0.06  0.0   0.15  0.0   0.0   0.52  0.0   0.0   0.0   0.06  0.1   0.0   0.0   0.0   0.06  0.0   0.0   0.0   0.0   
272   M     0.11  0.09  0.11  0.07  0.0   0.0   0.0   0.19  0.08  0.0   0.0   0.0   0.09  0.0   0.0   0.0   0.0   0.04  0.19  0.0   
273   K     0.0   0.23  0.0   0.0   0.06  0.0   0.0   0.06  0.0   0.03  0.0   0.26  0.0   0.05  0.0   0.1   0.0   0.0   0.08  0.13  
274   V     0.0   0.0   0.2   0.04  0.0   0.22  0.31  0.05  0.0   0.0   0.0   0.04  0.0   0.0   0.0   0.05  0.0   0.0   0.0   0.08  
275   E     0.06  0.18  0.0   0.04  0.0   0.13  0.28  0.0   0.05  0.05  0.01  0.07  0.0   0.05  0.0   0.0   0.0   0.0   0.0   0.06  
276   R     0.08  0.06  0.0   0.03  0.0   0.0   0.05  0.0   0.0   0.15  0.41  0.0   0.0   0.0   0.0   0.0   0.19  0.0   0.0   0.0   
277   E     0.0   0.05  0.06  0.16  0.0   0.11  0.63  0.0   0.0   0.0   0.0   0.0   0.0   0.0   0.0   0.0   0.0   0.0   0.0   0.0   
278   I     0.0   0.0   0.0   0.0   0.0   0.0   0.14  0.0   0.0   0.36  0.11  0.08  0.0   0.11  0.0   0.0   0.0   0.0   0.09  0.11  
279   R     0.09  0.22  0.11  0.0   0.0   0.0   0.0   0.0   0.0   0.0   0.25  0.0   0.0   0.0   0.0   0.09  0.14  0.0   0.0   0.1   
280   R     0.39  0.33  0.09  0.0   0.0   0.1   0.0   0.0   0.0   0.0   0.0   0.0   0.0   0.0   0.0   0.09  0.0   0.0   0.0   0.0   
281   Q     0.0   0.14  0.0   0.0   0.0   0.46  0.0   0.0   0.0   0.0   0.19  0.0   0.0   0.0   0.0   0.0   0.0   0.0   0.21  0.0   
282   V     0.59  0.0   0.0   0.0   0.0   0.0   0.0   0.14  0.0   0.12  0.0   0.0   0.0   0.0   0.0   0.0   0.0   0.0   0.0   0.16  
283   D     0.0   0.0   0.0   0.33  0.0   0.0   0.35  0.0   0.0   0.14  0.0   0.0   0.0   0.0   0.0   0.0   0.18  0.0   0.0   0.0   
284   A     0.56  0.14  0.0   0.0   0.0   0.3   0.0   0.0   0.0   0.0   0.0   0.0   0.0   0.0   0.0   0.0   0.0   0.0   0.0   0.0   
285   L     0.0   0.0   0.0   0.0   0.0   0.0   0.0   0.0   0.0   0.0   0.86  0.0   0.14  0.0   0.0   0.0   0.0   0.0   0.0   0.0   
286   L     0.0   0.0   0.0   0.0   0.0   0.0   0.0   0.0   0.25  0.0   0.26  0.0   0.26  0.22  0.0   0.0   0.0   0.0   0.0   0.0   
287   A     0.36  0.34  0.0   0.0   0.0   0.0   0.0   0.0   0.0   0.0   0.0   0.0   0.0   0.0   0.0   0.0   0.0   0.0   0.3   0.0   
288   L     0.0   0.0   0.0   0.0   0.0   0.0   0.0   0.0   0.0   0.0   0.7   0.0   0.3   0.0   0.0   0.0   0.0   0.0   0.0   0.0   
289   A     0.66  0.0   0.0   0.0   0.0   0.0   0.0   0.0   0.0   0.0   0.0   0.0   0.0   0.0   0.0   0.34  0.0   0.0   0.0   0.0   
290   G     0.0   0.0   0.0   0.0   0.0   0.0   0.0   1.0   0.0   0.0   0.0   0.0   0.0   0.0   0.0   0.0   0.0   0.0   0.0   0.0   
291   L     0.0   0.0   0.0   0.0   0.0   0.0   0.0   0.0   0.0   0.0   1.0   0.0   0.0   0.0   0.0   0.0   0.0   0.0   0.0   0.0   
