             A     R     N     D     C     Q     E     G     H     I     L     K     M     F     P     S     T     W     Y     V
1     P     0.0   0.0   0.0   0.0   0.0   0.0   0.0   0.0   0.0   0.0   0.0   0.0   0.0   0.0   1.0   0.0   0.0   0.0   0.0   0.0   
2     T     0.02  0.09  0.21  0.0   0.02  0.0   0.05  0.0   0.08  0.0   0.21  0.1   0.0   0.0   0.0   0.05  0.16  0.0   0.0   0.0   
3     F     0.0   0.0   0.0   0.0   0.0   0.0   0.0   0.0   0.0   0.89  0.06  0.0   0.0   0.02  0.0   0.0   0.0   0.0   0.0   0.02  
4     L     0.0   0.0   0.0   0.0   0.0   0.0   0.0   0.0   0.0   0.03  0.92  0.0   0.0   0.0   0.0   0.0   0.0   0.0   0.0   0.05  
5     L     0.0   0.0   0.0   0.0   0.02  0.0   0.0   0.0   0.0   0.26  0.41  0.0   0.01  0.0   0.0   0.0   0.0   0.0   0.0   0.3   
6     V     0.04  0.0   0.0   0.0   0.03  0.0   0.0   0.0   0.0   0.0   0.0   0.0   0.0   0.0   0.0   0.32  0.59  0.0   0.0   0.02  
7     N     0.0   0.0   1.0   0.0   0.0   0.0   0.0   0.0   0.0   0.0   0.0   0.0   0.0   0.0   0.0   0.0   0.0   0.0   0.0   0.0   
8     D     0.0   0.0   0.0   1.0   0.0   0.0   0.0   0.0   0.0   0.0   0.0   0.0   0.0   0.0   0.0   0.0   0.0   0.0   0.0   0.0   
9     D     0.0   0.0   0.0   1.0   0.0   0.0   0.0   0.0   0.0   0.0   0.0   0.0   0.0   0.0   0.0   0.0   0.0   0.0   0.0   0.0   
10    G     0.0   0.0   0.0   0.0   0.0   0.0   0.0   0.98  0.0   0.0   0.0   0.0   0.0   0.0   0.0   0.02  0.0   0.0   0.0   0.0   
11    Y     0.0   0.0   0.0   0.0   0.0   0.0   0.0   0.0   0.0   0.46  0.02  0.0   0.0   0.07  0.02  0.0   0.0   0.02  0.15  0.26  
12    F     0.05  0.02  0.1   0.07  0.0   0.07  0.07  0.01  0.21  0.0   0.05  0.02  0.02  0.11  0.0   0.04  0.06  0.0   0.09  0.0   
13    S     0.69  0.0   0.0   0.0   0.0   0.0   0.0   0.02  0.0   0.0   0.0   0.0   0.0   0.0   0.0   0.28  0.0   0.0   0.0   0.0   
14    P     0.06  0.03  0.03  0.02  0.0   0.03  0.13  0.01  0.0   0.0   0.04  0.11  0.01  0.0   0.44  0.03  0.03  0.0   0.01  0.03  
15    G     0.0   0.0   0.02  0.0   0.0   0.0   0.0   0.94  0.0   0.0   0.01  0.0   0.0   0.0   0.0   0.02  0.0   0.0   0.0   0.0   
16    I     0.0   0.0   0.0   0.0   0.0   0.0   0.0   0.0   0.0   0.52  0.42  0.0   0.03  0.0   0.0   0.0   0.0   0.0   0.0   0.02  
17    N     0.13  0.24  0.03  0.01  0.0   0.09  0.05  0.01  0.03  0.04  0.07  0.15  0.01  0.01  0.0   0.06  0.01  0.03  0.01  0.04  
18    A     0.5   0.01  0.0   0.0   0.03  0.01  0.04  0.0   0.01  0.04  0.06  0.01  0.01  0.0   0.01  0.01  0.12  0.0   0.0   0.14  
19    L     0.07  0.0   0.0   0.0   0.0   0.0   0.0   0.0   0.0   0.02  0.85  0.0   0.01  0.02  0.0   0.0   0.0   0.0   0.0   0.02  
20    R     0.32  0.07  0.0   0.0   0.0   0.0   0.11  0.01  0.04  0.05  0.0   0.06  0.0   0.01  0.0   0.02  0.01  0.01  0.18  0.11  
21    E     0.09  0.12  0.07  0.15  0.0   0.07  0.24  0.01  0.01  0.01  0.01  0.11  0.0   0.0   0.0   0.06  0.03  0.0   0.0   0.0   
22    A     0.4   0.02  0.02  0.0   0.01  0.01  0.08  0.04  0.01  0.12  0.03  0.02  0.0   0.02  0.0   0.08  0.03  0.0   0.02  0.1   
23    L     0.16  0.0   0.0   0.0   0.01  0.0   0.0   0.0   0.0   0.03  0.64  0.0   0.06  0.02  0.0   0.0   0.0   0.0   0.0   0.07  
24    K     0.18  0.2   0.0   0.02  0.01  0.05  0.07  0.03  0.01  0.02  0.02  0.16  0.01  0.0   0.0   0.16  0.03  0.0   0.0   0.02  
25    S     0.08  0.04  0.04  0.14  0.0   0.06  0.2   0.04  0.0   0.01  0.02  0.17  0.0   0.0   0.07  0.08  0.07  0.0   0.0   0.0   
26    L     0.08  0.05  0.01  0.03  0.0   0.0   0.08  0.01  0.02  0.13  0.29  0.03  0.02  0.11  0.0   0.04  0.0   0.01  0.02  0.08  
27    G     0.29  0.0   0.01  0.02  0.0   0.0   0.01  0.44  0.09  0.0   0.0   0.01  0.0   0.01  0.01  0.08  0.0   0.0   0.02  0.0   
28    R     0.01  0.06  0.13  0.28  0.0   0.04  0.35  0.0   0.07  0.0   0.0   0.03  0.0   0.0   0.0   0.01  0.01  0.0   0.0   0.0   
29    V     0.01  0.0   0.0   0.01  0.03  0.0   0.02  0.0   0.0   0.12  0.08  0.0   0.0   0.01  0.0   0.01  0.05  0.0   0.0   0.66  
30    V     0.01  0.02  0.0   0.02  0.0   0.03  0.01  0.0   0.01  0.08  0.03  0.01  0.03  0.07  0.0   0.01  0.26  0.14  0.09  0.18  
31    V     0.01  0.0   0.0   0.0   0.0   0.0   0.0   0.0   0.0   0.19  0.03  0.0   0.03  0.0   0.0   0.0   0.05  0.01  0.0   0.68  
32    V     0.06  0.0   0.0   0.0   0.02  0.0   0.0   0.0   0.0   0.07  0.01  0.0   0.03  0.03  0.0   0.02  0.0   0.0   0.0   0.76  
33    A     0.91  0.0   0.0   0.0   0.06  0.0   0.0   0.01  0.0   0.0   0.0   0.0   0.0   0.0   0.0   0.0   0.0   0.0   0.0   0.02  
34    P     0.0   0.0   0.0   0.0   0.0   0.0   0.0   0.0   0.0   0.0   0.0   0.0   0.0   0.0   0.99  0.0   0.0   0.0   0.0   0.01  
35    D     0.17  0.02  0.02  0.35  0.0   0.01  0.22  0.0   0.0   0.01  0.07  0.02  0.0   0.0   0.01  0.03  0.03  0.0   0.0   0.02  
36    R     0.02  0.27  0.04  0.03  0.0   0.08  0.09  0.03  0.02  0.01  0.04  0.04  0.0   0.03  0.0   0.1   0.15  0.0   0.01  0.04  
37    N     0.0   0.01  0.21  0.18  0.0   0.14  0.36  0.01  0.01  0.0   0.0   0.0   0.0   0.0   0.07  0.0   0.0   0.0   0.0   0.0   
38    L     0.0   0.34  0.01  0.0   0.06  0.37  0.0   0.0   0.04  0.0   0.01  0.11  0.02  0.0   0.01  0.0   0.0   0.02  0.0   0.0   
39    S     0.0   0.0   0.0   0.0   0.0   0.0   0.0   0.0   0.0   0.0   0.0   0.0   0.0   0.0   0.0   1.0   0.0   0.0   0.0   0.0   
40    G     0.42  0.0   0.0   0.0   0.0   0.0   0.0   0.56  0.0   0.0   0.0   0.0   0.0   0.0   0.0   0.01  0.0   0.0   0.0   0.01  
41    V     0.25  0.02  0.0   0.0   0.06  0.0   0.0   0.0   0.0   0.04  0.02  0.05  0.03  0.0   0.0   0.08  0.19  0.0   0.03  0.22  
42    G     0.07  0.0   0.0   0.0   0.0   0.0   0.0   0.47  0.0   0.0   0.0   0.0   0.0   0.0   0.0   0.46  0.0   0.0   0.0   0.0   
43    H     0.01  0.13  0.17  0.0   0.01  0.01  0.0   0.03  0.44  0.0   0.03  0.02  0.07  0.0   0.0   0.07  0.01  0.0   0.0   0.0   
44    S     0.33  0.0   0.0   0.0   0.03  0.02  0.0   0.12  0.0   0.0   0.0   0.01  0.0   0.0   0.0   0.46  0.02  0.0   0.0   0.0   
45    L     0.0   0.03  0.0   0.0   0.0   0.0   0.0   0.0   0.0   0.31  0.51  0.0   0.04  0.05  0.0   0.0   0.01  0.0   0.0   0.05  
46    T     0.0   0.0   0.0   0.01  0.0   0.0   0.0   0.03  0.0   0.0   0.0   0.0   0.0   0.0   0.0   0.25  0.67  0.0   0.0   0.02  
47    F     0.0   0.03  0.0   0.0   0.0   0.0   0.0   0.0   0.01  0.14  0.59  0.0   0.01  0.03  0.0   0.02  0.02  0.0   0.08  0.07  
48    T     0.03  0.06  0.11  0.09  0.0   0.03  0.05  0.03  0.17  0.02  0.03  0.01  0.02  0.09  0.02  0.05  0.14  0.0   0.02  0.03  
49    E     0.02  0.22  0.05  0.08  0.0   0.08  0.16  0.01  0.06  0.01  0.02  0.09  0.01  0.01  0.0   0.06  0.06  0.0   0.01  0.06  
50    P     0.03  0.0   0.02  0.01  0.0   0.0   0.01  0.02  0.0   0.0   0.0   0.01  0.0   0.0   0.84  0.02  0.02  0.0   0.0   0.0   
51    L     0.0   0.0   0.02  0.0   0.0   0.01  0.0   0.0   0.0   0.18  0.61  0.0   0.03  0.0   0.0   0.01  0.06  0.0   0.01  0.08  
52    K     0.04  0.59  0.01  0.01  0.0   0.01  0.01  0.0   0.05  0.02  0.01  0.06  0.02  0.01  0.0   0.06  0.05  0.02  0.02  0.01  
53    M     0.14  0.0   0.0   0.0   0.0   0.0   0.01  0.0   0.0   0.15  0.2   0.01  0.04  0.04  0.06  0.0   0.04  0.0   0.02  0.29  
54    R     0.05  0.2   0.06  0.01  0.0   0.06  0.15  0.01  0.06  0.04  0.01  0.11  0.01  0.03  0.01  0.04  0.06  0.02  0.06  0.02  
55    K     0.02  0.19  0.01  0.01  0.0   0.14  0.16  0.01  0.02  0.02  0.01  0.25  0.0   0.0   0.05  0.02  0.06  0.0   0.0   0.02  
56    I     0.09  0.02  0.0   0.0   0.0   0.01  0.03  0.02  0.04  0.15  0.19  0.0   0.02  0.08  0.01  0.03  0.05  0.01  0.02  0.22  
57    D     0.07  0.03  0.06  0.34  0.0   0.03  0.13  0.1   0.03  0.0   0.0   0.05  0.0   0.0   0.04  0.07  0.02  0.0   0.01  0.02  
58    T     0.04  0.04  0.15  0.07  0.02  0.02  0.12  0.06  0.02  0.03  0.04  0.05  0.01  0.0   0.07  0.09  0.07  0.0   0.02  0.06  
59    D     0.03  0.11  0.11  0.13  0.01  0.03  0.11  0.22  0.01  0.03  0.04  0.04  0.01  0.02  0.03  0.03  0.03  0.0   0.0   0.01  
60    F     0.08  0.08  0.01  0.05  0.0   0.01  0.05  0.14  0.07  0.03  0.03  0.03  0.01  0.28  0.01  0.0   0.01  0.02  0.03  0.07  
61    Y     0.08  0.03  0.01  0.02  0.01  0.0   0.03  0.07  0.04  0.12  0.01  0.02  0.01  0.15  0.02  0.0   0.01  0.06  0.28  0.03  
62    T     0.21  0.08  0.02  0.02  0.01  0.01  0.01  0.03  0.01  0.02  0.02  0.07  0.0   0.02  0.04  0.15  0.06  0.05  0.12  0.03  
63    V     0.23  0.01  0.0   0.0   0.02  0.01  0.01  0.05  0.0   0.08  0.06  0.0   0.01  0.04  0.01  0.03  0.03  0.0   0.03  0.38  
64    I     0.04  0.02  0.01  0.04  0.04  0.03  0.03  0.02  0.01  0.17  0.07  0.02  0.01  0.05  0.02  0.02  0.06  0.0   0.01  0.34  
65    D     0.02  0.06  0.21  0.22  0.0   0.02  0.07  0.04  0.01  0.0   0.0   0.03  0.01  0.0   0.0   0.21  0.07  0.0   0.01  0.0   
66    G     0.02  0.0   0.0   0.0   0.0   0.0   0.0   0.96  0.0   0.0   0.0   0.0   0.0   0.0   0.0   0.02  0.0   0.0   0.0   0.0   
67    T     0.0   0.01  0.01  0.02  0.0   0.0   0.0   0.0   0.0   0.0   0.0   0.01  0.0   0.02  0.0   0.05  0.87  0.0   0.01  0.0   
68    P     0.0   0.0   0.0   0.0   0.0   0.0   0.0   0.0   0.01  0.0   0.0   0.0   0.02  0.0   0.98  0.0   0.0   0.0   0.0   0.0   
69    A     0.34  0.0   0.0   0.0   0.01  0.0   0.0   0.02  0.0   0.0   0.0   0.0   0.0   0.0   0.02  0.14  0.37  0.0   0.0   0.1   
70    D     0.02  0.0   0.0   0.93  0.0   0.0   0.0   0.0   0.0   0.0   0.0   0.0   0.0   0.0   0.02  0.01  0.02  0.0   0.0   0.0   
71    C     0.09  0.0   0.0   0.0   0.8   0.0   0.0   0.0   0.0   0.0   0.0   0.0   0.0   0.0   0.0   0.09  0.01  0.0   0.0   0.01  
72    V     0.06  0.0   0.0   0.0   0.0   0.0   0.0   0.0   0.0   0.09  0.01  0.0   0.02  0.0   0.0   0.0   0.02  0.0   0.0   0.8   
73    H     0.02  0.04  0.06  0.0   0.0   0.02  0.0   0.0   0.19  0.13  0.06  0.26  0.02  0.04  0.0   0.0   0.02  0.0   0.11  0.04  
74    L     0.06  0.01  0.0   0.0   0.0   0.0   0.0   0.0   0.0   0.15  0.55  0.0   0.11  0.05  0.0   0.0   0.0   0.0   0.0   0.07  
75    G     0.51  0.0   0.0   0.0   0.0   0.0   0.0   0.46  0.0   0.0   0.0   0.0   0.0   0.0   0.0   0.02  0.0   0.0   0.0   0.01  
76    Y     0.03  0.02  0.0   0.0   0.02  0.0   0.0   0.01  0.0   0.18  0.45  0.01  0.03  0.02  0.0   0.02  0.04  0.0   0.03  0.14  
77    R     0.05  0.13  0.18  0.04  0.01  0.02  0.07  0.08  0.11  0.0   0.03  0.03  0.0   0.05  0.0   0.07  0.09  0.0   0.04  0.0   
78    V     0.12  0.01  0.01  0.04  0.0   0.05  0.16  0.18  0.06  0.02  0.05  0.05  0.02  0.02  0.0   0.05  0.05  0.0   0.03  0.07  
79    I     0.03  0.0   0.0   0.03  0.0   0.0   0.01  0.01  0.0   0.2   0.44  0.01  0.04  0.05  0.0   0.01  0.01  0.0   0.01  0.15  
80    L     0.02  0.0   0.0   0.0   0.02  0.0   0.0   0.02  0.01  0.06  0.46  0.01  0.15  0.11  0.0   0.02  0.0   0.0   0.05  0.05  
81    E     0.06  0.05  0.04  0.16  0.01  0.03  0.11  0.06  0.01  0.01  0.03  0.17  0.0   0.03  0.09  0.06  0.04  0.0   0.01  0.02  
82    E     0.03  0.02  0.05  0.21  0.01  0.05  0.2   0.13  0.05  0.01  0.03  0.05  0.01  0.03  0.03  0.04  0.03  0.0   0.03  0.02  
83    K     0.06  0.12  0.05  0.03  0.0   0.01  0.07  0.05  0.01  0.01  0.04  0.23  0.01  0.07  0.09  0.04  0.05  0.0   0.03  0.04  
84    K     0.06  0.16  0.02  0.04  0.0   0.04  0.06  0.03  0.03  0.02  0.06  0.22  0.02  0.03  0.11  0.03  0.01  0.0   0.01  0.05  
85    P     0.01  0.0   0.02  0.0   0.0   0.0   0.0   0.0   0.0   0.07  0.02  0.0   0.0   0.04  0.77  0.0   0.0   0.0   0.01  0.03  
86    D     0.0   0.0   0.01  0.93  0.0   0.0   0.03  0.0   0.0   0.0   0.0   0.0   0.0   0.0   0.0   0.0   0.0   0.0   0.0   0.0   
87    L     0.0   0.01  0.0   0.0   0.01  0.0   0.0   0.0   0.0   0.13  0.68  0.0   0.08  0.04  0.0   0.0   0.0   0.01  0.0   0.04  
88    V     0.02  0.0   0.0   0.0   0.01  0.0   0.0   0.0   0.0   0.13  0.03  0.0   0.01  0.0   0.0   0.0   0.0   0.0   0.0   0.8   
89    L     0.0   0.0   0.0   0.0   0.0   0.0   0.0   0.0   0.0   0.21  0.3   0.0   0.01  0.02  0.0   0.0   0.0   0.0   0.0   0.47  
90    S     0.05  0.0   0.0   0.0   0.0   0.0   0.0   0.02  0.0   0.0   0.0   0.0   0.0   0.0   0.0   0.91  0.02  0.0   0.0   0.0   
91    G     0.0   0.0   0.0   0.0   0.0   0.0   0.0   1.0   0.0   0.0   0.0   0.0   0.0   0.0   0.0   0.0   0.0   0.0   0.0   0.0   
92    I     0.0   0.0   0.0   0.0   0.01  0.0   0.0   0.0   0.0   0.76  0.0   0.0   0.01  0.01  0.03  0.0   0.0   0.0   0.0   0.17  
93    N     0.0   0.0   1.0   0.0   0.0   0.0   0.0   0.0   0.0   0.0   0.0   0.0   0.0   0.0   0.0   0.0   0.0   0.0   0.0   0.0   
94    E     0.09  0.16  0.09  0.01  0.02  0.03  0.04  0.0   0.19  0.08  0.1   0.03  0.02  0.01  0.0   0.05  0.01  0.0   0.04  0.03  
95    G     0.0   0.0   0.0   0.0   0.0   0.0   0.0   0.98  0.01  0.0   0.0   0.0   0.0   0.0   0.0   0.01  0.0   0.0   0.0   0.0   
96    P     0.31  0.03  0.04  0.05  0.0   0.05  0.1   0.04  0.01  0.01  0.03  0.02  0.0   0.02  0.13  0.09  0.02  0.02  0.0   0.04  
97    N     0.0   0.0   1.0   0.0   0.0   0.0   0.0   0.0   0.0   0.0   0.0   0.0   0.0   0.0   0.0   0.0   0.0   0.0   0.0   0.0   
98    L     0.03  0.0   0.0   0.0   0.0   0.0   0.0   0.0   0.0   0.09  0.47  0.0   0.16  0.0   0.0   0.09  0.06  0.0   0.0   0.11  
99    G     0.14  0.0   0.0   0.0   0.01  0.0   0.0   0.73  0.0   0.0   0.0   0.0   0.0   0.0   0.0   0.12  0.0   0.0   0.0   0.0   
100   E     0.03  0.06  0.03  0.27  0.0   0.03  0.18  0.0   0.02  0.05  0.01  0.02  0.01  0.01  0.03  0.0   0.18  0.0   0.02  0.02  
101   D     0.03  0.01  0.11  0.68  0.02  0.0   0.05  0.0   0.01  0.0   0.0   0.0   0.0   0.02  0.0   0.03  0.01  0.0   0.02  0.02  
102   I     0.03  0.0   0.0   0.0   0.0   0.0   0.0   0.0   0.0   0.29  0.06  0.0   0.0   0.02  0.0   0.02  0.12  0.0   0.0   0.46  
103   T     0.0   0.0   0.01  0.0   0.01  0.0   0.0   0.01  0.04  0.12  0.36  0.0   0.02  0.09  0.01  0.02  0.22  0.02  0.04  0.05  
104   Y     0.0   0.02  0.0   0.0   0.03  0.0   0.0   0.0   0.01  0.02  0.03  0.0   0.0   0.03  0.0   0.05  0.08  0.0   0.74  0.01  
105   S     0.0   0.0   0.0   0.0   0.0   0.0   0.0   0.0   0.0   0.0   0.0   0.0   0.0   0.0   0.0   1.0   0.0   0.0   0.0   0.0   
106   G     0.03  0.0   0.0   0.0   0.0   0.0   0.0   0.97  0.0   0.0   0.0   0.0   0.0   0.0   0.0   0.0   0.0   0.0   0.0   0.0   
107   T     0.0   0.0   0.0   0.0   0.0   0.0   0.0   0.0   0.0   0.0   0.0   0.0   0.0   0.0   0.0   0.0   1.0   0.0   0.0   0.0   
108   V     0.04  0.0   0.0   0.0   0.02  0.0   0.0   0.0   0.0   0.14  0.05  0.0   0.04  0.01  0.0   0.0   0.0   0.0   0.0   0.69  
109   S     0.42  0.0   0.0   0.0   0.0   0.0   0.02  0.34  0.0   0.0   0.0   0.0   0.0   0.0   0.0   0.22  0.0   0.0   0.0   0.0   
110   G     0.78  0.0   0.0   0.0   0.0   0.0   0.0   0.2   0.0   0.01  0.0   0.0   0.0   0.0   0.0   0.0   0.0   0.0   0.0   0.01  
111   A     0.91  0.0   0.0   0.0   0.0   0.0   0.0   0.0   0.0   0.03  0.0   0.0   0.0   0.0   0.0   0.0   0.01  0.0   0.0   0.04  
112   M     0.04  0.08  0.0   0.0   0.0   0.0   0.0   0.0   0.0   0.14  0.18  0.02  0.37  0.03  0.0   0.0   0.09  0.01  0.0   0.03  
113   E     0.02  0.0   0.0   0.0   0.0   0.06  0.87  0.0   0.02  0.0   0.0   0.0   0.0   0.0   0.0   0.0   0.01  0.0   0.02  0.0   
114   G     0.33  0.0   0.0   0.0   0.0   0.0   0.0   0.62  0.0   0.0   0.0   0.0   0.0   0.0   0.0   0.03  0.02  0.0   0.0   0.0   
115   R     0.32  0.15  0.02  0.0   0.04  0.01  0.0   0.02  0.01  0.03  0.03  0.0   0.02  0.02  0.0   0.05  0.12  0.0   0.06  0.08  
116   I     0.03  0.0   0.02  0.01  0.0   0.01  0.0   0.0   0.07  0.21  0.34  0.0   0.06  0.1   0.0   0.02  0.02  0.0   0.01  0.08  
117   L     0.02  0.03  0.02  0.01  0.02  0.09  0.07  0.01  0.1   0.03  0.31  0.01  0.08  0.09  0.0   0.02  0.02  0.0   0.05  0.01  
118   G     0.01  0.0   0.04  0.03  0.0   0.01  0.02  0.82  0.0   0.0   0.0   0.04  0.0   0.0   0.0   0.02  0.0   0.0   0.0   0.0   
119   I     0.01  0.03  0.01  0.0   0.0   0.01  0.0   0.01  0.01  0.38  0.15  0.01  0.01  0.04  0.0   0.01  0.01  0.0   0.03  0.28  
120   P     0.02  0.05  0.0   0.0   0.0   0.01  0.0   0.0   0.0   0.0   0.01  0.07  0.0   0.0   0.77  0.02  0.04  0.0   0.0   0.0   
121   S     0.44  0.0   0.0   0.0   0.0   0.0   0.0   0.06  0.0   0.0   0.0   0.0   0.0   0.0   0.0   0.49  0.01  0.0   0.0   0.0   
122   I     0.01  0.0   0.0   0.0   0.0   0.0   0.0   0.0   0.0   0.63  0.15  0.0   0.06  0.06  0.0   0.0   0.0   0.0   0.0   0.1   
123   A     0.93  0.0   0.0   0.0   0.0   0.0   0.0   0.04  0.0   0.0   0.0   0.0   0.0   0.0   0.0   0.04  0.0   0.0   0.0   0.0   
124   F     0.02  0.0   0.0   0.0   0.01  0.0   0.0   0.0   0.01  0.2   0.16  0.0   0.0   0.25  0.0   0.0   0.01  0.01  0.02  0.3   
125   S     0.01  0.0   0.0   0.0   0.0   0.0   0.0   0.0   0.0   0.0   0.0   0.0   0.0   0.0   0.0   0.98  0.01  0.0   0.0   0.0   
126   A     0.1   0.01  0.01  0.01  0.0   0.21  0.0   0.01  0.02  0.02  0.36  0.02  0.06  0.01  0.01  0.07  0.01  0.01  0.03  0.04  
127   F     0.17  0.0   0.04  0.09  0.05  0.04  0.05  0.04  0.02  0.02  0.06  0.0   0.01  0.12  0.01  0.03  0.04  0.01  0.05  0.15  
128   G     0.07  0.01  0.08  0.11  0.04  0.01  0.03  0.26  0.02  0.02  0.01  0.02  0.02  0.01  0.01  0.15  0.07  0.0   0.03  0.04  
129   R     0.02  0.2   0.05  0.03  0.0   0.04  0.09  0.03  0.09  0.01  0.03  0.12  0.01  0.08  0.04  0.07  0.02  0.02  0.06  0.0   
130   E     0.05  0.05  0.05  0.11  0.0   0.07  0.24  0.1   0.01  0.03  0.01  0.07  0.0   0.0   0.04  0.07  0.06  0.01  0.01  0.01  
131   N     0.08  0.03  0.17  0.1   0.0   0.02  0.05  0.08  0.1   0.02  0.01  0.03  0.0   0.01  0.07  0.04  0.06  0.07  0.02  0.05  
132   I     0.12  0.06  0.02  0.06  0.01  0.03  0.06  0.03  0.02  0.14  0.07  0.03  0.02  0.04  0.07  0.05  0.04  0.01  0.02  0.1   
133   M     0.06  0.03  0.09  0.21  0.03  0.04  0.05  0.01  0.12  0.02  0.05  0.05  0.01  0.02  0.03  0.09  0.01  0.01  0.03  0.03  
134   F     0.03  0.0   0.02  0.01  0.0   0.01  0.01  0.01  0.02  0.02  0.1   0.01  0.02  0.44  0.0   0.01  0.01  0.11  0.16  0.01  
135   E     0.09  0.01  0.02  0.16  0.0   0.09  0.28  0.01  0.01  0.0   0.01  0.03  0.01  0.02  0.05  0.12  0.04  0.01  0.01  0.01  
136   E     0.1   0.01  0.04  0.07  0.01  0.04  0.1   0.03  0.03  0.03  0.06  0.03  0.01  0.02  0.07  0.06  0.21  0.01  0.03  0.05  
137   I     0.62  0.0   0.0   0.01  0.01  0.01  0.02  0.04  0.0   0.04  0.04  0.01  0.03  0.01  0.01  0.05  0.04  0.0   0.03  0.04  
138   A     0.5   0.07  0.0   0.0   0.01  0.02  0.05  0.06  0.0   0.02  0.06  0.06  0.01  0.0   0.0   0.06  0.01  0.0   0.01  0.04  
139   K     0.1   0.16  0.02  0.06  0.01  0.07  0.09  0.0   0.05  0.03  0.0   0.24  0.01  0.01  0.03  0.06  0.03  0.0   0.01  0.02  
140   V     0.08  0.02  0.0   0.0   0.0   0.01  0.01  0.0   0.08  0.12  0.08  0.01  0.02  0.2   0.01  0.02  0.02  0.05  0.07  0.19  
141   C     0.36  0.0   0.0   0.01  0.02  0.01  0.01  0.07  0.0   0.07  0.08  0.0   0.02  0.02  0.0   0.07  0.09  0.0   0.01  0.17  
142   V     0.14  0.18  0.02  0.0   0.04  0.02  0.02  0.01  0.02  0.04  0.12  0.09  0.02  0.01  0.08  0.04  0.04  0.01  0.01  0.08  
143   D     0.11  0.13  0.05  0.16  0.0   0.06  0.12  0.04  0.0   0.01  0.03  0.16  0.01  0.02  0.0   0.05  0.03  0.0   0.01  0.0   
144   I     0.03  0.0   0.0   0.0   0.0   0.0   0.01  0.0   0.01  0.28  0.36  0.0   0.01  0.08  0.0   0.0   0.03  0.01  0.01  0.19  
145   V     0.17  0.0   0.0   0.0   0.01  0.0   0.0   0.0   0.0   0.18  0.18  0.01  0.0   0.02  0.01  0.02  0.05  0.0   0.01  0.32  
146   K     0.09  0.22  0.04  0.04  0.01  0.06  0.2   0.03  0.0   0.03  0.02  0.16  0.0   0.0   0.03  0.06  0.01  0.0   0.0   0.01  
147   K     0.07  0.17  0.07  0.01  0.0   0.09  0.05  0.02  0.06  0.02  0.05  0.22  0.04  0.02  0.01  0.03  0.05  0.01  0.02  0.0   
148   V     0.11  0.01  0.01  0.01  0.0   0.01  0.0   0.01  0.02  0.13  0.32  0.01  0.02  0.06  0.0   0.03  0.01  0.01  0.03  0.2   
149   L     0.04  0.01  0.01  0.04  0.01  0.03  0.04  0.01  0.02  0.09  0.41  0.04  0.05  0.05  0.01  0.03  0.01  0.01  0.0   0.08  
150   N     0.12  0.09  0.07  0.08  0.02  0.04  0.17  0.03  0.03  0.0   0.01  0.15  0.01  0.01  0.01  0.05  0.04  0.02  0.0   0.02  
151   E     0.08  0.07  0.12  0.07  0.0   0.06  0.12  0.03  0.06  0.02  0.05  0.11  0.03  0.01  0.01  0.05  0.04  0.0   0.02  0.04  
152   G     0.06  0.02  0.03  0.04  0.0   0.03  0.06  0.35  0.01  0.01  0.04  0.02  0.0   0.02  0.21  0.04  0.02  0.02  0.01  0.0   
153   I     0.01  0.01  0.0   0.02  0.0   0.0   0.01  0.0   0.01  0.06  0.47  0.0   0.07  0.1   0.03  0.03  0.02  0.07  0.0   0.08  
154   P     0.05  0.03  0.01  0.03  0.0   0.02  0.03  0.03  0.01  0.0   0.01  0.04  0.0   0.01  0.61  0.05  0.03  0.01  0.0   0.02  
155   E     0.08  0.04  0.02  0.07  0.02  0.04  0.16  0.04  0.03  0.01  0.03  0.13  0.0   0.0   0.15  0.08  0.03  0.0   0.04  0.02  
156   D     0.04  0.11  0.1   0.18  0.0   0.03  0.02  0.23  0.02  0.0   0.03  0.05  0.0   0.03  0.07  0.05  0.02  0.0   0.0   0.02  
157   T     0.03  0.03  0.0   0.02  0.02  0.04  0.03  0.02  0.02  0.05  0.05  0.06  0.02  0.02  0.02  0.03  0.29  0.0   0.01  0.24  
158   Y     0.04  0.01  0.0   0.01  0.03  0.01  0.0   0.04  0.02  0.16  0.3   0.0   0.02  0.13  0.0   0.0   0.01  0.01  0.03  0.18  
159   L     0.0   0.0   0.0   0.0   0.0   0.0   0.0   0.0   0.0   0.07  0.7   0.0   0.06  0.03  0.0   0.0   0.0   0.03  0.05  0.05  
160   N     0.0   0.0   0.86  0.0   0.0   0.0   0.0   0.0   0.0   0.0   0.0   0.01  0.0   0.0   0.0   0.11  0.0   0.0   0.0   0.02  
161   V     0.01  0.0   0.0   0.0   0.0   0.0   0.0   0.0   0.0   0.28  0.11  0.0   0.02  0.0   0.0   0.0   0.0   0.0   0.0   0.59  
162   N     0.0   0.0   0.99  0.0   0.0   0.0   0.0   0.0   0.0   0.0   0.0   0.0   0.0   0.0   0.0   0.0   0.01  0.0   0.0   0.0   
163   I     0.02  0.0   0.0   0.0   0.0   0.0   0.0   0.0   0.0   0.33  0.05  0.0   0.01  0.27  0.0   0.0   0.01  0.0   0.02  0.29  
164   P     0.0   0.0   0.0   0.0   0.0   0.0   0.0   0.0   0.0   0.0   0.0   0.0   0.0   0.0   0.99  0.01  0.0   0.0   0.0   0.0   
165   N     0.14  0.03  0.16  0.25  0.01  0.01  0.02  0.02  0.04  0.0   0.03  0.03  0.0   0.01  0.09  0.1   0.02  0.0   0.01  0.01  
166   L     0.02  0.05  0.04  0.02  0.11  0.0   0.01  0.02  0.0   0.07  0.25  0.01  0.01  0.02  0.03  0.05  0.03  0.01  0.01  0.22  
167   R     0.12  0.05  0.04  0.04  0.01  0.02  0.06  0.02  0.01  0.02  0.03  0.04  0.01  0.02  0.38  0.05  0.04  0.01  0.0   0.02  
168   Y     0.14  0.05  0.05  0.03  0.0   0.01  0.08  0.03  0.01  0.03  0.13  0.05  0.01  0.03  0.13  0.03  0.04  0.03  0.09  0.04  
169   E     0.09  0.04  0.03  0.16  0.0   0.03  0.29  0.08  0.0   0.0   0.02  0.05  0.0   0.0   0.04  0.1   0.03  0.01  0.01  0.01  
170   E     0.06  0.04  0.03  0.13  0.0   0.1   0.32  0.04  0.02  0.01  0.01  0.07  0.0   0.0   0.05  0.1   0.01  0.0   0.01  0.01  
171   I     0.04  0.0   0.01  0.02  0.01  0.0   0.0   0.01  0.01  0.31  0.14  0.0   0.05  0.02  0.04  0.01  0.06  0.05  0.01  0.2   
172   K     0.07  0.15  0.03  0.01  0.0   0.06  0.06  0.07  0.0   0.01  0.03  0.43  0.0   0.0   0.02  0.02  0.03  0.0   0.0   0.01  
173   G     0.02  0.01  0.02  0.02  0.0   0.01  0.06  0.74  0.01  0.0   0.0   0.01  0.0   0.0   0.06  0.01  0.01  0.0   0.01  0.0   
174   I     0.02  0.01  0.0   0.0   0.01  0.0   0.01  0.0   0.0   0.3   0.13  0.0   0.06  0.07  0.02  0.0   0.02  0.04  0.05  0.24  
175   K     0.06  0.26  0.0   0.0   0.01  0.06  0.12  0.01  0.0   0.0   0.05  0.31  0.01  0.0   0.0   0.01  0.01  0.0   0.01  0.07  
176   V     0.05  0.0   0.0   0.0   0.01  0.0   0.0   0.0   0.0   0.19  0.12  0.0   0.01  0.08  0.02  0.01  0.01  0.03  0.01  0.46  
177   T     0.07  0.0   0.0   0.0   0.13  0.0   0.0   0.0   0.0   0.0   0.0   0.0   0.0   0.0   0.0   0.03  0.68  0.0   0.0   0.08  
178   R     0.04  0.6   0.01  0.01  0.0   0.01  0.05  0.01  0.01  0.01  0.02  0.08  0.01  0.0   0.07  0.03  0.02  0.0   0.01  0.01  
179   Q     0.04  0.0   0.01  0.01  0.03  0.32  0.01  0.0   0.0   0.01  0.39  0.02  0.05  0.01  0.04  0.02  0.02  0.0   0.0   0.02  
180   G     0.14  0.0   0.0   0.01  0.02  0.0   0.0   0.71  0.0   0.0   0.02  0.0   0.0   0.0   0.0   0.08  0.03  0.0   0.0   0.0   
181   K     0.05  0.24  0.06  0.03  0.01  0.01  0.05  0.0   0.08  0.04  0.04  0.22  0.01  0.04  0.0   0.04  0.02  0.0   0.04  0.03  
182   R     0.05  0.6   0.01  0.0   0.01  0.01  0.05  0.03  0.02  0.01  0.04  0.07  0.0   0.01  0.0   0.04  0.0   0.0   0.03  0.01  
183   A     0.09  0.15  0.05  0.04  0.01  0.02  0.02  0.03  0.19  0.05  0.04  0.04  0.06  0.03  0.01  0.04  0.06  0.0   0.03  0.05  
184   Y     0.04  0.06  0.0   0.01  0.0   0.04  0.0   0.01  0.05  0.03  0.03  0.04  0.02  0.14  0.07  0.01  0.01  0.09  0.33  0.01  
185   K     0.21  0.06  0.03  0.06  0.02  0.02  0.11  0.08  0.02  0.04  0.04  0.07  0.01  0.0   0.01  0.13  0.03  0.0   0.02  0.03  
186   E     0.05  0.03  0.08  0.16  0.0   0.06  0.29  0.05  0.01  0.0   0.05  0.02  0.01  0.04  0.02  0.01  0.1   0.0   0.0   0.02  
187   R     0.05  0.1   0.05  0.05  0.0   0.09  0.14  0.08  0.03  0.02  0.02  0.06  0.01  0.0   0.08  0.06  0.08  0.02  0.02  0.02  
188   V     0.07  0.0   0.0   0.01  0.01  0.0   0.01  0.0   0.0   0.17  0.06  0.0   0.04  0.14  0.05  0.01  0.01  0.02  0.06  0.33  
189   F     0.01  0.01  0.0   0.11  0.0   0.03  0.22  0.01  0.04  0.19  0.02  0.02  0.01  0.03  0.03  0.05  0.03  0.01  0.04  0.13  
190   K     0.04  0.13  0.01  0.03  0.01  0.03  0.21  0.0   0.03  0.0   0.03  0.28  0.01  0.02  0.06  0.03  0.04  0.0   0.0   0.04  
191   Y     0.02  0.41  0.03  0.01  0.01  0.1   0.01  0.04  0.05  0.0   0.06  0.07  0.02  0.01  0.0   0.05  0.05  0.01  0.02  0.04  
192   I     0.01  0.1   0.03  0.01  0.02  0.09  0.07  0.01  0.04  0.09  0.1   0.07  0.02  0.02  0.02  0.02  0.1   0.0   0.03  0.16  
193   D     0.01  0.04  0.11  0.65  0.0   0.01  0.03  0.01  0.02  0.02  0.0   0.0   0.01  0.0   0.01  0.06  0.03  0.0   0.0   0.0   
194   P     0.02  0.01  0.01  0.02  0.0   0.0   0.02  0.07  0.0   0.02  0.03  0.02  0.01  0.0   0.71  0.02  0.03  0.0   0.0   0.01  
195   Y     0.04  0.6   0.04  0.05  0.01  0.01  0.05  0.03  0.01  0.0   0.01  0.01  0.01  0.02  0.0   0.04  0.0   0.01  0.05  0.01  
196   G     0.01  0.0   0.04  0.06  0.0   0.01  0.01  0.81  0.0   0.0   0.0   0.02  0.0   0.0   0.0   0.02  0.01  0.0   0.0   0.0   
197   K     0.01  0.27  0.15  0.03  0.0   0.03  0.12  0.03  0.04  0.04  0.03  0.16  0.0   0.02  0.0   0.05  0.0   0.0   0.0   0.02  
198   P     0.06  0.06  0.05  0.08  0.0   0.02  0.13  0.0   0.0   0.01  0.03  0.09  0.0   0.0   0.25  0.08  0.1   0.0   0.0   0.02  
199   F     0.02  0.03  0.0   0.01  0.0   0.01  0.01  0.03  0.0   0.13  0.06  0.0   0.02  0.06  0.0   0.04  0.0   0.01  0.51  0.06  
200   Y     0.01  0.0   0.0   0.0   0.0   0.0   0.09  0.01  0.05  0.05  0.12  0.0   0.05  0.1   0.0   0.1   0.0   0.09  0.27  0.05  
201   W     0.09  0.04  0.05  0.0   0.0   0.04  0.0   0.01  0.0   0.0   0.07  0.05  0.04  0.05  0.0   0.05  0.04  0.39  0.07  0.0   
202   I     0.03  0.02  0.04  0.02  0.0   0.02  0.04  0.0   0.0   0.24  0.29  0.0   0.08  0.02  0.0   0.0   0.06  0.03  0.03  0.08  
203   A     0.12  0.05  0.04  0.03  0.0   0.01  0.03  0.28  0.03  0.03  0.06  0.05  0.01  0.01  0.02  0.09  0.03  0.05  0.02  0.02  
204   A     0.11  0.04  0.03  0.03  0.01  0.0   0.01  0.33  0.0   0.0   0.04  0.02  0.04  0.05  0.1   0.06  0.06  0.02  0.03  0.02  
205   E     0.11  0.08  0.04  0.06  0.04  0.04  0.17  0.09  0.02  0.02  0.02  0.03  0.02  0.01  0.06  0.04  0.06  0.0   0.04  0.06  
206   E     0.05  0.09  0.03  0.12  0.0   0.06  0.14  0.16  0.03  0.06  0.05  0.03  0.02  0.02  0.06  0.03  0.02  0.0   0.0   0.03  
207   F     0.07  0.06  0.03  0.04  0.01  0.06  0.04  0.05  0.01  0.12  0.13  0.05  0.01  0.07  0.09  0.04  0.04  0.0   0.01  0.07  
208   G     0.1   0.02  0.07  0.12  0.01  0.05  0.13  0.09  0.03  0.02  0.05  0.07  0.0   0.01  0.06  0.05  0.03  0.0   0.04  0.04  
209   W     0.04  0.03  0.03  0.07  0.01  0.08  0.11  0.03  0.06  0.05  0.06  0.09  0.05  0.04  0.02  0.09  0.01  0.03  0.06  0.05  
210   H     0.03  0.04  0.04  0.34  0.0   0.02  0.12  0.02  0.06  0.01  0.02  0.03  0.01  0.01  0.09  0.07  0.03  0.0   0.0   0.05  
211   A     0.2   0.01  0.03  0.1   0.01  0.01  0.12  0.08  0.01  0.03  0.03  0.04  0.0   0.02  0.12  0.09  0.04  0.0   0.01  0.03  
212   E     0.08  0.04  0.03  0.12  0.0   0.03  0.2   0.21  0.02  0.03  0.01  0.02  0.0   0.0   0.06  0.08  0.03  0.0   0.02  0.03  
213   E     0.03  0.01  0.03  0.09  0.01  0.04  0.34  0.01  0.02  0.03  0.04  0.03  0.01  0.0   0.21  0.05  0.03  0.0   0.01  0.01  
214   G     0.03  0.02  0.05  0.15  0.0   0.02  0.04  0.52  0.01  0.01  0.02  0.03  0.01  0.0   0.02  0.06  0.01  0.0   0.0   0.0   
215   T     0.01  0.0   0.02  0.02  0.02  0.01  0.04  0.02  0.01  0.0   0.0   0.01  0.0   0.0   0.04  0.19  0.59  0.0   0.0   0.01  
216   D     0.0   0.01  0.0   0.86  0.0   0.0   0.05  0.0   0.0   0.0   0.0   0.02  0.0   0.0   0.0   0.04  0.0   0.0   0.0   0.0   
217   Y     0.04  0.06  0.0   0.02  0.04  0.01  0.06  0.03  0.02  0.13  0.1   0.01  0.01  0.22  0.0   0.01  0.01  0.0   0.08  0.16  
218   W     0.11  0.07  0.03  0.07  0.01  0.03  0.07  0.04  0.17  0.0   0.04  0.04  0.0   0.03  0.0   0.03  0.03  0.09  0.1   0.02  
219   A     0.65  0.0   0.0   0.0   0.02  0.05  0.02  0.0   0.0   0.0   0.06  0.04  0.01  0.02  0.01  0.02  0.02  0.0   0.02  0.06  
220   V     0.01  0.0   0.03  0.0   0.03  0.0   0.0   0.0   0.0   0.24  0.29  0.0   0.02  0.02  0.0   0.02  0.03  0.0   0.02  0.3   
221   L     0.17  0.15  0.03  0.06  0.0   0.06  0.06  0.03  0.04  0.01  0.09  0.11  0.02  0.04  0.0   0.05  0.03  0.0   0.04  0.03  
222   N     0.07  0.11  0.15  0.12  0.0   0.1   0.22  0.03  0.05  0.0   0.01  0.07  0.0   0.0   0.0   0.04  0.04  0.0   0.0   0.01  
223   G     0.0   0.03  0.2   0.02  0.0   0.01  0.0   0.64  0.02  0.0   0.0   0.05  0.0   0.0   0.0   0.02  0.0   0.0   0.01  0.0   
224   Y     0.02  0.06  0.03  0.0   0.04  0.02  0.0   0.01  0.08  0.0   0.03  0.08  0.0   0.13  0.0   0.04  0.01  0.02  0.44  0.0   
225   V     0.06  0.0   0.0   0.0   0.01  0.0   0.0   0.0   0.0   0.46  0.01  0.0   0.0   0.0   0.03  0.0   0.02  0.0   0.0   0.4   
226   S     0.12  0.0   0.0   0.0   0.0   0.0   0.0   0.0   0.0   0.0   0.0   0.0   0.0   0.0   0.01  0.61  0.25  0.0   0.0   0.01  
227   V     0.03  0.0   0.0   0.0   0.0   0.0   0.0   0.0   0.0   0.39  0.17  0.0   0.01  0.0   0.0   0.0   0.0   0.0   0.0   0.39  
228   T     0.03  0.0   0.0   0.0   0.0   0.0   0.0   0.0   0.0   0.0   0.0   0.0   0.0   0.0   0.0   0.07  0.86  0.0   0.0   0.05  
229   P     0.03  0.0   0.0   0.0   0.0   0.02  0.0   0.0   0.0   0.0   0.0   0.0   0.0   0.0   0.95  0.0   0.0   0.0   0.0   0.0   
230   L     0.0   0.0   0.0   0.0   0.01  0.0   0.0   0.0   0.0   0.24  0.62  0.0   0.03  0.0   0.0   0.0   0.01  0.0   0.0   0.08  
231   H     0.01  0.13  0.01  0.0   0.02  0.22  0.01  0.0   0.23  0.01  0.02  0.15  0.02  0.0   0.0   0.08  0.08  0.0   0.01  0.01  
232   L     0.04  0.0   0.0   0.0   0.06  0.0   0.0   0.0   0.01  0.11  0.3   0.0   0.02  0.13  0.08  0.01  0.02  0.0   0.07  0.15  
233   D     0.0   0.02  0.08  0.81  0.0   0.0   0.02  0.02  0.01  0.0   0.02  0.0   0.0   0.03  0.0   0.0   0.0   0.0   0.0   0.0   
234   L     0.02  0.04  0.02  0.02  0.01  0.01  0.0   0.01  0.01  0.0   0.54  0.0   0.18  0.09  0.0   0.01  0.01  0.0   0.0   0.03  
235   T     0.0   0.02  0.01  0.0   0.0   0.0   0.0   0.0   0.0   0.0   0.01  0.0   0.0   0.0   0.0   0.05  0.91  0.0   0.0   0.0   
236   N     0.23  0.05  0.15  0.29  0.01  0.01  0.02  0.0   0.12  0.0   0.0   0.01  0.0   0.01  0.03  0.06  0.0   0.0   0.0   0.0   
237   Y     0.01  0.06  0.02  0.04  0.0   0.03  0.04  0.01  0.19  0.01  0.04  0.01  0.0   0.09  0.03  0.01  0.05  0.0   0.35  0.02  
238   K     0.14  0.05  0.06  0.19  0.0   0.05  0.13  0.06  0.08  0.01  0.0   0.08  0.0   0.0   0.05  0.06  0.04  0.0   0.0   0.0   
239   V     0.19  0.04  0.01  0.04  0.01  0.08  0.03  0.02  0.0   0.06  0.11  0.02  0.04  0.07  0.0   0.1   0.09  0.01  0.03  0.06  
240   M     0.01  0.02  0.0   0.0   0.01  0.03  0.0   0.0   0.0   0.14  0.5   0.01  0.11  0.05  0.0   0.03  0.03  0.0   0.01  0.05  
241   K     0.11  0.02  0.11  0.15  0.0   0.08  0.17  0.05  0.01  0.0   0.01  0.12  0.0   0.01  0.03  0.09  0.04  0.0   0.0   0.0   
242   S     0.12  0.1   0.04  0.06  0.01  0.08  0.18  0.04  0.01  0.02  0.01  0.05  0.02  0.0   0.02  0.1   0.09  0.0   0.0   0.05  
243   I     0.0   0.0   0.0   0.0   0.0   0.0   0.0   0.0   0.0   0.06  0.66  0.0   0.07  0.01  0.0   0.0   0.03  0.0   0.01  0.16  
244   K     0.03  0.15  0.03  0.01  0.0   0.06  0.18  0.0   0.0   0.01  0.01  0.37  0.01  0.0   0.0   0.12  0.01  0.0   0.0   0.0   
245   Y     0.14  0.09  0.09  0.0   0.02  0.07  0.08  0.02  0.08  0.0   0.02  0.1   0.0   0.07  0.0   0.12  0.0   0.08  0.03  0.0   
246   L     0.02  0.0   0.0   0.0   0.0   0.03  0.0   0.02  0.0   0.11  0.51  0.0   0.07  0.0   0.0   0.0   0.0   0.16  0.0   0.07  
247   E     0.06  0.02  0.04  0.03  0.0   0.15  0.47  0.0   0.0   0.0   0.03  0.08  0.0   0.04  0.0   0.0   0.06  0.0   0.03  0.0   
248   D     0.0   0.0   0.07  0.64  0.0   0.0   0.29  0.0   0.0   0.0   0.0   0.0   0.0   0.0   0.0   0.0   0.0   0.0   0.0   0.0   
