             A     R     N     D     C     Q     E     G     H     I     L     K     M     F     P     S     T     W     Y     V
1     A     0.61  0.0   0.0   0.0   0.0   0.0   0.0   0.0   0.0   0.0   0.0   0.0   0.0   0.0   0.0   0.29  0.1   0.0   0.0   0.0   
2     K     0.0   0.22  0.0   0.0   0.0   0.0   0.11  0.0   0.0   0.0   0.34  0.21  0.0   0.0   0.0   0.11  0.0   0.0   0.0   0.0   
3     N     0.0   0.0   0.15  0.0   0.0   0.0   0.0   0.0   0.07  0.0   0.0   0.44  0.0   0.0   0.35  0.0   0.0   0.0   0.0   0.0   
4     V     0.0   0.0   0.0   0.0   0.0   0.0   0.0   0.0   0.0   0.65  0.07  0.0   0.05  0.0   0.0   0.0   0.0   0.0   0.0   0.23  
5     V     0.0   0.0   0.0   0.0   0.0   0.0   0.0   0.0   0.0   0.67  0.02  0.0   0.02  0.06  0.0   0.0   0.0   0.13  0.0   0.09  
6     L     0.0   0.0   0.0   0.0   0.0   0.0   0.0   0.0   0.0   0.42  0.58  0.0   0.0   0.0   0.0   0.0   0.0   0.0   0.0   0.0   
7     D     0.0   0.0   0.0   1.0   0.0   0.0   0.0   0.0   0.0   0.0   0.0   0.0   0.0   0.0   0.0   0.0   0.0   0.0   0.0   0.0   
8     H     0.0   0.0   0.09  0.0   0.37  0.0   0.0   0.0   0.14  0.0   0.05  0.0   0.0   0.0   0.0   0.06  0.29  0.0   0.0   0.0   
9     D     0.0   0.0   0.0   1.0   0.0   0.0   0.0   0.0   0.0   0.0   0.0   0.0   0.0   0.0   0.0   0.0   0.0   0.0   0.0   0.0   
10    G     0.0   0.0   0.0   0.0   0.05  0.0   0.0   0.18  0.0   0.0   0.0   0.0   0.0   0.0   0.67  0.0   0.11  0.0   0.0   0.0   
11    N     0.06  0.0   0.09  0.0   0.0   0.0   0.0   0.76  0.0   0.0   0.09  0.0   0.0   0.0   0.0   0.0   0.0   0.0   0.0   0.0   
12    L     0.0   0.0   0.0   0.0   0.0   0.03  0.0   0.0   0.35  0.35  0.12  0.0   0.0   0.0   0.0   0.06  0.09  0.0   0.0   0.0   
13    D     0.0   0.0   0.0   0.96  0.0   0.0   0.0   0.0   0.0   0.0   0.0   0.0   0.0   0.0   0.0   0.0   0.0   0.0   0.0   0.0   
14    D     0.0   0.0   0.0   0.91  0.0   0.0   0.0   0.0   0.0   0.0   0.09  0.0   0.0   0.0   0.0   0.0   0.0   0.0   0.0   0.0   
15    F     0.58  0.0   0.0   0.04  0.0   0.09  0.0   0.0   0.0   0.0   0.0   0.0   0.0   0.09  0.0   0.1   0.06  0.0   0.0   0.04  
16    V     0.1   0.0   0.0   0.0   0.0   0.0   0.0   0.0   0.0   0.35  0.0   0.0   0.11  0.09  0.0   0.0   0.0   0.0   0.0   0.35  
17    A     0.81  0.0   0.0   0.0   0.0   0.0   0.0   0.0   0.0   0.0   0.09  0.0   0.0   0.0   0.0   0.0   0.06  0.0   0.0   0.04  
18    M     0.06  0.01  0.01  0.01  0.0   0.01  0.01  0.02  0.01  0.3   0.24  0.01  0.14  0.1   0.01  0.02  0.01  0.0   0.01  0.02  
19    V     0.25  0.0   0.0   0.0   0.0   0.0   0.0   0.0   0.0   0.34  0.11  0.0   0.0   0.04  0.0   0.0   0.05  0.0   0.0   0.18  
20    L     0.13  0.0   0.0   0.0   0.0   0.0   0.0   0.0   0.0   0.0   0.72  0.0   0.07  0.04  0.0   0.0   0.0   0.0   0.05  0.0   
21    L     0.46  0.0   0.0   0.0   0.0   0.09  0.0   0.05  0.0   0.0   0.2   0.0   0.14  0.0   0.0   0.0   0.0   0.0   0.0   0.04  
22    A     0.59  0.0   0.0   0.0   0.07  0.0   0.0   0.0   0.0   0.07  0.23  0.0   0.0   0.0   0.0   0.0   0.0   0.0   0.0   0.0   
23    S     0.25  0.01  0.01  0.01  0.05  0.01  0.01  0.01  0.08  0.07  0.05  0.01  0.0   0.28  0.01  0.12  0.01  0.0   0.0   0.01  
24    N     0.05  0.05  0.15  0.01  0.01  0.04  0.05  0.09  0.2   0.01  0.03  0.05  0.01  0.05  0.01  0.14  0.02  0.0   0.01  0.02  
25    T     0.24  0.02  0.09  0.02  0.01  0.01  0.02  0.02  0.04  0.02  0.03  0.02  0.01  0.01  0.05  0.2   0.16  0.0   0.01  0.02  
26    E     0.01  0.0   0.0   0.06  0.0   0.0   0.1   0.05  0.0   0.0   0.01  0.11  0.0   0.0   0.62  0.01  0.01  0.0   0.0   0.01  
27    K     0.1   0.0   0.0   0.0   0.0   0.02  0.4   0.08  0.04  0.05  0.04  0.18  0.0   0.06  0.0   0.0   0.04  0.0   0.0   0.0   
28    V     0.0   0.0   0.0   0.0   0.04  0.09  0.0   0.0   0.0   0.18  0.28  0.0   0.0   0.17  0.0   0.0   0.0   0.0   0.0   0.24  
29    R     0.02  0.09  0.11  0.3   0.0   0.09  0.2   0.0   0.0   0.0   0.0   0.14  0.0   0.0   0.04  0.02  0.0   0.0   0.0   0.0   
30    L     0.0   0.0   0.0   0.0   0.0   0.0   0.0   0.0   0.0   0.26  0.53  0.0   0.0   0.0   0.04  0.0   0.0   0.0   0.0   0.15  
31    I     0.0   0.0   0.0   0.0   0.0   0.13  0.0   0.0   0.0   0.22  0.52  0.11  0.0   0.0   0.0   0.0   0.0   0.0   0.0   0.04  
32    G     0.25  0.0   0.0   0.0   0.0   0.0   0.0   0.63  0.0   0.0   0.13  0.0   0.0   0.0   0.0   0.0   0.0   0.0   0.0   0.0   
33    A     0.09  0.0   0.0   0.0   0.0   0.0   0.0   0.0   0.0   0.33  0.14  0.0   0.1   0.0   0.0   0.0   0.0   0.0   0.0   0.33  
34    L     0.0   0.0   0.0   0.0   0.0   0.0   0.0   0.0   0.0   0.0   0.09  0.0   0.0   0.0   0.0   0.13  0.77  0.0   0.0   0.0   
35    C     0.11  0.0   0.0   0.0   0.09  0.0   0.0   0.05  0.0   0.1   0.0   0.0   0.0   0.0   0.0   0.11  0.54  0.0   0.0   0.0   
36    T     0.0   0.0   0.0   0.0   0.05  0.0   0.0   0.0   0.0   0.2   0.0   0.0   0.0   0.0   0.0   0.18  0.14  0.0   0.0   0.44  
37    D     0.43  0.0   0.0   0.09  0.0   0.0   0.0   0.0   0.09  0.0   0.0   0.0   0.0   0.19  0.0   0.0   0.0   0.0   0.13  0.07  
38    A     0.09  0.0   0.0   0.0   0.0   0.0   0.0   0.91  0.0   0.0   0.0   0.0   0.0   0.0   0.0   0.0   0.0   0.0   0.0   0.0   
39    D     0.0   0.0   0.82  0.18  0.0   0.0   0.0   0.0   0.0   0.0   0.0   0.0   0.0   0.0   0.0   0.0   0.0   0.0   0.0   0.0   
40    C     0.05  0.0   0.0   0.0   0.13  0.33  0.0   0.0   0.0   0.0   0.0   0.0   0.0   0.0   0.0   0.0   0.08  0.0   0.09  0.33  
41    F     0.0   0.0   0.0   0.0   0.0   0.0   0.0   0.0   0.0   0.0   0.0   0.06  0.0   0.09  0.07  0.2   0.53  0.0   0.04  0.0   
42    V     0.0   0.0   0.0   0.0   0.0   0.0   0.0   0.0   0.0   0.04  0.25  0.0   0.0   0.07  0.24  0.0   0.15  0.0   0.0   0.24  
43    E     0.04  0.0   0.0   0.24  0.0   0.03  0.5   0.0   0.0   0.05  0.0   0.04  0.0   0.0   0.0   0.06  0.04  0.0   0.0   0.0   
44    N     0.0   0.0   0.28  0.11  0.0   0.04  0.0   0.0   0.04  0.0   0.04  0.43  0.02  0.04  0.0   0.0   0.0   0.0   0.0   0.0   
45    G     0.16  0.0   0.0   0.0   0.0   0.0   0.07  0.17  0.0   0.0   0.01  0.0   0.0   0.0   0.0   0.08  0.45  0.0   0.0   0.04  
46    F     0.0   0.0   0.0   0.05  0.0   0.0   0.0   0.0   0.0   0.07  0.3   0.0   0.04  0.07  0.0   0.0   0.4   0.0   0.0   0.06  
47    N     0.04  0.36  0.17  0.0   0.0   0.04  0.0   0.0   0.02  0.09  0.0   0.1   0.0   0.08  0.0   0.0   0.06  0.0   0.05  0.0   
48    V     0.0   0.0   0.75  0.0   0.0   0.06  0.0   0.0   0.0   0.0   0.08  0.0   0.0   0.0   0.0   0.0   0.0   0.0   0.0   0.12  
49    T     0.64  0.0   0.06  0.0   0.05  0.0   0.0   0.07  0.0   0.0   0.0   0.0   0.0   0.0   0.0   0.0   0.12  0.0   0.0   0.07  
50    G     0.06  0.06  0.0   0.01  0.0   0.1   0.01  0.08  0.0   0.01  0.55  0.01  0.0   0.0   0.01  0.08  0.01  0.0   0.0   0.01  
51    K     0.1   0.21  0.05  0.09  0.0   0.18  0.01  0.01  0.05  0.05  0.02  0.13  0.0   0.01  0.01  0.07  0.01  0.0   0.01  0.01  
52    I     0.01  0.01  0.0   0.01  0.0   0.0   0.01  0.01  0.0   0.14  0.47  0.01  0.1   0.0   0.01  0.01  0.05  0.0   0.0   0.16  
53    M     0.01  0.01  0.01  0.01  0.04  0.01  0.01  0.01  0.0   0.01  0.55  0.01  0.11  0.07  0.01  0.01  0.01  0.0   0.0   0.11  
54    C     0.11  0.01  0.01  0.01  0.08  0.05  0.1   0.02  0.11  0.01  0.02  0.01  0.0   0.01  0.01  0.09  0.32  0.0   0.01  0.01  
55    L     0.06  0.0   0.0   0.12  0.0   0.0   0.05  0.0   0.0   0.08  0.37  0.04  0.0   0.11  0.0   0.0   0.08  0.0   0.0   0.07  
56    M     0.0   0.0   0.0   0.0   0.0   0.0   0.07  0.08  0.0   0.09  0.38  0.0   0.13  0.0   0.0   0.0   0.0   0.11  0.0   0.12  
57    H     0.18  0.01  0.21  0.04  0.11  0.01  0.02  0.12  0.08  0.01  0.02  0.03  0.01  0.01  0.01  0.02  0.01  0.0   0.07  0.02  
58    N     0.06  0.01  0.14  0.04  0.0   0.04  0.08  0.25  0.0   0.01  0.09  0.12  0.0   0.07  0.01  0.03  0.01  0.0   0.0   0.05  
59    N     0.11  0.25  0.14  0.05  0.0   0.01  0.1   0.01  0.0   0.14  0.01  0.01  0.0   0.01  0.01  0.06  0.09  0.0   0.0   0.01  
60    M     0.16  0.01  0.05  0.01  0.0   0.06  0.01  0.02  0.0   0.09  0.08  0.01  0.07  0.01  0.03  0.06  0.13  0.0   0.08  0.1   
61    N     0.06  0.01  0.18  0.32  0.12  0.01  0.01  0.21  0.0   0.01  0.01  0.01  0.0   0.0   0.01  0.01  0.01  0.0   0.0   0.01  
62    L     0.01  0.08  0.01  0.01  0.0   0.01  0.01  0.01  0.04  0.31  0.08  0.01  0.0   0.04  0.01  0.01  0.01  0.0   0.0   0.34  
63    P     0.01  0.01  0.01  0.01  0.0   0.01  0.01  0.01  0.0   0.01  0.02  0.01  0.0   0.01  0.82  0.01  0.01  0.0   0.01  0.01  
64    L     0.01  0.0   0.0   0.18  0.0   0.0   0.08  0.01  0.0   0.04  0.08  0.0   0.0   0.0   0.0   0.08  0.0   0.0   0.0   0.48  
65    F     0.07  0.01  0.01  0.02  0.01  0.01  0.02  0.02  0.01  0.11  0.03  0.02  0.01  0.22  0.01  0.02  0.02  0.0   0.22  0.17  
66    P     0.15  0.02  0.02  0.02  0.01  0.02  0.07  0.03  0.01  0.09  0.04  0.08  0.01  0.02  0.34  0.03  0.02  0.01  0.01  0.03  
67    I     0.03  0.02  0.02  0.02  0.01  0.02  0.03  0.3   0.01  0.09  0.14  0.02  0.01  0.02  0.02  0.03  0.02  0.01  0.01  0.17  
68    G     0.4   0.02  0.02  0.02  0.01  0.02  0.03  0.1   0.01  0.02  0.04  0.03  0.01  0.02  0.02  0.03  0.07  0.01  0.07  0.03  
69    K     0.12  0.02  0.02  0.02  0.01  0.2   0.19  0.03  0.06  0.02  0.04  0.1   0.01  0.02  0.02  0.03  0.03  0.01  0.01  0.03  
70    S     0.04  0.03  0.02  0.03  0.01  0.1   0.03  0.26  0.01  0.03  0.05  0.08  0.01  0.02  0.03  0.11  0.03  0.01  0.02  0.09  
71    A     0.46  0.01  0.01  0.01  0.01  0.01  0.02  0.02  0.05  0.01  0.02  0.02  0.01  0.01  0.1   0.12  0.02  0.0   0.01  0.08  
72    A     0.47  0.01  0.01  0.01  0.0   0.01  0.01  0.19  0.0   0.01  0.1   0.07  0.0   0.01  0.01  0.07  0.01  0.0   0.01  0.01  
73    T     0.0   0.0   0.0   0.0   0.0   0.0   0.11  0.52  0.0   0.0   0.09  0.0   0.03  0.0   0.0   0.0   0.17  0.0   0.0   0.05  
74    A     0.29  0.09  0.0   0.0   0.08  0.0   0.0   0.0   0.0   0.0   0.01  0.0   0.07  0.05  0.23  0.1   0.0   0.0   0.0   0.06  
75    V     0.08  0.09  0.05  0.05  0.0   0.01  0.01  0.01  0.0   0.01  0.19  0.01  0.0   0.01  0.07  0.07  0.15  0.02  0.01  0.16  
76    N     0.01  0.13  0.2   0.01  0.0   0.09  0.01  0.01  0.0   0.01  0.01  0.43  0.0   0.0   0.01  0.07  0.01  0.0   0.0   0.01  
77    P     0.01  0.01  0.09  0.05  0.0   0.01  0.01  0.11  0.0   0.01  0.01  0.01  0.0   0.0   0.66  0.01  0.01  0.0   0.0   0.01  
78    F     0.01  0.01  0.01  0.01  0.0   0.01  0.01  0.11  0.0   0.13  0.35  0.01  0.06  0.07  0.01  0.01  0.13  0.06  0.0   0.01  
79    P     0.05  0.01  0.01  0.01  0.06  0.01  0.04  0.01  0.0   0.04  0.05  0.15  0.25  0.09  0.08  0.05  0.02  0.0   0.0   0.09  
80    K     0.01  0.53  0.01  0.01  0.0   0.09  0.01  0.07  0.0   0.01  0.06  0.08  0.0   0.0   0.11  0.01  0.01  0.0   0.0   0.01  
81    E     0.05  0.12  0.01  0.06  0.0   0.07  0.3   0.05  0.04  0.09  0.01  0.1   0.0   0.0   0.07  0.01  0.01  0.0   0.0   0.01  
82    W     0.01  0.01  0.01  0.01  0.0   0.01  0.07  0.01  0.0   0.1   0.19  0.01  0.0   0.01  0.11  0.06  0.01  0.21  0.01  0.16  
83    R     0.21  0.12  0.01  0.02  0.01  0.22  0.02  0.02  0.07  0.06  0.03  0.02  0.05  0.01  0.02  0.08  0.02  0.0   0.01  0.02  
84    C     0.01  0.01  0.04  0.15  0.07  0.0   0.09  0.01  0.0   0.24  0.01  0.01  0.02  0.05  0.01  0.01  0.14  0.0   0.07  0.07  
85    L     0.23  0.0   0.0   0.0   0.06  0.0   0.0   0.0   0.0   0.18  0.26  0.0   0.0   0.14  0.0   0.0   0.0   0.0   0.0   0.13  
86    A     0.32  0.0   0.0   0.0   0.0   0.0   0.06  0.04  0.0   0.0   0.05  0.0   0.0   0.0   0.06  0.1   0.08  0.0   0.08  0.21  
87    K     0.0   0.12  0.0   0.32  0.0   0.0   0.11  0.08  0.31  0.0   0.0   0.07  0.0   0.0   0.0   0.0   0.0   0.0   0.0   0.0   
88    N     0.06  0.01  0.33  0.01  0.0   0.01  0.01  0.16  0.0   0.09  0.02  0.01  0.0   0.01  0.08  0.09  0.01  0.0   0.01  0.07  
89    M     0.0   0.0   0.0   0.0   0.0   0.0   0.0   0.0   0.14  0.24  0.07  0.07  0.07  0.0   0.05  0.07  0.0   0.0   0.08  0.22  
90    D     0.0   0.12  0.03  0.18  0.0   0.0   0.0   0.14  0.46  0.0   0.0   0.0   0.0   0.0   0.0   0.0   0.0   0.0   0.0   0.08  
91    D     0.0   0.0   0.06  0.18  0.0   0.0   0.08  0.6   0.0   0.0   0.0   0.0   0.0   0.0   0.0   0.0   0.0   0.08  0.0   0.0   
92    M     0.16  0.0   0.06  0.0   0.0   0.08  0.31  0.0   0.0   0.06  0.14  0.0   0.07  0.0   0.0   0.04  0.08  0.0   0.0   0.0   
93    P     0.12  0.0   0.04  0.0   0.0   0.0   0.0   0.35  0.0   0.0   0.0   0.0   0.0   0.0   0.07  0.18  0.24  0.0   0.0   0.0   
94    I     0.0   0.0   0.07  0.03  0.0   0.0   0.0   0.46  0.0   0.12  0.0   0.0   0.08  0.0   0.0   0.07  0.0   0.0   0.13  0.0   
95    L     0.0   0.0   0.0   0.0   0.0   0.04  0.0   0.14  0.0   0.0   0.52  0.0   0.0   0.04  0.0   0.0   0.0   0.08  0.0   0.15  
96    N     0.05  0.0   0.15  0.44  0.0   0.08  0.04  0.0   0.12  0.0   0.0   0.0   0.0   0.03  0.0   0.03  0.04  0.0   0.0   0.0   
97    I     0.01  0.01  0.01  0.01  0.06  0.01  0.01  0.53  0.0   0.08  0.08  0.01  0.0   0.05  0.01  0.01  0.01  0.0   0.01  0.09  
98    P     0.1   0.01  0.01  0.01  0.0   0.01  0.13  0.01  0.0   0.05  0.02  0.01  0.0   0.01  0.49  0.05  0.07  0.0   0.01  0.01  
99    E     0.18  0.02  0.01  0.02  0.01  0.01  0.09  0.02  0.01  0.02  0.03  0.02  0.01  0.01  0.02  0.27  0.08  0.0   0.09  0.1   
100   N     0.03  0.02  0.12  0.02  0.01  0.01  0.02  0.14  0.01  0.02  0.36  0.02  0.01  0.01  0.13  0.02  0.02  0.0   0.01  0.02  
101   V     0.12  0.01  0.01  0.01  0.01  0.01  0.02  0.02  0.01  0.01  0.13  0.02  0.12  0.01  0.28  0.02  0.09  0.0   0.01  0.08  
102   E     0.08  0.01  0.03  0.03  0.0   0.01  0.41  0.01  0.0   0.01  0.02  0.01  0.0   0.01  0.19  0.08  0.01  0.06  0.01  0.01  
103   L     0.03  0.02  0.01  0.06  0.01  0.01  0.1   0.14  0.01  0.02  0.15  0.14  0.01  0.13  0.02  0.02  0.02  0.0   0.01  0.09  
104   W     0.03  0.02  0.01  0.02  0.01  0.01  0.02  0.02  0.01  0.07  0.03  0.1   0.01  0.08  0.18  0.02  0.02  0.07  0.25  0.02  
105   D     0.03  0.02  0.06  0.24  0.01  0.01  0.23  0.02  0.01  0.02  0.03  0.08  0.01  0.01  0.06  0.02  0.12  0.0   0.01  0.02  
106   K     0.02  0.01  0.01  0.01  0.0   0.01  0.07  0.02  0.0   0.01  0.02  0.2   0.0   0.19  0.27  0.04  0.09  0.0   0.01  0.01  
107   I     0.08  0.0   0.0   0.0   0.0   0.0   0.07  0.0   0.0   0.07  0.11  0.05  0.0   0.0   0.35  0.0   0.1   0.0   0.0   0.16  
108   K     0.11  0.0   0.08  0.13  0.0   0.06  0.07  0.0   0.0   0.0   0.0   0.21  0.0   0.0   0.0   0.18  0.14  0.0   0.0   0.0   
109   A     0.12  0.21  0.0   0.0   0.0   0.0   0.0   0.08  0.12  0.06  0.06  0.0   0.0   0.19  0.0   0.01  0.12  0.0   0.0   0.0   
110   E     0.09  0.04  0.16  0.0   0.0   0.16  0.09  0.0   0.0   0.0   0.0   0.16  0.0   0.0   0.06  0.1   0.11  0.0   0.0   0.0   
111   N     0.08  0.12  0.15  0.07  0.0   0.0   0.05  0.01  0.0   0.06  0.01  0.11  0.0   0.0   0.33  0.01  0.0   0.0   0.0   0.01  
112   E     0.01  0.0   0.04  0.05  0.0   0.3   0.28  0.01  0.0   0.04  0.01  0.07  0.0   0.0   0.0   0.04  0.06  0.0   0.0   0.07  
113   K     0.1   0.0   0.06  0.1   0.0   0.0   0.2   0.01  0.0   0.0   0.01  0.13  0.0   0.0   0.14  0.17  0.07  0.0   0.0   0.01  
114   Y     0.01  0.1   0.0   0.0   0.09  0.04  0.09  0.06  0.0   0.04  0.12  0.08  0.02  0.0   0.0   0.01  0.08  0.0   0.21  0.02  
115   E     0.08  0.01  0.06  0.01  0.0   0.0   0.07  0.05  0.27  0.01  0.01  0.01  0.0   0.0   0.06  0.19  0.15  0.0   0.0   0.01  
116   G     0.72  0.0   0.0   0.0   0.0   0.0   0.0   0.11  0.0   0.05  0.01  0.07  0.0   0.0   0.0   0.0   0.0   0.0   0.0   0.0   
117   Q     0.18  0.0   0.0   0.0   0.0   0.07  0.0   0.0   0.0   0.18  0.0   0.0   0.0   0.0   0.16  0.0   0.0   0.0   0.0   0.42  
118   Q     0.12  0.0   0.04  0.1   0.0   0.24  0.39  0.0   0.0   0.0   0.0   0.07  0.0   0.04  0.0   0.0   0.0   0.0   0.0   0.0   
119   L     0.16  0.0   0.0   0.0   0.0   0.0   0.0   0.0   0.0   0.0   0.33  0.0   0.0   0.38  0.0   0.0   0.0   0.0   0.07  0.06  
120   L     0.0   0.0   0.0   0.0   0.0   0.0   0.0   0.0   0.0   0.46  0.22  0.0   0.32  0.0   0.0   0.0   0.0   0.0   0.0   0.0   
121   A     0.33  0.02  0.0   0.03  0.0   0.0   0.06  0.0   0.0   0.33  0.0   0.0   0.0   0.06  0.0   0.0   0.0   0.0   0.04  0.13  
122   D     0.0   0.06  0.03  0.49  0.0   0.04  0.21  0.0   0.0   0.0   0.02  0.09  0.0   0.0   0.0   0.02  0.04  0.0   0.0   0.0   
123   L     0.13  0.0   0.0   0.0   0.0   0.08  0.0   0.0   0.0   0.02  0.2   0.2   0.08  0.0   0.0   0.0   0.21  0.0   0.0   0.09  
124   V     0.04  0.0   0.0   0.0   0.0   0.0   0.0   0.0   0.0   0.28  0.34  0.0   0.0   0.0   0.0   0.06  0.0   0.0   0.0   0.29  
125   M     0.0   0.18  0.0   0.0   0.0   0.0   0.03  0.0   0.0   0.0   0.06  0.19  0.34  0.0   0.0   0.17  0.02  0.0   0.0   0.0   
126   N     0.21  0.05  0.2   0.0   0.0   0.14  0.23  0.0   0.02  0.0   0.04  0.02  0.0   0.0   0.0   0.08  0.0   0.0   0.0   0.0   
127   S     0.14  0.0   0.18  0.0   0.04  0.06  0.0   0.0   0.08  0.0   0.0   0.0   0.0   0.03  0.0   0.34  0.0   0.0   0.13  0.0   
128   E     0.04  0.0   0.06  0.11  0.0   0.04  0.12  0.0   0.02  0.0   0.0   0.06  0.0   0.0   0.49  0.02  0.04  0.0   0.0   0.0   
129   E     0.02  0.0   0.08  0.0   0.0   0.13  0.3   0.37  0.0   0.0   0.0   0.1   0.0   0.0   0.0   0.0   0.0   0.0   0.0   0.0   
130   K     0.0   0.0   0.0   0.07  0.0   0.0   0.34  0.0   0.0   0.0   0.0   0.12  0.0   0.0   0.32  0.02  0.12  0.0   0.0   0.0   
131   V     0.0   0.0   0.0   0.0   0.0   0.0   0.0   0.0   0.0   0.43  0.06  0.0   0.05  0.0   0.0   0.0   0.0   0.0   0.0   0.46  
132   T     0.0   0.0   0.0   0.0   0.0   0.0   0.06  0.0   0.0   0.06  0.0   0.0   0.0   0.0   0.0   0.13  0.75  0.0   0.0   0.0   
133   I     0.0   0.0   0.0   0.0   0.0   0.0   0.0   0.0   0.0   0.4   0.46  0.0   0.0   0.06  0.0   0.0   0.0   0.0   0.0   0.08  
134   C     0.0   0.0   0.0   0.0   0.11  0.0   0.0   0.0   0.0   0.02  0.16  0.0   0.0   0.0   0.0   0.0   0.0   0.0   0.0   0.71  
135   V     0.55  0.0   0.0   0.0   0.0   0.0   0.0   0.0   0.0   0.0   0.0   0.0   0.0   0.0   0.25  0.1   0.04  0.0   0.0   0.07  
136   T     0.08  0.0   0.0   0.0   0.0   0.0   0.0   0.0   0.0   0.16  0.14  0.0   0.0   0.0   0.0   0.0   0.5   0.0   0.0   0.13  
137   G     0.0   0.0   0.0   0.0   0.0   0.0   0.0   0.94  0.0   0.0   0.0   0.0   0.0   0.0   0.0   0.06  0.0   0.0   0.0   0.0   
138   P     0.06  0.0   0.0   0.0   0.0   0.0   0.0   0.08  0.0   0.0   0.0   0.0   0.0   0.0   0.8   0.06  0.0   0.0   0.0   0.0   
139   L     0.0   0.0   0.0   0.0   0.0   0.09  0.0   0.0   0.0   0.0   0.84  0.0   0.08  0.0   0.0   0.0   0.0   0.0   0.0   0.0   
140   S     0.0   0.0   0.0   0.0   0.0   0.0   0.0   0.0   0.0   0.0   0.0   0.0   0.0   0.0   0.0   0.14  0.86  0.0   0.0   0.0   
141   N     0.0   0.0   0.94  0.0   0.0   0.0   0.0   0.0   0.0   0.0   0.0   0.0   0.0   0.0   0.0   0.0   0.06  0.0   0.0   0.0   
142   V     0.0   0.0   0.0   0.0   0.0   0.0   0.0   0.0   0.0   0.49  0.27  0.0   0.0   0.0   0.0   0.0   0.0   0.0   0.0   0.24  
143   A     1.0   0.0   0.0   0.0   0.0   0.0   0.0   0.0   0.0   0.0   0.0   0.0   0.0   0.0   0.0   0.0   0.0   0.0   0.0   0.0   
144   W     0.0   0.0   0.0   0.0   0.0   0.0   0.0   0.0   0.0   0.08  0.64  0.0   0.08  0.0   0.0   0.0   0.06  0.07  0.0   0.07  
145   C     0.47  0.0   0.0   0.0   0.07  0.0   0.0   0.0   0.0   0.0   0.4   0.0   0.0   0.0   0.0   0.0   0.0   0.0   0.0   0.06  
146   I     0.0   0.0   0.0   0.0   0.0   0.0   0.0   0.0   0.0   0.13  0.47  0.0   0.11  0.12  0.0   0.0   0.0   0.0   0.06  0.08  
147   D     0.28  0.01  0.12  0.08  0.01  0.01  0.02  0.02  0.01  0.01  0.08  0.05  0.05  0.01  0.01  0.14  0.04  0.0   0.01  0.02  
148   K     0.0   0.22  0.0   0.0   0.0   0.11  0.0   0.0   0.05  0.08  0.0   0.26  0.0   0.0   0.0   0.14  0.09  0.0   0.0   0.06  
149   Y     0.05  0.07  0.0   0.0   0.11  0.0   0.01  0.01  0.19  0.0   0.13  0.01  0.07  0.0   0.0   0.01  0.01  0.08  0.24  0.01  
150   G     0.0   0.02  0.0   0.2   0.0   0.07  0.08  0.08  0.0   0.0   0.0   0.06  0.0   0.0   0.44  0.04  0.0   0.0   0.0   0.0   
151   E     0.0   0.0   0.0   0.08  0.0   0.06  0.41  0.0   0.0   0.0   0.0   0.0   0.0   0.0   0.35  0.07  0.0   0.0   0.0   0.0   
152   K     0.11  0.1   0.02  0.03  0.01  0.02  0.07  0.04  0.01  0.02  0.04  0.09  0.01  0.02  0.02  0.18  0.08  0.01  0.08  0.03  
153   F     0.0   0.0   0.0   0.0   0.12  0.0   0.0   0.0   0.0   0.21  0.33  0.0   0.0   0.21  0.0   0.0   0.0   0.0   0.0   0.09  
154   T     0.2   0.02  0.0   0.0   0.0   0.0   0.0   0.0   0.18  0.1   0.07  0.11  0.0   0.0   0.0   0.04  0.11  0.0   0.0   0.16  
155   S     0.07  0.02  0.0   0.14  0.02  0.04  0.0   0.0   0.0   0.0   0.0   0.29  0.0   0.05  0.13  0.23  0.0   0.0   0.0   0.0   
156   K     0.0   0.18  0.25  0.0   0.0   0.02  0.0   0.0   0.0   0.0   0.0   0.38  0.0   0.0   0.06  0.06  0.0   0.0   0.05  0.0   
157   V     0.04  0.0   0.0   0.0   0.0   0.0   0.0   0.0   0.0   0.47  0.0   0.0   0.06  0.0   0.0   0.0   0.08  0.0   0.0   0.35  
158   E     0.09  0.17  0.0   0.02  0.0   0.0   0.18  0.04  0.02  0.0   0.0   0.42  0.0   0.0   0.0   0.0   0.0   0.0   0.0   0.06  
159   E     0.0   0.34  0.0   0.0   0.0   0.1   0.28  0.0   0.0   0.0   0.0   0.12  0.0   0.0   0.0   0.1   0.0   0.0   0.06  0.0   
160   C     0.0   0.0   0.0   0.0   0.07  0.0   0.0   0.0   0.0   0.5   0.19  0.0   0.0   0.04  0.0   0.0   0.0   0.0   0.0   0.19  
161   V     0.0   0.0   0.0   0.0   0.0   0.0   0.0   0.0   0.0   0.04  0.0   0.0   0.0   0.0   0.0   0.12  0.0   0.06  0.0   0.78  
162   I     0.0   0.0   0.0   0.0   0.0   0.0   0.0   0.0   0.0   0.48  0.37  0.0   0.04  0.04  0.0   0.0   0.0   0.0   0.0   0.07  
163   M     0.0   0.0   0.0   0.0   0.0   0.0   0.0   0.0   0.0   0.0   0.2   0.0   0.8   0.0   0.0   0.0   0.0   0.0   0.0   0.0   
164   G     0.04  0.0   0.0   0.0   0.0   0.0   0.0   0.96  0.0   0.0   0.0   0.0   0.0   0.0   0.0   0.0   0.0   0.0   0.0   0.0   
165   G     0.0   0.0   0.0   0.0   0.0   0.0   0.0   1.0   0.0   0.0   0.0   0.0   0.0   0.0   0.0   0.0   0.0   0.0   0.0   0.0   
166   A     0.52  0.0   0.0   0.0   0.0   0.0   0.0   0.14  0.0   0.0   0.0   0.0   0.0   0.0   0.0   0.26  0.0   0.0   0.08  0.0   
167   V     0.21  0.0   0.0   0.0   0.0   0.0   0.0   0.0   0.0   0.06  0.06  0.0   0.09  0.24  0.0   0.0   0.04  0.0   0.15  0.14  
168   D     0.04  0.0   0.06  0.15  0.0   0.0   0.0   0.39  0.14  0.0   0.0   0.0   0.0   0.1   0.0   0.1   0.0   0.0   0.0   0.0   
169   V     0.1   0.02  0.01  0.02  0.01  0.01  0.08  0.09  0.01  0.06  0.12  0.02  0.01  0.07  0.02  0.06  0.02  0.0   0.01  0.28  
170   R     0.12  0.26  0.06  0.02  0.01  0.02  0.06  0.03  0.01  0.02  0.13  0.02  0.01  0.01  0.02  0.03  0.1   0.0   0.01  0.06  
171   G     0.01  0.01  0.0   0.01  0.0   0.0   0.01  0.9   0.0   0.01  0.01  0.01  0.0   0.0   0.01  0.01  0.01  0.0   0.0   0.01  
172   N     0.01  0.01  0.82  0.01  0.0   0.0   0.01  0.09  0.0   0.01  0.01  0.01  0.0   0.0   0.01  0.01  0.01  0.0   0.0   0.01  
173   V     0.04  0.02  0.02  0.1   0.07  0.02  0.03  0.03  0.01  0.17  0.04  0.03  0.01  0.09  0.02  0.03  0.03  0.01  0.02  0.2   
174   F     0.05  0.04  0.03  0.04  0.01  0.03  0.04  0.05  0.02  0.04  0.06  0.04  0.02  0.17  0.04  0.05  0.04  0.17  0.02  0.04  
175   L     0.05  0.03  0.03  0.03  0.01  0.02  0.04  0.04  0.01  0.03  0.2   0.03  0.01  0.02  0.03  0.04  0.31  0.01  0.02  0.04  
176   P     0.05  0.03  0.03  0.04  0.01  0.03  0.04  0.16  0.01  0.03  0.06  0.04  0.01  0.03  0.26  0.05  0.04  0.01  0.02  0.04  
177   S     0.21  0.03  0.2   0.03  0.01  0.03  0.04  0.04  0.01  0.03  0.05  0.03  0.01  0.02  0.03  0.11  0.03  0.01  0.02  0.04  
178   T     0.15  0.02  0.1   0.03  0.06  0.02  0.03  0.04  0.01  0.02  0.04  0.03  0.01  0.09  0.09  0.03  0.15  0.03  0.02  0.03  
179   D     0.01  0.01  0.14  0.15  0.0   0.03  0.01  0.01  0.0   0.01  0.01  0.01  0.0   0.01  0.01  0.14  0.42  0.0   0.01  0.01  
180   G     0.01  0.01  0.01  0.01  0.0   0.01  0.01  0.08  0.0   0.01  0.08  0.01  0.08  0.01  0.55  0.1   0.01  0.0   0.01  0.01  
181   T     0.24  0.01  0.12  0.01  0.0   0.05  0.01  0.01  0.0   0.06  0.01  0.01  0.0   0.01  0.01  0.18  0.08  0.0   0.08  0.09  
182   A     0.88  0.0   0.0   0.0   0.0   0.0   0.0   0.0   0.0   0.0   0.0   0.0   0.0   0.0   0.0   0.12  0.0   0.0   0.0   0.0   
183   E     0.0   0.0   0.0   0.08  0.0   0.0   0.92  0.0   0.0   0.0   0.0   0.0   0.0   0.0   0.0   0.0   0.0   0.0   0.0   0.0   
184   W     0.14  0.0   0.0   0.0   0.0   0.0   0.0   0.0   0.0   0.0   0.0   0.0   0.0   0.73  0.0   0.0   0.0   0.07  0.06  0.0   
185   N     0.0   0.0   1.0   0.0   0.0   0.0   0.0   0.0   0.0   0.0   0.0   0.0   0.0   0.0   0.0   0.0   0.0   0.0   0.0   0.0   
186   I     0.0   0.0   0.0   0.0   0.0   0.0   0.0   0.0   0.0   0.72  0.08  0.0   0.0   0.06  0.0   0.0   0.0   0.0   0.0   0.15  
187   Y     0.12  0.0   0.0   0.0   0.0   0.0   0.0   0.0   0.04  0.04  0.06  0.0   0.0   0.32  0.0   0.0   0.0   0.12  0.31  0.0   
188   W     0.16  0.0   0.0   0.0   0.0   0.0   0.0   0.11  0.0   0.17  0.0   0.0   0.08  0.0   0.0   0.04  0.0   0.07  0.0   0.38  
189   D     0.0   0.0   0.0   0.92  0.0   0.0   0.08  0.0   0.0   0.0   0.0   0.0   0.0   0.0   0.0   0.0   0.0   0.0   0.0   0.0   
190   P     0.0   0.0   0.0   0.0   0.0   0.0   0.0   0.0   0.0   0.0   0.0   0.0   0.0   0.0   1.0   0.0   0.0   0.0   0.0   0.0   
191   A     0.07  0.0   0.0   0.06  0.0   0.02  0.81  0.0   0.04  0.0   0.0   0.0   0.0   0.0   0.0   0.0   0.0   0.0   0.0   0.0   
192   S     0.93  0.0   0.0   0.0   0.0   0.0   0.0   0.0   0.0   0.0   0.0   0.0   0.0   0.0   0.0   0.07  0.0   0.0   0.0   0.0   
193   A     1.0   0.0   0.0   0.0   0.0   0.0   0.0   0.0   0.0   0.0   0.0   0.0   0.0   0.0   0.0   0.0   0.0   0.0   0.0   0.0   
194   K     0.12  0.13  0.07  0.25  0.0   0.13  0.09  0.0   0.09  0.0   0.0   0.13  0.0   0.0   0.0   0.0   0.0   0.0   0.0   0.0   
195   T     0.0   0.0   0.0   0.0   0.04  0.0   0.0   0.0   0.02  0.35  0.07  0.03  0.09  0.0   0.0   0.0   0.16  0.0   0.07  0.17  
196   V     0.09  0.0   0.0   0.0   0.0   0.0   0.0   0.0   0.0   0.07  0.0   0.0   0.0   0.0   0.0   0.0   0.0   0.0   0.0   0.85  
197   F     0.0   0.0   0.0   0.0   0.0   0.0   0.0   0.0   0.0   0.09  0.1   0.0   0.0   0.82  0.0   0.0   0.0   0.0   0.0   0.0   
198   G     0.0   0.16  0.09  0.0   0.0   0.09  0.11  0.07  0.03  0.0   0.0   0.1   0.0   0.0   0.0   0.0   0.33  0.0   0.0   0.0   
199   C     0.11  0.0   0.0   0.07  0.12  0.0   0.01  0.01  0.0   0.0   0.01  0.01  0.0   0.0   0.0   0.58  0.05  0.0   0.0   0.01  
200   P     0.05  0.03  0.03  0.12  0.01  0.03  0.13  0.04  0.01  0.03  0.05  0.08  0.01  0.02  0.17  0.09  0.03  0.01  0.02  0.04  
201   G     0.0   0.0   0.0   0.07  0.0   0.0   0.0   0.71  0.0   0.0   0.0   0.0   0.0   0.0   0.0   0.14  0.0   0.09  0.0   0.0   
202   L     0.15  0.0   0.0   0.0   0.0   0.0   0.0   0.0   0.0   0.28  0.19  0.0   0.0   0.0   0.09  0.0   0.0   0.09  0.0   0.2   
203   R     0.0   0.07  0.04  0.15  0.0   0.05  0.2   0.0   0.0   0.0   0.0   0.17  0.0   0.0   0.31  0.0   0.0   0.0   0.0   0.0   
204   R     0.0   0.07  0.0   0.0   0.07  0.0   0.0   0.0   0.0   0.39  0.22  0.0   0.0   0.0   0.0   0.0   0.0   0.0   0.0   0.25  
205   I     0.0   0.0   0.0   0.03  0.0   0.0   0.0   0.0   0.0   0.32  0.02  0.0   0.0   0.05  0.0   0.0   0.22  0.0   0.04  0.32  
206   M     0.05  0.0   0.0   0.0   0.0   0.0   0.0   0.0   0.0   0.09  0.0   0.0   0.69  0.0   0.0   0.0   0.0   0.0   0.0   0.17  
207   F     0.17  0.0   0.0   0.0   0.21  0.0   0.0   0.0   0.0   0.03  0.0   0.0   0.1   0.07  0.0   0.0   0.0   0.0   0.0   0.41  
208   S     0.0   0.0   0.0   0.0   0.0   0.0   0.0   0.71  0.0   0.0   0.0   0.0   0.0   0.0   0.22  0.07  0.0   0.0   0.0   0.0   
209   L     0.0   0.0   0.09  0.0   0.0   0.0   0.0   0.0   0.0   0.12  0.8   0.0   0.0   0.0   0.0   0.0   0.0   0.0   0.0   0.0   
210   D     0.0   0.0   0.22  0.64  0.0   0.0   0.05  0.0   0.0   0.09  0.0   0.0   0.0   0.0   0.0   0.0   0.0   0.0   0.0   0.0   
211   S     0.0   0.0   0.0   0.0   0.05  0.0   0.0   0.0   0.0   0.15  0.24  0.0   0.0   0.0   0.0   0.07  0.09  0.0   0.0   0.4   
212   T     0.0   0.0   0.0   0.0   0.0   0.0   0.0   0.0   0.0   0.0   0.0   0.0   0.0   0.0   0.0   0.14  0.86  0.0   0.0   0.0   
213   N     0.0   0.0   0.27  0.0   0.0   0.09  0.0   0.0   0.54  0.0   0.0   0.0   0.0   0.0   0.0   0.0   0.11  0.0   0.0   0.0   
214   T     0.0   0.08  0.0   0.0   0.0   0.54  0.0   0.0   0.0   0.0   0.0   0.22  0.0   0.0   0.0   0.0   0.07  0.0   0.0   0.09  
215   V     0.51  0.0   0.0   0.0   0.0   0.0   0.0   0.0   0.0   0.0   0.08  0.0   0.0   0.0   0.0   0.0   0.08  0.0   0.09  0.24  
216   P     0.0   0.0   0.0   0.0   0.03  0.18  0.0   0.0   0.05  0.16  0.22  0.03  0.03  0.0   0.16  0.0   0.0   0.0   0.04  0.11  
217   V     0.16  0.0   0.0   0.0   0.08  0.0   0.0   0.0   0.0   0.16  0.2   0.0   0.05  0.07  0.0   0.09  0.05  0.0   0.0   0.15  
218   R     0.03  0.07  0.05  0.05  0.0   0.09  0.0   0.0   0.05  0.0   0.02  0.0   0.11  0.0   0.0   0.11  0.43  0.0   0.0   0.0   
219   S     0.18  0.0   0.0   0.2   0.0   0.0   0.05  0.0   0.0   0.0   0.0   0.0   0.0   0.0   0.29  0.17  0.02  0.0   0.07  0.02  
220   P     0.11  0.0   0.05  0.26  0.0   0.0   0.17  0.0   0.0   0.0   0.09  0.21  0.0   0.0   0.12  0.0   0.0   0.0   0.0   0.0   
221   Y     0.0   0.05  0.0   0.33  0.0   0.0   0.0   0.0   0.0   0.15  0.0   0.0   0.0   0.03  0.0   0.0   0.0   0.0   0.25  0.19  
222   V     0.0   0.0   0.07  0.0   0.0   0.04  0.0   0.0   0.0   0.42  0.29  0.05  0.04  0.0   0.0   0.0   0.02  0.0   0.0   0.09  
223   Q     0.27  0.0   0.03  0.05  0.0   0.17  0.34  0.0   0.0   0.0   0.11  0.04  0.0   0.0   0.0   0.0   0.0   0.0   0.0   0.0   
224   R     0.0   0.59  0.0   0.0   0.0   0.0   0.11  0.0   0.0   0.0   0.05  0.1   0.07  0.0   0.0   0.0   0.09  0.0   0.0   0.0   
225   F     0.14  0.0   0.0   0.0   0.0   0.0   0.0   0.0   0.0   0.22  0.32  0.0   0.08  0.16  0.0   0.0   0.0   0.0   0.0   0.09  
226   G     0.05  0.35  0.0   0.0   0.0   0.0   0.08  0.31  0.0   0.0   0.0   0.05  0.0   0.0   0.07  0.0   0.0   0.0   0.07  0.0   
227   E     0.21  0.03  0.17  0.0   0.0   0.07  0.21  0.15  0.0   0.0   0.0   0.08  0.0   0.0   0.0   0.05  0.0   0.0   0.0   0.0   
228   Q     0.04  0.01  0.01  0.05  0.04  0.13  0.07  0.01  0.05  0.19  0.06  0.01  0.09  0.0   0.06  0.13  0.01  0.0   0.0   0.05  
229   T     0.15  0.01  0.03  0.01  0.0   0.01  0.03  0.17  0.0   0.01  0.01  0.23  0.0   0.0   0.11  0.06  0.18  0.0   0.0   0.01  
230   N     0.01  0.01  0.55  0.01  0.0   0.06  0.01  0.25  0.0   0.01  0.01  0.01  0.0   0.0   0.01  0.01  0.05  0.0   0.0   0.01  
231   F     0.01  0.05  0.0   0.0   0.0   0.0   0.06  0.0   0.0   0.09  0.01  0.27  0.0   0.13  0.36  0.0   0.0   0.0   0.0   0.0   
232   L     0.06  0.01  0.01  0.01  0.0   0.0   0.09  0.01  0.11  0.13  0.22  0.01  0.03  0.05  0.05  0.01  0.03  0.0   0.0   0.17  
233   L     0.28  0.07  0.0   0.01  0.0   0.0   0.01  0.08  0.0   0.01  0.2   0.01  0.0   0.06  0.01  0.25  0.01  0.0   0.0   0.01  
234   S     0.05  0.0   0.12  0.09  0.0   0.18  0.1   0.0   0.0   0.0   0.0   0.13  0.0   0.0   0.05  0.18  0.09  0.0   0.0   0.0   
235   I     0.01  0.08  0.01  0.06  0.07  0.03  0.01  0.01  0.0   0.2   0.14  0.03  0.0   0.12  0.01  0.01  0.07  0.0   0.05  0.08  
236   L     0.01  0.01  0.01  0.01  0.0   0.01  0.01  0.01  0.0   0.15  0.25  0.01  0.05  0.1   0.01  0.01  0.15  0.0   0.0   0.22  
237   V     0.28  0.0   0.0   0.0   0.12  0.0   0.0   0.12  0.0   0.0   0.11  0.05  0.06  0.0   0.0   0.15  0.0   0.0   0.0   0.12  
238   G     0.05  0.05  0.06  0.15  0.0   0.04  0.28  0.23  0.0   0.0   0.0   0.14  0.0   0.0   0.0   0.0   0.0   0.0   0.0   0.0   
239   T     0.0   0.0   0.0   0.0   0.0   0.0   0.0   0.0   0.0   0.16  0.44  0.0   0.19  0.05  0.0   0.0   0.07  0.05  0.0   0.0   
240   M     0.0   0.0   0.0   0.0   0.11  0.0   0.0   0.0   0.0   0.0   0.5   0.0   0.19  0.07  0.0   0.09  0.0   0.0   0.0   0.0   
241   W     0.0   0.05  0.0   0.09  0.0   0.1   0.0   0.0   0.12  0.0   0.1   0.07  0.0   0.27  0.0   0.0   0.05  0.07  0.09  0.0   
242   A     0.25  0.0   0.0   0.0   0.0   0.0   0.05  0.0   0.0   0.0   0.0   0.0   0.05  0.45  0.0   0.03  0.08  0.0   0.0   0.1   
243   M     0.0   0.0   0.0   0.0   0.0   0.0   0.05  0.0   0.0   0.07  0.24  0.09  0.2   0.17  0.0   0.0   0.0   0.0   0.2   0.0   
244   C     0.14  0.11  0.0   0.0   0.07  0.14  0.07  0.0   0.0   0.07  0.02  0.13  0.05  0.12  0.0   0.0   0.04  0.0   0.05  0.0   
245   T     0.05  0.0   0.03  0.25  0.0   0.05  0.0   0.0   0.07  0.0   0.0   0.04  0.0   0.09  0.0   0.09  0.15  0.0   0.18  0.0   
246   H     0.0   0.0   0.05  0.0   0.0   0.08  0.0   0.0   0.37  0.0   0.0   0.0   0.0   0.0   0.0   0.0   0.12  0.11  0.14  0.13  
247   C     0.0   0.09  0.0   0.0   0.07  0.0   0.05  0.09  0.15  0.0   0.0   0.09  0.0   0.08  0.0   0.0   0.0   0.0   0.38  0.0   
248   E     0.1   0.12  0.09  0.17  0.0   0.0   0.25  0.0   0.0   0.0   0.05  0.12  0.0   0.0   0.0   0.0   0.05  0.0   0.0   0.07  
249   L     0.0   0.0   0.13  0.07  0.0   0.0   0.12  0.09  0.04  0.0   0.07  0.17  0.0   0.0   0.09  0.17  0.05  0.0   0.0   0.0   
250   L     0.05  0.0   0.0   0.0   0.0   0.0   0.04  0.12  0.0   0.05  0.07  0.23  0.07  0.0   0.0   0.11  0.14  0.0   0.08  0.05  
251   R     0.0   0.07  0.0   0.07  0.0   0.07  0.0   0.08  0.04  0.0   0.09  0.0   0.0   0.05  0.0   0.12  0.0   0.18  0.23  0.0   
252   D     0.0   0.0   0.0   0.17  0.0   0.05  0.05  0.45  0.0   0.0   0.08  0.0   0.12  0.0   0.09  0.0   0.0   0.0   0.0   0.0   
253   G     0.08  0.07  0.0   0.0   0.0   0.07  0.0   0.07  0.0   0.05  0.0   0.0   0.0   0.34  0.0   0.16  0.09  0.0   0.0   0.07  
254   D     0.0   0.0   0.09  0.23  0.0   0.0   0.02  0.17  0.05  0.02  0.0   0.05  0.0   0.0   0.0   0.16  0.06  0.0   0.08  0.07  
255   G     0.04  0.05  0.0   0.0   0.0   0.0   0.0   0.78  0.05  0.0   0.0   0.0   0.0   0.0   0.0   0.09  0.0   0.0   0.0   0.0   
256   Y     0.19  0.01  0.01  0.01  0.0   0.01  0.01  0.06  0.0   0.04  0.14  0.01  0.0   0.09  0.13  0.01  0.01  0.0   0.12  0.16  
257   Y     0.0   0.12  0.0   0.0   0.0   0.0   0.0   0.0   0.0   0.0   0.0   0.04  0.05  0.07  0.57  0.0   0.0   0.0   0.15  0.0   
258   A     0.07  0.0   0.0   0.0   0.0   0.0   0.0   0.0   0.0   0.07  0.44  0.0   0.12  0.09  0.0   0.0   0.0   0.0   0.0   0.22  
259   W     0.0   0.0   0.0   0.0   0.0   0.0   0.0   0.0   0.84  0.0   0.0   0.0   0.0   0.0   0.0   0.0   0.0   0.16  0.0   0.0   
260   D     0.0   0.0   0.0   1.0   0.0   0.0   0.0   0.0   0.0   0.0   0.0   0.0   0.0   0.0   0.0   0.0   0.0   0.0   0.0   0.0   
261   A     0.15  0.0   0.0   0.0   0.0   0.0   0.09  0.0   0.0   0.0   0.12  0.0   0.0   0.0   0.59  0.0   0.0   0.0   0.0   0.05  
262   L     0.05  0.0   0.05  0.0   0.44  0.0   0.0   0.0   0.0   0.0   0.13  0.0   0.0   0.0   0.0   0.0   0.08  0.0   0.0   0.26  
263   T     0.46  0.0   0.0   0.0   0.08  0.0   0.0   0.0   0.0   0.0   0.0   0.0   0.0   0.0   0.0   0.11  0.35  0.0   0.0   0.0   
264   A     0.07  0.0   0.0   0.0   0.0   0.0   0.0   0.0   0.0   0.43  0.07  0.0   0.0   0.11  0.0   0.09  0.0   0.0   0.0   0.24  
265   A     0.65  0.0   0.0   0.0   0.0   0.0   0.0   0.08  0.0   0.0   0.05  0.0   0.11  0.0   0.0   0.0   0.07  0.0   0.0   0.03  
266   Y     0.15  0.0   0.0   0.0   0.0   0.0   0.0   0.0   0.0   0.09  0.05  0.0   0.0   0.0   0.07  0.0   0.0   0.35  0.3   0.0   
267   V     0.18  0.0   0.0   0.0   0.0   0.0   0.0   0.0   0.0   0.0   0.62  0.0   0.0   0.0   0.0   0.0   0.0   0.0   0.0   0.19  
268   V     0.11  0.0   0.0   0.0   0.0   0.0   0.0   0.0   0.0   0.23  0.34  0.0   0.0   0.05  0.0   0.0   0.0   0.0   0.0   0.27  
269   D     0.0   0.2   0.1   0.28  0.0   0.0   0.02  0.0   0.07  0.0   0.05  0.14  0.0   0.0   0.0   0.0   0.0   0.14  0.0   0.0   
270   Q     0.02  0.0   0.0   0.0   0.0   0.07  0.0   0.0   0.0   0.0   0.0   0.0   0.0   0.0   0.91  0.0   0.0   0.0   0.0   0.0   
271   K     0.02  0.0   0.0   0.17  0.0   0.0   0.44  0.0   0.0   0.0   0.0   0.07  0.0   0.0   0.0   0.21  0.1   0.0   0.0   0.0   
272   V     0.0   0.0   0.0   0.0   0.0   0.0   0.0   0.15  0.0   0.22  0.39  0.0   0.0   0.0   0.0   0.0   0.0   0.0   0.07  0.16  
273   A     0.07  0.0   0.0   0.0   0.0   0.0   0.0   0.0   0.0   0.08  0.0   0.0   0.09  0.57  0.0   0.0   0.0   0.05  0.05  0.09  
274   N     0.02  0.07  0.16  0.04  0.0   0.0   0.02  0.0   0.0   0.0   0.0   0.14  0.0   0.0   0.0   0.05  0.52  0.0   0.0   0.0   
275   V     0.07  0.0   0.0   0.0   0.05  0.0   0.0   0.05  0.0   0.0   0.12  0.0   0.0   0.07  0.0   0.16  0.26  0.0   0.15  0.07  
276   D     0.0   0.1   0.0   0.07  0.0   0.23  0.09  0.0   0.0   0.04  0.0   0.27  0.0   0.0   0.0   0.09  0.05  0.0   0.0   0.07  
277   P     0.0   0.16  0.02  0.18  0.0   0.02  0.17  0.0   0.0   0.0   0.05  0.15  0.0   0.0   0.14  0.1   0.0   0.0   0.0   0.0   
278   V     0.11  0.09  0.0   0.0   0.19  0.0   0.0   0.15  0.0   0.0   0.0   0.0   0.25  0.0   0.0   0.0   0.0   0.0   0.0   0.21  
279   P     0.0   0.05  0.05  0.07  0.0   0.0   0.0   0.0   0.0   0.0   0.0   0.0   0.0   0.12  0.16  0.0   0.0   0.18  0.22  0.15  
280   I     0.05  0.0   0.0   0.0   0.0   0.0   0.0   0.0   0.0   0.14  0.0   0.0   0.0   0.0   0.0   0.0   0.0   0.0   0.0   0.82  
281   D     0.12  0.15  0.0   0.21  0.0   0.05  0.08  0.18  0.0   0.0   0.0   0.0   0.0   0.0   0.0   0.15  0.05  0.0   0.0   0.0   
282   V     0.0   0.0   0.0   0.0   0.0   0.0   0.0   0.0   0.0   0.35  0.0   0.0   0.0   0.0   0.0   0.0   0.0   0.0   0.0   0.65  
283   V     0.0   0.0   0.0   0.24  0.0   0.05  0.6   0.0   0.0   0.0   0.0   0.0   0.0   0.0   0.0   0.05  0.0   0.0   0.0   0.07  
284   V     0.0   0.0   0.0   0.07  0.0   0.0   0.0   0.0   0.0   0.0   0.14  0.0   0.0   0.0   0.0   0.0   0.64  0.0   0.0   0.15  
285   D     0.0   0.0   0.14  0.13  0.0   0.45  0.02  0.0   0.0   0.0   0.0   0.02  0.0   0.0   0.0   0.11  0.05  0.0   0.0   0.08  
286   K     0.0   0.0   0.0   0.0   0.0   0.0   0.0   0.53  0.0   0.0   0.0   0.08  0.0   0.08  0.0   0.31  0.0   0.0   0.0   0.0   
287   Q     0.06  0.01  0.09  0.01  0.0   0.14  0.19  0.11  0.06  0.01  0.02  0.16  0.0   0.01  0.01  0.04  0.04  0.0   0.01  0.01  
288   P     0.0   0.0   0.0   0.0   0.0   0.0   0.08  0.0   0.05  0.17  0.31  0.0   0.0   0.05  0.17  0.0   0.0   0.03  0.15  0.0   
289   N     0.0   0.0   0.16  0.0   0.27  0.0   0.0   0.0   0.0   0.0   0.0   0.0   0.0   0.0   0.0   0.0   0.58  0.0   0.0   0.0   
290   E     0.08  0.05  0.0   0.0   0.0   0.12  0.08  0.0   0.0   0.0   0.24  0.04  0.05  0.0   0.0   0.12  0.08  0.0   0.09  0.04  
291   G     0.0   0.0   0.0   0.0   0.0   0.0   0.0   1.0   0.0   0.0   0.0   0.0   0.0   0.0   0.0   0.0   0.0   0.0   0.0   0.0   
292   A     0.08  0.2   0.0   0.0   0.0   0.0   0.0   0.0   0.12  0.0   0.05  0.08  0.34  0.0   0.0   0.0   0.13  0.0   0.0   0.0   
293   T     0.0   0.0   0.0   0.0   0.0   0.0   0.0   0.0   0.0   0.08  0.0   0.0   0.0   0.0   0.0   0.05  0.87  0.0   0.0   0.0   
294   V     0.0   0.0   0.0   0.0   0.0   0.0   0.0   0.0   0.0   0.08  0.13  0.0   0.0   0.0   0.0   0.04  0.0   0.0   0.0   0.75  
295   R     0.05  0.08  0.0   0.0   0.14  0.0   0.0   0.0   0.0   0.08  0.05  0.0   0.12  0.0   0.0   0.0   0.0   0.0   0.0   0.48  
296   T     0.0   0.0   0.05  0.79  0.0   0.0   0.08  0.0   0.0   0.0   0.0   0.0   0.0   0.0   0.0   0.0   0.08  0.0   0.0   0.0   
297   D     0.01  0.13  0.01  0.1   0.0   0.01  0.19  0.06  0.0   0.01  0.08  0.01  0.0   0.11  0.01  0.01  0.01  0.06  0.12  0.07  
298   A     0.1   0.11  0.0   0.0   0.05  0.0   0.01  0.01  0.0   0.05  0.11  0.01  0.0   0.07  0.0   0.01  0.01  0.21  0.24  0.01  
299   E     0.0   0.0   0.12  0.0   0.0   0.16  0.14  0.13  0.03  0.0   0.05  0.09  0.0   0.04  0.0   0.17  0.0   0.0   0.07  0.0   
300   N     0.0   0.0   0.26  0.08  0.0   0.06  0.09  0.25  0.0   0.0   0.0   0.02  0.07  0.0   0.11  0.0   0.0   0.0   0.0   0.06  
301   Y     0.0   0.18  0.0   0.0   0.0   0.09  0.0   0.0   0.0   0.0   0.0   0.37  0.0   0.0   0.09  0.0   0.02  0.0   0.24  0.0   
302   P     0.16  0.0   0.0   0.0   0.0   0.0   0.0   0.0   0.0   0.03  0.0   0.07  0.0   0.0   0.74  0.0   0.0   0.0   0.0   0.0   
303   L     0.0   0.0   0.72  0.0   0.0   0.0   0.0   0.0   0.06  0.0   0.09  0.05  0.0   0.0   0.0   0.0   0.08  0.0   0.0   0.0   
304   T     0.21  0.0   0.0   0.0   0.0   0.0   0.0   0.0   0.0   0.0   0.0   0.0   0.0   0.0   0.0   0.0   0.47  0.0   0.0   0.32  
305   F     0.0   0.0   0.0   0.0   0.0   0.2   0.0   0.0   0.13  0.09  0.0   0.19  0.0   0.09  0.0   0.0   0.3   0.0   0.0   0.0   
306   V     0.0   0.0   0.0   0.0   0.0   0.0   0.0   0.0   0.0   0.09  0.05  0.0   0.0   0.06  0.0   0.0   0.0   0.0   0.0   0.8   
307   A     0.38  0.0   0.0   0.0   0.07  0.0   0.0   0.19  0.0   0.02  0.19  0.0   0.09  0.0   0.0   0.0   0.0   0.0   0.0   0.06  
308   R     0.0   0.15  0.0   0.0   0.0   0.0   0.0   0.0   0.0   0.11  0.27  0.0   0.0   0.12  0.0   0.0   0.07  0.0   0.0   0.28  
309   N     0.0   0.0   0.09  0.42  0.0   0.0   0.06  0.07  0.0   0.0   0.0   0.11  0.0   0.0   0.0   0.0   0.25  0.0   0.0   0.0   
310   P     0.06  0.0   0.0   0.0   0.0   0.0   0.0   0.0   0.0   0.29  0.29  0.0   0.0   0.0   0.09  0.0   0.0   0.0   0.0   0.26  
311   E     0.0   0.0   0.21  0.7   0.0   0.0   0.09  0.0   0.0   0.0   0.0   0.0   0.0   0.0   0.0   0.0   0.0   0.0   0.0   0.0   
312   A     0.17  0.24  0.0   0.06  0.0   0.0   0.0   0.0   0.0   0.09  0.0   0.0   0.0   0.11  0.0   0.0   0.11  0.0   0.0   0.23  
313   E     0.03  0.0   0.0   0.29  0.0   0.23  0.25  0.0   0.0   0.0   0.02  0.05  0.0   0.0   0.08  0.06  0.0   0.0   0.0   0.0   
314   F     0.11  0.0   0.0   0.0   0.0   0.0   0.06  0.31  0.0   0.0   0.06  0.18  0.0   0.09  0.0   0.0   0.0   0.11  0.09  0.0   
315   F     0.0   0.0   0.0   0.0   0.0   0.0   0.0   0.0   0.0   0.0   0.0   0.0   0.0   0.92  0.0   0.0   0.0   0.0   0.0   0.08  
316   L     0.0   0.0   0.0   0.0   0.0   0.0   0.0   0.0   0.0   0.03  0.11  0.0   0.0   0.0   0.0   0.0   0.0   0.46  0.07  0.33  
317   D     0.0   0.0   0.0   0.56  0.0   0.0   0.15  0.2   0.0   0.0   0.0   0.09  0.0   0.0   0.0   0.0   0.0   0.0   0.0   0.0   
318   M     0.0   0.0   0.0   0.0   0.0   0.1   0.0   0.0   0.0   0.0   0.65  0.0   0.11  0.0   0.0   0.0   0.07  0.0   0.0   0.07  
319   L     0.0   0.0   0.0   0.0   0.0   0.0   0.0   0.0   0.0   0.19  0.45  0.0   0.08  0.07  0.0   0.0   0.0   0.0   0.0   0.2   
320   L     0.05  0.0   0.0   0.0   0.0   0.0   0.14  0.0   0.0   0.26  0.21  0.0   0.1   0.11  0.0   0.0   0.0   0.0   0.0   0.12  
321   R     0.0   0.19  0.14  0.13  0.0   0.08  0.4   0.0   0.07  0.0   0.0   0.0   0.0   0.0   0.0   0.0   0.0   0.0   0.0   0.0   
322   S     0.32  0.0   0.0   0.0   0.22  0.0   0.0   0.0   0.0   0.0   0.0   0.0   0.0   0.0   0.0   0.46  0.0   0.0   0.0   0.0   
323   A     0.24  0.0   0.0   0.0   0.0   0.0   0.0   0.0   0.0   0.21  0.25  0.0   0.0   0.0   0.0   0.0   0.0   0.0   0.0   0.3   
324   R     0.13  0.67  0.0   0.21  0.0   0.0   0.0   0.0   0.0   0.0   0.0   0.0   0.0   0.0   0.0   0.0   0.0   0.0   0.0   0.0   
325   A     0.45  0.0   0.22  0.0   0.0   0.0   0.0   0.33  0.0   0.0   0.0   0.0   0.0   0.0   0.0   0.0   0.0   0.0   0.0   0.0   
326   C     0.0   0.0   0.0   0.0   1.0   0.0   0.0   0.0   0.0   0.0   0.0   0.0   0.0   0.0   0.0   0.0   0.0   0.0   0.0   0.0   
