             A     R     N     D     C     Q     E     G     H     I     L     K     M     F     P     S     T     W     Y     V
1     G     0.0   0.0   0.0   0.0   0.0   0.0   0.0   0.0   0.0   0.0   0.0   0.0   0.0   0.0   0.0   0.0   0.0   0.0   0.0   0.0   
2     A     0.0   0.0   0.0   0.0   0.0   0.0   0.0   0.0   0.0   0.0   0.0   0.0   0.0   0.0   0.0   0.0   0.0   0.0   0.0   0.0   
3     M     0.0   0.0   0.0   0.0   0.0   0.0   0.0   0.0   0.0   0.0   0.0   0.0   1.0   0.0   0.0   0.0   0.0   0.0   0.0   0.0   
4     S     0.68  0.0   0.0   0.0   0.0   0.0   0.0   0.0   0.0   0.0   0.0   0.0   0.0   0.0   0.0   0.32  0.0   0.0   0.0   0.0   
5     Q     0.0   0.0   0.0   0.0   0.0   0.75  0.0   0.0   0.0   0.0   0.0   0.0   0.25  0.0   0.0   0.0   0.0   0.0   0.0   0.0   
6     I     0.0   0.0   0.0   0.0   0.0   0.0   0.0   0.0   0.0   1.0   0.0   0.0   0.0   0.0   0.0   0.0   0.0   0.0   0.0   0.0   
7     K     0.0   0.23  0.0   0.0   0.0   0.0   0.0   0.0   0.0   0.0   0.0   0.56  0.0   0.0   0.0   0.22  0.0   0.0   0.0   0.0   
8     L     0.0   0.0   0.0   0.0   0.0   0.0   0.0   0.0   0.0   0.0   0.36  0.0   0.2   0.0   0.0   0.0   0.0   0.0   0.0   0.44  
9     T     0.0   0.0   0.0   0.0   0.0   0.0   0.0   0.0   0.0   0.0   0.0   0.0   0.0   0.0   0.0   0.2   0.8   0.0   0.0   0.0   
10    P     0.0   0.0   0.0   0.0   0.0   0.0   0.0   0.0   0.0   0.0   0.0   0.0   0.0   0.0   1.0   0.0   0.0   0.0   0.0   0.0   
11    E     0.0   0.0   0.0   0.0   0.0   0.23  0.77  0.0   0.0   0.0   0.0   0.0   0.0   0.0   0.0   0.0   0.0   0.0   0.0   0.0   
12    E     0.23  0.0   0.0   0.0   0.0   0.0   0.77  0.0   0.0   0.0   0.0   0.0   0.0   0.0   0.0   0.0   0.0   0.0   0.0   0.0   
13    L     0.0   0.0   0.0   0.0   0.0   0.0   0.0   0.0   0.0   0.15  0.62  0.0   0.23  0.0   0.0   0.0   0.0   0.0   0.0   0.0   
14    R     0.0   0.83  0.0   0.0   0.0   0.0   0.0   0.0   0.0   0.0   0.0   0.17  0.0   0.0   0.0   0.0   0.0   0.0   0.0   0.0   
15    S     0.32  0.0   0.0   0.23  0.0   0.0   0.0   0.0   0.0   0.1   0.0   0.0   0.0   0.0   0.0   0.35  0.0   0.0   0.0   0.0   
16    S     0.0   0.0   0.0   0.0   0.0   0.17  0.0   0.0   0.0   0.0   0.0   0.15  0.4   0.0   0.0   0.28  0.0   0.0   0.0   0.0   
17    A     0.87  0.0   0.0   0.0   0.0   0.0   0.0   0.0   0.0   0.0   0.0   0.0   0.0   0.0   0.0   0.13  0.0   0.0   0.0   0.0   
18    Q     0.0   0.19  0.17  0.0   0.0   0.5   0.0   0.0   0.0   0.0   0.0   0.15  0.0   0.0   0.0   0.0   0.0   0.0   0.0   0.0   
19    K     0.0   0.0   0.0   0.0   0.0   0.15  0.0   0.0   0.0   0.0   0.0   0.59  0.0   0.0   0.0   0.13  0.0   0.0   0.0   0.14  
20    Y     0.0   0.0   0.0   0.0   0.0   0.0   0.0   0.0   0.0   0.0   0.0   0.0   0.0   0.19  0.0   0.0   0.0   0.0   0.81  0.0   
21    T     0.0   0.0   0.0   0.19  0.0   0.0   0.0   0.27  0.0   0.14  0.0   0.0   0.0   0.0   0.0   0.17  0.23  0.0   0.0   0.0   
22    A     0.31  0.0   0.0   0.0   0.0   0.27  0.0   0.0   0.0   0.0   0.0   0.0   0.19  0.0   0.0   0.0   0.08  0.0   0.0   0.15  
23    G     0.17  0.0   0.0   0.0   0.0   0.0   0.15  0.36  0.19  0.0   0.0   0.0   0.0   0.0   0.0   0.14  0.0   0.0   0.0   0.0   
24    S     0.36  0.0   0.0   0.0   0.0   0.0   0.0   0.0   0.0   0.0   0.0   0.14  0.0   0.0   0.0   0.5   0.0   0.0   0.0   0.0   
25    Q     0.0   0.0   0.0   0.13  0.0   0.57  0.31  0.0   0.0   0.0   0.0   0.0   0.0   0.0   0.0   0.0   0.0   0.0   0.0   0.0   
26    Q     0.0   0.0   0.19  0.0   0.0   0.27  0.45  0.0   0.0   0.0   0.0   0.0   0.0   0.0   0.0   0.08  0.0   0.0   0.0   0.0   
27    V     0.0   0.0   0.0   0.0   0.0   0.0   0.0   0.0   0.0   0.35  0.0   0.0   0.0   0.0   0.0   0.0   0.0   0.0   0.0   0.65  
28    T     0.0   0.48  0.0   0.14  0.0   0.0   0.0   0.0   0.0   0.0   0.15  0.0   0.0   0.0   0.0   0.0   0.23  0.0   0.0   0.0   
29    E     0.0   0.0   0.15  0.27  0.0   0.27  0.15  0.0   0.0   0.0   0.0   0.0   0.0   0.0   0.0   0.17  0.0   0.0   0.0   0.0   
30    V     0.14  0.0   0.0   0.0   0.0   0.15  0.19  0.0   0.0   0.13  0.0   0.0   0.0   0.0   0.0   0.17  0.0   0.0   0.0   0.23  
31    L     0.0   0.0   0.0   0.0   0.0   0.0   0.0   0.0   0.0   0.14  0.36  0.17  0.0   0.0   0.0   0.19  0.0   0.0   0.0   0.15  
32    N     0.0   0.0   0.15  0.15  0.0   0.14  0.0   0.0   0.19  0.0   0.0   0.0   0.17  0.0   0.0   0.13  0.08  0.0   0.0   0.0   
33    L     0.0   0.15  0.0   0.13  0.0   0.0   0.0   0.0   0.0   0.0   0.31  0.33  0.0   0.0   0.0   0.0   0.0   0.0   0.0   0.08  
34    L     0.0   0.0   0.0   0.0   0.0   0.0   0.0   0.0   0.0   0.0   0.67  0.0   0.19  0.0   0.0   0.0   0.0   0.0   0.0   0.14  
35    T     0.0   0.0   0.29  0.0   0.0   0.0   0.17  0.0   0.0   0.0   0.0   0.0   0.0   0.19  0.0   0.0   0.36  0.0   0.0   0.0   
36    Q     0.0   0.27  0.0   0.0   0.0   0.23  0.0   0.0   0.0   0.0   0.0   0.0   0.19  0.0   0.0   0.31  0.0   0.0   0.0   0.0   
37    E     0.13  0.17  0.0   0.0   0.0   0.0   0.23  0.0   0.0   0.0   0.0   0.0   0.29  0.0   0.0   0.19  0.0   0.0   0.0   0.0   
38    Q     0.0   0.0   0.14  0.0   0.0   0.36  0.0   0.0   0.0   0.15  0.17  0.0   0.0   0.0   0.0   0.19  0.0   0.0   0.0   0.0   
39    A     0.23  0.0   0.0   0.0   0.0   0.0   0.0   0.13  0.0   0.0   0.0   0.0   0.19  0.0   0.0   0.45  0.0   0.0   0.0   0.0   
40    V     0.17  0.0   0.0   0.34  0.0   0.0   0.13  0.0   0.0   0.0   0.0   0.0   0.0   0.0   0.0   0.0   0.14  0.0   0.0   0.23  
41    I     0.0   0.0   0.0   0.0   0.0   0.0   0.0   0.0   0.0   0.69  0.31  0.0   0.0   0.0   0.0   0.0   0.0   0.0   0.0   0.0   
42    D     0.27  0.0   0.0   0.23  0.0   0.0   0.0   0.36  0.0   0.0   0.0   0.15  0.0   0.0   0.0   0.0   0.0   0.0   0.0   0.0   
43    E     0.32  0.0   0.0   0.17  0.0   0.0   0.37  0.0   0.0   0.0   0.0   0.0   0.0   0.0   0.0   0.15  0.0   0.0   0.0   0.0   
44    N     0.17  0.0   0.36  0.0   0.0   0.0   0.14  0.19  0.0   0.0   0.0   0.0   0.15  0.0   0.0   0.0   0.0   0.0   0.0   0.0   
45    W     0.0   0.0   0.0   0.0   0.0   0.0   0.0   0.0   0.0   0.0   0.0   0.0   0.0   0.0   0.0   0.0   0.0   1.0   0.0   0.0   
46    D     0.0   0.0   0.0   0.23  0.0   0.17  0.27  0.0   0.0   0.0   0.0   0.14  0.0   0.0   0.0   0.19  0.0   0.0   0.0   0.0   
47    G     0.0   0.0   0.0   0.0   0.0   0.0   0.0   1.0   0.0   0.0   0.0   0.0   0.0   0.0   0.0   0.0   0.0   0.0   0.0   0.0   
48    S     0.15  0.0   0.0   0.0   0.0   0.27  0.0   0.0   0.0   0.0   0.0   0.17  0.0   0.0   0.0   0.15  0.27  0.0   0.0   0.0   
49    T     0.71  0.0   0.0   0.0   0.0   0.0   0.0   0.0   0.0   0.0   0.0   0.0   0.0   0.0   0.0   0.15  0.15  0.0   0.0   0.0   
50    F     0.0   0.17  0.0   0.0   0.0   0.19  0.0   0.0   0.0   0.0   0.0   0.0   0.0   0.5   0.0   0.15  0.0   0.0   0.0   0.0   
51    D     0.0   0.0   0.0   0.39  0.0   0.14  0.15  0.0   0.0   0.0   0.19  0.0   0.0   0.0   0.0   0.13  0.0   0.0   0.0   0.0   
52    S     0.29  0.13  0.0   0.0   0.0   0.0   0.0   0.0   0.0   0.0   0.0   0.0   0.0   0.0   0.0   0.39  0.19  0.0   0.0   0.0   
53    F     0.0   0.0   0.0   0.0   0.0   0.0   0.0   0.0   0.0   0.0   0.0   0.0   0.0   0.67  0.0   0.19  0.0   0.0   0.14  0.0   
54    E     0.15  0.0   0.0   0.17  0.0   0.0   0.36  0.0   0.19  0.0   0.14  0.0   0.0   0.0   0.0   0.0   0.0   0.0   0.0   0.0   
55    A     0.23  0.0   0.0   0.34  0.0   0.17  0.27  0.0   0.0   0.0   0.0   0.0   0.0   0.0   0.0   0.0   0.0   0.0   0.0   0.0   
56    Q     0.0   0.0   0.0   0.17  0.0   0.64  0.0   0.0   0.0   0.0   0.0   0.0   0.0   0.0   0.0   0.0   0.19  0.0   0.0   0.0   
57    F     0.0   0.0   0.0   0.0   0.0   0.0   0.0   0.0   0.0   0.0   0.0   0.0   0.19  0.52  0.0   0.0   0.0   0.0   0.29  0.0   
58    N     0.0   0.0   0.37  0.0   0.0   0.13  0.31  0.19  0.0   0.0   0.0   0.0   0.0   0.0   0.0   0.0   0.0   0.0   0.0   0.0   
59    E     0.0   0.0   0.0   0.0   0.0   0.61  0.39  0.0   0.0   0.0   0.0   0.0   0.0   0.0   0.0   0.0   0.0   0.0   0.0   0.0   
60    L     0.0   0.0   0.0   0.0   0.0   0.0   0.0   0.0   0.0   0.19  0.64  0.0   0.0   0.0   0.0   0.0   0.17  0.0   0.0   0.0   
61    S     0.0   0.0   0.19  0.0   0.0   0.0   0.0   0.0   0.14  0.0   0.0   0.31  0.0   0.0   0.0   0.36  0.0   0.0   0.0   0.0   
62    P     0.17  0.0   0.0   0.0   0.0   0.33  0.0   0.0   0.0   0.0   0.0   0.0   0.0   0.0   0.5   0.0   0.0   0.0   0.0   0.0   
63    K     0.36  0.0   0.0   0.0   0.0   0.0   0.0   0.0   0.0   0.0   0.0   0.36  0.0   0.0   0.0   0.15  0.14  0.0   0.0   0.0   
64    I     0.0   0.0   0.0   0.0   0.0   0.0   0.0   0.0   0.0   0.23  0.0   0.0   0.0   0.34  0.0   0.0   0.0   0.0   0.17  0.27  
65    T     0.0   0.19  0.0   0.17  0.0   0.0   0.13  0.0   0.0   0.15  0.0   0.0   0.0   0.0   0.0   0.0   0.23  0.0   0.0   0.14  
66    E     0.0   0.0   0.0   0.0   0.0   0.39  0.15  0.0   0.19  0.0   0.0   0.27  0.0   0.0   0.0   0.0   0.0   0.0   0.0   0.0   
67    F     0.0   0.0   0.0   0.0   0.0   0.0   0.0   0.0   0.0   0.19  0.0   0.0   0.15  0.66  0.0   0.0   0.0   0.0   0.0   0.0   
68    A     0.36  0.0   0.0   0.0   0.0   0.0   0.31  0.0   0.0   0.0   0.0   0.0   0.0   0.0   0.0   0.15  0.0   0.0   0.0   0.19  
69    Q     0.0   0.0   0.14  0.15  0.0   0.52  0.0   0.0   0.0   0.0   0.0   0.0   0.0   0.0   0.0   0.0   0.19  0.0   0.0   0.0   
70    L     0.0   0.0   0.0   0.0   0.0   0.0   0.17  0.0   0.0   0.0   0.83  0.0   0.0   0.0   0.0   0.0   0.0   0.0   0.0   0.0   
71    L     0.0   0.0   0.0   0.0   0.0   0.0   0.0   0.0   0.0   0.0   1.0   0.0   0.0   0.0   0.0   0.0   0.0   0.0   0.0   0.0   
72    E     0.0   0.0   0.0   0.0   0.0   0.34  0.5   0.0   0.0   0.0   0.17  0.0   0.0   0.0   0.0   0.0   0.0   0.0   0.0   0.0   
73    D     0.0   0.0   0.0   0.57  0.0   0.0   0.29  0.0   0.0   0.0   0.0   0.0   0.0   0.0   0.0   0.14  0.0   0.0   0.0   0.0   
74    I     0.0   0.0   0.0   0.0   0.0   0.0   0.0   0.0   0.0   0.36  0.0   0.0   0.0   0.0   0.0   0.0   0.17  0.0   0.0   0.48  
75    N     0.0   0.19  0.52  0.0   0.0   0.0   0.0   0.0   0.0   0.0   0.0   0.13  0.0   0.0   0.0   0.17  0.0   0.0   0.0   0.0   
76    Q     0.0   0.0   0.0   0.19  0.0   0.81  0.0   0.0   0.0   0.0   0.0   0.0   0.0   0.0   0.0   0.0   0.0   0.0   0.0   0.0   
77    Q     0.0   0.0   0.0   0.0   0.0   0.83  0.17  0.0   0.0   0.0   0.0   0.0   0.0   0.0   0.0   0.0   0.0   0.0   0.0   0.0   
78    L     0.0   0.0   0.0   0.0   0.0   0.0   0.0   0.0   0.0   0.0   1.0   0.0   0.0   0.0   0.0   0.0   0.0   0.0   0.0   0.0   
79    L     0.0   0.0   0.27  0.15  0.0   0.0   0.0   0.19  0.0   0.0   0.23  0.17  0.0   0.0   0.0   0.0   0.0   0.0   0.0   0.0   
80    K     0.17  0.0   0.0   0.0   0.0   0.15  0.0   0.0   0.0   0.0   0.0   0.37  0.0   0.0   0.0   0.13  0.19  0.0   0.0   0.0   
81    V     0.36  0.0   0.0   0.0   0.0   0.0   0.0   0.0   0.0   0.0   0.0   0.0   0.0   0.0   0.0   0.0   0.27  0.0   0.14  0.23  
82    A     1.0   0.0   0.0   0.0   0.0   0.0   0.0   0.0   0.0   0.0   0.0   0.0   0.0   0.0   0.0   0.0   0.0   0.0   0.0   0.0   
83    D     0.0   0.0   0.15  0.69  0.0   0.0   0.0   0.0   0.0   0.0   0.0   0.0   0.0   0.0   0.0   0.0   0.0   0.0   0.0   0.17  
84    I     0.13  0.19  0.0   0.0   0.0   0.0   0.0   0.0   0.0   0.15  0.0   0.17  0.0   0.0   0.0   0.0   0.29  0.0   0.0   0.08  
85    I     0.0   0.0   0.0   0.0   0.0   0.0   0.0   0.0   0.0   0.31  0.15  0.0   0.0   0.0   0.0   0.0   0.0   0.0   0.19  0.35  
86    E     0.14  0.0   0.0   0.0   0.0   0.13  0.73  0.0   0.0   0.0   0.0   0.0   0.0   0.0   0.0   0.0   0.0   0.0   0.0   0.0   
87    Q     0.0   0.0   0.0   0.0   0.0   0.23  0.43  0.0   0.19  0.0   0.0   0.0   0.0   0.0   0.0   0.15  0.0   0.0   0.0   0.0   
88    T     0.0   0.31  0.0   0.0   0.0   0.32  0.0   0.0   0.0   0.0   0.0   0.0   0.0   0.0   0.0   0.0   0.38  0.0   0.0   0.0   
89    D     0.0   0.0   0.0   0.64  0.0   0.0   0.19  0.0   0.0   0.0   0.0   0.17  0.0   0.0   0.0   0.0   0.0   0.0   0.0   0.0   
90    A     0.45  0.0   0.0   0.0   0.0   0.27  0.19  0.0   0.0   0.0   0.0   0.0   0.0   0.0   0.0   0.08  0.0   0.0   0.0   0.0   
91    D     0.0   0.0   0.19  0.38  0.0   0.27  0.17  0.0   0.0   0.0   0.0   0.0   0.0   0.0   0.0   0.0   0.0   0.0   0.0   0.0   
92    I     0.0   0.0   0.0   0.14  0.0   0.0   0.0   0.0   0.0   0.54  0.13  0.0   0.0   0.0   0.0   0.19  0.0   0.0   0.0   0.0   
93    A     0.68  0.19  0.0   0.0   0.0   0.0   0.0   0.0   0.0   0.0   0.0   0.0   0.0   0.0   0.0   0.13  0.0   0.0   0.0   0.0   
94    S     0.0   0.0   0.4   0.0   0.0   0.0   0.0   0.0   0.0   0.0   0.0   0.27  0.0   0.0   0.0   0.33  0.0   0.0   0.0   0.0   
95    Q     0.0   0.0   0.0   0.0   0.0   0.68  0.0   0.0   0.0   0.32  0.0   0.0   0.0   0.0   0.0   0.0   0.0   0.0   0.0   0.0   
96    I     0.0   0.0   0.0   0.0   0.0   0.0   0.0   0.0   0.0   0.68  0.32  0.0   0.0   0.0   0.0   0.0   0.0   0.0   0.0   0.0   
97    S     0.0   0.26  0.16  0.0   0.0   0.0   0.0   0.0   0.0   0.0   0.0   0.0   0.0   0.0   0.0   0.59  0.0   0.0   0.0   0.0   
98    G     0.0   0.0   0.0   0.0   0.0   0.0   0.0   1.0   0.0   0.0   0.0   0.0   0.0   0.0   0.0   0.0   0.0   0.0   0.0   0.0   
