             A     R     N     D     C     Q     E     G     H     I     L     K     M     F     P     S     T     W     Y     V
1     T     0.0   0.0   0.0   0.0   0.0   0.0   0.0   0.0   0.0   0.0   0.0   0.86  0.0   0.0   0.0   0.0   0.14  0.0   0.0   0.0   
2     T     0.0   0.0   0.0   0.0   0.0   0.0   0.0   0.0   0.0   0.07  0.0   0.0   0.0   0.0   0.0   0.79  0.14  0.0   0.0   0.0   
3     C     0.0   0.0   0.0   0.0   1.0   0.0   0.0   0.0   0.0   0.0   0.0   0.0   0.0   0.0   0.0   0.0   0.0   0.0   0.0   0.0   
4     C     0.0   0.0   0.0   0.0   1.0   0.0   0.0   0.0   0.0   0.0   0.0   0.0   0.0   0.0   0.0   0.0   0.0   0.0   0.0   0.0   
5     P     0.0   0.26  0.0   0.0   0.0   0.0   0.0   0.0   0.0   0.0   0.0   0.16  0.0   0.0   0.59  0.0   0.0   0.0   0.0   0.0   
6     S     0.0   0.06  0.3   0.03  0.0   0.0   0.0   0.0   0.0   0.0   0.0   0.0   0.0   0.0   0.0   0.42  0.12  0.0   0.0   0.0   
7     I     0.0   0.0   0.0   0.0   0.0   0.0   0.0   0.0   0.0   0.22  0.0   0.0   0.0   0.0   0.0   0.0   0.78  0.0   0.0   0.0   
8     V     0.05  0.0   0.0   0.0   0.0   0.12  0.0   0.0   0.0   0.06  0.34  0.0   0.0   0.0   0.0   0.0   0.29  0.05  0.0   0.1   
9     A     0.49  0.0   0.0   0.06  0.0   0.0   0.0   0.45  0.0   0.0   0.0   0.0   0.0   0.0   0.0   0.0   0.0   0.0   0.0   0.0   
10    R     0.0   1.0   0.0   0.0   0.0   0.0   0.0   0.0   0.0   0.0   0.0   0.0   0.0   0.0   0.0   0.0   0.0   0.0   0.0   0.0   
11    S     0.0   0.0   0.72  0.0   0.0   0.0   0.0   0.0   0.0   0.0   0.0   0.0   0.0   0.0   0.0   0.1   0.12  0.0   0.0   0.0   
12    N     0.0   0.0   0.1   0.0   0.41  0.05  0.0   0.0   0.0   0.32  0.0   0.0   0.0   0.12  0.0   0.0   0.0   0.0   0.0   0.0   
13    F     0.0   0.0   0.0   0.0   0.0   0.0   0.0   0.0   0.0   0.0   0.0   0.0   0.0   0.1   0.0   0.0   0.0   0.0   0.9   0.0   
14    N     0.0   0.0   0.94  0.0   0.0   0.0   0.0   0.0   0.0   0.0   0.0   0.0   0.0   0.0   0.0   0.0   0.0   0.0   0.0   0.0   
15    V     0.3   0.0   0.0   0.0   0.0   0.0   0.0   0.0   0.0   0.05  0.19  0.0   0.0   0.0   0.0   0.0   0.32  0.0   0.0   0.15  
16    C     0.0   0.0   0.0   0.0   1.0   0.0   0.0   0.0   0.0   0.0   0.0   0.0   0.0   0.0   0.0   0.0   0.0   0.0   0.0   0.0   
17    R     0.0   0.88  0.0   0.0   0.0   0.0   0.0   0.0   0.0   0.0   0.12  0.0   0.0   0.0   0.0   0.0   0.0   0.0   0.0   0.0   
18    L     0.07  0.0   0.0   0.0   0.0   0.0   0.0   0.0   0.0   0.0   0.37  0.0   0.0   0.45  0.0   0.05  0.0   0.0   0.0   0.07  
19    P     0.22  0.19  0.0   0.0   0.0   0.0   0.0   0.14  0.0   0.05  0.0   0.0   0.0   0.0   0.19  0.0   0.2   0.0   0.0   0.0   
20    G     0.0   0.0   0.0   0.0   0.0   0.0   0.0   0.82  0.0   0.0   0.0   0.05  0.0   0.0   0.0   0.0   0.0   0.0   0.0   0.12  
21    T     0.3   0.0   0.0   0.0   0.0   0.0   0.0   0.42  0.0   0.0   0.0   0.05  0.0   0.0   0.0   0.0   0.22  0.0   0.0   0.0   
22    P     0.0   0.0   0.0   0.0   0.0   0.19  0.0   0.0   0.0   0.0   0.0   0.0   0.0   0.0   0.23  0.58  0.0   0.0   0.0   0.0   
23    E     0.0   0.47  0.0   0.0   0.0   0.06  0.1   0.0   0.0   0.0   0.0   0.19  0.06  0.0   0.12  0.0   0.0   0.0   0.0   0.0   
24    A     0.11  0.01  0.01  0.01  0.0   0.01  0.14  0.01  0.0   0.01  0.02  0.07  0.0   0.01  0.27  0.16  0.07  0.0   0.01  0.01  
25    L     0.0   0.06  0.06  0.0   0.0   0.0   0.0   0.0   0.0   0.05  0.29  0.0   0.0   0.0   0.0   0.12  0.17  0.0   0.0   0.26  
26    C     0.0   0.0   0.0   0.0   1.0   0.0   0.0   0.0   0.0   0.0   0.0   0.0   0.0   0.0   0.0   0.0   0.0   0.0   0.0   0.0   
27    A     0.77  0.0   0.0   0.0   0.0   0.0   0.0   0.06  0.0   0.12  0.0   0.0   0.0   0.0   0.0   0.05  0.0   0.0   0.0   0.0   
28    T     0.05  0.18  0.13  0.0   0.0   0.0   0.0   0.16  0.0   0.06  0.0   0.13  0.0   0.0   0.0   0.11  0.18  0.0   0.0   0.0   
29    Y     0.1   0.0   0.12  0.0   0.0   0.0   0.0   0.0   0.0   0.06  0.42  0.05  0.0   0.0   0.0   0.0   0.0   0.0   0.1   0.15  
30    T     0.0   0.0   0.0   0.0   0.41  0.0   0.0   0.0   0.0   0.0   0.0   0.0   0.0   0.0   0.0   0.49  0.1   0.0   0.0   0.0   
31    G     0.0   0.22  0.0   0.11  0.0   0.0   0.0   0.55  0.0   0.0   0.0   0.0   0.0   0.0   0.0   0.12  0.0   0.0   0.0   0.0   
32    C     0.0   0.0   0.0   0.0   1.0   0.0   0.0   0.0   0.0   0.0   0.0   0.0   0.0   0.0   0.0   0.0   0.0   0.0   0.0   0.0   
33    I     0.0   0.0   0.0   0.0   0.0   0.0   0.0   0.0   0.0   0.16  0.12  0.72  0.0   0.0   0.0   0.0   0.0   0.0   0.0   0.0   
34    I     0.0   0.0   0.0   0.12  0.0   0.0   0.0   0.0   0.06  0.66  0.16  0.0   0.0   0.0   0.0   0.0   0.0   0.0   0.0   0.0   
35    I     0.0   0.0   0.0   0.0   0.0   0.0   0.0   0.0   0.0   0.66  0.0   0.0   0.0   0.0   0.0   0.04  0.17  0.0   0.0   0.13  
36    P     0.0   0.0   0.0   0.0   0.0   0.0   0.0   0.0   0.0   0.0   0.0   0.0   0.0   0.0   0.1   0.83  0.07  0.0   0.0   0.0   
37    G     0.14  0.0   0.0   0.0   0.0   0.0   0.11  0.63  0.0   0.0   0.0   0.0   0.0   0.0   0.0   0.05  0.07  0.0   0.0   0.0   
38    A     0.1   0.0   0.0   0.0   0.0   0.0   0.0   0.05  0.0   0.0   0.17  0.0   0.0   0.0   0.07  0.36  0.26  0.0   0.0   0.0   
39    T     0.0   0.0   0.0   0.0   0.0   0.0   0.0   0.05  0.0   0.0   0.0   0.16  0.0   0.0   0.0   0.13  0.66  0.0   0.0   0.0   
40    C     0.0   0.0   0.0   0.0   1.0   0.0   0.0   0.0   0.0   0.0   0.0   0.0   0.0   0.0   0.0   0.0   0.0   0.0   0.0   0.0   
41    P     0.0   0.0   0.0   0.06  0.0   0.0   0.0   0.0   0.0   0.0   0.0   0.0   0.0   0.0   0.9   0.0   0.0   0.0   0.0   0.0   
42    G     0.0   0.15  0.0   0.0   0.0   0.0   0.0   0.1   0.0   0.0   0.0   0.13  0.0   0.0   0.11  0.46  0.05  0.0   0.0   0.0   
43    D     0.0   0.0   0.0   0.38  0.0   0.0   0.0   0.5   0.0   0.0   0.0   0.0   0.0   0.0   0.0   0.12  0.0   0.0   0.0   0.0   
44    Y     0.0   0.0   0.0   0.0   0.0   0.0   0.0   0.0   0.08  0.0   0.0   0.0   0.0   0.23  0.0   0.0   0.0   0.12  0.57  0.0   
45    A     0.2   0.12  0.22  0.0   0.0   0.0   0.0   0.0   0.0   0.0   0.0   0.0   0.0   0.0   0.0   0.0   0.35  0.0   0.0   0.0   
46    N     0.0   0.0   0.41  0.0   0.0   0.0   0.0   0.0   0.59  0.0   0.0   0.0   0.0   0.0   0.0   0.0   0.0   0.0   0.0   0.0   
