             A     R     N     D     C     Q     E     G     H     I     L     K     M     F     P     S     T     W     Y     V
1     H     0.0   0.0   0.0   0.0   0.0   0.0   0.0   0.0   0.2   0.0   0.0   0.0   0.0   0.0   0.0   0.0   0.0   0.0   0.8   0.0   
2     H     0.0   0.0   0.56  0.18  0.0   0.09  0.0   0.0   0.08  0.0   0.0   0.0   0.0   0.0   0.0   0.0   0.09  0.0   0.0   0.0   
3     H     0.05  0.13  0.05  0.0   0.0   0.54  0.0   0.0   0.04  0.0   0.0   0.0   0.0   0.0   0.05  0.0   0.05  0.0   0.08  0.0   
4     H     0.03  0.12  0.01  0.04  0.0   0.1   0.27  0.0   0.08  0.02  0.0   0.15  0.0   0.0   0.0   0.19  0.0   0.0   0.0   0.0   
5     H     0.0   0.01  0.0   0.04  0.0   0.32  0.46  0.0   0.03  0.0   0.04  0.09  0.0   0.0   0.0   0.0   0.0   0.0   0.0   0.0   
6     M     0.33  0.0   0.0   0.0   0.0   0.0   0.0   0.02  0.0   0.08  0.07  0.0   0.34  0.02  0.0   0.06  0.0   0.0   0.02  0.07  
7     K     0.11  0.32  0.03  0.0   0.0   0.24  0.0   0.01  0.01  0.1   0.04  0.08  0.0   0.0   0.0   0.01  0.0   0.0   0.05  0.0   
8     E     0.19  0.07  0.07  0.03  0.0   0.16  0.2   0.0   0.03  0.03  0.02  0.08  0.0   0.0   0.01  0.07  0.04  0.0   0.0   0.02  
9     I     0.07  0.0   0.0   0.0   0.0   0.0   0.0   0.02  0.0   0.34  0.32  0.01  0.04  0.02  0.0   0.0   0.0   0.0   0.03  0.15  
10    D     0.0   0.0   0.0   0.68  0.0   0.0   0.27  0.0   0.0   0.0   0.0   0.0   0.02  0.0   0.0   0.0   0.02  0.0   0.0   0.0   
11    E     0.04  0.15  0.06  0.08  0.0   0.16  0.2   0.01  0.02  0.0   0.03  0.06  0.0   0.0   0.02  0.06  0.09  0.0   0.0   0.02  
12    L     0.12  0.07  0.0   0.05  0.0   0.02  0.23  0.0   0.01  0.07  0.22  0.04  0.0   0.02  0.0   0.0   0.01  0.01  0.1   0.0   
13    T     0.31  0.01  0.1   0.0   0.0   0.0   0.0   0.0   0.0   0.0   0.3   0.0   0.09  0.0   0.0   0.0   0.16  0.0   0.0   0.02  
14    I     0.13  0.0   0.0   0.0   0.01  0.02  0.01  0.03  0.01  0.2   0.06  0.0   0.12  0.17  0.0   0.13  0.03  0.0   0.0   0.08  
15    K     0.11  0.07  0.22  0.06  0.0   0.03  0.25  0.05  0.04  0.0   0.01  0.02  0.0   0.0   0.02  0.08  0.02  0.0   0.0   0.0   
16    E     0.06  0.03  0.0   0.06  0.0   0.08  0.29  0.0   0.0   0.0   0.02  0.11  0.01  0.05  0.01  0.09  0.07  0.03  0.04  0.04  
17    Y     0.03  0.01  0.0   0.0   0.01  0.02  0.01  0.14  0.0   0.14  0.14  0.0   0.04  0.08  0.01  0.0   0.02  0.02  0.29  0.03  
18    G     0.07  0.08  0.03  0.0   0.0   0.04  0.01  0.55  0.01  0.0   0.02  0.08  0.02  0.01  0.0   0.08  0.0   0.0   0.0   0.0   
19    V     0.03  0.0   0.0   0.0   0.0   0.0   0.0   0.0   0.0   0.23  0.13  0.0   0.08  0.3   0.02  0.0   0.0   0.01  0.07  0.13  
20    D     0.0   0.0   0.04  0.06  0.0   0.02  0.04  0.03  0.01  0.0   0.04  0.04  0.0   0.0   0.28  0.35  0.08  0.0   0.0   0.0   
21    S     0.01  0.05  0.0   0.03  0.02  0.06  0.07  0.11  0.0   0.07  0.15  0.04  0.0   0.0   0.01  0.16  0.07  0.0   0.0   0.14  
22    R     0.05  0.01  0.01  0.3   0.0   0.06  0.09  0.04  0.0   0.08  0.19  0.02  0.02  0.02  0.01  0.03  0.01  0.0   0.04  0.02  
23    I     0.06  0.0   0.0   0.0   0.03  0.37  0.08  0.04  0.01  0.1   0.04  0.0   0.01  0.03  0.0   0.02  0.03  0.0   0.0   0.19  
24    L     0.0   0.0   0.0   0.0   0.0   0.0   0.0   0.0   0.0   0.0   0.93  0.0   0.04  0.0   0.0   0.0   0.0   0.0   0.0   0.03  
25    M     0.0   0.0   0.0   0.0   0.0   0.0   0.0   0.0   0.0   0.04  0.03  0.0   0.86  0.0   0.0   0.0   0.0   0.0   0.0   0.06  
26    E     0.0   0.04  0.0   0.0   0.01  0.02  0.89  0.0   0.0   0.0   0.01  0.01  0.0   0.0   0.02  0.0   0.0   0.0   0.0   0.0   
27    R     0.0   0.28  0.3   0.0   0.0   0.0   0.0   0.0   0.01  0.03  0.28  0.03  0.0   0.0   0.0   0.02  0.01  0.0   0.0   0.03  
28    A     0.9   0.0   0.0   0.0   0.02  0.0   0.0   0.0   0.0   0.0   0.0   0.0   0.0   0.03  0.0   0.02  0.0   0.01  0.0   0.01  
29    G     0.26  0.0   0.0   0.0   0.0   0.0   0.0   0.7   0.0   0.0   0.0   0.02  0.0   0.0   0.0   0.02  0.0   0.0   0.0   0.0   
30    I     0.12  0.12  0.0   0.0   0.0   0.07  0.05  0.0   0.04  0.01  0.4   0.05  0.05  0.02  0.0   0.01  0.03  0.0   0.01  0.03  
31    S     0.37  0.03  0.06  0.0   0.0   0.03  0.0   0.11  0.0   0.0   0.03  0.01  0.0   0.01  0.0   0.35  0.0   0.0   0.0   0.0   
32    V     0.17  0.0   0.0   0.0   0.16  0.0   0.0   0.02  0.0   0.07  0.18  0.0   0.0   0.0   0.0   0.02  0.02  0.0   0.0   0.36  
33    V     0.54  0.02  0.0   0.0   0.04  0.0   0.03  0.0   0.0   0.06  0.02  0.0   0.0   0.06  0.0   0.14  0.01  0.0   0.03  0.05  
34    L     0.05  0.1   0.02  0.13  0.0   0.19  0.13  0.03  0.06  0.02  0.01  0.07  0.02  0.03  0.0   0.05  0.05  0.0   0.01  0.04  
35    A     0.37  0.04  0.05  0.0   0.0   0.0   0.06  0.0   0.02  0.03  0.08  0.0   0.0   0.11  0.0   0.02  0.02  0.02  0.01  0.15  
36    M     0.08  0.0   0.0   0.0   0.04  0.0   0.0   0.0   0.0   0.36  0.17  0.0   0.02  0.05  0.0   0.0   0.03  0.0   0.0   0.24  
37    E     0.18  0.07  0.02  0.01  0.02  0.04  0.04  0.06  0.01  0.01  0.16  0.04  0.01  0.07  0.01  0.03  0.06  0.01  0.09  0.05  
38    E     0.14  0.1   0.05  0.08  0.0   0.1   0.16  0.0   0.04  0.0   0.02  0.2   0.0   0.0   0.0   0.07  0.03  0.0   0.02  0.0   
39    E     0.12  0.08  0.04  0.03  0.07  0.02  0.14  0.05  0.05  0.01  0.15  0.07  0.0   0.0   0.0   0.05  0.0   0.01  0.02  0.08  
40    L     0.11  0.01  0.01  0.02  0.0   0.02  0.01  0.01  0.05  0.04  0.15  0.02  0.0   0.2   0.01  0.02  0.02  0.05  0.23  0.02  
41    G     0.05  0.02  0.0   0.0   0.0   0.02  0.03  0.2   0.0   0.0   0.01  0.07  0.0   0.06  0.42  0.08  0.01  0.0   0.01  0.01  
42    N     0.08  0.04  0.07  0.13  0.0   0.02  0.08  0.08  0.05  0.02  0.11  0.04  0.0   0.01  0.13  0.05  0.05  0.0   0.01  0.03  
43    L     0.06  0.04  0.05  0.04  0.01  0.01  0.05  0.09  0.0   0.07  0.12  0.03  0.0   0.04  0.05  0.1   0.09  0.0   0.04  0.1   
44    S     0.1   0.06  0.06  0.11  0.01  0.07  0.06  0.02  0.0   0.01  0.01  0.1   0.0   0.01  0.08  0.2   0.08  0.0   0.0   0.02  
45    D     0.03  0.05  0.03  0.04  0.01  0.06  0.07  0.17  0.02  0.01  0.09  0.03  0.02  0.06  0.12  0.06  0.01  0.0   0.08  0.02  
46    Y     0.06  0.13  0.04  0.01  0.0   0.01  0.08  0.11  0.04  0.01  0.04  0.19  0.01  0.0   0.1   0.13  0.02  0.0   0.01  0.01  
47    R     0.04  0.31  0.08  0.02  0.0   0.04  0.03  0.01  0.1   0.0   0.05  0.25  0.0   0.0   0.0   0.04  0.01  0.0   0.0   0.0   
48    F     0.05  0.0   0.0   0.0   0.0   0.0   0.0   0.0   0.0   0.19  0.03  0.0   0.0   0.05  0.0   0.0   0.0   0.04  0.0   0.65  
49    L     0.12  0.01  0.0   0.0   0.04  0.01  0.0   0.02  0.0   0.06  0.56  0.0   0.01  0.01  0.0   0.03  0.01  0.0   0.01  0.11  
50    V     0.06  0.0   0.0   0.0   0.0   0.0   0.0   0.0   0.0   0.35  0.08  0.0   0.0   0.0   0.0   0.0   0.01  0.0   0.0   0.51  
51    L     0.04  0.0   0.0   0.0   0.1   0.0   0.0   0.0   0.0   0.05  0.47  0.0   0.0   0.12  0.0   0.0   0.0   0.0   0.0   0.22  
52    C     0.27  0.0   0.0   0.0   0.55  0.0   0.0   0.0   0.0   0.0   0.0   0.0   0.0   0.0   0.0   0.01  0.0   0.0   0.0   0.17  
53    G     0.01  0.0   0.0   0.0   0.0   0.0   0.0   0.95  0.0   0.0   0.0   0.0   0.0   0.0   0.0   0.04  0.0   0.0   0.0   0.0   
54    G     0.05  0.05  0.0   0.02  0.0   0.01  0.0   0.02  0.02  0.01  0.04  0.06  0.02  0.0   0.51  0.12  0.07  0.0   0.0   0.03  
55    G     0.0   0.0   0.0   0.0   0.0   0.0   0.03  0.86  0.09  0.0   0.0   0.0   0.0   0.0   0.0   0.02  0.0   0.0   0.0   0.0   
56    N     0.0   0.0   0.68  0.12  0.0   0.03  0.0   0.06  0.05  0.0   0.0   0.0   0.0   0.0   0.0   0.01  0.0   0.0   0.0   0.06  
57    N     0.0   0.0   0.87  0.0   0.0   0.04  0.0   0.0   0.02  0.0   0.0   0.05  0.0   0.0   0.0   0.02  0.0   0.0   0.0   0.0   
58    G     0.02  0.0   0.0   0.0   0.0   0.0   0.0   0.98  0.0   0.0   0.0   0.0   0.0   0.0   0.0   0.0   0.0   0.0   0.0   0.0   
59    G     0.14  0.0   0.0   0.0   0.0   0.0   0.0   0.82  0.0   0.0   0.0   0.0   0.0   0.0   0.0   0.04  0.0   0.0   0.0   0.0   
60    D     0.03  0.0   0.0   0.79  0.0   0.08  0.0   0.01  0.0   0.01  0.0   0.02  0.0   0.0   0.0   0.0   0.0   0.0   0.0   0.04  
61    G     0.16  0.0   0.0   0.0   0.0   0.0   0.0   0.82  0.0   0.0   0.0   0.0   0.0   0.0   0.0   0.0   0.0   0.0   0.0   0.0   
62    F     0.0   0.0   0.0   0.02  0.0   0.0   0.0   0.01  0.0   0.11  0.54  0.0   0.02  0.13  0.0   0.0   0.0   0.01  0.09  0.06  
63    V     0.24  0.0   0.0   0.0   0.01  0.0   0.01  0.0   0.0   0.01  0.02  0.0   0.0   0.0   0.0   0.06  0.02  0.02  0.01  0.59  
64    V     0.34  0.0   0.0   0.0   0.21  0.0   0.0   0.0   0.0   0.12  0.12  0.0   0.02  0.0   0.0   0.01  0.01  0.0   0.0   0.17  
65    A     0.79  0.0   0.0   0.0   0.0   0.0   0.0   0.16  0.0   0.0   0.0   0.0   0.0   0.02  0.0   0.02  0.01  0.0   0.0   0.0   
66    R     0.06  0.85  0.0   0.0   0.0   0.02  0.0   0.0   0.02  0.0   0.0   0.0   0.0   0.0   0.0   0.0   0.04  0.0   0.0   0.01  
67    N     0.02  0.06  0.02  0.03  0.02  0.03  0.04  0.01  0.54  0.01  0.15  0.0   0.01  0.03  0.0   0.0   0.0   0.01  0.03  0.0   
68    L     0.09  0.0   0.0   0.0   0.0   0.0   0.0   0.0   0.0   0.01  0.9   0.0   0.0   0.0   0.0   0.0   0.0   0.0   0.0   0.0   
69    L     0.23  0.1   0.0   0.05  0.05  0.03  0.0   0.0   0.05  0.0   0.04  0.16  0.03  0.02  0.0   0.04  0.0   0.04  0.09  0.04  
70    G     0.11  0.07  0.12  0.0   0.0   0.08  0.05  0.1   0.09  0.02  0.19  0.02  0.03  0.0   0.0   0.04  0.04  0.0   0.01  0.04  
71    V     0.14  0.14  0.03  0.02  0.0   0.04  0.05  0.0   0.06  0.02  0.02  0.04  0.13  0.18  0.0   0.01  0.02  0.01  0.06  0.02  
72    V     0.02  0.02  0.03  0.06  0.0   0.01  0.05  0.72  0.0   0.0   0.0   0.02  0.0   0.0   0.0   0.04  0.0   0.0   0.0   0.02  
73    K     0.08  0.09  0.0   0.03  0.0   0.0   0.0   0.01  0.05  0.05  0.05  0.05  0.02  0.09  0.0   0.02  0.0   0.03  0.28  0.14  
74    D     0.09  0.02  0.08  0.15  0.0   0.11  0.14  0.01  0.04  0.08  0.02  0.13  0.0   0.0   0.01  0.02  0.06  0.0   0.03  0.02  
75    V     0.03  0.0   0.0   0.0   0.0   0.0   0.02  0.0   0.0   0.08  0.0   0.0   0.0   0.0   0.25  0.01  0.04  0.0   0.0   0.57  
76    L     0.03  0.1   0.01  0.07  0.0   0.02  0.06  0.01  0.03  0.07  0.05  0.06  0.01  0.01  0.0   0.08  0.26  0.02  0.02  0.1   
77    V     0.03  0.0   0.0   0.0   0.01  0.0   0.0   0.0   0.0   0.28  0.19  0.0   0.0   0.02  0.0   0.0   0.0   0.0   0.01  0.46  
78    V     0.03  0.02  0.0   0.02  0.01  0.03  0.0   0.02  0.02  0.03  0.15  0.0   0.01  0.25  0.0   0.0   0.02  0.07  0.23  0.1   
79    F     0.03  0.03  0.01  0.0   0.03  0.04  0.03  0.0   0.01  0.02  0.3   0.02  0.02  0.05  0.0   0.03  0.04  0.01  0.27  0.04  
80    L     0.04  0.0   0.0   0.02  0.02  0.0   0.02  0.01  0.0   0.05  0.15  0.0   0.05  0.02  0.43  0.02  0.03  0.0   0.03  0.12  
81    G     0.07  0.03  0.08  0.02  0.0   0.0   0.02  0.23  0.0   0.0   0.03  0.28  0.0   0.01  0.05  0.11  0.05  0.0   0.0   0.01  
82    K     0.05  0.17  0.12  0.07  0.0   0.08  0.09  0.05  0.05  0.0   0.02  0.07  0.0   0.06  0.11  0.01  0.0   0.0   0.0   0.04  
83    K     0.02  0.17  0.03  0.03  0.0   0.0   0.05  0.06  0.0   0.02  0.0   0.06  0.0   0.02  0.24  0.13  0.09  0.0   0.0   0.07  
84    K     0.13  0.06  0.06  0.08  0.0   0.04  0.12  0.0   0.01  0.04  0.11  0.24  0.0   0.01  0.02  0.04  0.02  0.0   0.01  0.01  
85    T     0.03  0.07  0.06  0.02  0.0   0.02  0.03  0.01  0.05  0.0   0.04  0.26  0.07  0.0   0.09  0.13  0.09  0.0   0.0   0.04  
86    P     0.06  0.01  0.02  0.1   0.0   0.05  0.17  0.11  0.04  0.0   0.1   0.01  0.0   0.0   0.2   0.01  0.07  0.0   0.02  0.03  
87    D     0.04  0.0   0.03  0.22  0.0   0.04  0.15  0.0   0.04  0.0   0.28  0.01  0.03  0.02  0.02  0.07  0.0   0.0   0.02  0.02  
88    C     0.27  0.04  0.02  0.0   0.04  0.0   0.01  0.03  0.03  0.0   0.03  0.0   0.04  0.13  0.02  0.12  0.07  0.0   0.1   0.05  
89    E     0.13  0.15  0.03  0.02  0.0   0.12  0.14  0.04  0.03  0.04  0.03  0.15  0.0   0.01  0.0   0.02  0.04  0.0   0.01  0.04  
90    Y     0.12  0.17  0.1   0.04  0.0   0.02  0.02  0.02  0.05  0.07  0.07  0.07  0.0   0.0   0.0   0.06  0.09  0.02  0.01  0.07  
91    N     0.11  0.0   0.26  0.0   0.0   0.24  0.03  0.0   0.03  0.0   0.26  0.0   0.02  0.01  0.02  0.0   0.0   0.02  0.0   0.0   
92    Y     0.08  0.03  0.01  0.02  0.01  0.05  0.01  0.0   0.02  0.0   0.34  0.05  0.0   0.02  0.0   0.02  0.1   0.04  0.12  0.08  
93    G     0.12  0.04  0.05  0.11  0.0   0.09  0.12  0.04  0.05  0.01  0.03  0.12  0.0   0.0   0.0   0.07  0.08  0.0   0.0   0.06  
94    L     0.13  0.1   0.0   0.01  0.0   0.24  0.01  0.02  0.02  0.18  0.16  0.0   0.05  0.0   0.0   0.02  0.0   0.0   0.03  0.03  
95    Y     0.12  0.01  0.03  0.0   0.18  0.02  0.0   0.01  0.01  0.05  0.22  0.01  0.0   0.13  0.01  0.0   0.0   0.09  0.07  0.04  
96    K     0.05  0.08  0.02  0.02  0.04  0.1   0.23  0.04  0.03  0.04  0.05  0.19  0.0   0.0   0.0   0.07  0.02  0.0   0.0   0.02  
97    K     0.14  0.08  0.1   0.05  0.05  0.04  0.02  0.01  0.05  0.0   0.03  0.29  0.0   0.01  0.0   0.07  0.03  0.0   0.02  0.01  
98    F     0.14  0.0   0.02  0.01  0.05  0.02  0.03  0.02  0.02  0.02  0.27  0.0   0.16  0.03  0.01  0.04  0.06  0.0   0.07  0.03  
99    G     0.08  0.0   0.02  0.1   0.0   0.07  0.06  0.42  0.01  0.02  0.01  0.03  0.01  0.0   0.0   0.09  0.01  0.03  0.03  0.02  
100   G     0.02  0.02  0.0   0.02  0.0   0.0   0.06  0.3   0.0   0.28  0.04  0.01  0.0   0.02  0.01  0.01  0.01  0.0   0.03  0.15  
101   K     0.03  0.08  0.02  0.03  0.01  0.09  0.11  0.0   0.0   0.06  0.02  0.12  0.0   0.0   0.26  0.03  0.05  0.0   0.02  0.05  
102   V     0.03  0.01  0.0   0.01  0.03  0.06  0.08  0.0   0.0   0.21  0.11  0.01  0.0   0.17  0.04  0.03  0.02  0.02  0.0   0.16  
103   V     0.01  0.03  0.02  0.03  0.0   0.05  0.0   0.02  0.01  0.11  0.19  0.02  0.01  0.01  0.06  0.04  0.06  0.01  0.01  0.31  
104   E     0.07  0.02  0.03  0.12  0.0   0.02  0.14  0.02  0.03  0.01  0.03  0.08  0.01  0.0   0.05  0.2   0.08  0.0   0.01  0.09  
105   Q     0.09  0.07  0.05  0.14  0.0   0.04  0.09  0.05  0.02  0.01  0.05  0.02  0.02  0.03  0.09  0.13  0.04  0.02  0.0   0.02  
106   F     0.09  0.04  0.09  0.06  0.04  0.01  0.03  0.02  0.01  0.05  0.14  0.01  0.02  0.07  0.01  0.08  0.06  0.0   0.05  0.14  
107   E     0.06  0.06  0.02  0.07  0.01  0.02  0.16  0.01  0.0   0.01  0.05  0.07  0.03  0.05  0.18  0.1   0.06  0.0   0.0   0.03  
108   P     0.12  0.02  0.01  0.13  0.0   0.01  0.13  0.05  0.0   0.03  0.04  0.09  0.0   0.01  0.18  0.13  0.01  0.0   0.01  0.03  
109   S     0.14  0.02  0.06  0.09  0.0   0.08  0.15  0.05  0.01  0.01  0.07  0.0   0.01  0.02  0.03  0.14  0.09  0.0   0.0   0.02  
110   I     0.12  0.01  0.01  0.19  0.0   0.02  0.06  0.03  0.02  0.05  0.19  0.01  0.01  0.04  0.08  0.03  0.02  0.02  0.01  0.07  
111   L     0.07  0.0   0.05  0.06  0.0   0.0   0.06  0.0   0.0   0.07  0.38  0.03  0.0   0.09  0.08  0.04  0.0   0.0   0.0   0.07  
112   N     0.07  0.05  0.16  0.06  0.02  0.07  0.12  0.07  0.03  0.0   0.02  0.08  0.01  0.03  0.01  0.11  0.06  0.0   0.0   0.03  
113   E     0.09  0.01  0.03  0.16  0.0   0.01  0.25  0.0   0.01  0.0   0.01  0.15  0.01  0.0   0.1   0.12  0.01  0.03  0.0   0.01  
114   F     0.16  0.01  0.01  0.0   0.04  0.0   0.01  0.02  0.0   0.0   0.02  0.02  0.0   0.09  0.06  0.08  0.08  0.0   0.22  0.18  
115   D     0.09  0.03  0.02  0.5   0.0   0.0   0.12  0.05  0.0   0.0   0.01  0.02  0.0   0.01  0.01  0.06  0.09  0.0   0.0   0.0   
116   V     0.02  0.0   0.0   0.0   0.03  0.0   0.0   0.0   0.03  0.06  0.59  0.0   0.0   0.01  0.0   0.0   0.03  0.03  0.01  0.18  
117   V     0.02  0.0   0.0   0.0   0.0   0.0   0.0   0.0   0.0   0.42  0.08  0.0   0.0   0.0   0.0   0.0   0.0   0.01  0.01  0.47  
118   V     0.0   0.0   0.0   0.0   0.0   0.0   0.0   0.0   0.0   0.34  0.1   0.0   0.0   0.0   0.0   0.0   0.0   0.0   0.0   0.57  
119   D     0.0   0.0   0.06  0.94  0.0   0.0   0.0   0.0   0.0   0.0   0.0   0.0   0.0   0.0   0.0   0.0   0.0   0.0   0.0   0.0   
120   A     0.65  0.0   0.0   0.0   0.09  0.0   0.0   0.18  0.0   0.0   0.0   0.0   0.0   0.0   0.0   0.06  0.0   0.0   0.0   0.02  
121   I     0.02  0.0   0.0   0.0   0.0   0.0   0.0   0.0   0.0   0.35  0.47  0.0   0.07  0.0   0.0   0.0   0.0   0.0   0.0   0.09  
122   F     0.0   0.0   0.0   0.0   0.0   0.03  0.0   0.0   0.0   0.05  0.29  0.0   0.0   0.54  0.0   0.0   0.0   0.0   0.0   0.06  
123   G     0.01  0.0   0.0   0.02  0.0   0.0   0.0   0.92  0.0   0.0   0.01  0.0   0.0   0.0   0.0   0.01  0.0   0.0   0.0   0.0   
124   T     0.0   0.0   0.0   0.0   0.0   0.0   0.0   0.0   0.0   0.18  0.01  0.0   0.02  0.27  0.03  0.06  0.29  0.0   0.05  0.06  
125   G     0.02  0.02  0.01  0.0   0.0   0.0   0.02  0.6   0.03  0.0   0.0   0.0   0.0   0.0   0.0   0.27  0.0   0.0   0.0   0.0   
126   L     0.02  0.0   0.0   0.0   0.0   0.02  0.02  0.05  0.0   0.08  0.36  0.0   0.0   0.33  0.0   0.01  0.04  0.0   0.0   0.05  
127   R     0.01  0.13  0.09  0.02  0.01  0.01  0.05  0.02  0.07  0.0   0.02  0.28  0.0   0.0   0.0   0.14  0.11  0.0   0.02  0.0   
128   G     0.02  0.2   0.03  0.0   0.0   0.01  0.04  0.48  0.0   0.0   0.0   0.03  0.0   0.0   0.15  0.02  0.0   0.0   0.0   0.0   
129   E     0.07  0.02  0.01  0.11  0.0   0.01  0.2   0.03  0.02  0.0   0.03  0.01  0.0   0.02  0.33  0.08  0.02  0.0   0.0   0.05  
130   I     0.06  0.0   0.0   0.0   0.02  0.0   0.0   0.01  0.0   0.17  0.29  0.0   0.01  0.0   0.11  0.0   0.01  0.0   0.0   0.32  
131   T     0.01  0.56  0.02  0.06  0.0   0.0   0.07  0.05  0.0   0.0   0.02  0.06  0.01  0.0   0.04  0.04  0.06  0.0   0.0   0.0   
132   G     0.09  0.02  0.0   0.07  0.0   0.0   0.35  0.26  0.0   0.01  0.0   0.05  0.0   0.0   0.09  0.05  0.0   0.0   0.0   0.01  
133   E     0.07  0.06  0.06  0.05  0.0   0.07  0.08  0.03  0.02  0.03  0.04  0.03  0.01  0.0   0.37  0.02  0.01  0.0   0.0   0.04  
134   Y     0.02  0.0   0.0   0.0   0.02  0.01  0.0   0.0   0.02  0.08  0.08  0.0   0.01  0.33  0.01  0.04  0.02  0.02  0.24  0.1   
135   A     0.27  0.1   0.0   0.09  0.0   0.05  0.04  0.04  0.03  0.0   0.06  0.15  0.0   0.0   0.04  0.04  0.03  0.01  0.0   0.04  
136   E     0.16  0.06  0.02  0.12  0.0   0.02  0.13  0.06  0.02  0.01  0.01  0.07  0.0   0.0   0.05  0.12  0.12  0.0   0.01  0.0   
137   I     0.2   0.0   0.0   0.0   0.02  0.0   0.0   0.0   0.0   0.18  0.25  0.0   0.09  0.03  0.02  0.0   0.01  0.0   0.0   0.2   
138   I     0.03  0.01  0.0   0.0   0.0   0.0   0.0   0.0   0.0   0.48  0.16  0.0   0.04  0.04  0.0   0.0   0.0   0.0   0.0   0.22  
139   N     0.11  0.05  0.07  0.18  0.0   0.07  0.22  0.0   0.01  0.0   0.01  0.1   0.0   0.0   0.02  0.09  0.06  0.0   0.0   0.01  
140   L     0.16  0.04  0.01  0.0   0.0   0.05  0.02  0.02  0.05  0.03  0.11  0.03  0.06  0.03  0.0   0.06  0.1   0.13  0.03  0.09  
141   V     0.19  0.0   0.0   0.0   0.02  0.0   0.0   0.0   0.0   0.27  0.31  0.0   0.06  0.02  0.0   0.0   0.0   0.01  0.0   0.12  
142   N     0.01  0.01  0.61  0.01  0.01  0.09  0.02  0.01  0.02  0.0   0.04  0.09  0.0   0.0   0.0   0.05  0.01  0.0   0.0   0.01  
143   K     0.17  0.11  0.1   0.05  0.0   0.2   0.07  0.06  0.06  0.01  0.01  0.05  0.0   0.0   0.0   0.08  0.02  0.0   0.01  0.0   
144   S     0.11  0.01  0.07  0.0   0.0   0.0   0.03  0.04  0.02  0.05  0.14  0.04  0.02  0.03  0.01  0.24  0.12  0.03  0.0   0.04  
145   G     0.04  0.07  0.08  0.04  0.0   0.05  0.04  0.18  0.04  0.0   0.01  0.17  0.01  0.0   0.07  0.11  0.08  0.0   0.0   0.0   
146   K     0.21  0.06  0.0   0.0   0.04  0.02  0.0   0.04  0.0   0.13  0.04  0.11  0.0   0.0   0.04  0.05  0.07  0.0   0.0   0.19  
147   V     0.0   0.07  0.0   0.0   0.0   0.0   0.02  0.0   0.01  0.03  0.05  0.08  0.0   0.07  0.56  0.01  0.03  0.0   0.04  0.03  
148   V     0.0   0.05  0.0   0.0   0.01  0.0   0.0   0.0   0.0   0.3   0.04  0.08  0.0   0.01  0.0   0.0   0.06  0.0   0.0   0.45  
149   V     0.07  0.0   0.0   0.0   0.02  0.0   0.0   0.0   0.01  0.15  0.29  0.0   0.02  0.04  0.0   0.0   0.02  0.02  0.01  0.34  
150   S     0.45  0.0   0.02  0.0   0.0   0.0   0.0   0.0   0.0   0.0   0.0   0.0   0.0   0.0   0.0   0.53  0.0   0.0   0.0   0.0   
151   V     0.02  0.0   0.0   0.0   0.05  0.0   0.0   0.0   0.0   0.28  0.15  0.0   0.0   0.01  0.0   0.0   0.0   0.0   0.0   0.49  
152   D     0.0   0.0   0.0   0.9   0.0   0.0   0.1   0.0   0.0   0.0   0.0   0.0   0.0   0.0   0.0   0.0   0.0   0.0   0.0   0.0   
153   V     0.15  0.0   0.0   0.0   0.0   0.0   0.0   0.0   0.0   0.22  0.11  0.0   0.05  0.0   0.1   0.0   0.04  0.0   0.0   0.34  
154   P     0.0   0.0   0.0   0.0   0.0   0.0   0.1   0.0   0.0   0.0   0.0   0.0   0.0   0.0   0.9   0.0   0.0   0.0   0.0   0.0   
155   S     0.0   0.0   0.04  0.0   0.0   0.11  0.0   0.0   0.0   0.0   0.0   0.0   0.0   0.0   0.0   0.46  0.33  0.0   0.0   0.05  
156   G     0.07  0.0   0.0   0.0   0.0   0.0   0.0   0.79  0.0   0.0   0.0   0.0   0.0   0.0   0.0   0.1   0.0   0.0   0.0   0.0   
157   I     0.01  0.02  0.01  0.05  0.0   0.01  0.01  0.01  0.0   0.25  0.18  0.01  0.02  0.08  0.01  0.01  0.02  0.2   0.03  0.09  
158   D     0.02  0.01  0.18  0.4   0.02  0.01  0.04  0.07  0.1   0.01  0.02  0.01  0.0   0.0   0.01  0.06  0.03  0.0   0.0   0.01  
159   S     0.33  0.01  0.01  0.02  0.04  0.01  0.01  0.07  0.0   0.09  0.01  0.01  0.0   0.0   0.04  0.07  0.03  0.0   0.0   0.25  
160   N     0.03  0.03  0.03  0.35  0.0   0.09  0.17  0.05  0.0   0.01  0.01  0.06  0.0   0.01  0.01  0.08  0.06  0.0   0.0   0.02  
161   T     0.07  0.02  0.07  0.05  0.0   0.03  0.06  0.08  0.0   0.01  0.03  0.08  0.0   0.0   0.01  0.16  0.31  0.0   0.0   0.01  
162   G     0.02  0.03  0.02  0.01  0.0   0.02  0.01  0.8   0.0   0.01  0.01  0.01  0.0   0.0   0.01  0.01  0.01  0.0   0.0   0.05  
163   K     0.14  0.04  0.07  0.05  0.01  0.04  0.23  0.03  0.0   0.01  0.04  0.08  0.04  0.0   0.12  0.03  0.02  0.0   0.02  0.03  
164   V     0.14  0.01  0.03  0.05  0.02  0.03  0.03  0.02  0.01  0.13  0.08  0.01  0.0   0.0   0.17  0.04  0.07  0.0   0.0   0.17  
165   L     0.16  0.04  0.06  0.09  0.01  0.03  0.04  0.03  0.01  0.01  0.1   0.03  0.12  0.02  0.12  0.04  0.04  0.01  0.01  0.02  
166   R     0.05  0.02  0.07  0.13  0.0   0.01  0.09  0.43  0.01  0.02  0.01  0.04  0.0   0.0   0.01  0.04  0.02  0.03  0.0   0.01  
167   T     0.12  0.04  0.07  0.07  0.05  0.01  0.06  0.06  0.0   0.03  0.01  0.06  0.0   0.0   0.12  0.06  0.1   0.0   0.0   0.14  
168   A     0.33  0.03  0.03  0.05  0.05  0.0   0.01  0.11  0.04  0.03  0.03  0.02  0.0   0.02  0.03  0.08  0.03  0.0   0.02  0.09  
169   V     0.06  0.0   0.0   0.0   0.0   0.01  0.0   0.0   0.0   0.28  0.18  0.0   0.01  0.15  0.0   0.0   0.01  0.0   0.0   0.29  
170   K     0.03  0.21  0.05  0.02  0.0   0.08  0.15  0.0   0.07  0.03  0.02  0.2   0.04  0.0   0.05  0.01  0.03  0.0   0.0   0.01  
171   A     0.54  0.0   0.0   0.0   0.05  0.0   0.0   0.0   0.0   0.0   0.0   0.0   0.0   0.0   0.31  0.08  0.0   0.0   0.0   0.01  
172   D     0.06  0.01  0.03  0.47  0.0   0.04  0.06  0.0   0.07  0.01  0.0   0.07  0.0   0.0   0.01  0.06  0.12  0.0   0.0   0.0   
173   L     0.09  0.06  0.0   0.0   0.03  0.01  0.01  0.07  0.04  0.01  0.24  0.0   0.07  0.02  0.0   0.04  0.06  0.08  0.05  0.13  
174   T     0.02  0.0   0.03  0.0   0.0   0.0   0.0   0.0   0.0   0.11  0.28  0.0   0.0   0.0   0.0   0.05  0.46  0.0   0.0   0.04  
175   V     0.07  0.0   0.0   0.0   0.04  0.0   0.0   0.0   0.0   0.37  0.11  0.0   0.0   0.01  0.0   0.01  0.01  0.0   0.02  0.35  
176   T     0.06  0.0   0.0   0.0   0.06  0.0   0.03  0.0   0.0   0.0   0.0   0.0   0.0   0.0   0.0   0.42  0.42  0.0   0.0   0.0   
177   F     0.0   0.0   0.0   0.0   0.0   0.0   0.0   0.0   0.0   0.01  0.43  0.0   0.07  0.41  0.0   0.03  0.0   0.0   0.0   0.05  
178   G     0.13  0.0   0.0   0.0   0.0   0.03  0.0   0.23  0.16  0.05  0.04  0.0   0.03  0.01  0.0   0.04  0.24  0.0   0.0   0.04  
179   V     0.35  0.09  0.0   0.0   0.04  0.0   0.0   0.04  0.0   0.05  0.17  0.06  0.01  0.02  0.0   0.0   0.02  0.04  0.07  0.02  
180   P     0.07  0.04  0.05  0.0   0.0   0.0   0.03  0.05  0.01  0.01  0.08  0.0   0.08  0.0   0.52  0.0   0.01  0.03  0.0   0.01  
181   K     0.03  0.05  0.0   0.0   0.0   0.0   0.0   0.03  0.0   0.0   0.0   0.83  0.0   0.0   0.03  0.0   0.0   0.0   0.0   0.0   
182   I     0.04  0.13  0.02  0.02  0.0   0.06  0.04  0.04  0.0   0.04  0.13  0.06  0.02  0.0   0.17  0.03  0.06  0.0   0.02  0.09  
183   G     0.12  0.0   0.0   0.0   0.21  0.0   0.0   0.45  0.0   0.03  0.06  0.0   0.0   0.0   0.0   0.05  0.0   0.0   0.0   0.04  
184   H     0.18  0.0   0.05  0.0   0.07  0.0   0.01  0.01  0.09  0.0   0.29  0.01  0.04  0.03  0.0   0.07  0.03  0.0   0.03  0.09  
185   I     0.1   0.08  0.02  0.01  0.0   0.05  0.04  0.03  0.0   0.03  0.21  0.16  0.02  0.04  0.01  0.03  0.08  0.02  0.02  0.05  
186   L     0.03  0.07  0.05  0.01  0.0   0.11  0.02  0.03  0.1   0.05  0.11  0.06  0.02  0.04  0.02  0.05  0.06  0.03  0.04  0.1   
187   F     0.09  0.03  0.05  0.07  0.0   0.02  0.03  0.09  0.0   0.0   0.1   0.02  0.0   0.2   0.09  0.02  0.07  0.02  0.09  0.0   
188   P     0.09  0.09  0.07  0.05  0.0   0.06  0.07  0.08  0.02  0.0   0.0   0.16  0.0   0.0   0.16  0.05  0.06  0.0   0.0   0.03  
189   G     0.24  0.04  0.0   0.03  0.04  0.0   0.0   0.44  0.0   0.04  0.03  0.04  0.0   0.0   0.04  0.0   0.04  0.0   0.0   0.0   
190   R     0.1   0.21  0.0   0.0   0.02  0.05  0.04  0.08  0.02  0.02  0.06  0.17  0.0   0.02  0.07  0.06  0.02  0.0   0.0   0.05  
191   D     0.09  0.02  0.0   0.14  0.01  0.01  0.09  0.04  0.28  0.01  0.02  0.04  0.0   0.04  0.02  0.1   0.02  0.0   0.06  0.0   
192   L     0.03  0.04  0.03  0.0   0.0   0.03  0.01  0.01  0.04  0.03  0.17  0.02  0.0   0.15  0.0   0.01  0.0   0.05  0.29  0.09  
193   T     0.12  0.05  0.0   0.0   0.1   0.0   0.02  0.04  0.0   0.02  0.25  0.03  0.0   0.0   0.0   0.11  0.12  0.0   0.02  0.12  
194   G     0.04  0.0   0.0   0.06  0.0   0.0   0.0   0.86  0.0   0.0   0.0   0.0   0.0   0.0   0.0   0.0   0.0   0.0   0.0   0.0   
195   K     0.01  0.14  0.07  0.06  0.02  0.06  0.23  0.17  0.0   0.04  0.01  0.07  0.0   0.0   0.0   0.02  0.05  0.0   0.0   0.05  
196   L     0.03  0.12  0.0   0.0   0.03  0.03  0.0   0.01  0.0   0.11  0.26  0.0   0.02  0.12  0.04  0.03  0.04  0.0   0.02  0.13  
197   K     0.05  0.04  0.0   0.02  0.0   0.0   0.06  0.02  0.1   0.11  0.04  0.04  0.03  0.14  0.02  0.05  0.03  0.0   0.08  0.15  
198   V     0.06  0.05  0.05  0.0   0.0   0.05  0.0   0.01  0.0   0.07  0.12  0.0   0.0   0.06  0.09  0.01  0.0   0.0   0.07  0.35  
199   A     0.06  0.07  0.0   0.1   0.03  0.03  0.09  0.04  0.03  0.04  0.07  0.04  0.0   0.0   0.14  0.05  0.04  0.0   0.04  0.12  
200   N     0.03  0.07  0.06  0.2   0.0   0.06  0.06  0.04  0.06  0.0   0.03  0.08  0.0   0.0   0.11  0.11  0.03  0.0   0.03  0.0   
201   I     0.11  0.11  0.0   0.01  0.0   0.0   0.11  0.01  0.0   0.11  0.11  0.11  0.0   0.1   0.01  0.11  0.01  0.0   0.0   0.11  
202   G     0.09  0.07  0.0   0.04  0.0   0.05  0.07  0.19  0.0   0.07  0.14  0.05  0.04  0.0   0.0   0.06  0.07  0.0   0.0   0.05  
203   H     0.06  0.06  0.06  0.06  0.0   0.06  0.06  0.06  0.06  0.06  0.06  0.06  0.06  0.06  0.0   0.06  0.06  0.0   0.06  0.06  
204   P     0.08  0.06  0.04  0.06  0.0   0.04  0.06  0.0   0.04  0.0   0.04  0.19  0.0   0.0   0.19  0.06  0.05  0.0   0.04  0.04  
205   V     0.04  0.05  0.04  0.0   0.0   0.07  0.14  0.0   0.0   0.07  0.09  0.09  0.0   0.04  0.1   0.05  0.05  0.0   0.1   0.06  
206   H     0.13  0.06  0.0   0.04  0.0   0.05  0.08  0.06  0.06  0.06  0.01  0.14  0.0   0.06  0.07  0.05  0.0   0.07  0.06  0.0   
207   L     0.06  0.06  0.06  0.0   0.0   0.06  0.06  0.06  0.06  0.06  0.06  0.06  0.06  0.06  0.06  0.06  0.06  0.0   0.06  0.06  
208   I     0.13  0.06  0.04  0.05  0.04  0.0   0.1   0.04  0.03  0.06  0.15  0.0   0.05  0.04  0.04  0.0   0.05  0.0   0.06  0.05  
209   N     0.06  0.08  0.09  0.05  0.0   0.06  0.06  0.04  0.06  0.04  0.12  0.05  0.03  0.08  0.03  0.06  0.05  0.0   0.0   0.04  
210   S     0.11  0.03  0.07  0.08  0.0   0.12  0.06  0.06  0.0   0.04  0.07  0.03  0.03  0.0   0.09  0.08  0.07  0.0   0.0   0.04  
211   I     0.07  0.07  0.0   0.0   0.06  0.07  0.07  0.0   0.06  0.07  0.07  0.0   0.06  0.06  0.07  0.07  0.07  0.0   0.06  0.07  
212   N     0.05  0.07  0.06  0.06  0.05  0.08  0.07  0.08  0.06  0.0   0.01  0.1   0.0   0.04  0.12  0.07  0.06  0.0   0.0   0.0   
213   R     0.1   0.15  0.03  0.06  0.0   0.07  0.07  0.05  0.0   0.07  0.06  0.06  0.0   0.0   0.05  0.05  0.07  0.0   0.04  0.06  
214   Y     0.0   0.06  0.06  0.06  0.0   0.06  0.06  0.06  0.06  0.06  0.06  0.06  0.06  0.06  0.06  0.06  0.0   0.0   0.06  0.06  
215   V     0.09  0.05  0.0   0.04  0.03  0.04  0.13  0.04  0.0   0.03  0.09  0.04  0.04  0.06  0.04  0.06  0.05  0.0   0.06  0.1   
216   I     0.06  0.0   0.06  0.06  0.0   0.06  0.06  0.06  0.06  0.06  0.06  0.0   0.06  0.06  0.06  0.06  0.06  0.06  0.0   0.06  
217   T     0.09  0.05  0.04  0.07  0.0   0.04  0.08  0.06  0.0   0.04  0.12  0.04  0.0   0.04  0.05  0.06  0.17  0.0   0.0   0.05  
218   R     0.07  0.07  0.07  0.07  0.0   0.07  0.07  0.07  0.0   0.07  0.07  0.07  0.06  0.06  0.07  0.0   0.07  0.06  0.0   0.0   
219   E     0.11  0.0   0.02  0.22  0.0   0.12  0.18  0.03  0.0   0.0   0.03  0.1   0.0   0.04  0.0   0.08  0.04  0.0   0.02  0.0   
220   M     0.09  0.03  0.02  0.05  0.05  0.06  0.02  0.05  0.08  0.06  0.17  0.02  0.02  0.05  0.03  0.02  0.04  0.03  0.0   0.11  
221   V     0.09  0.06  0.0   0.0   0.04  0.0   0.0   0.04  0.0   0.08  0.16  0.0   0.05  0.1   0.0   0.06  0.0   0.05  0.08  0.17  
222   R     0.06  0.06  0.06  0.0   0.06  0.06  0.06  0.06  0.06  0.06  0.06  0.06  0.0   0.06  0.06  0.06  0.06  0.0   0.06  0.0   
223   S     0.19  0.13  0.05  0.03  0.02  0.04  0.04  0.0   0.05  0.0   0.01  0.05  0.03  0.02  0.05  0.11  0.04  0.0   0.09  0.04  
224   L     0.0   0.05  0.0   0.03  0.03  0.04  0.0   0.03  0.0   0.11  0.13  0.0   0.05  0.1   0.05  0.0   0.07  0.04  0.08  0.19  
225   L     0.07  0.07  0.07  0.0   0.0   0.0   0.0   0.07  0.0   0.07  0.07  0.07  0.07  0.07  0.07  0.07  0.07  0.07  0.0   0.07  
226   P     0.06  0.07  0.0   0.0   0.0   0.06  0.0   0.0   0.0   0.08  0.06  0.07  0.0   0.08  0.33  0.0   0.06  0.04  0.06  0.0   
227   E     0.1   0.07  0.02  0.0   0.0   0.03  0.04  0.0   0.05  0.03  0.04  0.13  0.04  0.0   0.24  0.1   0.04  0.0   0.0   0.06  
228   R     0.03  0.45  0.0   0.0   0.0   0.0   0.0   0.0   0.0   0.06  0.26  0.0   0.04  0.0   0.1   0.0   0.0   0.04  0.0   0.0   
229   P     0.05  0.05  0.03  0.13  0.0   0.02  0.11  0.05  0.04  0.0   0.08  0.03  0.0   0.0   0.12  0.16  0.06  0.0   0.03  0.03  
230   R     0.14  0.07  0.03  0.02  0.0   0.0   0.1   0.02  0.0   0.0   0.04  0.09  0.0   0.02  0.22  0.07  0.08  0.02  0.02  0.03  
231   D     0.04  0.04  0.05  0.25  0.02  0.01  0.04  0.12  0.06  0.03  0.03  0.09  0.0   0.0   0.0   0.06  0.04  0.03  0.04  0.03  
232   S     0.15  0.09  0.0   0.05  0.0   0.04  0.0   0.04  0.03  0.0   0.07  0.07  0.02  0.07  0.0   0.2   0.12  0.0   0.0   0.03  
233   H     0.0   0.06  0.02  0.06  0.0   0.0   0.0   0.0   0.75  0.0   0.0   0.01  0.0   0.0   0.0   0.0   0.0   0.0   0.06  0.0   
234   K     0.0   0.0   0.0   0.0   0.0   0.0   0.0   0.0   0.0   0.0   0.0   0.96  0.0   0.0   0.0   0.0   0.0   0.0   0.0   0.0   
235   G     0.0   0.0   0.0   0.0   0.0   0.0   0.02  0.8   0.0   0.0   0.0   0.0   0.0   0.0   0.0   0.03  0.03  0.0   0.09  0.0   
236   T     0.01  0.02  0.04  0.15  0.0   0.4   0.04  0.0   0.02  0.0   0.03  0.03  0.0   0.0   0.0   0.13  0.08  0.0   0.0   0.04  
237   Y     0.12  0.04  0.1   0.04  0.09  0.07  0.02  0.03  0.05  0.0   0.04  0.02  0.0   0.06  0.0   0.07  0.0   0.0   0.19  0.07  
238   G     0.0   0.0   0.0   0.0   0.0   0.0   0.0   0.93  0.0   0.0   0.0   0.0   0.0   0.0   0.0   0.04  0.0   0.0   0.0   0.0   
239   K     0.0   0.5   0.02  0.0   0.0   0.01  0.0   0.0   0.08  0.03  0.04  0.21  0.02  0.0   0.0   0.01  0.07  0.0   0.0   0.02  
240   V     0.16  0.0   0.0   0.0   0.0   0.0   0.0   0.0   0.0   0.24  0.09  0.0   0.01  0.01  0.0   0.0   0.02  0.0   0.0   0.46  
241   L     0.15  0.0   0.0   0.0   0.01  0.0   0.0   0.28  0.03  0.02  0.46  0.0   0.01  0.01  0.0   0.0   0.0   0.0   0.0   0.04  
242   I     0.03  0.0   0.0   0.0   0.0   0.0   0.0   0.0   0.0   0.3   0.14  0.0   0.0   0.01  0.0   0.02  0.08  0.0   0.0   0.43  
243   I     0.0   0.0   0.0   0.0   0.0   0.0   0.0   0.0   0.0   0.47  0.11  0.0   0.01  0.02  0.0   0.0   0.0   0.0   0.0   0.4   
244   A     0.23  0.0   0.0   0.0   0.01  0.0   0.0   0.73  0.0   0.0   0.02  0.0   0.0   0.0   0.0   0.01  0.0   0.0   0.0   0.0   
245   G     0.0   0.0   0.0   0.0   0.0   0.0   0.0   0.97  0.0   0.0   0.0   0.0   0.0   0.0   0.0   0.0   0.0   0.0   0.0   0.0   
246   S     0.04  0.0   0.07  0.07  0.09  0.0   0.0   0.03  0.0   0.0   0.02  0.0   0.0   0.03  0.0   0.55  0.08  0.0   0.0   0.0   
247   R     0.09  0.14  0.0   0.13  0.0   0.08  0.12  0.06  0.03  0.03  0.08  0.05  0.0   0.01  0.05  0.02  0.01  0.0   0.07  0.02  
248   L     0.0   0.05  0.09  0.16  0.0   0.08  0.23  0.14  0.01  0.02  0.01  0.04  0.02  0.0   0.1   0.03  0.03  0.0   0.0   0.0   
249   Y     0.0   0.0   0.0   0.0   0.01  0.0   0.03  0.03  0.03  0.0   0.02  0.04  0.07  0.1   0.0   0.02  0.07  0.0   0.54  0.02  
250   S     0.07  0.0   0.0   0.0   0.0   0.02  0.0   0.24  0.02  0.0   0.0   0.0   0.02  0.0   0.09  0.08  0.37  0.0   0.03  0.03  
251   G     0.03  0.0   0.03  0.0   0.0   0.0   0.0   0.93  0.0   0.0   0.0   0.0   0.0   0.0   0.0   0.0   0.0   0.0   0.0   0.0   
252   A     0.88  0.0   0.0   0.0   0.0   0.03  0.0   0.01  0.0   0.0   0.02  0.0   0.0   0.0   0.0   0.04  0.02  0.0   0.0   0.0   
253   P     0.16  0.0   0.0   0.0   0.0   0.0   0.0   0.13  0.0   0.12  0.01  0.0   0.0   0.0   0.51  0.0   0.01  0.0   0.0   0.05  
254   V     0.07  0.02  0.0   0.0   0.0   0.01  0.0   0.0   0.01  0.19  0.17  0.0   0.04  0.08  0.0   0.0   0.04  0.0   0.24  0.13  
255   L     0.0   0.0   0.0   0.0   0.0   0.04  0.02  0.0   0.0   0.02  0.39  0.0   0.15  0.31  0.0   0.0   0.02  0.0   0.05  0.0   
256   S     0.5   0.0   0.0   0.0   0.03  0.0   0.0   0.0   0.02  0.0   0.0   0.01  0.0   0.0   0.0   0.25  0.12  0.0   0.0   0.07  
257   G     0.59  0.0   0.0   0.08  0.0   0.0   0.0   0.14  0.0   0.0   0.03  0.0   0.0   0.0   0.0   0.11  0.04  0.0   0.0   0.01  
258   M     0.0   0.05  0.09  0.0   0.0   0.02  0.06  0.01  0.01  0.21  0.23  0.08  0.11  0.02  0.0   0.05  0.02  0.0   0.01  0.02  
259   G     0.54  0.02  0.0   0.0   0.0   0.02  0.0   0.1   0.0   0.0   0.0   0.03  0.0   0.0   0.0   0.26  0.03  0.01  0.0   0.0   
260   S     0.58  0.01  0.0   0.0   0.13  0.02  0.0   0.03  0.01  0.0   0.06  0.02  0.0   0.02  0.0   0.1   0.02  0.0   0.0   0.01  
261   L     0.09  0.05  0.0   0.0   0.0   0.0   0.01  0.03  0.0   0.06  0.49  0.02  0.06  0.02  0.0   0.04  0.02  0.0   0.0   0.12  
262   K     0.09  0.39  0.02  0.0   0.02  0.02  0.0   0.05  0.01  0.0   0.04  0.19  0.0   0.01  0.0   0.06  0.02  0.0   0.05  0.02  
263   V     0.23  0.0   0.01  0.0   0.0   0.0   0.0   0.02  0.0   0.05  0.14  0.02  0.01  0.07  0.0   0.18  0.09  0.0   0.02  0.16  
264   G     0.02  0.02  0.0   0.0   0.0   0.0   0.03  0.81  0.0   0.0   0.0   0.01  0.0   0.01  0.0   0.01  0.05  0.0   0.02  0.0   
265   T     0.5   0.0   0.0   0.0   0.1   0.0   0.0   0.04  0.0   0.02  0.01  0.01  0.04  0.0   0.03  0.12  0.03  0.0   0.0   0.1   
266   G     0.03  0.0   0.0   0.4   0.0   0.0   0.0   0.34  0.0   0.0   0.0   0.02  0.0   0.0   0.09  0.08  0.02  0.0   0.03  0.0   
267   L     0.02  0.0   0.0   0.0   0.01  0.01  0.0   0.01  0.02  0.04  0.54  0.04  0.07  0.02  0.06  0.03  0.0   0.03  0.03  0.06  
268   V     0.11  0.0   0.01  0.0   0.02  0.0   0.0   0.01  0.0   0.04  0.04  0.0   0.0   0.0   0.0   0.16  0.09  0.01  0.0   0.5   
269   K     0.03  0.12  0.0   0.0   0.0   0.03  0.0   0.04  0.32  0.01  0.01  0.02  0.1   0.03  0.0   0.05  0.15  0.01  0.06  0.04  
270   L     0.07  0.0   0.01  0.01  0.07  0.0   0.0   0.0   0.0   0.07  0.09  0.0   0.01  0.0   0.0   0.09  0.06  0.0   0.02  0.51  
271   A     0.26  0.0   0.0   0.0   0.0   0.02  0.03  0.06  0.01  0.18  0.1   0.0   0.03  0.2   0.0   0.01  0.0   0.0   0.01  0.09  
272   V     0.11  0.0   0.02  0.0   0.25  0.0   0.05  0.03  0.0   0.02  0.04  0.0   0.04  0.01  0.0   0.02  0.23  0.0   0.0   0.17  
273   P     0.15  0.04  0.05  0.1   0.01  0.02  0.06  0.0   0.06  0.01  0.03  0.01  0.0   0.0   0.29  0.03  0.12  0.0   0.0   0.01  
274   F     0.07  0.05  0.0   0.05  0.0   0.11  0.11  0.01  0.01  0.02  0.02  0.12  0.02  0.01  0.17  0.1   0.05  0.0   0.02  0.05  
275   P     0.14  0.01  0.06  0.11  0.04  0.04  0.19  0.03  0.01  0.04  0.03  0.03  0.0   0.0   0.04  0.11  0.08  0.0   0.0   0.04  
276   Q     0.36  0.03  0.14  0.01  0.0   0.01  0.02  0.04  0.02  0.1   0.06  0.0   0.0   0.0   0.0   0.02  0.07  0.01  0.02  0.08  
277   N     0.27  0.04  0.12  0.0   0.01  0.03  0.03  0.04  0.04  0.09  0.05  0.08  0.0   0.01  0.01  0.04  0.04  0.0   0.04  0.05  
278   L     0.09  0.03  0.04  0.07  0.0   0.07  0.04  0.05  0.0   0.02  0.08  0.01  0.01  0.01  0.2   0.04  0.16  0.0   0.02  0.06  
279   I     0.15  0.07  0.01  0.0   0.01  0.01  0.0   0.02  0.0   0.09  0.1   0.0   0.0   0.07  0.06  0.04  0.07  0.0   0.0   0.3   
280   A     0.13  0.01  0.0   0.01  0.0   0.04  0.0   0.0   0.0   0.28  0.18  0.02  0.02  0.02  0.0   0.0   0.07  0.0   0.02  0.18  
281   T     0.17  0.06  0.0   0.0   0.0   0.09  0.01  0.06  0.09  0.01  0.09  0.32  0.03  0.0   0.01  0.02  0.01  0.0   0.0   0.01  
282   S     0.13  0.0   0.02  0.0   0.01  0.0   0.0   0.11  0.02  0.08  0.02  0.01  0.03  0.0   0.0   0.36  0.13  0.0   0.0   0.06  
283   R     0.12  0.17  0.03  0.02  0.0   0.02  0.01  0.07  0.07  0.02  0.04  0.03  0.01  0.05  0.01  0.04  0.0   0.0   0.25  0.03  
284   F     0.07  0.02  0.02  0.02  0.06  0.0   0.02  0.02  0.05  0.02  0.11  0.01  0.01  0.02  0.01  0.37  0.06  0.01  0.01  0.07  
285   P     0.13  0.01  0.0   0.01  0.0   0.06  0.01  0.01  0.0   0.04  0.04  0.01  0.0   0.0   0.59  0.04  0.03  0.0   0.0   0.02  
286   E     0.05  0.01  0.18  0.1   0.0   0.06  0.39  0.01  0.0   0.01  0.06  0.01  0.0   0.01  0.05  0.02  0.02  0.0   0.0   0.01  
287   L     0.15  0.01  0.01  0.01  0.01  0.01  0.03  0.01  0.0   0.07  0.43  0.01  0.01  0.02  0.02  0.02  0.01  0.0   0.02  0.17  
288   I     0.01  0.01  0.01  0.02  0.0   0.01  0.01  0.03  0.0   0.43  0.09  0.01  0.29  0.0   0.01  0.01  0.01  0.0   0.0   0.05  
289   S     0.09  0.05  0.06  0.01  0.01  0.01  0.01  0.01  0.0   0.06  0.01  0.01  0.01  0.0   0.01  0.03  0.05  0.0   0.03  0.53  
290   V     0.02  0.05  0.02  0.02  0.0   0.02  0.01  0.01  0.34  0.13  0.15  0.01  0.01  0.02  0.01  0.04  0.04  0.0   0.02  0.09  
291   P     0.09  0.04  0.01  0.07  0.0   0.02  0.01  0.14  0.01  0.03  0.04  0.01  0.0   0.01  0.37  0.04  0.09  0.0   0.01  0.01  
292   I     0.01  0.01  0.01  0.03  0.02  0.01  0.01  0.02  0.0   0.1   0.38  0.02  0.01  0.07  0.01  0.02  0.09  0.01  0.03  0.15  
293   D     0.18  0.04  0.03  0.08  0.0   0.01  0.14  0.06  0.04  0.02  0.13  0.02  0.03  0.01  0.11  0.02  0.02  0.0   0.04  0.02  
294   T     0.09  0.02  0.04  0.1   0.01  0.04  0.1   0.04  0.02  0.04  0.14  0.03  0.0   0.01  0.07  0.06  0.13  0.0   0.01  0.06  
295   E     0.09  0.04  0.03  0.12  0.0   0.05  0.14  0.16  0.0   0.01  0.04  0.03  0.01  0.01  0.06  0.09  0.03  0.0   0.04  0.04  
296   K     0.18  0.06  0.05  0.04  0.0   0.03  0.03  0.13  0.02  0.01  0.03  0.06  0.01  0.06  0.07  0.09  0.06  0.0   0.02  0.03  
297   G     0.07  0.04  0.08  0.08  0.0   0.04  0.04  0.1   0.02  0.03  0.05  0.06  0.01  0.02  0.04  0.23  0.02  0.0   0.03  0.04  
298   F     0.06  0.04  0.05  0.03  0.0   0.06  0.08  0.04  0.02  0.03  0.1   0.04  0.02  0.03  0.22  0.05  0.04  0.0   0.04  0.03  
299   F     0.07  0.01  0.02  0.1   0.01  0.04  0.06  0.02  0.0   0.21  0.15  0.01  0.0   0.07  0.02  0.01  0.04  0.03  0.0   0.14  
300   S     0.09  0.02  0.02  0.08  0.01  0.04  0.06  0.04  0.01  0.02  0.04  0.03  0.3   0.0   0.02  0.14  0.04  0.0   0.0   0.03  
301   L     0.18  0.04  0.03  0.06  0.0   0.02  0.03  0.03  0.01  0.04  0.12  0.02  0.04  0.01  0.06  0.18  0.05  0.0   0.03  0.05  
302   Q     0.08  0.04  0.05  0.19  0.0   0.06  0.16  0.04  0.1   0.03  0.02  0.06  0.01  0.02  0.02  0.06  0.02  0.0   0.01  0.02  
303   N     0.37  0.01  0.06  0.16  0.01  0.07  0.06  0.02  0.02  0.01  0.02  0.04  0.01  0.01  0.0   0.07  0.0   0.01  0.02  0.01  
304   L     0.07  0.04  0.0   0.01  0.0   0.02  0.03  0.0   0.01  0.13  0.21  0.08  0.03  0.02  0.09  0.02  0.04  0.02  0.01  0.18  
305   Q     0.08  0.07  0.03  0.15  0.0   0.05  0.3   0.03  0.02  0.01  0.05  0.04  0.01  0.01  0.02  0.04  0.05  0.0   0.0   0.03  
306   E     0.04  0.03  0.02  0.04  0.0   0.04  0.54  0.01  0.0   0.0   0.03  0.09  0.0   0.01  0.01  0.08  0.02  0.0   0.01  0.02  
307   C     0.12  0.01  0.01  0.05  0.03  0.03  0.01  0.01  0.0   0.15  0.13  0.01  0.09  0.04  0.0   0.02  0.02  0.0   0.0   0.27  
308   L     0.18  0.01  0.0   0.07  0.0   0.03  0.21  0.04  0.0   0.05  0.15  0.02  0.01  0.08  0.03  0.03  0.02  0.0   0.01  0.06  
309   E     0.03  0.01  0.08  0.17  0.0   0.06  0.41  0.0   0.01  0.0   0.0   0.06  0.0   0.0   0.07  0.08  0.01  0.0   0.01  0.0   
310   L     0.03  0.02  0.0   0.04  0.01  0.04  0.0   0.01  0.0   0.07  0.21  0.02  0.24  0.11  0.0   0.01  0.03  0.1   0.03  0.04  
311   S     0.18  0.0   0.0   0.0   0.01  0.01  0.01  0.04  0.0   0.03  0.24  0.01  0.05  0.03  0.05  0.04  0.07  0.0   0.01  0.2   
312   K     0.1   0.03  0.03  0.05  0.01  0.03  0.11  0.07  0.0   0.0   0.04  0.17  0.01  0.01  0.07  0.18  0.07  0.01  0.0   0.0   
313   D     0.05  0.21  0.02  0.03  0.01  0.04  0.01  0.04  0.02  0.18  0.07  0.09  0.03  0.03  0.02  0.02  0.05  0.02  0.01  0.05  
314   V     0.33  0.0   0.0   0.0   0.02  0.01  0.0   0.0   0.01  0.05  0.16  0.01  0.01  0.09  0.02  0.13  0.02  0.0   0.04  0.09  
315   D     0.01  0.02  0.07  0.41  0.0   0.07  0.03  0.1   0.14  0.0   0.0   0.01  0.0   0.0   0.01  0.12  0.01  0.0   0.0   0.0   
316   V     0.55  0.0   0.0   0.0   0.04  0.0   0.0   0.02  0.0   0.01  0.0   0.0   0.0   0.0   0.05  0.09  0.02  0.0   0.0   0.22  
317   V     0.02  0.0   0.0   0.0   0.01  0.0   0.0   0.0   0.0   0.13  0.5   0.01  0.0   0.01  0.0   0.0   0.01  0.03  0.0   0.28  
318   A     0.14  0.0   0.0   0.0   0.01  0.0   0.0   0.01  0.0   0.03  0.15  0.07  0.0   0.01  0.0   0.01  0.03  0.0   0.01  0.52  
319   I     0.02  0.0   0.0   0.01  0.02  0.0   0.0   0.0   0.01  0.42  0.23  0.0   0.01  0.01  0.0   0.0   0.05  0.0   0.0   0.21  
320   G     0.0   0.0   0.43  0.0   0.0   0.0   0.0   0.5   0.01  0.0   0.0   0.01  0.0   0.0   0.0   0.04  0.0   0.0   0.0   0.0   
321   P     0.01  0.0   0.01  0.03  0.03  0.0   0.01  0.01  0.0   0.3   0.04  0.0   0.17  0.0   0.31  0.01  0.01  0.0   0.0   0.03  
322   G     0.01  0.01  0.01  0.01  0.0   0.01  0.02  0.83  0.0   0.01  0.01  0.01  0.0   0.01  0.01  0.01  0.01  0.0   0.02  0.01  
323   L     0.02  0.04  0.0   0.01  0.01  0.0   0.01  0.01  0.0   0.04  0.48  0.03  0.05  0.01  0.01  0.01  0.24  0.0   0.0   0.03  
324   G     0.05  0.0   0.0   0.02  0.0   0.0   0.03  0.43  0.0   0.0   0.17  0.0   0.01  0.01  0.05  0.07  0.08  0.01  0.0   0.04  
325   N     0.06  0.23  0.04  0.07  0.0   0.03  0.03  0.0   0.02  0.03  0.08  0.05  0.01  0.0   0.0   0.13  0.18  0.0   0.0   0.02  
326   N     0.09  0.01  0.11  0.22  0.02  0.02  0.12  0.03  0.01  0.03  0.05  0.04  0.0   0.0   0.04  0.09  0.07  0.0   0.02  0.01  
327   E     0.12  0.04  0.03  0.16  0.0   0.01  0.24  0.02  0.0   0.0   0.0   0.04  0.0   0.01  0.17  0.05  0.04  0.0   0.01  0.05  
328   H     0.06  0.07  0.03  0.04  0.0   0.04  0.18  0.03  0.02  0.06  0.05  0.04  0.01  0.04  0.01  0.04  0.09  0.08  0.08  0.04  
329   V     0.15  0.05  0.01  0.0   0.0   0.02  0.02  0.07  0.0   0.11  0.1   0.0   0.12  0.01  0.0   0.03  0.11  0.01  0.01  0.17  
330   R     0.05  0.07  0.01  0.04  0.0   0.14  0.13  0.01  0.02  0.05  0.16  0.08  0.1   0.01  0.01  0.03  0.01  0.03  0.02  0.04  
331   E     0.13  0.06  0.05  0.07  0.01  0.1   0.12  0.02  0.01  0.02  0.06  0.1   0.01  0.01  0.02  0.12  0.04  0.01  0.01  0.02  
332   F     0.2   0.01  0.02  0.0   0.07  0.01  0.01  0.0   0.01  0.11  0.15  0.01  0.16  0.06  0.0   0.02  0.06  0.0   0.01  0.09  
333   V     0.23  0.02  0.0   0.0   0.05  0.0   0.01  0.0   0.0   0.14  0.19  0.0   0.05  0.03  0.01  0.0   0.01  0.0   0.01  0.23  
334   N     0.14  0.08  0.03  0.02  0.03  0.08  0.06  0.08  0.01  0.05  0.1   0.14  0.01  0.01  0.0   0.07  0.05  0.01  0.01  0.02  
335   E     0.11  0.11  0.03  0.05  0.0   0.05  0.24  0.02  0.01  0.01  0.06  0.13  0.01  0.02  0.02  0.08  0.02  0.02  0.03  0.01  
336   F     0.28  0.01  0.0   0.01  0.0   0.01  0.0   0.06  0.0   0.13  0.18  0.01  0.0   0.08  0.01  0.01  0.04  0.0   0.01  0.16  
337   L     0.32  0.02  0.05  0.0   0.0   0.0   0.0   0.03  0.0   0.12  0.27  0.04  0.06  0.02  0.0   0.02  0.01  0.0   0.01  0.02  
338   K     0.08  0.15  0.14  0.03  0.0   0.06  0.09  0.02  0.02  0.0   0.01  0.26  0.0   0.0   0.01  0.07  0.02  0.0   0.0   0.02  
339   T     0.16  0.06  0.05  0.03  0.0   0.1   0.11  0.02  0.06  0.03  0.04  0.12  0.01  0.02  0.0   0.09  0.06  0.01  0.02  0.03  
340   L     0.26  0.08  0.07  0.0   0.01  0.02  0.03  0.01  0.02  0.05  0.14  0.04  0.03  0.02  0.03  0.02  0.05  0.01  0.04  0.07  
341   E     0.02  0.09  0.19  0.15  0.01  0.06  0.08  0.13  0.04  0.0   0.0   0.13  0.0   0.01  0.0   0.03  0.01  0.0   0.0   0.04  
342   K     0.01  0.03  0.0   0.01  0.02  0.06  0.01  0.05  0.0   0.21  0.07  0.3   0.0   0.0   0.01  0.01  0.06  0.0   0.0   0.15  
343   P     0.05  0.02  0.02  0.0   0.0   0.02  0.0   0.01  0.02  0.01  0.01  0.03  0.02  0.0   0.77  0.01  0.03  0.0   0.0   0.01  
344   A     0.03  0.01  0.0   0.0   0.01  0.01  0.0   0.01  0.0   0.16  0.21  0.02  0.03  0.02  0.0   0.0   0.06  0.04  0.01  0.38  
345   V     0.02  0.0   0.0   0.0   0.0   0.0   0.0   0.0   0.0   0.24  0.1   0.0   0.02  0.0   0.0   0.01  0.0   0.0   0.0   0.63  
346   I     0.0   0.0   0.0   0.0   0.0   0.0   0.0   0.0   0.0   0.26  0.5   0.0   0.0   0.05  0.0   0.0   0.0   0.01  0.0   0.17  
347   D     0.01  0.03  0.0   0.92  0.0   0.0   0.02  0.0   0.0   0.0   0.0   0.01  0.0   0.0   0.0   0.0   0.0   0.0   0.0   0.0   
348   A     0.55  0.01  0.0   0.0   0.0   0.0   0.02  0.18  0.0   0.0   0.02  0.02  0.0   0.0   0.15  0.01  0.02  0.0   0.0   0.02  
349   D     0.02  0.0   0.03  0.34  0.0   0.01  0.02  0.14  0.0   0.0   0.02  0.08  0.0   0.0   0.0   0.12  0.07  0.0   0.0   0.14  
350   A     0.41  0.0   0.01  0.0   0.0   0.01  0.01  0.41  0.0   0.01  0.0   0.01  0.0   0.01  0.01  0.06  0.03  0.0   0.0   0.02  
351   I     0.09  0.04  0.0   0.01  0.0   0.0   0.0   0.02  0.01  0.1   0.45  0.0   0.0   0.05  0.0   0.04  0.06  0.01  0.03  0.07  
352   N     0.02  0.24  0.1   0.01  0.01  0.01  0.05  0.06  0.0   0.01  0.05  0.06  0.01  0.07  0.02  0.07  0.13  0.04  0.03  0.02  
353   V     0.1   0.02  0.02  0.02  0.0   0.02  0.02  0.02  0.01  0.1   0.28  0.04  0.04  0.04  0.01  0.07  0.11  0.0   0.02  0.05  
354   L     0.03  0.09  0.02  0.03  0.0   0.03  0.04  0.01  0.0   0.1   0.24  0.03  0.03  0.04  0.02  0.02  0.04  0.0   0.06  0.14  
355   D     0.21  0.09  0.05  0.06  0.01  0.07  0.01  0.03  0.02  0.01  0.01  0.04  0.0   0.0   0.01  0.11  0.2   0.0   0.01  0.04  
356   T     0.15  0.07  0.06  0.07  0.01  0.07  0.1   0.02  0.03  0.02  0.07  0.12  0.0   0.0   0.02  0.06  0.06  0.0   0.05  0.02  
357   S     0.04  0.14  0.09  0.07  0.02  0.04  0.08  0.03  0.04  0.02  0.06  0.06  0.01  0.01  0.08  0.11  0.08  0.0   0.0   0.02  
358   V     0.13  0.07  0.04  0.09  0.0   0.07  0.04  0.04  0.01  0.08  0.15  0.04  0.0   0.01  0.03  0.05  0.07  0.0   0.01  0.07  
359   L     0.04  0.01  0.02  0.01  0.0   0.0   0.04  0.02  0.02  0.11  0.43  0.02  0.01  0.09  0.02  0.01  0.0   0.0   0.04  0.09  
360   K     0.07  0.02  0.02  0.04  0.0   0.04  0.07  0.02  0.0   0.11  0.21  0.07  0.01  0.0   0.06  0.11  0.03  0.01  0.0   0.11  
361   E     0.07  0.14  0.05  0.07  0.0   0.04  0.12  0.03  0.04  0.06  0.07  0.15  0.01  0.01  0.02  0.05  0.04  0.0   0.0   0.02  
362   R     0.04  0.08  0.03  0.05  0.0   0.02  0.11  0.16  0.0   0.03  0.12  0.02  0.01  0.04  0.03  0.05  0.06  0.0   0.12  0.02  
363   K     0.06  0.11  0.07  0.03  0.01  0.03  0.03  0.06  0.03  0.02  0.1   0.09  0.04  0.01  0.03  0.05  0.01  0.0   0.14  0.06  
364   S     0.1   0.07  0.04  0.06  0.03  0.08  0.06  0.13  0.05  0.01  0.03  0.13  0.0   0.02  0.03  0.09  0.03  0.01  0.02  0.01  
365   P     0.12  0.06  0.07  0.03  0.0   0.02  0.08  0.04  0.01  0.06  0.06  0.09  0.0   0.06  0.17  0.04  0.02  0.0   0.01  0.06  
366   A     0.2   0.02  0.01  0.03  0.03  0.0   0.01  0.01  0.0   0.04  0.13  0.02  0.0   0.01  0.0   0.09  0.22  0.01  0.02  0.14  
367   V     0.04  0.0   0.0   0.0   0.0   0.01  0.0   0.0   0.0   0.37  0.13  0.01  0.0   0.0   0.0   0.0   0.02  0.01  0.0   0.39  
368   L     0.01  0.03  0.01  0.0   0.0   0.0   0.0   0.01  0.0   0.27  0.45  0.01  0.0   0.07  0.0   0.0   0.0   0.0   0.01  0.12  
369   T     0.01  0.24  0.01  0.0   0.0   0.0   0.0   0.03  0.01  0.0   0.02  0.1   0.0   0.0   0.0   0.01  0.55  0.0   0.0   0.0   
370   P     0.02  0.0   0.0   0.0   0.01  0.0   0.01  0.34  0.0   0.0   0.01  0.0   0.0   0.0   0.55  0.01  0.0   0.0   0.0   0.01  
371   H     0.0   0.0   0.74  0.02  0.0   0.0   0.0   0.0   0.19  0.0   0.0   0.0   0.0   0.0   0.0   0.03  0.0   0.0   0.0   0.0   
372   P     0.31  0.03  0.01  0.0   0.0   0.04  0.02  0.04  0.03  0.07  0.09  0.02  0.06  0.03  0.06  0.03  0.01  0.0   0.02  0.13  
373   G     0.09  0.01  0.02  0.01  0.0   0.0   0.0   0.28  0.01  0.02  0.01  0.06  0.05  0.0   0.06  0.27  0.0   0.0   0.01  0.09  
374   E     0.0   0.0   0.0   0.02  0.0   0.0   0.96  0.0   0.0   0.0   0.0   0.0   0.0   0.0   0.0   0.0   0.0   0.0   0.0   0.0   
375   M     0.12  0.0   0.0   0.0   0.0   0.0   0.0   0.0   0.01  0.29  0.1   0.0   0.04  0.3   0.0   0.0   0.0   0.04  0.04  0.05  
376   A     0.24  0.06  0.01  0.01  0.02  0.05  0.17  0.07  0.0   0.03  0.06  0.1   0.03  0.01  0.0   0.11  0.01  0.0   0.01  0.0   
377   R     0.25  0.34  0.02  0.01  0.01  0.02  0.01  0.0   0.0   0.02  0.02  0.02  0.0   0.04  0.01  0.1   0.06  0.01  0.02  0.04  
378   L     0.02  0.01  0.0   0.0   0.0   0.0   0.01  0.01  0.0   0.11  0.7   0.0   0.03  0.03  0.0   0.01  0.01  0.0   0.0   0.06  
379   V     0.3   0.0   0.0   0.0   0.06  0.0   0.01  0.02  0.0   0.04  0.1   0.01  0.01  0.06  0.0   0.11  0.09  0.01  0.02  0.14  
380   K     0.03  0.02  0.01  0.08  0.0   0.01  0.03  0.65  0.01  0.0   0.0   0.09  0.0   0.01  0.02  0.01  0.01  0.0   0.0   0.01  
381   K     0.14  0.01  0.01  0.09  0.02  0.02  0.18  0.02  0.01  0.11  0.07  0.1   0.02  0.02  0.0   0.05  0.07  0.0   0.0   0.06  
382   T     0.17  0.03  0.03  0.08  0.08  0.02  0.05  0.01  0.0   0.03  0.06  0.02  0.02  0.0   0.05  0.19  0.07  0.01  0.0   0.08  
383   V     0.11  0.03  0.03  0.04  0.02  0.01  0.02  0.16  0.02  0.13  0.11  0.02  0.0   0.01  0.04  0.07  0.05  0.02  0.0   0.13  
384   G     0.08  0.05  0.1   0.11  0.0   0.04  0.1   0.17  0.02  0.05  0.02  0.06  0.01  0.0   0.01  0.11  0.02  0.0   0.01  0.04  
385   D     0.07  0.0   0.06  0.26  0.01  0.02  0.17  0.07  0.0   0.01  0.01  0.05  0.0   0.0   0.02  0.12  0.09  0.01  0.0   0.02  
386   V     0.07  0.02  0.05  0.05  0.01  0.04  0.09  0.04  0.01  0.06  0.07  0.05  0.01  0.03  0.03  0.13  0.02  0.0   0.01  0.2   
387   K     0.07  0.04  0.05  0.14  0.0   0.03  0.17  0.14  0.01  0.01  0.01  0.09  0.0   0.01  0.03  0.11  0.05  0.0   0.01  0.03  
388   Y     0.08  0.02  0.07  0.25  0.0   0.06  0.15  0.03  0.01  0.05  0.03  0.05  0.0   0.01  0.01  0.08  0.01  0.0   0.01  0.08  
389   N     0.16  0.09  0.07  0.14  0.0   0.02  0.04  0.02  0.02  0.09  0.08  0.02  0.04  0.0   0.07  0.08  0.04  0.0   0.0   0.02  
390   Y     0.1   0.08  0.03  0.02  0.01  0.04  0.04  0.01  0.01  0.14  0.13  0.05  0.03  0.01  0.02  0.08  0.06  0.0   0.02  0.13  
391   E     0.09  0.06  0.05  0.08  0.0   0.07  0.27  0.06  0.03  0.0   0.04  0.06  0.01  0.01  0.03  0.06  0.08  0.0   0.0   0.01  
392   L     0.32  0.06  0.01  0.04  0.02  0.05  0.04  0.01  0.02  0.15  0.08  0.04  0.04  0.0   0.0   0.04  0.02  0.0   0.01  0.05  
393   A     0.58  0.02  0.02  0.0   0.03  0.0   0.02  0.06  0.0   0.05  0.03  0.02  0.03  0.0   0.02  0.02  0.01  0.0   0.0   0.09  
394   E     0.07  0.17  0.02  0.02  0.01  0.16  0.11  0.04  0.04  0.03  0.06  0.18  0.01  0.0   0.0   0.04  0.01  0.0   0.0   0.03  
395   E     0.12  0.11  0.02  0.07  0.0   0.09  0.15  0.02  0.02  0.02  0.07  0.14  0.01  0.01  0.0   0.07  0.05  0.0   0.01  0.03  
396   F     0.14  0.01  0.0   0.0   0.02  0.01  0.01  0.01  0.0   0.1   0.47  0.01  0.01  0.08  0.0   0.0   0.02  0.0   0.02  0.09  
397   A     0.48  0.03  0.02  0.0   0.01  0.03  0.01  0.01  0.03  0.05  0.06  0.02  0.02  0.0   0.0   0.13  0.02  0.0   0.02  0.06  
398   K     0.12  0.1   0.06  0.06  0.01  0.15  0.1   0.01  0.01  0.03  0.04  0.18  0.02  0.01  0.0   0.05  0.02  0.0   0.0   0.01  
399   E     0.08  0.1   0.0   0.05  0.0   0.07  0.2   0.02  0.02  0.02  0.08  0.19  0.03  0.01  0.01  0.06  0.05  0.01  0.0   0.02  
400   N     0.02  0.01  0.01  0.0   0.01  0.01  0.0   0.16  0.02  0.03  0.21  0.01  0.03  0.08  0.01  0.03  0.1   0.02  0.21  0.01  
401   D     0.03  0.04  0.17  0.14  0.0   0.06  0.03  0.33  0.02  0.0   0.01  0.05  0.0   0.01  0.04  0.04  0.0   0.0   0.0   0.01  
402   C     0.17  0.03  0.0   0.0   0.13  0.02  0.0   0.06  0.01  0.03  0.12  0.06  0.0   0.0   0.0   0.07  0.17  0.0   0.0   0.13  
403   V     0.05  0.0   0.03  0.01  0.01  0.0   0.01  0.02  0.02  0.11  0.03  0.0   0.01  0.01  0.01  0.06  0.26  0.01  0.02  0.31  
404   L     0.16  0.02  0.0   0.0   0.02  0.0   0.0   0.0   0.0   0.21  0.07  0.0   0.01  0.02  0.0   0.01  0.01  0.0   0.0   0.47  
405   V     0.15  0.0   0.0   0.0   0.02  0.0   0.0   0.01  0.0   0.15  0.28  0.0   0.01  0.01  0.0   0.02  0.01  0.0   0.01  0.34  
406   L     0.08  0.03  0.0   0.0   0.0   0.07  0.05  0.0   0.0   0.18  0.31  0.0   0.04  0.0   0.0   0.01  0.0   0.0   0.0   0.22  
407   K     0.0   0.0   0.0   0.0   0.0   0.0   0.03  0.0   0.0   0.02  0.0   0.48  0.0   0.0   0.0   0.16  0.29  0.0   0.0   0.0   
408   S     0.01  0.0   0.01  0.0   0.0   0.01  0.0   0.91  0.0   0.0   0.0   0.01  0.0   0.0   0.0   0.02  0.02  0.0   0.0   0.0   
409   A     0.21  0.05  0.01  0.01  0.0   0.03  0.16  0.09  0.03  0.01  0.01  0.12  0.05  0.0   0.11  0.05  0.0   0.0   0.0   0.05  
410   T     0.02  0.04  0.04  0.02  0.01  0.02  0.08  0.03  0.09  0.06  0.0   0.05  0.03  0.0   0.02  0.06  0.19  0.0   0.01  0.23  
411   T     0.0   0.0   0.0   0.7   0.0   0.0   0.0   0.0   0.0   0.0   0.06  0.0   0.0   0.0   0.0   0.06  0.16  0.0   0.0   0.0   
412   I     0.03  0.03  0.01  0.0   0.0   0.0   0.02  0.0   0.03  0.19  0.18  0.02  0.01  0.06  0.0   0.0   0.03  0.0   0.14  0.23  
413   V     0.0   0.03  0.0   0.01  0.0   0.0   0.0   0.01  0.01  0.47  0.08  0.0   0.01  0.05  0.0   0.01  0.01  0.01  0.01  0.28  
414   T     0.15  0.02  0.0   0.0   0.02  0.03  0.0   0.0   0.01  0.03  0.02  0.0   0.01  0.08  0.03  0.24  0.23  0.0   0.04  0.07  
415   D     0.07  0.06  0.14  0.47  0.0   0.04  0.0   0.02  0.01  0.0   0.01  0.02  0.0   0.02  0.02  0.05  0.05  0.0   0.0   0.03  
416   G     0.05  0.01  0.03  0.04  0.0   0.05  0.05  0.58  0.02  0.01  0.0   0.02  0.0   0.0   0.07  0.06  0.01  0.0   0.0   0.0   
417   E     0.05  0.04  0.09  0.1   0.0   0.08  0.18  0.08  0.02  0.0   0.01  0.14  0.01  0.01  0.02  0.08  0.07  0.0   0.0   0.02  
418   K     0.04  0.26  0.04  0.02  0.0   0.1   0.14  0.04  0.02  0.01  0.0   0.13  0.0   0.01  0.03  0.04  0.08  0.0   0.02  0.02  
419   T     0.08  0.01  0.02  0.05  0.01  0.02  0.06  0.03  0.02  0.07  0.06  0.01  0.0   0.09  0.02  0.02  0.17  0.01  0.0   0.26  
420   L     0.08  0.03  0.0   0.0   0.0   0.01  0.0   0.0   0.07  0.11  0.13  0.01  0.05  0.06  0.0   0.01  0.03  0.04  0.2   0.16  
421   F     0.06  0.03  0.0   0.01  0.0   0.04  0.07  0.02  0.05  0.12  0.14  0.06  0.02  0.04  0.0   0.07  0.09  0.02  0.05  0.11  
422   N     0.01  0.01  0.14  0.02  0.07  0.02  0.0   0.01  0.01  0.17  0.17  0.02  0.02  0.04  0.04  0.02  0.01  0.0   0.01  0.22  
423   I     0.05  0.05  0.04  0.09  0.04  0.02  0.09  0.01  0.05  0.03  0.03  0.06  0.01  0.0   0.12  0.14  0.12  0.0   0.01  0.03  
424   T     0.07  0.01  0.32  0.03  0.0   0.05  0.03  0.09  0.01  0.04  0.03  0.04  0.0   0.02  0.02  0.03  0.17  0.0   0.01  0.03  
425   G     0.06  0.06  0.01  0.02  0.0   0.01  0.08  0.63  0.01  0.01  0.0   0.01  0.0   0.01  0.02  0.03  0.02  0.0   0.01  0.02  
426   N     0.03  0.02  0.09  0.06  0.02  0.01  0.02  0.14  0.19  0.03  0.0   0.04  0.0   0.01  0.01  0.12  0.12  0.0   0.02  0.03  
427   T     0.12  0.02  0.02  0.02  0.0   0.01  0.16  0.05  0.01  0.01  0.01  0.05  0.01  0.01  0.31  0.15  0.03  0.0   0.0   0.03  
428   G     0.14  0.01  0.04  0.0   0.0   0.02  0.03  0.11  0.01  0.02  0.18  0.0   0.13  0.04  0.04  0.02  0.05  0.06  0.05  0.05  
429   L     0.01  0.11  0.0   0.0   0.0   0.02  0.0   0.01  0.0   0.0   0.32  0.08  0.29  0.04  0.05  0.01  0.0   0.0   0.02  0.02  
430   S     0.2   0.17  0.04  0.08  0.0   0.02  0.02  0.04  0.07  0.0   0.0   0.09  0.0   0.0   0.04  0.07  0.15  0.0   0.0   0.0   
431   K     0.01  0.11  0.01  0.01  0.11  0.01  0.0   0.0   0.0   0.06  0.0   0.05  0.01  0.01  0.0   0.06  0.21  0.0   0.0   0.34  
432   G     0.06  0.0   0.03  0.0   0.01  0.0   0.0   0.28  0.1   0.01  0.0   0.0   0.0   0.0   0.02  0.02  0.42  0.0   0.0   0.06  
433   G     0.04  0.0   0.0   0.0   0.0   0.0   0.0   0.96  0.0   0.0   0.0   0.0   0.0   0.0   0.0   0.0   0.0   0.0   0.0   0.0   
434   S     0.17  0.0   0.0   0.0   0.01  0.13  0.0   0.0   0.0   0.01  0.02  0.0   0.09  0.0   0.0   0.16  0.39  0.0   0.0   0.02  
435   G     0.0   0.0   0.0   0.0   0.0   0.0   0.0   1.0   0.0   0.0   0.0   0.0   0.0   0.0   0.0   0.0   0.0   0.0   0.0   0.0   
436   D     0.0   0.0   0.0   0.51  0.48  0.0   0.0   0.0   0.0   0.0   0.0   0.0   0.0   0.0   0.0   0.01  0.0   0.0   0.0   0.0   
437   V     0.05  0.0   0.0   0.0   0.0   0.0   0.0   0.0   0.0   0.06  0.18  0.0   0.13  0.0   0.0   0.08  0.33  0.0   0.0   0.18  
438   L     0.06  0.0   0.0   0.0   0.01  0.0   0.0   0.0   0.02  0.0   0.64  0.0   0.02  0.04  0.0   0.03  0.03  0.0   0.01  0.14  
439   T     0.22  0.0   0.0   0.0   0.0   0.0   0.0   0.13  0.0   0.05  0.02  0.0   0.0   0.0   0.0   0.29  0.25  0.0   0.0   0.05  
440   G     0.27  0.0   0.0   0.0   0.01  0.0   0.02  0.42  0.0   0.01  0.0   0.0   0.0   0.0   0.0   0.25  0.02  0.0   0.0   0.01  
441   M     0.09  0.0   0.0   0.0   0.04  0.01  0.0   0.0   0.0   0.2   0.2   0.0   0.05  0.01  0.0   0.07  0.03  0.01  0.0   0.28  
442   I     0.03  0.0   0.0   0.0   0.07  0.0   0.0   0.0   0.0   0.37  0.24  0.0   0.03  0.0   0.0   0.01  0.06  0.0   0.0   0.19  
443   A     0.48  0.0   0.0   0.0   0.02  0.0   0.0   0.32  0.0   0.0   0.02  0.0   0.0   0.0   0.0   0.08  0.05  0.0   0.0   0.03  
444   G     0.43  0.0   0.0   0.0   0.02  0.0   0.0   0.12  0.0   0.0   0.03  0.0   0.0   0.0   0.01  0.17  0.18  0.0   0.0   0.05  
445   F     0.08  0.01  0.01  0.0   0.03  0.01  0.04  0.03  0.01  0.01  0.19  0.01  0.02  0.46  0.0   0.04  0.01  0.01  0.04  0.0   
446   I     0.14  0.01  0.0   0.0   0.09  0.0   0.0   0.0   0.0   0.1   0.41  0.01  0.06  0.01  0.0   0.02  0.03  0.0   0.03  0.09  
447   A     0.59  0.0   0.01  0.0   0.02  0.0   0.0   0.14  0.02  0.0   0.01  0.01  0.0   0.02  0.0   0.16  0.01  0.0   0.02  0.0   
448   Q     0.08  0.05  0.01  0.04  0.03  0.15  0.01  0.01  0.0   0.04  0.06  0.06  0.0   0.01  0.0   0.04  0.03  0.13  0.0   0.24  
449   G     0.08  0.04  0.06  0.03  0.02  0.03  0.1   0.32  0.03  0.02  0.01  0.03  0.01  0.04  0.02  0.1   0.06  0.0   0.0   0.02  
450   L     0.03  0.1   0.02  0.11  0.01  0.02  0.14  0.04  0.03  0.03  0.13  0.11  0.02  0.02  0.04  0.04  0.03  0.0   0.03  0.04  
451   S     0.05  0.01  0.11  0.31  0.0   0.03  0.05  0.02  0.01  0.01  0.01  0.05  0.0   0.0   0.09  0.2   0.04  0.0   0.0   0.0   
452   P     0.06  0.03  0.02  0.01  0.0   0.01  0.01  0.02  0.0   0.04  0.15  0.01  0.04  0.06  0.23  0.05  0.06  0.0   0.11  0.07  
453   L     0.04  0.01  0.01  0.02  0.01  0.02  0.13  0.03  0.01  0.06  0.33  0.04  0.02  0.13  0.02  0.01  0.02  0.02  0.04  0.04  
454   E     0.04  0.03  0.04  0.15  0.0   0.06  0.31  0.0   0.02  0.02  0.04  0.1   0.0   0.01  0.02  0.07  0.04  0.0   0.01  0.03  
455   A     0.72  0.02  0.02  0.0   0.03  0.01  0.0   0.05  0.01  0.0   0.01  0.0   0.0   0.0   0.0   0.08  0.04  0.0   0.0   0.02  
456   S     0.29  0.0   0.01  0.0   0.11  0.0   0.0   0.04  0.0   0.04  0.08  0.0   0.02  0.03  0.0   0.06  0.12  0.03  0.01  0.16  
457   T     0.21  0.03  0.01  0.01  0.07  0.03  0.03  0.04  0.0   0.09  0.09  0.05  0.03  0.04  0.0   0.04  0.05  0.0   0.04  0.13  
458   V     0.25  0.01  0.02  0.01  0.01  0.02  0.07  0.04  0.01  0.03  0.16  0.01  0.01  0.02  0.01  0.13  0.07  0.02  0.01  0.08  
459   S     0.64  0.0   0.0   0.0   0.04  0.0   0.0   0.18  0.0   0.0   0.01  0.0   0.0   0.0   0.01  0.08  0.02  0.0   0.01  0.0   
460   V     0.15  0.0   0.04  0.0   0.13  0.0   0.01  0.01  0.0   0.05  0.14  0.02  0.06  0.01  0.0   0.06  0.12  0.0   0.01  0.17  
461   Y     0.18  0.02  0.01  0.0   0.02  0.01  0.02  0.02  0.02  0.03  0.16  0.02  0.01  0.08  0.0   0.09  0.07  0.07  0.09  0.09  
462   L     0.1   0.0   0.01  0.0   0.02  0.0   0.01  0.02  0.0   0.08  0.21  0.01  0.02  0.06  0.0   0.05  0.09  0.03  0.06  0.22  
463   H     0.03  0.09  0.11  0.0   0.0   0.0   0.0   0.01  0.16  0.01  0.07  0.03  0.14  0.12  0.0   0.0   0.03  0.0   0.16  0.03  
464   G     0.13  0.05  0.08  0.0   0.01  0.01  0.05  0.39  0.0   0.0   0.0   0.1   0.0   0.0   0.0   0.08  0.06  0.0   0.01  0.03  
465   F     0.24  0.03  0.0   0.0   0.09  0.04  0.02  0.0   0.0   0.19  0.14  0.04  0.01  0.01  0.0   0.02  0.02  0.0   0.03  0.13  
466   A     0.67  0.0   0.03  0.0   0.05  0.0   0.01  0.01  0.0   0.06  0.01  0.0   0.0   0.0   0.0   0.11  0.02  0.0   0.0   0.03  
467   A     0.24  0.03  0.01  0.0   0.0   0.0   0.01  0.51  0.01  0.01  0.0   0.04  0.0   0.0   0.0   0.11  0.01  0.0   0.0   0.01  
468   E     0.04  0.05  0.0   0.08  0.0   0.08  0.47  0.01  0.01  0.05  0.07  0.02  0.01  0.02  0.0   0.04  0.01  0.0   0.01  0.02  
469   L     0.21  0.07  0.02  0.01  0.01  0.02  0.04  0.02  0.0   0.12  0.19  0.06  0.05  0.0   0.0   0.01  0.01  0.01  0.02  0.13  
470   F     0.55  0.0   0.01  0.0   0.0   0.0   0.0   0.0   0.0   0.04  0.07  0.0   0.0   0.18  0.0   0.01  0.0   0.01  0.03  0.09  
471   E     0.37  0.02  0.03  0.02  0.0   0.1   0.14  0.05  0.01  0.0   0.01  0.1   0.0   0.0   0.0   0.05  0.05  0.0   0.02  0.03  
472   Q     0.13  0.07  0.02  0.02  0.0   0.08  0.17  0.0   0.03  0.01  0.0   0.34  0.01  0.0   0.02  0.04  0.02  0.0   0.0   0.03  
473   D     0.01  0.07  0.08  0.04  0.01  0.09  0.04  0.06  0.08  0.01  0.09  0.19  0.01  0.03  0.0   0.11  0.05  0.0   0.03  0.01  
474   E     0.15  0.05  0.02  0.01  0.01  0.01  0.05  0.34  0.02  0.0   0.0   0.07  0.01  0.0   0.04  0.13  0.07  0.0   0.01  0.0   
475   R     0.03  0.3   0.06  0.04  0.0   0.04  0.05  0.01  0.02  0.01  0.02  0.06  0.01  0.02  0.09  0.03  0.12  0.0   0.07  0.02  
476   G     0.07  0.0   0.01  0.01  0.0   0.0   0.0   0.51  0.01  0.0   0.0   0.0   0.0   0.0   0.0   0.3   0.03  0.0   0.01  0.06  
477   L     0.01  0.0   0.0   0.0   0.0   0.02  0.03  0.0   0.02  0.08  0.17  0.01  0.16  0.03  0.0   0.05  0.27  0.0   0.02  0.13  
478   T     0.03  0.02  0.02  0.01  0.0   0.07  0.0   0.04  0.0   0.06  0.19  0.02  0.01  0.13  0.01  0.03  0.22  0.0   0.02  0.13  
479   A     0.42  0.03  0.0   0.0   0.03  0.01  0.0   0.0   0.0   0.01  0.01  0.01  0.01  0.0   0.17  0.12  0.15  0.0   0.0   0.0   
480   S     0.01  0.04  0.03  0.02  0.0   0.03  0.02  0.15  0.02  0.01  0.04  0.0   0.06  0.0   0.04  0.25  0.26  0.0   0.0   0.03  
481   E     0.03  0.05  0.04  0.44  0.0   0.04  0.23  0.0   0.05  0.0   0.05  0.01  0.0   0.0   0.0   0.02  0.02  0.0   0.0   0.0   
482   L     0.01  0.0   0.0   0.0   0.0   0.02  0.0   0.0   0.0   0.24  0.51  0.0   0.11  0.04  0.0   0.01  0.0   0.0   0.0   0.07  
483   L     0.07  0.01  0.01  0.0   0.01  0.01  0.05  0.0   0.01  0.38  0.24  0.0   0.01  0.02  0.01  0.05  0.04  0.0   0.0   0.07  
484   R     0.06  0.05  0.1   0.29  0.0   0.02  0.22  0.03  0.04  0.01  0.0   0.04  0.0   0.0   0.04  0.02  0.05  0.0   0.0   0.01  
485   L     0.17  0.06  0.02  0.0   0.04  0.11  0.25  0.0   0.06  0.02  0.01  0.06  0.03  0.03  0.0   0.04  0.02  0.0   0.06  0.0   
486   I     0.01  0.0   0.0   0.0   0.0   0.0   0.0   0.02  0.0   0.39  0.43  0.0   0.0   0.01  0.0   0.0   0.0   0.0   0.0   0.14  
487   P     0.03  0.02  0.02  0.0   0.0   0.0   0.0   0.19  0.14  0.05  0.03  0.01  0.0   0.0   0.45  0.04  0.0   0.0   0.01  0.0   
488   E     0.04  0.05  0.07  0.06  0.0   0.11  0.14  0.07  0.04  0.0   0.04  0.13  0.0   0.0   0.07  0.07  0.08  0.0   0.02  0.01  
489   A     0.41  0.0   0.0   0.0   0.0   0.0   0.0   0.01  0.0   0.05  0.03  0.0   0.0   0.04  0.0   0.13  0.06  0.01  0.04  0.22  
490   I     0.04  0.0   0.0   0.0   0.01  0.0   0.0   0.0   0.0   0.1   0.3   0.0   0.13  0.34  0.0   0.0   0.0   0.01  0.05  0.02  
491   R     0.01  0.25  0.01  0.17  0.0   0.01  0.14  0.0   0.04  0.01  0.04  0.17  0.0   0.02  0.0   0.05  0.03  0.0   0.06  0.0   
492   R     0.03  0.31  0.06  0.06  0.0   0.07  0.2   0.0   0.0   0.0   0.02  0.11  0.02  0.0   0.05  0.03  0.01  0.03  0.0   0.0   
493   L     0.0   0.0   0.0   0.0   0.04  0.0   0.0   0.0   0.0   0.07  0.66  0.0   0.05  0.05  0.0   0.0   0.0   0.0   0.02  0.11  
494   K     0.0   0.25  0.0   0.0   0.0   0.0   0.43  0.0   0.0   0.0   0.0   0.12  0.0   0.0   0.0   0.21  0.0   0.0   0.0   0.0   
