             A     R     N     D     C     Q     E     G     H     I     L     K     M     F     P     S     T     W     Y     V
1     S     0.0   0.0   0.0   0.0   0.0   0.0   0.0   0.0   0.0   0.0   0.0   0.0   0.0   0.0   0.0   1.0   0.0   0.0   0.0   0.0   
2     R     0.0   1.0   0.0   0.0   0.0   0.0   0.0   0.0   0.0   0.0   0.0   0.0   0.0   0.0   0.0   0.0   0.0   0.0   0.0   0.0   
3     V     0.0   0.0   0.0   0.0   0.0   0.0   0.0   0.0   0.0   0.0   0.58  0.0   0.0   0.0   0.0   0.0   0.0   0.0   0.0   0.42  
4     Y     0.0   0.0   0.0   0.0   0.0   0.0   0.0   0.0   0.0   0.0   0.0   0.0   0.0   0.0   0.0   0.0   0.0   0.0   1.0   0.0   
5     E     0.0   0.0   0.0   0.0   0.0   0.0   0.38  0.0   0.0   0.0   0.0   0.0   0.0   0.0   0.0   0.62  0.0   0.0   0.0   0.0   
6     A     0.53  0.0   0.0   0.0   0.0   0.0   0.0   0.0   0.0   0.0   0.0   0.0   0.0   0.0   0.0   0.0   0.47  0.0   0.0   0.0   
7     Y     0.0   0.0   0.33  0.0   0.0   0.0   0.0   0.21  0.26  0.0   0.0   0.0   0.0   0.0   0.0   0.0   0.0   0.0   0.2   0.0   
8     P     0.11  0.0   0.0   0.0   0.0   0.0   0.0   0.0   0.17  0.0   0.0   0.0   0.0   0.0   0.72  0.0   0.0   0.0   0.0   0.0   
9     E     0.0   0.33  0.0   0.0   0.0   0.0   0.19  0.0   0.0   0.0   0.0   0.28  0.0   0.0   0.2   0.0   0.0   0.0   0.0   0.0   
10    K     0.0   0.08  0.0   0.18  0.15  0.0   0.0   0.0   0.0   0.0   0.0   0.45  0.0   0.0   0.0   0.09  0.0   0.06  0.0   0.0   
11    K     0.0   0.19  0.0   0.07  0.0   0.0   0.0   0.0   0.0   0.17  0.0   0.44  0.05  0.0   0.0   0.0   0.0   0.08  0.0   0.0   
12    A     0.27  0.1   0.0   0.0   0.0   0.0   0.0   0.07  0.0   0.18  0.03  0.0   0.0   0.0   0.0   0.0   0.0   0.31  0.04  0.0   
13    T     0.08  0.0   0.0   0.0   0.0   0.0   0.0   0.06  0.0   0.0   0.0   0.04  0.0   0.0   0.0   0.19  0.54  0.0   0.04  0.05  
14    L     0.0   0.06  0.0   0.08  0.0   0.0   0.17  0.0   0.0   0.11  0.33  0.03  0.0   0.0   0.0   0.0   0.19  0.0   0.0   0.03  
15    Y     0.0   0.0   0.09  0.0   0.0   0.0   0.0   0.0   0.0   0.0   0.04  0.0   0.14  0.1   0.0   0.0   0.0   0.08  0.56  0.0   
16    F     0.0   0.0   0.0   0.0   0.0   0.0   0.0   0.0   0.06  0.0   0.03  0.0   0.0   0.4   0.0   0.0   0.0   0.09  0.38  0.05  
17    L     0.01  0.0   0.0   0.08  0.0   0.0   0.0   0.11  0.0   0.14  0.27  0.07  0.06  0.04  0.0   0.0   0.19  0.0   0.0   0.0   
18    V     0.0   0.0   0.0   0.06  0.0   0.0   0.07  0.0   0.0   0.22  0.21  0.0   0.04  0.02  0.0   0.03  0.05  0.04  0.0   0.26  
19    L     0.0   0.0   0.0   0.0   0.0   0.0   0.0   0.0   0.0   0.5   0.22  0.0   0.0   0.08  0.0   0.0   0.0   0.0   0.0   0.2   
20    G     0.19  0.0   0.0   0.03  0.0   0.0   0.0   0.71  0.0   0.0   0.0   0.0   0.0   0.0   0.0   0.03  0.0   0.0   0.0   0.0   
21    F     0.05  0.0   0.01  0.0   0.0   0.0   0.0   0.0   0.05  0.28  0.08  0.0   0.03  0.14  0.0   0.0   0.26  0.0   0.0   0.1   
22    L     0.0   0.0   0.0   0.0   0.0   0.04  0.0   0.0   0.0   0.04  0.53  0.07  0.14  0.06  0.0   0.0   0.02  0.02  0.03  0.06  
23    A     0.15  0.01  0.0   0.0   0.02  0.0   0.0   0.0   0.0   0.0   0.0   0.02  0.05  0.01  0.0   0.03  0.0   0.04  0.61  0.05  
24    L     0.05  0.0   0.0   0.0   0.01  0.0   0.0   0.22  0.0   0.06  0.54  0.0   0.0   0.05  0.0   0.02  0.01  0.0   0.03  0.0   
25    I     0.02  0.0   0.0   0.0   0.0   0.0   0.0   0.04  0.0   0.41  0.06  0.0   0.05  0.06  0.0   0.0   0.0   0.06  0.02  0.28  
26    V     0.08  0.05  0.0   0.0   0.03  0.0   0.0   0.0   0.0   0.07  0.05  0.0   0.08  0.33  0.0   0.04  0.1   0.0   0.04  0.14  
27    G     0.22  0.01  0.0   0.0   0.02  0.0   0.0   0.53  0.0   0.05  0.0   0.0   0.03  0.0   0.0   0.12  0.0   0.0   0.0   0.0   
28    S     0.21  0.01  0.01  0.01  0.0   0.01  0.01  0.03  0.0   0.01  0.01  0.01  0.07  0.21  0.01  0.14  0.15  0.0   0.07  0.05  
29    L     0.08  0.01  0.0   0.01  0.02  0.0   0.01  0.03  0.0   0.2   0.27  0.01  0.02  0.07  0.01  0.04  0.01  0.02  0.0   0.2   
30    F     0.04  0.0   0.02  0.05  0.0   0.05  0.0   0.05  0.0   0.1   0.03  0.0   0.05  0.41  0.0   0.02  0.0   0.14  0.04  0.0   
31    G     0.21  0.0   0.0   0.0   0.02  0.0   0.0   0.16  0.0   0.0   0.06  0.0   0.01  0.21  0.0   0.27  0.0   0.04  0.01  0.01  
32    P     0.2   0.01  0.01  0.01  0.01  0.01  0.01  0.32  0.0   0.05  0.11  0.01  0.01  0.01  0.05  0.02  0.02  0.0   0.04  0.1   
33    F     0.0   0.0   0.0   0.0   0.0   0.0   0.0   0.0   0.0   0.08  0.28  0.0   0.27  0.2   0.0   0.0   0.0   0.02  0.03  0.11  
34    Q     0.06  0.03  0.0   0.02  0.0   0.04  0.0   0.04  0.0   0.3   0.09  0.01  0.07  0.02  0.05  0.06  0.0   0.0   0.0   0.2   
35    A     0.19  0.15  0.0   0.0   0.0   0.02  0.0   0.55  0.0   0.0   0.0   0.0   0.01  0.0   0.01  0.0   0.0   0.0   0.0   0.06  
36    L     0.05  0.0   0.0   0.0   0.0   0.0   0.0   0.2   0.0   0.03  0.3   0.0   0.07  0.04  0.0   0.03  0.25  0.0   0.0   0.02  
37    N     0.17  0.0   0.11  0.0   0.01  0.08  0.1   0.04  0.0   0.06  0.14  0.0   0.0   0.01  0.0   0.15  0.02  0.0   0.0   0.08  
38    Y     0.01  0.1   0.0   0.03  0.0   0.02  0.02  0.0   0.0   0.01  0.36  0.0   0.18  0.14  0.0   0.0   0.0   0.0   0.05  0.07  
39    G     0.17  0.0   0.03  0.01  0.0   0.0   0.06  0.15  0.0   0.0   0.03  0.01  0.0   0.01  0.0   0.44  0.07  0.0   0.0   0.01  
40    N     0.01  0.01  0.08  0.01  0.0   0.03  0.08  0.02  0.0   0.03  0.34  0.01  0.07  0.09  0.01  0.01  0.02  0.03  0.0   0.17  
41    V     0.08  0.0   0.0   0.0   0.0   0.0   0.01  0.07  0.0   0.15  0.4   0.0   0.09  0.02  0.02  0.01  0.0   0.0   0.0   0.13  
42    D     0.0   0.0   0.08  0.09  0.0   0.0   0.01  0.07  0.0   0.33  0.0   0.0   0.25  0.02  0.0   0.04  0.0   0.0   0.04  0.05  
43    A     0.24  0.56  0.0   0.0   0.03  0.0   0.0   0.06  0.0   0.0   0.0   0.0   0.04  0.0   0.0   0.06  0.0   0.0   0.0   0.0   
44    Y     0.14  0.01  0.0   0.0   0.0   0.02  0.0   0.06  0.0   0.06  0.2   0.0   0.19  0.01  0.0   0.09  0.1   0.0   0.1   0.01  
45    P     0.01  0.0   0.01  0.0   0.0   0.16  0.47  0.03  0.01  0.02  0.07  0.0   0.03  0.0   0.12  0.04  0.0   0.0   0.0   0.02  
46    L     0.01  0.0   0.05  0.0   0.0   0.0   0.0   0.08  0.01  0.0   0.81  0.0   0.02  0.0   0.0   0.0   0.0   0.0   0.0   0.0   
47    L     0.37  0.07  0.05  0.03  0.0   0.0   0.0   0.09  0.0   0.0   0.05  0.03  0.02  0.15  0.0   0.14  0.01  0.0   0.0   0.0   
48    K     0.11  0.06  0.07  0.01  0.0   0.12  0.0   0.13  0.03  0.08  0.02  0.09  0.01  0.07  0.0   0.04  0.09  0.0   0.02  0.03  
49    R     0.01  0.1   0.0   0.03  0.0   0.05  0.01  0.03  0.0   0.11  0.02  0.0   0.0   0.05  0.54  0.02  0.02  0.0   0.0   0.0   
50    L     0.04  0.0   0.06  0.11  0.01  0.0   0.02  0.29  0.0   0.01  0.28  0.01  0.0   0.02  0.02  0.08  0.03  0.02  0.0   0.0   
51    L     0.04  0.06  0.12  0.0   0.0   0.04  0.02  0.03  0.0   0.02  0.29  0.0   0.06  0.01  0.07  0.09  0.06  0.0   0.0   0.07  
52    P     0.03  0.0   0.12  0.06  0.0   0.23  0.04  0.11  0.01  0.0   0.02  0.02  0.01  0.02  0.19  0.04  0.05  0.01  0.0   0.02  
53    F     0.03  0.01  0.13  0.07  0.0   0.01  0.01  0.01  0.0   0.09  0.06  0.01  0.0   0.26  0.01  0.06  0.04  0.04  0.11  0.05  
54    V     0.05  0.01  0.0   0.08  0.0   0.0   0.01  0.09  0.03  0.09  0.32  0.01  0.01  0.06  0.02  0.03  0.02  0.0   0.06  0.1   
55    Q     0.02  0.01  0.06  0.04  0.0   0.37  0.21  0.01  0.11  0.02  0.01  0.02  0.0   0.0   0.04  0.03  0.01  0.0   0.0   0.03  
56    S     0.04  0.0   0.02  0.06  0.0   0.08  0.0   0.07  0.1   0.11  0.25  0.0   0.0   0.02  0.05  0.1   0.02  0.0   0.05  0.02  
57    Y     0.0   0.0   0.05  0.0   0.0   0.01  0.0   0.0   0.0   0.0   0.0   0.0   0.0   0.17  0.0   0.0   0.0   0.02  0.7   0.0   
58    Y     0.0   0.0   0.73  0.05  0.0   0.0   0.0   0.04  0.01  0.0   0.02  0.0   0.0   0.0   0.0   0.02  0.0   0.0   0.11  0.0   
59    Q     0.02  0.08  0.0   0.02  0.0   0.26  0.07  0.04  0.0   0.0   0.03  0.0   0.03  0.0   0.0   0.07  0.04  0.0   0.0   0.32  
60    G     0.1   0.0   0.0   0.0   0.0   0.0   0.0   0.04  0.0   0.34  0.27  0.0   0.06  0.04  0.0   0.0   0.0   0.0   0.0   0.11  
61    L     0.0   0.08  0.0   0.0   0.0   0.0   0.0   0.0   0.0   0.19  0.18  0.0   0.03  0.27  0.0   0.0   0.0   0.0   0.0   0.25  
62    T     0.0   0.0   0.04  0.0   0.0   0.0   0.0   0.0   0.05  0.0   0.0   0.0   0.0   0.0   0.08  0.05  0.77  0.0   0.0   0.01  
63    L     0.33  0.0   0.01  0.0   0.0   0.0   0.0   0.04  0.0   0.06  0.24  0.0   0.08  0.0   0.0   0.06  0.11  0.0   0.01  0.07  
64    H     0.0   0.0   0.0   0.0   0.0   0.0   0.0   0.0   0.95  0.0   0.0   0.0   0.0   0.0   0.0   0.05  0.0   0.0   0.0   0.0   
65    G     0.38  0.0   0.0   0.0   0.0   0.0   0.0   0.52  0.0   0.0   0.0   0.0   0.0   0.0   0.0   0.0   0.1   0.0   0.0   0.0   
66    V     0.02  0.0   0.0   0.0   0.0   0.0   0.0   0.0   0.0   0.16  0.16  0.0   0.01  0.19  0.0   0.09  0.14  0.04  0.0   0.19  
67    L     0.14  0.0   0.0   0.0   0.0   0.0   0.0   0.0   0.0   0.42  0.21  0.0   0.04  0.02  0.0   0.0   0.05  0.0   0.0   0.13  
68    N     0.04  0.0   0.04  0.0   0.0   0.0   0.0   0.0   0.0   0.01  0.0   0.0   0.77  0.05  0.0   0.0   0.0   0.0   0.0   0.09  
69    A     0.09  0.0   0.0   0.0   0.0   0.0   0.0   0.0   0.0   0.62  0.13  0.0   0.09  0.0   0.0   0.0   0.0   0.0   0.0   0.08  
70    I     0.0   0.0   0.0   0.0   0.0   0.0   0.0   0.0   0.0   0.13  0.09  0.0   0.0   0.77  0.0   0.0   0.0   0.0   0.01  0.0   
71    V     0.17  0.0   0.0   0.0   0.0   0.0   0.0   0.05  0.0   0.0   0.11  0.0   0.01  0.6   0.0   0.02  0.0   0.01  0.0   0.04  
72    F     0.04  0.0   0.06  0.0   0.0   0.0   0.0   0.05  0.0   0.0   0.09  0.0   0.29  0.35  0.0   0.0   0.0   0.02  0.04  0.08  
73    T     0.17  0.0   0.05  0.0   0.0   0.0   0.0   0.11  0.0   0.17  0.01  0.0   0.0   0.0   0.0   0.0   0.06  0.0   0.0   0.43  
74    Q     0.08  0.0   0.0   0.0   0.0   0.06  0.0   0.09  0.0   0.04  0.0   0.0   0.59  0.0   0.04  0.01  0.08  0.0   0.0   0.02  
75    L     0.05  0.0   0.09  0.0   0.0   0.0   0.0   0.0   0.0   0.0   0.1   0.0   0.04  0.0   0.69  0.0   0.03  0.0   0.0   0.0   
76    F     0.16  0.0   0.0   0.0   0.0   0.0   0.0   0.02  0.0   0.2   0.16  0.0   0.02  0.3   0.0   0.0   0.02  0.02  0.0   0.1   
77    A     0.15  0.0   0.0   0.0   0.0   0.0   0.0   0.18  0.0   0.07  0.19  0.0   0.24  0.07  0.0   0.02  0.0   0.0   0.0   0.1   
78    Q     0.07  0.0   0.18  0.0   0.0   0.04  0.0   0.14  0.0   0.3   0.0   0.0   0.02  0.08  0.0   0.05  0.05  0.02  0.0   0.03  
79    A     0.28  0.0   0.0   0.0   0.0   0.0   0.0   0.55  0.0   0.0   0.0   0.0   0.0   0.02  0.0   0.0   0.0   0.07  0.09  0.0   
80    I     0.0   0.0   0.0   0.0   0.0   0.0   0.0   0.0   0.0   0.04  0.19  0.0   0.0   0.61  0.0   0.01  0.09  0.0   0.02  0.04  
81    M     0.1   0.0   0.0   0.0   0.0   0.0   0.0   0.35  0.0   0.09  0.07  0.0   0.12  0.01  0.0   0.1   0.02  0.03  0.07  0.05  
82    V     0.0   0.0   0.61  0.0   0.0   0.0   0.0   0.04  0.0   0.0   0.0   0.0   0.0   0.09  0.18  0.0   0.0   0.0   0.0   0.09  
83    Y     0.02  0.0   0.0   0.0   0.0   0.0   0.01  0.0   0.0   0.07  0.15  0.0   0.0   0.09  0.0   0.0   0.0   0.2   0.35  0.11  
84    L     0.02  0.0   0.0   0.0   0.0   0.04  0.0   0.0   0.01  0.05  0.44  0.0   0.04  0.13  0.0   0.04  0.0   0.0   0.01  0.22  
85    P     0.01  0.04  0.0   0.0   0.03  0.0   0.0   0.0   0.0   0.14  0.21  0.0   0.06  0.0   0.03  0.0   0.0   0.0   0.0   0.48  
86    A     0.03  0.0   0.0   0.02  0.0   0.1   0.0   0.15  0.0   0.0   0.0   0.0   0.0   0.0   0.63  0.0   0.04  0.0   0.03  0.0   
87    R     0.07  0.14  0.0   0.0   0.0   0.0   0.0   0.03  0.0   0.04  0.46  0.03  0.04  0.0   0.0   0.09  0.0   0.0   0.01  0.07  
88    E     0.04  0.0   0.0   0.02  0.03  0.18  0.03  0.0   0.01  0.01  0.06  0.05  0.33  0.0   0.09  0.05  0.1   0.0   0.0   0.0   
89    L     0.05  0.0   0.0   0.14  0.03  0.0   0.03  0.0   0.0   0.39  0.19  0.03  0.02  0.0   0.0   0.08  0.0   0.0   0.0   0.04  
90    N     0.0   0.1   0.03  0.0   0.0   0.0   0.0   0.59  0.04  0.0   0.06  0.0   0.14  0.0   0.0   0.0   0.0   0.0   0.0   0.03  
91    M     0.73  0.0   0.0   0.0   0.0   0.0   0.0   0.0   0.0   0.02  0.04  0.0   0.07  0.03  0.0   0.08  0.01  0.0   0.0   0.03  
92    R     0.02  0.28  0.0   0.0   0.0   0.0   0.01  0.0   0.01  0.05  0.0   0.0   0.0   0.14  0.33  0.03  0.01  0.03  0.07  0.0   
93    P     0.0   0.0   0.0   0.59  0.0   0.0   0.0   0.04  0.0   0.03  0.1   0.03  0.0   0.0   0.21  0.0   0.0   0.0   0.0   0.0   
94    N     0.04  0.17  0.03  0.0   0.0   0.0   0.0   0.07  0.03  0.0   0.03  0.0   0.36  0.03  0.0   0.0   0.04  0.0   0.0   0.19  
95    M     0.47  0.0   0.0   0.0   0.0   0.0   0.0   0.1   0.0   0.05  0.06  0.0   0.11  0.0   0.0   0.06  0.07  0.0   0.01  0.07  
96    G     0.04  0.01  0.2   0.0   0.0   0.0   0.0   0.06  0.0   0.03  0.0   0.05  0.0   0.55  0.0   0.0   0.0   0.0   0.05  0.0   
97    L     0.03  0.01  0.05  0.01  0.0   0.03  0.01  0.01  0.0   0.04  0.61  0.01  0.13  0.0   0.01  0.01  0.01  0.0   0.0   0.04  
98    M     0.04  0.01  0.62  0.01  0.0   0.01  0.01  0.09  0.0   0.02  0.01  0.01  0.06  0.01  0.01  0.01  0.01  0.0   0.06  0.01  
99    W     0.18  0.0   0.49  0.0   0.0   0.0   0.0   0.0   0.0   0.0   0.01  0.0   0.03  0.0   0.03  0.09  0.02  0.11  0.0   0.0   
100   L     0.0   0.0   0.0   0.0   0.0   0.0   0.03  0.0   0.0   0.29  0.25  0.0   0.15  0.2   0.0   0.0   0.0   0.0   0.0   0.05  
101   S     0.06  0.0   0.0   0.0   0.0   0.0   0.0   0.06  0.0   0.0   0.02  0.0   0.0   0.03  0.0   0.69  0.03  0.02  0.0   0.08  
102   W     0.0   0.0   0.0   0.0   0.0   0.0   0.0   0.0   0.0   0.0   0.07  0.0   0.0   0.76  0.0   0.0   0.0   0.03  0.11  0.0   
103   W     0.0   0.0   0.0   0.0   0.0   0.0   0.0   0.0   0.0   0.0   0.06  0.0   0.0   0.0   0.0   0.0   0.0   0.89  0.01  0.0   
104   M     0.02  0.0   0.0   0.0   0.03  0.0   0.0   0.11  0.0   0.03  0.56  0.0   0.11  0.01  0.02  0.0   0.02  0.0   0.03  0.04  
105   A     0.05  0.0   0.03  0.0   0.0   0.04  0.0   0.0   0.0   0.03  0.41  0.0   0.01  0.12  0.0   0.06  0.06  0.06  0.13  0.0   
106   F     0.09  0.0   0.05  0.0   0.0   0.09  0.0   0.0   0.0   0.03  0.09  0.0   0.01  0.09  0.43  0.01  0.01  0.0   0.0   0.09  
107   I     0.05  0.0   0.02  0.0   0.01  0.0   0.0   0.03  0.0   0.07  0.14  0.0   0.01  0.08  0.42  0.05  0.03  0.0   0.0   0.09  
108   G     0.2   0.03  0.0   0.0   0.0   0.0   0.0   0.29  0.0   0.04  0.03  0.0   0.0   0.05  0.0   0.29  0.0   0.04  0.0   0.03  
109   L     0.08  0.0   0.0   0.0   0.0   0.0   0.0   0.08  0.0   0.12  0.36  0.0   0.05  0.21  0.0   0.01  0.01  0.0   0.0   0.09  
110   V     0.02  0.0   0.0   0.0   0.0   0.0   0.0   0.07  0.0   0.22  0.25  0.0   0.03  0.03  0.0   0.02  0.04  0.0   0.03  0.27  
111   V     0.03  0.0   0.0   0.0   0.05  0.0   0.0   0.0   0.0   0.05  0.66  0.0   0.06  0.04  0.0   0.0   0.03  0.0   0.0   0.09  
112   F     0.21  0.0   0.0   0.0   0.0   0.0   0.0   0.02  0.0   0.05  0.41  0.0   0.05  0.07  0.0   0.0   0.0   0.0   0.0   0.19  
113   A     0.22  0.0   0.11  0.0   0.0   0.0   0.0   0.04  0.0   0.08  0.24  0.0   0.02  0.0   0.0   0.03  0.08  0.02  0.0   0.14  
114   L     0.16  0.0   0.01  0.02  0.03  0.0   0.0   0.02  0.0   0.07  0.16  0.03  0.03  0.02  0.0   0.28  0.07  0.0   0.04  0.05  
115   P     0.04  0.0   0.04  0.0   0.03  0.0   0.0   0.16  0.0   0.0   0.0   0.0   0.0   0.0   0.03  0.64  0.03  0.0   0.01  0.0   
116   L     0.15  0.0   0.0   0.0   0.04  0.0   0.0   0.01  0.0   0.01  0.18  0.0   0.02  0.26  0.01  0.08  0.06  0.0   0.09  0.05  
117   L     0.07  0.0   0.0   0.0   0.01  0.0   0.01  0.04  0.0   0.12  0.33  0.0   0.03  0.22  0.04  0.02  0.0   0.0   0.02  0.1   
118   A     0.09  0.03  0.0   0.0   0.0   0.0   0.12  0.15  0.0   0.13  0.14  0.0   0.02  0.01  0.0   0.01  0.07  0.0   0.01  0.22  
119   N     0.08  0.0   0.07  0.05  0.0   0.07  0.11  0.42  0.0   0.01  0.02  0.0   0.0   0.0   0.03  0.07  0.04  0.0   0.0   0.02  
120   E     0.14  0.0   0.0   0.0   0.0   0.0   0.12  0.47  0.0   0.08  0.02  0.0   0.0   0.03  0.02  0.08  0.02  0.01  0.0   0.02  
121   A     0.49  0.0   0.0   0.0   0.02  0.0   0.0   0.06  0.0   0.0   0.0   0.0   0.0   0.0   0.15  0.09  0.12  0.0   0.0   0.06  
122   T     0.04  0.02  0.02  0.1   0.0   0.15  0.0   0.54  0.0   0.0   0.0   0.01  0.0   0.0   0.0   0.05  0.07  0.0   0.0   0.0   
123   V     0.16  0.0   0.0   0.0   0.01  0.0   0.0   0.04  0.0   0.02  0.02  0.0   0.02  0.06  0.0   0.06  0.52  0.0   0.0   0.08  
124   L     0.0   0.06  0.0   0.0   0.0   0.0   0.0   0.83  0.0   0.0   0.03  0.0   0.0   0.0   0.0   0.04  0.0   0.0   0.0   0.0   
125   Y     0.0   0.0   0.0   0.0   0.0   0.0   0.06  0.0   0.0   0.0   0.01  0.0   0.0   0.02  0.0   0.0   0.0   0.8   0.07  0.0   
126   T     0.0   0.0   0.0   0.0   0.0   0.0   0.0   0.0   0.0   0.0   0.08  0.03  0.0   0.02  0.0   0.0   0.72  0.0   0.09  0.03  
127   F     0.17  0.0   0.03  0.0   0.0   0.0   0.03  0.0   0.0   0.04  0.16  0.0   0.11  0.08  0.0   0.05  0.02  0.01  0.0   0.28  
128   Y     0.0   0.0   0.0   0.0   0.0   0.0   0.06  0.04  0.0   0.04  0.0   0.03  0.0   0.01  0.0   0.0   0.0   0.0   0.8   0.0   
129   P     0.12  0.0   0.0   0.0   0.03  0.0   0.0   0.0   0.0   0.02  0.01  0.0   0.01  0.01  0.63  0.02  0.08  0.0   0.01  0.04  
130   P     0.01  0.0   0.0   0.0   0.0   0.0   0.03  0.01  0.0   0.0   0.01  0.04  0.0   0.0   0.75  0.05  0.05  0.0   0.0   0.02  
131   L     0.01  0.0   0.0   0.0   0.0   0.06  0.01  0.01  0.0   0.0   0.8   0.0   0.0   0.06  0.02  0.01  0.0   0.0   0.0   0.01  
132   K     0.22  0.0   0.0   0.0   0.0   0.0   0.01  0.06  0.0   0.0   0.03  0.03  0.0   0.0   0.0   0.59  0.03  0.0   0.0   0.01  
133   G     0.05  0.0   0.01  0.04  0.03  0.05  0.03  0.25  0.0   0.03  0.03  0.08  0.01  0.0   0.0   0.25  0.09  0.0   0.0   0.04  
134   H     0.03  0.02  0.14  0.07  0.0   0.05  0.27  0.02  0.04  0.14  0.02  0.02  0.03  0.0   0.0   0.09  0.01  0.0   0.0   0.03  
135   W     0.04  0.0   0.02  0.02  0.0   0.1   0.01  0.03  0.02  0.06  0.11  0.0   0.05  0.1   0.0   0.04  0.09  0.16  0.15  0.01  
136   A     0.23  0.0   0.0   0.0   0.0   0.0   0.02  0.05  0.04  0.05  0.0   0.05  0.03  0.01  0.07  0.31  0.06  0.0   0.09  0.01  
137   F     0.03  0.01  0.0   0.01  0.0   0.0   0.09  0.02  0.1   0.1   0.01  0.01  0.05  0.09  0.18  0.05  0.01  0.0   0.12  0.11  
138   Y     0.05  0.0   0.0   0.12  0.0   0.02  0.01  0.24  0.12  0.0   0.08  0.0   0.02  0.06  0.04  0.12  0.02  0.0   0.04  0.02  
139   L     0.07  0.0   0.03  0.0   0.0   0.0   0.04  0.11  0.02  0.06  0.37  0.0   0.02  0.0   0.06  0.12  0.01  0.0   0.0   0.09  
140   G     0.11  0.0   0.0   0.04  0.0   0.0   0.0   0.41  0.05  0.02  0.06  0.0   0.03  0.0   0.03  0.06  0.0   0.15  0.0   0.03  
141   A     0.13  0.0   0.0   0.0   0.0   0.0   0.0   0.04  0.07  0.19  0.2   0.0   0.0   0.02  0.04  0.05  0.02  0.0   0.04  0.19  
142   S     0.15  0.0   0.05  0.14  0.0   0.02  0.0   0.0   0.02  0.03  0.11  0.0   0.03  0.08  0.0   0.21  0.11  0.0   0.01  0.04  
143   V     0.07  0.0   0.0   0.09  0.0   0.0   0.0   0.06  0.0   0.16  0.15  0.0   0.03  0.04  0.0   0.13  0.02  0.0   0.08  0.18  
144   F     0.07  0.0   0.0   0.16  0.0   0.0   0.0   0.15  0.02  0.09  0.15  0.0   0.04  0.07  0.0   0.01  0.02  0.03  0.09  0.12  
145   V     0.06  0.0   0.0   0.0   0.0   0.01  0.0   0.1   0.08  0.14  0.26  0.0   0.0   0.03  0.0   0.06  0.02  0.13  0.0   0.12  
146   L     0.07  0.0   0.0   0.0   0.0   0.0   0.0   0.03  0.0   0.14  0.31  0.0   0.03  0.01  0.0   0.14  0.06  0.02  0.0   0.2   
147   S     0.22  0.0   0.01  0.0   0.0   0.0   0.0   0.1   0.0   0.08  0.04  0.0   0.04  0.01  0.0   0.36  0.12  0.0   0.0   0.02  
148   T     0.03  0.0   0.0   0.0   0.0   0.0   0.0   0.09  0.0   0.27  0.18  0.0   0.02  0.01  0.0   0.06  0.18  0.0   0.09  0.08  
149   W     0.06  0.0   0.0   0.0   0.0   0.04  0.0   0.18  0.02  0.07  0.35  0.0   0.02  0.0   0.0   0.06  0.05  0.02  0.03  0.11  
150   V     0.14  0.0   0.06  0.0   0.0   0.0   0.0   0.18  0.0   0.11  0.06  0.0   0.03  0.0   0.0   0.18  0.06  0.07  0.0   0.11  
151   S     0.17  0.0   0.03  0.0   0.0   0.0   0.0   0.07  0.0   0.04  0.07  0.0   0.03  0.0   0.0   0.36  0.08  0.0   0.0   0.15  
152   I     0.03  0.0   0.17  0.0   0.0   0.0   0.0   0.01  0.0   0.43  0.09  0.0   0.01  0.12  0.0   0.0   0.02  0.0   0.0   0.11  
153   Y     0.0   0.0   0.4   0.0   0.0   0.0   0.0   0.02  0.0   0.01  0.09  0.0   0.03  0.33  0.0   0.02  0.0   0.0   0.11  0.0   
154   I     0.02  0.0   0.0   0.0   0.0   0.0   0.0   0.09  0.0   0.25  0.14  0.0   0.04  0.32  0.0   0.0   0.02  0.0   0.02  0.09  
155   V     0.05  0.0   0.02  0.0   0.0   0.0   0.0   0.0   0.0   0.22  0.17  0.0   0.02  0.01  0.0   0.01  0.34  0.0   0.0   0.15  
156   L     0.06  0.03  0.02  0.0   0.01  0.0   0.0   0.03  0.0   0.09  0.08  0.0   0.01  0.0   0.0   0.02  0.49  0.0   0.0   0.14  
157   D     0.04  0.0   0.0   0.03  0.03  0.0   0.0   0.0   0.0   0.14  0.12  0.0   0.0   0.1   0.0   0.01  0.39  0.0   0.0   0.12  
158   L     0.01  0.03  0.02  0.0   0.0   0.0   0.0   0.03  0.0   0.37  0.27  0.0   0.03  0.06  0.0   0.0   0.05  0.0   0.02  0.08  
159   W     0.07  0.03  0.18  0.0   0.1   0.01  0.0   0.06  0.03  0.09  0.06  0.1   0.02  0.1   0.0   0.01  0.06  0.03  0.01  0.02  
160   R     0.02  0.07  0.21  0.02  0.03  0.0   0.0   0.01  0.0   0.01  0.11  0.1   0.28  0.0   0.0   0.02  0.11  0.0   0.0   0.0   
161   R     0.02  0.36  0.0   0.0   0.03  0.0   0.05  0.0   0.0   0.06  0.05  0.1   0.26  0.0   0.0   0.0   0.0   0.0   0.0   0.07  
162   W     0.12  0.3   0.02  0.0   0.0   0.0   0.0   0.0   0.0   0.03  0.02  0.11  0.0   0.08  0.06  0.02  0.14  0.04  0.05  0.0   
163   K     0.12  0.05  0.06  0.0   0.0   0.01  0.02  0.03  0.03  0.03  0.05  0.23  0.05  0.0   0.17  0.09  0.05  0.0   0.0   0.03  
164   A     0.06  0.07  0.01  0.01  0.0   0.03  0.08  0.28  0.0   0.05  0.02  0.06  0.02  0.01  0.2   0.03  0.02  0.0   0.0   0.06  
165   A     0.08  0.02  0.0   0.02  0.0   0.01  0.02  0.18  0.0   0.02  0.06  0.12  0.31  0.02  0.03  0.09  0.01  0.0   0.01  0.0   
166   N     0.02  0.01  0.07  0.01  0.0   0.01  0.08  0.0   0.08  0.05  0.05  0.01  0.18  0.07  0.1   0.05  0.17  0.0   0.0   0.05  
167   P     0.03  0.03  0.02  0.0   0.01  0.0   0.0   0.06  0.0   0.06  0.14  0.08  0.18  0.0   0.13  0.12  0.12  0.0   0.0   0.02  
168   G     0.02  0.02  0.03  0.01  0.0   0.05  0.03  0.11  0.17  0.02  0.07  0.0   0.09  0.16  0.0   0.0   0.0   0.07  0.13  0.02  
169   K     0.0   0.18  0.03  0.06  0.0   0.0   0.09  0.0   0.04  0.07  0.07  0.09  0.05  0.05  0.03  0.06  0.03  0.03  0.06  0.07  
170   V     0.04  0.14  0.03  0.04  0.0   0.09  0.01  0.04  0.03  0.06  0.06  0.12  0.02  0.08  0.01  0.04  0.01  0.0   0.06  0.11  
171   T     0.02  0.0   0.06  0.0   0.0   0.0   0.0   0.0   0.0   0.05  0.23  0.0   0.32  0.0   0.0   0.03  0.12  0.03  0.03  0.1   
172   P     0.09  0.0   0.02  0.02  0.0   0.0   0.02  0.0   0.0   0.0   0.05  0.0   0.0   0.0   0.56  0.09  0.1   0.06  0.0   0.0   
173   L     0.0   0.0   0.07  0.0   0.0   0.0   0.0   0.0   0.0   0.12  0.51  0.0   0.03  0.13  0.02  0.03  0.0   0.0   0.03  0.07  
174   V     0.02  0.0   0.0   0.0   0.0   0.0   0.0   0.0   0.0   0.09  0.0   0.0   0.0   0.68  0.0   0.03  0.01  0.07  0.06  0.05  
175   T     0.09  0.0   0.0   0.0   0.03  0.0   0.0   0.04  0.0   0.06  0.03  0.0   0.0   0.07  0.01  0.05  0.26  0.0   0.0   0.36  
176   Y     0.09  0.0   0.0   0.0   0.0   0.0   0.0   0.0   0.0   0.02  0.02  0.0   0.01  0.0   0.0   0.0   0.06  0.67  0.1   0.03  
177   M     0.2   0.0   0.06  0.0   0.0   0.0   0.0   0.05  0.0   0.0   0.1   0.0   0.06  0.06  0.0   0.3   0.12  0.0   0.02  0.02  
178   A     0.1   0.0   0.0   0.0   0.02  0.0   0.0   0.02  0.0   0.37  0.05  0.0   0.05  0.04  0.0   0.06  0.03  0.0   0.0   0.25  
179   V     0.07  0.0   0.0   0.0   0.0   0.0   0.0   0.02  0.0   0.06  0.33  0.0   0.02  0.3   0.0   0.04  0.02  0.0   0.0   0.15  
180   V     0.07  0.0   0.0   0.0   0.03  0.0   0.0   0.0   0.0   0.4   0.08  0.0   0.03  0.04  0.0   0.0   0.11  0.01  0.0   0.23  
181   F     0.08  0.0   0.0   0.0   0.0   0.02  0.0   0.0   0.0   0.03  0.09  0.0   0.0   0.09  0.0   0.02  0.61  0.0   0.0   0.08  
182   W     0.47  0.0   0.05  0.0   0.0   0.0   0.0   0.01  0.03  0.0   0.04  0.0   0.0   0.0   0.0   0.24  0.09  0.03  0.0   0.04  
183   L     0.02  0.02  0.0   0.0   0.0   0.0   0.0   0.03  0.0   0.37  0.07  0.0   0.05  0.18  0.0   0.01  0.03  0.03  0.0   0.19  
184   M     0.08  0.0   0.0   0.0   0.0   0.0   0.0   0.0   0.0   0.02  0.69  0.0   0.09  0.0   0.07  0.0   0.0   0.0   0.0   0.06  
185   W     0.03  0.03  0.05  0.0   0.0   0.0   0.0   0.0   0.06  0.19  0.38  0.0   0.06  0.0   0.01  0.0   0.0   0.03  0.0   0.16  
186   F     0.04  0.0   0.03  0.0   0.0   0.0   0.0   0.0   0.0   0.09  0.62  0.0   0.04  0.05  0.0   0.0   0.0   0.0   0.0   0.13  
187   L     0.04  0.0   0.0   0.0   0.0   0.0   0.0   0.0   0.08  0.1   0.5   0.0   0.02  0.06  0.01  0.0   0.06  0.01  0.0   0.12  
188   A     0.3   0.0   0.08  0.0   0.01  0.0   0.0   0.03  0.0   0.05  0.07  0.0   0.0   0.0   0.0   0.27  0.08  0.0   0.0   0.09  
189   S     0.08  0.0   0.08  0.0   0.0   0.0   0.0   0.07  0.0   0.01  0.28  0.0   0.03  0.23  0.0   0.04  0.07  0.0   0.0   0.1   
190   L     0.02  0.0   0.1   0.0   0.0   0.0   0.0   0.0   0.0   0.06  0.2   0.0   0.0   0.0   0.61  0.0   0.01  0.0   0.0   0.0   
191   G     0.17  0.0   0.11  0.0   0.0   0.0   0.06  0.06  0.0   0.06  0.05  0.0   0.0   0.0   0.05  0.02  0.06  0.0   0.0   0.36  
192   L     0.04  0.0   0.0   0.0   0.0   0.0   0.0   0.0   0.0   0.06  0.72  0.0   0.03  0.01  0.06  0.0   0.0   0.0   0.0   0.06  
193   V     0.38  0.0   0.0   0.0   0.0   0.0   0.0   0.04  0.0   0.0   0.07  0.0   0.07  0.04  0.06  0.02  0.24  0.0   0.0   0.06  
194   L     0.32  0.0   0.0   0.0   0.0   0.0   0.0   0.16  0.0   0.04  0.14  0.0   0.0   0.0   0.0   0.05  0.08  0.0   0.0   0.18  
195   E     0.34  0.0   0.0   0.0   0.0   0.0   0.04  0.25  0.0   0.0   0.01  0.0   0.0   0.04  0.11  0.01  0.15  0.0   0.0   0.03  
196   A     0.14  0.0   0.0   0.12  0.0   0.0   0.0   0.02  0.0   0.13  0.25  0.0   0.0   0.04  0.03  0.02  0.05  0.0   0.0   0.16  
197   V     0.08  0.12  0.0   0.0   0.0   0.0   0.0   0.02  0.0   0.04  0.17  0.0   0.06  0.04  0.0   0.07  0.2   0.0   0.0   0.2   
198   L     0.02  0.0   0.03  0.0   0.0   0.0   0.0   0.05  0.0   0.08  0.22  0.0   0.3   0.03  0.0   0.11  0.0   0.03  0.0   0.09  
199   F     0.06  0.0   0.0   0.0   0.0   0.0   0.0   0.01  0.0   0.04  0.44  0.0   0.02  0.28  0.0   0.02  0.0   0.0   0.03  0.07  
200   L     0.04  0.0   0.04  0.04  0.0   0.0   0.04  0.1   0.0   0.02  0.41  0.01  0.07  0.07  0.0   0.03  0.1   0.0   0.02  0.01  
201   L     0.07  0.0   0.0   0.0   0.01  0.0   0.0   0.11  0.0   0.0   0.25  0.0   0.08  0.05  0.0   0.07  0.28  0.0   0.04  0.01  
202   P     0.08  0.01  0.01  0.54  0.0   0.02  0.04  0.01  0.02  0.01  0.01  0.01  0.0   0.0   0.08  0.08  0.04  0.0   0.0   0.04  
203   W     0.0   0.53  0.0   0.0   0.0   0.0   0.0   0.0   0.0   0.01  0.04  0.22  0.0   0.14  0.0   0.0   0.0   0.04  0.0   0.0   
204   S     0.01  0.02  0.27  0.03  0.01  0.0   0.01  0.01  0.08  0.01  0.06  0.06  0.0   0.04  0.01  0.27  0.01  0.0   0.09  0.01  
205   F     0.0   0.0   0.0   0.0   0.0   0.0   0.0   0.0   0.0   0.02  0.02  0.0   0.0   0.68  0.0   0.0   0.0   0.0   0.26  0.03  
206   G     0.01  0.0   0.05  0.29  0.0   0.03  0.1   0.15  0.0   0.04  0.0   0.0   0.0   0.05  0.0   0.13  0.11  0.0   0.0   0.04  
207   L     0.17  0.0   0.04  0.0   0.0   0.0   0.0   0.0   0.0   0.0   0.16  0.0   0.01  0.03  0.3   0.06  0.06  0.0   0.03  0.14  
208   V     0.37  0.0   0.06  0.05  0.0   0.0   0.06  0.02  0.0   0.01  0.0   0.0   0.03  0.06  0.0   0.1   0.03  0.07  0.05  0.07  
209   E     0.18  0.0   0.1   0.02  0.0   0.0   0.05  0.3   0.02  0.0   0.05  0.0   0.02  0.04  0.02  0.1   0.01  0.0   0.03  0.05  
210   G     0.04  0.0   0.03  0.0   0.0   0.0   0.0   0.86  0.0   0.0   0.0   0.0   0.0   0.0   0.03  0.04  0.0   0.0   0.0   0.0   
211   V     0.05  0.0   0.0   0.0   0.0   0.0   0.02  0.69  0.0   0.04  0.0   0.0   0.0   0.0   0.0   0.0   0.0   0.0   0.0   0.2   
212   D     0.0   0.0   0.15  0.39  0.0   0.17  0.0   0.05  0.0   0.02  0.0   0.0   0.08  0.0   0.0   0.05  0.06  0.0   0.0   0.0   
213   P     0.12  0.0   0.04  0.17  0.0   0.02  0.0   0.0   0.0   0.01  0.05  0.0   0.02  0.0   0.49  0.0   0.02  0.0   0.0   0.05  
214   L     0.2   0.0   0.0   0.0   0.0   0.0   0.0   0.0   0.0   0.26  0.19  0.0   0.16  0.02  0.0   0.0   0.0   0.0   0.0   0.16  
215   V     0.0   0.0   0.0   0.0   0.0   0.0   0.0   0.0   0.0   0.04  0.62  0.0   0.23  0.02  0.0   0.0   0.01  0.0   0.02  0.06  
216   A     0.13  0.0   0.0   0.0   0.0   0.0   0.0   0.0   0.0   0.04  0.0   0.0   0.0   0.14  0.0   0.04  0.07  0.24  0.28  0.06  
217   R     0.17  0.14  0.0   0.06  0.0   0.3   0.06  0.0   0.0   0.07  0.06  0.0   0.06  0.0   0.0   0.0   0.0   0.0   0.0   0.08  
218   T     0.01  0.0   0.36  0.0   0.0   0.09  0.01  0.01  0.25  0.1   0.01  0.0   0.0   0.0   0.0   0.01  0.14  0.0   0.0   0.01  
219   L     0.01  0.01  0.01  0.01  0.0   0.01  0.01  0.01  0.0   0.12  0.62  0.01  0.0   0.12  0.01  0.01  0.01  0.0   0.01  0.01  
220   F     0.02  0.01  0.01  0.01  0.0   0.01  0.02  0.02  0.01  0.26  0.27  0.01  0.01  0.26  0.01  0.02  0.01  0.0   0.01  0.02  
221   W     0.02  0.14  0.01  0.01  0.0   0.01  0.01  0.01  0.0   0.01  0.02  0.01  0.0   0.01  0.01  0.01  0.01  0.55  0.14  0.01  
222   W     0.09  0.01  0.01  0.01  0.0   0.01  0.01  0.01  0.0   0.09  0.09  0.01  0.0   0.37  0.01  0.01  0.01  0.14  0.01  0.09  
223   T     0.02  0.01  0.01  0.01  0.0   0.01  0.01  0.02  0.0   0.01  0.02  0.01  0.0   0.35  0.01  0.02  0.07  0.25  0.15  0.01  
224   G     0.02  0.01  0.11  0.01  0.0   0.01  0.01  0.62  0.0   0.01  0.02  0.01  0.0   0.01  0.01  0.09  0.01  0.0   0.01  0.01  
225   H     0.0   0.0   0.0   0.0   0.0   0.14  0.0   0.0   0.86  0.0   0.0   0.0   0.0   0.0   0.0   0.0   0.0   0.0   0.0   0.0   
226   P     0.0   0.0   0.17  0.0   0.0   0.0   0.0   0.0   0.0   0.0   0.0   0.0   0.0   0.0   0.66  0.0   0.17  0.0   0.0   0.0   
227   I     0.21  0.0   0.0   0.0   0.0   0.0   0.47  0.0   0.0   0.05  0.0   0.0   0.0   0.0   0.0   0.0   0.03  0.0   0.0   0.23  
228   V     0.17  0.0   0.0   0.0   0.0   0.0   0.0   0.0   0.0   0.0   0.0   0.0   0.0   0.0   0.0   0.0   0.0   0.0   0.0   0.83  
229   Y     0.0   0.0   0.0   0.0   0.0   0.0   0.0   0.17  0.0   0.0   0.0   0.0   0.0   0.0   0.0   0.0   0.17  0.0   0.66  0.0   
230   F     0.0   0.0   0.0   0.0   0.0   0.0   0.0   0.0   0.0   0.59  0.03  0.0   0.02  0.22  0.0   0.0   0.0   0.0   0.07  0.07  
231   W     0.0   0.0   0.0   0.0   0.0   0.0   0.0   0.0   0.0   0.22  0.33  0.0   0.1   0.17  0.02  0.0   0.0   0.05  0.0   0.1   
232   L     0.05  0.0   0.0   0.0   0.0   0.0   0.0   0.0   0.0   0.36  0.28  0.0   0.2   0.0   0.07  0.0   0.0   0.0   0.0   0.04  
233   L     0.0   0.0   0.0   0.0   0.0   0.0   0.0   0.0   0.0   0.06  0.62  0.0   0.04  0.08  0.0   0.0   0.17  0.0   0.0   0.03  
234   P     0.14  0.0   0.0   0.0   0.0   0.0   0.0   0.0   0.0   0.0   0.0   0.0   0.0   0.0   0.86  0.0   0.0   0.0   0.0   0.0   
235   A     0.26  0.0   0.0   0.0   0.0   0.0   0.0   0.47  0.0   0.02  0.05  0.0   0.0   0.07  0.02  0.02  0.03  0.0   0.02  0.05  
236   Y     0.0   0.0   0.0   0.0   0.0   0.0   0.0   0.0   0.0   0.0   0.05  0.0   0.03  0.85  0.0   0.01  0.0   0.0   0.06  0.0   
237   A     0.13  0.0   0.0   0.0   0.0   0.0   0.0   0.87  0.0   0.0   0.0   0.0   0.0   0.0   0.0   0.0   0.0   0.0   0.0   0.0   
238   I     0.08  0.0   0.0   0.0   0.0   0.0   0.0   0.0   0.0   0.52  0.08  0.0   0.2   0.03  0.0   0.0   0.0   0.0   0.0   0.1   
239   I     0.02  0.0   0.0   0.0   0.0   0.0   0.0   0.0   0.0   0.46  0.07  0.0   0.21  0.07  0.0   0.0   0.0   0.0   0.02  0.16  
240   Y     0.05  0.0   0.05  0.0   0.0   0.0   0.0   0.0   0.0   0.0   0.0   0.0   0.0   0.0   0.0   0.64  0.02  0.0   0.24  0.0   
241   T     0.0   0.0   0.0   0.03  0.0   0.06  0.22  0.0   0.24  0.05  0.06  0.01  0.03  0.0   0.0   0.01  0.1   0.0   0.18  0.0   
242   I     0.01  0.0   0.0   0.0   0.0   0.0   0.0   0.0   0.0   0.39  0.09  0.0   0.02  0.14  0.0   0.01  0.01  0.0   0.05  0.3   
243   L     0.03  0.0   0.0   0.0   0.0   0.0   0.0   0.0   0.01  0.45  0.18  0.0   0.0   0.02  0.0   0.01  0.02  0.0   0.0   0.28  
244   P     0.09  0.0   0.0   0.0   0.01  0.0   0.03  0.01  0.0   0.0   0.01  0.01  0.01  0.0   0.46  0.32  0.04  0.0   0.0   0.01  
245   K     0.05  0.02  0.01  0.0   0.0   0.07  0.0   0.0   0.05  0.0   0.0   0.24  0.0   0.05  0.0   0.02  0.31  0.0   0.07  0.12  
246   Q     0.0   0.05  0.05  0.0   0.01  0.15  0.04  0.0   0.03  0.02  0.03  0.0   0.02  0.31  0.0   0.01  0.01  0.0   0.28  0.0   
247   A     0.4   0.0   0.03  0.0   0.0   0.0   0.01  0.02  0.0   0.0   0.0   0.0   0.0   0.0   0.0   0.38  0.11  0.0   0.02  0.04  
248   G     0.01  0.23  0.08  0.02  0.01  0.01  0.07  0.31  0.01  0.0   0.0   0.08  0.03  0.03  0.0   0.03  0.08  0.0   0.0   0.0   
249   G     0.0   0.29  0.0   0.0   0.0   0.0   0.0   0.06  0.0   0.0   0.0   0.66  0.0   0.0   0.0   0.0   0.0   0.0   0.0   0.0   
250   K     0.01  0.13  0.03  0.0   0.03  0.02  0.09  0.02  0.0   0.0   0.0   0.19  0.0   0.0   0.42  0.07  0.0   0.0   0.0   0.0   
251   L     0.01  0.0   0.0   0.0   0.0   0.0   0.08  0.0   0.01  0.22  0.24  0.0   0.11  0.0   0.01  0.0   0.01  0.0   0.0   0.31  
252   V     0.03  0.0   0.0   0.0   0.0   0.0   0.0   0.0   0.0   0.0   0.0   0.0   0.0   0.68  0.0   0.02  0.0   0.0   0.21  0.06  
253   S     0.03  0.0   0.0   0.0   0.0   0.0   0.0   0.66  0.0   0.0   0.0   0.0   0.0   0.0   0.0   0.32  0.0   0.0   0.0   0.0   
254   D     0.01  0.0   0.08  0.06  0.01  0.0   0.08  0.0   0.03  0.0   0.01  0.08  0.0   0.02  0.0   0.04  0.03  0.0   0.52  0.03  
255   P     0.0   0.19  0.0   0.0   0.0   0.12  0.01  0.0   0.06  0.07  0.15  0.11  0.08  0.0   0.06  0.02  0.08  0.0   0.0   0.06  
256   M     0.09  0.0   0.0   0.0   0.0   0.02  0.0   0.31  0.05  0.0   0.14  0.0   0.07  0.02  0.02  0.13  0.08  0.05  0.03  0.0   
257   A     0.1   0.0   0.0   0.0   0.0   0.0   0.0   0.0   0.0   0.07  0.08  0.0   0.59  0.0   0.0   0.14  0.0   0.0   0.0   0.02  
258   R     0.05  0.1   0.0   0.0   0.0   0.0   0.0   0.0   0.0   0.42  0.04  0.0   0.01  0.0   0.0   0.0   0.0   0.0   0.0   0.37  
259   L     0.0   0.0   0.0   0.0   0.01  0.0   0.0   0.04  0.0   0.07  0.16  0.0   0.0   0.03  0.0   0.02  0.03  0.25  0.32  0.07  
260   A     0.72  0.0   0.05  0.0   0.0   0.0   0.0   0.0   0.14  0.0   0.0   0.0   0.0   0.0   0.0   0.09  0.01  0.0   0.0   0.0   
261   F     0.0   0.0   0.0   0.0   0.0   0.02  0.0   0.0   0.0   0.11  0.01  0.0   0.41  0.22  0.0   0.05  0.14  0.0   0.0   0.02  
262   L     0.08  0.0   0.0   0.0   0.01  0.0   0.0   0.06  0.0   0.11  0.25  0.0   0.13  0.01  0.0   0.02  0.01  0.15  0.1   0.06  
263   L     0.39  0.0   0.0   0.0   0.02  0.0   0.0   0.11  0.0   0.04  0.14  0.0   0.0   0.0   0.0   0.24  0.0   0.0   0.0   0.05  
264   F     0.03  0.0   0.0   0.0   0.0   0.0   0.0   0.0   0.0   0.66  0.16  0.0   0.05  0.1   0.0   0.0   0.0   0.0   0.0   0.0   
265   L     0.26  0.01  0.04  0.0   0.02  0.0   0.0   0.34  0.0   0.14  0.06  0.0   0.01  0.0   0.0   0.04  0.07  0.0   0.0   0.02  
266   L     0.04  0.0   0.0   0.0   0.02  0.0   0.0   0.03  0.0   0.17  0.19  0.0   0.01  0.29  0.0   0.04  0.02  0.0   0.05  0.14  
267   L     0.0   0.0   0.0   0.0   0.0   0.0   0.0   0.05  0.0   0.05  0.71  0.0   0.1   0.04  0.0   0.0   0.0   0.0   0.0   0.05  
268   S     0.0   0.0   0.0   0.0   0.0   0.0   0.0   0.53  0.0   0.0   0.0   0.0   0.0   0.0   0.0   0.25  0.05  0.0   0.14  0.04  
269   T     0.01  0.04  0.0   0.0   0.03  0.0   0.0   0.0   0.0   0.14  0.05  0.0   0.08  0.49  0.0   0.02  0.08  0.0   0.03  0.03  
270   P     0.05  0.0   0.0   0.0   0.01  0.0   0.0   0.08  0.0   0.18  0.21  0.0   0.08  0.04  0.06  0.0   0.01  0.14  0.0   0.15  
271   V     0.14  0.0   0.0   0.0   0.0   0.0   0.0   0.0   0.0   0.0   0.0   0.0   0.0   0.05  0.0   0.0   0.0   0.0   0.0   0.81  
272   G     0.0   0.0   0.0   0.0   0.0   0.0   0.0   0.24  0.0   0.0   0.0   0.0   0.0   0.0   0.0   0.0   0.0   0.76  0.0   0.0   
273   F     0.41  0.0   0.0   0.0   0.0   0.0   0.0   0.06  0.0   0.0   0.08  0.0   0.04  0.06  0.14  0.08  0.01  0.0   0.0   0.11  
274   H     0.0   0.0   0.0   0.0   0.0   0.0   0.0   0.04  0.94  0.0   0.0   0.0   0.0   0.0   0.0   0.0   0.0   0.0   0.02  0.0   
275   H     0.0   0.0   0.0   0.0   0.0   0.0   0.0   0.0   0.96  0.0   0.0   0.0   0.0   0.0   0.0   0.0   0.04  0.0   0.0   0.0   
276   Q     0.0   0.0   0.0   0.0   0.0   0.06  0.0   0.0   0.02  0.0   0.1   0.0   0.62  0.07  0.0   0.04  0.0   0.0   0.09  0.0   
277   F     0.0   0.0   0.0   0.0   0.0   0.05  0.0   0.0   0.05  0.0   0.0   0.0   0.02  0.53  0.0   0.0   0.09  0.0   0.27  0.0   
278   A     0.21  0.0   0.0   0.0   0.0   0.0   0.0   0.0   0.0   0.05  0.0   0.0   0.0   0.0   0.0   0.0   0.51  0.0   0.06  0.13  
279   D     0.07  0.02  0.02  0.08  0.01  0.02  0.03  0.03  0.05  0.02  0.18  0.03  0.01  0.02  0.02  0.07  0.21  0.05  0.01  0.03  
280   P     0.01  0.01  0.01  0.01  0.0   0.01  0.01  0.07  0.0   0.08  0.02  0.01  0.08  0.01  0.2   0.01  0.01  0.0   0.01  0.44  
281   G     0.11  0.04  0.0   0.11  0.0   0.0   0.0   0.7   0.0   0.0   0.0   0.0   0.0   0.0   0.0   0.0   0.0   0.0   0.0   0.0   
282   I     0.04  0.0   0.03  0.0   0.0   0.0   0.02  0.0   0.0   0.08  0.37  0.0   0.2   0.04  0.0   0.01  0.05  0.09  0.0   0.06  
283   D     0.07  0.0   0.06  0.45  0.0   0.0   0.03  0.13  0.0   0.0   0.01  0.0   0.0   0.0   0.12  0.08  0.03  0.0   0.01  0.0   
284   P     0.08  0.0   0.0   0.05  0.01  0.09  0.0   0.02  0.05  0.11  0.05  0.0   0.0   0.0   0.13  0.06  0.05  0.0   0.01  0.27  
285   T     0.01  0.11  0.03  0.39  0.0   0.0   0.0   0.0   0.0   0.01  0.07  0.0   0.0   0.0   0.0   0.02  0.17  0.07  0.04  0.05  
286   W     0.07  0.0   0.0   0.0   0.0   0.02  0.0   0.0   0.0   0.04  0.21  0.0   0.02  0.03  0.0   0.1   0.34  0.06  0.04  0.07  
287   K     0.0   0.51  0.09  0.0   0.0   0.09  0.0   0.1   0.0   0.0   0.07  0.06  0.0   0.0   0.0   0.07  0.0   0.0   0.0   0.01  
288   M     0.39  0.04  0.02  0.0   0.0   0.0   0.05  0.02  0.0   0.05  0.03  0.0   0.17  0.02  0.06  0.08  0.07  0.0   0.0   0.0   
289   I     0.02  0.0   0.0   0.0   0.0   0.0   0.0   0.0   0.0   0.1   0.05  0.0   0.03  0.19  0.0   0.02  0.05  0.05  0.44  0.06  
290   H     0.0   0.0   0.0   0.0   0.0   0.0   0.0   0.05  0.06  0.0   0.0   0.0   0.0   0.76  0.0   0.02  0.0   0.0   0.07  0.05  
291   S     0.05  0.0   0.05  0.0   0.0   0.01  0.0   0.07  0.0   0.01  0.0   0.0   0.08  0.0   0.0   0.35  0.37  0.0   0.0   0.01  
292   V     0.2   0.0   0.0   0.0   0.0   0.0   0.0   0.01  0.0   0.19  0.07  0.0   0.02  0.07  0.0   0.19  0.12  0.0   0.0   0.13  
293   L     0.36  0.0   0.0   0.0   0.0   0.0   0.0   0.01  0.0   0.06  0.06  0.0   0.2   0.02  0.0   0.09  0.1   0.0   0.0   0.1   
294   T     0.01  0.0   0.0   0.0   0.0   0.0   0.01  0.01  0.0   0.0   0.01  0.01  0.0   0.0   0.0   0.11  0.81  0.0   0.0   0.01  
295   L     0.03  0.0   0.0   0.0   0.0   0.0   0.01  0.01  0.0   0.16  0.2   0.01  0.44  0.05  0.0   0.01  0.01  0.0   0.02  0.05  
296   F     0.05  0.0   0.0   0.0   0.0   0.0   0.01  0.01  0.0   0.4   0.27  0.01  0.05  0.06  0.0   0.01  0.03  0.0   0.0   0.08  
297   V     0.0   0.0   0.0   0.0   0.0   0.0   0.0   0.0   0.0   0.74  0.18  0.0   0.0   0.0   0.0   0.0   0.0   0.0   0.0   0.07  
298   A     0.64  0.0   0.0   0.0   0.03  0.0   0.0   0.05  0.0   0.0   0.02  0.0   0.0   0.0   0.0   0.14  0.01  0.1   0.0   0.0   
299   V     0.02  0.0   0.0   0.0   0.0   0.0   0.0   0.0   0.0   0.29  0.11  0.0   0.13  0.0   0.0   0.0   0.06  0.0   0.0   0.39  
300   P     0.0   0.0   0.0   0.0   0.0   0.0   0.0   0.06  0.0   0.0   0.0   0.0   0.0   0.0   0.94  0.0   0.0   0.0   0.0   0.0   
301   S     0.06  0.0   0.0   0.0   0.0   0.0   0.0   0.0   0.0   0.0   0.0   0.0   0.0   0.03  0.0   0.28  0.63  0.0   0.0   0.0   
302   L     0.07  0.03  0.03  0.03  0.04  0.03  0.07  0.23  0.01  0.03  0.12  0.03  0.01  0.02  0.03  0.06  0.09  0.01  0.02  0.04  
303   M     0.05  0.03  0.08  0.03  0.01  0.03  0.04  0.05  0.01  0.13  0.11  0.04  0.12  0.02  0.03  0.05  0.06  0.01  0.02  0.08  
304   T     0.08  0.03  0.03  0.03  0.01  0.03  0.04  0.05  0.01  0.03  0.06  0.25  0.01  0.02  0.03  0.05  0.16  0.01  0.02  0.04  
305   A     0.11  0.03  0.03  0.03  0.01  0.03  0.04  0.05  0.01  0.11  0.12  0.04  0.01  0.03  0.03  0.05  0.04  0.01  0.02  0.2   
306   F     0.05  0.03  0.03  0.03  0.01  0.03  0.04  0.05  0.01  0.03  0.11  0.04  0.05  0.25  0.03  0.05  0.04  0.01  0.02  0.1   
307   T     0.05  0.03  0.25  0.04  0.01  0.03  0.04  0.05  0.01  0.03  0.06  0.04  0.01  0.03  0.03  0.09  0.1   0.01  0.02  0.04  
308   V     0.05  0.03  0.03  0.04  0.01  0.03  0.04  0.05  0.01  0.03  0.12  0.04  0.01  0.03  0.03  0.05  0.04  0.22  0.02  0.11  
309   A     0.12  0.04  0.03  0.04  0.01  0.03  0.04  0.11  0.02  0.04  0.12  0.04  0.02  0.03  0.04  0.05  0.11  0.01  0.02  0.09  
310   A     0.16  0.03  0.03  0.04  0.04  0.03  0.04  0.06  0.01  0.03  0.17  0.05  0.01  0.03  0.03  0.05  0.09  0.01  0.04  0.04  
311   S     0.05  0.03  0.03  0.04  0.01  0.03  0.04  0.06  0.01  0.03  0.06  0.04  0.01  0.03  0.03  0.16  0.26  0.01  0.02  0.04  
312   L     0.05  0.03  0.03  0.04  0.01  0.03  0.04  0.05  0.01  0.1   0.26  0.04  0.04  0.04  0.03  0.06  0.04  0.01  0.05  0.04  
313   E     0.09  0.03  0.03  0.04  0.01  0.08  0.11  0.05  0.02  0.03  0.08  0.04  0.04  0.1   0.03  0.05  0.05  0.01  0.03  0.07  
314   F     0.04  0.03  0.08  0.03  0.06  0.02  0.03  0.07  0.01  0.03  0.05  0.03  0.01  0.09  0.03  0.09  0.09  0.13  0.03  0.04  
315   A     0.14  0.03  0.02  0.03  0.01  0.02  0.03  0.22  0.01  0.03  0.05  0.04  0.02  0.02  0.03  0.12  0.06  0.01  0.02  0.09  
316   G     0.11  0.05  0.05  0.05  0.01  0.03  0.09  0.23  0.01  0.03  0.06  0.05  0.01  0.02  0.03  0.04  0.05  0.01  0.02  0.04  
317   R     0.05  0.1   0.03  0.03  0.01  0.03  0.04  0.05  0.01  0.06  0.09  0.04  0.15  0.08  0.03  0.1   0.04  0.01  0.02  0.05  
318   L     0.05  0.03  0.03  0.04  0.01  0.03  0.04  0.07  0.05  0.23  0.14  0.04  0.01  0.03  0.03  0.05  0.04  0.01  0.02  0.06  
319   R     0.07  0.1   0.17  0.03  0.01  0.03  0.04  0.05  0.01  0.05  0.06  0.09  0.03  0.04  0.03  0.05  0.04  0.01  0.02  0.07  
320   G     0.05  0.04  0.05  0.04  0.01  0.03  0.04  0.24  0.02  0.05  0.06  0.04  0.02  0.04  0.04  0.11  0.04  0.01  0.02  0.05  
321   G     0.02  0.01  0.01  0.02  0.01  0.01  0.02  0.53  0.01  0.01  0.18  0.02  0.03  0.01  0.02  0.04  0.02  0.0   0.01  0.02  
322   R     0.02  0.08  0.01  0.01  0.0   0.01  0.02  0.07  0.01  0.28  0.03  0.01  0.13  0.01  0.01  0.02  0.01  0.0   0.01  0.24  
323   G     0.02  0.02  0.04  0.02  0.01  0.01  0.02  0.09  0.01  0.02  0.03  0.48  0.01  0.01  0.02  0.02  0.16  0.0   0.01  0.02  
324   L     0.02  0.01  0.01  0.02  0.01  0.01  0.02  0.02  0.02  0.25  0.27  0.02  0.01  0.06  0.01  0.02  0.02  0.0   0.01  0.2   
325   F     0.02  0.01  0.01  0.02  0.01  0.01  0.02  0.02  0.01  0.01  0.06  0.02  0.01  0.52  0.01  0.16  0.02  0.0   0.05  0.02  
326   G     0.02  0.01  0.19  0.01  0.0   0.01  0.02  0.22  0.01  0.01  0.02  0.01  0.01  0.01  0.01  0.39  0.02  0.0   0.01  0.02  
327   W     0.14  0.01  0.01  0.01  0.0   0.01  0.02  0.02  0.01  0.03  0.02  0.01  0.01  0.06  0.01  0.03  0.01  0.55  0.01  0.02  
328   I     0.02  0.03  0.01  0.01  0.01  0.01  0.02  0.02  0.01  0.23  0.35  0.01  0.02  0.01  0.01  0.02  0.04  0.13  0.01  0.04  
329   R     0.31  0.12  0.01  0.11  0.0   0.01  0.01  0.11  0.03  0.01  0.06  0.01  0.01  0.11  0.01  0.01  0.03  0.0   0.02  0.01  
330   A     0.09  0.01  0.01  0.01  0.0   0.01  0.01  0.01  0.02  0.01  0.02  0.19  0.0   0.01  0.01  0.03  0.54  0.0   0.01  0.01  
331   L     0.01  0.01  0.01  0.07  0.02  0.01  0.01  0.01  0.0   0.18  0.37  0.04  0.17  0.01  0.01  0.01  0.01  0.0   0.05  0.01  
332   P     0.03  0.01  0.01  0.05  0.0   0.04  0.02  0.02  0.16  0.02  0.03  0.01  0.07  0.06  0.04  0.04  0.01  0.16  0.19  0.02  
333   W     0.01  0.11  0.02  0.01  0.04  0.03  0.02  0.43  0.01  0.03  0.01  0.12  0.0   0.0   0.01  0.01  0.01  0.12  0.0   0.01  
334   D     0.01  0.01  0.0   0.04  0.0   0.0   0.03  0.45  0.0   0.07  0.01  0.04  0.04  0.02  0.01  0.1   0.13  0.0   0.0   0.02  
335   N     0.01  0.08  0.1   0.17  0.04  0.08  0.03  0.0   0.04  0.0   0.01  0.11  0.0   0.0   0.0   0.18  0.09  0.0   0.02  0.02  
336   P     0.0   0.0   0.0   0.0   0.0   0.0   0.0   0.0   0.0   0.29  0.23  0.0   0.02  0.07  0.22  0.04  0.03  0.0   0.0   0.07  
337   A     0.06  0.12  0.02  0.0   0.0   0.05  0.08  0.0   0.04  0.05  0.06  0.17  0.0   0.0   0.05  0.07  0.07  0.0   0.0   0.14  
338   F     0.03  0.01  0.0   0.0   0.0   0.0   0.0   0.04  0.0   0.11  0.18  0.0   0.08  0.23  0.0   0.04  0.0   0.13  0.08  0.07  
339   V     0.03  0.11  0.07  0.03  0.0   0.01  0.13  0.02  0.03  0.01  0.13  0.05  0.03  0.0   0.01  0.07  0.12  0.02  0.09  0.03  
340   A     0.1   0.0   0.0   0.0   0.0   0.0   0.0   0.04  0.0   0.01  0.04  0.0   0.08  0.16  0.1   0.06  0.28  0.06  0.02  0.06  
341   P     0.16  0.0   0.0   0.0   0.03  0.0   0.0   0.0   0.0   0.04  0.04  0.0   0.06  0.02  0.38  0.14  0.05  0.0   0.0   0.04  
342   V     0.01  0.0   0.0   0.0   0.03  0.0   0.0   0.0   0.0   0.1   0.17  0.0   0.4   0.0   0.0   0.0   0.04  0.0   0.04  0.17  
343   L     0.0   0.0   0.0   0.0   0.0   0.0   0.0   0.12  0.01  0.05  0.55  0.0   0.11  0.0   0.0   0.03  0.0   0.0   0.04  0.06  
344   G     0.04  0.0   0.0   0.0   0.0   0.0   0.0   0.03  0.0   0.0   0.0   0.0   0.0   0.47  0.0   0.08  0.0   0.3   0.06  0.0   
345   L     0.36  0.0   0.0   0.0   0.02  0.0   0.0   0.0   0.0   0.21  0.18  0.0   0.0   0.0   0.0   0.05  0.05  0.0   0.0   0.13  
346   L     0.07  0.0   0.0   0.0   0.09  0.0   0.0   0.02  0.0   0.15  0.39  0.0   0.0   0.12  0.0   0.01  0.02  0.0   0.0   0.13  
347   G     0.05  0.0   0.03  0.0   0.0   0.0   0.0   0.52  0.0   0.0   0.12  0.0   0.07  0.11  0.0   0.02  0.08  0.0   0.0   0.0   
348   F     0.0   0.0   0.0   0.0   0.0   0.0   0.0   0.0   0.0   0.0   0.0   0.0   0.0   0.88  0.0   0.0   0.0   0.0   0.12  0.0   
349   I     0.0   0.0   0.0   0.0   0.0   0.0   0.0   0.12  0.0   0.37  0.26  0.0   0.03  0.0   0.0   0.0   0.13  0.0   0.0   0.09  
350   P     0.02  0.0   0.0   0.0   0.0   0.0   0.0   0.0   0.0   0.28  0.18  0.0   0.17  0.06  0.04  0.0   0.02  0.0   0.0   0.23  
351   G     0.12  0.0   0.0   0.0   0.0   0.0   0.0   0.79  0.0   0.0   0.0   0.0   0.0   0.0   0.0   0.06  0.02  0.0   0.0   0.0   
352   G     0.02  0.0   0.0   0.0   0.0   0.0   0.0   0.83  0.0   0.0   0.0   0.0   0.0   0.02  0.0   0.0   0.12  0.0   0.0   0.0   
353   A     0.08  0.0   0.0   0.0   0.0   0.0   0.0   0.0   0.0   0.04  0.43  0.0   0.07  0.17  0.0   0.02  0.06  0.0   0.0   0.14  
354   G     0.02  0.0   0.0   0.0   0.0   0.04  0.12  0.04  0.0   0.0   0.02  0.0   0.0   0.0   0.0   0.05  0.71  0.0   0.0   0.0   
355   G     0.04  0.0   0.0   0.0   0.0   0.0   0.0   0.96  0.0   0.0   0.0   0.0   0.0   0.0   0.0   0.0   0.0   0.0   0.0   0.0   
356   I     0.0   0.0   0.0   0.0   0.0   0.0   0.0   0.0   0.0   0.21  0.11  0.0   0.04  0.0   0.12  0.0   0.0   0.0   0.0   0.52  
357   V     0.02  0.0   0.0   0.0   0.0   0.0   0.0   0.0   0.0   0.13  0.08  0.0   0.28  0.08  0.0   0.0   0.01  0.04  0.02  0.34  
358   N     0.0   0.0   0.04  0.0   0.0   0.0   0.0   0.0   0.0   0.01  0.75  0.0   0.13  0.02  0.01  0.0   0.02  0.0   0.0   0.02  
359   A     0.49  0.0   0.0   0.0   0.0   0.0   0.0   0.1   0.0   0.0   0.0   0.0   0.0   0.0   0.07  0.35  0.0   0.0   0.0   0.0   
360   S     0.01  0.0   0.47  0.0   0.0   0.02  0.04  0.0   0.04  0.12  0.03  0.0   0.04  0.0   0.0   0.17  0.01  0.0   0.0   0.06  
361   F     0.23  0.0   0.04  0.0   0.0   0.0   0.0   0.04  0.0   0.03  0.0   0.12  0.0   0.04  0.14  0.22  0.01  0.0   0.0   0.12  
362   T     0.13  0.0   0.0   0.0   0.01  0.0   0.0   0.19  0.0   0.0   0.0   0.0   0.0   0.0   0.17  0.37  0.08  0.0   0.0   0.05  
363   L     0.08  0.0   0.0   0.0   0.0   0.0   0.0   0.0   0.0   0.24  0.43  0.0   0.04  0.01  0.0   0.0   0.0   0.0   0.0   0.19  
364   D     0.0   0.0   0.21  0.79  0.0   0.0   0.0   0.0   0.0   0.0   0.0   0.0   0.0   0.0   0.0   0.0   0.0   0.0   0.0   0.0   
365   Y     0.02  0.06  0.0   0.0   0.0   0.0   0.0   0.0   0.0   0.31  0.02  0.0   0.01  0.13  0.04  0.1   0.0   0.01  0.11  0.18  
366   V     0.2   0.0   0.0   0.0   0.0   0.04  0.0   0.02  0.1   0.06  0.22  0.0   0.06  0.0   0.02  0.08  0.01  0.0   0.01  0.19  
367   V     0.0   0.0   0.0   0.0   0.0   0.0   0.0   0.0   0.0   0.02  0.46  0.0   0.04  0.17  0.0   0.12  0.0   0.0   0.05  0.14  
368   H     0.0   0.02  0.02  0.0   0.0   0.01  0.0   0.0   0.86  0.0   0.0   0.0   0.0   0.0   0.0   0.04  0.05  0.0   0.0   0.0   
369   N     0.0   0.0   0.16  0.66  0.0   0.0   0.01  0.04  0.0   0.0   0.0   0.0   0.0   0.0   0.0   0.0   0.0   0.0   0.12  0.0   
370   T     0.0   0.02  0.0   0.0   0.0   0.0   0.0   0.0   0.0   0.0   0.01  0.0   0.0   0.0   0.0   0.17  0.81  0.0   0.0   0.0   
371   A     0.04  0.0   0.0   0.1   0.0   0.0   0.02  0.0   0.0   0.02  0.05  0.01  0.02  0.04  0.0   0.0   0.0   0.0   0.69  0.02  
372   W     0.0   0.0   0.0   0.0   0.0   0.0   0.0   0.0   0.0   0.0   0.0   0.0   0.0   0.3   0.0   0.0   0.0   0.18  0.52  0.0   
373   V     0.02  0.0   0.0   0.0   0.0   0.0   0.0   0.02  0.0   0.05  0.08  0.0   0.0   0.0   0.0   0.0   0.1   0.0   0.0   0.73  
374   P     0.0   0.0   0.0   0.0   0.0   0.0   0.0   0.02  0.0   0.19  0.0   0.0   0.0   0.0   0.04  0.0   0.0   0.0   0.0   0.75  
375   G     0.62  0.0   0.0   0.0   0.0   0.0   0.0   0.32  0.0   0.0   0.0   0.0   0.0   0.0   0.0   0.05  0.01  0.0   0.0   0.0   
376   H     0.0   0.0   0.0   0.0   0.0   0.0   0.0   0.0   0.97  0.0   0.0   0.0   0.0   0.03  0.0   0.0   0.0   0.0   0.0   0.0   
377   F     0.0   0.0   0.0   0.0   0.0   0.0   0.0   0.0   0.0   0.0   0.01  0.0   0.0   0.85  0.0   0.0   0.0   0.0   0.0   0.13  
378   H     0.0   0.0   0.0   0.0   0.0   0.0   0.0   0.0   0.96  0.0   0.04  0.0   0.0   0.0   0.0   0.0   0.0   0.0   0.0   0.0   
379   L     0.02  0.0   0.06  0.0   0.0   0.0   0.0   0.0   0.0   0.02  0.1   0.0   0.01  0.06  0.0   0.11  0.0   0.0   0.61  0.0   
380   Q     0.0   0.0   0.0   0.0   0.0   0.04  0.0   0.13  0.0   0.04  0.0   0.0   0.1   0.0   0.0   0.0   0.1   0.0   0.0   0.6   
381   V     0.13  0.0   0.0   0.0   0.0   0.01  0.0   0.0   0.0   0.12  0.62  0.0   0.04  0.0   0.0   0.0   0.0   0.0   0.0   0.08  
382   A     0.06  0.0   0.0   0.0   0.0   0.0   0.0   0.01  0.0   0.07  0.13  0.0   0.01  0.1   0.0   0.48  0.01  0.04  0.03  0.05  
383   S     0.04  0.0   0.0   0.0   0.0   0.0   0.0   0.38  0.0   0.06  0.1   0.0   0.29  0.0   0.0   0.04  0.06  0.0   0.0   0.02  
384   L     0.07  0.0   0.0   0.0   0.0   0.0   0.0   0.59  0.0   0.0   0.09  0.0   0.0   0.0   0.0   0.0   0.1   0.13  0.0   0.0   
385   V     0.5   0.0   0.06  0.0   0.0   0.0   0.0   0.0   0.0   0.12  0.0   0.0   0.0   0.0   0.02  0.03  0.01  0.0   0.0   0.26  
386   T     0.06  0.0   0.0   0.0   0.0   0.0   0.0   0.11  0.0   0.17  0.07  0.0   0.02  0.0   0.0   0.0   0.06  0.0   0.01  0.51  
387   L     0.0   0.0   0.0   0.0   0.0   0.0   0.0   0.0   0.0   0.06  0.09  0.0   0.15  0.6   0.0   0.0   0.02  0.0   0.05  0.04  
388   T     0.41  0.0   0.0   0.0   0.0   0.0   0.0   0.3   0.0   0.09  0.0   0.0   0.0   0.0   0.0   0.08  0.06  0.0   0.0   0.06  
389   A     0.09  0.0   0.0   0.0   0.06  0.0   0.0   0.0   0.0   0.25  0.21  0.0   0.05  0.02  0.0   0.09  0.15  0.0   0.03  0.05  
390   M     0.0   0.0   0.0   0.0   0.02  0.0   0.0   0.0   0.0   0.1   0.09  0.0   0.16  0.58  0.0   0.0   0.04  0.0   0.02  0.0   
391   G     0.42  0.0   0.0   0.0   0.05  0.0   0.0   0.33  0.0   0.0   0.0   0.0   0.0   0.0   0.0   0.06  0.1   0.0   0.0   0.04  
392   S     0.2   0.0   0.0   0.0   0.02  0.0   0.0   0.62  0.0   0.0   0.0   0.0   0.02  0.06  0.0   0.06  0.01  0.0   0.0   0.0   
393   L     0.0   0.0   0.0   0.0   0.0   0.0   0.0   0.0   0.0   0.17  0.28  0.0   0.02  0.29  0.0   0.01  0.02  0.03  0.06  0.12  
394   Y     0.02  0.01  0.04  0.04  0.0   0.0   0.01  0.0   0.02  0.13  0.0   0.0   0.0   0.05  0.0   0.04  0.06  0.0   0.51  0.07  
395   W     0.02  0.0   0.0   0.0   0.04  0.01  0.0   0.0   0.27  0.0   0.03  0.0   0.04  0.2   0.0   0.0   0.0   0.04  0.35  0.0   
396   L     0.0   0.0   0.0   0.0   0.0   0.0   0.0   0.0   0.0   0.03  0.2   0.0   0.0   0.08  0.0   0.0   0.0   0.6   0.09  0.0   
397   L     0.0   0.04  0.0   0.0   0.0   0.07  0.0   0.02  0.0   0.07  0.09  0.0   0.0   0.33  0.0   0.04  0.04  0.08  0.12  0.08  
398   P     0.03  0.01  0.05  0.02  0.0   0.0   0.03  0.07  0.0   0.0   0.0   0.0   0.03  0.0   0.69  0.03  0.04  0.01  0.0   0.0   
399   N     0.03  0.02  0.07  0.0   0.0   0.02  0.0   0.0   0.01  0.02  0.17  0.44  0.03  0.05  0.0   0.07  0.03  0.04  0.0   0.01  
400   L     0.05  0.0   0.0   0.0   0.0   0.0   0.01  0.0   0.0   0.14  0.21  0.0   0.19  0.26  0.0   0.0   0.0   0.06  0.0   0.07  
401   T     0.04  0.0   0.02  0.0   0.01  0.0   0.0   0.0   0.0   0.02  0.08  0.0   0.03  0.24  0.0   0.12  0.32  0.11  0.0   0.01  
402   G     0.0   0.0   0.06  0.02  0.0   0.0   0.01  0.84  0.0   0.0   0.0   0.0   0.0   0.0   0.04  0.03  0.0   0.0   0.0   0.0   
403   K     0.0   0.25  0.01  0.0   0.0   0.0   0.0   0.0   0.02  0.09  0.15  0.19  0.0   0.13  0.0   0.0   0.01  0.0   0.13  0.04  
404   P     0.01  0.05  0.09  0.02  0.02  0.06  0.08  0.01  0.01  0.04  0.05  0.1   0.12  0.01  0.04  0.05  0.17  0.02  0.01  0.04  
405   I     0.0   0.04  0.0   0.0   0.0   0.02  0.02  0.04  0.0   0.05  0.44  0.0   0.03  0.09  0.0   0.0   0.0   0.0   0.25  0.01  
406   S     0.0   0.04  0.31  0.14  0.0   0.0   0.0   0.0   0.11  0.0   0.09  0.0   0.05  0.0   0.06  0.18  0.0   0.0   0.02  0.01  
407   D     0.04  0.02  0.04  0.1   0.0   0.03  0.41  0.01  0.02  0.01  0.03  0.04  0.01  0.0   0.07  0.03  0.03  0.0   0.11  0.0   
408   A     0.06  0.01  0.06  0.04  0.01  0.01  0.02  0.03  0.01  0.05  0.05  0.03  0.01  0.08  0.02  0.15  0.24  0.02  0.04  0.05  
409   Q     0.06  0.03  0.04  0.02  0.02  0.07  0.04  0.03  0.01  0.05  0.13  0.03  0.04  0.02  0.02  0.09  0.05  0.19  0.02  0.05  
410   R     0.09  0.11  0.02  0.02  0.01  0.04  0.05  0.08  0.01  0.05  0.13  0.12  0.04  0.02  0.02  0.08  0.07  0.01  0.01  0.03  
411   R     0.04  0.23  0.01  0.01  0.0   0.03  0.02  0.02  0.01  0.04  0.1   0.27  0.08  0.03  0.01  0.02  0.02  0.0   0.01  0.04  
412   L     0.02  0.01  0.01  0.01  0.0   0.01  0.01  0.01  0.0   0.09  0.41  0.01  0.03  0.07  0.01  0.01  0.04  0.09  0.01  0.14  
413   G     0.09  0.01  0.11  0.01  0.0   0.02  0.03  0.43  0.01  0.01  0.07  0.01  0.06  0.03  0.01  0.08  0.01  0.0   0.0   0.01  
414   L     0.04  0.1   0.02  0.01  0.0   0.08  0.03  0.01  0.02  0.05  0.05  0.27  0.0   0.06  0.01  0.06  0.01  0.15  0.02  0.01  
415   A     0.14  0.05  0.01  0.01  0.0   0.01  0.01  0.03  0.0   0.32  0.15  0.01  0.03  0.02  0.01  0.09  0.03  0.04  0.02  0.04  
416   V     0.05  0.0   0.0   0.0   0.02  0.1   0.0   0.04  0.54  0.04  0.0   0.0   0.03  0.04  0.0   0.02  0.04  0.0   0.0   0.07  
417   V     0.03  0.0   0.0   0.0   0.0   0.0   0.0   0.0   0.0   0.02  0.07  0.0   0.06  0.73  0.0   0.0   0.0   0.0   0.01  0.04  
418   W     0.02  0.0   0.0   0.0   0.0   0.0   0.0   0.03  0.0   0.11  0.01  0.0   0.03  0.05  0.03  0.04  0.02  0.58  0.0   0.06  
419   L     0.02  0.0   0.0   0.0   0.02  0.0   0.0   0.0   0.0   0.16  0.39  0.0   0.03  0.07  0.0   0.01  0.12  0.04  0.04  0.11  
420   W     0.13  0.0   0.0   0.0   0.0   0.0   0.0   0.0   0.0   0.04  0.13  0.0   0.2   0.13  0.0   0.03  0.15  0.14  0.04  0.0   
421   F     0.0   0.0   0.0   0.0   0.0   0.0   0.0   0.0   0.0   0.03  0.04  0.0   0.07  0.6   0.0   0.04  0.17  0.0   0.01  0.02  
422   L     0.09  0.0   0.0   0.0   0.0   0.0   0.0   0.02  0.0   0.41  0.18  0.0   0.01  0.04  0.0   0.01  0.01  0.0   0.0   0.21  
423   G     0.02  0.0   0.0   0.0   0.0   0.0   0.0   0.91  0.0   0.0   0.0   0.0   0.0   0.0   0.04  0.03  0.0   0.0   0.0   0.0   
424   M     0.04  0.0   0.0   0.0   0.0   0.02  0.0   0.0   0.0   0.12  0.0   0.0   0.05  0.22  0.0   0.07  0.06  0.0   0.01  0.42  
425   M     0.01  0.0   0.48  0.0   0.0   0.01  0.0   0.0   0.08  0.03  0.04  0.0   0.08  0.05  0.0   0.0   0.0   0.04  0.05  0.14  
426   I     0.01  0.0   0.0   0.0   0.02  0.0   0.0   0.06  0.0   0.08  0.48  0.0   0.07  0.01  0.01  0.0   0.08  0.01  0.0   0.16  
427   M     0.08  0.0   0.0   0.0   0.03  0.0   0.0   0.0   0.0   0.06  0.02  0.0   0.05  0.0   0.0   0.0   0.56  0.0   0.12  0.08  
428   A     0.12  0.0   0.0   0.0   0.0   0.0   0.0   0.04  0.0   0.07  0.01  0.0   0.0   0.76  0.0   0.0   0.0   0.0   0.0   0.0   
429   V     0.06  0.0   0.0   0.0   0.03  0.0   0.0   0.01  0.0   0.01  0.21  0.0   0.07  0.43  0.0   0.04  0.02  0.0   0.04  0.07  
430   G     0.12  0.0   0.0   0.0   0.0   0.0   0.0   0.06  0.0   0.02  0.0   0.0   0.0   0.0   0.67  0.02  0.0   0.0   0.0   0.1   
431   L     0.0   0.0   0.0   0.0   0.0   0.4   0.01  0.0   0.0   0.0   0.14  0.0   0.46  0.0   0.0   0.0   0.0   0.0   0.0   0.0   
432   H     0.0   0.0   0.0   0.0   0.0   0.0   0.0   0.0   0.64  0.0   0.01  0.0   0.0   0.08  0.0   0.06  0.0   0.12  0.08  0.0   
433   W     0.05  0.0   0.0   0.0   0.0   0.0   0.02  0.0   0.0   0.07  0.02  0.0   0.0   0.49  0.0   0.04  0.0   0.12  0.04  0.17  
434   A     0.18  0.0   0.02  0.0   0.0   0.0   0.0   0.0   0.0   0.0   0.7   0.0   0.0   0.0   0.0   0.02  0.05  0.0   0.0   0.04  
435   G     0.0   0.0   0.0   0.0   0.0   0.0   0.0   0.98  0.0   0.0   0.0   0.0   0.0   0.0   0.0   0.0   0.0   0.0   0.0   0.0   
436   L     0.02  0.02  0.02  0.02  0.0   0.0   0.01  0.0   0.0   0.13  0.51  0.0   0.05  0.14  0.0   0.0   0.0   0.0   0.06  0.01  
437   L     0.17  0.0   0.08  0.02  0.0   0.16  0.05  0.03  0.02  0.0   0.14  0.01  0.14  0.02  0.0   0.14  0.01  0.0   0.02  0.0   
438   N     0.04  0.0   0.04  0.02  0.0   0.02  0.0   0.81  0.0   0.0   0.0   0.0   0.0   0.0   0.02  0.01  0.0   0.0   0.0   0.03  
439   V     0.0   0.0   0.0   0.0   0.0   0.0   0.0   0.0   0.0   0.01  0.16  0.0   0.68  0.09  0.0   0.0   0.0   0.0   0.01  0.05  
440   P     0.0   0.0   0.01  0.0   0.0   0.0   0.0   0.0   0.0   0.0   0.04  0.0   0.12  0.0   0.76  0.0   0.08  0.0   0.0   0.0   
441   R     0.0   0.88  0.0   0.0   0.0   0.0   0.0   0.0   0.0   0.0   0.0   0.0   0.0   0.0   0.0   0.0   0.0   0.12  0.0   0.0   
442   R     0.0   0.97  0.0   0.0   0.0   0.0   0.0   0.0   0.0   0.0   0.0   0.02  0.0   0.0   0.0   0.0   0.0   0.0   0.0   0.0   
443   A     0.14  0.02  0.02  0.02  0.01  0.02  0.08  0.03  0.01  0.06  0.14  0.03  0.07  0.02  0.02  0.03  0.03  0.01  0.16  0.07  
444   Y     0.16  0.03  0.05  0.03  0.01  0.03  0.03  0.04  0.01  0.09  0.04  0.03  0.01  0.07  0.04  0.07  0.03  0.01  0.19  0.05  
445   I     0.04  0.0   0.03  0.15  0.0   0.01  0.0   0.0   0.04  0.31  0.03  0.0   0.01  0.0   0.0   0.0   0.15  0.0   0.19  0.03  
446   A     0.08  0.0   0.02  0.04  0.0   0.0   0.0   0.04  0.04  0.04  0.02  0.0   0.01  0.0   0.19  0.24  0.0   0.0   0.26  0.01  
447   Q     0.0   0.0   0.01  0.58  0.0   0.13  0.0   0.01  0.0   0.01  0.11  0.0   0.02  0.0   0.09  0.0   0.0   0.0   0.0   0.0   
448   V     0.05  0.0   0.06  0.01  0.0   0.01  0.01  0.12  0.0   0.02  0.0   0.0   0.0   0.04  0.06  0.03  0.0   0.0   0.45  0.12  
449   P     0.07  0.01  0.01  0.02  0.0   0.0   0.02  0.01  0.0   0.03  0.01  0.01  0.0   0.1   0.58  0.09  0.03  0.0   0.0   0.01  
450   D     0.03  0.0   0.0   0.56  0.0   0.01  0.06  0.0   0.0   0.1   0.13  0.0   0.0   0.04  0.0   0.0   0.0   0.0   0.0   0.03  
451   A     0.34  0.0   0.01  0.0   0.01  0.0   0.05  0.1   0.0   0.04  0.03  0.0   0.0   0.09  0.02  0.07  0.06  0.05  0.02  0.08  
452   Y     0.01  0.01  0.01  0.03  0.0   0.05  0.03  0.01  0.03  0.02  0.01  0.02  0.0   0.28  0.02  0.01  0.01  0.01  0.38  0.05  
453   P     0.15  0.01  0.01  0.01  0.0   0.02  0.01  0.01  0.0   0.03  0.09  0.01  0.02  0.03  0.19  0.15  0.17  0.02  0.02  0.03  
454   H     0.06  0.02  0.02  0.02  0.01  0.04  0.03  0.23  0.09  0.02  0.06  0.02  0.02  0.15  0.03  0.06  0.03  0.0   0.09  0.02  
455   A     0.12  0.02  0.08  0.03  0.01  0.04  0.03  0.04  0.01  0.06  0.1   0.05  0.02  0.07  0.02  0.05  0.04  0.13  0.01  0.05  
456   A     0.1   0.03  0.11  0.02  0.01  0.08  0.15  0.03  0.05  0.02  0.08  0.02  0.02  0.09  0.03  0.05  0.04  0.01  0.03  0.03  
457   V     0.07  0.01  0.01  0.01  0.01  0.02  0.05  0.11  0.0   0.03  0.1   0.02  0.07  0.02  0.07  0.09  0.16  0.01  0.01  0.13  
458   P     0.04  0.0   0.0   0.01  0.0   0.0   0.04  0.02  0.0   0.02  0.18  0.01  0.05  0.02  0.04  0.04  0.01  0.36  0.01  0.13  
459   M     0.01  0.01  0.43  0.02  0.0   0.0   0.02  0.01  0.03  0.01  0.04  0.01  0.06  0.03  0.01  0.12  0.03  0.04  0.12  0.01  
460   V     0.08  0.02  0.02  0.0   0.01  0.04  0.01  0.07  0.0   0.07  0.15  0.01  0.04  0.06  0.0   0.09  0.1   0.0   0.02  0.22  
461   F     0.03  0.0   0.0   0.0   0.0   0.0   0.0   0.05  0.0   0.25  0.17  0.0   0.09  0.09  0.0   0.0   0.0   0.08  0.01  0.19  
462   N     0.23  0.12  0.14  0.0   0.04  0.0   0.0   0.05  0.0   0.03  0.02  0.0   0.0   0.0   0.0   0.35  0.0   0.0   0.0   0.0   
463   V     0.14  0.0   0.0   0.0   0.0   0.0   0.05  0.03  0.0   0.0   0.05  0.0   0.03  0.07  0.0   0.36  0.19  0.0   0.01  0.07  
464   L     0.08  0.0   0.0   0.0   0.02  0.0   0.0   0.0   0.0   0.41  0.17  0.0   0.04  0.07  0.0   0.02  0.0   0.0   0.06  0.12  
465   A     0.06  0.0   0.0   0.0   0.03  0.0   0.0   0.69  0.0   0.02  0.01  0.0   0.0   0.04  0.0   0.08  0.02  0.0   0.02  0.03  
466   G     0.18  0.0   0.0   0.0   0.01  0.0   0.0   0.22  0.04  0.04  0.0   0.0   0.01  0.0   0.0   0.41  0.09  0.0   0.0   0.0   
467   I     0.07  0.0   0.0   0.0   0.01  0.0   0.0   0.04  0.0   0.19  0.14  0.01  0.07  0.2   0.04  0.01  0.07  0.0   0.08  0.08  
468   V     0.01  0.0   0.0   0.0   0.0   0.0   0.0   0.16  0.0   0.32  0.24  0.0   0.09  0.02  0.0   0.02  0.02  0.0   0.0   0.12  
469   L     0.09  0.0   0.0   0.0   0.0   0.0   0.0   0.0   0.0   0.08  0.24  0.0   0.03  0.1   0.0   0.32  0.1   0.0   0.02  0.03  
470   L     0.08  0.0   0.0   0.0   0.0   0.0   0.0   0.15  0.0   0.05  0.39  0.0   0.04  0.15  0.0   0.0   0.06  0.0   0.0   0.09  
471   V     0.14  0.0   0.01  0.0   0.01  0.0   0.0   0.01  0.0   0.21  0.18  0.0   0.05  0.14  0.0   0.02  0.06  0.0   0.0   0.17  
472   A     0.21  0.0   0.0   0.0   0.02  0.0   0.0   0.37  0.0   0.0   0.02  0.0   0.08  0.03  0.0   0.22  0.04  0.0   0.0   0.01  
473   L     0.14  0.0   0.0   0.0   0.0   0.02  0.0   0.03  0.0   0.13  0.26  0.0   0.07  0.05  0.0   0.04  0.08  0.0   0.0   0.18  
474   L     0.06  0.02  0.0   0.0   0.02  0.0   0.0   0.02  0.0   0.15  0.39  0.0   0.09  0.12  0.0   0.01  0.0   0.01  0.0   0.12  
475   L     0.03  0.01  0.02  0.0   0.08  0.0   0.0   0.05  0.0   0.18  0.21  0.0   0.05  0.12  0.08  0.01  0.01  0.01  0.03  0.13  
476   F     0.01  0.0   0.0   0.0   0.02  0.07  0.0   0.05  0.0   0.0   0.08  0.03  0.16  0.51  0.0   0.01  0.01  0.02  0.0   0.04  
477   I     0.12  0.0   0.0   0.0   0.03  0.0   0.0   0.01  0.0   0.25  0.27  0.01  0.07  0.07  0.0   0.0   0.01  0.01  0.0   0.14  
478   Y     0.02  0.0   0.01  0.0   0.02  0.0   0.0   0.01  0.03  0.09  0.05  0.0   0.03  0.3   0.0   0.0   0.03  0.07  0.32  0.03  
479   G     0.0   0.0   0.27  0.0   0.04  0.08  0.0   0.1   0.0   0.2   0.1   0.0   0.06  0.02  0.0   0.03  0.01  0.0   0.01  0.08  
480   L     0.01  0.0   0.0   0.0   0.0   0.01  0.0   0.01  0.0   0.21  0.32  0.0   0.06  0.05  0.0   0.0   0.03  0.0   0.0   0.31  
481   F     0.03  0.0   0.0   0.0   0.0   0.0   0.0   0.0   0.0   0.03  0.05  0.01  0.0   0.32  0.0   0.0   0.05  0.29  0.13  0.07  
482   S     0.03  0.06  0.04  0.13  0.0   0.0   0.19  0.0   0.0   0.08  0.03  0.07  0.08  0.0   0.0   0.07  0.05  0.04  0.02  0.1   
483   V     0.16  0.01  0.0   0.0   0.0   0.07  0.0   0.03  0.0   0.1   0.0   0.0   0.0   0.0   0.02  0.3   0.19  0.0   0.0   0.11  
484   L     0.0   0.03  0.0   0.0   0.0   0.0   0.0   0.01  0.03  0.17  0.23  0.0   0.03  0.19  0.0   0.01  0.05  0.06  0.05  0.15  
485   L     0.16  0.13  0.02  0.0   0.0   0.04  0.01  0.01  0.0   0.07  0.13  0.04  0.01  0.06  0.0   0.07  0.09  0.01  0.06  0.09  
486   S     0.09  0.05  0.09  0.07  0.01  0.03  0.1   0.08  0.0   0.0   0.01  0.08  0.0   0.0   0.01  0.27  0.03  0.0   0.02  0.05  
487   R     0.07  0.25  0.07  0.0   0.0   0.07  0.01  0.23  0.05  0.01  0.03  0.12  0.0   0.01  0.0   0.06  0.0   0.0   0.0   0.01  
488   E     0.02  0.18  0.05  0.01  0.0   0.04  0.18  0.06  0.01  0.03  0.02  0.13  0.0   0.03  0.05  0.04  0.03  0.0   0.08  0.04  
489   R     0.06  0.18  0.06  0.0   0.0   0.06  0.07  0.07  0.01  0.04  0.02  0.19  0.0   0.01  0.04  0.08  0.04  0.0   0.03  0.06  
490   K     0.16  0.01  0.16  0.06  0.01  0.0   0.13  0.05  0.0   0.02  0.02  0.09  0.0   0.01  0.01  0.07  0.07  0.0   0.0   0.13  
491   P     0.06  0.09  0.02  0.0   0.0   0.01  0.12  0.04  0.0   0.03  0.1   0.08  0.0   0.01  0.3   0.03  0.01  0.0   0.0   0.08  
492   E     0.02  0.11  0.11  0.17  0.0   0.06  0.17  0.01  0.0   0.01  0.03  0.04  0.02  0.02  0.02  0.07  0.01  0.01  0.03  0.08  
493   L     0.02  0.02  0.05  0.01  0.06  0.0   0.06  0.01  0.0   0.04  0.14  0.0   0.01  0.11  0.15  0.0   0.09  0.03  0.04  0.15  
494   A     0.17  0.0   0.04  0.01  0.02  0.0   0.02  0.07  0.0   0.03  0.03  0.0   0.03  0.0   0.06  0.1   0.16  0.05  0.01  0.19  
495   E     0.07  0.01  0.09  0.12  0.0   0.05  0.16  0.19  0.01  0.0   0.02  0.04  0.03  0.01  0.01  0.01  0.06  0.06  0.0   0.06  
496   A     0.22  0.01  0.02  0.24  0.0   0.03  0.02  0.09  0.02  0.0   0.1   0.01  0.04  0.01  0.0   0.1   0.04  0.0   0.02  0.02  
497   P     0.09  0.0   0.09  0.03  0.0   0.0   0.01  0.04  0.02  0.0   0.01  0.01  0.0   0.0   0.48  0.11  0.09  0.0   0.0   0.0   
498   L     0.02  0.0   0.01  0.02  0.0   0.0   0.0   0.01  0.01  0.01  0.3   0.0   0.01  0.01  0.04  0.07  0.09  0.35  0.04  0.0   
499   P     0.07  0.02  0.04  0.04  0.0   0.0   0.04  0.14  0.02  0.01  0.01  0.0   0.0   0.0   0.11  0.12  0.32  0.02  0.02  0.02  
500   F     0.02  0.0   0.09  0.05  0.0   0.0   0.0   0.0   0.01  0.04  0.24  0.0   0.0   0.15  0.08  0.06  0.08  0.03  0.1   0.05  
501   A     0.17  0.02  0.01  0.0   0.0   0.0   0.32  0.22  0.0   0.02  0.12  0.0   0.0   0.0   0.02  0.01  0.01  0.0   0.0   0.07  
502   E     0.03  0.08  0.08  0.0   0.0   0.03  0.36  0.0   0.03  0.0   0.0   0.07  0.0   0.0   0.0   0.01  0.0   0.31  0.0   0.0   
503   V     0.05  0.01  0.0   0.0   0.0   0.02  0.0   0.02  0.0   0.02  0.07  0.01  0.01  0.04  0.0   0.32  0.12  0.22  0.05  0.06  
504   I     0.0   0.0   0.01  0.0   0.01  0.04  0.0   0.0   0.02  0.1   0.43  0.0   0.01  0.03  0.0   0.03  0.23  0.0   0.07  0.01  
505   S     0.06  0.0   0.12  0.09  0.0   0.04  0.02  0.04  0.07  0.0   0.01  0.0   0.0   0.01  0.06  0.37  0.1   0.0   0.02  0.0   
506   G     0.0   0.0   0.01  0.0   0.16  0.0   0.0   0.28  0.0   0.01  0.02  0.0   0.0   0.04  0.01  0.41  0.04  0.02  0.0   0.0   
507   P     0.07  0.0   0.0   0.0   0.05  0.0   0.0   0.0   0.0   0.0   0.0   0.0   0.0   0.0   0.81  0.03  0.01  0.0   0.02  0.0   
508   E     0.03  0.0   0.0   0.0   0.0   0.0   0.07  0.0   0.0   0.0   0.0   0.0   0.0   0.07  0.78  0.0   0.03  0.0   0.0   0.02  
509   D     0.08  0.0   0.0   0.12  0.0   0.0   0.0   0.0   0.0   0.02  0.04  0.03  0.0   0.0   0.67  0.04  0.0   0.0   0.0   0.0   
510   R     0.03  0.24  0.01  0.0   0.0   0.0   0.22  0.0   0.05  0.04  0.03  0.05  0.0   0.12  0.05  0.01  0.0   0.0   0.09  0.06  
511   R     0.0   0.1   0.0   0.0   0.0   0.0   0.09  0.0   0.57  0.0   0.0   0.0   0.0   0.02  0.0   0.0   0.0   0.02  0.2   0.0   
512   L     0.0   0.0   0.47  0.0   0.0   0.01  0.01  0.0   0.04  0.0   0.11  0.0   0.0   0.0   0.0   0.08  0.27  0.0   0.0   0.0   
513   V     0.0   0.0   0.0   0.0   0.0   0.0   0.0   0.0   0.0   0.0   0.01  0.0   0.0   0.71  0.0   0.0   0.04  0.02  0.08  0.13  
514   L     0.25  0.0   0.02  0.09  0.0   0.0   0.16  0.02  0.02  0.0   0.13  0.04  0.0   0.04  0.0   0.07  0.1   0.0   0.03  0.03  
515   A     0.12  0.0   0.0   0.0   0.0   0.08  0.27  0.05  0.02  0.06  0.0   0.0   0.0   0.02  0.0   0.09  0.16  0.0   0.0   0.13  
516   M     0.0   0.0   0.0   0.0   0.0   0.0   0.06  0.0   0.0   0.05  0.51  0.0   0.14  0.0   0.05  0.02  0.07  0.0   0.0   0.09  
517   D     0.0   0.0   0.0   0.12  0.0   0.0   0.0   0.0   0.0   0.0   0.0   0.0   0.0   0.0   0.88  0.0   0.0   0.0   0.0   0.0   
518   R     0.04  0.36  0.0   0.03  0.0   0.03  0.04  0.0   0.11  0.03  0.05  0.12  0.0   0.03  0.0   0.06  0.03  0.0   0.0   0.09  
519   I     0.0   0.05  0.0   0.0   0.0   0.0   0.0   0.0   0.0   0.45  0.03  0.0   0.0   0.03  0.02  0.0   0.0   0.0   0.0   0.41  
520   G     0.0   0.0   0.0   0.0   0.0   0.17  0.31  0.27  0.0   0.0   0.0   0.0   0.12  0.0   0.0   0.12  0.0   0.0   0.0   0.0   
521   F     0.0   0.0   0.0   0.31  0.0   0.0   0.0   0.0   0.0   0.0   0.12  0.0   0.0   0.45  0.0   0.0   0.0   0.0   0.12  0.0   
522   W     0.0   0.0   0.2   0.0   0.0   0.0   0.0   0.0   0.0   0.0   0.0   0.0   0.0   0.0   0.0   0.0   0.0   0.8   0.0   0.0   
523   F     0.0   0.0   0.46  0.0   0.0   0.0   0.0   0.0   0.0   0.0   0.0   0.0   0.0   0.54  0.0   0.0   0.0   0.0   0.0   0.0   
524   A     0.54  0.0   0.0   0.0   0.0   0.0   0.0   0.0   0.0   0.0   0.0   0.0   0.0   0.0   0.0   0.0   0.46  0.0   0.0   0.0   
525   V     0.0   0.0   0.0   0.0   0.0   0.0   0.0   0.0   0.0   0.0   0.0   0.0   0.0   0.0   0.0   0.0   0.0   0.0   0.46  0.54  
526   A     1.0   0.0   0.0   0.0   0.0   0.0   0.0   0.0   0.0   0.0   0.0   0.0   0.0   0.0   0.0   0.0   0.0   0.0   0.0   0.0   
527   A     0.54  0.0   0.0   0.0   0.0   0.0   0.0   0.0   0.0   0.0   0.0   0.0   0.0   0.0   0.46  0.0   0.0   0.0   0.0   0.0   
528   I     0.0   0.0   0.0   0.0   0.0   0.0   0.0   0.0   0.0   1.0   0.0   0.0   0.0   0.0   0.0   0.0   0.0   0.0   0.0   0.0   
529   L     0.0   0.46  0.0   0.0   0.0   0.0   0.0   0.0   0.0   0.0   0.54  0.0   0.0   0.0   0.0   0.0   0.0   0.0   0.0   0.0   
530   V     0.0   0.0   0.46  0.0   0.0   0.0   0.0   0.0   0.0   0.0   0.0   0.0   0.0   0.0   0.0   0.0   0.0   0.0   0.0   0.54  
531   V     0.0   0.0   0.0   0.0   0.0   0.0   0.0   0.0   0.0   0.0   0.46  0.0   0.0   0.0   0.0   0.0   0.0   0.0   0.0   0.54  
532   L     0.0   0.0   0.0   0.0   0.0   0.0   0.0   0.0   0.0   0.46  0.54  0.0   0.0   0.0   0.0   0.0   0.0   0.0   0.0   0.0   
533   A     0.54  0.0   0.0   0.0   0.0   0.0   0.0   0.0   0.0   0.0   0.0   0.0   0.0   0.0   0.0   0.46  0.0   0.0   0.0   0.0   
534   Y     0.0   0.0   0.0   0.0   0.0   0.0   0.0   0.0   0.0   0.0   0.0   0.0   0.0   0.0   0.0   0.0   0.0   0.0   1.0   0.0   
535   G     0.0   0.0   0.0   0.0   0.0   0.0   0.0   1.0   0.0   0.0   0.0   0.0   0.0   0.0   0.0   0.0   0.0   0.0   0.0   0.0   
536   P     0.0   0.0   0.0   0.0   0.0   0.0   0.0   0.0   0.0   0.0   0.0   0.0   0.0   0.0   1.0   0.0   0.0   0.0   0.0   0.0   
537   T     0.0   0.0   0.0   0.0   0.0   0.0   0.0   0.0   0.0   0.0   0.0   0.0   0.0   0.0   0.0   0.0   1.0   0.0   0.0   0.0   
538   L     0.0   0.0   0.0   0.0   0.0   0.0   0.0   0.0   0.0   0.0   1.0   0.0   0.0   0.0   0.0   0.0   0.0   0.0   0.0   0.0   
539   V     0.0   0.0   0.0   0.0   0.0   0.0   0.0   0.0   0.0   0.0   0.0   0.0   0.0   0.0   0.0   0.0   0.0   0.0   0.0   1.0   
540   Q     0.0   0.0   0.0   0.0   0.0   1.0   0.0   0.0   0.0   0.0   0.0   0.0   0.0   0.0   0.0   0.0   0.0   0.0   0.0   0.0   
541   L     0.0   0.0   0.0   0.0   0.0   0.0   0.0   0.0   0.0   0.0   1.0   0.0   0.0   0.0   0.0   0.0   0.0   0.0   0.0   0.0   
542   F     0.0   0.0   0.0   0.0   0.0   0.0   0.0   0.0   0.0   0.0   0.0   0.0   0.0   1.0   0.0   0.0   0.0   0.0   0.0   0.0   
543   G     0.0   0.0   0.0   0.0   0.0   0.0   0.0   1.0   0.0   0.0   0.0   0.0   0.0   0.0   0.0   0.0   0.0   0.0   0.0   0.0   
544   H     0.0   0.0   0.0   0.0   0.0   0.0   0.0   0.0   1.0   0.0   0.0   0.0   0.0   0.0   0.0   0.0   0.0   0.0   0.0   0.0   
545   L     0.0   0.0   0.0   0.0   0.0   0.0   0.0   0.0   0.0   0.0   1.0   0.0   0.0   0.0   0.0   0.0   0.0   0.0   0.0   0.0   
546   N     0.0   0.0   1.0   0.0   0.0   0.0   0.0   0.0   0.0   0.0   0.0   0.0   0.0   0.0   0.0   0.0   0.0   0.0   0.0   0.0   
547   P     0.0   0.0   0.0   0.0   0.0   0.0   0.0   0.0   0.0   0.0   0.0   0.0   0.0   0.0   1.0   0.0   0.0   0.0   0.0   0.0   
548   V     0.0   0.0   0.0   0.0   0.0   0.0   0.0   0.0   0.0   0.0   0.0   0.0   0.0   0.0   0.0   0.0   0.0   0.0   0.0   1.0   
549   P     0.0   0.0   0.0   0.0   0.0   0.0   0.0   0.0   0.0   0.0   0.0   0.0   0.0   0.0   1.0   0.0   0.0   0.0   0.0   0.0   
550   G     0.0   0.0   0.0   0.0   0.0   0.0   0.0   1.0   0.0   0.0   0.0   0.0   0.0   0.0   0.0   0.0   0.0   0.0   0.0   0.0   
551   W     0.0   0.0   0.0   0.0   0.0   0.0   0.0   0.0   0.0   0.0   0.0   0.0   0.0   0.0   0.0   0.0   0.0   1.0   0.0   0.0   
552   R     0.0   1.0   0.0   0.0   0.0   0.0   0.0   0.0   0.0   0.0   0.0   0.0   0.0   0.0   0.0   0.0   0.0   0.0   0.0   0.0   
553   L     0.0   0.0   0.0   0.0   0.0   0.0   0.0   0.0   0.0   0.0   1.0   0.0   0.0   0.0   0.0   0.0   0.0   0.0   0.0   0.0   
554   W     0.0   0.0   0.0   0.0   0.0   0.0   0.0   0.0   0.0   0.0   0.0   0.0   0.0   0.0   0.0   0.0   0.0   1.0   0.0   0.0   
