             A     R     N     D     C     Q     E     G     H     I     L     K     M     F     P     S     T     W     Y     V
1     Q     0.0   0.0   0.0   0.0   0.0   1.0   0.0   0.0   0.0   0.0   0.0   0.0   0.0   0.0   0.0   0.0   0.0   0.0   0.0   0.0   
2     E     0.0   0.0   0.0   0.0   0.0   0.37  0.63  0.0   0.0   0.0   0.0   0.0   0.0   0.0   0.0   0.0   0.0   0.0   0.0   0.0   
3     T     0.0   0.0   0.0   0.0   0.0   0.0   0.0   0.0   0.0   0.0   0.0   0.0   0.0   0.0   0.0   0.0   1.0   0.0   0.0   0.0   
4     Q     0.0   0.0   0.0   0.0   0.0   0.63  0.37  0.0   0.0   0.0   0.0   0.0   0.0   0.0   0.0   0.0   0.0   0.0   0.0   0.0   
5     G     0.0   0.0   0.0   0.0   0.0   0.0   0.0   1.0   0.0   0.0   0.0   0.0   0.0   0.0   0.0   0.0   0.0   0.0   0.0   0.0   
6     Q     0.0   0.0   0.0   0.0   0.0   1.0   0.0   0.0   0.0   0.0   0.0   0.0   0.0   0.0   0.0   0.0   0.0   0.0   0.0   0.0   
7     A     0.77  0.23  0.0   0.0   0.0   0.0   0.0   0.0   0.0   0.0   0.0   0.0   0.0   0.0   0.0   0.0   0.0   0.0   0.0   0.0   
8     A     0.77  0.0   0.0   0.0   0.0   0.0   0.0   0.23  0.0   0.0   0.0   0.0   0.0   0.0   0.0   0.0   0.0   0.0   0.0   0.0   
9     A     1.0   0.0   0.0   0.0   0.0   0.0   0.0   0.0   0.0   0.0   0.0   0.0   0.0   0.0   0.0   0.0   0.0   0.0   0.0   0.0   
10    R     0.23  0.38  0.0   0.0   0.0   0.0   0.0   0.0   0.0   0.0   0.0   0.0   0.38  0.0   0.0   0.0   0.0   0.0   0.0   0.0   
11    A     0.38  0.0   0.0   0.0   0.0   0.0   0.23  0.0   0.0   0.0   0.38  0.0   0.0   0.0   0.0   0.0   0.0   0.0   0.0   0.0   
12    A     0.62  0.0   0.0   0.0   0.0   0.0   0.0   0.38  0.0   0.0   0.0   0.0   0.0   0.0   0.0   0.0   0.0   0.0   0.0   0.0   
13    A     0.62  0.0   0.0   0.0   0.0   0.0   0.0   0.0   0.0   0.0   0.38  0.0   0.0   0.0   0.0   0.0   0.0   0.0   0.0   0.0   
14    A     0.45  0.0   0.0   0.0   0.0   0.0   0.0   0.0   0.0   0.0   0.0   0.0   0.31  0.0   0.0   0.24  0.0   0.0   0.0   0.0   
15    D     0.17  0.0   0.0   0.28  0.0   0.0   0.24  0.0   0.0   0.0   0.0   0.0   0.0   0.0   0.0   0.0   0.0   0.0   0.0   0.31  
16    L     0.0   0.0   0.0   0.0   0.0   0.0   0.0   0.0   0.0   0.24  0.76  0.0   0.0   0.0   0.0   0.0   0.0   0.0   0.0   0.0   
17    A     0.76  0.0   0.0   0.0   0.0   0.0   0.0   0.0   0.0   0.0   0.0   0.0   0.0   0.0   0.0   0.0   0.24  0.0   0.0   0.0   
18    A     0.69  0.0   0.0   0.0   0.0   0.0   0.0   0.31  0.0   0.0   0.0   0.0   0.0   0.0   0.0   0.0   0.0   0.0   0.0   0.0   
19    G     0.0   0.0   0.0   0.0   0.0   0.0   0.0   0.76  0.0   0.0   0.0   0.24  0.0   0.0   0.0   0.0   0.0   0.0   0.0   0.0   
20    Q     0.31  0.0   0.0   0.0   0.0   0.28  0.17  0.0   0.0   0.0   0.24  0.0   0.0   0.0   0.0   0.0   0.0   0.0   0.0   0.0   
21    D     0.17  0.0   0.0   0.28  0.0   0.55  0.0   0.0   0.0   0.0   0.0   0.0   0.0   0.0   0.0   0.0   0.0   0.0   0.0   0.0   
22    D     0.0   0.0   0.0   1.0   0.0   0.0   0.0   0.0   0.0   0.0   0.0   0.0   0.0   0.0   0.0   0.0   0.0   0.0   0.0   0.0   
23    E     0.0   0.0   0.0   0.0   0.0   0.0   0.69  0.0   0.0   0.0   0.0   0.31  0.0   0.0   0.0   0.0   0.0   0.0   0.0   0.0   
24    P     0.0   0.0   0.0   0.0   0.0   0.0   0.0   0.0   0.0   0.0   0.0   0.0   0.0   0.0   0.8   0.0   0.2   0.0   0.0   0.0   
25    R     0.0   0.52  0.0   0.0   0.0   0.0   0.0   0.0   0.0   0.0   0.0   0.0   0.0   0.0   0.0   0.2   0.0   0.0   0.0   0.29  
26    I     0.0   0.0   0.0   0.0   0.0   0.0   0.29  0.0   0.0   0.56  0.0   0.0   0.0   0.0   0.0   0.0   0.0   0.0   0.0   0.15  
27    L     0.2   0.0   0.0   0.0   0.0   0.0   0.0   0.0   0.0   0.0   0.51  0.0   0.0   0.0   0.0   0.0   0.0   0.0   0.0   0.29  
28    E     0.0   0.0   0.0   0.0   0.0   0.0   0.36  0.0   0.0   0.2   0.0   0.15  0.0   0.0   0.0   0.29  0.0   0.0   0.0   0.0   
29    A     0.71  0.0   0.0   0.0   0.0   0.0   0.0   0.0   0.0   0.0   0.0   0.0   0.0   0.0   0.0   0.0   0.0   0.0   0.0   0.29  
30    P     0.15  0.0   0.0   0.0   0.0   0.0   0.0   0.0   0.0   0.0   0.0   0.0   0.0   0.0   0.56  0.29  0.0   0.0   0.0   0.0   
31    A     0.85  0.0   0.0   0.0   0.0   0.0   0.0   0.0   0.0   0.0   0.0   0.0   0.0   0.0   0.15  0.0   0.0   0.0   0.0   0.0   
32    P     0.0   0.0   0.0   0.0   0.0   0.0   0.0   0.0   0.0   0.15  0.0   0.0   0.0   0.0   0.65  0.2   0.0   0.0   0.0   0.0   
33    D     0.0   0.0   0.13  0.61  0.0   0.27  0.0   0.0   0.0   0.0   0.0   0.0   0.0   0.0   0.0   0.0   0.0   0.0   0.0   0.0   
34    A     0.58  0.0   0.0   0.0   0.0   0.0   0.27  0.0   0.0   0.0   0.0   0.0   0.0   0.0   0.0   0.15  0.0   0.0   0.0   0.0   
35    R     0.0   0.44  0.27  0.0   0.0   0.0   0.0   0.0   0.0   0.0   0.0   0.29  0.0   0.0   0.0   0.0   0.0   0.0   0.0   0.0   
36    R     0.0   1.0   0.0   0.0   0.0   0.0   0.0   0.0   0.0   0.0   0.0   0.0   0.0   0.0   0.0   0.0   0.0   0.0   0.0   0.0   
37    V     0.0   0.0   0.0   0.0   0.0   0.0   0.0   0.0   0.0   0.27  0.0   0.0   0.0   0.0   0.0   0.0   0.0   0.0   0.0   0.73  
38    Y     0.0   0.0   0.0   0.0   0.0   0.0   0.0   0.0   0.0   0.0   0.0   0.0   0.0   0.13  0.0   0.0   0.0   0.0   0.87  0.0   
39    V     0.0   0.0   0.0   0.0   0.0   0.0   0.0   0.0   0.0   0.12  0.0   0.0   0.0   0.0   0.0   0.0   0.0   0.0   0.0   0.88  
40    N     0.0   0.0   0.19  0.0   0.0   0.12  0.0   0.0   0.0   0.0   0.29  0.0   0.27  0.0   0.0   0.0   0.0   0.0   0.13  0.0   
41    D     0.0   0.0   0.0   1.0   0.0   0.0   0.0   0.0   0.0   0.0   0.0   0.0   0.0   0.0   0.0   0.0   0.0   0.0   0.0   0.0   
42    P     0.0   0.0   0.0   0.0   0.0   0.0   0.0   0.0   0.0   0.0   0.0   0.0   0.0   0.0   0.73  0.27  0.0   0.0   0.0   0.0   
43    A     0.31  0.0   0.0   0.0   0.0   0.0   0.0   0.29  0.0   0.0   0.0   0.13  0.0   0.0   0.0   0.0   0.0   0.0   0.0   0.27  
44    H     0.02  0.01  0.16  0.01  0.01  0.01  0.02  0.02  0.59  0.01  0.02  0.02  0.01  0.01  0.01  0.02  0.02  0.0   0.01  0.02  
45    F     0.0   0.0   0.0   0.0   0.0   0.0   0.0   0.0   0.0   0.0   0.0   0.0   0.0   1.0   0.0   0.0   0.0   0.0   0.0   0.0   
46    A     0.44  0.0   0.0   0.0   0.0   0.0   0.0   0.0   0.29  0.0   0.0   0.0   0.27  0.0   0.0   0.0   0.0   0.0   0.0   0.0   
47    A     0.44  0.0   0.0   0.0   0.0   0.0   0.0   0.0   0.27  0.0   0.0   0.0   0.15  0.0   0.0   0.0   0.0   0.0   0.0   0.14  
48    V     0.0   0.0   0.0   0.0   0.0   0.0   0.0   0.0   0.0   0.25  0.27  0.0   0.0   0.0   0.0   0.0   0.29  0.0   0.0   0.19  
49    T     0.0   0.0   0.0   0.0   0.0   0.0   0.0   0.0   0.0   0.0   0.0   0.0   0.0   0.0   0.0   0.27  0.73  0.0   0.0   0.0   
50    Q     0.0   0.0   0.0   0.0   0.0   0.44  0.27  0.0   0.0   0.0   0.0   0.0   0.0   0.0   0.0   0.0   0.29  0.0   0.0   0.0   
51    Q     0.0   0.0   0.0   0.0   0.0   0.31  0.0   0.0   0.0   0.0   0.0   0.0   0.0   0.13  0.0   0.27  0.0   0.0   0.0   0.29  
52    F     0.0   0.0   0.0   0.0   0.0   0.0   0.0   0.0   0.27  0.0   0.0   0.0   0.0   0.31  0.0   0.0   0.0   0.0   0.42  0.0   
53    V     0.0   0.0   0.0   0.0   0.0   0.0   0.0   0.0   0.0   0.0   0.0   0.0   0.13  0.0   0.0   0.0   0.29  0.0   0.0   0.58  
54    I     0.0   0.0   0.0   0.0   0.0   0.0   0.0   0.0   0.0   0.73  0.0   0.0   0.0   0.0   0.0   0.0   0.0   0.0   0.27  0.0   
55    D     0.0   0.0   0.0   1.0   0.0   0.0   0.0   0.0   0.0   0.0   0.0   0.0   0.0   0.0   0.0   0.0   0.0   0.0   0.0   0.0   
56    G     0.0   0.0   0.0   0.0   0.0   0.0   0.0   0.73  0.0   0.0   0.0   0.0   0.0   0.0   0.0   0.0   0.0   0.0   0.27  0.0   
57    E     0.0   0.0   0.14  0.13  0.0   0.0   0.19  0.0   0.0   0.0   0.0   0.15  0.0   0.0   0.0   0.12  0.27  0.0   0.0   0.0   
58    A     0.19  0.0   0.27  0.0   0.0   0.0   0.0   0.0   0.0   0.0   0.0   0.14  0.0   0.0   0.0   0.15  0.25  0.0   0.0   0.0   
59    G     0.13  0.0   0.14  0.0   0.0   0.0   0.0   0.58  0.0   0.0   0.0   0.0   0.0   0.0   0.0   0.15  0.0   0.0   0.0   0.0   
60    R     0.0   0.44  0.14  0.0   0.0   0.0   0.0   0.0   0.0   0.0   0.0   0.42  0.0   0.0   0.0   0.0   0.0   0.0   0.0   0.0   
61    V     0.0   0.0   0.0   0.0   0.0   0.0   0.0   0.0   0.0   0.12  0.29  0.0   0.0   0.27  0.0   0.0   0.0   0.0   0.0   0.32  
62    I     0.0   0.0   0.0   0.0   0.0   0.0   0.0   0.0   0.0   0.19  0.68  0.0   0.0   0.0   0.0   0.0   0.0   0.0   0.0   0.13  
63    G     0.0   0.0   0.0   0.0   0.0   0.0   0.0   1.0   0.0   0.0   0.0   0.0   0.0   0.0   0.0   0.0   0.0   0.0   0.0   0.0   
64    M     0.0   0.0   0.0   0.0   0.0   0.0   0.0   0.0   0.0   0.0   0.0   0.0   0.87  0.0   0.0   0.0   0.13  0.0   0.0   0.0   
65    I     0.13  0.0   0.0   0.0   0.0   0.0   0.0   0.0   0.0   0.19  0.0   0.0   0.0   0.0   0.0   0.0   0.41  0.0   0.0   0.27  
66    D     0.0   0.0   0.0   0.73  0.0   0.0   0.0   0.0   0.0   0.0   0.0   0.0   0.0   0.0   0.27  0.0   0.0   0.0   0.0   0.0   
67    G     0.15  0.0   0.0   0.0   0.0   0.0   0.0   0.44  0.0   0.0   0.0   0.0   0.0   0.0   0.0   0.0   0.41  0.0   0.0   0.0   
68    G     0.27  0.0   0.0   0.0   0.0   0.0   0.0   0.73  0.0   0.0   0.0   0.0   0.0   0.0   0.0   0.0   0.0   0.0   0.0   0.0   
69    F     0.0   0.0   0.0   0.0   0.0   0.0   0.0   0.0   0.0   0.0   0.0   0.29  0.0   0.71  0.0   0.0   0.0   0.0   0.0   0.0   
70    L     0.0   0.0   0.27  0.0   0.0   0.0   0.0   0.0   0.0   0.0   0.73  0.0   0.0   0.0   0.0   0.0   0.0   0.0   0.0   0.0   
71    P     0.14  0.0   0.0   0.0   0.0   0.0   0.0   0.27  0.0   0.0   0.0   0.0   0.0   0.0   0.46  0.13  0.0   0.0   0.0   0.0   
72    N     0.0   0.0   0.61  0.0   0.0   0.0   0.0   0.0   0.39  0.0   0.0   0.0   0.0   0.0   0.0   0.0   0.0   0.0   0.0   0.0   
73    P     0.0   0.0   0.0   0.0   0.0   0.0   0.0   0.0   0.0   0.0   0.0   0.0   0.0   0.0   0.44  0.0   0.0   0.0   0.0   0.56  
74    V     0.0   0.0   0.0   0.0   0.0   0.27  0.0   0.0   0.0   0.0   0.0   0.0   0.29  0.0   0.0   0.0   0.0   0.0   0.0   0.44  
75    V     0.12  0.0   0.0   0.0   0.0   0.0   0.0   0.0   0.0   0.0   0.14  0.0   0.0   0.0   0.0   0.0   0.0   0.0   0.0   0.74  
76    A     0.59  0.0   0.0   0.0   0.0   0.0   0.0   0.0   0.0   0.0   0.0   0.0   0.0   0.0   0.0   0.41  0.0   0.0   0.0   0.0   
77    D     0.0   0.0   0.27  0.19  0.0   0.0   0.12  0.0   0.0   0.0   0.0   0.0   0.0   0.0   0.0   0.42  0.0   0.0   0.0   0.0   
78    D     0.0   0.0   0.0   1.0   0.0   0.0   0.0   0.0   0.0   0.0   0.0   0.0   0.0   0.0   0.0   0.0   0.0   0.0   0.0   0.0   
79    G     0.0   0.0   0.0   0.0   0.0   0.0   0.0   1.0   0.0   0.0   0.0   0.0   0.0   0.0   0.0   0.0   0.0   0.0   0.0   0.0   
80    S     0.0   0.0   0.0   0.0   0.0   0.0   0.0   0.0   0.0   0.0   0.0   0.56  0.0   0.0   0.0   0.44  0.0   0.0   0.0   0.0   
81    F     0.0   0.0   0.0   0.0   0.0   0.0   0.0   0.0   0.0   0.0   0.0   0.27  0.0   0.73  0.0   0.0   0.0   0.0   0.0   0.0   
82    I     0.0   0.0   0.0   0.0   0.0   0.0   0.0   0.0   0.0   0.46  0.15  0.0   0.0   0.39  0.0   0.0   0.0   0.0   0.0   0.0   
83    A     0.46  0.0   0.0   0.0   0.0   0.0   0.0   0.13  0.0   0.0   0.0   0.0   0.0   0.0   0.0   0.0   0.0   0.0   0.27  0.14  
84    H     0.0   0.0   0.0   0.0   0.0   0.25  0.0   0.0   0.19  0.15  0.0   0.0   0.0   0.0   0.0   0.0   0.41  0.0   0.0   0.0   
85    A     0.59  0.0   0.0   0.0   0.0   0.0   0.0   0.0   0.0   0.0   0.0   0.0   0.27  0.0   0.0   0.14  0.0   0.0   0.0   0.0   
86    S     0.0   0.0   0.29  0.0   0.0   0.0   0.0   0.0   0.0   0.0   0.0   0.0   0.0   0.0   0.0   0.44  0.27  0.0   0.0   0.0   
87    T     0.0   0.0   0.0   0.0   0.0   0.0   0.0   0.0   0.0   0.0   0.0   0.0   0.0   0.0   0.0   0.0   1.0   0.0   0.0   0.0   
88    V     0.0   0.0   0.0   0.0   0.0   0.0   0.0   0.0   0.0   0.0   0.0   0.0   0.15  0.0   0.0   0.0   0.14  0.0   0.27  0.44  
89    F     0.0   0.0   0.0   0.0   0.0   0.0   0.0   0.0   0.27  0.0   0.0   0.0   0.0   0.31  0.0   0.0   0.0   0.0   0.42  0.0   
90    S     0.0   0.0   0.0   0.0   0.0   0.0   0.51  0.0   0.0   0.0   0.0   0.0   0.0   0.0   0.0   0.49  0.0   0.0   0.0   0.0   
91    R     0.0   1.0   0.0   0.0   0.0   0.0   0.0   0.0   0.0   0.0   0.0   0.0   0.0   0.0   0.0   0.0   0.0   0.0   0.0   0.0   
92    I     0.0   0.0   0.0   0.0   0.0   0.0   0.0   0.0   0.0   0.85  0.0   0.0   0.0   0.0   0.0   0.0   0.0   0.0   0.0   0.15  
93    A     0.73  0.0   0.0   0.0   0.0   0.0   0.0   0.0   0.0   0.0   0.0   0.0   0.0   0.0   0.0   0.0   0.27  0.0   0.0   0.0   
94    R     0.0   1.0   0.0   0.0   0.0   0.0   0.0   0.0   0.0   0.0   0.0   0.0   0.0   0.0   0.0   0.0   0.0   0.0   0.0   0.0   
95    G     0.0   0.0   0.0   0.0   0.0   0.0   0.0   1.0   0.0   0.0   0.0   0.0   0.0   0.0   0.0   0.0   0.0   0.0   0.0   0.0   
96    E     0.0   0.0   0.0   0.0   0.0   0.0   0.19  0.0   0.0   0.0   0.0   0.81  0.0   0.0   0.0   0.0   0.0   0.0   0.0   0.0   
97    R     0.0   1.0   0.0   0.0   0.0   0.0   0.0   0.0   0.0   0.0   0.0   0.0   0.0   0.0   0.0   0.0   0.0   0.0   0.0   0.0   
98    T     0.0   0.0   0.0   0.29  0.0   0.0   0.0   0.0   0.0   0.0   0.0   0.0   0.0   0.0   0.0   0.27  0.44  0.0   0.0   0.0   
99    D     0.0   0.0   0.0   1.0   0.0   0.0   0.0   0.0   0.0   0.0   0.0   0.0   0.0   0.0   0.0   0.0   0.0   0.0   0.0   0.0   
100   Y     0.0   0.0   0.0   0.0   0.0   0.0   0.0   0.0   0.0   0.0   0.0   0.0   0.0   0.0   0.0   0.0   0.0   0.0   0.73  0.27  
101   V     0.0   0.0   0.0   0.0   0.0   0.0   0.0   0.0   0.0   0.0   0.15  0.0   0.0   0.0   0.0   0.0   0.0   0.0   0.0   0.85  
102   E     0.0   0.0   0.0   0.0   0.0   0.0   1.0   0.0   0.0   0.0   0.0   0.0   0.0   0.0   0.0   0.0   0.0   0.0   0.0   0.0   
103   V     0.0   0.0   0.0   0.0   0.0   0.0   0.0   0.0   0.0   0.0   0.27  0.0   0.0   0.0   0.0   0.0   0.0   0.0   0.0   0.73  
104   F     0.0   0.0   0.0   0.0   0.0   0.0   0.0   0.0   0.0   0.29  0.13  0.0   0.0   0.31  0.0   0.0   0.0   0.27  0.0   0.0   
105   D     0.0   0.0   0.0   1.0   0.0   0.0   0.0   0.0   0.0   0.0   0.0   0.0   0.0   0.0   0.0   0.0   0.0   0.0   0.0   0.0   
106   P     0.41  0.0   0.0   0.0   0.0   0.0   0.0   0.0   0.0   0.0   0.0   0.0   0.0   0.0   0.44  0.0   0.15  0.0   0.0   0.0   
107   V     0.0   0.0   0.0   0.27  0.0   0.27  0.0   0.0   0.0   0.0   0.0   0.15  0.0   0.0   0.0   0.0   0.0   0.0   0.0   0.31  
108   T     0.0   0.0   0.0   0.0   0.0   0.0   0.0   0.0   0.0   0.0   0.0   0.27  0.0   0.0   0.0   0.14  0.59  0.0   0.0   0.0   
109   L     0.0   0.0   0.13  0.0   0.0   0.0   0.0   0.0   0.29  0.0   0.46  0.0   0.0   0.12  0.0   0.0   0.0   0.0   0.0   0.0   
110   L     0.0   0.0   0.13  0.0   0.0   0.15  0.0   0.0   0.0   0.0   0.31  0.14  0.0   0.0   0.0   0.0   0.27  0.0   0.0   0.0   
111   P     0.0   0.0   0.0   0.0   0.0   0.0   0.0   0.0   0.0   0.0   0.0   0.0   0.0   0.27  0.59  0.0   0.0   0.0   0.0   0.14  
112   T     0.0   0.0   0.0   0.0   0.0   0.0   0.27  0.0   0.0   0.39  0.14  0.0   0.0   0.0   0.0   0.0   0.19  0.0   0.0   0.0   
113   A     0.73  0.0   0.0   0.0   0.0   0.0   0.0   0.0   0.0   0.0   0.0   0.27  0.0   0.0   0.0   0.0   0.0   0.0   0.0   0.0   
114   D     0.0   0.0   0.0   0.73  0.0   0.0   0.27  0.0   0.0   0.0   0.0   0.0   0.0   0.0   0.0   0.0   0.0   0.0   0.0   0.0   
115   I     0.0   0.0   0.0   0.0   0.0   0.0   0.0   0.0   0.0   1.0   0.0   0.0   0.0   0.0   0.0   0.0   0.0   0.0   0.0   0.0   
116   E     0.0   0.0   0.0   0.29  0.0   0.0   0.44  0.0   0.0   0.0   0.0   0.0   0.0   0.0   0.0   0.27  0.0   0.0   0.0   0.0   
117   L     0.0   0.0   0.0   0.0   0.0   0.0   0.0   0.0   0.0   0.29  0.71  0.0   0.0   0.0   0.0   0.0   0.0   0.0   0.0   0.0   
118   P     0.0   0.0   0.0   0.0   0.0   0.0   0.0   0.0   0.0   0.0   0.0   0.0   0.0   0.0   1.0   0.0   0.0   0.0   0.0   0.0   
119   D     0.02  0.01  0.14  0.33  0.01  0.01  0.31  0.02  0.01  0.01  0.02  0.02  0.01  0.01  0.01  0.02  0.02  0.0   0.01  0.02  
120   A     0.33  0.01  0.01  0.01  0.01  0.01  0.02  0.31  0.01  0.01  0.02  0.02  0.01  0.01  0.01  0.15  0.02  0.0   0.01  0.02  
121   P     0.02  0.01  0.01  0.02  0.01  0.01  0.02  0.02  0.01  0.02  0.03  0.02  0.01  0.01  0.72  0.02  0.02  0.0   0.01  0.02  
122   R     0.0   0.73  0.0   0.0   0.0   0.0   0.0   0.0   0.0   0.0   0.0   0.27  0.0   0.0   0.0   0.0   0.0   0.0   0.0   0.0   
123   F     0.0   0.27  0.0   0.0   0.0   0.0   0.0   0.0   0.0   0.0   0.0   0.0   0.0   0.73  0.0   0.0   0.0   0.0   0.0   0.0   
124   L     0.0   0.0   0.0   0.0   0.0   0.0   0.0   0.0   0.0   0.0   0.73  0.0   0.0   0.0   0.0   0.0   0.0   0.0   0.0   0.27  
125   V     0.0   0.0   0.0   0.0   0.0   0.27  0.0   0.0   0.0   0.0   0.0   0.0   0.0   0.0   0.0   0.0   0.29  0.0   0.0   0.44  
126   G     0.0   0.0   0.0   0.0   0.0   0.0   0.0   1.0   0.0   0.0   0.0   0.0   0.0   0.0   0.0   0.0   0.0   0.0   0.0   0.0   
127   T     0.0   0.0   0.27  0.0   0.0   0.0   0.0   0.0   0.0   0.0   0.0   0.0   0.0   0.0   0.0   0.0   0.44  0.0   0.0   0.29  
128   Y     0.0   0.0   0.0   0.0   0.0   0.0   0.0   0.0   0.0   0.0   0.0   0.0   0.14  0.15  0.0   0.0   0.0   0.0   0.71  0.0   
129   P     0.0   0.0   0.14  0.27  0.0   0.12  0.15  0.0   0.0   0.0   0.0   0.0   0.0   0.0   0.32  0.0   0.0   0.0   0.0   0.0   
130   W     0.0   0.29  0.0   0.0   0.0   0.0   0.0   0.27  0.0   0.0   0.0   0.0   0.0   0.0   0.0   0.0   0.0   0.44  0.0   0.0   
131   M     0.0   0.0   0.0   0.0   0.0   0.0   0.0   0.0   0.0   0.0   0.27  0.0   0.58  0.0   0.0   0.0   0.15  0.0   0.0   0.0   
132   T     0.29  0.0   0.12  0.0   0.0   0.0   0.0   0.0   0.0   0.0   0.0   0.0   0.0   0.27  0.0   0.0   0.32  0.0   0.0   0.0   
133   S     0.25  0.27  0.0   0.0   0.0   0.0   0.0   0.15  0.0   0.0   0.0   0.0   0.0   0.0   0.0   0.34  0.0   0.0   0.0   0.0   
134   L     0.0   0.0   0.0   0.0   0.0   0.27  0.0   0.0   0.0   0.0   0.73  0.0   0.0   0.0   0.0   0.0   0.0   0.0   0.0   0.0   
135   T     0.0   0.0   0.0   0.0   0.0   0.0   0.0   0.0   0.0   0.0   0.0   0.0   0.0   0.0   0.0   0.29  0.71  0.0   0.0   0.0   
136   P     0.0   0.0   0.0   0.0   0.0   0.0   0.0   0.0   0.0   0.0   0.0   0.0   0.0   0.0   0.44  0.0   0.41  0.0   0.0   0.15  
137   D     0.0   0.0   0.13  0.87  0.0   0.0   0.0   0.0   0.0   0.0   0.0   0.0   0.0   0.0   0.0   0.0   0.0   0.0   0.0   0.0   
138   G     0.0   0.0   0.39  0.15  0.0   0.0   0.0   0.46  0.0   0.0   0.0   0.0   0.0   0.0   0.0   0.0   0.0   0.0   0.0   0.0   
139   K     0.0   0.0   0.0   0.0   0.0   0.0   0.0   0.0   0.0   0.0   0.0   1.0   0.0   0.0   0.0   0.0   0.0   0.0   0.0   0.0   
140   T     0.0   0.0   0.12  0.0   0.0   0.0   0.0   0.0   0.15  0.0   0.0   0.0   0.0   0.27  0.0   0.0   0.32  0.0   0.14  0.0   
141   L     0.0   0.0   0.0   0.0   0.0   0.0   0.0   0.0   0.0   0.27  0.59  0.0   0.14  0.0   0.0   0.0   0.0   0.0   0.0   0.0   
142   L     0.0   0.0   0.0   0.0   0.0   0.0   0.0   0.0   0.0   0.0   0.73  0.0   0.0   0.0   0.0   0.0   0.0   0.0   0.0   0.27  
143   F     0.0   0.0   0.0   0.0   0.0   0.0   0.0   0.0   0.0   0.0   0.27  0.0   0.0   0.73  0.0   0.0   0.0   0.0   0.0   0.0   
144   Y     0.0   0.0   0.0   0.0   0.0   0.56  0.0   0.0   0.0   0.0   0.0   0.0   0.0   0.0   0.0   0.0   0.0   0.0   0.44  0.0   
145   Q     0.0   0.0   0.27  0.0   0.0   0.73  0.0   0.0   0.0   0.0   0.0   0.0   0.0   0.0   0.0   0.0   0.0   0.0   0.0   0.0   
146   F     0.27  0.0   0.0   0.0   0.0   0.0   0.0   0.0   0.0   0.0   0.0   0.0   0.0   0.73  0.0   0.0   0.0   0.0   0.0   0.0   
147   S     0.14  0.0   0.0   0.0   0.0   0.0   0.0   0.0   0.0   0.0   0.0   0.0   0.0   0.0   0.0   0.86  0.0   0.0   0.0   0.0   
148   P     0.0   0.0   0.0   0.0   0.0   0.0   0.0   0.0   0.0   0.0   0.0   0.0   0.0   0.0   1.0   0.0   0.0   0.0   0.0   0.0   
149   A     0.58  0.0   0.0   0.0   0.0   0.13  0.0   0.0   0.0   0.0   0.0   0.0   0.0   0.0   0.0   0.29  0.0   0.0   0.0   0.0   
150   P     0.0   0.0   0.0   0.0   0.0   0.0   0.0   0.0   0.0   0.0   0.0   0.0   0.0   0.0   0.73  0.0   0.27  0.0   0.0   0.0   
151   A     0.58  0.0   0.0   0.0   0.0   0.0   0.0   0.15  0.0   0.0   0.0   0.0   0.0   0.0   0.0   0.27  0.0   0.0   0.0   0.0   
152   V     0.0   0.0   0.0   0.0   0.0   0.0   0.0   0.0   0.0   0.27  0.0   0.0   0.0   0.0   0.0   0.0   0.0   0.0   0.0   0.73  
153   G     0.0   0.0   0.0   0.0   0.0   0.0   0.0   1.0   0.0   0.0   0.0   0.0   0.0   0.0   0.0   0.0   0.0   0.0   0.0   0.0   
154   V     0.0   0.0   0.0   0.0   0.0   0.0   0.0   0.0   0.0   0.27  0.29  0.0   0.0   0.0   0.0   0.0   0.0   0.0   0.0   0.44  
155   V     0.0   0.0   0.0   0.0   0.0   0.0   0.0   0.0   0.0   0.0   0.0   0.0   0.0   0.0   0.0   0.0   0.0   0.0   0.0   1.0   
156   D     0.0   0.0   0.0   1.0   0.0   0.0   0.0   0.0   0.0   0.0   0.0   0.0   0.0   0.0   0.0   0.0   0.0   0.0   0.0   0.0   
157   L     0.0   0.0   0.0   0.0   0.0   0.0   0.0   0.0   0.0   0.0   0.73  0.0   0.0   0.0   0.0   0.0   0.0   0.0   0.0   0.27  
158   E     0.13  0.0   0.0   0.0   0.0   0.15  0.46  0.0   0.0   0.0   0.0   0.27  0.0   0.0   0.0   0.0   0.0   0.0   0.0   0.0   
159   G     0.0   0.0   0.0   0.0   0.0   0.15  0.0   0.71  0.0   0.0   0.0   0.14  0.0   0.0   0.0   0.0   0.0   0.0   0.0   0.0   
160   K     0.0   0.0   0.0   0.27  0.0   0.0   0.0   0.0   0.0   0.0   0.0   0.73  0.0   0.0   0.0   0.0   0.0   0.0   0.0   0.0   
161   A     0.34  0.0   0.0   0.0   0.0   0.0   0.0   0.0   0.0   0.0   0.0   0.13  0.0   0.0   0.0   0.14  0.12  0.0   0.27  0.0   
162   F     0.0   0.0   0.0   0.0   0.0   0.0   0.0   0.0   0.0   0.0   0.0   0.0   0.0   0.73  0.0   0.0   0.0   0.0   0.0   0.27  
163   K     0.0   0.0   0.0   0.25  0.0   0.0   0.27  0.0   0.0   0.0   0.0   0.19  0.0   0.0   0.0   0.0   0.0   0.0   0.0   0.29  
164   R     0.0   0.44  0.0   0.27  0.0   0.0   0.0   0.0   0.0   0.0   0.0   0.29  0.0   0.0   0.0   0.0   0.0   0.0   0.0   0.0   
165   M     0.0   0.0   0.0   0.0   0.0   0.0   0.0   0.0   0.0   0.15  0.0   0.0   0.58  0.0   0.0   0.0   0.0   0.0   0.0   0.27  
166   L     0.0   0.0   0.0   0.0   0.0   0.0   0.0   0.0   0.0   0.13  0.31  0.0   0.29  0.0   0.0   0.0   0.27  0.0   0.0   0.0   
167   D     0.27  0.0   0.15  0.46  0.0   0.0   0.13  0.0   0.0   0.0   0.0   0.0   0.0   0.0   0.0   0.0   0.0   0.0   0.0   0.0   
168   V     0.27  0.0   0.0   0.0   0.0   0.0   0.0   0.0   0.0   0.14  0.0   0.0   0.0   0.0   0.0   0.0   0.0   0.0   0.0   0.59  
169   P     0.27  0.0   0.0   0.0   0.0   0.0   0.0   0.0   0.0   0.0   0.0   0.0   0.0   0.0   0.73  0.0   0.0   0.0   0.0   0.0   
170   D     0.0   0.0   0.0   0.73  0.0   0.0   0.0   0.27  0.0   0.0   0.0   0.0   0.0   0.0   0.0   0.0   0.0   0.0   0.0   0.0   
171   C     0.0   0.0   0.0   0.0   1.0   0.0   0.0   0.0   0.0   0.0   0.0   0.0   0.0   0.0   0.0   0.0   0.0   0.0   0.0   0.0   
172   Y     0.0   0.0   0.0   0.0   0.0   0.0   0.0   0.0   0.0   0.0   0.0   0.0   0.0   0.0   0.0   0.0   0.0   0.27  0.73  0.0   
173   H     0.0   0.0   0.0   0.0   0.0   0.14  0.0   0.0   0.59  0.0   0.0   0.0   0.0   0.0   0.0   0.27  0.0   0.0   0.0   0.0   
174   I     0.0   0.0   0.0   0.0   0.0   0.0   0.0   0.0   0.0   0.73  0.0   0.0   0.0   0.0   0.0   0.0   0.0   0.0   0.0   0.27  
175   F     0.0   0.0   0.0   0.0   0.0   0.0   0.0   0.0   0.0   0.27  0.0   0.0   0.0   0.73  0.0   0.0   0.0   0.0   0.0   0.0   
176   P     0.0   0.0   0.0   0.0   0.0   0.0   0.0   0.0   0.0   0.0   0.0   0.0   0.0   0.0   1.0   0.0   0.0   0.0   0.0   0.0   
177   T     0.12  0.0   0.27  0.0   0.0   0.0   0.0   0.0   0.0   0.0   0.0   0.0   0.0   0.0   0.0   0.13  0.34  0.0   0.0   0.14  
178   A     0.34  0.27  0.0   0.0   0.0   0.0   0.0   0.0   0.0   0.0   0.0   0.0   0.0   0.0   0.14  0.25  0.0   0.0   0.0   0.0   
179   P     0.0   0.0   0.42  0.0   0.0   0.0   0.0   0.0   0.0   0.0   0.0   0.0   0.0   0.0   0.58  0.0   0.0   0.0   0.0   0.0   
180   D     0.0   0.27  0.0   0.32  0.0   0.29  0.0   0.0   0.0   0.0   0.0   0.0   0.0   0.0   0.0   0.0   0.12  0.0   0.0   0.0   
181   T     0.0   0.0   0.15  0.0   0.0   0.0   0.0   0.0   0.0   0.0   0.0   0.0   0.0   0.0   0.0   0.41  0.32  0.0   0.0   0.12  
182   F     0.0   0.0   0.0   0.0   0.0   0.0   0.0   0.0   0.0   0.0   0.0   0.0   0.0   1.0   0.0   0.0   0.0   0.0   0.0   0.0   
183   F     0.0   0.0   0.0   0.0   0.0   0.0   0.0   0.0   0.0   0.0   0.0   0.0   0.27  0.47  0.0   0.0   0.0   0.0   0.26  0.0   
184   M     0.0   0.0   0.0   0.0   0.0   0.0   0.0   0.0   0.0   0.0   0.0   0.0   0.73  0.0   0.0   0.0   0.27  0.0   0.0   0.0   
185   H     0.0   0.0   0.12  0.0   0.0   0.0   0.0   0.0   0.61  0.27  0.0   0.0   0.0   0.0   0.0   0.0   0.0   0.0   0.0   0.0   
186   C     0.0   0.0   0.0   0.0   1.0   0.0   0.0   0.0   0.0   0.0   0.0   0.0   0.0   0.0   0.0   0.0   0.0   0.0   0.0   0.0   
187   R     0.0   0.73  0.0   0.0   0.0   0.0   0.0   0.27  0.0   0.0   0.0   0.0   0.0   0.0   0.0   0.0   0.0   0.0   0.0   0.0   
188   D     0.0   0.0   0.0   1.0   0.0   0.0   0.0   0.0   0.0   0.0   0.0   0.0   0.0   0.0   0.0   0.0   0.0   0.0   0.0   0.0   
189   G     0.0   0.0   0.0   0.0   0.0   0.0   0.0   1.0   0.0   0.0   0.0   0.0   0.0   0.0   0.0   0.0   0.0   0.0   0.0   0.0   
190   S     0.0   0.0   0.0   0.0   0.0   0.0   0.0   0.27  0.0   0.0   0.0   0.0   0.0   0.0   0.0   0.73  0.0   0.0   0.0   0.0   
191   L     0.0   0.0   0.0   0.0   0.0   0.0   0.0   0.0   0.0   0.0   1.0   0.0   0.0   0.0   0.0   0.0   0.0   0.0   0.0   0.0   
192   A     0.31  0.0   0.0   0.0   0.0   0.14  0.0   0.0   0.0   0.0   0.39  0.0   0.15  0.0   0.0   0.0   0.0   0.0   0.0   0.0   
193   K     0.0   0.12  0.0   0.0   0.0   0.29  0.0   0.0   0.0   0.0   0.0   0.32  0.0   0.0   0.0   0.0   0.27  0.0   0.0   0.0   
194   V     0.0   0.0   0.0   0.0   0.0   0.0   0.0   0.0   0.0   0.27  0.0   0.0   0.0   0.29  0.0   0.0   0.0   0.0   0.0   0.44  
195   A     0.19  0.0   0.27  0.12  0.0   0.0   0.0   0.27  0.0   0.0   0.0   0.0   0.0   0.0   0.0   0.0   0.15  0.0   0.0   0.0   
196   F     0.0   0.0   0.0   0.0   0.0   0.0   0.0   0.0   0.0   0.13  0.27  0.0   0.0   0.31  0.0   0.0   0.0   0.0   0.29  0.0   
197   G     0.12  0.0   0.0   0.29  0.0   0.0   0.0   0.59  0.0   0.0   0.0   0.0   0.0   0.0   0.0   0.0   0.0   0.0   0.0   0.0   
198   T     0.14  0.01  0.01  0.15  0.0   0.01  0.27  0.01  0.0   0.01  0.01  0.01  0.0   0.0   0.01  0.16  0.2   0.0   0.0   0.01  
199   E     0.0   0.0   0.0   0.51  0.0   0.0   0.19  0.0   0.0   0.0   0.0   0.29  0.0   0.0   0.0   0.0   0.0   0.0   0.0   0.0   
200   G     0.0   0.0   0.0   0.0   0.0   0.0   0.0   1.0   0.0   0.0   0.0   0.0   0.0   0.0   0.0   0.0   0.0   0.0   0.0   0.0   
201   T     0.27  0.0   0.29  0.0   0.0   0.0   0.12  0.0   0.0   0.0   0.0   0.13  0.0   0.0   0.0   0.0   0.19  0.0   0.0   0.0   
202   P     0.0   0.0   0.0   0.0   0.0   0.0   0.0   0.0   0.0   0.0   0.14  0.0   0.0   0.0   0.19  0.39  0.27  0.0   0.0   0.0   
203   E     0.0   0.0   0.0   0.0   0.0   0.39  0.19  0.0   0.0   0.0   0.0   0.41  0.0   0.0   0.0   0.0   0.0   0.0   0.0   0.0   
204   I     0.0   0.0   0.0   0.0   0.0   0.15  0.0   0.0   0.0   0.19  0.0   0.0   0.14  0.0   0.0   0.27  0.13  0.0   0.0   0.12  
205   T     0.0   0.27  0.0   0.0   0.0   0.0   0.0   0.0   0.0   0.0   0.0   0.42  0.0   0.0   0.0   0.0   0.31  0.0   0.0   0.0   
206   H     0.0   0.13  0.12  0.0   0.0   0.0   0.0   0.0   0.19  0.0   0.0   0.0   0.0   0.0   0.29  0.27  0.0   0.0   0.0   0.0   
207   T     0.0   0.0   0.0   0.0   0.0   0.0   0.0   0.0   0.0   0.0   0.0   0.27  0.0   0.0   0.0   0.0   0.73  0.0   0.0   0.0   
208   E     0.0   0.0   0.0   0.0   0.0   0.27  0.44  0.0   0.0   0.0   0.0   0.29  0.0   0.0   0.0   0.0   0.0   0.0   0.0   0.0   
209   V     0.0   0.0   0.0   0.0   0.0   0.0   0.0   0.0   0.0   0.27  0.0   0.0   0.27  0.0   0.0   0.0   0.0   0.0   0.0   0.46  
210   F     0.0   0.0   0.0   0.0   0.0   0.0   0.0   0.0   0.0   0.0   0.0   0.0   0.0   1.0   0.0   0.0   0.0   0.0   0.0   0.0   
211   H     0.0   0.0   0.0   0.0   0.0   0.0   0.0   0.0   0.73  0.0   0.0   0.0   0.0   0.0   0.0   0.27  0.0   0.0   0.0   0.0   
212   P     0.15  0.0   0.0   0.0   0.0   0.0   0.0   0.14  0.0   0.0   0.0   0.13  0.0   0.0   0.19  0.0   0.12  0.0   0.0   0.27  
213   E     0.0   0.0   0.0   0.0   0.0   0.0   0.73  0.0   0.0   0.0   0.0   0.27  0.0   0.0   0.0   0.0   0.0   0.0   0.0   0.0   
214   D     0.0   0.0   0.13  0.73  0.0   0.0   0.0   0.0   0.0   0.0   0.0   0.15  0.0   0.0   0.0   0.0   0.0   0.0   0.0   0.0   
215   E     0.0   0.0   0.0   0.41  0.0   0.0   0.59  0.0   0.0   0.0   0.0   0.0   0.0   0.0   0.0   0.0   0.0   0.0   0.0   0.0   
216   F     0.0   0.0   0.0   0.0   0.0   0.0   0.0   0.0   0.0   0.0   0.12  0.0   0.0   0.19  0.27  0.0   0.0   0.0   0.42  0.0   
217   L     0.0   0.0   0.0   0.0   0.0   0.0   0.0   0.0   0.0   0.27  0.73  0.0   0.0   0.0   0.0   0.0   0.0   0.0   0.0   0.0   
218   I     0.0   0.0   0.0   0.0   0.0   0.0   0.0   0.0   0.0   0.44  0.15  0.0   0.0   0.41  0.0   0.0   0.0   0.0   0.0   0.0   
219   N     0.0   0.0   0.59  0.0   0.0   0.0   0.0   0.0   0.0   0.27  0.0   0.0   0.0   0.0   0.0   0.0   0.0   0.0   0.0   0.14  
220   H     0.27  0.0   0.29  0.0   0.0   0.0   0.0   0.0   0.44  0.0   0.0   0.0   0.0   0.0   0.0   0.0   0.0   0.0   0.0   0.0   
221   P     0.0   0.0   0.0   0.0   0.0   0.0   0.0   0.0   0.0   0.0   0.0   0.0   0.0   0.0   1.0   0.0   0.0   0.0   0.0   0.0   
222   A     0.71  0.0   0.0   0.0   0.0   0.0   0.0   0.0   0.0   0.0   0.0   0.0   0.0   0.0   0.0   0.0   0.0   0.0   0.29  0.0   
223   Y     0.0   0.0   0.0   0.0   0.0   0.0   0.0   0.0   0.0   0.0   0.27  0.0   0.0   0.12  0.0   0.0   0.0   0.0   0.61  0.0   
224   S     0.0   0.0   0.0   0.27  0.0   0.0   0.0   0.0   0.0   0.0   0.0   0.0   0.0   0.0   0.0   0.73  0.0   0.0   0.0   0.0   
225   Q     0.0   0.0   0.29  0.0   0.0   0.19  0.0   0.0   0.0   0.0   0.12  0.27  0.0   0.0   0.13  0.0   0.0   0.0   0.0   0.0   
226   K     0.0   0.12  0.0   0.27  0.0   0.0   0.0   0.14  0.0   0.0   0.0   0.32  0.0   0.0   0.0   0.15  0.0   0.0   0.0   0.0   
227   A     0.19  0.0   0.15  0.0   0.0   0.0   0.0   0.0   0.0   0.0   0.0   0.27  0.0   0.0   0.0   0.39  0.0   0.0   0.0   0.0   
228   G     0.27  0.0   0.15  0.0   0.0   0.0   0.0   0.58  0.0   0.0   0.0   0.0   0.0   0.0   0.0   0.0   0.0   0.0   0.0   0.0   
229   R     0.0   0.58  0.0   0.0   0.0   0.0   0.0   0.0   0.42  0.0   0.0   0.0   0.0   0.0   0.0   0.0   0.0   0.0   0.0   0.0   
230   L     0.0   0.0   0.0   0.0   0.0   0.0   0.0   0.0   0.0   0.0   0.73  0.0   0.0   0.27  0.0   0.0   0.0   0.0   0.0   0.0   
231   V     0.0   0.0   0.0   0.0   0.0   0.0   0.0   0.0   0.0   0.0   0.0   0.0   0.0   0.0   0.0   0.0   0.15  0.0   0.0   0.85  
232   W     0.02  0.01  0.01  0.01  0.01  0.01  0.02  0.02  0.01  0.01  0.02  0.02  0.01  0.01  0.01  0.02  0.02  0.74  0.01  0.02  
233   P     0.02  0.01  0.01  0.01  0.01  0.01  0.02  0.02  0.01  0.01  0.02  0.02  0.01  0.01  0.75  0.02  0.02  0.0   0.01  0.02  
234   T     0.0   0.0   0.0   0.0   0.0   0.0   0.0   0.0   0.0   0.0   0.0   0.0   0.0   0.0   0.0   0.27  0.73  0.0   0.0   0.0   
235   Y     0.0   0.0   0.0   0.0   0.0   0.0   0.0   0.0   0.0   0.0   0.0   0.0   0.0   0.0   0.0   0.0   0.0   0.0   1.0   0.0   
236   T     0.0   0.0   0.0   0.0   0.0   0.0   0.29  0.0   0.0   0.0   0.0   0.0   0.0   0.0   0.0   0.0   0.44  0.0   0.27  0.0   
237   G     0.0   0.0   0.0   0.0   0.0   0.0   0.0   1.0   0.0   0.0   0.0   0.0   0.0   0.0   0.0   0.0   0.0   0.0   0.0   0.0   
238   K     0.0   0.14  0.27  0.0   0.0   0.0   0.0   0.0   0.0   0.0   0.0   0.59  0.0   0.0   0.0   0.0   0.0   0.0   0.0   0.0   
239   I     0.0   0.0   0.0   0.0   0.0   0.0   0.0   0.0   0.0   0.73  0.0   0.0   0.0   0.0   0.0   0.0   0.0   0.0   0.0   0.27  
240   H     0.0   0.0   0.0   0.0   0.0   0.0   0.0   0.0   0.19  0.0   0.0   0.0   0.0   0.54  0.0   0.0   0.0   0.0   0.27  0.0   
241   Q     0.0   0.0   0.0   0.0   0.0   0.73  0.0   0.0   0.0   0.0   0.0   0.0   0.0   0.0   0.0   0.27  0.0   0.0   0.0   0.0   
242   I     0.68  0.0   0.0   0.0   0.0   0.0   0.0   0.0   0.0   0.32  0.0   0.0   0.0   0.0   0.0   0.0   0.0   0.0   0.0   0.0   
243   D     0.0   0.0   0.0   0.71  0.0   0.0   0.0   0.0   0.0   0.0   0.0   0.29  0.0   0.0   0.0   0.0   0.0   0.0   0.0   0.0   
244   L     0.0   0.0   0.0   0.0   0.0   0.0   0.0   0.0   0.0   0.0   0.73  0.0   0.0   0.27  0.0   0.0   0.0   0.0   0.0   0.0   
245   S     0.0   0.0   0.0   0.0   0.0   0.0   0.0   0.0   0.0   0.0   0.0   0.0   0.0   0.0   0.0   0.74  0.26  0.0   0.0   0.0   
246   S     0.12  0.0   0.0   0.14  0.0   0.0   0.15  0.27  0.0   0.0   0.0   0.0   0.0   0.0   0.0   0.32  0.0   0.0   0.0   0.0   
247   G     0.0   0.0   0.0   0.27  0.0   0.13  0.12  0.19  0.0   0.0   0.0   0.14  0.0   0.0   0.0   0.15  0.0   0.0   0.0   0.0   
248   D     0.0   0.0   0.0   0.32  0.0   0.0   0.27  0.27  0.0   0.0   0.0   0.14  0.0   0.0   0.0   0.0   0.0   0.0   0.0   0.0   
249   A     0.59  0.0   0.0   0.0   0.0   0.0   0.0   0.0   0.0   0.0   0.0   0.0   0.0   0.0   0.0   0.0   0.0   0.0   0.0   0.41  
250   K     0.0   0.0   0.0   0.14  0.0   0.0   0.15  0.0   0.0   0.0   0.0   0.59  0.0   0.0   0.0   0.0   0.12  0.0   0.0   0.0   
251   F     0.0   0.0   0.0   0.0   0.0   0.0   0.0   0.0   0.0   0.0   0.0   0.0   0.0   0.73  0.0   0.0   0.0   0.0   0.0   0.27  
252   L     0.0   0.12  0.0   0.27  0.0   0.0   0.0   0.0   0.0   0.0   0.47  0.0   0.14  0.0   0.0   0.0   0.0   0.0   0.0   0.0   
253   P     0.12  0.0   0.0   0.0   0.0   0.0   0.0   0.27  0.0   0.0   0.0   0.29  0.0   0.0   0.32  0.0   0.0   0.0   0.0   0.0   
254   A     0.32  0.0   0.0   0.0   0.0   0.0   0.0   0.0   0.0   0.0   0.0   0.0   0.0   0.0   0.68  0.0   0.0   0.0   0.0   0.0   
255   V     0.0   0.0   0.0   0.0   0.0   0.0   0.0   0.0   0.0   0.39  0.0   0.0   0.0   0.14  0.0   0.0   0.0   0.27  0.0   0.19  
256   E     0.0   0.0   0.0   0.0   0.0   0.0   0.73  0.0   0.0   0.0   0.0   0.0   0.0   0.0   0.0   0.27  0.0   0.0   0.0   0.0   
257   A     0.44  0.0   0.0   0.0   0.0   0.0   0.0   0.0   0.0   0.0   0.41  0.0   0.0   0.0   0.0   0.0   0.0   0.0   0.0   0.15  
258   L     0.0   0.0   0.0   0.0   0.0   0.0   0.0   0.0   0.0   0.0   0.58  0.0   0.0   0.42  0.0   0.0   0.0   0.0   0.0   0.0   
259   T     0.0   0.0   0.27  0.0   0.0   0.0   0.0   0.0   0.0   0.0   0.0   0.0   0.0   0.0   0.0   0.0   0.73  0.0   0.0   0.0   
260   E     0.0   0.0   0.0   0.54  0.0   0.0   0.46  0.0   0.0   0.0   0.0   0.0   0.0   0.0   0.0   0.0   0.0   0.0   0.0   0.0   
261   A     0.58  0.0   0.0   0.0   0.0   0.0   0.27  0.0   0.0   0.0   0.0   0.15  0.0   0.0   0.0   0.0   0.0   0.0   0.0   0.0   
262   E     0.0   0.0   0.0   0.27  0.0   0.0   0.73  0.0   0.0   0.0   0.0   0.0   0.0   0.0   0.0   0.0   0.0   0.0   0.0   0.0   
263   R     0.0   0.31  0.0   0.0   0.0   0.0   0.0   0.0   0.0   0.0   0.0   0.69  0.0   0.0   0.0   0.0   0.0   0.0   0.0   0.0   
264   A     0.73  0.0   0.0   0.0   0.0   0.0   0.0   0.0   0.0   0.0   0.0   0.27  0.0   0.0   0.0   0.0   0.0   0.0   0.0   0.0   
265   D     0.14  0.0   0.0   0.46  0.0   0.0   0.13  0.0   0.0   0.0   0.0   0.27  0.0   0.0   0.0   0.0   0.0   0.0   0.0   0.0   
266   G     0.0   0.0   0.41  0.12  0.0   0.0   0.0   0.32  0.0   0.0   0.0   0.15  0.0   0.0   0.0   0.0   0.0   0.0   0.0   0.0   
267   W     0.0   0.0   0.0   0.0   0.0   0.0   0.0   0.0   0.0   0.0   0.0   0.0   0.0   0.0   0.0   0.0   0.0   1.0   0.0   0.0   
268   R     0.13  0.61  0.0   0.0   0.0   0.0   0.0   0.0   0.0   0.0   0.0   0.0   0.0   0.0   0.0   0.0   0.0   0.0   0.0   0.27  
269   P     0.0   0.0   0.0   0.0   0.0   0.0   0.0   0.0   0.0   0.0   0.0   0.0   0.0   0.0   1.0   0.0   0.0   0.0   0.0   0.0   
270   G     0.0   0.0   0.0   0.0   0.0   0.0   0.0   1.0   0.0   0.0   0.0   0.0   0.0   0.0   0.0   0.0   0.0   0.0   0.0   0.0   
271   G     0.0   0.0   0.0   0.0   0.0   0.0   0.0   1.0   0.0   0.0   0.0   0.0   0.0   0.0   0.0   0.0   0.0   0.0   0.0   0.0   
272   W     0.0   0.0   0.0   0.0   0.0   0.0   0.0   0.0   0.0   0.0   0.0   0.0   0.0   0.0   0.0   0.0   0.0   0.73  0.27  0.0   
273   Q     0.0   0.0   0.27  0.0   0.0   0.73  0.0   0.0   0.0   0.0   0.0   0.0   0.0   0.0   0.0   0.0   0.0   0.0   0.0   0.0   
274   Q     0.0   0.0   0.0   0.0   0.0   0.44  0.0   0.0   0.0   0.0   0.27  0.0   0.0   0.0   0.0   0.0   0.15  0.0   0.0   0.14  
275   V     0.0   0.0   0.0   0.0   0.0   0.0   0.0   0.0   0.0   0.15  0.0   0.0   0.0   0.0   0.0   0.0   0.12  0.0   0.0   0.73  
276   A     0.73  0.0   0.0   0.0   0.0   0.0   0.0   0.27  0.0   0.0   0.0   0.0   0.0   0.0   0.0   0.0   0.0   0.0   0.0   0.0   
277   Y     0.0   0.0   0.0   0.0   0.0   0.0   0.0   0.0   0.0   0.0   0.27  0.0   0.0   0.15  0.0   0.0   0.0   0.0   0.58  0.0   
278   H     0.0   0.0   0.0   0.0   0.0   0.0   0.0   0.0   1.0   0.0   0.0   0.0   0.0   0.0   0.0   0.0   0.0   0.0   0.0   0.0   
279   R     0.0   0.71  0.0   0.0   0.0   0.0   0.0   0.0   0.0   0.0   0.0   0.29  0.0   0.0   0.0   0.0   0.0   0.0   0.0   0.0   
280   A     0.75  0.0   0.0   0.0   0.0   0.12  0.13  0.0   0.0   0.0   0.0   0.0   0.0   0.0   0.0   0.0   0.0   0.0   0.0   0.0   
281   L     0.0   0.29  0.0   0.0   0.0   0.0   0.0   0.0   0.0   0.0   0.19  0.0   0.0   0.0   0.0   0.51  0.0   0.0   0.0   0.0   
282   D     0.0   0.0   0.29  0.44  0.0   0.0   0.0   0.27  0.0   0.0   0.0   0.0   0.0   0.0   0.0   0.0   0.0   0.0   0.0   0.0   
283   R     0.0   0.71  0.0   0.0   0.0   0.0   0.29  0.0   0.0   0.0   0.0   0.0   0.0   0.0   0.0   0.0   0.0   0.0   0.0   0.0   
284   I     0.0   0.0   0.0   0.0   0.0   0.0   0.0   0.0   0.0   0.58  0.15  0.0   0.27  0.0   0.0   0.0   0.0   0.0   0.0   0.0   
285   Y     0.0   0.0   0.0   0.0   0.0   0.0   0.0   0.0   0.0   0.0   0.0   0.0   0.0   0.13  0.0   0.0   0.0   0.0   0.87  0.0   
286   L     0.0   0.0   0.0   0.0   0.0   0.0   0.0   0.0   0.0   0.0   0.59  0.0   0.0   0.0   0.0   0.0   0.0   0.0   0.0   0.41  
287   L     0.0   0.0   0.0   0.0   0.0   0.0   0.0   0.0   0.0   0.0   0.73  0.0   0.0   0.27  0.0   0.0   0.0   0.0   0.0   0.0   
288   V     0.29  0.0   0.0   0.0   0.0   0.0   0.0   0.13  0.0   0.0   0.0   0.0   0.27  0.0   0.0   0.0   0.0   0.0   0.0   0.31  
289   D     0.0   0.0   0.0   0.73  0.0   0.0   0.0   0.0   0.27  0.0   0.0   0.0   0.0   0.0   0.0   0.0   0.0   0.0   0.0   0.0   
290   Q     0.0   0.0   0.0   0.27  0.0   0.73  0.0   0.0   0.0   0.0   0.0   0.0   0.0   0.0   0.0   0.0   0.0   0.0   0.0   0.0   
291   R     0.0   0.73  0.0   0.0   0.0   0.0   0.0   0.27  0.0   0.0   0.0   0.0   0.0   0.0   0.0   0.0   0.0   0.0   0.0   0.0   
292   D     0.27  0.0   0.0   0.31  0.0   0.0   0.15  0.0   0.0   0.0   0.0   0.27  0.0   0.0   0.0   0.0   0.0   0.0   0.0   0.0   
293   E     0.13  0.0   0.0   0.0   0.0   0.0   0.58  0.0   0.0   0.0   0.0   0.29  0.0   0.0   0.0   0.0   0.0   0.0   0.0   0.0   
294   W     0.0   0.0   0.0   0.0   0.0   0.0   0.0   0.27  0.0   0.0   0.0   0.0   0.0   0.0   0.0   0.13  0.0   0.61  0.0   0.0   
295   R     0.0   0.19  0.0   0.0   0.0   0.0   0.0   0.0   0.0   0.0   0.0   0.25  0.0   0.0   0.0   0.0   0.56  0.0   0.0   0.0   
296   H     0.0   0.0   0.0   0.0   0.0   0.0   0.0   0.0   1.0   0.0   0.0   0.0   0.0   0.0   0.0   0.0   0.0   0.0   0.0   0.0   
297   K     0.0   0.0   0.0   0.0   0.0   0.0   0.0   0.0   0.0   0.0   0.0   0.86  0.0   0.0   0.0   0.0   0.0   0.0   0.0   0.14  
298   T     0.25  0.0   0.0   0.0   0.0   0.0   0.0   0.0   0.0   0.0   0.15  0.0   0.0   0.27  0.0   0.0   0.34  0.0   0.0   0.0   
299   A     0.46  0.0   0.0   0.0   0.0   0.0   0.0   0.0   0.0   0.0   0.0   0.0   0.0   0.0   0.54  0.0   0.0   0.0   0.0   0.0   
300   S     0.27  0.0   0.0   0.0   0.0   0.0   0.0   0.0   0.0   0.0   0.0   0.0   0.0   0.0   0.0   0.73  0.0   0.0   0.0   0.0   
301   R     0.27  0.73  0.0   0.0   0.0   0.0   0.0   0.0   0.0   0.0   0.0   0.0   0.0   0.0   0.0   0.0   0.0   0.0   0.0   0.0   
302   F     0.0   0.0   0.0   0.0   0.0   0.0   0.27  0.0   0.0   0.0   0.1   0.0   0.0   0.49  0.0   0.0   0.0   0.0   0.14  0.0   
303   V     0.0   0.0   0.0   0.0   0.0   0.0   0.0   0.0   0.0   0.27  0.22  0.0   0.0   0.0   0.0   0.0   0.0   0.0   0.0   0.51  
304   V     0.0   0.0   0.0   0.0   0.0   0.0   0.0   0.0   0.0   0.0   0.0   0.0   0.0   0.42  0.0   0.0   0.0   0.27  0.0   0.31  
305   V     0.0   0.0   0.0   0.0   0.0   0.0   0.0   0.0   0.0   0.0   0.0   0.0   0.0   0.0   0.0   0.0   0.0   0.0   0.0   1.0   
306   L     0.0   0.0   0.0   0.0   0.0   0.0   0.0   0.0   0.0   0.13  0.31  0.0   0.27  0.0   0.0   0.0   0.0   0.0   0.0   0.29  
307   D     0.0   0.0   0.12  0.88  0.0   0.0   0.0   0.0   0.0   0.0   0.0   0.0   0.0   0.0   0.0   0.0   0.0   0.0   0.0   0.0   
308   A     0.59  0.0   0.0   0.0   0.0   0.0   0.0   0.14  0.0   0.0   0.0   0.0   0.0   0.0   0.0   0.0   0.27  0.0   0.0   0.0   
309   K     0.0   0.0   0.0   0.0   0.0   0.0   0.12  0.0   0.0   0.0   0.0   0.59  0.0   0.0   0.0   0.0   0.29  0.0   0.0   0.0   
310   T     0.0   0.0   0.0   0.0   0.0   0.0   0.0   0.0   0.0   0.0   0.0   0.0   0.0   0.0   0.0   0.15  0.85  0.0   0.0   0.0   
311   G     0.0   0.0   0.0   0.0   0.0   0.0   0.0   0.73  0.0   0.0   0.0   0.27  0.0   0.0   0.0   0.0   0.0   0.0   0.0   0.0   
312   E     0.0   0.0   0.0   0.0   0.0   0.27  0.31  0.0   0.0   0.0   0.0   0.42  0.0   0.0   0.0   0.0   0.0   0.0   0.0   0.0   
313   R     0.0   1.0   0.0   0.0   0.0   0.0   0.0   0.0   0.0   0.0   0.0   0.0   0.0   0.0   0.0   0.0   0.0   0.0   0.0   0.0   
314   L     0.0   0.0   0.0   0.0   0.0   0.0   0.0   0.0   0.0   0.25  0.49  0.0   0.0   0.0   0.0   0.0   0.0   0.0   0.0   0.27  
315   A     0.46  0.29  0.25  0.0   0.0   0.0   0.0   0.0   0.0   0.0   0.0   0.0   0.0   0.0   0.0   0.0   0.0   0.0   0.0   0.0   
316   K     0.0   0.56  0.0   0.0   0.0   0.0   0.0   0.0   0.0   0.0   0.0   0.44  0.0   0.0   0.0   0.0   0.0   0.0   0.0   0.0   
317   F     0.0   0.0   0.0   0.0   0.0   0.0   0.0   0.0   0.0   0.81  0.0   0.0   0.0   0.19  0.0   0.0   0.0   0.0   0.0   0.0   
318   E     0.0   0.0   0.0   0.14  0.0   0.0   0.59  0.0   0.0   0.0   0.0   0.0   0.0   0.0   0.27  0.0   0.0   0.0   0.0   0.0   
319   M     0.02  0.01  0.01  0.01  0.01  0.01  0.02  0.02  0.01  0.01  0.56  0.02  0.2   0.01  0.01  0.02  0.02  0.0   0.01  0.02  
320   G     0.0   0.0   0.0   0.0   0.0   0.0   0.0   0.73  0.0   0.0   0.0   0.27  0.0   0.0   0.0   0.0   0.0   0.0   0.0   0.0   
321   H     0.0   0.27  0.0   0.0   0.0   0.0   0.0   0.0   0.73  0.0   0.0   0.0   0.0   0.0   0.0   0.0   0.0   0.0   0.0   0.0   
322   E     0.0   0.0   0.0   0.27  0.0   0.0   0.73  0.0   0.0   0.0   0.0   0.0   0.0   0.0   0.0   0.0   0.0   0.0   0.0   0.0   
323   I     0.27  0.0   0.0   0.0   0.0   0.0   0.0   0.0   0.0   0.73  0.0   0.0   0.0   0.0   0.0   0.0   0.0   0.0   0.0   0.0   
324   D     0.0   0.0   0.15  0.58  0.0   0.0   0.0   0.0   0.0   0.0   0.27  0.0   0.0   0.0   0.0   0.0   0.0   0.0   0.0   0.0   
325   S     0.0   0.0   0.0   0.0   0.0   0.0   0.0   0.14  0.0   0.0   0.0   0.0   0.0   0.0   0.0   0.86  0.0   0.0   0.0   0.0   
326   I     0.0   0.0   0.0   0.0   0.0   0.0   0.0   0.0   0.0   0.61  0.0   0.0   0.27  0.0   0.0   0.0   0.0   0.0   0.0   0.13  
327   N     0.15  0.0   0.31  0.0   0.0   0.0   0.0   0.13  0.0   0.0   0.0   0.0   0.0   0.0   0.0   0.14  0.27  0.0   0.0   0.0   
328   V     0.0   0.0   0.0   0.0   0.0   0.0   0.0   0.0   0.0   0.27  0.0   0.0   0.0   0.0   0.0   0.0   0.0   0.0   0.0   0.73  
329   S     0.0   0.0   0.0   0.27  0.0   0.0   0.0   0.0   0.0   0.0   0.0   0.0   0.0   0.0   0.0   0.59  0.14  0.0   0.0   0.0   
330   Q     0.0   0.0   0.0   0.0   0.0   1.0   0.0   0.0   0.0   0.0   0.0   0.0   0.0   0.0   0.0   0.0   0.0   0.0   0.0   0.0   
331   D     0.02  0.01  0.01  0.75  0.01  0.01  0.02  0.02  0.01  0.01  0.02  0.02  0.01  0.01  0.01  0.02  0.02  0.0   0.01  0.02  
332   E     0.39  0.0   0.0   0.15  0.0   0.27  0.19  0.0   0.0   0.0   0.0   0.0   0.0   0.0   0.0   0.0   0.0   0.0   0.0   0.0   
333   K     0.0   0.27  0.14  0.0   0.0   0.0   0.12  0.0   0.0   0.0   0.0   0.47  0.0   0.0   0.0   0.0   0.0   0.0   0.0   0.0   
334   P     0.0   0.0   0.27  0.0   0.0   0.0   0.0   0.0   0.0   0.0   0.0   0.0   0.0   0.0   0.73  0.0   0.0   0.0   0.0   0.0   
335   L     0.0   0.0   0.14  0.0   0.0   0.13  0.0   0.0   0.0   0.0   0.58  0.0   0.0   0.0   0.0   0.0   0.0   0.0   0.15  0.0   
336   L     0.0   0.0   0.0   0.0   0.0   0.0   0.0   0.0   0.0   0.0   0.73  0.0   0.27  0.0   0.0   0.0   0.0   0.0   0.0   0.0   
337   Y     0.0   0.0   0.0   0.0   0.0   0.0   0.0   0.0   0.0   0.0   0.27  0.0   0.0   0.0   0.0   0.0   0.0   0.0   0.73  0.0   
338   A     0.73  0.0   0.0   0.0   0.0   0.0   0.0   0.0   0.0   0.0   0.0   0.0   0.0   0.0   0.0   0.0   0.27  0.0   0.0   0.0   
339   L     0.0   0.0   0.0   0.0   0.0   0.0   0.0   0.0   0.0   0.0   0.71  0.0   0.0   0.0   0.0   0.0   0.0   0.0   0.0   0.29  
340   S     0.0   0.0   0.0   0.27  0.0   0.0   0.0   0.0   0.0   0.0   0.0   0.0   0.0   0.0   0.0   0.73  0.0   0.0   0.0   0.0   
341   T     0.26  0.0   0.0   0.0   0.0   0.0   0.15  0.27  0.0   0.0   0.0   0.0   0.0   0.0   0.0   0.0   0.32  0.0   0.0   0.0   
342   G     0.0   0.0   0.0   0.0   0.0   0.0   0.29  0.71  0.0   0.0   0.0   0.0   0.0   0.0   0.0   0.0   0.0   0.0   0.0   0.0   
343   D     0.29  0.0   0.27  0.32  0.0   0.0   0.0   0.0   0.0   0.0   0.0   0.0   0.0   0.0   0.0   0.0   0.12  0.0   0.0   0.0   
344   K     0.0   0.0   0.0   0.0   0.0   0.12  0.0   0.0   0.0   0.0   0.0   0.61  0.0   0.0   0.0   0.0   0.0   0.0   0.0   0.27  
345   T     0.13  0.0   0.27  0.0   0.0   0.0   0.0   0.0   0.0   0.0   0.0   0.0   0.0   0.0   0.0   0.0   0.61  0.0   0.0   0.0   
346   L     0.0   0.0   0.0   0.0   0.0   0.0   0.0   0.0   0.0   0.0   0.73  0.0   0.0   0.0   0.0   0.0   0.0   0.0   0.0   0.27  
347   Y     0.0   0.0   0.0   0.0   0.0   0.0   0.0   0.0   0.12  0.0   0.0   0.0   0.0   0.29  0.0   0.0   0.0   0.0   0.59  0.0   
348   I     0.0   0.0   0.0   0.0   0.0   0.0   0.0   0.0   0.0   0.6   0.0   0.0   0.0   0.0   0.0   0.0   0.4   0.0   0.0   0.0   
349   H     0.0   0.0   0.0   0.0   0.0   0.0   0.0   0.0   0.27  0.0   0.0   0.0   0.0   0.57  0.0   0.0   0.0   0.0   0.16  0.0   
350   D     0.0   0.0   0.2   0.8   0.0   0.0   0.0   0.0   0.0   0.0   0.0   0.0   0.0   0.0   0.0   0.0   0.0   0.0   0.0   0.0   
351   A     0.83  0.0   0.0   0.0   0.0   0.0   0.0   0.0   0.0   0.0   0.0   0.0   0.0   0.0   0.17  0.0   0.0   0.0   0.0   0.0   
352   E     0.16  0.0   0.0   0.0   0.0   0.0   0.44  0.0   0.0   0.0   0.0   0.0   0.0   0.0   0.0   0.0   0.0   0.0   0.0   0.4   
353   S     0.0   0.0   0.2   0.0   0.0   0.0   0.0   0.0   0.0   0.0   0.0   0.0   0.0   0.0   0.0   0.27  0.53  0.0   0.0   0.0   
354   G     0.0   0.0   0.0   0.0   0.0   0.0   0.0   1.0   0.0   0.0   0.0   0.0   0.0   0.0   0.0   0.0   0.0   0.0   0.0   0.0   
355   E     0.0   0.0   0.0   0.0   0.0   0.0   0.43  0.0   0.0   0.0   0.0   0.57  0.0   0.0   0.0   0.0   0.0   0.0   0.0   0.0   
356   E     0.2   0.0   0.0   0.0   0.0   0.0   0.8   0.0   0.0   0.0   0.0   0.0   0.0   0.0   0.0   0.0   0.0   0.0   0.0   0.0   
357   L     0.0   0.0   0.0   0.0   0.0   0.0   0.0   0.0   0.0   0.0   0.63  0.0   0.0   0.0   0.0   0.0   0.2   0.0   0.0   0.17  
358   R     0.0   0.43  0.0   0.0   0.0   0.0   0.0   0.2   0.0   0.0   0.0   0.0   0.0   0.0   0.0   0.37  0.0   0.0   0.0   0.0   
359   S     0.0   0.0   0.0   0.0   0.0   0.0   0.0   0.0   0.0   0.0   0.0   0.2   0.0   0.0   0.0   0.8   0.0   0.0   0.0   0.0   
360   V     0.0   0.0   0.0   0.0   0.0   0.0   0.0   0.0   0.0   0.2   0.0   0.0   0.0   0.0   0.0   0.0   0.0   0.0   0.0   0.8   
361   N     0.0   0.0   0.44  0.56  0.0   0.0   0.0   0.0   0.0   0.0   0.0   0.0   0.0   0.0   0.0   0.0   0.0   0.0   0.0   0.0   
362   Q     0.0   0.0   0.0   0.0   0.0   0.6   0.4   0.0   0.0   0.0   0.0   0.0   0.0   0.0   0.0   0.0   0.0   0.0   0.0   0.0   
363   L     0.0   0.0   0.0   0.0   0.0   0.0   0.0   0.0   0.0   0.0   1.0   0.0   0.0   0.0   0.0   0.0   0.0   0.0   0.0   0.0   
364   G     0.0   0.0   0.0   0.0   0.0   0.0   0.0   1.0   0.0   0.0   0.0   0.0   0.0   0.0   0.0   0.0   0.0   0.0   0.0   0.0   
365   H     0.17  0.56  0.0   0.0   0.0   0.0   0.0   0.0   0.27  0.0   0.0   0.0   0.0   0.0   0.0   0.0   0.0   0.0   0.0   0.0   
366   G     0.4   0.0   0.0   0.0   0.0   0.0   0.0   0.6   0.0   0.0   0.0   0.0   0.0   0.0   0.0   0.0   0.0   0.0   0.0   0.0   
367   P     0.0   0.0   0.0   0.0   0.0   0.0   0.0   0.0   0.0   0.0   0.0   0.0   0.0   0.0   1.0   0.0   0.0   0.0   0.0   0.0   
368   Q     0.0   0.0   0.0   0.0   0.0   0.6   0.0   0.0   0.0   0.0   0.0   0.0   0.0   0.0   0.0   0.2   0.2   0.0   0.0   0.0   
369   V     0.0   0.0   0.0   0.0   0.0   0.0   0.0   0.0   0.0   0.36  0.0   0.0   0.2   0.0   0.0   0.0   0.0   0.0   0.0   0.44  
370   I     0.0   0.0   0.0   0.0   0.0   0.0   0.0   0.0   0.0   0.63  0.0   0.0   0.0   0.0   0.0   0.2   0.0   0.0   0.0   0.17  
371   T     0.0   0.0   0.0   0.0   0.0   0.0   0.0   0.0   0.0   0.0   0.2   0.0   0.17  0.2   0.0   0.0   0.43  0.0   0.0   0.0   
372   T     0.0   0.0   0.0   0.0   0.0   0.0   0.0   0.0   0.0   0.2   0.0   0.0   0.0   0.0   0.0   0.0   0.8   0.0   0.0   0.0   
373   A     0.47  0.0   0.0   0.0   0.0   0.0   0.0   0.0   0.16  0.0   0.0   0.0   0.2   0.0   0.0   0.17  0.0   0.0   0.0   0.0   
374   D     0.0   0.0   0.0   1.0   0.0   0.0   0.0   0.0   0.0   0.0   0.0   0.0   0.0   0.0   0.0   0.0   0.0   0.0   0.0   0.0   
375   M     0.0   0.0   0.0   0.0   0.0   0.0   0.0   0.0   0.0   0.0   0.0   0.0   1.0   0.0   0.0   0.0   0.0   0.0   0.0   0.0   
376   G     0.0   0.0   0.0   0.0   0.0   0.0   0.0   1.0   0.0   0.0   0.0   0.0   0.0   0.0   0.0   0.0   0.0   0.0   0.0   0.0   
