             A     R     N     D     C     Q     E     G     H     I     L     K     M     F     P     S     T     W     Y     V
1     G     0.0   0.0   0.0   0.0   0.0   0.0   0.0   1.0   0.0   0.0   0.0   0.0   0.0   0.0   0.0   0.0   0.0   0.0   0.0   0.0   
2     K     0.04  0.03  0.13  0.14  0.0   0.05  0.15  0.0   0.04  0.0   0.0   0.12  0.0   0.07  0.0   0.14  0.08  0.0   0.01  0.0   
3     F     0.0   0.0   0.0   0.0   0.0   0.0   0.0   0.0   0.0   0.06  0.05  0.0   0.02  0.83  0.0   0.0   0.0   0.0   0.03  0.01  
4     A     0.04  0.02  0.04  0.0   0.01  0.01  0.02  0.07  0.03  0.04  0.06  0.03  0.03  0.14  0.0   0.1   0.17  0.0   0.06  0.12  
5     I     0.0   0.01  0.0   0.0   0.01  0.0   0.0   0.02  0.0   0.19  0.36  0.0   0.01  0.1   0.0   0.01  0.01  0.0   0.17  0.11  
6     R     0.0   0.17  0.04  0.23  0.0   0.05  0.04  0.03  0.03  0.0   0.08  0.18  0.0   0.0   0.03  0.02  0.07  0.0   0.0   0.01  
7     P     0.03  0.0   0.0   0.04  0.0   0.02  0.05  0.13  0.01  0.02  0.01  0.02  0.01  0.0   0.59  0.01  0.02  0.0   0.0   0.02  
8     D     0.05  0.02  0.14  0.1   0.0   0.07  0.04  0.08  0.03  0.06  0.05  0.07  0.01  0.06  0.07  0.06  0.02  0.0   0.04  0.04  
9     K     0.04  0.03  0.03  0.17  0.02  0.06  0.04  0.17  0.02  0.01  0.02  0.08  0.04  0.02  0.13  0.03  0.04  0.0   0.03  0.02  
10    K     0.06  0.08  0.04  0.07  0.0   0.01  0.04  0.04  0.01  0.03  0.04  0.23  0.0   0.03  0.08  0.06  0.13  0.0   0.02  0.01  
11    S     0.1   0.02  0.05  0.08  0.0   0.02  0.04  0.07  0.02  0.04  0.04  0.01  0.0   0.04  0.09  0.12  0.05  0.03  0.09  0.09  
12    S     0.09  0.03  0.07  0.01  0.0   0.03  0.09  0.04  0.02  0.02  0.08  0.07  0.01  0.07  0.16  0.1   0.06  0.02  0.02  0.02  
13    P     0.04  0.01  0.02  0.01  0.03  0.01  0.03  0.05  0.01  0.01  0.1   0.03  0.01  0.11  0.26  0.08  0.07  0.06  0.03  0.03  
14    V     0.06  0.04  0.03  0.05  0.01  0.04  0.13  0.03  0.01  0.05  0.17  0.05  0.03  0.05  0.04  0.05  0.03  0.0   0.02  0.11  
15    I     0.09  0.03  0.02  0.04  0.02  0.02  0.06  0.03  0.02  0.14  0.12  0.08  0.01  0.03  0.09  0.02  0.03  0.0   0.02  0.13  
16    K     0.05  0.12  0.07  0.08  0.01  0.07  0.15  0.03  0.01  0.04  0.05  0.12  0.01  0.01  0.06  0.05  0.03  0.0   0.01  0.03  
17    T     0.05  0.08  0.05  0.06  0.0   0.04  0.08  0.05  0.07  0.02  0.04  0.1   0.01  0.05  0.03  0.13  0.08  0.0   0.01  0.03  
18    V     0.18  0.02  0.04  0.04  0.05  0.01  0.06  0.13  0.05  0.01  0.03  0.02  0.01  0.04  0.02  0.06  0.05  0.01  0.04  0.15  
19    K     0.03  0.23  0.03  0.04  0.0   0.03  0.11  0.06  0.01  0.01  0.02  0.21  0.02  0.01  0.03  0.04  0.12  0.0   0.01  0.01  
20    S     0.01  0.09  0.05  0.06  0.0   0.01  0.03  0.04  0.11  0.02  0.01  0.12  0.0   0.0   0.21  0.09  0.1   0.0   0.01  0.01  
21    V     0.07  0.01  0.0   0.0   0.01  0.0   0.0   0.0   0.01  0.2   0.29  0.0   0.07  0.07  0.01  0.02  0.01  0.0   0.03  0.18  
22    G     0.11  0.0   0.01  0.0   0.01  0.0   0.01  0.08  0.0   0.22  0.23  0.01  0.0   0.03  0.0   0.01  0.02  0.03  0.01  0.2   
23    M     0.02  0.0   0.0   0.0   0.04  0.0   0.0   0.0   0.0   0.05  0.39  0.0   0.34  0.12  0.0   0.0   0.0   0.0   0.0   0.02  
24    I     0.01  0.0   0.0   0.0   0.01  0.0   0.0   0.0   0.0   0.46  0.16  0.0   0.01  0.05  0.0   0.03  0.0   0.0   0.0   0.26  
25    A     0.51  0.0   0.0   0.0   0.04  0.02  0.0   0.28  0.0   0.02  0.0   0.0   0.0   0.0   0.0   0.1   0.01  0.0   0.0   0.01  
26    G     0.15  0.0   0.0   0.0   0.0   0.0   0.0   0.61  0.0   0.0   0.0   0.0   0.01  0.0   0.1   0.01  0.1   0.0   0.0   0.0   
27    G     0.0   0.0   0.0   0.0   0.0   0.0   0.0   0.95  0.0   0.0   0.0   0.0   0.0   0.0   0.0   0.0   0.0   0.0   0.0   0.0   
28    T     0.07  0.02  0.0   0.0   0.01  0.0   0.0   0.0   0.0   0.18  0.02  0.0   0.0   0.0   0.01  0.1   0.45  0.0   0.0   0.13  
29    G     0.02  0.0   0.0   0.0   0.0   0.0   0.0   0.96  0.0   0.0   0.0   0.0   0.0   0.0   0.0   0.0   0.0   0.0   0.0   0.0   
30    I     0.03  0.0   0.0   0.0   0.01  0.03  0.0   0.0   0.0   0.46  0.14  0.0   0.05  0.05  0.0   0.02  0.03  0.0   0.0   0.17  
31    T     0.42  0.0   0.02  0.0   0.0   0.0   0.0   0.03  0.0   0.0   0.0   0.0   0.0   0.0   0.08  0.08  0.35  0.0   0.0   0.0   
32    P     0.01  0.0   0.0   0.0   0.0   0.0   0.0   0.01  0.0   0.0   0.0   0.0   0.0   0.02  0.87  0.02  0.01  0.0   0.04  0.0   
33    M     0.02  0.0   0.0   0.02  0.0   0.0   0.0   0.03  0.0   0.13  0.19  0.0   0.24  0.21  0.01  0.0   0.02  0.0   0.05  0.06  
34    L     0.02  0.25  0.01  0.02  0.01  0.02  0.0   0.01  0.0   0.05  0.23  0.03  0.05  0.03  0.0   0.01  0.02  0.02  0.16  0.07  
35    Q     0.11  0.01  0.0   0.02  0.02  0.16  0.05  0.1   0.0   0.0   0.0   0.01  0.0   0.0   0.07  0.4   0.02  0.0   0.02  0.0   
36    V     0.01  0.01  0.0   0.0   0.0   0.01  0.0   0.0   0.06  0.19  0.18  0.0   0.2   0.15  0.0   0.01  0.02  0.0   0.04  0.11  
37    I     0.13  0.01  0.0   0.01  0.01  0.0   0.02  0.02  0.0   0.21  0.38  0.0   0.06  0.01  0.0   0.02  0.0   0.03  0.01  0.07  
38    R     0.03  0.23  0.04  0.05  0.0   0.23  0.08  0.01  0.04  0.01  0.05  0.13  0.0   0.04  0.0   0.01  0.01  0.03  0.01  0.0   
39    A     0.17  0.08  0.02  0.09  0.01  0.08  0.13  0.01  0.09  0.0   0.01  0.05  0.0   0.01  0.0   0.12  0.05  0.01  0.05  0.01  
40    I     0.12  0.04  0.0   0.0   0.02  0.05  0.0   0.01  0.0   0.2   0.31  0.01  0.06  0.04  0.0   0.03  0.01  0.01  0.01  0.07  
41    M     0.16  0.05  0.01  0.01  0.01  0.02  0.04  0.03  0.0   0.08  0.28  0.03  0.04  0.07  0.0   0.03  0.07  0.0   0.01  0.06  
42    K     0.09  0.1   0.03  0.05  0.0   0.07  0.16  0.01  0.04  0.0   0.03  0.27  0.01  0.02  0.01  0.06  0.03  0.0   0.0   0.01  
43    D     0.05  0.1   0.2   0.17  0.02  0.13  0.11  0.01  0.02  0.0   0.03  0.07  0.01  0.01  0.0   0.04  0.02  0.0   0.01  0.01  
44    P     0.03  0.02  0.02  0.02  0.01  0.05  0.04  0.31  0.02  0.03  0.09  0.05  0.02  0.01  0.18  0.05  0.02  0.0   0.01  0.01  
45    D     0.06  0.03  0.14  0.07  0.0   0.05  0.14  0.08  0.07  0.02  0.02  0.08  0.02  0.02  0.03  0.07  0.04  0.01  0.01  0.04  
46    D     0.06  0.06  0.04  0.27  0.01  0.06  0.07  0.02  0.02  0.01  0.02  0.11  0.0   0.01  0.04  0.11  0.03  0.0   0.02  0.03  
47    H     0.02  0.08  0.04  0.07  0.0   0.06  0.06  0.04  0.04  0.04  0.06  0.17  0.01  0.04  0.07  0.03  0.08  0.0   0.03  0.05  
48    T     0.06  0.18  0.03  0.02  0.01  0.01  0.02  0.15  0.0   0.01  0.01  0.03  0.0   0.02  0.07  0.07  0.23  0.01  0.03  0.03  
49    V     0.01  0.04  0.05  0.07  0.0   0.07  0.15  0.02  0.02  0.02  0.01  0.26  0.0   0.03  0.09  0.03  0.05  0.0   0.01  0.05  
50    C     0.05  0.0   0.02  0.01  0.03  0.0   0.0   0.01  0.0   0.23  0.06  0.01  0.13  0.05  0.0   0.01  0.03  0.01  0.0   0.34  
51    H     0.02  0.08  0.05  0.04  0.0   0.01  0.03  0.0   0.14  0.04  0.06  0.05  0.0   0.03  0.0   0.07  0.17  0.07  0.08  0.06  
52    L     0.01  0.0   0.0   0.0   0.0   0.0   0.0   0.0   0.0   0.06  0.63  0.0   0.01  0.12  0.0   0.01  0.02  0.04  0.01  0.07  
53    L     0.01  0.0   0.0   0.0   0.01  0.0   0.0   0.01  0.03  0.18  0.1   0.0   0.02  0.17  0.0   0.0   0.01  0.06  0.17  0.21  
54    F     0.02  0.0   0.03  0.01  0.01  0.02  0.0   0.02  0.11  0.0   0.09  0.0   0.01  0.22  0.0   0.0   0.0   0.06  0.38  0.01  
55    A     0.23  0.01  0.01  0.0   0.06  0.0   0.0   0.59  0.0   0.0   0.01  0.0   0.0   0.03  0.0   0.05  0.01  0.0   0.0   0.0   
56    N     0.28  0.02  0.23  0.0   0.09  0.0   0.01  0.03  0.01  0.01  0.0   0.0   0.01  0.09  0.0   0.05  0.03  0.0   0.01  0.15  
57    Q     0.03  0.53  0.03  0.0   0.0   0.07  0.06  0.01  0.01  0.01  0.01  0.13  0.0   0.0   0.04  0.0   0.02  0.0   0.01  0.04  
58    T     0.01  0.03  0.19  0.05  0.01  0.03  0.02  0.02  0.05  0.0   0.01  0.03  0.0   0.01  0.01  0.2   0.27  0.0   0.06  0.01  
59    E     0.08  0.04  0.01  0.06  0.01  0.03  0.23  0.05  0.01  0.01  0.06  0.08  0.0   0.03  0.08  0.1   0.06  0.0   0.02  0.02  
60    K     0.07  0.09  0.04  0.19  0.02  0.06  0.22  0.03  0.04  0.0   0.0   0.13  0.0   0.0   0.02  0.06  0.02  0.0   0.01  0.01  
61    D     0.03  0.01  0.03  0.46  0.01  0.02  0.15  0.02  0.04  0.0   0.02  0.0   0.01  0.01  0.01  0.07  0.04  0.0   0.01  0.06  
62    I     0.04  0.02  0.02  0.02  0.01  0.02  0.0   0.01  0.08  0.23  0.26  0.01  0.07  0.05  0.01  0.02  0.01  0.0   0.03  0.09  
63    L     0.15  0.0   0.01  0.0   0.01  0.0   0.0   0.03  0.0   0.1   0.39  0.0   0.01  0.12  0.03  0.02  0.02  0.0   0.08  0.03  
64    L     0.02  0.01  0.01  0.02  0.01  0.0   0.02  0.01  0.01  0.01  0.21  0.0   0.05  0.21  0.0   0.0   0.0   0.03  0.35  0.01  
65    R     0.05  0.19  0.0   0.04  0.01  0.11  0.09  0.02  0.01  0.01  0.11  0.23  0.02  0.01  0.01  0.01  0.02  0.0   0.02  0.05  
66    P     0.05  0.01  0.02  0.25  0.01  0.06  0.36  0.02  0.01  0.0   0.01  0.09  0.0   0.0   0.04  0.05  0.02  0.01  0.0   0.01  
67    E     0.02  0.08  0.02  0.07  0.0   0.04  0.56  0.0   0.02  0.0   0.05  0.05  0.01  0.02  0.01  0.0   0.01  0.02  0.0   0.0   
68    L     0.0   0.0   0.0   0.0   0.01  0.0   0.01  0.0   0.01  0.11  0.44  0.02  0.06  0.2   0.0   0.0   0.01  0.04  0.03  0.06  
69    E     0.1   0.04  0.03  0.21  0.0   0.08  0.26  0.0   0.01  0.01  0.04  0.09  0.0   0.0   0.02  0.04  0.05  0.0   0.0   0.01  
70    E     0.18  0.05  0.03  0.06  0.0   0.11  0.24  0.04  0.03  0.0   0.02  0.1   0.01  0.0   0.0   0.05  0.05  0.0   0.01  0.01  
71    L     0.04  0.01  0.0   0.0   0.0   0.03  0.02  0.01  0.01  0.09  0.42  0.0   0.06  0.07  0.0   0.01  0.01  0.08  0.1   0.03  
72    R     0.3   0.03  0.0   0.01  0.01  0.08  0.12  0.1   0.01  0.03  0.05  0.05  0.0   0.0   0.0   0.04  0.02  0.03  0.01  0.09  
73    N     0.2   0.07  0.06  0.08  0.0   0.07  0.1   0.02  0.02  0.02  0.05  0.16  0.0   0.02  0.0   0.04  0.04  0.0   0.0   0.03  
74    E     0.05  0.06  0.03  0.06  0.0   0.06  0.19  0.01  0.01  0.02  0.04  0.21  0.01  0.02  0.02  0.06  0.09  0.0   0.0   0.03  
75    H     0.05  0.05  0.06  0.03  0.01  0.02  0.02  0.11  0.15  0.02  0.06  0.03  0.01  0.08  0.01  0.02  0.01  0.03  0.22  0.01  
76    S     0.06  0.02  0.1   0.05  0.01  0.02  0.06  0.05  0.01  0.07  0.03  0.06  0.01  0.01  0.31  0.04  0.03  0.0   0.01  0.06  
77    A     0.07  0.04  0.05  0.17  0.01  0.05  0.11  0.13  0.01  0.01  0.06  0.07  0.01  0.01  0.03  0.05  0.04  0.01  0.01  0.06  
78    R     0.02  0.18  0.24  0.02  0.0   0.12  0.02  0.01  0.06  0.01  0.03  0.11  0.01  0.03  0.01  0.03  0.07  0.0   0.01  0.02  
79    F     0.03  0.01  0.01  0.01  0.02  0.01  0.02  0.01  0.0   0.06  0.23  0.01  0.01  0.3   0.01  0.02  0.04  0.0   0.0   0.19  
80    K     0.02  0.19  0.06  0.05  0.0   0.04  0.07  0.01  0.05  0.01  0.01  0.25  0.0   0.04  0.01  0.06  0.07  0.0   0.03  0.01  
81    L     0.05  0.03  0.0   0.0   0.03  0.01  0.01  0.03  0.01  0.16  0.14  0.02  0.01  0.05  0.0   0.01  0.02  0.02  0.08  0.31  
82    W     0.06  0.02  0.02  0.04  0.0   0.04  0.03  0.01  0.17  0.08  0.04  0.04  0.0   0.07  0.0   0.08  0.07  0.1   0.03  0.09  
83    Y     0.03  0.01  0.02  0.0   0.02  0.01  0.01  0.01  0.08  0.01  0.09  0.01  0.0   0.11  0.08  0.02  0.1   0.0   0.31  0.07  
84    T     0.18  0.02  0.01  0.02  0.05  0.01  0.02  0.02  0.03  0.04  0.03  0.01  0.01  0.05  0.01  0.09  0.07  0.02  0.03  0.31  
85    V     0.04  0.05  0.01  0.03  0.01  0.05  0.02  0.01  0.01  0.06  0.29  0.01  0.01  0.08  0.01  0.01  0.05  0.0   0.05  0.21  
86    D     0.04  0.01  0.06  0.21  0.0   0.02  0.12  0.02  0.02  0.02  0.02  0.01  0.0   0.0   0.0   0.34  0.07  0.01  0.02  0.01  
87    R     0.05  0.22  0.07  0.05  0.0   0.12  0.09  0.02  0.03  0.01  0.01  0.1   0.0   0.0   0.02  0.09  0.06  0.0   0.01  0.03  
88    A     0.11  0.03  0.01  0.07  0.0   0.03  0.12  0.05  0.01  0.02  0.05  0.02  0.01  0.0   0.28  0.07  0.07  0.0   0.0   0.04  
89    P     0.06  0.03  0.03  0.14  0.0   0.06  0.11  0.04  0.0   0.01  0.02  0.04  0.0   0.0   0.21  0.14  0.08  0.0   0.01  0.02  
90    E     0.08  0.01  0.04  0.21  0.01  0.04  0.22  0.06  0.0   0.01  0.01  0.08  0.01  0.01  0.06  0.07  0.06  0.0   0.02  0.02  
91    A     0.07  0.02  0.15  0.11  0.01  0.06  0.09  0.29  0.01  0.01  0.02  0.04  0.0   0.0   0.03  0.05  0.02  0.0   0.0   0.02  
92    W     0.04  0.01  0.01  0.03  0.02  0.03  0.04  0.02  0.01  0.04  0.02  0.1   0.0   0.03  0.05  0.12  0.03  0.33  0.04  0.02  
93    D     0.06  0.03  0.07  0.11  0.01  0.05  0.09  0.02  0.04  0.03  0.02  0.18  0.01  0.02  0.03  0.06  0.1   0.0   0.02  0.04  
94    Y     0.04  0.01  0.0   0.01  0.0   0.02  0.02  0.46  0.01  0.02  0.07  0.02  0.0   0.03  0.01  0.03  0.02  0.0   0.16  0.05  
95    S     0.06  0.07  0.03  0.03  0.01  0.05  0.07  0.11  0.03  0.03  0.07  0.09  0.01  0.03  0.02  0.08  0.07  0.01  0.06  0.07  
96    Q     0.04  0.06  0.01  0.04  0.01  0.14  0.06  0.01  0.02  0.02  0.01  0.23  0.0   0.0   0.02  0.05  0.13  0.0   0.01  0.13  
97    G     0.02  0.01  0.02  0.04  0.0   0.02  0.02  0.67  0.02  0.01  0.01  0.02  0.05  0.01  0.02  0.02  0.01  0.0   0.0   0.05  
98    F     0.02  0.17  0.02  0.01  0.0   0.02  0.01  0.01  0.04  0.01  0.08  0.02  0.02  0.33  0.01  0.01  0.03  0.01  0.18  0.02  
99    V     0.01  0.0   0.0   0.02  0.0   0.0   0.01  0.01  0.01  0.32  0.09  0.01  0.02  0.01  0.05  0.01  0.01  0.0   0.01  0.4   
100   N     0.03  0.02  0.06  0.1   0.01  0.09  0.03  0.03  0.1   0.02  0.05  0.01  0.01  0.01  0.02  0.09  0.3   0.0   0.01  0.02  
101   E     0.08  0.04  0.03  0.14  0.0   0.15  0.23  0.03  0.01  0.01  0.06  0.09  0.0   0.01  0.04  0.01  0.03  0.0   0.01  0.02  
102   E     0.13  0.03  0.05  0.21  0.01  0.02  0.19  0.03  0.04  0.01  0.04  0.04  0.01  0.02  0.01  0.03  0.02  0.0   0.01  0.1   
103   M     0.05  0.04  0.02  0.02  0.0   0.04  0.05  0.01  0.0   0.16  0.22  0.02  0.09  0.05  0.01  0.02  0.0   0.02  0.07  0.12  
104   I     0.04  0.01  0.01  0.04  0.0   0.0   0.04  0.03  0.0   0.16  0.39  0.02  0.09  0.01  0.0   0.03  0.02  0.0   0.01  0.09  
105   R     0.08  0.16  0.02  0.06  0.0   0.1   0.14  0.01  0.0   0.01  0.01  0.21  0.0   0.01  0.02  0.07  0.05  0.04  0.01  0.0   
106   D     0.04  0.05  0.06  0.21  0.0   0.04  0.29  0.04  0.01  0.01  0.02  0.08  0.01  0.0   0.0   0.05  0.06  0.0   0.01  0.01  
107   H     0.05  0.03  0.05  0.03  0.0   0.06  0.03  0.03  0.19  0.07  0.16  0.05  0.01  0.07  0.01  0.02  0.0   0.02  0.05  0.06  
108   L     0.06  0.01  0.01  0.01  0.01  0.01  0.01  0.01  0.0   0.14  0.42  0.01  0.03  0.06  0.02  0.03  0.04  0.01  0.0   0.11  
109   P     0.12  0.03  0.05  0.07  0.0   0.04  0.09  0.05  0.0   0.04  0.06  0.06  0.0   0.02  0.24  0.06  0.03  0.01  0.01  0.02  
110   P     0.11  0.05  0.06  0.04  0.02  0.04  0.12  0.07  0.0   0.03  0.12  0.06  0.02  0.04  0.06  0.05  0.04  0.01  0.01  0.03  
111   P     0.06  0.03  0.04  0.07  0.02  0.04  0.04  0.08  0.05  0.03  0.06  0.02  0.0   0.03  0.2   0.07  0.04  0.02  0.01  0.06  
112   E     0.09  0.04  0.02  0.13  0.01  0.02  0.17  0.05  0.01  0.03  0.09  0.1   0.01  0.01  0.05  0.1   0.02  0.0   0.02  0.01  
113   E     0.1   0.05  0.04  0.1   0.0   0.06  0.27  0.07  0.01  0.01  0.02  0.06  0.0   0.01  0.05  0.09  0.02  0.0   0.01  0.03  
114   E     0.02  0.03  0.12  0.28  0.0   0.02  0.09  0.17  0.01  0.0   0.01  0.07  0.0   0.04  0.02  0.04  0.04  0.0   0.04  0.0   
115   P     0.16  0.03  0.03  0.1   0.05  0.02  0.02  0.08  0.02  0.02  0.02  0.0   0.03  0.03  0.04  0.07  0.17  0.02  0.05  0.06  
116   L     0.03  0.05  0.02  0.08  0.01  0.06  0.07  0.02  0.22  0.05  0.13  0.09  0.02  0.03  0.0   0.01  0.02  0.01  0.04  0.05  
117   V     0.12  0.0   0.0   0.0   0.03  0.0   0.0   0.0   0.0   0.24  0.11  0.0   0.02  0.11  0.0   0.0   0.02  0.0   0.06  0.28  
118   L     0.02  0.0   0.0   0.0   0.02  0.0   0.0   0.0   0.01  0.02  0.16  0.0   0.04  0.08  0.01  0.0   0.0   0.01  0.6   0.02  
119   M     0.09  0.0   0.0   0.0   0.04  0.0   0.0   0.0   0.0   0.14  0.18  0.0   0.08  0.08  0.0   0.04  0.03  0.0   0.0   0.32  
120   C     0.03  0.01  0.0   0.0   0.91  0.0   0.0   0.0   0.0   0.01  0.02  0.0   0.0   0.0   0.0   0.0   0.0   0.0   0.0   0.02  
121   G     0.01  0.0   0.0   0.0   0.0   0.0   0.0   0.99  0.0   0.0   0.0   0.0   0.0   0.0   0.0   0.0   0.0   0.0   0.0   0.0   
122   P     0.04  0.02  0.06  0.04  0.0   0.0   0.0   0.01  0.0   0.0   0.05  0.0   0.0   0.0   0.71  0.07  0.01  0.0   0.0   0.0   
123   P     0.06  0.04  0.01  0.01  0.0   0.02  0.1   0.02  0.0   0.01  0.04  0.1   0.0   0.03  0.39  0.01  0.05  0.0   0.01  0.11  
124   P     0.14  0.02  0.03  0.01  0.0   0.02  0.03  0.22  0.0   0.05  0.01  0.03  0.01  0.01  0.34  0.04  0.02  0.0   0.0   0.03  
125   M     0.0   0.0   0.0   0.01  0.0   0.01  0.0   0.0   0.0   0.0   0.06  0.01  0.67  0.21  0.0   0.0   0.0   0.0   0.02  0.01  
126   I     0.05  0.0   0.02  0.0   0.0   0.0   0.03  0.01  0.02  0.16  0.14  0.0   0.29  0.0   0.0   0.01  0.04  0.0   0.04  0.19  
127   Q     0.03  0.07  0.08  0.13  0.0   0.19  0.16  0.03  0.0   0.0   0.01  0.2   0.0   0.0   0.01  0.06  0.02  0.0   0.01  0.0   
128   Y     0.27  0.01  0.03  0.07  0.01  0.03  0.04  0.07  0.05  0.02  0.02  0.05  0.01  0.1   0.01  0.07  0.07  0.01  0.04  0.02  
129   A     0.37  0.01  0.0   0.02  0.01  0.03  0.05  0.04  0.0   0.05  0.03  0.0   0.02  0.03  0.01  0.07  0.06  0.0   0.01  0.19  
130   C     0.11  0.04  0.0   0.02  0.05  0.02  0.01  0.01  0.0   0.11  0.11  0.01  0.07  0.02  0.0   0.05  0.03  0.0   0.0   0.32  
131   L     0.06  0.15  0.05  0.03  0.01  0.07  0.11  0.04  0.05  0.05  0.07  0.18  0.02  0.01  0.0   0.04  0.04  0.0   0.0   0.01  
132   P     0.05  0.08  0.02  0.06  0.02  0.08  0.06  0.11  0.0   0.01  0.04  0.2   0.01  0.01  0.11  0.03  0.09  0.01  0.0   0.01  
133   N     0.15  0.0   0.07  0.02  0.01  0.07  0.03  0.02  0.04  0.08  0.19  0.03  0.05  0.06  0.0   0.04  0.01  0.01  0.03  0.09  
134   L     0.09  0.02  0.0   0.0   0.02  0.01  0.0   0.01  0.0   0.03  0.68  0.01  0.02  0.01  0.01  0.0   0.04  0.0   0.01  0.04  
135   E     0.08  0.03  0.01  0.08  0.01  0.06  0.28  0.02  0.03  0.03  0.03  0.18  0.01  0.0   0.0   0.04  0.03  0.0   0.0   0.08  
136   R     0.13  0.06  0.06  0.13  0.01  0.08  0.14  0.04  0.01  0.01  0.0   0.18  0.01  0.0   0.0   0.09  0.03  0.0   0.0   0.01  
137   V     0.04  0.06  0.04  0.0   0.01  0.04  0.02  0.01  0.01  0.04  0.42  0.04  0.14  0.01  0.0   0.01  0.01  0.02  0.03  0.04  
138   G     0.02  0.0   0.09  0.03  0.0   0.01  0.02  0.68  0.03  0.0   0.02  0.04  0.0   0.0   0.0   0.04  0.0   0.01  0.01  0.0   
139   H     0.04  0.0   0.0   0.0   0.0   0.0   0.03  0.01  0.02  0.09  0.09  0.02  0.02  0.12  0.0   0.01  0.01  0.05  0.21  0.28  
140   P     0.05  0.03  0.03  0.1   0.0   0.03  0.14  0.0   0.01  0.0   0.0   0.09  0.01  0.0   0.22  0.18  0.09  0.0   0.0   0.01  
141   K     0.04  0.1   0.02  0.11  0.0   0.04  0.18  0.02  0.01  0.0   0.03  0.27  0.01  0.01  0.09  0.03  0.01  0.03  0.0   0.0   
142   E     0.06  0.0   0.04  0.3   0.0   0.04  0.41  0.01  0.02  0.0   0.0   0.03  0.0   0.0   0.0   0.05  0.03  0.0   0.0   0.01  
143   R     0.01  0.16  0.13  0.05  0.0   0.35  0.05  0.0   0.05  0.0   0.01  0.07  0.04  0.01  0.0   0.08  0.01  0.0   0.0   0.0   
144   C     0.01  0.02  0.0   0.0   0.03  0.0   0.0   0.0   0.0   0.41  0.11  0.0   0.02  0.02  0.0   0.01  0.01  0.0   0.04  0.3   
145   F     0.0   0.0   0.0   0.0   0.0   0.0   0.0   0.0   0.31  0.01  0.15  0.02  0.0   0.39  0.01  0.0   0.01  0.01  0.08  0.02  
146   A     0.18  0.03  0.0   0.0   0.03  0.01  0.03  0.02  0.01  0.05  0.06  0.19  0.0   0.02  0.0   0.03  0.07  0.0   0.01  0.27  
147   F     0.0   0.0   0.0   0.0   0.0   0.0   0.0   0.0   0.0   0.0   0.0   0.0   0.0   0.94  0.0   0.0   0.0   0.0   0.06  0.0   
