             A     R     N     D     C     Q     E     G     H     I     L     K     M     F     P     S     T     W     Y     V
1     E     0.0   0.0   0.0   0.0   0.0   0.45  0.55  0.0   0.0   0.0   0.0   0.0   0.0   0.0   0.0   0.0   0.0   0.0   0.0   0.0   
2     R     0.24  0.23  0.0   0.0   0.0   0.0   0.21  0.0   0.0   0.0   0.0   0.32  0.0   0.0   0.0   0.0   0.0   0.0   0.0   0.0   
3     M     0.0   0.21  0.07  0.0   0.0   0.0   0.0   0.0   0.0   0.0   0.0   0.22  0.51  0.0   0.0   0.0   0.0   0.0   0.0   0.0   
4     D     0.05  0.0   0.17  0.3   0.0   0.0   0.04  0.0   0.0   0.0   0.0   0.11  0.0   0.0   0.09  0.13  0.1   0.0   0.0   0.0   
5     C     0.0   0.0   0.0   0.0   0.59  0.0   0.0   0.0   0.0   0.0   0.03  0.0   0.0   0.0   0.0   0.06  0.31  0.0   0.0   0.0   
6     I     0.0   0.0   0.0   0.0   0.0   0.0   0.0   0.0   0.0   0.63  0.04  0.0   0.0   0.0   0.12  0.0   0.0   0.0   0.0   0.21  
7     F     0.0   0.0   0.0   0.0   0.0   0.0   0.0   0.0   0.0   0.06  0.0   0.0   0.0   0.94  0.0   0.0   0.0   0.0   0.0   0.0   
8     C     0.06  0.0   0.0   0.01  0.47  0.04  0.05  0.06  0.0   0.0   0.03  0.04  0.0   0.0   0.0   0.14  0.1   0.0   0.0   0.0   
9     K     0.03  0.16  0.04  0.02  0.0   0.02  0.12  0.02  0.0   0.0   0.0   0.57  0.0   0.0   0.0   0.0   0.02  0.0   0.0   0.0   
10    I     0.0   0.0   0.0   0.0   0.0   0.0   0.0   0.0   0.0   0.82  0.0   0.0   0.0   0.09  0.0   0.0   0.0   0.0   0.0   0.08  
11    A     0.22  0.0   0.0   0.0   0.0   0.0   0.0   0.0   0.0   0.47  0.12  0.0   0.0   0.0   0.06  0.0   0.0   0.0   0.0   0.12  
12    N     0.1   0.17  0.11  0.04  0.0   0.1   0.11  0.01  0.0   0.0   0.0   0.13  0.0   0.0   0.0   0.15  0.02  0.0   0.0   0.05  
13    G     0.0   0.17  0.02  0.0   0.0   0.0   0.0   0.35  0.02  0.0   0.0   0.16  0.12  0.03  0.0   0.1   0.03  0.0   0.0   0.0   
14    E     0.04  0.02  0.07  0.1   0.0   0.14  0.49  0.0   0.0   0.02  0.02  0.03  0.0   0.0   0.02  0.04  0.0   0.0   0.0   0.0   
15    I     0.03  0.0   0.0   0.21  0.0   0.0   0.08  0.05  0.0   0.37  0.11  0.0   0.0   0.0   0.0   0.04  0.04  0.0   0.0   0.05  
16    P     0.0   0.02  0.0   0.02  0.0   0.0   0.1   0.02  0.02  0.0   0.0   0.02  0.0   0.0   0.73  0.02  0.04  0.0   0.0   0.0   
17    S     0.22  0.02  0.0   0.0   0.11  0.0   0.12  0.11  0.0   0.0   0.0   0.06  0.0   0.0   0.0   0.27  0.06  0.0   0.02  0.0   
18    T     0.03  0.15  0.04  0.07  0.0   0.05  0.08  0.0   0.01  0.02  0.06  0.1   0.07  0.03  0.0   0.02  0.15  0.0   0.04  0.07  
19    K     0.0   0.02  0.0   0.0   0.0   0.08  0.06  0.0   0.0   0.28  0.05  0.25  0.0   0.04  0.0   0.0   0.05  0.0   0.0   0.18  
20    V     0.0   0.0   0.0   0.0   0.0   0.0   0.0   0.0   0.0   0.16  0.18  0.0   0.0   0.15  0.0   0.0   0.0   0.0   0.0   0.5   
21    Y     0.05  0.0   0.0   0.0   0.0   0.0   0.0   0.03  0.03  0.04  0.11  0.02  0.0   0.1   0.0   0.0   0.0   0.0   0.57  0.06  
22    E     0.02  0.04  0.0   0.02  0.0   0.06  0.62  0.0   0.0   0.0   0.0   0.12  0.0   0.0   0.0   0.06  0.03  0.0   0.02  0.0   
23    D     0.0   0.0   0.12  0.56  0.0   0.0   0.0   0.03  0.0   0.0   0.0   0.0   0.0   0.0   0.0   0.06  0.23  0.0   0.0   0.0   
24    D     0.02  0.0   0.0   0.32  0.0   0.02  0.43  0.03  0.0   0.0   0.0   0.14  0.0   0.0   0.03  0.0   0.0   0.0   0.0   0.0   
25    R     0.0   0.05  0.05  0.11  0.0   0.09  0.05  0.02  0.21  0.03  0.18  0.14  0.02  0.0   0.0   0.01  0.0   0.0   0.05  0.0   
26    V     0.07  0.0   0.0   0.0   0.11  0.0   0.0   0.0   0.0   0.11  0.05  0.0   0.02  0.09  0.0   0.13  0.04  0.06  0.02  0.3   
27    L     0.02  0.0   0.0   0.0   0.0   0.0   0.0   0.0   0.0   0.13  0.33  0.0   0.0   0.11  0.0   0.0   0.06  0.0   0.08  0.28  
28    A     0.7   0.0   0.0   0.0   0.1   0.0   0.0   0.0   0.0   0.0   0.0   0.0   0.0   0.0   0.0   0.02  0.0   0.0   0.0   0.18  
29    F     0.0   0.0   0.0   0.0   0.0   0.0   0.0   0.0   0.0   0.22  0.11  0.0   0.02  0.58  0.0   0.0   0.0   0.0   0.0   0.07  
30    N     0.02  0.09  0.03  0.0   0.0   0.01  0.04  0.0   0.07  0.0   0.27  0.23  0.0   0.0   0.0   0.0   0.03  0.0   0.02  0.2   
31    D     0.0   0.0   0.16  0.71  0.0   0.0   0.0   0.0   0.0   0.0   0.0   0.0   0.0   0.0   0.09  0.0   0.04  0.0   0.0   0.0   
32    L     0.03  0.04  0.0   0.0   0.0   0.02  0.0   0.0   0.0   0.43  0.14  0.18  0.0   0.03  0.0   0.0   0.02  0.0   0.06  0.05  
33    N     0.08  0.08  0.19  0.0   0.0   0.02  0.04  0.0   0.0   0.0   0.0   0.16  0.0   0.09  0.0   0.07  0.01  0.06  0.21  0.0   
34    P     0.11  0.0   0.0   0.0   0.03  0.02  0.0   0.0   0.0   0.0   0.0   0.0   0.0   0.0   0.84  0.0   0.0   0.0   0.0   0.0   
35    V     0.12  0.04  0.0   0.0   0.0   0.17  0.0   0.02  0.02  0.12  0.05  0.2   0.04  0.02  0.0   0.0   0.04  0.0   0.03  0.15  
36    A     0.55  0.0   0.04  0.0   0.0   0.0   0.0   0.01  0.0   0.0   0.05  0.0   0.0   0.03  0.0   0.04  0.14  0.06  0.0   0.08  
37    P     0.0   0.12  0.0   0.04  0.0   0.07  0.02  0.0   0.02  0.0   0.02  0.16  0.0   0.0   0.51  0.0   0.02  0.0   0.0   0.02  
38    Y     0.02  0.01  0.0   0.0   0.0   0.0   0.0   0.36  0.1   0.05  0.02  0.02  0.0   0.06  0.0   0.0   0.06  0.0   0.14  0.15  
39    H     0.0   0.0   0.0   0.0   0.0   0.0   0.09  0.0   0.91  0.0   0.0   0.0   0.0   0.0   0.0   0.0   0.0   0.0   0.0   0.0   
40    I     0.06  0.0   0.0   0.0   0.0   0.0   0.0   0.0   0.0   0.16  0.09  0.0   0.0   0.07  0.0   0.02  0.21  0.1   0.11  0.2   
41    L     0.0   0.0   0.0   0.0   0.0   0.0   0.0   0.0   0.03  0.03  0.91  0.0   0.03  0.0   0.0   0.0   0.0   0.0   0.0   0.0   
42    V     0.0   0.0   0.0   0.0   0.0   0.0   0.0   0.0   0.0   0.18  0.1   0.0   0.0   0.0   0.0   0.0   0.0   0.0   0.0   0.72  
43    V     0.0   0.0   0.0   0.0   0.06  0.0   0.0   0.0   0.0   0.45  0.22  0.0   0.0   0.0   0.0   0.04  0.0   0.0   0.03  0.21  
44    P     0.02  0.0   0.0   0.0   0.0   0.0   0.0   0.0   0.0   0.0   0.0   0.0   0.0   0.0   0.95  0.0   0.03  0.0   0.0   0.0   
45    K     0.0   0.11  0.06  0.0   0.02  0.02  0.0   0.0   0.0   0.0   0.04  0.64  0.0   0.0   0.0   0.0   0.0   0.08  0.03  0.0   
46    K     0.08  0.2   0.04  0.04  0.0   0.1   0.05  0.01  0.0   0.02  0.05  0.22  0.0   0.01  0.0   0.0   0.12  0.0   0.02  0.04  
47    H     0.05  0.05  0.0   0.02  0.0   0.0   0.07  0.01  0.41  0.01  0.04  0.0   0.0   0.03  0.07  0.14  0.02  0.0   0.03  0.05  
48    Y     0.05  0.0   0.0   0.0   0.0   0.0   0.0   0.02  0.0   0.43  0.06  0.0   0.0   0.03  0.0   0.04  0.05  0.0   0.09  0.25  
49    D     0.08  0.02  0.01  0.1   0.0   0.02  0.12  0.06  0.0   0.02  0.05  0.06  0.01  0.0   0.2   0.16  0.02  0.0   0.02  0.06  
50    S     0.0   0.22  0.12  0.08  0.0   0.05  0.03  0.07  0.02  0.0   0.0   0.06  0.01  0.0   0.0   0.22  0.12  0.0   0.0   0.0   
51    L     0.0   0.0   0.0   0.0   0.07  0.0   0.0   0.0   0.0   0.09  0.52  0.0   0.03  0.11  0.0   0.01  0.02  0.04  0.03  0.07  
52    I     0.03  0.03  0.11  0.04  0.03  0.08  0.08  0.0   0.04  0.01  0.08  0.17  0.0   0.05  0.0   0.11  0.13  0.0   0.02  0.0   
53    D     0.06  0.0   0.09  0.39  0.0   0.02  0.19  0.05  0.03  0.0   0.0   0.02  0.0   0.0   0.0   0.07  0.03  0.0   0.01  0.04  
54    I     0.11  0.0   0.0   0.0   0.0   0.0   0.0   0.0   0.0   0.17  0.41  0.0   0.05  0.06  0.0   0.0   0.07  0.0   0.0   0.14  
55    P     0.04  0.09  0.08  0.12  0.0   0.02  0.06  0.0   0.0   0.0   0.0   0.01  0.0   0.0   0.1   0.21  0.24  0.0   0.02  0.01  
56    D     0.07  0.04  0.0   0.31  0.03  0.03  0.11  0.02  0.0   0.0   0.0   0.16  0.0   0.0   0.19  0.03  0.02  0.0   0.0   0.0   
57    K     0.1   0.04  0.02  0.17  0.0   0.01  0.52  0.0   0.0   0.0   0.0   0.08  0.0   0.0   0.0   0.06  0.0   0.0   0.0   0.0   
58    E     0.04  0.0   0.09  0.15  0.0   0.09  0.15  0.0   0.18  0.02  0.06  0.0   0.0   0.03  0.0   0.1   0.02  0.0   0.02  0.05  
59    M     0.07  0.04  0.02  0.0   0.01  0.06  0.06  0.01  0.01  0.13  0.18  0.09  0.05  0.06  0.0   0.05  0.05  0.0   0.02  0.07  
60    D     0.1   0.0   0.02  0.19  0.02  0.08  0.2   0.06  0.02  0.01  0.02  0.1   0.0   0.0   0.05  0.1   0.0   0.01  0.0   0.02  
61    I     0.05  0.06  0.02  0.06  0.0   0.02  0.06  0.0   0.0   0.08  0.43  0.0   0.08  0.03  0.0   0.05  0.0   0.0   0.05  0.0   
62    V     0.0   0.0   0.0   0.0   0.04  0.0   0.0   0.0   0.0   0.08  0.39  0.0   0.1   0.16  0.0   0.0   0.0   0.02  0.02  0.2   
63    S     0.21  0.04  0.0   0.0   0.01  0.07  0.08  0.18  0.0   0.06  0.04  0.1   0.02  0.03  0.0   0.08  0.07  0.0   0.0   0.02  
64    H     0.05  0.03  0.04  0.05  0.0   0.02  0.07  0.03  0.28  0.02  0.06  0.12  0.0   0.03  0.0   0.06  0.09  0.0   0.01  0.04  
65    I     0.14  0.0   0.0   0.0   0.0   0.0   0.0   0.01  0.0   0.11  0.19  0.0   0.29  0.02  0.0   0.0   0.04  0.0   0.0   0.2   
66    H     0.06  0.02  0.0   0.01  0.04  0.11  0.0   0.05  0.09  0.01  0.24  0.02  0.09  0.06  0.02  0.04  0.02  0.01  0.01  0.08  
67    V     0.07  0.06  0.04  0.0   0.0   0.07  0.03  0.0   0.0   0.02  0.14  0.27  0.0   0.0   0.05  0.08  0.06  0.0   0.09  0.02  
68    V     0.05  0.04  0.0   0.0   0.0   0.01  0.01  0.0   0.0   0.12  0.08  0.21  0.02  0.02  0.0   0.01  0.03  0.0   0.0   0.39  
69    I     0.21  0.0   0.0   0.0   0.0   0.04  0.02  0.24  0.02  0.23  0.06  0.0   0.01  0.0   0.0   0.03  0.01  0.0   0.0   0.13  
70    N     0.08  0.11  0.03  0.03  0.0   0.13  0.04  0.06  0.03  0.02  0.02  0.17  0.0   0.04  0.02  0.07  0.12  0.0   0.0   0.04  
71    K     0.15  0.07  0.06  0.02  0.0   0.04  0.11  0.0   0.02  0.0   0.07  0.27  0.0   0.02  0.0   0.05  0.06  0.0   0.0   0.08  
72    I     0.08  0.03  0.0   0.0   0.02  0.0   0.0   0.0   0.0   0.33  0.17  0.03  0.08  0.0   0.0   0.0   0.02  0.02  0.0   0.2   
73    A     0.37  0.01  0.0   0.01  0.02  0.03  0.01  0.02  0.0   0.07  0.14  0.08  0.0   0.0   0.01  0.02  0.03  0.0   0.07  0.12  
74    K     0.07  0.12  0.04  0.11  0.02  0.05  0.13  0.01  0.0   0.01  0.04  0.25  0.0   0.0   0.01  0.04  0.01  0.02  0.03  0.03  
75    E     0.14  0.1   0.06  0.1   0.0   0.13  0.21  0.01  0.0   0.02  0.01  0.17  0.0   0.02  0.0   0.0   0.0   0.0   0.0   0.02  
76    K     0.06  0.0   0.12  0.02  0.03  0.04  0.11  0.0   0.02  0.04  0.15  0.18  0.03  0.1   0.0   0.02  0.06  0.0   0.0   0.02  
77    G     0.02  0.02  0.12  0.0   0.01  0.02  0.0   0.34  0.06  0.03  0.03  0.12  0.0   0.1   0.02  0.03  0.03  0.0   0.0   0.04  
78    F     0.06  0.0   0.03  0.07  0.0   0.03  0.0   0.0   0.03  0.14  0.21  0.0   0.01  0.17  0.02  0.11  0.0   0.0   0.04  0.06  
79    D     0.1   0.05  0.07  0.12  0.03  0.1   0.11  0.04  0.02  0.0   0.01  0.12  0.0   0.0   0.0   0.1   0.12  0.0   0.0   0.0   
80    Q     0.09  0.1   0.02  0.07  0.0   0.06  0.16  0.05  0.0   0.0   0.01  0.12  0.0   0.0   0.11  0.08  0.05  0.02  0.02  0.02  
81    T     0.1   0.03  0.05  0.16  0.01  0.03  0.03  0.03  0.03  0.02  0.06  0.03  0.07  0.08  0.04  0.08  0.12  0.0   0.0   0.03  
82    G     0.06  0.03  0.0   0.04  0.0   0.0   0.0   0.56  0.0   0.0   0.01  0.0   0.0   0.0   0.09  0.16  0.02  0.0   0.0   0.0   
83    F     0.03  0.0   0.0   0.0   0.0   0.0   0.01  0.03  0.01  0.08  0.08  0.01  0.0   0.29  0.0   0.02  0.02  0.0   0.36  0.03  
84    R     0.0   0.3   0.21  0.02  0.0   0.0   0.0   0.0   0.13  0.02  0.0   0.1   0.05  0.0   0.0   0.04  0.1   0.0   0.0   0.0   
85    V     0.03  0.0   0.0   0.0   0.0   0.02  0.0   0.0   0.0   0.19  0.27  0.0   0.09  0.05  0.0   0.0   0.04  0.0   0.04  0.26  
86    I     0.1   0.02  0.0   0.0   0.02  0.0   0.03  0.08  0.0   0.12  0.16  0.01  0.03  0.0   0.09  0.05  0.03  0.0   0.02  0.22  
87    N     0.01  0.01  0.06  0.01  0.0   0.04  0.01  0.01  0.0   0.24  0.04  0.01  0.05  0.13  0.12  0.05  0.05  0.03  0.0   0.14  
88    N     0.03  0.08  0.49  0.01  0.0   0.15  0.01  0.01  0.04  0.01  0.01  0.01  0.0   0.13  0.01  0.01  0.01  0.0   0.02  0.01  
89    C     0.01  0.01  0.21  0.2   0.13  0.04  0.07  0.04  0.0   0.04  0.11  0.02  0.0   0.02  0.01  0.02  0.04  0.0   0.0   0.03  
90    G     0.07  0.01  0.07  0.01  0.0   0.01  0.03  0.74  0.0   0.01  0.01  0.01  0.0   0.0   0.01  0.01  0.01  0.0   0.0   0.01  
91    S     0.13  0.07  0.01  0.01  0.0   0.02  0.11  0.01  0.0   0.01  0.03  0.16  0.0   0.04  0.18  0.03  0.03  0.0   0.12  0.04  
92    D     0.05  0.01  0.05  0.16  0.0   0.06  0.09  0.04  0.19  0.06  0.04  0.06  0.01  0.07  0.01  0.06  0.01  0.0   0.02  0.02  
93    G     0.57  0.0   0.1   0.0   0.0   0.0   0.01  0.22  0.0   0.0   0.01  0.0   0.0   0.0   0.0   0.05  0.0   0.0   0.0   0.02  
94    G     0.04  0.02  0.02  0.0   0.03  0.02  0.1   0.54  0.04  0.1   0.01  0.0   0.0   0.02  0.0   0.01  0.0   0.0   0.0   0.04  
95    Q     0.02  0.0   0.0   0.0   0.0   0.61  0.07  0.03  0.03  0.0   0.03  0.0   0.0   0.02  0.14  0.01  0.0   0.0   0.0   0.01  
96    E     0.01  0.0   0.0   0.03  0.0   0.0   0.26  0.0   0.0   0.0   0.0   0.0   0.0   0.02  0.0   0.41  0.2   0.03  0.0   0.04  
97    V     0.0   0.0   0.03  0.0   0.0   0.03  0.0   0.0   0.0   0.14  0.03  0.0   0.15  0.0   0.0   0.0   0.0   0.0   0.0   0.62  
98    K     0.04  0.04  0.04  0.05  0.0   0.03  0.04  0.0   0.0   0.0   0.03  0.06  0.02  0.24  0.16  0.17  0.0   0.0   0.08  0.0   
99    H     0.0   0.03  0.0   0.0   0.0   0.05  0.0   0.0   0.87  0.0   0.0   0.0   0.0   0.0   0.0   0.0   0.0   0.02  0.03  0.0   
100   L     0.03  0.0   0.0   0.0   0.0   0.0   0.0   0.0   0.0   0.05  0.47  0.0   0.02  0.06  0.0   0.01  0.06  0.0   0.03  0.26  
101   H     0.0   0.0   0.0   0.0   0.0   0.0   0.0   0.0   1.0   0.0   0.0   0.0   0.0   0.0   0.0   0.0   0.0   0.0   0.0   0.0   
102   Y     0.03  0.0   0.0   0.0   0.0   0.0   0.0   0.0   0.0   0.19  0.32  0.0   0.1   0.21  0.0   0.0   0.02  0.0   0.01  0.11  
103   H     0.0   0.0   0.0   0.0   0.0   0.0   0.0   0.0   1.0   0.0   0.0   0.0   0.0   0.0   0.0   0.0   0.0   0.0   0.0   0.0   
104   I     0.0   0.0   0.0   0.0   0.02  0.0   0.0   0.0   0.0   0.36  0.14  0.0   0.0   0.04  0.0   0.0   0.0   0.0   0.0   0.44  
105   L     0.0   0.0   0.0   0.0   0.0   0.0   0.0   0.0   0.0   0.4   0.35  0.0   0.04  0.08  0.0   0.0   0.0   0.0   0.06  0.03  
106   A     0.12  0.0   0.0   0.0   0.0   0.0   0.0   0.26  0.0   0.0   0.01  0.0   0.0   0.0   0.4   0.18  0.0   0.0   0.0   0.0   
107   G     0.01  0.23  0.03  0.0   0.0   0.0   0.0   0.33  0.0   0.0   0.03  0.07  0.0   0.0   0.17  0.01  0.09  0.0   0.0   0.0   
108   K     0.05  0.35  0.0   0.09  0.0   0.0   0.04  0.01  0.03  0.01  0.01  0.22  0.0   0.03  0.06  0.03  0.01  0.0   0.03  0.03  
109   K     0.01  0.03  0.01  0.01  0.0   0.17  0.05  0.01  0.0   0.01  0.01  0.34  0.0   0.05  0.09  0.12  0.01  0.0   0.07  0.01  
110   L     0.0   0.0   0.04  0.0   0.0   0.0   0.0   0.0   0.0   0.05  0.46  0.0   0.13  0.07  0.0   0.0   0.0   0.0   0.0   0.22  
111   P     0.04  0.01  0.1   0.01  0.0   0.01  0.01  0.04  0.0   0.01  0.02  0.08  0.0   0.01  0.29  0.22  0.06  0.0   0.06  0.01  
112   N     0.01  0.15  0.35  0.06  0.0   0.08  0.01  0.01  0.0   0.0   0.01  0.24  0.0   0.0   0.0   0.05  0.0   0.0   0.0   0.01  
113   Y     0.0   0.0   0.0   0.0   0.0   0.0   0.07  0.0   0.0   0.0   0.0   0.0   0.0   0.18  0.0   0.0   0.0   0.55  0.21  0.0   
114   E     0.0   0.0   0.0   0.0   0.0   0.0   0.24  0.15  0.0   0.0   0.0   0.08  0.0   0.0   0.4   0.13  0.0   0.0   0.0   0.0   
115   A     0.17  0.0   0.0   0.0   0.0   0.0   0.0   0.12  0.0   0.0   0.0   0.0   0.0   0.0   0.49  0.0   0.14  0.0   0.09  0.0   
116   G     0.0   0.0   0.0   0.13  0.0   0.0   0.0   0.87  0.0   0.0   0.0   0.0   0.0   0.0   0.0   0.0   0.0   0.0   0.0   0.0   
117   Q     0.35  0.0   0.0   0.0   0.0   0.33  0.0   0.0   0.0   0.0   0.0   0.32  0.0   0.0   0.0   0.0   0.0   0.0   0.0   0.0   
118   N     0.0   0.0   1.0   0.0   0.0   0.0   0.0   0.0   0.0   0.0   0.0   0.0   0.0   0.0   0.0   0.0   0.0   0.0   0.0   0.0   
