             A     R     N     D     C     Q     E     G     H     I     L     K     M     F     P     S     T     W     Y     V
1     V     0.0   0.0   0.0   0.0   0.0   0.0   0.0   0.0   0.0   0.0   0.0   0.0   0.0   0.0   0.0   0.0   0.0   0.0   0.0   1.0   
2     V     0.0   0.0   0.0   0.0   0.0   0.0   0.0   0.0   0.0   0.0   0.0   0.0   0.0   0.0   0.0   0.0   0.0   0.0   0.0   1.0   
3     P     0.0   0.0   0.0   0.0   0.0   0.0   0.0   0.0   0.0   0.0   0.0   0.0   0.0   0.0   1.0   0.0   0.0   0.0   0.0   0.0   
4     D     0.0   0.0   0.0   1.0   0.0   0.0   0.0   0.0   0.0   0.0   0.0   0.0   0.0   0.0   0.0   0.0   0.0   0.0   0.0   0.0   
5     I     0.0   0.0   0.0   0.0   0.0   0.0   0.0   0.0   0.0   0.58  0.0   0.0   0.42  0.0   0.0   0.0   0.0   0.0   0.0   0.0   
6     T     0.0   0.0   0.0   0.0   0.0   0.0   0.0   0.0   0.0   0.0   0.0   0.42  0.0   0.0   0.0   0.0   0.58  0.0   0.0   0.0   
7     T     0.0   0.0   0.0   0.0   0.0   0.0   0.0   0.0   0.0   0.0   0.0   0.0   0.0   0.0   0.0   0.0   1.0   0.0   0.0   0.0   
8     R     0.0   0.72  0.0   0.0   0.0   0.0   0.0   0.0   0.0   0.0   0.0   0.0   0.0   0.0   0.0   0.0   0.28  0.0   0.0   0.0   
9     K     0.0   0.0   0.0   0.0   0.0   0.28  0.0   0.0   0.0   0.0   0.0   0.72  0.0   0.0   0.0   0.0   0.0   0.0   0.0   0.0   
10    N     0.0   0.0   0.31  0.22  0.0   0.0   0.24  0.0   0.0   0.0   0.0   0.0   0.0   0.0   0.0   0.0   0.0   0.0   0.23  0.0   
11    V     0.0   0.0   0.0   0.0   0.0   0.0   0.0   0.0   0.0   0.24  0.0   0.0   0.0   0.0   0.0   0.0   0.0   0.0   0.0   0.76  
12    G     0.69  0.0   0.0   0.0   0.0   0.0   0.0   0.31  0.0   0.0   0.0   0.0   0.0   0.0   0.0   0.0   0.0   0.0   0.0   0.0   
13    L     0.0   0.23  0.0   0.0   0.0   0.0   0.24  0.0   0.0   0.0   0.31  0.0   0.22  0.0   0.0   0.0   0.0   0.0   0.0   0.0   
14    S     0.0   0.0   0.0   0.0   0.0   0.23  0.0   0.0   0.0   0.24  0.0   0.0   0.0   0.0   0.0   0.53  0.0   0.0   0.0   0.0   
15    H     0.24  0.0   0.0   0.0   0.0   0.0   0.0   0.0   0.31  0.0   0.0   0.0   0.0   0.0   0.23  0.0   0.0   0.0   0.22  0.0   
16    D     0.0   0.0   0.0   0.54  0.0   0.0   0.0   0.0   0.0   0.0   0.0   0.22  0.0   0.24  0.0   0.0   0.0   0.0   0.0   0.0   
17    A     0.63  0.0   0.0   0.21  0.0   0.0   0.0   0.0   0.0   0.0   0.0   0.0   0.0   0.0   0.0   0.0   0.0   0.0   0.16  0.0   
18    N     0.0   0.0   0.49  0.0   0.0   0.0   0.0   0.16  0.0   0.0   0.0   0.0   0.16  0.0   0.0   0.0   0.0   0.0   0.2   0.0   
19    D     0.0   0.0   0.0   0.6   0.0   0.0   0.0   0.14  0.0   0.0   0.0   0.15  0.0   0.0   0.0   0.12  0.0   0.0   0.0   0.0   
20    F     0.01  0.01  0.01  0.01  0.0   0.0   0.01  0.01  0.0   0.01  0.01  0.01  0.0   0.52  0.01  0.01  0.01  0.11  0.27  0.01  
21    T     0.01  0.01  0.01  0.01  0.0   0.0   0.01  0.16  0.0   0.14  0.01  0.12  0.0   0.0   0.01  0.01  0.49  0.0   0.0   0.01  
22    L     0.02  0.01  0.01  0.16  0.0   0.01  0.02  0.02  0.01  0.12  0.18  0.01  0.1   0.01  0.01  0.02  0.01  0.0   0.12  0.15  
23    P     0.09  0.0   0.0   0.07  0.0   0.0   0.06  0.04  0.0   0.0   0.01  0.01  0.0   0.0   0.68  0.01  0.01  0.0   0.0   0.01  
24    Q     0.01  0.0   0.0   0.0   0.0   0.33  0.01  0.01  0.0   0.54  0.06  0.01  0.0   0.0   0.0   0.01  0.01  0.0   0.0   0.01  
25    P     0.01  0.0   0.0   0.08  0.0   0.0   0.01  0.07  0.0   0.0   0.01  0.0   0.0   0.0   0.79  0.01  0.0   0.0   0.0   0.01  
26    L     0.01  0.18  0.0   0.0   0.0   0.0   0.09  0.01  0.12  0.03  0.09  0.06  0.0   0.05  0.0   0.01  0.05  0.06  0.08  0.16  
27    D     0.01  0.0   0.0   0.16  0.0   0.0   0.07  0.01  0.05  0.18  0.01  0.0   0.0   0.0   0.03  0.01  0.0   0.0   0.0   0.45  
28    R     0.01  0.17  0.0   0.09  0.0   0.0   0.49  0.01  0.08  0.0   0.01  0.0   0.0   0.0   0.0   0.01  0.11  0.0   0.0   0.0   
29    Y     0.0   0.0   0.0   0.0   0.0   0.0   0.0   0.0   0.0   0.0   0.0   0.0   0.0   0.09  0.0   0.0   0.0   0.06  0.84  0.0   
30    S     0.0   0.0   0.0   0.06  0.0   0.0   0.0   0.0   0.0   0.0   0.0   0.0   0.0   0.0   0.06  0.17  0.7   0.0   0.0   0.0   
31    A     0.21  0.0   0.0   0.14  0.0   0.11  0.46  0.0   0.0   0.0   0.0   0.08  0.0   0.0   0.0   0.0   0.0   0.0   0.0   0.0   
32    E     0.1   0.0   0.0   0.12  0.0   0.0   0.6   0.0   0.0   0.0   0.0   0.0   0.0   0.0   0.0   0.0   0.06  0.09  0.0   0.04  
33    D     0.0   0.0   0.0   0.12  0.0   0.0   0.88  0.0   0.0   0.0   0.0   0.0   0.0   0.0   0.0   0.0   0.0   0.0   0.0   0.0   
34    H     0.0   0.0   0.0   0.0   0.0   0.06  0.0   0.0   0.43  0.32  0.0   0.05  0.0   0.0   0.0   0.0   0.1   0.0   0.0   0.04  
35    A     0.42  0.0   0.0   0.05  0.0   0.11  0.17  0.03  0.0   0.0   0.0   0.21  0.0   0.0   0.0   0.0   0.0   0.0   0.0   0.0   
36    T     0.0   0.0   0.0   0.0   0.0   0.0   0.0   0.0   0.0   0.0   0.0   0.0   0.0   0.0   0.0   0.0   0.67  0.0   0.0   0.33  
37    W     0.0   0.0   0.0   0.0   0.0   0.0   0.0   0.0   0.0   0.0   0.0   0.0   0.0   0.0   0.0   0.0   0.0   1.0   0.0   0.0   
38    A     0.07  0.3   0.06  0.0   0.0   0.0   0.0   0.31  0.06  0.05  0.0   0.14  0.0   0.0   0.0   0.0   0.0   0.0   0.0   0.0   
39    T     0.05  0.0   0.0   0.0   0.0   0.0   0.18  0.0   0.0   0.04  0.05  0.0   0.0   0.0   0.0   0.04  0.56  0.0   0.0   0.08  
40    L     0.0   0.0   0.0   0.0   0.0   0.0   0.0   0.0   0.0   0.06  0.35  0.0   0.0   0.0   0.0   0.0   0.0   0.0   0.0   0.59  
41    Y     0.01  0.0   0.0   0.0   0.06  0.0   0.01  0.01  0.0   0.13  0.01  0.01  0.0   0.3   0.0   0.01  0.01  0.0   0.43  0.01  
42    Q     0.01  0.21  0.07  0.11  0.0   0.1   0.11  0.01  0.0   0.0   0.01  0.05  0.0   0.0   0.0   0.08  0.2   0.0   0.0   0.03  
43    R     0.01  0.39  0.04  0.0   0.0   0.0   0.18  0.01  0.0   0.0   0.01  0.11  0.0   0.0   0.0   0.01  0.21  0.0   0.0   0.01  
44    Q     0.01  0.0   0.0   0.0   0.0   0.36  0.01  0.01  0.0   0.0   0.47  0.01  0.05  0.0   0.0   0.01  0.01  0.0   0.0   0.05  
45    C     0.0   0.05  0.09  0.0   0.16  0.11  0.05  0.05  0.0   0.0   0.06  0.2   0.0   0.0   0.0   0.05  0.18  0.0   0.0   0.0   
46    K     0.12  0.02  0.0   0.12  0.0   0.0   0.1   0.12  0.0   0.0   0.0   0.35  0.0   0.0   0.0   0.05  0.0   0.0   0.0   0.12  
47    L     0.0   0.0   0.0   0.09  0.0   0.0   0.0   0.0   0.0   0.0   0.65  0.0   0.08  0.0   0.0   0.0   0.0   0.0   0.0   0.17  
48    L     0.04  0.0   0.0   0.0   0.0   0.0   0.0   0.0   0.1   0.06  0.26  0.0   0.0   0.03  0.0   0.0   0.06  0.0   0.38  0.06  
49    P     0.09  0.06  0.0   0.0   0.0   0.0   0.11  0.0   0.05  0.0   0.0   0.15  0.0   0.0   0.42  0.0   0.12  0.0   0.0   0.0   
50    G     0.09  0.0   0.0   0.0   0.0   0.0   0.0   0.23  0.0   0.0   0.0   0.14  0.0   0.0   0.0   0.1   0.44  0.0   0.0   0.0   
51    R     0.0   0.43  0.07  0.0   0.0   0.0   0.0   0.0   0.44  0.0   0.06  0.0   0.0   0.0   0.0   0.0   0.0   0.0   0.0   0.0   
52    A     0.95  0.0   0.0   0.0   0.0   0.0   0.0   0.0   0.0   0.0   0.0   0.0   0.0   0.0   0.0   0.0   0.05  0.0   0.0   0.0   
53    C     0.09  0.0   0.0   0.0   0.85  0.0   0.0   0.0   0.06  0.0   0.0   0.0   0.0   0.0   0.0   0.0   0.0   0.0   0.0   0.0   
54    D     0.13  0.25  0.0   0.17  0.0   0.18  0.0   0.02  0.1   0.0   0.0   0.02  0.0   0.0   0.0   0.08  0.0   0.0   0.05  0.0   
55    E     0.06  0.0   0.0   0.0   0.0   0.03  0.79  0.0   0.0   0.0   0.0   0.0   0.0   0.0   0.0   0.06  0.0   0.0   0.0   0.05  
56    F     0.0   0.0   0.0   0.0   0.0   0.0   0.0   0.0   0.18  0.0   0.0   0.0   0.0   0.2   0.0   0.0   0.0   0.0   0.62  0.0   
57    L     0.03  0.09  0.12  0.0   0.0   0.0   0.0   0.0   0.0   0.05  0.62  0.0   0.09  0.0   0.0   0.0   0.0   0.0   0.0   0.0   
58    E     0.04  0.07  0.0   0.24  0.0   0.1   0.28  0.0   0.09  0.0   0.0   0.12  0.0   0.0   0.0   0.0   0.0   0.0   0.07  0.0   
59    G     0.14  0.0   0.19  0.0   0.0   0.0   0.0   0.42  0.0   0.12  0.0   0.0   0.0   0.0   0.0   0.09  0.0   0.0   0.0   0.04  
60    L     0.09  0.0   0.0   0.0   0.0   0.0   0.0   0.0   0.0   0.06  0.4   0.0   0.0   0.35  0.0   0.0   0.0   0.0   0.0   0.1   
61    E     0.02  0.03  0.09  0.08  0.0   0.11  0.31  0.0   0.0   0.0   0.0   0.05  0.0   0.0   0.26  0.05  0.0   0.0   0.0   0.0   
62    R     0.05  0.07  0.04  0.0   0.0   0.15  0.0   0.0   0.0   0.05  0.43  0.1   0.06  0.0   0.0   0.0   0.05  0.0   0.0   0.0   
63    L     0.0   0.0   0.0   0.0   0.04  0.0   0.0   0.0   0.0   0.0   0.96  0.0   0.0   0.0   0.0   0.0   0.0   0.0   0.0   0.0   
64    E     0.09  0.0   0.06  0.05  0.0   0.13  0.32  0.2   0.0   0.0   0.0   0.0   0.0   0.0   0.0   0.07  0.07  0.0   0.0   0.0   
65    V     0.0   0.03  0.0   0.04  0.0   0.07  0.0   0.0   0.0   0.0   0.24  0.08  0.05  0.09  0.0   0.0   0.0   0.0   0.25  0.16  
66    D     0.0   0.27  0.14  0.08  0.0   0.0   0.1   0.0   0.11  0.0   0.01  0.0   0.0   0.0   0.22  0.05  0.0   0.0   0.0   0.0   
67    A     0.12  0.1   0.0   0.0   0.12  0.04  0.29  0.0   0.06  0.0   0.15  0.0   0.0   0.0   0.0   0.05  0.06  0.0   0.0   0.0   
68    D     0.0   0.0   0.05  0.7   0.0   0.0   0.15  0.0   0.0   0.0   0.0   0.0   0.0   0.0   0.0   0.05  0.04  0.0   0.0   0.0   
69    R     0.0   0.41  0.31  0.0   0.0   0.0   0.0   0.1   0.09  0.0   0.0   0.0   0.0   0.0   0.0   0.1   0.0   0.0   0.0   0.0   
70    V     0.0   0.0   0.0   0.0   0.0   0.0   0.0   0.0   0.0   0.62  0.11  0.0   0.0   0.0   0.0   0.0   0.0   0.0   0.0   0.28  
71    P     0.0   0.0   0.0   0.0   0.0   0.0   0.0   0.0   0.0   0.0   0.0   0.0   0.0   0.0   1.0   0.0   0.0   0.0   0.0   0.0   
72    D     0.0   0.0   0.0   0.18  0.0   0.77  0.0   0.0   0.0   0.0   0.0   0.0   0.0   0.0   0.0   0.05  0.0   0.0   0.0   0.0   
73    F     0.0   0.0   0.0   0.0   0.0   0.0   0.0   0.0   0.0   0.05  0.72  0.0   0.0   0.23  0.0   0.0   0.0   0.0   0.0   0.0   
74    N     0.05  0.14  0.07  0.11  0.0   0.16  0.41  0.0   0.0   0.0   0.0   0.0   0.0   0.0   0.06  0.0   0.0   0.0   0.0   0.0   
75    K     0.0   0.1   0.0   0.57  0.0   0.0   0.21  0.0   0.0   0.0   0.0   0.07  0.0   0.0   0.0   0.0   0.05  0.0   0.0   0.0   
76    L     0.0   0.0   0.0   0.0   0.0   0.0   0.0   0.0   0.0   0.26  0.12  0.0   0.04  0.0   0.0   0.0   0.0   0.0   0.0   0.58  
77    N     0.0   0.0   0.34  0.0   0.05  0.0   0.0   0.0   0.0   0.0   0.0   0.0   0.0   0.0   0.0   0.61  0.0   0.0   0.0   0.0   
78    E     0.0   0.26  0.12  0.07  0.0   0.09  0.18  0.09  0.03  0.0   0.0   0.05  0.05  0.0   0.0   0.0   0.06  0.0   0.0   0.0   
79    K     0.0   0.09  0.0   0.0   0.0   0.0   0.05  0.0   0.0   0.0   0.0   0.13  0.0   0.56  0.0   0.0   0.05  0.0   0.0   0.12  
80    L     0.0   0.0   0.0   0.0   0.0   0.0   0.0   0.0   0.0   0.0   0.95  0.0   0.05  0.0   0.0   0.0   0.0   0.0   0.0   0.0   
81    M     0.0   0.17  0.0   0.0   0.0   0.26  0.0   0.09  0.05  0.0   0.0   0.31  0.12  0.0   0.0   0.0   0.0   0.0   0.0   0.0   
82    A     0.13  0.21  0.0   0.07  0.0   0.0   0.29  0.0   0.0   0.0   0.0   0.16  0.0   0.0   0.0   0.11  0.03  0.0   0.0   0.0   
83    A     0.12  0.26  0.04  0.0   0.16  0.0   0.06  0.0   0.0   0.09  0.11  0.05  0.0   0.0   0.0   0.0   0.11  0.0   0.0   0.0   
84    T     0.0   0.0   0.0   0.0   0.0   0.0   0.0   0.0   0.0   0.0   0.0   0.0   0.0   0.0   0.0   0.17  0.83  0.0   0.0   0.0   
85    G     0.0   0.0   0.0   0.0   0.0   0.0   0.0   0.9   0.1   0.0   0.0   0.0   0.0   0.0   0.0   0.0   0.0   0.0   0.0   0.0   
86    W     0.0   0.0   0.0   0.0   0.0   0.0   0.0   0.0   0.0   0.0   0.0   0.0   0.0   0.62  0.0   0.0   0.0   0.35  0.03  0.0   
87    K     0.02  0.18  0.0   0.0   0.0   0.2   0.1   0.0   0.0   0.0   0.0   0.06  0.0   0.0   0.0   0.18  0.25  0.0   0.0   0.0   
88    I     0.0   0.0   0.0   0.0   0.0   0.0   0.0   0.0   0.0   0.35  0.26  0.0   0.0   0.08  0.0   0.0   0.0   0.0   0.1   0.2   
89    V     0.06  0.5   0.0   0.0   0.0   0.08  0.06  0.0   0.0   0.06  0.0   0.0   0.0   0.0   0.0   0.0   0.0   0.0   0.1   0.14  
90    A     0.2   0.06  0.0   0.0   0.0   0.0   0.0   0.0   0.0   0.0   0.0   0.0   0.0   0.0   0.66  0.08  0.0   0.0   0.0   0.0   
91    V     0.13  0.0   0.0   0.0   0.05  0.0   0.0   0.0   0.0   0.0   0.0   0.0   0.0   0.0   0.0   0.0   0.0   0.0   0.0   0.82  
92    P     0.4   0.02  0.0   0.0   0.0   0.03  0.0   0.0   0.0   0.0   0.0   0.0   0.0   0.0   0.4   0.15  0.0   0.0   0.0   0.0   
93    G     0.19  0.0   0.0   0.0   0.0   0.0   0.0   0.81  0.0   0.0   0.0   0.0   0.0   0.0   0.0   0.0   0.0   0.0   0.0   0.0   
94    L     0.0   0.0   0.0   0.0   0.0   0.0   0.0   0.0   0.0   0.0   0.76  0.0   0.0   0.1   0.0   0.0   0.0   0.0   0.14  0.0   
95    I     0.0   0.0   0.0   0.0   0.0   0.0   0.0   0.0   0.0   0.23  0.46  0.0   0.0   0.0   0.0   0.0   0.0   0.0   0.0   0.3   
96    P     0.1   0.0   0.0   0.0   0.0   0.0   0.0   0.0   0.0   0.0   0.0   0.0   0.0   0.0   0.34  0.53  0.03  0.0   0.0   0.0   
97    D     0.27  0.0   0.0   0.14  0.0   0.0   0.0   0.0   0.0   0.0   0.08  0.0   0.0   0.11  0.28  0.11  0.0   0.0   0.0   0.0   
98    D     0.06  0.54  0.0   0.16  0.0   0.06  0.04  0.0   0.1   0.0   0.0   0.04  0.0   0.0   0.0   0.0   0.0   0.0   0.0   0.0   
99    V     0.0   0.06  0.0   0.5   0.0   0.1   0.08  0.0   0.0   0.0   0.0   0.0   0.0   0.0   0.06  0.0   0.06  0.0   0.0   0.14  
100   F     0.0   0.0   0.0   0.0   0.0   0.0   0.0   0.0   0.0   0.0   0.0   0.0   0.0   0.9   0.0   0.0   0.0   0.0   0.1   0.0   
101   F     0.0   0.0   0.0   0.0   0.08  0.0   0.0   0.0   0.0   0.0   0.6   0.0   0.0   0.31  0.0   0.0   0.0   0.0   0.0   0.0   
102   E     0.43  0.0   0.03  0.1   0.0   0.0   0.16  0.13  0.0   0.0   0.0   0.0   0.0   0.0   0.0   0.15  0.0   0.0   0.0   0.0   
103   H     0.0   0.0   0.0   0.0   0.0   0.0   0.0   0.36  0.2   0.0   0.22  0.0   0.0   0.0   0.0   0.22  0.0   0.0   0.0   0.0   
104   L     0.0   0.0   0.0   0.0   0.0   0.0   0.0   0.0   0.0   0.0   1.0   0.0   0.0   0.0   0.0   0.0   0.0   0.0   0.0   0.0   
105   A     0.9   0.0   0.0   0.0   0.0   0.1   0.0   0.0   0.0   0.0   0.0   0.0   0.0   0.0   0.0   0.0   0.0   0.0   0.0   0.0   
106   N     0.0   0.0   0.28  0.16  0.0   0.0   0.0   0.0   0.0   0.0   0.0   0.0   0.0   0.45  0.0   0.06  0.0   0.0   0.05  0.0   
107   R     0.0   0.81  0.0   0.0   0.0   0.06  0.0   0.0   0.0   0.0   0.0   0.06  0.0   0.0   0.0   0.08  0.0   0.0   0.0   0.0   
108   R     0.0   0.2   0.0   0.0   0.0   0.06  0.0   0.0   0.0   0.03  0.0   0.06  0.0   0.0   0.0   0.0   0.0   0.0   0.1   0.55  
109   F     0.0   0.0   0.0   0.0   0.0   0.0   0.0   0.0   0.0   0.0   0.0   0.0   0.0   1.0   0.0   0.0   0.0   0.0   0.0   0.0   
110   P     0.0   0.0   0.0   0.0   0.0   0.22  0.0   0.0   0.36  0.0   0.0   0.0   0.0   0.0   0.42  0.0   0.0   0.0   0.0   0.0   
111   V     0.11  0.0   0.0   0.0   0.33  0.0   0.0   0.0   0.0   0.1   0.0   0.0   0.0   0.0   0.0   0.17  0.05  0.0   0.0   0.23  
112   T     0.22  0.0   0.0   0.0   0.0   0.0   0.0   0.04  0.0   0.0   0.0   0.0   0.0   0.0   0.0   0.04  0.7   0.0   0.0   0.0   
113   W     0.0   0.0   0.06  0.0   0.0   0.58  0.0   0.0   0.0   0.0   0.0   0.0   0.0   0.0   0.0   0.1   0.16  0.1   0.0   0.0   
114   W     0.0   0.0   0.0   0.0   0.0   0.0   0.0   0.0   0.0   0.0   0.0   0.0   0.0   0.16  0.0   0.0   0.0   0.16  0.58  0.1   
115   L     0.0   0.0   0.0   0.0   0.0   0.0   0.0   0.0   0.0   0.39  0.31  0.0   0.14  0.0   0.0   0.0   0.0   0.0   0.0   0.17  
116   R     0.0   1.0   0.0   0.0   0.0   0.0   0.0   0.0   0.0   0.0   0.0   0.0   0.0   0.0   0.0   0.0   0.0   0.0   0.0   0.0   
117   E     0.0   0.1   0.0   0.0   0.0   0.0   0.07  0.0   0.56  0.0   0.0   0.04  0.0   0.0   0.0   0.0   0.22  0.0   0.0   0.0   
118   P     0.11  0.12  0.0   0.0   0.0   0.0   0.0   0.07  0.12  0.0   0.11  0.0   0.0   0.0   0.34  0.09  0.0   0.0   0.0   0.03  
119   H     0.0   0.08  0.03  0.14  0.0   0.06  0.11  0.0   0.13  0.0   0.0   0.05  0.0   0.0   0.0   0.4   0.0   0.0   0.0   0.0   
120   Q     0.03  0.04  0.0   0.14  0.0   0.1   0.21  0.0   0.0   0.0   0.0   0.18  0.0   0.0   0.0   0.26  0.0   0.0   0.0   0.03  
121   L     0.0   0.0   0.0   0.1   0.0   0.0   0.0   0.0   0.0   0.0   0.26  0.0   0.0   0.06  0.56  0.03  0.0   0.0   0.0   0.0   
122   D     0.0   0.0   0.1   0.34  0.0   0.0   0.0   0.0   0.05  0.0   0.12  0.03  0.22  0.1   0.0   0.0   0.0   0.0   0.03  0.0   
123   Y     0.0   0.0   0.0   0.0   0.0   0.0   0.0   0.0   0.22  0.0   0.0   0.0   0.0   0.1   0.03  0.0   0.0   0.0   0.65  0.0   
124   L     0.0   0.0   0.0   0.0   0.0   0.0   0.0   0.0   0.0   0.06  0.28  0.0   0.0   0.0   0.0   0.26  0.4   0.0   0.0   0.0   
125   Q     0.0   0.0   0.03  0.0   0.0   0.26  0.08  0.0   0.0   0.0   0.1   0.0   0.0   0.0   0.47  0.0   0.0   0.0   0.0   0.06  
126   E     0.0   0.0   0.0   0.08  0.0   0.0   0.82  0.0   0.0   0.0   0.0   0.0   0.0   0.0   0.0   0.0   0.1   0.0   0.0   0.0   
127   P     0.0   0.0   0.0   0.0   0.0   0.0   0.0   0.0   0.0   0.0   0.0   0.0   0.0   0.0   1.0   0.0   0.0   0.0   0.0   0.0   
128   D     0.0   0.0   0.0   0.98  0.0   0.0   0.02  0.0   0.0   0.0   0.0   0.0   0.0   0.0   0.0   0.0   0.0   0.0   0.0   0.0   
129   V     0.0   0.0   0.0   0.0   0.18  0.0   0.0   0.04  0.0   0.18  0.23  0.0   0.06  0.06  0.0   0.03  0.14  0.0   0.0   0.09  
130   F     0.0   0.0   0.0   0.0   0.36  0.0   0.0   0.0   0.0   0.22  0.08  0.0   0.0   0.31  0.0   0.0   0.0   0.0   0.0   0.02  
131   H     0.0   0.0   0.0   0.0   0.0   0.0   0.0   0.0   1.0   0.0   0.0   0.0   0.0   0.0   0.0   0.0   0.0   0.0   0.0   0.0   
132   D     0.0   0.0   0.0   0.39  0.0   0.0   0.61  0.0   0.0   0.0   0.0   0.0   0.0   0.0   0.0   0.0   0.0   0.0   0.0   0.0   
133   L     0.0   0.0   0.0   0.0   0.0   0.0   0.0   0.0   0.0   0.09  0.75  0.0   0.0   0.06  0.0   0.0   0.0   0.0   0.0   0.1   
134   F     0.0   0.0   0.0   0.0   0.0   0.0   0.0   0.0   0.0   0.04  0.54  0.0   0.03  0.26  0.0   0.0   0.0   0.0   0.06  0.08  
135   G     0.0   0.0   0.0   0.0   0.0   0.0   0.0   1.0   0.0   0.0   0.0   0.0   0.0   0.0   0.0   0.0   0.0   0.0   0.0   0.0   
136   H     0.0   0.0   0.0   0.0   0.0   0.0   0.0   0.0   1.0   0.0   0.0   0.0   0.0   0.0   0.0   0.0   0.0   0.0   0.0   0.0   
137   V     0.0   0.0   0.0   0.0   0.11  0.0   0.0   0.08  0.0   0.0   0.0   0.0   0.07  0.0   0.0   0.0   0.0   0.0   0.0   0.74  
138   P     0.06  0.0   0.08  0.0   0.0   0.0   0.0   0.0   0.0   0.0   0.0   0.0   0.0   0.0   0.86  0.0   0.0   0.0   0.0   0.0   
139   L     0.0   0.0   0.0   0.0   0.0   0.0   0.0   0.0   0.0   0.0   0.46  0.0   0.29  0.0   0.0   0.0   0.0   0.1   0.0   0.14  
140   L     0.0   0.0   0.0   0.0   0.0   0.0   0.0   0.0   0.0   0.0   0.84  0.0   0.0   0.16  0.0   0.0   0.0   0.0   0.0   0.0   
141   I     0.45  0.0   0.0   0.0   0.0   0.0   0.0   0.0   0.0   0.1   0.1   0.0   0.0   0.0   0.0   0.15  0.16  0.0   0.0   0.04  
142   N     0.0   0.0   0.2   0.41  0.0   0.06  0.09  0.0   0.16  0.0   0.0   0.0   0.0   0.0   0.0   0.08  0.0   0.0   0.0   0.0   
143   P     0.0   0.17  0.0   0.08  0.0   0.0   0.0   0.0   0.0   0.0   0.0   0.02  0.0   0.0   0.69  0.0   0.0   0.0   0.0   0.03  
144   V     0.03  0.08  0.0   0.09  0.0   0.04  0.03  0.0   0.0   0.0   0.05  0.05  0.0   0.0   0.0   0.27  0.11  0.06  0.0   0.2   
145   F     0.0   0.0   0.0   0.0   0.0   0.0   0.0   0.0   0.0   0.0   0.05  0.0   0.0   0.95  0.0   0.0   0.0   0.0   0.0   0.0   
146   A     0.9   0.0   0.0   0.0   0.0   0.0   0.0   0.0   0.0   0.0   0.0   0.0   0.0   0.0   0.0   0.1   0.0   0.0   0.0   0.0   
147   D     0.06  0.08  0.0   0.27  0.0   0.43  0.16  0.0   0.0   0.0   0.0   0.0   0.0   0.0   0.0   0.0   0.0   0.0   0.0   0.0   
148   A     0.03  0.0   0.0   0.0   0.0   0.0   0.0   0.0   0.0   0.0   0.08  0.0   0.05  0.73  0.0   0.0   0.0   0.0   0.11  0.0   
149   L     0.0   0.0   0.0   0.0   0.0   0.0   0.0   0.0   0.0   0.0   0.06  0.0   0.14  0.1   0.0   0.5   0.11  0.0   0.08  0.0   
150   E     0.0   0.08  0.0   0.0   0.0   0.64  0.06  0.0   0.11  0.1   0.0   0.0   0.0   0.0   0.0   0.0   0.0   0.0   0.0   0.0   
151   A     0.14  0.0   0.13  0.13  0.0   0.0   0.35  0.0   0.0   0.0   0.08  0.0   0.06  0.0   0.0   0.0   0.06  0.0   0.0   0.06  
152   Y     0.08  0.0   0.0   0.0   0.0   0.0   0.0   0.0   0.0   0.46  0.04  0.0   0.1   0.0   0.0   0.0   0.0   0.0   0.31  0.0   
153   G     0.0   0.0   0.0   0.0   0.0   0.0   0.0   1.0   0.0   0.0   0.0   0.0   0.0   0.0   0.0   0.0   0.0   0.0   0.0   0.0   
154   K     0.0   0.11  0.08  0.0   0.0   0.1   0.05  0.0   0.0   0.0   0.46  0.18  0.0   0.0   0.0   0.0   0.0   0.0   0.0   0.0   
155   G     0.54  0.0   0.0   0.0   0.0   0.0   0.0   0.15  0.0   0.0   0.22  0.06  0.0   0.0   0.0   0.0   0.0   0.0   0.0   0.0   
156   G     0.15  0.01  0.01  0.01  0.0   0.01  0.01  0.27  0.0   0.01  0.01  0.01  0.0   0.11  0.01  0.39  0.01  0.0   0.0   0.01  
157   V     0.15  0.05  0.01  0.01  0.0   0.01  0.01  0.07  0.0   0.04  0.45  0.01  0.0   0.0   0.01  0.01  0.11  0.0   0.0   0.07  
158   K     0.01  0.13  0.01  0.06  0.0   0.01  0.01  0.39  0.0   0.01  0.01  0.33  0.0   0.0   0.01  0.01  0.01  0.0   0.0   0.01  
159   A     0.62  0.0   0.0   0.0   0.0   0.0   0.0   0.01  0.0   0.06  0.05  0.0   0.0   0.0   0.0   0.01  0.0   0.0   0.0   0.21  
160   K     0.06  0.01  0.01  0.01  0.0   0.01  0.12  0.02  0.09  0.07  0.06  0.08  0.05  0.01  0.04  0.25  0.09  0.0   0.01  0.01  
161   A     0.12  0.04  0.0   0.15  0.0   0.0   0.09  0.04  0.0   0.0   0.0   0.16  0.0   0.0   0.06  0.35  0.0   0.0   0.0   0.0   
162   L     0.02  0.02  0.01  0.14  0.01  0.01  0.1   0.02  0.01  0.02  0.35  0.02  0.01  0.01  0.02  0.02  0.1   0.0   0.01  0.12  
163   G     0.0   0.0   0.0   0.03  0.0   0.1   0.48  0.33  0.0   0.0   0.0   0.06  0.0   0.0   0.0   0.0   0.0   0.0   0.0   0.0   
164   A     0.48  0.1   0.0   0.1   0.0   0.0   0.21  0.06  0.0   0.0   0.0   0.0   0.0   0.0   0.0   0.0   0.02  0.0   0.0   0.03  
165   L     0.0   0.06  0.0   0.06  0.0   0.0   0.0   0.0   0.0   0.37  0.33  0.0   0.0   0.0   0.0   0.0   0.0   0.0   0.0   0.19  
166   P     0.05  0.0   0.0   0.04  0.0   0.25  0.35  0.0   0.0   0.0   0.0   0.0   0.0   0.0   0.17  0.06  0.04  0.0   0.0   0.0   
167   M     0.1   0.04  0.04  0.0   0.0   0.0   0.0   0.0   0.0   0.0   0.03  0.43  0.16  0.14  0.0   0.0   0.0   0.0   0.06  0.0   
168   L     0.0   0.0   0.0   0.0   0.0   0.0   0.0   0.0   0.0   0.24  0.76  0.0   0.0   0.0   0.0   0.0   0.0   0.0   0.0   0.0   
169   A     0.54  0.0   0.0   0.0   0.0   0.0   0.0   0.08  0.0   0.0   0.0   0.0   0.0   0.0   0.0   0.21  0.06  0.0   0.0   0.1   
170   R     0.0   0.42  0.0   0.0   0.0   0.0   0.0   0.0   0.0   0.0   0.0   0.08  0.0   0.0   0.0   0.0   0.5   0.0   0.0   0.0   
171   L     0.0   0.0   0.0   0.0   0.27  0.0   0.0   0.0   0.0   0.08  0.48  0.0   0.0   0.0   0.0   0.0   0.0   0.0   0.0   0.17  
172   Y     0.0   0.0   0.0   0.0   0.0   0.0   0.0   0.0   0.0   0.0   0.0   0.0   0.0   0.21  0.0   0.0   0.0   0.0   0.79  0.0   
173   W     0.0   0.0   0.0   0.0   0.0   0.0   0.0   0.0   0.0   0.0   0.0   0.0   0.0   0.14  0.0   0.0   0.0   0.86  0.0   0.0   
174   Y     0.0   0.0   0.0   0.0   0.0   0.0   0.0   0.0   0.0   0.0   0.0   0.0   0.06  0.74  0.0   0.0   0.0   0.0   0.2   0.0   
175   T     0.0   0.0   0.0   0.0   0.0   0.0   0.0   0.0   0.0   0.05  0.0   0.0   0.0   0.0   0.0   0.0   0.95  0.0   0.0   0.0   
176   V     0.06  0.0   0.0   0.0   0.0   0.0   0.0   0.0   0.0   0.13  0.08  0.0   0.0   0.0   0.0   0.0   0.0   0.0   0.0   0.73  
177   E     0.0   0.0   0.0   0.0   0.0   0.0   1.0   0.0   0.0   0.0   0.0   0.0   0.0   0.0   0.0   0.0   0.0   0.0   0.0   0.0   
178   F     0.0   0.0   0.0   0.0   0.08  0.0   0.0   0.0   0.0   0.0   0.0   0.0   0.0   0.73  0.0   0.1   0.0   0.0   0.09  0.0   
179   G     0.0   0.0   0.0   0.0   0.0   0.0   0.0   1.0   0.0   0.0   0.0   0.0   0.0   0.0   0.0   0.0   0.0   0.0   0.0   0.0   
180   L     0.0   0.0   0.0   0.0   0.0   0.0   0.0   0.0   0.0   0.03  0.86  0.0   0.0   0.0   0.0   0.0   0.0   0.0   0.0   0.11  
181   I     0.0   0.0   0.0   0.0   0.5   0.0   0.0   0.0   0.0   0.21  0.0   0.0   0.04  0.0   0.0   0.0   0.0   0.0   0.0   0.25  
182   N     0.0   0.17  0.15  0.0   0.0   0.15  0.16  0.0   0.0   0.0   0.0   0.38  0.0   0.0   0.0   0.0   0.0   0.0   0.0   0.0   
183   T     0.0   0.0   0.1   0.0   0.0   0.33  0.37  0.0   0.0   0.0   0.0   0.0   0.0   0.0   0.0   0.0   0.2   0.0   0.0   0.0   
184   P     0.06  0.08  0.12  0.18  0.0   0.06  0.12  0.1   0.13  0.0   0.0   0.0   0.0   0.0   0.14  0.0   0.0   0.0   0.0   0.0   
185   A     0.14  0.0   0.0   0.1   0.0   0.06  0.1   0.59  0.0   0.0   0.0   0.0   0.0   0.0   0.0   0.0   0.0   0.0   0.0   0.0   
186   G     0.0   0.0   0.0   0.0   0.0   0.26  0.24  0.33  0.0   0.02  0.0   0.07  0.0   0.0   0.0   0.05  0.03  0.0   0.0   0.0   
187   M     0.0   0.18  0.0   0.0   0.0   0.0   0.0   0.0   0.0   0.11  0.37  0.09  0.06  0.0   0.0   0.0   0.1   0.0   0.0   0.09  
188   R     0.0   0.38  0.0   0.0   0.0   0.0   0.0   0.0   0.0   0.0   0.0   0.62  0.0   0.0   0.0   0.0   0.0   0.0   0.0   0.0   
189   I     0.65  0.0   0.0   0.0   0.0   0.0   0.0   0.0   0.0   0.26  0.0   0.0   0.0   0.0   0.0   0.0   0.0   0.0   0.0   0.09  
190   Y     0.0   0.0   0.0   0.0   0.0   0.0   0.0   0.0   0.0   0.05  0.04  0.0   0.0   0.1   0.0   0.0   0.0   0.0   0.81  0.0   
191   G     0.0   0.0   0.0   0.0   0.0   0.0   0.0   1.0   0.0   0.0   0.0   0.0   0.0   0.0   0.0   0.0   0.0   0.0   0.0   0.0   
192   A     0.89  0.0   0.0   0.0   0.0   0.0   0.0   0.11  0.0   0.0   0.0   0.0   0.0   0.0   0.0   0.0   0.0   0.0   0.0   0.0   
193   G     0.0   0.0   0.0   0.0   0.0   0.0   0.0   0.82  0.0   0.0   0.0   0.0   0.0   0.0   0.0   0.0   0.08  0.0   0.0   0.1   
194   I     0.0   0.0   0.0   0.0   0.0   0.0   0.0   0.0   0.0   0.33  0.67  0.0   0.0   0.0   0.0   0.0   0.0   0.0   0.0   0.0   
195   L     0.0   0.0   0.0   0.0   0.0   0.0   0.0   0.0   0.0   0.1   0.64  0.0   0.1   0.0   0.0   0.0   0.0   0.0   0.0   0.16  
196   S     0.0   0.0   0.0   0.0   0.0   0.0   0.0   0.0   0.0   0.0   0.0   0.0   0.0   0.0   0.0   1.0   0.0   0.0   0.0   0.0   
197   S     0.05  0.0   0.0   0.0   0.0   0.0   0.0   0.0   0.0   0.0   0.0   0.0   0.0   0.0   0.0   0.95  0.0   0.0   0.0   0.0   
198   K     0.0   0.04  0.0   0.0   0.0   0.0   0.0   0.0   0.0   0.14  0.0   0.1   0.0   0.14  0.22  0.0   0.03  0.0   0.33  0.0   
199   S     0.0   0.0   0.0   0.0   0.0   0.1   0.0   0.55  0.0   0.0   0.0   0.06  0.0   0.0   0.0   0.19  0.1   0.0   0.0   0.0   
200   E     0.0   0.0   0.0   0.0   0.0   0.0   1.0   0.0   0.0   0.0   0.0   0.0   0.0   0.0   0.0   0.0   0.0   0.0   0.0   0.0   
201   S     0.02  0.01  0.01  0.01  0.0   0.01  0.01  0.02  0.0   0.01  0.51  0.01  0.04  0.01  0.01  0.16  0.13  0.0   0.01  0.01  
202   I     0.02  0.03  0.01  0.01  0.0   0.15  0.07  0.02  0.0   0.19  0.17  0.13  0.01  0.01  0.01  0.02  0.01  0.0   0.01  0.13  
203   Y     0.02  0.01  0.01  0.01  0.0   0.01  0.01  0.02  0.35  0.01  0.02  0.01  0.01  0.11  0.01  0.02  0.01  0.0   0.33  0.01  
204   C     0.41  0.01  0.01  0.01  0.16  0.01  0.01  0.02  0.0   0.01  0.02  0.01  0.01  0.04  0.01  0.2   0.01  0.0   0.01  0.01  
205   L     0.0   0.0   0.0   0.0   0.05  0.0   0.0   0.0   0.0   0.03  0.81  0.0   0.0   0.0   0.0   0.06  0.0   0.0   0.0   0.06  
206   D     0.03  0.02  0.02  0.24  0.01  0.02  0.18  0.13  0.01  0.02  0.03  0.02  0.01  0.01  0.02  0.15  0.05  0.0   0.01  0.02  
207   S     0.0   0.0   0.04  0.2   0.0   0.0   0.0   0.06  0.18  0.0   0.0   0.0   0.0   0.0   0.0   0.49  0.03  0.0   0.0   0.0   
208   A     0.29  0.08  0.0   0.21  0.0   0.0   0.06  0.09  0.0   0.0   0.0   0.17  0.0   0.0   0.04  0.0   0.06  0.0   0.0   0.0   
209   S     0.08  0.0   0.03  0.06  0.03  0.0   0.16  0.0   0.04  0.06  0.0   0.11  0.0   0.15  0.0   0.25  0.0   0.0   0.0   0.0   
210   P     0.23  0.0   0.0   0.0   0.05  0.0   0.03  0.0   0.0   0.11  0.0   0.0   0.0   0.0   0.52  0.04  0.0   0.0   0.0   0.0   
211   N     0.0   0.0   0.14  0.22  0.0   0.03  0.19  0.0   0.09  0.0   0.06  0.23  0.0   0.0   0.0   0.0   0.0   0.0   0.0   0.05  
212   R     0.0   0.26  0.1   0.0   0.0   0.0   0.0   0.0   0.16  0.04  0.08  0.12  0.0   0.08  0.0   0.0   0.0   0.0   0.0   0.16  
213   V     0.01  0.19  0.0   0.0   0.0   0.06  0.1   0.01  0.0   0.08  0.09  0.17  0.0   0.0   0.0   0.01  0.0   0.0   0.0   0.26  
214   G     0.17  0.1   0.0   0.13  0.0   0.0   0.02  0.14  0.0   0.0   0.0   0.0   0.0   0.0   0.41  0.02  0.0   0.0   0.0   0.0   
215   F     0.0   0.0   0.0   0.0   0.0   0.0   0.0   0.0   0.0   0.0   0.23  0.0   0.0   0.77  0.0   0.0   0.0   0.0   0.0   0.0   
216   D     0.0   0.0   0.13  0.66  0.0   0.0   0.21  0.0   0.0   0.0   0.0   0.0   0.0   0.0   0.0   0.0   0.0   0.0   0.0   0.0   
217   L     0.0   0.0   0.0   0.0   0.0   0.0   0.0   0.0   0.0   0.18  0.32  0.0   0.0   0.0   0.47  0.0   0.0   0.0   0.0   0.04  
218   M     0.11  0.0   0.04  0.17  0.0   0.0   0.22  0.0   0.04  0.0   0.06  0.19  0.15  0.03  0.0   0.0   0.0   0.0   0.0   0.0   
219   R     0.09  0.14  0.0   0.07  0.0   0.16  0.06  0.0   0.0   0.02  0.0   0.05  0.0   0.0   0.0   0.11  0.12  0.0   0.0   0.18  
220   I     0.26  0.0   0.0   0.0   0.03  0.0   0.0   0.0   0.0   0.21  0.08  0.0   0.0   0.0   0.0   0.0   0.27  0.0   0.0   0.16  
221   M     0.35  0.0   0.0   0.0   0.2   0.0   0.0   0.03  0.0   0.1   0.06  0.0   0.26  0.0   0.0   0.0   0.0   0.0   0.0   0.0   
222   N     0.02  0.35  0.12  0.08  0.03  0.0   0.0   0.0   0.0   0.05  0.05  0.06  0.0   0.0   0.0   0.0   0.0   0.0   0.0   0.24  
223   T     0.0   0.0   0.0   0.0   0.0   0.38  0.02  0.0   0.0   0.0   0.1   0.0   0.0   0.0   0.0   0.0   0.41  0.0   0.0   0.08  
224   R     0.0   0.1   0.0   0.0   0.0   0.0   0.3   0.06  0.0   0.0   0.04  0.11  0.0   0.0   0.35  0.0   0.0   0.0   0.0   0.04  
225   Y     0.0   0.0   0.0   0.0   0.16  0.0   0.0   0.0   0.0   0.0   0.0   0.0   0.0   0.1   0.0   0.0   0.0   0.0   0.74  0.0   
226   R     0.0   0.26  0.1   0.12  0.0   0.14  0.1   0.0   0.0   0.03  0.11  0.0   0.0   0.0   0.09  0.03  0.02  0.0   0.0   0.0   
227   I     0.0   0.0   0.0   0.22  0.0   0.0   0.0   0.0   0.0   0.65  0.0   0.0   0.0   0.0   0.0   0.0   0.1   0.0   0.0   0.03  
228   D     0.0   0.0   0.0   0.36  0.0   0.14  0.0   0.0   0.0   0.0   0.0   0.0   0.0   0.0   0.0   0.18  0.28  0.0   0.0   0.04  
229   T     0.0   0.0   0.02  0.09  0.0   0.03  0.11  0.04  0.0   0.11  0.0   0.06  0.0   0.0   0.02  0.05  0.46  0.0   0.0   0.0   
230   F     0.0   0.0   0.0   0.0   0.0   0.0   0.0   0.0   0.0   0.0   0.06  0.0   0.06  0.45  0.1   0.0   0.0   0.0   0.34  0.0   
231   Q     0.0   0.0   0.0   0.0   0.0   1.0   0.0   0.0   0.0   0.0   0.0   0.0   0.0   0.0   0.0   0.0   0.0   0.0   0.0   0.0   
232   K     0.0   0.06  0.0   0.07  0.0   0.04  0.17  0.0   0.0   0.0   0.0   0.14  0.0   0.0   0.48  0.04  0.0   0.0   0.0   0.0   
233   T     0.1   0.0   0.0   0.0   0.0   0.0   0.0   0.0   0.0   0.21  0.24  0.03  0.0   0.0   0.0   0.0   0.21  0.0   0.0   0.21  
234   Y     0.0   0.0   0.0   0.0   0.0   0.0   0.0   0.0   0.0   0.0   0.18  0.0   0.0   0.0   0.0   0.0   0.0   0.0   0.82  0.0   
235   F     0.0   0.0   0.0   0.0   0.0   0.0   0.0   0.0   0.0   0.0   0.0   0.0   0.0   0.8   0.0   0.0   0.0   0.0   0.2   0.0   
236   V     0.0   0.0   0.0   0.0   0.0   0.0   0.08  0.0   0.0   0.0   0.03  0.0   0.0   0.0   0.0   0.1   0.0   0.0   0.0   0.78  
237   I     0.3   0.0   0.0   0.0   0.0   0.0   0.0   0.0   0.0   0.25  0.17  0.0   0.0   0.0   0.0   0.24  0.04  0.0   0.0   0.0   
238   D     0.0   0.1   0.0   0.32  0.0   0.0   0.4   0.0   0.0   0.0   0.0   0.0   0.0   0.0   0.17  0.0   0.0   0.0   0.0   0.0   
239   S     0.0   0.0   0.0   0.11  0.0   0.0   0.0   0.0   0.1   0.0   0.0   0.0   0.0   0.0   0.0   0.78  0.0   0.0   0.0   0.0   
240   F     0.0   0.0   0.0   0.0   0.0   0.0   0.0   0.0   0.0   0.13  0.11  0.0   0.08  0.68  0.0   0.0   0.0   0.0   0.0   0.0   
241   K     0.0   0.0   0.03  0.26  0.0   0.09  0.33  0.0   0.0   0.0   0.0   0.13  0.0   0.0   0.0   0.16  0.0   0.0   0.0   0.0   
242   Q     0.07  0.1   0.0   0.13  0.0   0.18  0.33  0.0   0.0   0.0   0.0   0.04  0.0   0.0   0.0   0.05  0.09  0.0   0.0   0.0   
243   L     0.23  0.0   0.0   0.0   0.0   0.0   0.0   0.0   0.0   0.0   0.54  0.0   0.06  0.0   0.0   0.0   0.06  0.0   0.0   0.1   
244   F     0.0   0.08  0.0   0.0   0.0   0.06  0.11  0.0   0.0   0.0   0.0   0.25  0.0   0.28  0.0   0.0   0.0   0.0   0.08  0.13  
245   D     0.06  0.0   0.0   0.53  0.0   0.15  0.25  0.0   0.0   0.0   0.0   0.0   0.0   0.0   0.0   0.0   0.0   0.0   0.0   0.0   
246   A     0.42  0.0   0.0   0.0   0.0   0.0   0.0   0.0   0.0   0.0   0.39  0.11  0.0   0.0   0.0   0.0   0.0   0.0   0.0   0.08  
247   T     0.11  0.0   0.0   0.0   0.0   0.11  0.0   0.0   0.0   0.0   0.0   0.0   0.0   0.0   0.0   0.11  0.68  0.0   0.0   0.0   
248   A     0.14  0.08  0.0   0.0   0.0   0.23  0.0   0.0   0.0   0.16  0.09  0.0   0.0   0.0   0.0   0.19  0.12  0.0   0.0   0.0   
249   P     0.15  0.26  0.0   0.0   0.0   0.0   0.13  0.0   0.0   0.0   0.0   0.0   0.0   0.0   0.46  0.0   0.0   0.0   0.0   0.0   
250   D     0.0   0.0   0.0   1.0   0.0   0.0   0.0   0.0   0.0   0.0   0.0   0.0   0.0   0.0   0.0   0.0   0.0   0.0   0.0   0.0   
251   F     0.0   0.0   0.0   0.0   0.0   0.0   0.0   0.0   0.0   0.16  0.0   0.0   0.0   0.66  0.0   0.0   0.0   0.0   0.0   0.18  
252   A     0.21  0.0   0.0   0.0   0.0   0.0   0.19  0.14  0.0   0.0   0.0   0.0   0.34  0.0   0.0   0.0   0.12  0.0   0.0   0.0   
253   P     0.67  0.0   0.0   0.0   0.0   0.0   0.0   0.0   0.0   0.0   0.0   0.0   0.0   0.0   0.33  0.0   0.0   0.0   0.0   0.0   
254   L     0.0   0.0   0.0   0.0   0.0   0.0   0.0   0.0   0.0   0.33  0.67  0.0   0.0   0.0   0.0   0.0   0.0   0.0   0.0   0.0   
255   Y     0.0   0.0   0.0   0.0   0.0   0.0   0.0   0.0   0.0   0.0   0.0   0.0   0.0   0.0   0.0   0.0   0.0   0.0   0.55  0.45  
256   L     0.21  0.0   0.0   0.0   0.0   0.0   0.31  0.0   0.0   0.0   0.25  0.0   0.0   0.0   0.0   0.0   0.0   0.23  0.0   0.0   
257   Q     0.14  0.37  0.0   0.0   0.0   0.48  0.0   0.0   0.0   0.0   0.0   0.0   0.0   0.0   0.0   0.0   0.0   0.0   0.0   0.0   
258   L     0.0   0.28  0.0   0.0   0.0   0.0   0.0   0.0   0.0   0.0   0.72  0.0   0.0   0.0   0.0   0.0   0.0   0.0   0.0   0.0   
259   A     0.54  0.0   0.0   0.0   0.0   0.0   0.0   0.19  0.0   0.0   0.0   0.28  0.0   0.0   0.0   0.0   0.0   0.0   0.0   0.0   
260   D     0.0   0.0   0.0   0.59  0.0   0.0   0.0   0.0   0.0   0.0   0.0   0.0   0.0   0.0   0.0   0.22  0.19  0.0   0.0   0.0   
261   A     0.32  0.0   0.0   0.0   0.0   0.28  0.0   0.0   0.0   0.0   0.19  0.0   0.0   0.0   0.0   0.0   0.0   0.0   0.0   0.22  
262   Q     0.0   0.0   0.0   0.0   0.0   0.32  0.0   0.0   0.0   0.0   0.0   0.28  0.0   0.0   0.19  0.22  0.0   0.0   0.0   0.0   
263   P     0.0   0.0   0.0   0.3   0.0   0.0   0.0   0.0   0.0   0.0   0.0   0.0   0.0   0.0   0.44  0.0   0.25  0.0   0.0   0.0   
264   W     0.0   0.0   0.0   0.0   0.0   0.0   0.0   0.0   0.0   0.3   0.0   0.0   0.0   0.25  0.0   0.0   0.0   0.44  0.0   0.0   
265   G     0.0   0.0   0.0   0.0   0.0   0.0   0.0   1.0   0.0   0.0   0.0   0.0   0.0   0.0   0.0   0.0   0.0   0.0   0.0   0.0   
266   A     0.7   0.0   0.0   0.0   0.0   0.0   0.0   0.0   0.0   0.0   0.0   0.0   0.0   0.0   0.0   0.0   0.0   0.0   0.0   0.3   
267   G     0.3   0.0   0.0   0.0   0.0   0.0   0.0   0.7   0.0   0.0   0.0   0.0   0.0   0.0   0.0   0.0   0.0   0.0   0.0   0.0   
268   D     0.0   0.0   0.0   0.7   0.0   0.0   0.3   0.0   0.0   0.0   0.0   0.0   0.0   0.0   0.0   0.0   0.0   0.0   0.0   0.0   
269   I     0.0   0.0   0.0   0.0   0.0   0.0   0.0   0.0   0.0   0.52  0.0   0.0   0.0   0.0   0.0   0.0   0.0   0.0   0.0   0.48  
270   A     0.44  0.0   0.0   0.0   0.0   0.0   0.0   0.0   0.0   0.0   0.0   0.0   0.0   0.0   0.0   0.0   0.0   0.0   0.0   0.56  
271   P     0.0   0.0   0.0   0.25  0.0   0.0   0.0   0.0   0.0   0.0   0.0   0.0   0.0   0.0   0.75  0.0   0.0   0.0   0.0   0.0   
272   D     0.0   0.0   0.0   0.44  0.0   0.0   0.0   0.56  0.0   0.0   0.0   0.0   0.0   0.0   0.0   0.0   0.0   0.0   0.0   0.0   
273   D     0.0   0.0   0.0   1.0   0.0   0.0   0.0   0.0   0.0   0.0   0.0   0.0   0.0   0.0   0.0   0.0   0.0   0.0   0.0   0.0   
274   L     0.56  0.0   0.0   0.0   0.0   0.0   0.0   0.0   0.0   0.0   0.44  0.0   0.0   0.0   0.0   0.0   0.0   0.0   0.0   0.0   
275   V     0.0   0.0   0.0   0.0   0.0   0.0   0.0   0.0   0.0   0.0   0.0   0.0   0.0   0.0   0.0   0.0   0.0   0.0   0.0   1.0   
276   L     0.0   0.0   0.0   0.0   0.0   0.0   0.0   0.0   0.0   0.0   1.0   0.0   0.0   0.0   0.0   0.0   0.0   0.0   0.0   0.0   
