             A     R     N     D     C     Q     E     G     H     I     L     K     M     F     P     S     T     W     Y     V
1     H     0.0   0.0   0.0   0.0   0.0   0.0   0.0   0.0   0.5   0.0   0.0   0.0   0.0   0.0   0.0   0.0   0.0   0.26  0.24  0.0   
2     M     0.0   0.0   0.0   0.0   0.16  0.0   0.0   0.0   0.0   0.13  0.0   0.0   0.71  0.0   0.0   0.0   0.0   0.0   0.0   0.0   
3     D     0.0   0.0   0.11  0.48  0.0   0.0   0.31  0.0   0.0   0.0   0.0   0.1   0.0   0.0   0.0   0.0   0.0   0.0   0.0   0.0   
4     P     0.09  0.0   0.0   0.0   0.0   0.0   0.0   0.0   0.0   0.0   0.0   0.0   0.0   0.0   0.91  0.0   0.0   0.0   0.0   0.0   
5     V     0.07  0.16  0.0   0.0   0.0   0.22  0.27  0.0   0.0   0.0   0.0   0.09  0.0   0.0   0.0   0.0   0.0   0.0   0.0   0.2   
6     Q     0.08  0.0   0.07  0.0   0.0   0.4   0.0   0.0   0.0   0.13  0.0   0.19  0.0   0.0   0.0   0.13  0.0   0.0   0.0   0.0   
7     L     0.11  0.0   0.0   0.0   0.0   0.0   0.0   0.0   0.0   0.3   0.32  0.0   0.0   0.08  0.0   0.0   0.0   0.0   0.0   0.2   
8     V     0.68  0.0   0.0   0.0   0.0   0.0   0.0   0.0   0.0   0.08  0.11  0.0   0.0   0.0   0.0   0.0   0.0   0.0   0.0   0.13  
9     N     0.0   0.0   0.29  0.24  0.0   0.1   0.0   0.0   0.0   0.0   0.0   0.0   0.0   0.07  0.0   0.3   0.0   0.0   0.0   0.0   
10    F     0.0   0.0   0.0   0.0   0.0   0.0   0.0   0.0   0.0   0.06  0.46  0.0   0.0   0.29  0.0   0.0   0.0   0.0   0.12  0.06  
11    L     0.0   0.0   0.0   0.0   0.0   0.0   0.0   0.0   0.0   0.48  0.52  0.0   0.0   0.0   0.0   0.0   0.0   0.0   0.0   0.0   
12    Q     0.08  0.16  0.0   0.14  0.0   0.15  0.0   0.0   0.0   0.13  0.07  0.27  0.0   0.0   0.0   0.0   0.0   0.0   0.0   0.0   
13    S     0.0   0.15  0.32  0.1   0.0   0.18  0.0   0.08  0.0   0.0   0.0   0.06  0.0   0.0   0.0   0.04  0.0   0.0   0.06  0.0   
14    E     0.0   0.0   0.0   0.0   0.0   0.0   1.0   0.0   0.0   0.0   0.0   0.0   0.0   0.0   0.0   0.0   0.0   0.0   0.0   0.0   
15    H     0.0   0.0   0.0   0.0   0.0   0.0   0.0   0.0   0.88  0.0   0.0   0.0   0.0   0.0   0.0   0.0   0.0   0.0   0.12  0.0   
16    P     0.0   0.0   0.0   0.0   0.0   0.0   0.0   0.0   0.0   0.0   0.0   0.0   0.0   0.0   1.0   0.0   0.0   0.0   0.0   0.0   
17    Q     0.0   0.0   0.0   0.0   0.0   1.0   0.0   0.0   0.0   0.0   0.0   0.0   0.0   0.0   0.0   0.0   0.0   0.0   0.0   0.0   
18    T     0.0   0.0   0.0   0.0   0.0   0.0   0.0   0.0   0.0   0.44  0.0   0.0   0.0   0.0   0.0   0.0   0.56  0.0   0.0   0.0   
19    I     0.0   0.0   0.0   0.0   0.0   0.12  0.0   0.0   0.0   0.68  0.07  0.0   0.06  0.0   0.0   0.0   0.0   0.0   0.0   0.07  
20    A     0.8   0.0   0.0   0.0   0.0   0.0   0.0   0.0   0.0   0.0   0.0   0.0   0.0   0.0   0.0   0.0   0.2   0.0   0.0   0.0   
21    V     0.0   0.0   0.0   0.0   0.0   0.0   0.0   0.0   0.0   0.12  0.24  0.0   0.0   0.0   0.0   0.0   0.32  0.0   0.15  0.17  
22    V     0.0   0.0   0.0   0.0   0.0   0.0   0.0   0.0   0.0   0.56  0.0   0.0   0.0   0.07  0.0   0.0   0.0   0.0   0.0   0.37  
23    L     0.0   0.0   0.0   0.0   0.0   0.0   0.0   0.0   0.0   0.0   0.94  0.0   0.0   0.0   0.0   0.0   0.0   0.0   0.0   0.06  
24    S     0.13  0.0   0.0   0.0   0.0   0.0   0.0   0.0   0.0   0.14  0.0   0.0   0.07  0.0   0.0   0.55  0.0   0.0   0.0   0.1   
25    Y     0.0   0.0   0.0   0.0   0.06  0.07  0.0   0.0   0.17  0.0   0.0   0.12  0.15  0.0   0.0   0.0   0.0   0.0   0.43  0.0   
26    L     0.0   0.0   0.0   0.0   0.0   0.0   0.0   0.0   0.0   0.0   0.79  0.0   0.15  0.0   0.0   0.0   0.0   0.0   0.0   0.07  
27    D     0.0   0.0   0.14  0.29  0.0   0.0   0.13  0.0   0.0   0.0   0.0   0.23  0.0   0.0   0.15  0.07  0.0   0.0   0.0   0.0   
28    P     0.07  0.18  0.0   0.0   0.0   0.0   0.0   0.0   0.0   0.0   0.0   0.14  0.0   0.0   0.4   0.21  0.0   0.0   0.0   0.0   
29    P     0.1   0.07  0.14  0.19  0.0   0.05  0.06  0.0   0.0   0.0   0.0   0.07  0.0   0.0   0.11  0.15  0.0   0.0   0.0   0.06  
30    V     0.0   0.0   0.07  0.0   0.0   0.42  0.0   0.0   0.2   0.0   0.0   0.12  0.0   0.15  0.0   0.0   0.0   0.0   0.0   0.04  
31    A     0.58  0.0   0.0   0.0   0.0   0.0   0.0   0.15  0.0   0.0   0.0   0.0   0.0   0.0   0.0   0.27  0.0   0.0   0.0   0.0   
32    A     0.82  0.0   0.0   0.0   0.0   0.0   0.0   0.06  0.0   0.0   0.0   0.0   0.0   0.0   0.0   0.12  0.0   0.0   0.0   0.0   
33    Q     0.0   0.12  0.08  0.1   0.0   0.1   0.33  0.0   0.0   0.0   0.0   0.22  0.0   0.05  0.0   0.0   0.0   0.0   0.0   0.0   
34    I     0.0   0.0   0.0   0.0   0.0   0.0   0.0   0.0   0.0   0.46  0.0   0.0   0.0   0.0   0.0   0.0   0.07  0.0   0.0   0.47  
35    L     0.0   0.0   0.0   0.0   0.0   0.0   0.0   0.0   0.0   0.07  0.93  0.0   0.0   0.0   0.0   0.0   0.0   0.0   0.0   0.0   
36    G     0.23  0.0   0.0   0.0   0.0   0.07  0.0   0.1   0.0   0.0   0.15  0.0   0.0   0.0   0.0   0.45  0.0   0.0   0.0   0.0   
37    A     0.04  0.07  0.07  0.0   0.07  0.14  0.06  0.0   0.06  0.06  0.1   0.0   0.0   0.06  0.0   0.05  0.07  0.0   0.15  0.0   
38    L     0.0   0.0   0.0   0.0   0.0   0.0   0.0   0.0   0.0   0.07  0.5   0.0   0.0   0.43  0.0   0.0   0.0   0.0   0.0   0.0   
39    P     0.06  0.0   0.06  0.16  0.0   0.0   0.08  0.0   0.0   0.0   0.0   0.0   0.0   0.0   0.43  0.22  0.0   0.0   0.0   0.0   
40    E     0.0   0.0   0.0   0.29  0.0   0.06  0.48  0.0   0.06  0.0   0.0   0.0   0.0   0.0   0.06  0.0   0.05  0.0   0.0   0.0   
41    E     0.0   0.16  0.08  0.12  0.0   0.0   0.36  0.0   0.0   0.0   0.0   0.28  0.0   0.0   0.0   0.0   0.0   0.0   0.0   0.0   
42    L     0.0   0.0   0.0   0.06  0.0   0.15  0.0   0.0   0.0   0.0   0.35  0.14  0.07  0.07  0.0   0.0   0.0   0.0   0.0   0.17  
43    Q     0.19  0.37  0.0   0.0   0.07  0.15  0.0   0.0   0.0   0.0   0.0   0.14  0.0   0.0   0.0   0.08  0.0   0.0   0.0   0.0   
44    T     0.26  0.0   0.0   0.0   0.0   0.0   0.0   0.0   0.1   0.0   0.33  0.07  0.0   0.0   0.08  0.0   0.17  0.0   0.0   0.0   
45    E     0.0   0.0   0.05  0.43  0.0   0.0   0.52  0.0   0.0   0.0   0.0   0.0   0.0   0.0   0.0   0.0   0.0   0.0   0.0   0.0   
46    V     0.0   0.0   0.0   0.0   0.07  0.0   0.0   0.0   0.0   0.49  0.06  0.0   0.0   0.0   0.0   0.0   0.0   0.0   0.0   0.38  
47    L     0.11  0.0   0.0   0.0   0.0   0.0   0.0   0.0   0.0   0.14  0.18  0.0   0.17  0.0   0.0   0.07  0.0   0.0   0.0   0.33  
48    K     0.0   0.19  0.21  0.0   0.0   0.0   0.0   0.0   0.0   0.07  0.25  0.12  0.06  0.0   0.0   0.0   0.07  0.0   0.0   0.0   
49    R     0.0   0.95  0.0   0.0   0.0   0.0   0.0   0.0   0.0   0.0   0.0   0.0   0.0   0.05  0.0   0.0   0.0   0.0   0.0   0.0   
50    I     0.08  0.0   0.0   0.0   0.0   0.0   0.0   0.0   0.0   0.47  0.0   0.0   0.27  0.0   0.0   0.0   0.07  0.0   0.0   0.12  
51    A     0.55  0.0   0.0   0.0   0.0   0.0   0.0   0.0   0.0   0.0   0.12  0.0   0.0   0.0   0.0   0.18  0.0   0.0   0.0   0.15  
52    L     0.0   0.07  0.28  0.0   0.0   0.0   0.0   0.0   0.05  0.07  0.24  0.06  0.0   0.0   0.0   0.06  0.12  0.0   0.0   0.06  
53    L     0.0   0.0   0.0   0.0   0.0   0.0   0.0   0.0   0.0   0.08  0.36  0.15  0.3   0.05  0.0   0.0   0.0   0.0   0.0   0.06  
54    E     0.0   0.0   0.06  0.11  0.0   0.0   0.44  0.11  0.0   0.0   0.0   0.22  0.0   0.0   0.0   0.0   0.0   0.05  0.0   0.0   
55    R     0.06  0.21  0.15  0.0   0.0   0.0   0.2   0.05  0.0   0.0   0.14  0.0   0.0   0.0   0.07  0.07  0.06  0.0   0.0   0.0   
56    T     0.0   0.05  0.07  0.0   0.0   0.0   0.0   0.08  0.0   0.07  0.0   0.0   0.0   0.0   0.0   0.0   0.22  0.0   0.0   0.51  
57    S     0.06  0.0   0.15  0.0   0.0   0.38  0.0   0.0   0.0   0.0   0.08  0.0   0.0   0.0   0.0   0.29  0.0   0.0   0.0   0.0   
58    P     0.06  0.07  0.0   0.0   0.0   0.0   0.08  0.0   0.0   0.08  0.01  0.06  0.0   0.0   0.54  0.0   0.0   0.0   0.0   0.07  
59    E     0.05  0.0   0.0   0.07  0.0   0.2   0.35  0.0   0.0   0.0   0.0   0.08  0.0   0.0   0.0   0.18  0.07  0.0   0.0   0.0   
60    V     0.37  0.0   0.0   0.0   0.0   0.0   0.0   0.0   0.0   0.12  0.07  0.0   0.0   0.08  0.0   0.0   0.0   0.0   0.07  0.28  
61    V     0.15  0.0   0.0   0.0   0.0   0.0   0.0   0.0   0.0   0.18  0.29  0.07  0.0   0.0   0.0   0.0   0.0   0.0   0.0   0.31  
62    K     0.24  0.05  0.12  0.07  0.0   0.07  0.06  0.0   0.0   0.0   0.0   0.4   0.0   0.0   0.0   0.0   0.0   0.0   0.0   0.0   
63    E     0.0   0.07  0.06  0.0   0.0   0.0   0.45  0.0   0.0   0.3   0.0   0.07  0.0   0.0   0.0   0.06  0.0   0.0   0.0   0.0   
64    I     0.0   0.0   0.0   0.0   0.0   0.0   0.0   0.0   0.0   0.41  0.36  0.0   0.0   0.0   0.0   0.0   0.0   0.0   0.0   0.23  
65    E     0.07  0.0   0.12  0.08  0.0   0.0   0.5   0.0   0.0   0.0   0.06  0.0   0.0   0.0   0.0   0.07  0.1   0.0   0.0   0.0   
66    R     0.08  0.15  0.15  0.0   0.0   0.07  0.16  0.0   0.0   0.0   0.06  0.19  0.07  0.0   0.0   0.0   0.07  0.0   0.0   0.0   
67    N     0.0   0.08  0.18  0.0   0.0   0.0   0.0   0.0   0.0   0.25  0.15  0.0   0.0   0.0   0.0   0.0   0.12  0.0   0.0   0.22  
68    L     0.01  0.0   0.0   0.0   0.0   0.0   0.0   0.0   0.0   0.08  0.72  0.0   0.06  0.0   0.0   0.0   0.0   0.0   0.0   0.08  
69    E     0.0   0.12  0.18  0.0   0.0   0.0   0.42  0.0   0.0   0.07  0.07  0.14  0.0   0.0   0.0   0.0   0.0   0.0   0.0   0.0   
70    K     0.0   0.07  0.14  0.0   0.0   0.06  0.07  0.1   0.0   0.0   0.0   0.36  0.08  0.0   0.0   0.0   0.12  0.0   0.0   0.0   
71    K     0.0   0.0   0.0   0.0   0.0   0.12  0.34  0.0   0.0   0.0   0.16  0.29  0.0   0.0   0.0   0.0   0.0   0.0   0.08  0.0   
72    I     0.08  0.0   0.0   0.0   0.0   0.08  0.0   0.0   0.0   0.25  0.27  0.07  0.0   0.25  0.0   0.0   0.0   0.0   0.0   0.0   
73    S     0.18  0.0   0.08  0.18  0.0   0.0   0.14  0.0   0.0   0.0   0.14  0.0   0.12  0.0   0.0   0.17  0.0   0.0   0.0   0.0   
74    G     0.07  0.08  0.0   0.0   0.0   0.0   0.0   0.27  0.0   0.07  0.0   0.0   0.0   0.0   0.0   0.51  0.0   0.0   0.0   0.0   
75    F     0.06  0.0   0.27  0.0   0.0   0.16  0.06  0.0   0.0   0.0   0.19  0.0   0.08  0.12  0.0   0.0   0.06  0.0   0.0   0.0   
76    V     0.12  0.0   0.0   0.0   0.0   0.0   0.0   0.0   0.0   0.06  0.27  0.06  0.16  0.0   0.0   0.15  0.06  0.0   0.0   0.11  
77    G     0.07  0.0   0.15  0.0   0.0   0.0   0.07  0.58  0.0   0.0   0.0   0.0   0.0   0.0   0.08  0.06  0.0   0.0   0.0   0.0   
78    G     0.06  0.0   0.0   0.0   0.0   0.0   0.0   0.88  0.0   0.0   0.0   0.0   0.0   0.0   0.0   0.07  0.0   0.0   0.0   0.0   
79    I     0.0   0.0   0.0   0.0   0.0   0.0   0.0   0.0   0.12  0.32  0.13  0.0   0.0   0.0   0.08  0.07  0.07  0.0   0.0   0.21  
80    D     0.15  0.17  0.0   0.1   0.0   0.0   0.18  0.0   0.0   0.0   0.0   0.26  0.0   0.0   0.0   0.0   0.07  0.0   0.0   0.08  
81    T     0.19  0.06  0.05  0.0   0.0   0.0   0.0   0.0   0.0   0.0   0.0   0.15  0.07  0.0   0.0   0.0   0.36  0.0   0.0   0.13  
82    A     0.48  0.0   0.0   0.0   0.0   0.0   0.0   0.0   0.0   0.08  0.0   0.0   0.12  0.0   0.0   0.0   0.0   0.0   0.0   0.32  
83    A     0.82  0.0   0.0   0.0   0.0   0.0   0.0   0.0   0.0   0.0   0.0   0.0   0.0   0.0   0.0   0.0   0.0   0.0   0.0   0.18  
84    E     0.0   0.0   0.0   0.19  0.0   0.06  0.74  0.0   0.0   0.0   0.0   0.0   0.0   0.0   0.0   0.0   0.0   0.0   0.0   0.0   
85    I     0.0   0.0   0.0   0.0   0.0   0.0   0.0   0.0   0.0   0.65  0.22  0.0   0.0   0.0   0.0   0.0   0.0   0.0   0.0   0.13  
86    M     0.0   0.0   0.0   0.0   0.0   0.0   0.0   0.0   0.0   0.15  0.34  0.0   0.31  0.19  0.0   0.0   0.0   0.0   0.0   0.0   
87    N     0.0   0.0   0.92  0.0   0.0   0.0   0.0   0.0   0.0   0.0   0.0   0.08  0.0   0.0   0.0   0.0   0.0   0.0   0.0   0.0   
88    N     0.0   0.07  0.17  0.0   0.0   0.0   0.15  0.06  0.0   0.0   0.18  0.0   0.05  0.0   0.0   0.14  0.07  0.0   0.12  0.0   
89    L     0.05  0.0   0.0   0.0   0.0   0.0   0.0   0.0   0.0   0.08  0.45  0.0   0.24  0.12  0.0   0.0   0.0   0.0   0.0   0.06  
90    D     0.0   0.0   0.0   0.54  0.0   0.0   0.08  0.07  0.0   0.0   0.0   0.32  0.0   0.0   0.0   0.0   0.0   0.0   0.0   0.0   
91    R     0.0   0.35  0.06  0.0   0.0   0.07  0.0   0.0   0.0   0.14  0.0   0.22  0.0   0.0   0.0   0.06  0.1   0.0   0.0   0.0   
92    T     0.0   0.0   0.06  0.08  0.0   0.23  0.14  0.06  0.0   0.0   0.0   0.18  0.0   0.0   0.15  0.06  0.04  0.0   0.0   0.0   
93    T     0.0   0.0   0.0   0.07  0.0   0.32  0.0   0.0   0.06  0.12  0.0   0.0   0.0   0.0   0.0   0.07  0.35  0.0   0.0   0.0   
94    E     0.07  0.07  0.0   0.0   0.0   0.0   0.72  0.0   0.0   0.0   0.0   0.0   0.0   0.0   0.0   0.0   0.0   0.0   0.0   0.15  
95    K     0.07  0.0   0.0   0.15  0.0   0.07  0.17  0.06  0.0   0.0   0.0   0.28  0.0   0.0   0.0   0.06  0.14  0.0   0.0   0.0   
96    K     0.1   0.12  0.07  0.0   0.0   0.06  0.06  0.0   0.0   0.0   0.07  0.12  0.0   0.05  0.0   0.0   0.27  0.0   0.0   0.06  
97    I     0.0   0.0   0.0   0.0   0.0   0.0   0.0   0.0   0.0   0.44  0.27  0.0   0.0   0.12  0.0   0.0   0.07  0.0   0.0   0.1   
98    M     0.0   0.0   0.0   0.0   0.0   0.0   0.0   0.0   0.0   0.34  0.49  0.0   0.17  0.0   0.0   0.0   0.0   0.0   0.0   0.0   
99    D     0.21  0.0   0.0   0.16  0.0   0.07  0.18  0.0   0.0   0.0   0.0   0.07  0.0   0.0   0.0   0.07  0.24  0.0   0.0   0.0   
100   K     0.17  0.07  0.06  0.0   0.0   0.0   0.0   0.06  0.0   0.0   0.0   0.2   0.0   0.0   0.0   0.44  0.0   0.0   0.0   0.0   
101   L     0.0   0.0   0.0   0.0   0.0   0.0   0.0   0.0   0.0   0.34  0.42  0.0   0.14  0.0   0.0   0.0   0.0   0.0   0.0   0.1   
102   V     0.0   0.23  0.07  0.0   0.0   0.0   0.44  0.07  0.0   0.0   0.0   0.0   0.0   0.08  0.0   0.06  0.0   0.0   0.0   0.04  
103   Q     0.0   0.0   0.0   0.0   0.0   0.11  0.4   0.0   0.0   0.06  0.0   0.06  0.0   0.0   0.0   0.15  0.15  0.0   0.0   0.07  
104   E     0.0   0.07  0.0   0.06  0.0   0.06  0.17  0.0   0.0   0.08  0.14  0.06  0.0   0.1   0.0   0.14  0.0   0.0   0.0   0.13  
105   N     0.0   0.0   0.31  0.55  0.0   0.0   0.0   0.0   0.0   0.0   0.0   0.0   0.0   0.0   0.0   0.15  0.0   0.0   0.0   0.0   
106   P     0.0   0.12  0.07  0.0   0.0   0.0   0.19  0.1   0.0   0.0   0.0   0.22  0.0   0.0   0.22  0.0   0.08  0.0   0.0   0.0   
107   E     0.0   0.0   0.07  0.26  0.0   0.06  0.39  0.0   0.0   0.0   0.07  0.07  0.0   0.0   0.0   0.0   0.0   0.0   0.0   0.08  
108   L     0.14  0.0   0.0   0.0   0.0   0.0   0.0   0.0   0.0   0.0   0.73  0.0   0.0   0.0   0.0   0.13  0.0   0.0   0.0   0.0   
109   A     0.72  0.0   0.0   0.0   0.0   0.0   0.07  0.0   0.0   0.0   0.0   0.0   0.0   0.0   0.0   0.06  0.07  0.0   0.0   0.08  
110   D     0.0   0.07  0.07  0.11  0.0   0.1   0.3   0.13  0.0   0.0   0.0   0.15  0.0   0.0   0.0   0.0   0.06  0.0   0.0   0.0   
111   E     0.07  0.27  0.0   0.0   0.0   0.12  0.15  0.0   0.0   0.0   0.0   0.38  0.0   0.0   0.0   0.0   0.0   0.0   0.0   0.0   
112   I     0.0   0.0   0.0   0.0   0.0   0.0   0.0   0.0   0.0   0.85  0.0   0.0   0.0   0.0   0.0   0.0   0.0   0.0   0.0   0.15  
113   R     0.0   0.26  0.0   0.0   0.0   0.06  0.06  0.0   0.0   0.24  0.0   0.38  0.0   0.0   0.0   0.0   0.0   0.0   0.0   0.0   
114   R     0.12  0.04  0.0   0.23  0.0   0.0   0.14  0.0   0.0   0.0   0.0   0.24  0.0   0.0   0.15  0.0   0.08  0.0   0.0   0.0   
115   R     0.0   0.1   0.0   0.0   0.0   0.0   0.24  0.0   0.0   0.0   0.25  0.34  0.07  0.0   0.0   0.0   0.0   0.0   0.0   0.0   
116   M     0.0   0.0   0.0   0.0   0.0   0.0   0.0   0.0   0.0   0.21  0.0   0.0   0.79  0.0   0.0   0.0   0.0   0.0   0.0   0.0   
117   F     0.0   0.0   0.0   0.0   0.0   0.0   0.0   0.0   0.0   0.0   0.08  0.0   0.0   0.92  0.0   0.0   0.0   0.0   0.0   0.0   
118   V     0.0   0.0   0.0   0.0   0.0   0.0   0.08  0.0   0.0   0.0   0.38  0.0   0.0   0.0   0.0   0.0   0.2   0.0   0.0   0.34  
119   F     0.0   0.0   0.0   0.0   0.0   0.0   0.0   0.0   0.0   0.0   0.0   0.0   0.0   1.0   0.0   0.0   0.0   0.0   0.0   0.0   
120   E     0.0   0.0   0.0   0.34  0.0   0.0   0.58  0.0   0.0   0.0   0.0   0.0   0.0   0.0   0.0   0.08  0.0   0.0   0.0   0.0   
121   D     0.0   0.0   0.36  0.64  0.0   0.0   0.0   0.0   0.0   0.0   0.0   0.0   0.0   0.0   0.0   0.0   0.0   0.0   0.0   0.0   
122   I     0.0   0.0   0.0   0.0   0.0   0.0   0.0   0.0   0.0   0.52  0.48  0.0   0.0   0.0   0.0   0.0   0.0   0.0   0.0   0.0   
123   L     0.06  0.07  0.0   0.0   0.0   0.0   0.0   0.0   0.0   0.08  0.12  0.0   0.07  0.0   0.0   0.07  0.0   0.0   0.0   0.53  
124   K     0.0   0.0   0.15  0.23  0.0   0.0   0.06  0.0   0.0   0.0   0.05  0.31  0.0   0.15  0.0   0.0   0.06  0.0   0.0   0.0   
125   L     0.0   0.0   0.0   0.0   0.0   0.0   0.0   0.0   0.0   0.07  0.56  0.0   0.15  0.0   0.0   0.0   0.0   0.0   0.0   0.23  
126   D     0.0   0.0   0.0   0.71  0.0   0.0   0.07  0.0   0.0   0.0   0.0   0.0   0.0   0.0   0.15  0.07  0.0   0.0   0.0   0.0   
127   D     0.0   0.0   0.13  0.58  0.0   0.16  0.0   0.0   0.0   0.0   0.0   0.0   0.0   0.0   0.07  0.06  0.0   0.0   0.0   0.0   
128   R     0.0   0.51  0.0   0.0   0.0   0.06  0.0   0.13  0.0   0.0   0.0   0.15  0.0   0.07  0.0   0.0   0.0   0.0   0.0   0.09  
129   S     0.13  0.0   0.0   0.07  0.0   0.0   0.0   0.19  0.0   0.0   0.0   0.0   0.0   0.0   0.0   0.38  0.0   0.0   0.23  0.0   
130   I     0.06  0.16  0.0   0.0   0.0   0.0   0.0   0.0   0.0   0.78  0.0   0.0   0.0   0.0   0.0   0.0   0.0   0.0   0.0   0.0   
131   Q     0.0   0.16  0.0   0.0   0.0   0.54  0.0   0.0   0.0   0.07  0.0   0.07  0.0   0.0   0.0   0.0   0.0   0.0   0.0   0.16  
132   L     0.06  0.26  0.0   0.0   0.08  0.08  0.14  0.0   0.0   0.07  0.12  0.06  0.0   0.0   0.0   0.0   0.13  0.0   0.0   0.0   
133   V     0.0   0.0   0.0   0.0   0.0   0.0   0.0   0.0   0.0   0.14  0.7   0.0   0.0   0.0   0.0   0.0   0.0   0.0   0.0   0.16  
134   L     0.0   0.0   0.0   0.0   0.0   0.0   0.0   0.0   0.0   0.22  0.63  0.0   0.06  0.08  0.0   0.0   0.0   0.0   0.0   0.0   
135   R     0.0   0.41  0.16  0.0   0.0   0.06  0.07  0.0   0.0   0.0   0.0   0.23  0.0   0.0   0.0   0.08  0.0   0.0   0.0   0.0   
136   E     0.0   0.0   0.21  0.28  0.0   0.0   0.22  0.07  0.0   0.0   0.0   0.0   0.0   0.0   0.0   0.0   0.0   0.0   0.0   0.23  
137   V     0.07  0.0   0.0   0.0   0.0   0.0   0.0   0.0   0.0   0.12  0.08  0.0   0.0   0.09  0.0   0.0   0.07  0.0   0.0   0.57  
138   D     0.0   0.0   0.0   0.36  0.0   0.0   0.21  0.0   0.0   0.0   0.0   0.0   0.0   0.0   0.22  0.22  0.0   0.0   0.0   0.0   
139   T     0.07  0.0   0.06  0.0   0.0   0.06  0.0   0.05  0.0   0.0   0.09  0.42  0.0   0.0   0.0   0.12  0.13  0.0   0.0   0.0   
140   R     0.0   0.04  0.07  0.4   0.0   0.05  0.27  0.0   0.0   0.0   0.0   0.07  0.0   0.0   0.0   0.0   0.0   0.0   0.09  0.0   
141   D     0.0   0.0   0.0   0.18  0.0   0.07  0.14  0.0   0.0   0.0   0.0   0.21  0.0   0.0   0.0   0.06  0.07  0.0   0.0   0.28  
142   L     0.0   0.0   0.0   0.0   0.0   0.0   0.0   0.0   0.0   0.08  0.92  0.0   0.0   0.0   0.0   0.0   0.0   0.0   0.0   0.0   
143   A     0.17  0.0   0.0   0.0   0.08  0.06  0.0   0.06  0.07  0.0   0.12  0.0   0.07  0.0   0.0   0.16  0.16  0.0   0.0   0.06  
144   L     0.0   0.0   0.0   0.0   0.0   0.0   0.09  0.0   0.0   0.28  0.3   0.11  0.16  0.0   0.0   0.0   0.0   0.0   0.0   0.06  
145   A     0.85  0.0   0.0   0.0   0.0   0.0   0.0   0.0   0.0   0.09  0.0   0.0   0.0   0.0   0.0   0.06  0.0   0.0   0.0   0.0   
146   L     0.0   0.0   0.0   0.0   0.0   0.0   0.0   0.0   0.0   0.0   0.91  0.0   0.09  0.0   0.0   0.0   0.0   0.0   0.0   0.0   
147   K     0.0   0.16  0.0   0.0   0.0   0.15  0.0   0.0   0.0   0.0   0.07  0.63  0.0   0.0   0.0   0.0   0.0   0.0   0.0   0.0   
148   G     0.0   0.0   0.07  0.0   0.0   0.0   0.0   0.59  0.0   0.0   0.0   0.0   0.0   0.0   0.0   0.12  0.07  0.0   0.0   0.15  
149   A     0.5   0.0   0.0   0.0   0.0   0.0   0.09  0.0   0.0   0.0   0.0   0.0   0.0   0.0   0.0   0.22  0.15  0.0   0.0   0.05  
150   S     0.08  0.0   0.06  0.17  0.0   0.0   0.06  0.0   0.0   0.0   0.0   0.09  0.0   0.0   0.07  0.32  0.14  0.0   0.0   0.0   
151   D     0.08  0.0   0.0   0.17  0.0   0.13  0.42  0.0   0.0   0.05  0.0   0.07  0.0   0.0   0.0   0.0   0.0   0.0   0.0   0.07  
152   E     0.13  0.0   0.0   0.2   0.0   0.0   0.35  0.0   0.0   0.0   0.0   0.07  0.0   0.0   0.11  0.0   0.06  0.0   0.0   0.08  
153   L     0.0   0.0   0.0   0.0   0.0   0.0   0.0   0.0   0.0   0.35  0.39  0.0   0.0   0.09  0.0   0.0   0.0   0.0   0.0   0.18  
154   K     0.0   0.54  0.0   0.0   0.0   0.05  0.0   0.0   0.0   0.0   0.0   0.33  0.0   0.0   0.0   0.0   0.07  0.0   0.0   0.0   
155   E     0.0   0.0   0.14  0.14  0.0   0.07  0.57  0.0   0.0   0.0   0.0   0.09  0.0   0.0   0.0   0.0   0.0   0.0   0.0   0.0   
156   K     0.0   0.0   0.0   0.0   0.07  0.0   0.0   0.0   0.0   0.06  0.07  0.66  0.0   0.06  0.0   0.08  0.0   0.0   0.0   0.0   
157   I     0.0   0.0   0.0   0.0   0.0   0.0   0.0   0.0   0.0   0.24  0.0   0.0   0.0   0.56  0.0   0.0   0.0   0.0   0.0   0.19  
158   F     0.0   0.0   0.0   0.0   0.0   0.0   0.0   0.0   0.0   0.0   0.36  0.0   0.0   0.55  0.0   0.0   0.0   0.0   0.09  0.0   
159   K     0.08  0.06  0.13  0.0   0.0   0.0   0.0   0.06  0.0   0.0   0.0   0.45  0.0   0.0   0.0   0.21  0.0   0.0   0.0   0.0   
160   N     0.0   0.0   0.84  0.0   0.0   0.0   0.0   0.0   0.0   0.0   0.0   0.0   0.0   0.0   0.0   0.16  0.0   0.0   0.0   0.0   
161   M     0.0   0.0   0.0   0.0   0.0   0.0   0.0   0.0   0.0   0.16  0.0   0.0   0.84  0.0   0.0   0.0   0.0   0.0   0.0   0.0   
162   S     0.0   0.0   0.08  0.0   0.0   0.0   0.0   0.08  0.0   0.0   0.0   0.0   0.0   0.0   0.0   0.84  0.0   0.0   0.0   0.0   
163   K     0.08  0.0   0.0   0.0   0.0   0.12  0.14  0.0   0.07  0.0   0.09  0.29  0.0   0.0   0.07  0.13  0.0   0.0   0.0   0.0   
164   R     0.0   0.77  0.0   0.0   0.0   0.0   0.16  0.0   0.0   0.0   0.0   0.0   0.0   0.0   0.0   0.0   0.07  0.0   0.0   0.0   
165   A     0.55  0.0   0.09  0.0   0.0   0.16  0.15  0.0   0.0   0.0   0.0   0.0   0.06  0.0   0.0   0.0   0.0   0.0   0.0   0.0   
166   A     0.62  0.16  0.0   0.0   0.0   0.0   0.0   0.0   0.0   0.0   0.0   0.0   0.0   0.0   0.0   0.07  0.09  0.0   0.0   0.06  
167   A     0.04  0.16  0.23  0.06  0.0   0.0   0.25  0.0   0.0   0.0   0.0   0.2   0.0   0.0   0.0   0.05  0.0   0.0   0.0   0.0   
168   L     0.0   0.0   0.0   0.0   0.0   0.07  0.07  0.0   0.0   0.13  0.26  0.08  0.33  0.0   0.0   0.0   0.06  0.0   0.0   0.0   
169   L     0.0   0.0   0.0   0.0   0.0   0.0   0.0   0.0   0.0   0.24  0.43  0.0   0.13  0.2   0.0   0.0   0.0   0.0   0.0   0.0   
170   K     0.0   0.19  0.0   0.0   0.0   0.06  0.16  0.0   0.0   0.0   0.07  0.31  0.0   0.0   0.0   0.08  0.07  0.0   0.0   0.07  
171   D     0.0   0.0   0.09  0.29  0.0   0.0   0.32  0.0   0.0   0.08  0.07  0.0   0.0   0.0   0.0   0.16  0.0   0.0   0.0   0.0   
172   E     0.0   0.0   0.08  0.64  0.0   0.0   0.19  0.0   0.0   0.0   0.0   0.0   0.0   0.0   0.0   0.0   0.0   0.0   0.09  0.0   
173   L     0.0   0.0   0.0   0.0   0.0   0.0   0.0   0.0   0.0   0.0   0.58  0.0   0.42  0.0   0.0   0.0   0.0   0.0   0.0   0.0   
174   E     0.3   0.0   0.0   0.07  0.0   0.08  0.55  0.0   0.0   0.0   0.0   0.0   0.0   0.0   0.0   0.0   0.0   0.0   0.0   0.0   
175   Y     0.36  0.0   0.07  0.0   0.0   0.0   0.0   0.0   0.0   0.0   0.0   0.0   0.0   0.13  0.0   0.07  0.0   0.0   0.29  0.08  
176   M     0.0   0.07  0.0   0.0   0.0   0.08  0.0   0.09  0.0   0.17  0.21  0.06  0.32  0.0   0.0   0.0   0.0   0.0   0.0   0.0   
177   G     0.17  0.0   0.0   0.0   0.0   0.0   0.0   0.59  0.0   0.0   0.0   0.0   0.0   0.0   0.06  0.17  0.0   0.0   0.0   0.0   
178   P     0.08  0.0   0.0   0.17  0.0   0.0   0.0   0.09  0.0   0.0   0.0   0.0   0.0   0.0   0.58  0.08  0.0   0.0   0.0   0.0   
179   V     0.0   0.0   0.0   0.0   0.0   0.0   0.0   0.0   0.0   0.33  0.08  0.0   0.0   0.0   0.0   0.0   0.06  0.0   0.0   0.53  
180   R     0.09  0.44  0.17  0.0   0.0   0.0   0.0   0.0   0.0   0.0   0.0   0.22  0.0   0.0   0.0   0.08  0.0   0.0   0.0   0.0   
181   L     0.0   0.06  0.0   0.0   0.0   0.0   0.0   0.0   0.0   0.25  0.32  0.08  0.0   0.0   0.09  0.0   0.08  0.0   0.0   0.13  
182   K     0.0   0.24  0.0   0.0   0.0   0.0   0.0   0.0   0.0   0.0   0.0   0.49  0.0   0.0   0.0   0.27  0.0   0.0   0.0   0.0   
183   D     0.0   0.0   0.17  0.55  0.0   0.07  0.22  0.0   0.0   0.0   0.0   0.0   0.0   0.0   0.0   0.0   0.0   0.0   0.0   0.0   
184   V     0.01  0.01  0.01  0.01  0.0   0.01  0.01  0.01  0.0   0.18  0.02  0.01  0.0   0.01  0.01  0.01  0.01  0.0   0.01  0.67  
185   E     0.18  0.01  0.01  0.22  0.0   0.01  0.46  0.01  0.0   0.01  0.02  0.01  0.0   0.01  0.01  0.01  0.01  0.0   0.01  0.01  
186   E     0.15  0.01  0.07  0.01  0.0   0.01  0.25  0.08  0.0   0.18  0.02  0.08  0.0   0.01  0.01  0.01  0.01  0.0   0.01  0.09  
187   A     0.71  0.0   0.0   0.0   0.0   0.0   0.15  0.01  0.0   0.0   0.01  0.01  0.0   0.0   0.0   0.07  0.01  0.0   0.0   0.01  
188   Q     0.0   0.17  0.0   0.0   0.0   0.74  0.09  0.0   0.0   0.0   0.0   0.0   0.0   0.0   0.0   0.0   0.0   0.0   0.0   0.0   
189   Q     0.07  0.32  0.0   0.0   0.0   0.2   0.0   0.0   0.0   0.0   0.0   0.28  0.0   0.0   0.0   0.07  0.0   0.0   0.0   0.07  
190   K     0.15  0.07  0.0   0.0   0.0   0.08  0.13  0.07  0.0   0.0   0.15  0.27  0.0   0.0   0.0   0.09  0.0   0.0   0.0   0.0   
191   I     0.0   0.0   0.0   0.0   0.0   0.0   0.0   0.0   0.0   0.62  0.16  0.0   0.07  0.0   0.0   0.0   0.0   0.0   0.0   0.16  
192   I     0.08  0.0   0.0   0.0   0.0   0.0   0.0   0.0   0.0   0.21  0.28  0.0   0.0   0.0   0.0   0.0   0.09  0.0   0.0   0.34  
193   N     0.0   0.0   0.21  0.0   0.0   0.26  0.08  0.0   0.0   0.1   0.07  0.0   0.0   0.0   0.0   0.2   0.07  0.0   0.0   0.0   
194   I     0.0   0.0   0.0   0.0   0.0   0.0   0.18  0.0   0.0   0.5   0.14  0.0   0.1   0.0   0.0   0.0   0.0   0.0   0.0   0.08  
195   I     0.47  0.0   0.0   0.0   0.0   0.0   0.0   0.0   0.0   0.2   0.1   0.0   0.0   0.0   0.0   0.0   0.0   0.0   0.0   0.23  
196   R     0.0   0.48  0.0   0.0   0.0   0.08  0.0   0.0   0.0   0.18  0.0   0.25  0.0   0.0   0.0   0.0   0.0   0.0   0.0   0.0   
197   R     0.0   0.45  0.0   0.15  0.0   0.0   0.0   0.0   0.0   0.0   0.0   0.22  0.0   0.0   0.0   0.19  0.0   0.0   0.0   0.0   
198   L     0.0   0.0   0.0   0.0   0.0   0.0   0.0   0.0   0.0   0.1   0.68  0.0   0.22  0.0   0.0   0.0   0.0   0.0   0.0   0.0   
199   E     0.44  0.0   0.0   0.0   0.0   0.08  0.19  0.0   0.0   0.08  0.0   0.0   0.0   0.0   0.0   0.1   0.0   0.0   0.0   0.1   
200   E     0.25  0.0   0.09  0.15  0.0   0.0   0.52  0.0   0.0   0.0   0.0   0.0   0.0   0.0   0.0   0.0   0.0   0.0   0.0   0.0   
201   A     0.12  0.0   0.17  0.0   0.0   0.07  0.08  0.0   0.0   0.0   0.0   0.23  0.0   0.0   0.0   0.25  0.07  0.0   0.0   0.0   
202   G     0.0   0.0   0.0   0.0   0.0   0.0   0.0   1.0   0.0   0.0   0.0   0.0   0.0   0.0   0.0   0.0   0.0   0.0   0.0   0.0   
203   E     0.0   0.1   0.0   0.07  0.0   0.18  0.48  0.0   0.0   0.0   0.0   0.08  0.0   0.0   0.0   0.0   0.0   0.0   0.0   0.08  
204   I     0.0   0.0   0.0   0.0   0.0   0.0   0.0   0.0   0.0   0.83  0.1   0.0   0.07  0.0   0.0   0.0   0.0   0.0   0.0   0.0   
205   V     0.0   0.0   0.0   0.0   0.0   0.0   0.14  0.0   0.0   0.0   0.0   0.0   0.33  0.0   0.0   0.0   0.0   0.0   0.0   0.53  
206   I     0.0   0.0   0.0   0.0   0.0   0.0   0.0   0.0   0.0   0.56  0.44  0.0   0.0   0.0   0.0   0.0   0.0   0.0   0.0   0.0   
207   A     0.31  0.0   0.0   0.0   0.0   0.0   0.0   0.48  0.0   0.0   0.0   0.0   0.0   0.0   0.0   0.1   0.11  0.0   0.0   0.0   
208   R     0.0   0.7   0.0   0.0   0.0   0.0   0.0   0.0   0.0   0.0   0.0   0.3   0.0   0.0   0.0   0.0   0.0   0.0   0.0   0.0   
