             A     R     N     D     C     Q     E     G     H     I     L     K     M     F     P     S     T     W     Y     V
1     T     0.0   0.0   0.05  0.0   0.0   0.0   0.0   0.0   0.0   0.0   0.0   0.0   0.08  0.0   0.0   0.1   0.77  0.0   0.0   0.0   
2     K     0.03  0.05  0.0   0.0   0.0   0.19  0.39  0.0   0.0   0.0   0.0   0.35  0.0   0.0   0.0   0.0   0.0   0.0   0.0   0.0   
3     R     0.0   0.2   0.01  0.02  0.0   0.13  0.09  0.0   0.0   0.0   0.02  0.2   0.03  0.0   0.0   0.04  0.24  0.0   0.01  0.01  
4     A     0.73  0.0   0.0   0.0   0.01  0.0   0.01  0.0   0.0   0.19  0.0   0.0   0.0   0.02  0.0   0.01  0.01  0.0   0.0   0.03  
5     V     0.0   0.0   0.0   0.01  0.01  0.06  0.01  0.0   0.0   0.25  0.06  0.0   0.01  0.04  0.0   0.0   0.21  0.02  0.11  0.21  
6     L     0.0   0.0   0.0   0.0   0.0   0.0   0.0   0.0   0.0   0.08  0.35  0.0   0.0   0.53  0.0   0.0   0.0   0.0   0.0   0.04  
7     A     0.59  0.0   0.0   0.0   0.0   0.0   0.0   0.39  0.0   0.0   0.0   0.0   0.0   0.0   0.0   0.01  0.0   0.0   0.0   0.01  
8     G     0.14  0.0   0.0   0.0   0.02  0.0   0.0   0.57  0.0   0.0   0.11  0.0   0.16  0.0   0.0   0.01  0.0   0.0   0.0   0.0   
9     G     0.0   0.0   0.0   0.0   0.0   0.0   0.0   1.0   0.0   0.0   0.0   0.0   0.0   0.0   0.0   0.0   0.0   0.0   0.0   0.0   
10    C     0.0   0.0   0.0   0.0   0.97  0.0   0.0   0.0   0.0   0.0   0.0   0.0   0.0   0.0   0.0   0.03  0.0   0.0   0.0   0.0   
11    F     0.0   0.0   0.0   0.0   0.0   0.0   0.0   0.0   0.0   0.0   0.0   0.0   0.0   0.98  0.0   0.0   0.0   0.0   0.02  0.0   
12    W     0.0   0.0   0.0   0.0   0.0   0.0   0.0   0.0   0.0   0.0   0.0   0.0   0.0   0.0   0.0   0.0   0.0   1.0   0.0   0.0   
13    G     0.0   0.03  0.0   0.0   0.29  0.0   0.0   0.63  0.01  0.0   0.0   0.0   0.0   0.0   0.0   0.04  0.0   0.0   0.0   0.0   
14    M     0.21  0.0   0.0   0.0   0.0   0.0   0.0   0.01  0.0   0.07  0.09  0.0   0.16  0.0   0.01  0.03  0.11  0.0   0.0   0.32  
15    Q     0.0   0.0   0.0   0.03  0.0   0.12  0.76  0.0   0.0   0.0   0.0   0.0   0.0   0.0   0.0   0.0   0.01  0.0   0.0   0.09  
16    D     0.26  0.19  0.0   0.04  0.0   0.07  0.13  0.04  0.03  0.01  0.07  0.1   0.0   0.0   0.0   0.07  0.0   0.0   0.0   0.0   
17    L     0.12  0.03  0.0   0.03  0.0   0.0   0.01  0.01  0.0   0.02  0.2   0.06  0.04  0.02  0.1   0.01  0.03  0.0   0.19  0.14  
18    I     0.0   0.0   0.0   0.0   0.0   0.0   0.0   0.0   0.0   0.04  0.05  0.0   0.07  0.69  0.0   0.0   0.0   0.0   0.14  0.0   
19    R     0.0   0.17  0.02  0.11  0.0   0.18  0.1   0.05  0.0   0.0   0.02  0.04  0.0   0.0   0.0   0.08  0.01  0.21  0.0   0.0   
20    K     0.04  0.23  0.01  0.01  0.03  0.19  0.11  0.01  0.01  0.0   0.04  0.19  0.01  0.0   0.0   0.05  0.06  0.0   0.0   0.01  
21    L     0.0   0.02  0.01  0.0   0.0   0.11  0.0   0.0   0.0   0.23  0.22  0.0   0.02  0.02  0.0   0.0   0.08  0.0   0.04  0.24  
22    P     0.04  0.06  0.04  0.11  0.0   0.03  0.06  0.02  0.02  0.01  0.02  0.18  0.0   0.0   0.35  0.01  0.0   0.0   0.03  0.02  
23    G     0.01  0.0   0.02  0.01  0.0   0.0   0.0   0.96  0.0   0.0   0.0   0.01  0.0   0.0   0.0   0.0   0.0   0.0   0.0   0.0   
24    V     0.0   0.0   0.0   0.0   0.0   0.0   0.0   0.0   0.0   0.2   0.0   0.0   0.0   0.0   0.0   0.0   0.02  0.0   0.0   0.78  
25    I     0.02  0.01  0.02  0.0   0.0   0.03  0.1   0.0   0.01  0.13  0.17  0.06  0.0   0.01  0.0   0.02  0.07  0.04  0.1   0.19  
26    E     0.03  0.1   0.01  0.16  0.02  0.01  0.05  0.01  0.03  0.0   0.0   0.18  0.0   0.0   0.0   0.31  0.03  0.0   0.02  0.04  
27    T     0.05  0.0   0.0   0.0   0.02  0.0   0.0   0.0   0.0   0.01  0.01  0.0   0.0   0.0   0.0   0.02  0.63  0.0   0.0   0.27  
28    R     0.15  0.09  0.01  0.01  0.0   0.04  0.14  0.0   0.01  0.07  0.01  0.1   0.0   0.0   0.0   0.13  0.12  0.0   0.0   0.13  
29    V     0.11  0.0   0.0   0.0   0.0   0.0   0.0   0.0   0.0   0.0   0.0   0.0   0.0   0.0   0.02  0.31  0.01  0.0   0.0   0.55  
30    G     0.0   0.0   0.0   0.0   0.02  0.0   0.0   0.98  0.0   0.0   0.0   0.0   0.0   0.0   0.0   0.0   0.0   0.0   0.0   0.0   
31    Y     0.0   0.0   0.0   0.0   0.0   0.0   0.0   0.0   0.0   0.0   0.0   0.0   0.0   0.06  0.0   0.0   0.0   0.0   0.94  0.0   
32    T     0.44  0.0   0.0   0.0   0.03  0.0   0.01  0.01  0.0   0.05  0.03  0.0   0.09  0.0   0.0   0.13  0.2   0.0   0.0   0.01  
33    G     0.04  0.0   0.23  0.0   0.0   0.06  0.0   0.66  0.01  0.0   0.0   0.0   0.0   0.0   0.0   0.0   0.0   0.0   0.0   0.0   
34    G     0.0   0.0   0.0   0.0   0.01  0.0   0.0   0.93  0.0   0.0   0.0   0.0   0.0   0.0   0.0   0.06  0.0   0.0   0.0   0.0   
35    D     0.03  0.03  0.1   0.09  0.0   0.03  0.01  0.03  0.21  0.06  0.02  0.06  0.0   0.06  0.0   0.04  0.13  0.01  0.06  0.01  
36    V     0.01  0.02  0.01  0.02  0.0   0.0   0.01  0.01  0.01  0.06  0.05  0.06  0.01  0.04  0.0   0.08  0.4   0.0   0.0   0.22  
37    P     0.09  0.03  0.0   0.12  0.0   0.02  0.22  0.0   0.04  0.02  0.01  0.09  0.0   0.0   0.28  0.02  0.03  0.0   0.0   0.04  
38    N     0.0   0.02  0.68  0.06  0.0   0.0   0.03  0.02  0.05  0.0   0.03  0.02  0.0   0.0   0.0   0.05  0.03  0.0   0.02  0.0   
39    A     0.08  0.0   0.0   0.0   0.0   0.0   0.0   0.0   0.0   0.0   0.0   0.0   0.0   0.0   0.81  0.02  0.05  0.0   0.02  0.03  
40    T     0.0   0.0   0.07  0.04  0.01  0.01  0.03  0.0   0.0   0.0   0.0   0.03  0.0   0.0   0.0   0.16  0.64  0.0   0.0   0.01  
41    Y     0.0   0.0   0.0   0.0   0.0   0.0   0.0   0.0   0.0   0.0   0.02  0.0   0.0   0.0   0.0   0.0   0.0   0.0   0.98  0.0   
42    R     0.0   0.26  0.0   0.03  0.0   0.07  0.38  0.01  0.02  0.02  0.01  0.16  0.0   0.0   0.0   0.02  0.0   0.0   0.02  0.0   
43    N     0.01  0.0   0.18  0.13  0.02  0.12  0.29  0.09  0.03  0.0   0.0   0.06  0.01  0.0   0.0   0.06  0.01  0.0   0.0   0.0   
44    H     0.01  0.01  0.02  0.04  0.0   0.09  0.03  0.05  0.08  0.04  0.03  0.01  0.03  0.0   0.0   0.12  0.07  0.0   0.02  0.35  
45    G     0.0   0.0   0.01  0.01  0.37  0.0   0.0   0.27  0.0   0.01  0.01  0.01  0.0   0.0   0.01  0.08  0.21  0.0   0.0   0.01  
46    T     0.02  0.0   0.04  0.1   0.0   0.0   0.0   0.18  0.0   0.01  0.01  0.0   0.0   0.0   0.0   0.21  0.41  0.0   0.0   0.0   
47    H     0.02  0.0   0.01  0.03  0.01  0.0   0.0   0.01  0.88  0.0   0.0   0.01  0.0   0.02  0.0   0.0   0.0   0.0   0.02  0.0   
48    A     0.58  0.03  0.04  0.0   0.0   0.0   0.0   0.0   0.0   0.05  0.01  0.0   0.0   0.0   0.0   0.02  0.18  0.0   0.02  0.07  
49    E     0.0   0.0   0.0   0.0   0.0   0.0   1.0   0.0   0.0   0.0   0.0   0.0   0.0   0.0   0.0   0.0   0.0   0.0   0.0   0.0   
50    G     0.31  0.0   0.0   0.0   0.01  0.0   0.0   0.02  0.0   0.04  0.01  0.0   0.0   0.0   0.0   0.05  0.11  0.0   0.0   0.44  
51    I     0.0   0.0   0.0   0.0   0.04  0.0   0.0   0.0   0.0   0.08  0.07  0.0   0.0   0.0   0.0   0.0   0.0   0.0   0.0   0.81  
52    E     0.02  0.21  0.01  0.01  0.0   0.16  0.27  0.0   0.03  0.0   0.1   0.14  0.0   0.01  0.0   0.0   0.0   0.0   0.04  0.0   
53    I     0.0   0.0   0.0   0.0   0.0   0.0   0.0   0.0   0.0   0.38  0.05  0.0   0.0   0.0   0.0   0.0   0.0   0.0   0.0   0.56  
54    I     0.03  0.02  0.02  0.09  0.0   0.06  0.14  0.01  0.04  0.12  0.02  0.05  0.0   0.0   0.0   0.04  0.17  0.0   0.01  0.21  
55    F     0.0   0.0   0.0   0.0   0.0   0.0   0.0   0.0   0.0   0.0   0.0   0.0   0.0   0.41  0.0   0.0   0.0   0.0   0.59  0.0   
56    D     0.0   0.01  0.05  0.89  0.0   0.01  0.02  0.0   0.01  0.0   0.0   0.0   0.0   0.0   0.0   0.0   0.0   0.0   0.01  0.01  
57    P     0.03  0.01  0.03  0.04  0.0   0.0   0.19  0.0   0.01  0.0   0.01  0.01  0.0   0.0   0.63  0.02  0.02  0.0   0.0   0.02  
58    E     0.16  0.04  0.08  0.09  0.0   0.06  0.14  0.01  0.01  0.0   0.01  0.18  0.0   0.01  0.0   0.12  0.09  0.0   0.0   0.0   
59    R     0.05  0.05  0.0   0.01  0.0   0.09  0.07  0.0   0.02  0.17  0.08  0.2   0.01  0.01  0.0   0.0   0.02  0.0   0.0   0.24  
60    I     0.0   0.0   0.01  0.0   0.06  0.0   0.0   0.0   0.0   0.45  0.1   0.0   0.01  0.04  0.0   0.0   0.07  0.0   0.01  0.26  
61    S     0.02  0.01  0.02  0.05  0.0   0.01  0.0   0.03  0.0   0.0   0.0   0.02  0.0   0.0   0.15  0.55  0.14  0.0   0.0   0.0   
62    Y     0.02  0.0   0.0   0.0   0.0   0.0   0.03  0.0   0.0   0.0   0.27  0.0   0.0   0.18  0.0   0.0   0.0   0.0   0.5   0.0   
63    R     0.07  0.15  0.04  0.13  0.0   0.01  0.33  0.05  0.0   0.01  0.01  0.12  0.0   0.01  0.0   0.05  0.02  0.0   0.0   0.01  
64    R     0.03  0.02  0.03  0.15  0.0   0.15  0.32  0.0   0.01  0.01  0.0   0.12  0.0   0.01  0.0   0.04  0.04  0.0   0.0   0.06  
65    I     0.0   0.0   0.0   0.0   0.0   0.0   0.0   0.0   0.0   0.21  0.76  0.0   0.0   0.0   0.0   0.0   0.0   0.0   0.0   0.03  
66    L     0.0   0.0   0.0   0.0   0.0   0.0   0.0   0.0   0.0   0.06  0.8   0.0   0.0   0.0   0.0   0.0   0.02  0.02  0.0   0.11  
67    E     0.04  0.07  0.06  0.26  0.0   0.06  0.24  0.04  0.01  0.0   0.03  0.14  0.0   0.0   0.0   0.02  0.02  0.0   0.01  0.02  
68    L     0.03  0.04  0.01  0.0   0.0   0.0   0.0   0.01  0.04  0.16  0.21  0.06  0.03  0.07  0.0   0.0   0.04  0.0   0.05  0.25  
69    F     0.02  0.0   0.0   0.0   0.0   0.0   0.0   0.02  0.0   0.0   0.06  0.0   0.0   0.72  0.0   0.01  0.0   0.0   0.18  0.0   
70    F     0.0   0.0   0.0   0.0   0.0   0.0   0.0   0.0   0.0   0.0   0.06  0.0   0.02  0.42  0.0   0.0   0.0   0.49  0.02  0.0   
71    Q     0.15  0.12  0.05  0.04  0.0   0.1   0.25  0.01  0.01  0.01  0.0   0.09  0.0   0.0   0.01  0.12  0.05  0.0   0.0   0.0   
72    I     0.06  0.05  0.12  0.0   0.01  0.07  0.01  0.01  0.01  0.23  0.06  0.03  0.01  0.0   0.0   0.08  0.07  0.0   0.0   0.18  
73    H     0.0   0.0   0.0   0.0   0.0   0.0   0.0   0.0   0.67  0.24  0.0   0.0   0.0   0.01  0.0   0.0   0.05  0.0   0.0   0.03  
74    D     0.0   0.01  0.15  0.81  0.0   0.0   0.03  0.0   0.0   0.0   0.0   0.0   0.0   0.0   0.0   0.0   0.0   0.0   0.0   0.0   
75    P     0.0   0.0   0.0   0.0   0.0   0.0   0.0   0.0   0.0   0.0   0.0   0.0   0.0   0.0   0.96  0.01  0.03  0.0   0.0   0.0   
76    T     0.03  0.03  0.0   0.0   0.02  0.0   0.0   0.0   0.0   0.0   0.02  0.0   0.0   0.02  0.0   0.01  0.83  0.0   0.02  0.01  
77    T     0.03  0.0   0.0   0.12  0.0   0.3   0.02  0.0   0.0   0.03  0.01  0.0   0.0   0.0   0.03  0.14  0.31  0.0   0.0   0.02  
78    K     0.06  0.04  0.0   0.02  0.0   0.0   0.02  0.22  0.0   0.06  0.32  0.05  0.01  0.0   0.06  0.03  0.01  0.0   0.0   0.1   
79    D     0.0   0.0   0.53  0.1   0.0   0.01  0.01  0.04  0.0   0.01  0.0   0.03  0.18  0.07  0.0   0.01  0.0   0.0   0.02  0.0   
80    R     0.0   0.59  0.0   0.01  0.0   0.04  0.0   0.14  0.0   0.0   0.0   0.14  0.0   0.03  0.0   0.03  0.0   0.0   0.02  0.0   
81    Q     0.0   0.0   0.0   0.0   0.0   0.99  0.01  0.0   0.0   0.0   0.0   0.0   0.0   0.0   0.0   0.0   0.0   0.0   0.0   0.0   
82    G     0.01  0.0   0.0   0.0   0.0   0.0   0.0   0.85  0.0   0.01  0.0   0.0   0.0   0.1   0.0   0.0   0.0   0.0   0.01  0.0   
83    N     0.05  0.0   0.49  0.02  0.02  0.03  0.05  0.05  0.02  0.0   0.0   0.0   0.0   0.01  0.18  0.01  0.01  0.02  0.03  0.01  
84    D     0.0   0.0   0.0   0.96  0.0   0.0   0.01  0.0   0.0   0.0   0.01  0.0   0.0   0.0   0.0   0.0   0.0   0.0   0.0   0.0   
85    I     0.01  0.22  0.0   0.0   0.0   0.03  0.01  0.01  0.04  0.18  0.02  0.02  0.0   0.01  0.0   0.01  0.02  0.01  0.0   0.39  
86    G     0.0   0.0   0.0   0.0   0.0   0.0   0.0   0.97  0.0   0.0   0.0   0.0   0.0   0.0   0.0   0.0   0.0   0.0   0.0   0.0   
87    T     0.02  0.07  0.03  0.05  0.0   0.0   0.06  0.0   0.01  0.02  0.01  0.02  0.0   0.01  0.05  0.11  0.52  0.0   0.0   0.02  
88    S     0.01  0.01  0.07  0.0   0.0   0.78  0.0   0.0   0.0   0.0   0.0   0.0   0.0   0.0   0.0   0.1   0.02  0.0   0.0   0.0   
89    Y     0.0   0.0   0.0   0.0   0.0   0.0   0.0   0.0   0.0   0.01  0.0   0.0   0.0   0.0   0.0   0.0   0.0   0.0   0.99  0.0   
90    R     0.03  0.9   0.0   0.0   0.0   0.02  0.0   0.0   0.0   0.0   0.0   0.0   0.0   0.0   0.0   0.03  0.01  0.0   0.0   0.0   
91    S     0.02  0.0   0.03  0.0   0.0   0.0   0.0   0.0   0.0   0.02  0.0   0.0   0.0   0.0   0.08  0.67  0.18  0.0   0.0   0.0   
92    A     0.32  0.01  0.0   0.0   0.01  0.0   0.01  0.32  0.01  0.05  0.03  0.0   0.0   0.0   0.0   0.02  0.01  0.0   0.0   0.18  
93    I     0.0   0.0   0.0   0.0   0.0   0.0   0.0   0.0   0.0   0.78  0.07  0.0   0.03  0.02  0.0   0.0   0.0   0.0   0.0   0.1   
94    Y     0.0   0.0   0.0   0.0   0.0   0.0   0.0   0.0   0.02  0.0   0.06  0.0   0.01  0.4   0.0   0.0   0.0   0.0   0.49  0.0   
95    Y     0.05  0.0   0.0   0.0   0.04  0.0   0.0   0.0   0.02  0.0   0.0   0.0   0.0   0.09  0.08  0.03  0.11  0.02  0.5   0.07  
96    V     0.03  0.01  0.04  0.0   0.0   0.02  0.06  0.01  0.18  0.02  0.11  0.01  0.0   0.05  0.0   0.02  0.21  0.0   0.11  0.12  
97    D     0.01  0.0   0.19  0.34  0.0   0.03  0.01  0.03  0.01  0.0   0.0   0.0   0.0   0.0   0.0   0.17  0.22  0.0   0.0   0.0   
98    D     0.08  0.0   0.02  0.22  0.0   0.03  0.28  0.02  0.02  0.0   0.01  0.02  0.0   0.0   0.2   0.06  0.05  0.0   0.0   0.0   
99    E     0.11  0.03  0.03  0.04  0.0   0.06  0.52  0.01  0.02  0.0   0.02  0.05  0.0   0.0   0.01  0.04  0.03  0.0   0.01  0.02  
100   Q     0.02  0.0   0.0   0.15  0.0   0.65  0.1   0.0   0.01  0.0   0.04  0.0   0.0   0.0   0.0   0.02  0.0   0.0   0.0   0.0   
101   K     0.08  0.14  0.0   0.03  0.0   0.03  0.17  0.01  0.02  0.0   0.13  0.35  0.01  0.01  0.0   0.0   0.0   0.0   0.01  0.01  
102   R     0.12  0.11  0.04  0.02  0.0   0.14  0.21  0.01  0.0   0.03  0.04  0.13  0.02  0.01  0.03  0.03  0.03  0.0   0.0   0.02  
103   I     0.2   0.02  0.0   0.02  0.0   0.05  0.03  0.0   0.0   0.23  0.2   0.01  0.02  0.02  0.01  0.01  0.03  0.0   0.0   0.15  
104   A     0.71  0.01  0.0   0.01  0.0   0.01  0.01  0.0   0.0   0.15  0.01  0.0   0.0   0.03  0.01  0.03  0.0   0.0   0.0   0.01  
105   Q     0.02  0.13  0.02  0.08  0.0   0.13  0.24  0.03  0.04  0.03  0.09  0.12  0.0   0.0   0.0   0.02  0.02  0.0   0.0   0.02  
106   E     0.19  0.08  0.04  0.08  0.0   0.06  0.23  0.01  0.01  0.01  0.04  0.14  0.01  0.01  0.01  0.04  0.02  0.0   0.01  0.01  
107   T     0.13  0.0   0.02  0.01  0.02  0.0   0.02  0.0   0.0   0.01  0.03  0.05  0.02  0.06  0.0   0.4   0.11  0.0   0.04  0.08  
108   I     0.04  0.08  0.0   0.0   0.0   0.03  0.02  0.0   0.0   0.25  0.16  0.18  0.05  0.06  0.0   0.04  0.0   0.0   0.01  0.05  
109   A     0.23  0.04  0.04  0.06  0.0   0.08  0.22  0.01  0.0   0.03  0.04  0.13  0.01  0.0   0.0   0.05  0.02  0.0   0.02  0.02  
110   D     0.11  0.11  0.03  0.08  0.0   0.11  0.23  0.01  0.02  0.02  0.02  0.16  0.0   0.02  0.01  0.03  0.02  0.0   0.0   0.01  
111   V     0.09  0.02  0.02  0.01  0.0   0.04  0.06  0.01  0.01  0.03  0.35  0.05  0.05  0.06  0.0   0.01  0.01  0.0   0.05  0.12  
112   E     0.06  0.04  0.03  0.07  0.0   0.33  0.25  0.04  0.0   0.01  0.02  0.08  0.0   0.0   0.0   0.02  0.01  0.0   0.03  0.01  
113   A     0.26  0.03  0.03  0.03  0.01  0.15  0.08  0.03  0.01  0.01  0.05  0.18  0.01  0.01  0.01  0.05  0.02  0.02  0.01  0.01  
114   S     0.18  0.02  0.08  0.02  0.0   0.09  0.15  0.03  0.01  0.0   0.03  0.08  0.02  0.0   0.0   0.24  0.03  0.0   0.0   0.02  
115   G     0.05  0.05  0.06  0.03  0.0   0.04  0.05  0.34  0.01  0.02  0.05  0.09  0.04  0.01  0.04  0.03  0.03  0.0   0.05  0.01  
116   L     0.07  0.12  0.03  0.03  0.0   0.05  0.03  0.03  0.04  0.11  0.21  0.11  0.01  0.04  0.01  0.02  0.04  0.0   0.04  0.02  
117   W     0.06  0.06  0.02  0.02  0.0   0.02  0.02  0.05  0.02  0.01  0.08  0.06  0.03  0.18  0.01  0.01  0.03  0.13  0.14  0.02  
118   P     0.09  0.03  0.05  0.17  0.0   0.04  0.08  0.05  0.01  0.01  0.02  0.11  0.0   0.02  0.16  0.11  0.03  0.0   0.02  0.01  
119   G     0.05  0.09  0.05  0.09  0.0   0.02  0.05  0.28  0.01  0.0   0.04  0.22  0.0   0.0   0.01  0.06  0.01  0.0   0.0   0.0   
120   K     0.08  0.05  0.04  0.05  0.0   0.0   0.05  0.0   0.01  0.05  0.02  0.27  0.0   0.0   0.27  0.03  0.05  0.0   0.01  0.01  
121   V     0.02  0.0   0.02  0.0   0.0   0.0   0.0   0.0   0.0   0.75  0.04  0.0   0.01  0.0   0.0   0.01  0.0   0.0   0.0   0.14  
122   V     0.1   0.0   0.0   0.0   0.0   0.02  0.0   0.0   0.0   0.01  0.01  0.02  0.02  0.0   0.0   0.02  0.26  0.0   0.02  0.51  
123   T     0.0   0.0   0.0   0.0   0.0   0.0   0.0   0.0   0.0   0.07  0.01  0.0   0.0   0.0   0.0   0.01  0.86  0.0   0.0   0.05  
124   E     0.02  0.01  0.0   0.04  0.0   0.08  0.67  0.0   0.0   0.01  0.01  0.03  0.0   0.0   0.03  0.04  0.05  0.0   0.0   0.01  
125   V     0.0   0.0   0.02  0.01  0.0   0.0   0.0   0.0   0.0   0.64  0.04  0.01  0.0   0.0   0.0   0.01  0.0   0.0   0.0   0.28  
126   E     0.1   0.06  0.01  0.01  0.0   0.05  0.32  0.02  0.03  0.02  0.17  0.05  0.01  0.0   0.0   0.06  0.03  0.0   0.0   0.05  
127   P     0.03  0.04  0.02  0.07  0.0   0.04  0.06  0.01  0.01  0.01  0.02  0.13  0.0   0.0   0.49  0.04  0.02  0.0   0.0   0.02  
128   V     0.45  0.0   0.0   0.0   0.0   0.0   0.0   0.03  0.01  0.04  0.27  0.03  0.01  0.03  0.02  0.0   0.01  0.0   0.01  0.09  
129   R     0.04  0.04  0.0   0.04  0.0   0.07  0.13  0.18  0.02  0.0   0.02  0.21  0.0   0.0   0.1   0.08  0.05  0.0   0.0   0.01  
130   D     0.04  0.05  0.18  0.1   0.02  0.01  0.09  0.01  0.03  0.01  0.0   0.07  0.0   0.0   0.16  0.01  0.19  0.0   0.01  0.03  
131   F     0.0   0.0   0.0   0.0   0.0   0.0   0.0   0.0   0.0   0.01  0.0   0.0   0.01  0.77  0.0   0.0   0.0   0.02  0.16  0.03  
132   W     0.0   0.0   0.02  0.0   0.01  0.0   0.0   0.0   0.03  0.03  0.0   0.0   0.0   0.03  0.0   0.0   0.02  0.13  0.7   0.03  
133   E     0.0   0.08  0.0   0.05  0.0   0.02  0.11  0.0   0.0   0.02  0.14  0.04  0.02  0.06  0.26  0.02  0.0   0.01  0.12  0.05  
134   A     1.0   0.0   0.0   0.0   0.0   0.0   0.0   0.0   0.0   0.0   0.0   0.0   0.0   0.0   0.0   0.0   0.0   0.0   0.0   0.0   
135   E     0.01  0.0   0.0   0.0   0.0   0.0   0.98  0.01  0.0   0.0   0.0   0.0   0.0   0.0   0.0   0.0   0.01  0.0   0.0   0.0   
136   P     0.07  0.0   0.03  0.38  0.0   0.0   0.36  0.02  0.0   0.01  0.02  0.01  0.0   0.0   0.08  0.01  0.02  0.0   0.0   0.0   
137   E     0.0   0.0   0.0   0.05  0.0   0.0   0.14  0.0   0.01  0.0   0.0   0.01  0.0   0.01  0.0   0.0   0.01  0.0   0.75  0.01  
138   H     0.0   0.0   0.0   0.0   0.0   0.0   0.0   0.0   1.0   0.0   0.0   0.0   0.0   0.0   0.0   0.0   0.0   0.0   0.0   0.0   
139   Q     0.0   0.01  0.0   0.0   0.0   0.96  0.0   0.0   0.01  0.0   0.0   0.01  0.0   0.0   0.0   0.0   0.0   0.0   0.0   0.01  
140   N     0.01  0.03  0.11  0.29  0.0   0.31  0.0   0.02  0.03  0.0   0.02  0.17  0.0   0.0   0.0   0.01  0.0   0.0   0.0   0.0   
141   Y     0.0   0.0   0.0   0.0   0.0   0.0   0.0   0.0   0.0   0.0   0.0   0.0   0.0   0.15  0.0   0.0   0.0   0.0   0.85  0.0   
142   L     0.01  0.0   0.0   0.0   0.0   0.0   0.0   0.01  0.0   0.01  0.63  0.0   0.0   0.17  0.0   0.0   0.0   0.0   0.16  0.01  
143   E     0.18  0.04  0.05  0.1   0.0   0.04  0.17  0.01  0.05  0.01  0.03  0.24  0.02  0.01  0.0   0.03  0.01  0.0   0.01  0.01  
144   R     0.0   0.13  0.03  0.01  0.0   0.03  0.0   0.0   0.01  0.0   0.01  0.77  0.0   0.0   0.0   0.0   0.02  0.0   0.0   0.0   
145   Y     0.0   0.03  0.69  0.02  0.0   0.0   0.01  0.0   0.13  0.01  0.0   0.04  0.0   0.01  0.0   0.0   0.0   0.0   0.04  0.01  
146   P     0.02  0.0   0.03  0.0   0.0   0.0   0.0   0.03  0.0   0.0   0.0   0.01  0.0   0.0   0.89  0.0   0.0   0.0   0.0   0.02  
147   N     0.04  0.0   0.34  0.11  0.0   0.08  0.09  0.1   0.04  0.01  0.04  0.02  0.01  0.0   0.0   0.05  0.01  0.02  0.02  0.01  
148   G     0.07  0.08  0.01  0.02  0.0   0.11  0.0   0.64  0.03  0.0   0.0   0.0   0.0   0.0   0.0   0.02  0.0   0.0   0.01  0.0   
149   Y     0.07  0.0   0.0   0.0   0.0   0.0   0.0   0.08  0.0   0.0   0.0   0.0   0.0   0.01  0.04  0.01  0.0   0.0   0.77  0.0   
150   T     0.13  0.03  0.02  0.02  0.14  0.02  0.02  0.03  0.01  0.02  0.03  0.02  0.01  0.01  0.02  0.04  0.14  0.0   0.26  0.04  
151   C     0.0   0.0   0.02  0.0   0.84  0.04  0.0   0.0   0.02  0.0   0.02  0.0   0.02  0.0   0.05  0.0   0.0   0.0   0.0   0.0   
152   H     0.02  0.02  0.08  0.0   0.0   0.06  0.0   0.06  0.67  0.0   0.0   0.0   0.01  0.0   0.0   0.02  0.0   0.0   0.0   0.05  
153   F     0.02  0.0   0.0   0.0   0.0   0.0   0.0   0.03  0.0   0.32  0.13  0.02  0.0   0.31  0.0   0.02  0.0   0.03  0.09  0.02  
154   P     0.16  0.0   0.04  0.0   0.0   0.0   0.05  0.14  0.0   0.12  0.12  0.0   0.0   0.0   0.23  0.03  0.0   0.0   0.0   0.1   
155   R     0.0   0.41  0.08  0.0   0.0   0.05  0.0   0.16  0.0   0.15  0.04  0.11  0.0   0.0   0.0   0.0   0.0   0.0   0.0   0.0   
156   P     0.06  0.04  0.0   0.05  0.0   0.0   0.09  0.0   0.0   0.04  0.0   0.0   0.0   0.0   0.5   0.0   0.13  0.05  0.0   0.04  
157   N     0.0   0.05  0.44  0.04  0.0   0.0   0.0   0.27  0.05  0.0   0.0   0.1   0.0   0.0   0.04  0.0   0.0   0.0   0.0   0.0   
158   W     0.05  0.0   0.0   0.0   0.0   0.0   0.0   0.0   0.0   0.05  0.12  0.11  0.0   0.0   0.0   0.0   0.0   0.36  0.14  0.18  
159   V     0.2   0.05  0.0   0.0   0.1   0.0   0.0   0.0   0.0   0.0   0.12  0.19  0.0   0.07  0.0   0.0   0.03  0.0   0.0   0.24  
160   L     0.07  0.0   0.0   0.0   0.09  0.0   0.0   0.0   0.0   0.09  0.58  0.13  0.0   0.0   0.0   0.0   0.0   0.0   0.0   0.05  
161   P     0.16  0.0   0.0   0.0   0.0   0.0   0.0   0.0   0.0   0.0   0.1   0.07  0.0   0.0   0.68  0.0   0.0   0.0   0.0   0.0   
162   R     0.04  0.41  0.0   0.0   0.0   0.12  0.0   0.0   0.0   0.0   0.1   0.3   0.0   0.0   0.0   0.0   0.0   0.0   0.0   0.04  
163   R     0.0   0.55  0.0   0.0   0.0   0.0   0.0   0.0   0.1   0.0   0.0   0.23  0.12  0.0   0.0   0.0   0.0   0.0   0.0   0.0   
164   S     0.48  0.0   0.19  0.0   0.0   0.0   0.0   0.0   0.0   0.0   0.0   0.0   0.0   0.0   0.0   0.25  0.07  0.0   0.0   0.0   
