             A     R     N     D     C     Q     E     G     H     I     L     K     M     F     P     S     T     W     Y     V
1     M     0.0   0.0   0.0   0.0   0.0   0.0   0.0   0.0   0.0   0.0   0.0   0.0   1.0   0.0   0.0   0.0   0.0   0.0   0.0   0.0   
2     T     0.08  0.0   0.0   0.0   0.0   0.0   0.0   0.0   0.0   0.0   0.0   0.0   0.07  0.0   0.0   0.5   0.27  0.0   0.0   0.08  
3     A     0.28  0.0   0.0   0.0   0.07  0.0   0.1   0.0   0.0   0.21  0.0   0.0   0.0   0.0   0.0   0.0   0.0   0.0   0.08  0.27  
4     T     0.04  0.07  0.13  0.14  0.0   0.0   0.0   0.0   0.0   0.0   0.03  0.05  0.0   0.0   0.0   0.13  0.4   0.0   0.0   0.0   
5     L     0.04  0.0   0.0   0.0   0.0   0.0   0.0   0.0   0.0   0.56  0.19  0.0   0.0   0.07  0.0   0.0   0.0   0.0   0.0   0.14  
6     R     0.0   0.85  0.0   0.0   0.0   0.0   0.04  0.0   0.0   0.0   0.0   0.12  0.0   0.0   0.0   0.0   0.0   0.0   0.0   0.0   
7     D     0.06  0.07  0.06  0.05  0.0   0.07  0.09  0.0   0.04  0.03  0.03  0.03  0.0   0.03  0.26  0.03  0.04  0.0   0.0   0.11  
8     A     0.3   0.0   0.0   0.0   0.0   0.0   0.0   0.14  0.0   0.11  0.06  0.0   0.06  0.08  0.04  0.09  0.0   0.0   0.0   0.12  
9     V     0.0   0.22  0.0   0.02  0.0   0.04  0.28  0.02  0.0   0.05  0.0   0.12  0.0   0.0   0.0   0.0   0.2   0.0   0.0   0.05  
10    A     0.1   0.06  0.0   0.19  0.0   0.06  0.12  0.0   0.09  0.0   0.09  0.09  0.0   0.0   0.03  0.08  0.07  0.0   0.0   0.02  
11    A     0.13  0.06  0.0   0.18  0.0   0.03  0.36  0.11  0.0   0.0   0.04  0.0   0.0   0.0   0.0   0.08  0.0   0.0   0.0   0.0   
12    D     0.0   0.0   0.07  0.82  0.0   0.0   0.09  0.0   0.0   0.0   0.0   0.0   0.0   0.0   0.0   0.0   0.0   0.03  0.0   0.0   
13    L     0.1   0.03  0.0   0.0   0.08  0.0   0.03  0.05  0.0   0.06  0.37  0.0   0.04  0.07  0.0   0.0   0.04  0.0   0.08  0.03  
14    R     0.16  0.11  0.0   0.12  0.0   0.0   0.3   0.05  0.04  0.0   0.0   0.06  0.0   0.0   0.12  0.0   0.04  0.0   0.0   0.0   
15    S     0.4   0.0   0.03  0.08  0.0   0.02  0.08  0.04  0.03  0.03  0.0   0.02  0.04  0.02  0.02  0.02  0.03  0.0   0.03  0.08  
16    I     0.0   0.0   0.08  0.0   0.0   0.0   0.0   0.0   0.0   0.37  0.15  0.0   0.0   0.03  0.0   0.0   0.0   0.03  0.0   0.34  
17    T     0.14  0.04  0.0   0.0   0.1   0.0   0.0   0.0   0.06  0.13  0.16  0.02  0.0   0.03  0.0   0.04  0.15  0.0   0.06  0.08  
18    E     0.23  0.08  0.05  0.07  0.0   0.13  0.21  0.03  0.0   0.0   0.01  0.03  0.0   0.0   0.03  0.04  0.08  0.0   0.0   0.0   
19    I     0.08  0.0   0.0   0.0   0.03  0.0   0.0   0.0   0.0   0.27  0.38  0.0   0.02  0.03  0.0   0.0   0.03  0.0   0.03  0.12  
20    Y     0.04  0.0   0.08  0.04  0.0   0.0   0.03  0.01  0.03  0.08  0.08  0.0   0.0   0.17  0.0   0.0   0.0   0.15  0.23  0.04  
21    R     0.1   0.14  0.38  0.0   0.03  0.0   0.08  0.01  0.02  0.0   0.01  0.03  0.0   0.03  0.0   0.09  0.03  0.0   0.0   0.03  
22    E     0.02  0.13  0.06  0.15  0.0   0.04  0.15  0.0   0.24  0.0   0.0   0.07  0.0   0.0   0.03  0.08  0.0   0.02  0.0   0.0   
23    S     0.22  0.0   0.0   0.0   0.07  0.0   0.03  0.0   0.16  0.0   0.08  0.0   0.0   0.0   0.0   0.17  0.07  0.04  0.15  0.0   
24    V     0.09  0.04  0.0   0.11  0.0   0.04  0.01  0.01  0.0   0.07  0.01  0.01  0.03  0.12  0.1   0.01  0.01  0.07  0.03  0.26  
25    L     0.06  0.13  0.04  0.06  0.0   0.01  0.26  0.03  0.0   0.01  0.2   0.01  0.0   0.01  0.04  0.04  0.04  0.0   0.0   0.06  
26    N     0.01  0.06  0.07  0.04  0.0   0.18  0.07  0.04  0.04  0.04  0.09  0.01  0.0   0.06  0.01  0.07  0.1   0.03  0.05  0.01  
27    G     0.01  0.14  0.04  0.01  0.0   0.05  0.09  0.16  0.05  0.03  0.02  0.01  0.0   0.01  0.01  0.05  0.2   0.0   0.04  0.08  
28    V     0.09  0.01  0.03  0.01  0.03  0.04  0.01  0.02  0.0   0.01  0.02  0.13  0.09  0.01  0.21  0.09  0.09  0.0   0.07  0.04  
29    A     0.19  0.04  0.01  0.01  0.07  0.01  0.04  0.08  0.01  0.06  0.16  0.01  0.09  0.04  0.01  0.08  0.01  0.0   0.01  0.08  
30    T     0.02  0.04  0.11  0.03  0.0   0.05  0.04  0.01  0.0   0.05  0.05  0.01  0.0   0.01  0.01  0.13  0.3   0.0   0.09  0.01  
31    Y     0.04  0.03  0.0   0.1   0.0   0.0   0.03  0.02  0.08  0.0   0.05  0.0   0.0   0.22  0.0   0.0   0.04  0.29  0.08  0.0   
32    E     0.05  0.03  0.14  0.19  0.0   0.12  0.12  0.04  0.0   0.03  0.04  0.0   0.0   0.08  0.04  0.0   0.04  0.0   0.03  0.03  
33    E     0.0   0.03  0.03  0.15  0.0   0.1   0.16  0.04  0.0   0.03  0.03  0.03  0.05  0.05  0.0   0.06  0.13  0.0   0.0   0.11  
34    T     0.0   0.09  0.0   0.04  0.0   0.1   0.22  0.0   0.02  0.03  0.09  0.07  0.0   0.04  0.04  0.06  0.05  0.0   0.03  0.13  
35    P     0.13  0.04  0.0   0.06  0.0   0.04  0.06  0.0   0.0   0.05  0.0   0.0   0.0   0.02  0.37  0.07  0.07  0.0   0.03  0.04  
36    P     0.04  0.06  0.02  0.03  0.0   0.06  0.03  0.0   0.06  0.07  0.16  0.0   0.04  0.04  0.05  0.08  0.03  0.03  0.07  0.1   
37    S     0.05  0.06  0.0   0.22  0.0   0.02  0.21  0.0   0.0   0.03  0.06  0.08  0.0   0.0   0.03  0.1   0.12  0.0   0.0   0.0   
38    E     0.12  0.01  0.0   0.02  0.0   0.04  0.21  0.04  0.0   0.04  0.1   0.05  0.05  0.0   0.13  0.08  0.02  0.0   0.07  0.0   
39    A     0.18  0.15  0.05  0.11  0.0   0.07  0.16  0.05  0.0   0.03  0.0   0.09  0.0   0.02  0.0   0.03  0.02  0.0   0.0   0.03  
40    E     0.02  0.08  0.12  0.15  0.0   0.06  0.27  0.03  0.03  0.0   0.1   0.05  0.0   0.0   0.0   0.05  0.02  0.01  0.0   0.0   
41    M     0.06  0.2   0.0   0.02  0.0   0.0   0.09  0.02  0.0   0.03  0.08  0.01  0.18  0.06  0.11  0.01  0.07  0.06  0.0   0.01  
42    A     0.14  0.18  0.0   0.0   0.0   0.08  0.15  0.01  0.02  0.08  0.07  0.03  0.08  0.0   0.0   0.03  0.03  0.05  0.0   0.03  
43    L     0.22  0.05  0.03  0.17  0.0   0.03  0.18  0.01  0.0   0.0   0.09  0.03  0.03  0.03  0.02  0.05  0.0   0.02  0.0   0.03  
44    R     0.02  0.07  0.0   0.19  0.02  0.03  0.04  0.04  0.0   0.0   0.03  0.05  0.0   0.15  0.0   0.0   0.06  0.29  0.0   0.0   
45    F     0.01  0.0   0.0   0.0   0.02  0.03  0.0   0.02  0.0   0.05  0.29  0.0   0.01  0.32  0.02  0.0   0.03  0.02  0.1   0.05  
46    S     0.07  0.07  0.02  0.19  0.0   0.04  0.19  0.07  0.02  0.0   0.0   0.07  0.0   0.02  0.0   0.15  0.02  0.0   0.0   0.05  
47    T     0.12  0.13  0.04  0.03  0.0   0.02  0.08  0.12  0.09  0.03  0.03  0.1   0.0   0.01  0.05  0.07  0.04  0.0   0.02  0.01  
48    I     0.03  0.17  0.04  0.07  0.0   0.03  0.04  0.01  0.05  0.04  0.23  0.05  0.0   0.04  0.1   0.05  0.01  0.0   0.01  0.03  
49    T     0.05  0.08  0.04  0.01  0.0   0.07  0.13  0.02  0.07  0.03  0.16  0.05  0.02  0.04  0.01  0.05  0.06  0.04  0.02  0.04  
50    G     0.06  0.04  0.07  0.21  0.0   0.04  0.16  0.08  0.06  0.01  0.11  0.03  0.0   0.03  0.02  0.01  0.02  0.0   0.01  0.04  
51    N     0.05  0.15  0.14  0.11  0.02  0.04  0.05  0.1   0.03  0.03  0.02  0.05  0.0   0.01  0.08  0.04  0.06  0.0   0.0   0.01  
52    G     0.05  0.03  0.0   0.07  0.0   0.03  0.04  0.2   0.05  0.01  0.01  0.01  0.0   0.03  0.32  0.1   0.01  0.0   0.0   0.04  
53    Y     0.16  0.07  0.03  0.02  0.0   0.0   0.1   0.03  0.05  0.03  0.05  0.01  0.0   0.09  0.0   0.06  0.01  0.02  0.2   0.05  
54    P     0.12  0.14  0.03  0.0   0.0   0.0   0.03  0.17  0.07  0.06  0.05  0.02  0.0   0.05  0.15  0.06  0.01  0.0   0.02  0.01  
55    Y     0.0   0.06  0.0   0.0   0.05  0.0   0.0   0.0   0.03  0.03  0.23  0.07  0.03  0.17  0.0   0.02  0.05  0.08  0.05  0.12  
56    V     0.02  0.04  0.03  0.0   0.0   0.03  0.0   0.04  0.0   0.03  0.39  0.0   0.05  0.16  0.02  0.06  0.0   0.05  0.07  0.02  
57    V     0.01  0.0   0.0   0.0   0.0   0.0   0.03  0.0   0.0   0.11  0.26  0.0   0.02  0.06  0.0   0.0   0.0   0.03  0.0   0.46  
58    A     0.52  0.0   0.0   0.0   0.0   0.0   0.02  0.04  0.05  0.05  0.0   0.02  0.03  0.02  0.0   0.05  0.03  0.0   0.0   0.17  
59    L     0.26  0.1   0.03  0.02  0.0   0.02  0.15  0.01  0.02  0.07  0.04  0.01  0.0   0.0   0.0   0.02  0.04  0.0   0.0   0.2   
60    D     0.02  0.04  0.03  0.28  0.04  0.01  0.39  0.01  0.0   0.0   0.0   0.05  0.0   0.03  0.01  0.04  0.02  0.0   0.02  0.01  
61    E     0.09  0.04  0.0   0.06  0.02  0.05  0.27  0.03  0.02  0.02  0.0   0.05  0.03  0.0   0.12  0.09  0.01  0.0   0.02  0.08  
62    R     0.08  0.04  0.13  0.27  0.0   0.08  0.09  0.07  0.03  0.0   0.0   0.02  0.0   0.0   0.02  0.06  0.09  0.0   0.0   0.0   
63    G     0.01  0.0   0.02  0.18  0.0   0.02  0.02  0.7   0.0   0.0   0.0   0.04  0.0   0.0   0.02  0.0   0.0   0.0   0.0   0.0   
64    A     0.03  0.11  0.05  0.05  0.0   0.12  0.31  0.0   0.03  0.0   0.03  0.07  0.0   0.03  0.01  0.05  0.07  0.0   0.0   0.03  
65    V     0.06  0.0   0.0   0.0   0.0   0.0   0.0   0.0   0.0   0.1   0.4   0.02  0.01  0.04  0.05  0.0   0.0   0.0   0.0   0.32  
66    I     0.11  0.01  0.02  0.0   0.0   0.0   0.0   0.0   0.0   0.23  0.24  0.0   0.01  0.02  0.0   0.0   0.02  0.0   0.0   0.35  
67    G     0.03  0.0   0.0   0.0   0.0   0.0   0.0   0.95  0.0   0.0   0.0   0.0   0.0   0.0   0.0   0.0   0.0   0.0   0.0   0.0   
68    Y     0.02  0.0   0.0   0.0   0.02  0.0   0.0   0.0   0.04  0.06  0.04  0.0   0.04  0.38  0.0   0.03  0.07  0.04  0.22  0.04  
69    A     0.27  0.01  0.01  0.02  0.08  0.04  0.01  0.03  0.07  0.1   0.04  0.01  0.03  0.02  0.01  0.01  0.05  0.0   0.0   0.2   
70    Y     0.09  0.01  0.02  0.01  0.02  0.08  0.05  0.09  0.04  0.03  0.05  0.03  0.06  0.01  0.01  0.2   0.06  0.08  0.07  0.01  
71    A     0.17  0.01  0.01  0.02  0.0   0.04  0.01  0.07  0.0   0.05  0.12  0.01  0.0   0.14  0.01  0.04  0.1   0.04  0.1   0.05  
72    S     0.02  0.04  0.07  0.01  0.02  0.02  0.07  0.19  0.05  0.01  0.06  0.07  0.0   0.03  0.05  0.2   0.07  0.0   0.01  0.01  
73    A     0.08  0.07  0.02  0.14  0.0   0.01  0.05  0.01  0.07  0.04  0.04  0.04  0.04  0.01  0.19  0.01  0.12  0.0   0.0   0.05  
74    F     0.02  0.01  0.0   0.02  0.02  0.0   0.03  0.01  0.08  0.1   0.13  0.01  0.02  0.13  0.01  0.01  0.04  0.21  0.07  0.11  
75    R     0.08  0.15  0.03  0.11  0.0   0.05  0.04  0.05  0.04  0.06  0.03  0.1   0.0   0.0   0.04  0.05  0.08  0.0   0.04  0.04  
76    N     0.05  0.05  0.03  0.04  0.0   0.09  0.08  0.14  0.02  0.03  0.02  0.1   0.0   0.0   0.22  0.1   0.01  0.0   0.0   0.03  
77    R     0.01  0.24  0.02  0.02  0.0   0.02  0.05  0.0   0.01  0.04  0.04  0.14  0.02  0.04  0.09  0.03  0.05  0.0   0.06  0.11  
78    T     0.06  0.01  0.17  0.1   0.0   0.03  0.08  0.05  0.06  0.03  0.01  0.01  0.0   0.01  0.2   0.09  0.08  0.0   0.0   0.02  
79    A     0.19  0.05  0.03  0.07  0.02  0.02  0.04  0.29  0.03  0.03  0.02  0.01  0.03  0.0   0.03  0.06  0.02  0.01  0.02  0.02  
80    Y     0.04  0.04  0.01  0.03  0.02  0.03  0.07  0.07  0.06  0.04  0.05  0.05  0.01  0.08  0.07  0.06  0.01  0.0   0.2   0.04  
81    R     0.11  0.22  0.06  0.12  0.02  0.03  0.07  0.03  0.08  0.04  0.01  0.02  0.0   0.0   0.06  0.05  0.01  0.0   0.0   0.05  
82    F     0.04  0.1   0.01  0.02  0.0   0.01  0.08  0.15  0.08  0.05  0.04  0.11  0.03  0.04  0.02  0.01  0.06  0.08  0.05  0.02  
83    L     0.01  0.1   0.0   0.0   0.03  0.07  0.05  0.06  0.02  0.04  0.1   0.03  0.0   0.03  0.03  0.11  0.19  0.0   0.06  0.06  
84    V     0.29  0.01  0.01  0.01  0.03  0.01  0.06  0.13  0.02  0.07  0.14  0.02  0.0   0.06  0.02  0.04  0.01  0.0   0.0   0.1   
85    E     0.02  0.03  0.03  0.03  0.0   0.07  0.45  0.06  0.0   0.08  0.09  0.01  0.02  0.01  0.01  0.04  0.01  0.0   0.01  0.03  
86    D     0.04  0.01  0.03  0.16  0.03  0.0   0.01  0.05  0.1   0.09  0.06  0.01  0.0   0.06  0.01  0.03  0.02  0.04  0.14  0.12  
87    S     0.12  0.08  0.04  0.03  0.0   0.09  0.11  0.12  0.02  0.01  0.04  0.01  0.0   0.0   0.01  0.09  0.07  0.0   0.12  0.04  
88    I     0.0   0.0   0.0   0.0   0.0   0.0   0.0   0.0   0.0   0.25  0.24  0.0   0.03  0.06  0.0   0.0   0.0   0.0   0.07  0.33  
89    Y     0.16  0.0   0.0   0.02  0.02  0.0   0.03  0.11  0.0   0.04  0.06  0.0   0.02  0.08  0.0   0.05  0.03  0.03  0.28  0.07  
90    L     0.0   0.0   0.0   0.0   0.02  0.0   0.0   0.0   0.0   0.21  0.1   0.0   0.0   0.0   0.0   0.0   0.02  0.0   0.0   0.66  
91    S     0.15  0.06  0.0   0.28  0.0   0.0   0.0   0.04  0.13  0.02  0.02  0.06  0.01  0.02  0.0   0.14  0.01  0.0   0.0   0.04  
92    P     0.0   0.02  0.0   0.04  0.0   0.0   0.12  0.0   0.01  0.0   0.0   0.0   0.0   0.0   0.74  0.07  0.0   0.0   0.0   0.0   
93    E     0.12  0.05  0.02  0.24  0.0   0.07  0.25  0.06  0.02  0.0   0.0   0.02  0.0   0.0   0.02  0.11  0.02  0.0   0.0   0.0   
94    A     0.25  0.04  0.0   0.0   0.05  0.02  0.02  0.0   0.22  0.0   0.0   0.0   0.0   0.12  0.0   0.02  0.01  0.03  0.18  0.03  
95    R     0.03  0.5   0.0   0.0   0.0   0.32  0.03  0.02  0.02  0.01  0.0   0.02  0.0   0.0   0.0   0.0   0.0   0.04  0.0   0.0   
96    G     0.0   0.09  0.02  0.0   0.01  0.0   0.0   0.79  0.0   0.0   0.0   0.03  0.0   0.0   0.02  0.02  0.02  0.0   0.0   0.0   
97    K     0.0   0.2   0.03  0.0   0.01  0.24  0.0   0.04  0.0   0.0   0.09  0.29  0.03  0.0   0.0   0.02  0.03  0.0   0.0   0.0   
98    G     0.0   0.02  0.0   0.0   0.0   0.03  0.0   0.9   0.0   0.0   0.0   0.03  0.0   0.0   0.0   0.02  0.0   0.0   0.0   0.0   
99    I     0.04  0.0   0.0   0.0   0.0   0.0   0.0   0.0   0.03  0.28  0.41  0.0   0.0   0.08  0.0   0.0   0.01  0.0   0.02  0.12  
100   G     0.26  0.0   0.0   0.03  0.0   0.0   0.0   0.69  0.0   0.03  0.0   0.0   0.0   0.0   0.0   0.0   0.0   0.0   0.0   0.0   
101   K     0.04  0.28  0.04  0.0   0.0   0.0   0.02  0.03  0.01  0.0   0.01  0.2   0.0   0.02  0.0   0.2   0.08  0.0   0.02  0.05  
102   A     0.39  0.08  0.02  0.0   0.02  0.08  0.06  0.0   0.02  0.0   0.06  0.06  0.02  0.0   0.02  0.01  0.07  0.0   0.03  0.05  
103   L     0.07  0.0   0.0   0.0   0.0   0.0   0.0   0.0   0.0   0.03  0.8   0.0   0.06  0.0   0.0   0.0   0.0   0.0   0.0   0.03  
104   L     0.04  0.0   0.0   0.0   0.0   0.0   0.0   0.03  0.0   0.13  0.33  0.0   0.06  0.02  0.0   0.0   0.17  0.0   0.08  0.14  
105   S     0.09  0.13  0.07  0.05  0.0   0.09  0.07  0.01  0.0   0.01  0.11  0.12  0.0   0.0   0.0   0.11  0.07  0.0   0.0   0.07  
106   E     0.3   0.08  0.02  0.0   0.0   0.0   0.09  0.0   0.12  0.02  0.02  0.12  0.03  0.0   0.0   0.04  0.08  0.0   0.02  0.06  
107   L     0.17  0.0   0.0   0.0   0.0   0.0   0.0   0.21  0.0   0.02  0.4   0.0   0.02  0.03  0.0   0.0   0.0   0.0   0.02  0.13  
108   V     0.08  0.0   0.0   0.0   0.0   0.0   0.06  0.0   0.0   0.28  0.43  0.02  0.02  0.03  0.0   0.01  0.0   0.0   0.0   0.05  
109   G     0.06  0.14  0.01  0.24  0.0   0.09  0.16  0.01  0.07  0.0   0.01  0.08  0.02  0.0   0.0   0.04  0.01  0.0   0.04  0.01  
110   R     0.03  0.1   0.0   0.0   0.0   0.02  0.09  0.08  0.14  0.01  0.03  0.04  0.03  0.14  0.0   0.03  0.03  0.02  0.13  0.07  
111   C     0.29  0.0   0.0   0.0   0.07  0.0   0.02  0.0   0.0   0.0   0.3   0.0   0.04  0.09  0.04  0.07  0.0   0.0   0.03  0.05  
112   T     0.15  0.23  0.0   0.04  0.0   0.02  0.11  0.04  0.0   0.04  0.09  0.07  0.0   0.0   0.07  0.02  0.09  0.0   0.0   0.01  
113   A     0.16  0.09  0.04  0.15  0.0   0.11  0.09  0.09  0.02  0.02  0.02  0.04  0.02  0.0   0.02  0.05  0.05  0.0   0.0   0.02  
114   L     0.04  0.18  0.06  0.0   0.02  0.14  0.04  0.04  0.06  0.04  0.23  0.08  0.0   0.0   0.0   0.03  0.02  0.0   0.0   0.0   
115   G     0.02  0.03  0.06  0.11  0.0   0.0   0.0   0.69  0.0   0.0   0.0   0.03  0.0   0.0   0.02  0.01  0.0   0.0   0.02  0.0   
116   F     0.07  0.02  0.0   0.0   0.12  0.0   0.0   0.02  0.02  0.06  0.29  0.07  0.0   0.11  0.0   0.01  0.0   0.02  0.09  0.09  
117   R     0.03  0.24  0.02  0.07  0.01  0.02  0.04  0.03  0.09  0.0   0.0   0.08  0.0   0.0   0.09  0.12  0.12  0.0   0.02  0.01  
118   Q     0.06  0.23  0.0   0.06  0.02  0.13  0.05  0.0   0.03  0.01  0.04  0.12  0.0   0.0   0.0   0.1   0.08  0.01  0.0   0.06  
119   M     0.07  0.03  0.0   0.0   0.0   0.0   0.0   0.0   0.0   0.15  0.22  0.0   0.11  0.08  0.0   0.02  0.0   0.0   0.0   0.3   
120   I     0.02  0.03  0.04  0.03  0.0   0.02  0.13  0.02  0.02  0.05  0.02  0.04  0.09  0.02  0.0   0.04  0.08  0.02  0.13  0.2   
121   A     0.2   0.0   0.0   0.0   0.03  0.0   0.0   0.0   0.0   0.05  0.49  0.0   0.0   0.02  0.0   0.05  0.09  0.05  0.0   0.02  
122   V     0.08  0.0   0.09  0.04  0.0   0.02  0.09  0.07  0.01  0.02  0.0   0.06  0.03  0.01  0.0   0.01  0.08  0.03  0.2   0.15  
123   I     0.0   0.0   0.0   0.03  0.03  0.0   0.0   0.0   0.03  0.16  0.0   0.0   0.0   0.0   0.0   0.0   0.17  0.0   0.0   0.58  
124   G     0.03  0.11  0.03  0.11  0.0   0.04  0.18  0.13  0.0   0.02  0.07  0.0   0.0   0.09  0.01  0.09  0.06  0.0   0.03  0.0   
125   G     0.14  0.02  0.02  0.11  0.0   0.06  0.13  0.12  0.02  0.01  0.07  0.02  0.0   0.0   0.08  0.07  0.05  0.0   0.0   0.09  
126   A     0.06  0.0   0.01  0.27  0.0   0.07  0.07  0.04  0.1   0.01  0.02  0.0   0.01  0.02  0.05  0.07  0.1   0.06  0.0   0.04  
127   H     0.0   0.0   0.88  0.0   0.0   0.05  0.0   0.0   0.01  0.0   0.02  0.0   0.0   0.0   0.0   0.03  0.0   0.0   0.0   0.0   
128   P     0.11  0.05  0.02  0.09  0.0   0.09  0.16  0.0   0.02  0.04  0.02  0.08  0.0   0.0   0.07  0.07  0.11  0.0   0.01  0.03  
129   S     0.36  0.1   0.0   0.0   0.0   0.06  0.0   0.05  0.01  0.0   0.0   0.09  0.01  0.0   0.23  0.03  0.01  0.0   0.0   0.03  
130   S     0.53  0.03  0.0   0.0   0.0   0.0   0.0   0.0   0.0   0.0   0.0   0.0   0.03  0.0   0.0   0.35  0.0   0.0   0.0   0.05  
131   I     0.02  0.07  0.05  0.0   0.0   0.02  0.0   0.0   0.05  0.37  0.12  0.0   0.05  0.0   0.0   0.0   0.02  0.03  0.0   0.21  
132   A     0.15  0.28  0.0   0.06  0.0   0.03  0.03  0.13  0.09  0.02  0.0   0.07  0.0   0.0   0.0   0.08  0.04  0.0   0.0   0.0   
133   L     0.04  0.0   0.0   0.0   0.0   0.0   0.0   0.0   0.0   0.02  0.64  0.0   0.09  0.06  0.0   0.0   0.03  0.0   0.03  0.1   
134   H     0.06  0.0   0.0   0.0   0.03  0.0   0.0   0.0   0.17  0.0   0.04  0.0   0.0   0.07  0.0   0.0   0.0   0.02  0.61  0.0   
135   R     0.04  0.11  0.02  0.03  0.03  0.14  0.32  0.0   0.01  0.0   0.08  0.15  0.0   0.0   0.0   0.0   0.07  0.0   0.01  0.0   
136   A     0.16  0.31  0.0   0.0   0.0   0.02  0.01  0.04  0.01  0.0   0.0   0.26  0.0   0.0   0.0   0.14  0.01  0.0   0.0   0.03  
137   L     0.06  0.0   0.05  0.0   0.03  0.0   0.0   0.0   0.01  0.0   0.52  0.0   0.11  0.1   0.0   0.01  0.0   0.0   0.04  0.05  
138   G     0.02  0.0   0.05  0.04  0.0   0.0   0.02  0.83  0.02  0.0   0.0   0.0   0.0   0.0   0.0   0.02  0.0   0.0   0.0   0.0   
139   F     0.0   0.02  0.0   0.0   0.0   0.0   0.0   0.0   0.0   0.0   0.04  0.0   0.03  0.79  0.0   0.0   0.0   0.0   0.09  0.0   
140   E     0.08  0.1   0.02  0.0   0.0   0.13  0.21  0.01  0.0   0.03  0.0   0.07  0.02  0.0   0.0   0.05  0.19  0.0   0.0   0.1   
141   L     0.04  0.18  0.0   0.0   0.0   0.04  0.14  0.0   0.05  0.07  0.09  0.11  0.02  0.03  0.07  0.0   0.03  0.0   0.0   0.12  
142   Q     0.12  0.03  0.02  0.0   0.02  0.06  0.2   0.05  0.02  0.03  0.0   0.01  0.0   0.04  0.0   0.03  0.13  0.13  0.01  0.09  
143   G     0.14  0.04  0.0   0.09  0.0   0.03  0.03  0.59  0.0   0.0   0.02  0.0   0.0   0.0   0.0   0.02  0.03  0.0   0.0   0.0   
144   L     0.02  0.0   0.0   0.0   0.04  0.16  0.11  0.0   0.04  0.09  0.13  0.0   0.04  0.0   0.0   0.03  0.23  0.0   0.0   0.11  
145   M     0.0   0.1   0.0   0.09  0.0   0.03  0.0   0.03  0.02  0.06  0.38  0.0   0.06  0.02  0.0   0.0   0.0   0.0   0.14  0.05  
146   K     0.05  0.31  0.0   0.03  0.0   0.0   0.0   0.06  0.0   0.0   0.01  0.26  0.03  0.0   0.1   0.01  0.0   0.0   0.0   0.11  
147   A     0.13  0.0   0.03  0.08  0.0   0.29  0.1   0.06  0.04  0.0   0.01  0.08  0.03  0.03  0.0   0.09  0.0   0.0   0.0   0.01  
148   T     0.17  0.0   0.04  0.01  0.0   0.0   0.07  0.01  0.0   0.07  0.01  0.01  0.0   0.07  0.01  0.01  0.03  0.0   0.27  0.22  
149   G     0.12  0.0   0.0   0.0   0.0   0.0   0.09  0.48  0.0   0.04  0.0   0.05  0.04  0.07  0.0   0.04  0.03  0.0   0.03  0.0   
150   F     0.0   0.23  0.0   0.0   0.0   0.07  0.07  0.0   0.0   0.0   0.09  0.04  0.0   0.23  0.06  0.05  0.06  0.0   0.07  0.02  
151   K     0.05  0.05  0.0   0.01  0.0   0.04  0.01  0.01  0.04  0.07  0.1   0.37  0.09  0.0   0.04  0.01  0.08  0.0   0.0   0.04  
152   H     0.01  0.01  0.25  0.04  0.0   0.0   0.04  0.04  0.09  0.01  0.01  0.13  0.0   0.26  0.01  0.01  0.04  0.0   0.0   0.06  
153   G     0.01  0.04  0.0   0.09  0.0   0.0   0.05  0.69  0.0   0.01  0.01  0.01  0.0   0.0   0.01  0.01  0.01  0.05  0.0   0.01  
154   R     0.09  0.33  0.03  0.0   0.0   0.05  0.09  0.29  0.0   0.0   0.01  0.04  0.0   0.0   0.0   0.0   0.04  0.0   0.0   0.0   
155   W     0.01  0.12  0.0   0.0   0.0   0.0   0.05  0.0   0.0   0.0   0.11  0.0   0.0   0.0   0.05  0.0   0.0   0.29  0.33  0.0   
156   L     0.01  0.0   0.0   0.06  0.0   0.04  0.05  0.01  0.11  0.08  0.11  0.0   0.0   0.0   0.05  0.06  0.0   0.11  0.13  0.16  
157   D     0.01  0.0   0.05  0.84  0.0   0.0   0.0   0.01  0.0   0.0   0.01  0.0   0.06  0.0   0.0   0.0   0.0   0.0   0.0   0.0   
158   T     0.15  0.0   0.0   0.0   0.0   0.0   0.0   0.01  0.0   0.07  0.18  0.0   0.06  0.0   0.0   0.01  0.17  0.0   0.0   0.33  
159   A     0.08  0.1   0.12  0.0   0.07  0.0   0.06  0.07  0.0   0.05  0.01  0.1   0.0   0.0   0.0   0.06  0.08  0.0   0.11  0.09  
160   F     0.06  0.05  0.0   0.0   0.0   0.0   0.0   0.01  0.0   0.15  0.15  0.0   0.0   0.25  0.0   0.01  0.0   0.08  0.11  0.12  
161   M     0.0   0.0   0.0   0.0   0.0   0.0   0.0   0.0   0.0   0.07  0.15  0.0   0.41  0.0   0.0   0.0   0.06  0.07  0.24  0.0   
162   Q     0.18  0.08  0.0   0.0   0.0   0.37  0.08  0.17  0.0   0.0   0.0   0.06  0.0   0.0   0.0   0.0   0.0   0.0   0.06  0.0   
163   R     0.0   0.5   0.0   0.0   0.0   0.0   0.07  0.0   0.0   0.0   0.32  0.05  0.0   0.0   0.0   0.0   0.07  0.0   0.0   0.0   
164   P     0.0   0.0   0.22  0.09  0.0   0.07  0.13  0.0   0.0   0.09  0.08  0.0   0.0   0.0   0.32  0.0   0.0   0.0   0.0   0.0   
165   L     0.0   0.0   0.0   0.0   0.0   0.0   0.0   0.0   0.0   0.19  0.71  0.0   0.0   0.1   0.0   0.0   0.0   0.0   0.0   0.0   
166   G     0.0   0.0   0.21  0.33  0.0   0.0   0.1   0.22  0.0   0.0   0.0   0.13  0.0   0.0   0.0   0.0   0.0   0.0   0.0   0.0   
167   E     0.31  0.0   0.0   0.0   0.0   0.0   0.32  0.0   0.0   0.0   0.0   0.0   0.0   0.0   0.18  0.2   0.0   0.0   0.0   0.0   
168   G     0.0   0.12  0.0   0.0   0.0   0.0   0.0   0.33  0.12  0.0   0.22  0.0   0.0   0.0   0.22  0.0   0.0   0.0   0.0   0.0   
169   T     0.56  0.0   0.0   0.16  0.0   0.0   0.0   0.0   0.0   0.0   0.0   0.0   0.0   0.0   0.0   0.0   0.28  0.0   0.0   0.0   
170   A     0.36  0.0   0.0   0.23  0.0   0.0   0.0   0.0   0.0   0.0   0.0   0.0   0.0   0.0   0.0   0.0   0.41  0.0   0.0   0.0   
171   T     0.0   0.0   0.0   0.0   0.0   0.0   0.0   0.0   0.0   0.0   0.28  0.27  0.0   0.0   0.0   0.0   0.45  0.0   0.0   0.0   
172   K     0.0   0.0   0.0   0.28  0.0   0.0   0.0   0.0   0.0   0.0   0.5   0.23  0.0   0.0   0.0   0.0   0.0   0.0   0.0   0.0   
173   P     0.0   0.0   0.0   0.0   0.0   0.0   0.0   0.0   0.0   0.28  0.0   0.0   0.0   0.0   0.72  0.0   0.0   0.0   0.0   0.0   
174   T     0.0   0.0   0.0   0.0   0.0   0.0   0.0   0.0   0.0   0.0   0.0   0.0   0.0   0.0   0.5   0.0   0.5   0.0   0.0   0.0   
175   E     0.0   0.0   0.0   0.0   0.0   0.0   1.0   0.0   0.0   0.0   0.0   0.0   0.0   0.0   0.0   0.0   0.0   0.0   0.0   0.0   
176   G     0.0   0.0   0.0   0.0   0.0   0.0   0.0   0.5   0.0   0.0   0.0   0.0   0.0   0.0   0.5   0.0   0.0   0.0   0.0   0.0   
177   V     0.0   0.0   0.0   0.0   0.0   0.0   0.0   0.0   0.0   0.0   0.0   0.0   0.0   0.0   0.0   0.0   0.0   0.0   0.0   1.0   
178   Y     0.0   0.0   0.0   0.0   0.0   0.0   0.0   0.0   0.0   0.0   0.5   0.0   0.0   0.0   0.0   0.0   0.0   0.0   0.5   0.0   
179   P     0.0   0.0   0.0   0.0   0.0   0.0   0.0   0.0   0.0   0.0   0.0   0.0   0.0   0.0   1.0   0.0   0.0   0.0   0.0   0.0   
180   D     0.0   0.0   0.0   0.5   0.0   0.0   0.5   0.0   0.0   0.0   0.0   0.0   0.0   0.0   0.0   0.0   0.0   0.0   0.0   0.0   
181   T     0.0   0.0   0.0   0.0   0.0   0.0   0.0   0.0   0.0   0.0   0.0   0.0   0.0   0.0   0.0   0.0   0.0   0.0   0.0   0.0   
182   L     0.0   0.0   0.0   0.0   0.0   0.0   0.0   0.0   0.0   0.0   0.0   0.0   0.0   0.0   0.0   0.0   0.0   0.0   0.0   0.0   
183   Y     0.0   0.0   0.0   0.0   0.0   0.0   0.0   0.0   0.0   0.0   0.0   0.0   0.0   0.0   0.0   0.0   0.0   0.0   0.0   0.0   
184   R     0.0   0.0   0.0   0.0   0.0   0.0   0.0   0.0   0.0   0.0   0.0   0.0   0.0   0.0   0.0   0.0   0.0   0.0   0.0   0.0   
185   S     0.0   0.0   0.0   0.0   0.0   0.0   0.0   0.0   0.0   0.0   0.0   0.0   0.0   0.0   0.0   0.0   0.0   0.0   0.0   0.0   
